5
-114.654160 ts77 dynamics sesquiterpene TS runpoint 1  runisomer  108
6 -0.0442495 0.6143380 0.0237820
1 -0.1611785 1.2479172 0.8241731
1 -0.2325111 1.0999676 -0.9702434
1 0.9161177 -0.0635657 0.0332118
8 -0.0276744 -0.7419129 -0.0107317
5
-114.644 ts77 dynamics sesquiterpene TS runpoint 2  runisomer  108
6 -0.0429316 0.628399 0.0257703
1 -0.153255 1.2045 0.793805
1 -0.25968 1.06407 -0.970464
1 0.976421 -0.0560953 0.0579834
8 -0.0312503 -0.747935 -0.0118568
5
-114.638     ts77     dynamics     sesquiterpene     TS     runpoint      3     runisomer      108
6 -0.0405303 0.6404003 0.0222674
1 -0.1558518 1.1894040 0.8144119
1 -0.2857831 1.0293874 -0.9636746
1 1.0405172 -0.0434441 0.0810763
8 -0.0352823 -0.7545988 -0.0124107
5
-114.637     ts77     dynamics     sesquiterpene     TS     runpoint      4     runisomer      108
6 -0.0361696 0.6490339 0.0139930
1 -0.1690840 1.2012921 0.8828445
1 -0.3113320 1.0007554 -0.9543410
1 1.0971783 -0.0195317 0.1012865
8 -0.0396796 -0.7615282 -0.0123778
5
-114.644     ts77     dynamics     sesquiterpene     TS     runpoint      5     runisomer      108
6 -0.0294663 0.6546272 0.0042823
1 -0.1886799 1.2211832 0.9673701
1 -0.3374913 0.9827884 -0.9485351
1 1.1403557 0.0218422 0.1173331
8 -0.0445473 -0.7684523 -0.0117964
5
-114.643     ts77     dynamics     sesquiterpene     TS     runpoint      6     runisomer      108
6 -0.0202397 0.6573793 -0.0039619
1 -0.2103233 1.2346705 1.0400351
1 -0.3650285 0.9783535 -0.9504061
1 1.1675262 0.0861305 0.1278769
8 -0.0500818 -0.7751378 -0.0107369
5
-114.641     ts77     dynamics     sesquiterpene     TS     runpoint      7     runisomer      108
6 -0.0085124 0.6572381 -0.0093694
1 -0.2312486 1.2355346 1.0860001
1 -0.3929202 0.9874435 -0.9587419
1 1.1778508 0.1769044 0.1315470
8 -0.0564554 -0.7813791 -0.0092833
5
-114.644     ts77     dynamics     sesquiterpene     TS     runpoint      8     runisomer      108
6 0.0054210 0.6543123 -0.0117407
1 -0.2499620 1.2219412 1.0992676
1 -0.4180956 1.0074130 -0.9673857
1 1.1712868 0.2948774 0.1270451
8 -0.0637286 -0.7870192 -0.0075116
5
-114.656     ts77     dynamics     sesquiterpene     TS     runpoint      9     runisomer      108
6 0.0209389 0.6490469 -0.0114518
1 -0.2658409 1.1939493 1.0787761
1 -0.4367354 1.0342130 -0.9688722
1 1.1497270 0.4371919 0.1134928
8 -0.0718376 -0.7919611 -0.0054911
5
-114.674     ts77     dynamics     sesquiterpene     TS     runpoint      10     runisomer      108
6 0.0369746 0.6421632 -0.0091202
1 -0.2790704 1.1527967 1.0271859
1 -0.4458739 1.0635569 -0.9576451
1 1.1201102 0.5973140 0.0909971
8 -0.0805932 -0.7961416 -0.0032806
5
-114.692     ts77     dynamics     sesquiterpene     TS     runpoint      11     runisomer      108
6 0.0520661 0.6343258 -0.0056091
1 -0.2910938 1.1013696 0.9521243
1 -0.4444659 1.0916082 -0.9314792
1 1.0956247 0.7672267 0.0609002
8 -0.0897030 -0.7994959 -0.0009389
5
-114.654160 ts77 dynamics sesquiterpene TS runpoint 1  runisomer  108
6 -0.0442495 0.6143380 0.0237820
1 -0.1611785 1.2479172 0.8241731
1 -0.2325111 1.0999676 -0.9702434
1 0.9161177 -0.0635657 0.0332118
8 -0.0276744 -0.7419129 -0.0107317
5
-114.644 ts77 dynamics sesquiterpene TS runpoint 2  runisomer  108
6 -0.0457602 0.60146 0.0183989
1 -0.175246 1.29866 0.878873
1 -0.204611 1.13299 -0.961204
1 0.875209 -0.0712611 0.00772681
8 -0.0248349 -0.737044 -0.00910355
5
-114.641     ts77     dynamics     sesquiterpene     TS     runpoint      3     runisomer      108
6 -0.0484893 0.5926795 0.0118295
1 -0.1913302 1.3368668 0.9331588
1 -0.1769591 1.1603224 -0.9438779
1 0.8675215 -0.0831461 -0.0180505
8 -0.0230318 -0.7338389 -0.0070634
5
-114.634     ts77     dynamics     sesquiterpene     TS     runpoint      4     runisomer      108
6 -0.0526905 0.5894269 0.0055499
1 -0.2070287 1.3523935 0.9735989
1 -0.1509087 1.1808663 -0.9209396
1 0.8958746 -0.1009044 -0.0441021
8 -0.0223184 -0.7325525 -0.0047028
5
-114.632     ts77     dynamics     sesquiterpene     TS     runpoint      5     runisomer      108
6 -0.0578553 0.5917671 0.0005727
1 -0.2211465 1.3418078 0.9940956
1 -0.1278431 1.1954167 -0.8970250
1 0.9491874 -0.1245051 -0.0700513
8 -0.0223664 -0.7330720 -0.0021317
5
-114.634     ts77     dynamics     sesquiterpene     TS     runpoint      6     runisomer      108
6 -0.0632197 0.5989903 -0.0023287
1 -0.2331473 1.3053169 0.9924237
1 -0.1087536 1.2063493 -0.8780201
1 1.0094705 -0.1539378 -0.0948260
8 -0.0225856 -0.7350269 0.0005143
5
-114.637     ts77     dynamics     sesquiterpene     TS     runpoint      7     runisomer      108
6 -0.0682648 0.6101143 -0.0026676
1 -0.2430104 1.2458587 0.9694061
1 -0.0939035 1.2164760 -0.8693950
1 1.0600837 -0.1905601 -0.1170767
8 -0.0223045 -0.7379580 0.0030768
5
-114.641     ts77     dynamics     sesquiterpene     TS     runpoint      8     runisomer      108
6 -0.0728847 0.6241027 -0.0005597
1 -0.2515917 1.1700602 0.9306729
1 -0.0827627 1.2273642 -0.8738024
1 1.0889059 -0.2380779 -0.1356316
8 -0.0208170 -0.7413700 0.0053824
5
-114.646     ts77     dynamics     sesquiterpene     TS     runpoint      9     runisomer      108
6 -0.0772813 0.6397734 0.0027796
1 -0.2616556 1.0903292 0.8910908
1 -0.0742923 1.2383382 -0.8894161
1 1.0881420 -0.3028996 -0.1496757
8 -0.0173710 -0.7447108 0.0072384
5
-114.651     ts77     dynamics     sesquiterpene     TS     runpoint      10     runisomer      108
6 -0.0816283 0.6556355 0.0048533
1 -0.2790038 1.0243729 0.8774939
1 -0.0674659 1.2472353 -0.9106139
1 1.0540319 -0.3923025 -0.1588415
8 -0.0112978 -0.7473847 0.0084515
5
-114.661     ts77     dynamics     sesquiterpene     TS     runpoint      11     runisomer      108
6 -0.0859389 0.6705173 0.0034461
1 -0.3096717 0.9845886 0.9122581
1 -0.0617461 1.2521132 -0.9307556
1 0.9884143 -0.5102722 -0.1635001
8 -0.0023578 -0.7489184 0.0088789
5
-114.684     ts77     dynamics     sesquiterpene     TS     runpoint      12     runisomer      108
6 -0.0904608 0.6843022 -0.0006778
1 -0.3523246 0.9675175 0.9834036
1 -0.0571432 1.2523727 -0.9450764
1 0.9069005 -0.6532229 -0.1663418
8 0.0085672 -0.7491949 0.0085706
5
-114.698     ts77     dynamics     sesquiterpene     TS     runpoint      13     runisomer      108
6 -0.0955240 0.6970213 -0.0049169
1 -0.3996121 0.9637828 1.0584914
1 -0.0539436 1.2488734 -0.9517574
1 0.8558235 -0.8115001 -0.1765912
8 0.0183606 -0.7483101 0.0080863
5
-114.69     ts77     dynamics     sesquiterpene     TS     runpoint      14     runisomer      108
6 -0.1010900 0.7081956 -0.0072794
1 -0.4449164 0.9670818 1.1130531
1 -0.0524462 1.2435862 -0.9515242
1 0.8802324 -0.9849571 -0.2055648
8 0.0237583 -0.7456405 0.0082306
5
-114.696     ts77     dynamics     sesquiterpene     TS     runpoint      15     runisomer      108
6 -0.1068940 0.7172553 -0.0067741
1 -0.4841336 0.9739979 1.1349875
1 -0.0528079 1.2390713 -0.9467657
1 0.9323170 -1.1647314 -0.2439367
8 0.0273234 -0.7412632 0.0085880
5
-114.687     ts77     dynamics     sesquiterpene     TS     runpoint      16     runisomer      108
6 -0.1126844 0.7238068 -0.0030723
1 -0.5150002 0.9825426 1.1202582
1 -0.0550090 1.2376715 -0.9403102
1 0.9629619 -1.3256373 -0.2789186
8 0.0318183 -0.7364918 0.0085363
5
-114.667     ts77     dynamics     sesquiterpene     TS     runpoint      17     runisomer      108
6 -0.1182364 0.7276220 0.0036346
1 -0.5366697 0.9915130 1.0703068
1 -0.0589153 1.2406984 -0.9340317
1 0.9586055 -1.4509928 -0.3055620
8 0.0378681 -0.7322132 0.0079348
5
-114.653     ts77     dynamics     sesquiterpene     TS     runpoint      18     runisomer      108
6 -0.1232418 0.7285894 0.0125101
1 -0.5503947 1.0006512 0.9927221
1 -0.0643482 1.2479231 -0.9280070
1 0.9201971 -1.5330542 -0.3228042
8 0.0452495 -0.7288008 0.0068722
5
-114.649     ts77     dynamics     sesquiterpene     TS     runpoint      19     runisomer      108
6 -0.1270866 0.7266182 0.0218010
1 -0.5617379 1.0117137 0.9045893
1 -0.0710614 1.2576891 -0.9208299
1 0.8514671 -1.5675010 -0.3305622
8 0.0536017 -0.7264665 0.0054913
5
-114.65     ts77     dynamics     sesquiterpene     TS     runpoint      20     runisomer      108
6 -0.1286363 0.7214418 0.0288235
1 -0.5830824 1.0299604 0.8339186
1 -0.0786307 1.2675919 -0.9109764
1 0.7558263 -1.5507998 -0.3289334
8 0.0626115 -0.7254124 0.0039515
5
-114.657     ts77     dynamics     sesquiterpene     TS     runpoint      21     runisomer      108
6 -0.1267151 0.7126913 0.0313630
1 -0.6283273 1.0612750 0.8048725
1 -0.0863338 1.2753775 -0.8983436
1 0.6389433 -1.4834820 -0.3194559
8 0.0718716 -0.7255545 0.0024849
5
-114.676     ts77     dynamics     sesquiterpene     TS     runpoint      22     runisomer      108
6 -0.1215382 0.7006747 0.0299536
1 -0.6961530 1.1017104 0.8118426
1 -0.0931789 1.2795885 -0.8848684
1 0.5196757 -1.3861328 -0.3117232
8 0.0802084 -0.7254899 0.0017677
5
-114.671     ts77     dynamics     sesquiterpene     TS     runpoint      23     runisomer      108
6 -0.1146301 0.6864336 0.0268926
1 -0.7704364 1.1381693 0.8301578
1 -0.0981908 1.2796779 -0.8735648
1 0.4500285 -1.3357927 -0.3435128
8 0.0844103 -0.7202832 0.0042031
5
-114.647     ts77     dynamics     sesquiterpene     TS     runpoint      24     runisomer      108
6 -0.1074391 0.6711331 0.0239284
1 -0.8361219 1.1596497 0.8411118
1 -0.1007245 1.2758222 -0.8670368
1 0.4587435 -1.3910184 -0.4551185
8 0.0827644 -0.7064369 0.0123595
