5
-114.654160 ts77 dynamics sesquiterpene TS runpoint 1  runisomer  237
6 -0.0396070 0.6338801 -0.0179309
1 -0.1759678 1.0434374 1.0185414
1 -0.2907076 1.0410360 -0.9082069
1 1.0489097 -0.0956197 0.1316477
8 -0.0349265 -0.7379562 -0.0017939
5
-114.64 ts77 dynamics sesquiterpene TS runpoint 2  runisomer  237
6 -0.0429047 0.628872 -0.015821
1 -0.154699 1.05829 0.999664
1 -0.249075 0.991342 -0.871141
1 1.01851 -0.0584977 0.11615
8 -0.0345001 -0.734343 -0.00354657
5
-114.631     ts77     dynamics     sesquiterpene     TS     runpoint      3     runisomer      237
6 -0.0438487 0.6215505 -0.0078556
1 -0.1376357 1.0784948 0.9705461
1 -0.2236495 0.9769914 -0.8910204
1 0.9826709 -0.0147042 0.0968377
8 -0.0342105 -0.7319785 -0.0052192
5
-114.637     ts77     dynamics     sesquiterpene     TS     runpoint      4     runisomer      237
6 -0.0428127 0.6125141 0.0042537
1 -0.1266034 1.1055568 0.9386583
1 -0.2108947 0.9937663 -0.9575098
1 0.9521813 0.0385211 0.0747544
8 -0.0345664 -0.7313154 -0.0067145
5
-114.648     ts77     dynamics     sesquiterpene     TS     runpoint      5     runisomer      237
6 -0.0406669 0.6031821 0.0163741
1 -0.1234229 1.1413998 0.9128349
1 -0.2033478 1.0258169 -1.0327848
1 0.9402565 0.1040276 0.0508410
8 -0.0361007 -0.7327194 -0.0079319
5
-114.648     ts77     dynamics     sesquiterpene     TS     runpoint      6     runisomer      237
6 -0.0380318 0.5945391 0.0256655
1 -0.1294741 1.1861720 0.8981364
1 -0.1971549 1.0609616 -1.0901670
1 0.9584254 0.1845038 0.0255025
8 -0.0392322 -0.7363407 -0.0087655
5
-114.649     ts77     dynamics     sesquiterpene     TS     runpoint      7     runisomer      237
6 -0.0349765 0.5870732 0.0311678
1 -0.1452132 1.2359274 0.8928062
1 -0.1914887 1.0922730 -1.1180374
1 1.0096650 0.2823938 -0.0011889
8 -0.0441187 -0.7420158 -0.0091210
5
-114.656     ts77     dynamics     sesquiterpene     TS     runpoint      8     runisomer      237
6 -0.0308423 0.5810586 0.0329721
1 -0.1699594 1.2831926 0.8906989
1 -0.1868607 1.1157062 -1.1131047
1 1.0838627 0.3986133 -0.0285555
8 -0.0506297 -0.7492818 -0.0089291
5
-114.667     ts77     dynamics     sesquiterpene     TS     runpoint      9     runisomer      237
6 -0.0245959 0.5768425 0.0314869
1 -0.2020469 1.3198651 0.8856992
1 -0.1841770 1.1285868 -1.0763165
1 1.1627783 0.5299767 -0.0548020
8 -0.0584369 -0.7575184 -0.0081650
5
-114.674     ts77     dynamics     sesquiterpene     TS     runpoint      10     runisomer      237
6 -0.0154782 0.5748711 0.0272247
1 -0.2391918 1.3395601 0.8741314
1 -0.1843541 1.1293147 -1.0119792
1 1.2299445 0.6693071 -0.0777073
8 -0.0671593 -0.7661041 -0.0068500
5
-114.678     ts77     dynamics     sesquiterpene     TS     runpoint      11     runisomer      237
6 -0.0032286 0.5754198 0.0209696
1 -0.2789117 1.3385288 0.8551742
1 -0.1884914 1.1183493 -0.9293802
1 1.2754399 0.8082339 -0.0955130
8 -0.0764531 -0.7745130 -0.0050458
5
-114.677     ts77     dynamics     sesquiterpene     TS     runpoint      12     runisomer      237
6 0.0121401 0.5782478 0.0141148
1 -0.3189690 1.3158038 0.8305880
1 -0.1989002 1.1007223 -0.8463621
1 1.2949326 0.9392343 -0.1072112
8 -0.0860330 -0.7823456 -0.0028482
5
-114.669     ts77     dynamics     sesquiterpene     TS     runpoint      13     runisomer      237
6 0.0307431 0.5823930 0.0087983
1 -0.3578977 1.2731826 0.8043172
1 -0.2208520 1.0881294 -0.7907257
1 1.2871267 1.0560546 -0.1124657
8 -0.0956630 -0.7893371 -0.0003786
5
-114.66     ts77     dynamics     sesquiterpene     TS     runpoint      14     runisomer      237
6 0.0529507 0.5868032 0.0068008
1 -0.3957848 1.2150611 0.7816417
1 -0.2613801 1.0916611 -0.7862382
1 1.2519448 1.1534803 -0.1115553
8 -0.1051676 -0.7953442 0.0022071
5
-114.663     ts77     dynamics     sesquiterpene     TS     runpoint      15     runisomer      237
6 0.0787661 0.5917893 0.0068846
1 -0.4340428 1.1465528 0.7680344
1 -0.3227294 1.1063357 -0.8254858
1 1.1917600 1.2274984 -0.1024973
8 -0.1144684 -0.8003562 0.0049032
5
-114.675     ts77     dynamics     sesquiterpene     TS     runpoint      16     runisomer      237
6 0.1068132 0.5982052 0.0070233
1 -0.4753453 1.0741258 0.7665505
1 -0.3943252 1.1172468 -0.8828298
1 1.1108002 1.2740169 -0.0869693
8 -0.1232962 -0.8042242 0.0075269
5
-114.681     ts77     dynamics     sesquiterpene     TS     runpoint      17     runisomer      237
6 0.1349989 0.6065204 0.0055561
1 -0.5199423 1.0015455 0.7761793
1 -0.4652297 1.1142804 -0.9358428
1 1.0186117 1.2922590 -0.0654236
8 -0.1313566 -0.8068512 0.0100029
5
-114.676     ts77     dynamics     sesquiterpene     TS     runpoint      18     runisomer      237
6 0.1603195 0.6162057 0.0020471
1 -0.5638887 0.9298880 0.7916672
1 -0.5266690 1.0950564 -0.9724698
1 0.9330495 1.2893099 -0.0391655
8 -0.1383231 -0.8082050 0.0123122
5
-114.654160 ts77 dynamics sesquiterpene TS runpoint 1  runisomer  237
6 -0.0396070 0.6338801 -0.0179309
1 -0.1759678 1.0434374 1.0185414
1 -0.2907076 1.0410360 -0.9082069
1 1.0489097 -0.0956197 0.1316477
8 -0.0349265 -0.7379562 -0.0017939
5
-114.64 ts77 dynamics sesquiterpene TS runpoint 2  runisomer  237
6 -0.0346642 0.637557 -0.0164514
1 -0.199882 1.03334 1.02348
1 -0.340881 1.11043 -0.969485
1 1.06663 -0.128633 0.1426
8 -0.035083 -0.742371 -4.37124e-05
5
-114.643     ts77     dynamics     sesquiterpene     TS     runpoint      3     runisomer      237
6 -0.0291183 0.6410916 -0.0140171
1 -0.2252562 1.0281074 1.0142782
1 -0.3893476 1.1813347 -1.0220579
1 1.0673901 -0.1604383 0.1486900
8 -0.0346387 -0.7471562 0.0016388
5
-114.637     ts77     dynamics     sesquiterpene     TS     runpoint      4     runisomer      237
6 -0.0238373 0.6451873 -0.0121770
1 -0.2513211 1.0282956 0.9936362
1 -0.4294660 1.2421780 -1.0496423
1 1.0492840 -0.1951046 0.1500154
8 -0.0332894 -0.7518890 0.0032143
5
-114.633     ts77     dynamics     sesquiterpene     TS     runpoint      5     runisomer      237
6 -0.0195739 0.6502470 -0.0118220
1 -0.2777158 1.0347431 0.9665105
1 -0.4577378 1.2866465 -1.0468540
1 1.0125438 -0.2385516 0.1471262
8 -0.0307268 -0.7561554 0.0046634
5
-114.636     ts77     dynamics     sesquiterpene     TS     runpoint      6     runisomer      237
6 -0.0170832 0.6566318 -0.0135532
1 -0.3043311 1.0481993 0.9390070
1 -0.4724176 1.3112573 -1.0136183
1 0.9600745 -0.2986484 0.1411578
8 -0.0266869 -0.7595562 0.0059765
5
-114.647     ts77     dynamics     sesquiterpene     TS     runpoint      7     runisomer      237
6 -0.0170962 0.6647309 -0.0176707
1 -0.3308620 1.0686962 0.9165513
1 -0.4729371 1.3143362 -0.9531441
1 0.8996639 -0.3833173 0.1341401
8 -0.0211654 -0.7617815 0.0071134
5
-114.663     ts77     dynamics     sesquiterpene     TS     runpoint      8     runisomer      237
6 -0.0200695 0.6747285 -0.0239027
1 -0.3562290 1.0948782 0.9021098
1 -0.4603988 1.2966405 -0.8727215
1 0.8504062 -0.4946380 0.1297364
8 -0.0150207 -0.7628023 0.0079081
5
-114.674     ts77     dynamics     sesquiterpene     TS     runpoint      9     runisomer      237
6 -0.0257413 0.6860369 -0.0309914
1 -0.3784273 1.1238966 0.8956935
1 -0.4397325 1.2642243 -0.7873587
1 0.8490070 -0.6246985 0.1338998
8 -0.0105808 -0.7628751 0.0079887
5
-114.68     ts77     dynamics     sesquiterpene     TS     runpoint      10     runisomer      237
6 -0.0327503 0.6967791 -0.0363016
1 -0.3951218 1.1521183 0.8953120
1 -0.4235734 1.2334225 -0.7252792
1 0.9133967 -0.7692465 0.1496074
8 -0.0093450 -0.7616622 0.0070961
5
-114.685     ts77     dynamics     sesquiterpene     TS     runpoint      11     runisomer      237
6 -0.0390456 0.7044045 -0.0364967
1 -0.4044663 1.1762005 0.8983092
1 -0.4303754 1.2278551 -0.7221459
1 0.9965890 -0.9262696 0.1696152
8 -0.0088453 -0.7586540 0.0055948
5
-114.684     ts77     dynamics     sesquiterpene     TS     runpoint      12     runisomer      237
6 -0.0438890 0.7083374 -0.0308454
1 -0.4056146 1.1938620 0.9023147
1 -0.4632377 1.2500629 -0.7835510
1 1.0529506 -1.0815669 0.1860916
8 -0.0066188 -0.7543292 0.0039331
5
-114.685     ts77     dynamics     sesquiterpene     TS     runpoint      13     runisomer      237
6 -0.0483243 0.7103025 -0.0220231
1 -0.3988767 1.2041445 0.9057830
1 -0.5045807 1.2766276 -0.8761952
1 1.0655204 -1.2199010 0.1955332
8 -0.0019022 -0.7494071 0.0023384
5
-114.675     ts77     dynamics     sesquiterpene     TS     runpoint      14     runisomer      237
6 -0.0532334 0.7116044 -0.0127598
1 -0.3855881 1.2074601 0.9083535
1 -0.5389531 1.2890025 -0.9677902
1 1.0325930 -1.3303039 0.1970643
8 0.0051856 -0.7444131 0.0009009
5
-114.661     ts77     dynamics     sesquiterpene     TS     runpoint      15     runisomer      237
6 -0.0587928 0.7125366 -0.0047383
1 -0.3678388 1.2053975 0.9110813
1 -0.5593119 1.2802078 -1.0400178
1 0.9577982 -1.4051117 0.1909078
8 0.0142363 -0.7397127 -0.0003505
5
-114.655     ts77     dynamics     sesquiterpene     TS     runpoint      16     runisomer      237
6 -0.0647897 0.7129092 0.0010493
1 -0.3480142 1.2001824 0.9160224
1 -0.5635367 1.2493742 -1.0836850
1 0.8471243 -1.4389926 0.1779293
8 0.0247269 -0.7355838 -0.0014357
5
-114.66     ts77     dynamics     sesquiterpene     TS     runpoint      17     runisomer      237
6 -0.0709191 0.7123842 0.0040179
1 -0.3281694 1.1938332 0.9250539
1 -0.5516923 1.1981346 -1.0942008
1 0.7115385 -1.4317760 0.1603017
8 0.0358730 -0.7320146 -0.0024605
5
-114.67     ts77     dynamics     sesquiterpene     TS     runpoint      18     runisomer      237
6 -0.0769531 0.7105848 0.0039755
1 -0.3094662 1.1873774 0.9384052
1 -0.5250185 1.1295714 -1.0699843
1 0.5765858 -1.4012133 0.1441739
8 0.0460456 -0.7278627 -0.0037817
5
-114.666     ts77     dynamics     sesquiterpene     TS     runpoint      19     runisomer      237
6 -0.0827254 0.7071063 0.0012961
1 -0.2920406 1.1806532 0.9538995
1 -0.4863356 1.0487268 -1.0138105
1 0.4912526 -1.4057800 0.1440755
8 0.0522200 -0.7194467 -0.0062825
5
-114.659     ts77     dynamics     sesquiterpene     TS     runpoint      20     runisomer      237
6 -0.0878739 0.7015417 -0.0026476
1 -0.2754637 1.1730162 0.9675710
1 -0.4421386 0.9643603 -0.9383156
1 0.4744901 -1.4875623 0.1707261
8 0.0533119 -0.7043218 -0.0106238
5
-114.677     ts77     dynamics     sesquiterpene     TS     runpoint      21     runisomer      237
6 -0.0914516 0.6934741 -0.0047721
1 -0.2594103 1.1643190 0.9752809
1 -0.4060034 0.8906091 -0.8758091
1 0.4810051 -1.5827834 0.2116274
8 0.0522992 -0.6870738 -0.0160344
5
-114.658     ts77     dynamics     sesquiterpene     TS     runpoint      22     runisomer      237
6 -0.0920937 0.6826260 -0.0008510
1 -0.2440768 1.1553395 0.9746238
1 -0.3959565 0.8425040 -0.8737440
1 0.4841418 -1.6413724 0.2557450
8 0.0509852 -0.6716466 -0.0218463
5
-114.641     ts77     dynamics     sesquiterpene     TS     runpoint      23     runisomer      237
6 -0.0896845 0.6697302 0.0096165
1 -0.2303119 1.1479158 0.9667502
1 -0.4144114 0.8228215 -0.9389438
1 0.4766863 -1.6465545 0.2987071
8 0.0499436 -0.6599377 -0.0278036
5
-114.651     ts77     dynamics     sesquiterpene     TS     runpoint      24     runisomer      237
6 -0.0855866 0.6561879 0.0224435
1 -0.2194037 1.1447117 0.9564789
1 -0.4457201 0.8241862 -1.0261884
1 0.4575655 -1.5957066 0.3389237
8 0.0493605 -0.6528667 -0.0338184
5
-114.661     ts77     dynamics     sesquiterpene     TS     runpoint      25     runisomer      237
6 -0.0809552 0.6431256 0.0339514
1 -0.2125889 1.1482259 0.9497040
1 -0.4768481 0.8399461 -1.0976116
1 0.4278743 -1.4936574 0.3762896
8 0.0492901 -0.6507124 -0.0398795
5
-114.669     ts77     dynamics     sesquiterpene     TS     runpoint      26     runisomer      237
6 -0.0764316 0.6313716 0.0423216
1 -0.2104840 1.1591804 0.9499584
1 -0.5013856 0.8655880 -1.1357561
1 0.3938363 -1.3585455 0.4161675
8 0.0494558 -0.6527126 -0.0462870
5
-114.669     ts77     dynamics     sesquiterpene     TS     runpoint      27     runisomer      237
6 -0.0724261 0.6217111 0.0469808
1 -0.2127768 1.1753697 0.9564294
1 -0.5163531 0.8975432 -1.1343828
1 0.3739397 -1.2331577 0.4821960
8 0.0487929 -0.6563994 -0.0544384
