5
-114.654160 ts77 dynamics sesquiterpene TS runpoint 1  runisomer  171
6 -0.0410548 0.6189062 0.0055206
1 -0.2594873 1.2173322 0.8762996
1 -0.1711161 1.1208072 -0.8499272
1 0.9353131 -0.0701611 -0.0761662
8 -0.0289546 -0.7443106 -0.0010048
5
-114.645 ts77 dynamics sesquiterpene TS runpoint 2  runisomer  171
6 -0.0361072 0.614701 0.00910336
1 -0.26763 1.12924 0.833161
1 -0.17128 1.1181 -0.872109
1 0.908328 -0.0437128 -0.097452
8 -0.0304429 -0.737101 0.00176426
5
-114.64     ts77     dynamics     sesquiterpene     TS     runpoint      3     runisomer      171
6 -0.0308104 0.6100118 0.0116781
1 -0.2839489 1.0579492 0.8245945
1 -0.1773464 1.1266083 -0.9184974
1 0.9045883 -0.0161471 -0.1178773
8 -0.0327700 -0.7313634 0.0045811
5
-114.635     ts77     dynamics     sesquiterpene     TS     runpoint      4     runisomer      171
6 -0.0249991 0.6048874 0.0102794
1 -0.3145661 1.0162112 0.8681819
1 -0.1871303 1.1379539 -0.9699130
1 0.9289907 0.0153546 -0.1374804
8 -0.0361207 -0.7275872 0.0073580
5
-114.641     ts77     dynamics     sesquiterpene     TS     runpoint      5     runisomer      171
6 -0.0188756 0.6003170 0.0052222
1 -0.3545447 0.9972650 0.9455777
1 -0.1991725 1.1460834 -1.0111332
1 0.9793268 0.0566708 -0.1551753
8 -0.0406082 -0.7260792 0.0099863
5
-114.649     ts77     dynamics     sesquiterpene     TS     runpoint      6     runisomer      171
6 -0.0126285 0.5969739 -0.0015658
1 -0.3929061 0.9893596 1.0245210
1 -0.2128133 1.1479459 -1.0335113
1 1.0476969 0.1156695 -0.1688695
8 -0.0463260 -0.7269065 0.0123757
5
-114.65     ts77     dynamics     sesquiterpene     TS     runpoint      7     runisomer      171
6 -0.0060189 0.5947045 -0.0086941
1 -0.4214519 0.9859923 1.0835038
1 -0.2278224 1.1425593 -1.0335098
1 1.1235856 0.1986829 -0.1762690
8 -0.0533223 -0.7298826 0.0144720
5
-114.651     ts77     dynamics     sesquiterpene     TS     runpoint      8     runisomer      171
6 0.0013919 0.5930638 -0.0153785
1 -0.4359353 0.9845698 1.1124654
1 -0.2443043 1.1303580 -1.0115198
1 1.1960728 0.3072016 -0.1755611
8 -0.0614978 -0.7346303 0.0162306
5
-114.656     ts77     dynamics     sesquiterpene     TS     runpoint      9     runisomer      171
6 0.0100301 0.5917226 -0.0209861
1 -0.4346365 0.9840324 1.1077766
1 -0.2629365 1.1131664 -0.9717954
1 1.2550129 0.4376687 -0.1657226
8 -0.0705999 -0.7407259 0.0176088
5
-114.665     ts77     dynamics     sesquiterpene     TS     runpoint      10     runisomer      171
6 0.0202967 0.5905274 -0.0247617
1 -0.4173738 0.9838037 1.0695035
1 -0.2854136 1.0945478 -0.9229609
1 1.2920903 0.5833634 -0.1466554
8 -0.0803101 -0.7478202 0.0185738
5
-114.676     ts77     dynamics     sesquiterpene     TS     runpoint      11     runisomer      171
6 0.0326270 0.5894195 -0.0259146
1 -0.3854259 0.9836388 1.0013994
1 -0.3147232 1.0796511 -0.8773586
1 1.3016136 0.7361364 -0.1192118
8 -0.0903264 -0.7556649 0.0191262
5
-114.686     ts77     dynamics     sesquiterpene     TS     runpoint      12     runisomer      171
6 0.0475087 0.5884413 -0.0242750
1 -0.3425931 0.9841597 0.9135571
1 -0.3541797 1.0730495 -0.8465129
1 1.2809369 0.8874706 -0.0850346
8 -0.1003999 -0.7640815 0.0193316
5
-114.693     ts77     dynamics     sesquiterpene     TS     runpoint      13     runisomer      171
6 0.0656269 0.5877672 -0.0214272
1 -0.2982273 0.9888141 0.8271610
1 -0.4052701 1.0748098 -0.8333980
1 1.2305030 1.0292906 -0.0460855
8 -0.1103903 -0.7729158 0.0193572
5
-114.686     ts77     dynamics     sesquiterpene     TS     runpoint      14     runisomer      171
6 0.0868626 0.5873803 -0.0190973
1 -0.2672066 1.0106337 0.7715188
1 -0.4614325 1.0775674 -0.8347305
1 1.1556397 1.1535972 -0.0099468
8 -0.1200192 -0.7820064 0.0189205
5
-114.674     ts77     dynamics     sesquiterpene     TS     runpoint      15     runisomer      171
6 0.1103280 0.5873052 -0.0199223
1 -0.2610290 1.0565244 0.7699694
1 -0.5144874 1.0752536 -0.8415887
1 1.0660389 1.2544702 0.0198539
8 -0.1290223 -0.7910509 0.0181914
5
-114.669     ts77     dynamics     sesquiterpene     TS     runpoint      16     runisomer      171
6 0.1338119 0.5884716 -0.0234156
1 -0.2770929 1.1164536 0.8107636
1 -0.5572983 1.0633490 -0.8465129
1 0.9748945 1.3300663 0.0399499
8 -0.1371859 -0.7997151 0.0172846
5
-114.654160 ts77 dynamics sesquiterpene TS runpoint 1  runisomer  171
6 -0.0410548 0.6189062 0.0055206
1 -0.2594873 1.2173322 0.8762996
1 -0.1711161 1.1208072 -0.8499272
1 0.9353131 -0.0701611 -0.0761662
8 -0.0289546 -0.7443106 -0.0010048
5
-114.645 ts77 dynamics sesquiterpene TS runpoint 2  runisomer  171
6 -0.0456796 0.623196 0.00408026
1 -0.252188 1.30172 0.926063
1 -0.178172 1.1396 -0.862909
1 0.975311 -0.0962627 -0.0535602
8 -0.0280203 -0.752386 -0.00366612
5
-114.644     ts77     dynamics     sesquiterpene     TS     runpoint      3     runisomer      171
6 -0.0498400 0.6283648 0.0055166
1 -0.2423819 1.3681985 0.9647642
1 -0.1911925 1.1694767 -0.9030948
1 1.0166106 -0.1221908 -0.0294858
8 -0.0272982 -0.7607013 -0.0061674
5
-114.639     ts77     dynamics     sesquiterpene     TS     runpoint      4     runisomer      171
6 -0.0534469 0.6352186 0.0088999
1 -0.2293612 1.4095464 0.9842196
1 -0.2072738 1.1996315 -0.9517368
1 1.0490840 -0.1485599 -0.0043139
8 -0.0264445 -0.7686860 -0.0084516
5
-114.631     ts77     dynamics     sesquiterpene     TS     runpoint      5     runisomer      171
6 -0.0565354 0.6442544 0.0130813
1 -0.2134918 1.4227532 0.9814936
1 -0.2236979 1.2210525 -0.9925003
1 1.0653136 -0.1772197 0.0212028
8 -0.0251154 -0.7758398 -0.0104563
5
-114.626     ts77     dynamics     sesquiterpene     TS     runpoint      6     runisomer      171
6 -0.0593018 0.6556205 0.0171911
1 -0.1955339 1.4075746 0.9568893
1 -0.2385625 1.2288170 -1.0155444
1 1.0605304 -0.2119583 0.0461112
8 -0.0229318 -0.7817111 -0.0121063
5
-114.63     ts77     dynamics     sesquiterpene     TS     runpoint      7     runisomer      171
6 -0.0621295 0.6691549 0.0205055
1 -0.1764950 1.3668714 0.9143507
1 -0.2507047 1.2213426 -1.0165075
1 1.0323832 -0.2589319 0.0694084
8 -0.0194713 -0.7858682 -0.0133190
5
-114.644     ts77     dynamics     sesquiterpene     TS     runpoint      8     runisomer      171
6 -0.0655169 0.6842021 0.0220957
1 -0.1578035 1.3088722 0.8644029
1 -0.2596538 1.1996228 -0.9953927
1 0.9814525 -0.3261263 0.0902612
8 -0.0143344 -0.7878987 -0.0140078
5
-114.661     ts77     dynamics     sesquiterpene     TS     runpoint      9     runisomer      171
6 -0.0698626 0.6992406 0.0204723
1 -0.1415128 1.2501846 0.8287869
1 -0.2659307 1.1673250 -0.9569664
1 0.9142180 -0.4201838 0.1086054
8 -0.0074676 -0.7875211 -0.0141218
5
-114.67     ts77     dynamics     sesquiterpene     TS     runpoint      10     runisomer      171
6 -0.0751991 0.7119657 0.0140935
1 -0.1294469 1.2116124 0.8369151
1 -0.2717763 1.1316756 -0.9128772
1 0.8524392 -0.5393892 0.1270449
8 0.0000360 -0.7848784 -0.0137881
5
-114.669     ts77     dynamics     sesquiterpene     TS     runpoint      11     runisomer      171
6 -0.0811114 0.7207101 0.0039946
1 -0.1209787 1.1986791 0.8972061
1 -0.2819371 1.1038849 -0.8835745
1 0.8446280 -0.6710181 0.1544367
8 0.0050706 -0.7805762 -0.0135811
5
-114.675     ts77     dynamics     sesquiterpene     TS     runpoint      12     runisomer      171
6 -0.0868311 0.7251679 -0.0055642
1 -0.1140166 1.1976916 0.9824531
1 -0.3023652 1.0951322 -0.8908857
1 0.9144769 -0.8119590 0.1983152
8 0.0058105 -0.7744239 -0.0140833
5
-114.698     ts77     dynamics     sesquiterpene     TS     runpoint      13     runisomer      171
6 -0.0917538 0.7258597 -0.0115755
1 -0.1077296 1.1958001 1.0609075
1 -0.3347733 1.1069807 -0.9361587
1 1.0017094 -0.9617698 0.2477017
8 0.0056549 -0.7661286 -0.0147737
5
-114.696     ts77     dynamics     sesquiterpene     TS     runpoint      14     runisomer      171
6 -0.0958421 0.7238080 -0.0141433
1 -0.1023694 1.1874114 1.1137995
1 -0.3742583 1.1302551 -0.9966159
1 1.0588052 -1.1059349 0.2906377
8 0.0072758 -0.7564416 -0.0150754
5
-114.675     ts77     dynamics     sesquiterpene     TS     runpoint      15     runisomer      171
6 -0.0992970 0.7198940 -0.0144320
1 -0.0984515 1.1713012 1.1329653
1 -0.4140713 1.1544238 -1.0476979
1 1.0716913 -1.2307084 0.3220291
8 0.0113194 -0.7461498 -0.0148233
5
-114.653     ts77     dynamics     sesquiterpene     TS     runpoint      16     runisomer      171
6 -0.1022655 0.7146050 -0.0133464
1 -0.0964265 1.1483225 1.1165144
1 -0.4491025 1.1724316 -1.0745452
1 1.0405766 -1.3271064 0.3404821
8 0.0175874 -0.7357933 -0.0140699
5
-114.644     ts77     dynamics     sesquiterpene     TS     runpoint      17     runisomer      171
6 -0.1047907 0.7081579 -0.0115063
1 -0.0965999 1.1207881 1.0674251
1 -0.4762540 1.1803554 -1.0707124
1 0.9694280 -1.3889342 0.3458744
8 0.0256862 -0.7258228 -0.0129361
5
-114.652     ts77     dynamics     sesquiterpene     TS     runpoint      18     runisomer      171
6 -0.1068296 0.7005972 -0.0096278
1 -0.0991143 1.0930736 0.9952741
1 -0.4941166 1.1762712 -1.0352760
1 0.8626906 -1.4110201 0.3385361
8 0.0352248 -0.7167536 -0.0115667
5
-114.671     ts77     dynamics     sesquiterpene     TS     runpoint      19     runisomer      171
6 -0.1082770 0.6916357 -0.0089344
1 -0.1038563 1.0731219 0.9203094
1 -0.5030564 1.1599796 -0.9720950
1 0.7273195 -1.3908765 0.3202189
8 0.0457022 -0.7090152 -0.0101885
5
-114.687     ts77     dynamics     sesquiterpene     TS     runpoint      20     runisomer      171
6 -0.1089260 0.6803977 -0.0110207
1 -0.1103700 1.0726580 0.8733295
1 -0.5061204 1.1340022 -0.8916656
1 0.5822567 -1.3396871 0.2990594
8 0.0559325 -0.7021413 -0.0093959
5
-114.679     ts77     dynamics     sesquiterpene     TS     runpoint      21     runisomer      171
6 -0.1082795 0.6658345 -0.0158722
1 -0.1179894 1.0994953 0.8754158
1 -0.5110779 1.1056951 -0.8145753
1 0.4756446 -1.3111523 0.3033353
8 0.0629583 -0.6929181 -0.0110131
5
-114.651     ts77     dynamics     sesquiterpene     TS     runpoint      22     runisomer      171
6 -0.1054423 0.6479440 -0.0199738
1 -0.1258420 1.1462829 0.9139443
1 -0.5311863 1.0874867 -0.7692778
1 0.4468046 -1.3738959 0.3709966
8 0.0644077 -0.6773402 -0.0174789
5
-114.677     ts77     dynamics     sesquiterpene     TS     runpoint      23     runisomer      171
6 -0.0998821 0.6285389 -0.0196431
1 -0.1329397 1.1973181 0.9612988
1 -0.5758529 1.0868202 -0.7706828
1 0.4442550 -1.4605229 0.4703746
8 0.0636593 -0.6604941 -0.0268827
