5
-114.654160 ts77 dynamics sesquiterpene TS runpoint 1  runisomer  56
6 -0.0419797 0.6106873 0.0077119
1 -0.1820941 1.2778473 0.9543350
1 -0.2223494 1.1157038 -0.9551339
1 0.8861460 -0.0563796 0.0372371
8 -0.0268114 -0.7425042 -0.0080820
5
-114.643 ts77 dynamics sesquiterpene TS runpoint 2  runisomer  56
6 -0.0404212 0.624938 0.0119968
1 -0.197195 1.19817 0.905489
1 -0.226154 1.11213 -0.971681
1 0.942226 -0.0464258 0.0129777
8 -0.0303231 -0.748577 -0.00564781
5
-114.652     ts77     dynamics     sesquiterpene     TS     runpoint      3     runisomer      56
6 -0.0387296 0.6399180 0.0148374
1 -0.2157096 1.1183927 0.8617603
1 -0.2302159 1.1071790 -0.9799820
1 1.0115386 -0.0322183 -0.0115820
8 -0.0345369 -0.7553725 -0.0029533
5
-114.645     ts77     dynamics     sesquiterpene     TS     runpoint      4     runisomer      56
6 -0.0353519 0.6525731 0.0134572
1 -0.2441677 1.0599972 0.8552376
1 -0.2344128 1.1017745 -0.9783646
1 1.0791063 -0.0069669 -0.0357811
8 -0.0392717 -0.7624389 -0.0000842
5
-114.637     ts77     dynamics     sesquiterpene     TS     runpoint      5     runisomer      56
6 -0.0290210 0.6609805 0.0066234
1 -0.2873645 1.0323114 0.9024720
1 -0.2392568 1.0978824 -0.9680979
1 1.1355459 0.0362262 -0.0583197
8 -0.0445519 -0.7694792 0.0028397
5
-114.644     ts77     dynamics     sesquiterpene     TS     runpoint      6     runisomer      56
6 -0.0195581 0.6650544 -0.0031027
1 -0.3391033 1.0245055 0.9782572
1 -0.2459959 1.0982310 -0.9538027
1 1.1763528 0.1033771 -0.0778892
8 -0.0505390 -0.7762966 0.0056936
5
-114.651     ts77     dynamics     sesquiterpene     TS     runpoint      7     runisomer      56
6 -0.0073718 0.6650563 -0.0122882
1 -0.3882737 1.0242767 1.0484453
1 -0.2564566 1.1054862 -0.9416161
1 1.1993770 0.1980573 -0.0933482
8 -0.0573758 -0.7827081 0.0083688
5
-114.654     ts77     dynamics     sesquiterpene     TS     runpoint      8     runisomer      56
6 0.0071503 0.6611748 -0.0189198
1 -0.4268099 1.0253966 1.0932733
1 -0.2723798 1.1207320 -0.9354241
1 1.2031611 0.3203144 -0.1036133
8 -0.0650795 -0.7885318 0.0107769
5
-114.66     ts77     dynamics     sesquiterpene     TS     runpoint      9     runisomer      56
6 0.0235435 0.6539107 -0.0224282
1 -0.4503011 1.0252004 1.1048277
1 -0.2944020 1.1421034 -0.9340557
1 1.1876653 0.4664432 -0.1076662
8 -0.0735370 -0.7936249 0.0128504
5
-114.671     ts77     dynamics     sesquiterpene     TS     runpoint      10     runisomer      56
6 0.0409325 0.6442297 -0.0231055
1 -0.4566905 1.0223170 1.0814410
1 -0.3216167 1.1649471 -0.9322828
1 1.1569882 0.6293590 -0.1048556
8 -0.0825339 -0.7978857 0.0145431
5
-114.684     ts77     dynamics     sesquiterpene     TS     runpoint      11     runisomer      56
6 0.0579194 0.6333090 -0.0215956
1 -0.4457127 1.0157191 1.0252707
1 -0.3521513 1.1835285 -0.9243921
1 1.1211889 0.8005767 -0.0952333
8 -0.0917915 -0.8012371 0.0158451
5
-114.654160 ts77 dynamics sesquiterpene TS runpoint 1  runisomer  56
6 -0.0419797 0.6106873 0.0077119
1 -0.1820941 1.2778473 0.9543350
1 -0.2223494 1.1157038 -0.9551339
1 0.8861460 -0.0563796 0.0372371
8 -0.0268114 -0.7425042 -0.0080820
5
-114.643 ts77 dynamics sesquiterpene TS runpoint 2  runisomer  56
6 -0.0445947 0.599691 0.00382251
1 -0.167533 1.34149 0.988964
1 -0.219405 1.11817 -0.934087
1 0.859867 -0.067849 0.0617052
8 -0.0242966 -0.737698 -0.0102138
5
-114.63     ts77     dynamics     sesquiterpene     TS     runpoint      3     runisomer      56
6 -0.0487474 0.5933681 0.0012769
1 -0.1530065 1.3809407 1.0019076
1 -0.2182554 1.1209091 -0.9136918
1 0.8722223 -0.0841657 0.0875712
8 -0.0229487 -0.7345856 -0.0120341
5
-114.625     ts77     dynamics     sesquiterpene     TS     runpoint      4     runisomer      56
6 -0.0540560 0.5920307 0.0006176
1 -0.1389298 1.3927848 0.9915380
1 -0.2199093 1.1258312 -0.8993952
1 0.9172933 -0.1058457 0.1151184
8 -0.0225894 -0.7332745 -0.0135221
5
-114.628     ts77     dynamics     sesquiterpene     TS     runpoint      5     runisomer      56
6 -0.0596632 0.5953347 0.0021092
1 -0.1259925 1.3762646 0.9591117
1 -0.2250329 1.1341815 -0.8950732
1 0.9782193 -0.1323301 0.1428664
8 -0.0227139 -0.7335717 -0.0146175
5
-114.635     ts77     dynamics     sesquiterpene     TS     runpoint      6     runisomer      56
6 -0.0648153 0.6027510 0.0055418
1 -0.1149290 1.3332641 0.9087128
1 -0.2335872 1.1453267 -0.9012868
1 1.0367310 -0.1637855 0.1683894
8 -0.0226938 -0.7351483 -0.0152343
5
-114.64     ts77     dynamics     sesquiterpene     TS     runpoint      7     runisomer      56
6 -0.0691742 0.6135683 0.0099306
1 -0.1064664 1.2705966 0.8499682
1 -0.2448360 1.1567455 -0.9150743
1 1.0787532 -0.2021251 0.1894425
8 -0.0218960 -0.7376201 -0.0152823
5
-114.641     ts77     dynamics     sesquiterpene     TS     runpoint      8     runisomer      56
6 -0.0728587 0.6264471 0.0131237
1 -0.1013368 1.2045065 0.8037523
1 -0.2576940 1.1653151 -0.9313740
1 1.0949056 -0.2518310 0.2044056
8 -0.0196624 -0.7405277 -0.0146798
5
-114.635     ts77     dynamics     sesquiterpene     TS     runpoint      9     runisomer      56
6 -0.0763628 0.6392887 0.0118725
1 -0.1000559 1.1602395 0.8033070
1 -0.2711203 1.1688279 -0.9449266
1 1.0795504 -0.3198953 0.2122863
8 -0.0153003 -0.7433076 -0.0133544
5
-114.64     ts77     dynamics     sesquiterpene     TS     runpoint      10     runisomer      56
6 -0.0803582 0.6509387 0.0044269
1 -0.1021417 1.1498296 0.8656635
1 -0.2844996 1.1668667 -0.9521116
1 1.0307437 -0.4135026 0.2128223
8 -0.0082526 -0.7453723 -0.0112758
5
-114.671     ts77     dynamics     sesquiterpene     TS     runpoint      11     runisomer      56
6 -0.0853562 0.6623133 -0.0068892
1 -0.1061296 1.1574221 0.9629827
1 -0.2980297 1.1610005 -0.9524489
1 0.9532178 -0.5357217 0.2072955
8 0.0014856 -0.7463147 -0.0085468
5
-114.697     ts77     dynamics     sesquiterpene     TS     runpoint      12     runisomer      56
6 -0.0913683 0.6741348 -0.0185390
1 -0.1109656 1.1652565 1.0572153
1 -0.3128198 1.1543656 -0.9488281
1 0.8707252 -0.6808636 0.2015405
8 0.0124317 -0.7461164 -0.0056079
5
-114.693     ts77     dynamics     sesquiterpene     TS     runpoint      13     runisomer      56
6 -0.0978688 0.6859640 -0.0279684
1 -0.1163787 1.1655742 1.1253778
1 -0.3305313 1.1505876 -0.9463185
1 0.8432418 -0.8391958 0.2106748
8 0.0204990 -0.7447975 -0.0035604
5
-114.682     ts77     dynamics     sesquiterpene     TS     runpoint      14     runisomer      56
6 -0.1040722 0.6968672 -0.0336335
1 -0.1225381 1.1567781 1.1571120
1 -0.3525747 1.1521427 -0.9494885
1 0.8940818 -1.0128880 0.2420030
8 0.0237275 -0.7415794 -0.0030808
5
-114.691     ts77     dynamics     sesquiterpene     TS     runpoint      15     runisomer      56
6 -0.1093594 0.7062184 -0.0348902
1 -0.1297065 1.1397875 1.1489405
1 -0.3791926 1.1590065 -0.9591836
1 0.9549050 -1.1856229 0.2775699
8 0.0259929 -0.7370744 -0.0032520
5
-114.681     ts77     dynamics     sesquiterpene     TS     runpoint      16     runisomer      56
6 -0.1134519 0.7137779 -0.0319326
1 -0.1380434 1.1166640 1.1018525
1 -0.4089694 1.1685672 -0.9715220
1 0.9862998 -1.3338227 0.3051927
8 0.0294890 -0.7325546 -0.0034649
5
-114.665     ts77     dynamics     sesquiterpene     TS     runpoint      17     runisomer      56
6 -0.1163268 0.7193921 -0.0257349
1 -0.1476094 1.0909764 1.0227088
1 -0.4392775 1.1769546 -0.9801336
1 0.9809790 -1.4449084 0.3215177
8 0.0344956 -0.7286793 -0.0036127
5
-114.654     ts77     dynamics     sesquiterpene     TS     runpoint      18     runisomer      56
6 -0.1180498 0.7226463 -0.0182719
1 -0.1586625 1.0697905 0.9302247
1 -0.4673157 1.1805894 -0.9793091
1 0.9415447 -1.5134660 0.3264046
8 0.0407386 -0.7256965 -0.0037434
5
-114.644     ts77     dynamics     sesquiterpene     TS     runpoint      19     runisomer      56
6 -0.1185824 0.7225752 -0.0129713
1 -0.1724738 1.0665880 0.8625635
1 -0.4911199 1.1770031 -0.9660495
1 0.8713723 -1.5359533 0.3203231
8 0.0479325 -0.7238016 -0.0039071
5
-114.637     ts77     dynamics     sesquiterpene     TS     runpoint      20     runisomer      56
6 -0.1176770 0.7180088 -0.0132247
1 -0.1916310 1.0964777 0.8609791
1 -0.5103171 1.1651888 -0.9411899
1 0.7732253 -1.5091382 0.3039359
8 0.0558581 -0.7232077 -0.0041487
5
-114.659     ts77     dynamics     sesquiterpene     TS     runpoint      21     runisomer      56
6 -0.1151706 0.7092215 -0.0178611
1 -0.2162740 1.1550409 0.9165057
1 -0.5266011 1.1459564 -0.9099841
1 0.6540303 -1.4353267 0.2799374
8 0.0640699 -0.7237473 -0.0046222
5
-114.687     ts77     dynamics     sesquiterpene     TS     runpoint      22     runisomer      56
6 -0.1111347 0.6976476 -0.0225906
1 -0.2424974 1.2210050 0.9859560
1 -0.5436068 1.1219685 -0.8809423
1 0.5406257 -1.3428894 0.2610731
8 0.0709141 -0.7235352 -0.0060893
5
-114.661     ts77     dynamics     sesquiterpene     TS     runpoint      23     runisomer      56
6 -0.1056277 0.6843235 -0.0243178
1 -0.2663652 1.2774376 1.0399405
1 -0.5655692 1.0965340 -0.8623164
1 0.5037389 -1.3243977 0.2892317
8 0.0719968 -0.7166586 -0.0111412
5
-114.646     ts77     dynamics     sesquiterpene     TS     runpoint      24     runisomer      56
6 -0.0987483 0.6701532 -0.0217776
1 -0.2854964 1.3157181 1.0664243
1 -0.5948386 1.0714132 -0.8574413
1 0.5521896 -1.3997204 0.3812472
8 0.0668351 -0.7021126 -0.0208189
5
-114.678     ts77     dynamics     sesquiterpene     TS     runpoint      25     runisomer      56
6 -0.0908331 0.6564505 -0.0150124
1 -0.2986564 1.3321955 1.0623815
1 -0.6299029 1.0456055 -0.8626372
1 0.6116457 -1.4672276 0.4869907
8 0.0601920 -0.6869938 -0.0319742
5
-114.669     ts77     dynamics     sesquiterpene     TS     runpoint      26     runisomer      56
6 -0.0824766 0.6446679 -0.0047878
1 -0.3051584 1.3255106 1.0289329
1 -0.6659716 1.0165797 -0.8701498
1 0.6541919 -1.4896267 0.5809497
8 0.0539271 -0.6744947 -0.0429820
