5
-114.654160 ts77 dynamics sesquiterpene TS runpoint 1  runisomer  9
6 -0.0247263 0.6078699 0.0107264
1 -0.2948470 1.1610079 0.9159534
1 -0.2888026 1.0359635 -0.9436968
1 0.9767496 -0.0951978 -0.0119032
8 -0.0341730 -0.7255580 -0.0055497
5
-114.65 ts77 dynamics sesquiterpene TS runpoint 2  runisomer  9
6 -0.0273693 0.606796 0.00941523
1 -0.314818 1.25052 0.971328
1 -0.268502 1.05599 -0.94468
1 1.03186 -0.0763225 -0.0370893
8 -0.0356831 -0.732844 -0.00640639
5
-114.645     ts77     dynamics     sesquiterpene     TS     runpoint      3     runisomer      9
6 -0.0296858 0.6076246 0.0092024
1 -0.3285168 1.3242010 1.0081975
1 -0.2488311 1.0813860 -0.9468477
1 1.0839961 -0.0469568 -0.0610324
8 -0.0376055 -0.7415587 -0.0069237
5
-114.636     ts77     dynamics     sesquiterpene     TS     runpoint      4     runisomer      9
6 -0.0309588 0.6099379 0.0103535
1 -0.3338561 1.3748360 1.0200285
1 -0.2301409 1.1096507 -0.9483059
1 1.1271128 0.0000237 -0.0824485
8 -0.0402093 -0.7512261 -0.0070919
5
-114.631     ts77     dynamics     sesquiterpene     TS     runpoint      5     runisomer      9
6 -0.0305666 0.6131539 0.0126708
1 -0.3300714 1.3989159 1.0054863
1 -0.2127188 1.1377940 -0.9467712
1 1.1582951 0.0702574 -0.1000066
8 -0.0438044 -0.7613546 -0.0069039
5
-114.635     ts77     dynamics     sesquiterpene     TS     runpoint      6     runisomer      9
6 -0.0280449 0.6167920 0.0157843
1 -0.3170861 1.3948880 0.9659366
1 -0.1971389 1.1628158 -0.9406130
1 1.1760384 0.1666285 -0.1123329
8 -0.0486139 -0.7714799 -0.0063587
5
-114.647     ts77     dynamics     sesquiterpene     TS     runpoint      7     runisomer      9
6 -0.0230316 0.6205524 0.0192281
1 -0.2957488 1.3632065 0.9054655
1 -0.1845103 1.1821750 -0.9296216
1 1.1788995 0.2885687 -0.1180191
8 -0.0546958 -0.7812086 -0.0054671
5
-114.665     ts77     dynamics     sesquiterpene     TS     runpoint      8     runisomer      9
6 -0.0151958 0.6241348 0.0222980
1 -0.2688670 1.3084267 0.8331869
1 -0.1764931 1.1941512 -0.9153199
1 1.1659296 0.4320401 -0.1158826
8 -0.0619574 -0.7902411 -0.0042519
5
-114.68     ts77     dynamics     sesquiterpene     TS     runpoint      9     runisomer      9
6 -0.0041913 0.6267773 0.0236602
1 -0.2432407 1.2437137 0.7681599
1 -0.1751206 1.1980610 -0.9006997
1 1.1387326 0.5899227 -0.1055378
8 -0.0702010 -0.7983412 -0.0027500
5
-114.683     ts77     dynamics     sesquiterpene     TS     runpoint      10     runisomer      9
6 0.0103045 0.6268964 0.0211032
1 -0.2312292 1.1931899 0.7420731
1 -0.1825233 1.1942054 -0.8893507
1 1.1036746 0.7532820 -0.0879434
8 -0.0791577 -0.8052982 -0.0010122
5
-114.654160 ts77 dynamics sesquiterpene TS runpoint 1  runisomer  9
6 -0.0247263 0.6078699 0.0107264
1 -0.2948470 1.1610079 0.9159534
1 -0.2888026 1.0359635 -0.9436968
1 0.9767496 -0.0951978 -0.0119032
8 -0.0341730 -0.7255580 -0.0055497
5
-114.65 ts77 dynamics sesquiterpene TS runpoint 2  runisomer  9
6 -0.0223476 0.610721 0.0118244
1 -0.273882 1.06991 0.859859
1 -0.309086 1.023 -0.944494
1 0.928124 -0.111123 0.0134717
8 -0.032937 -0.720136 -0.00438751
5
-114.642     ts77     dynamics     sesquiterpene     TS     runpoint      3     runisomer      9
6 -0.0203764 0.6144532 0.0098879
1 -0.2621478 0.9995115 0.8374353
1 -0.3285161 1.0180415 -0.9461748
1 0.8966480 -0.1311464 0.0385337
8 -0.0319490 -0.7169256 -0.0029957
5
-114.628     ts77     dynamics     sesquiterpene     TS     runpoint      4     runisomer      9
6 -0.0187769 0.6184046 0.0024754
1 -0.2684289 0.9657197 0.8780890
1 -0.3465325 1.0215878 -0.9473005
1 0.8896166 -0.1610180 0.0635149
8 -0.0311753 -0.7161025 -0.0014997
5
-114.635     ts77     dynamics     sesquiterpene     TS     runpoint      5     runisomer      9
6 -0.0182120 0.6234172 -0.0087834
1 -0.2876365 0.9609960 0.9634402
1 -0.3633408 1.0338612 -0.9472570
1 0.9066251 -0.2052613 0.0890841
8 -0.0304016 -0.7175513 -0.0000461
5
-114.649     ts77     dynamics     sesquiterpene     TS     runpoint      6     runisomer      9
6 -0.0194578 0.6304291 -0.0203911
1 -0.3087922 0.9709831 1.0533097
1 -0.3798315 1.0546241 -0.9462069
1 0.9387729 -0.2682319 0.1156233
8 -0.0291217 -0.7207814 0.0012614
5
-114.653     ts77     dynamics     sesquiterpene     TS     runpoint      7     runisomer      9
6 -0.0228430 0.6396291 -0.0300978
1 -0.3251710 0.9873416 1.1217335
1 -0.3970791 1.0828397 -0.9441478
1 0.9724882 -0.3547823 0.1427910
8 -0.0265893 -0.7250380 0.0023898
5
-114.655     ts77     dynamics     sesquiterpene     TS     runpoint      8     runisomer      9
6 -0.0284516 0.6507922 -0.0369472
1 -0.3339919 1.0061255 1.1571662
1 -0.4157791 1.1164881 -0.9403688
1 0.9948352 -0.4687325 0.1697181
8 -0.0220562 -0.7295364 0.0033604
5
-114.662     ts77     dynamics     sesquiterpene     TS     runpoint      9     runisomer      9
6 -0.0362193 0.6634826 -0.0406329
1 -0.3343041 1.0252042 1.1554762
1 -0.4358766 1.1527154 -0.9336134
1 0.9973859 -0.6094539 0.1953785
8 -0.0151045 -0.7336744 0.0041882
5
-114.677     ts77     dynamics     sesquiterpene     TS     runpoint      10     runisomer      9
6 -0.0458553 0.6771041 -0.0411129
1 -0.3260121 1.0432271 1.1163985
1 -0.4566106 1.1882269 -0.9227182
1 0.9782086 -0.7701912 0.2190237
8 -0.0058845 -0.7371371 0.0048327
5
-114.694     ts77     dynamics     sesquiterpene     TS     runpoint      11     runisomer      9
6 -0.0568315 0.6909744 -0.0385565
1 -0.3098556 1.0595779 1.0435586
1 -0.4769107 1.2196947 -0.9073447
1 0.9417723 -0.9404835 0.2406675
8 0.0049053 -0.7398249 0.0051712
5
-114.708     ts77     dynamics     sesquiterpene     TS     runpoint      12     runisomer      9
6 -0.0684071 0.7043243 -0.0336435
1 -0.2880845 1.0754353 0.9480262
1 -0.4958001 1.2441399 -0.8885211
1 0.8947029 -1.1098251 0.2608219
8 0.0163709 -0.7417094 0.0050466
5
-114.709     ts77     dynamics     sesquiterpene     TS     runpoint      13     runisomer      9
6 -0.0796192 0.7160682 -0.0281980
1 -0.2656664 1.0968056 0.8555272
1 -0.5127039 1.2593088 -0.8688305
1 0.8392509 -1.2680564 0.2791898
8 0.0279271 -0.7428512 0.0043899
5
-114.691     ts77     dynamics     sesquiterpene     TS     runpoint      14     runisomer      9
6 -0.0893762 0.7245343 -0.0253397
1 -0.2498775 1.1374264 0.8078056
1 -0.5277527 1.2639375 -0.8521780
1 0.7731917 -1.4039583 0.2944125
8 0.0393608 -0.7434896 0.0032425
5
-114.668     ts77     dynamics     sesquiterpene     TS     runpoint      15     runisomer      9
6 -0.0970650 0.7284666 -0.0266339
1 -0.2430791 1.2067107 0.8283651
1 -0.5420200 1.2577838 -0.8431148
1 0.6949494 -1.5070428 0.3054500
8 0.0505283 -0.7439223 0.0016506
5
-114.666     ts77     dynamics     sesquiterpene     TS     runpoint      16     runisomer      9
6 -0.1029018 0.7286849 -0.0294535
1 -0.2388227 1.2903745 0.8900427
1 -0.5572309 1.2413103 -0.8453296
1 0.6058556 -1.5705888 0.3125837
8 0.0612088 -0.7443139 -0.0004308
5
-114.664     ts77     dynamics     sesquiterpene     TS     runpoint      17     runisomer      9
6 -0.1072146 0.7267037 -0.0305954
1 -0.2314586 1.3670119 0.9558050
1 -0.5746820 1.2149777 -0.8595306
1 0.5095511 -1.5936162 0.3178256
8 0.0711461 -0.7445451 -0.0031552
5
-114.658     ts77     dynamics     sesquiterpene     TS     runpoint      18     runisomer      9
6 -0.1102411 0.7234423 -0.0285460
1 -0.2194395 1.4236278 1.0046153
1 -0.5942574 1.1787783 -0.8826421
1 0.4113819 -1.5832445 0.3257034
8 0.0800755 -0.7440363 -0.0068088
