5
-114.654160 ts77 dynamics sesquiterpene TS runpoint 1  runisomer  192
6 -0.0221356 0.6072942 0.0038569
1 -0.3077544 1.1300019 0.8832616
1 -0.3550882 1.0690078 -0.9010924
1 1.0844691 -0.1296165 0.0399576
8 -0.0379135 -0.7230860 -0.0042878
5
-114.645 ts77 dynamics sesquiterpene TS runpoint 2  runisomer  192
6 -0.0146987 0.602843 -0.00496392
1 -0.355479 1.16799 0.942262
1 -0.355008 1.11219 -0.876829
1 1.04554 -0.105088 0.0141341
8 -0.0380381 -0.726407 -0.00128927
5
-114.646     ts77     dynamics     sesquiterpene     TS     runpoint      3     runisomer      192
6 -0.0073973 0.6003295 -0.0120571
1 -0.3950252 1.1968891 0.9905646
1 -0.3538964 1.1592683 -0.8627903
1 1.0012747 -0.0715696 -0.0120400
8 -0.0383045 -0.7314200 0.0017540
5
-114.64     ts77     dynamics     sesquiterpene     TS     runpoint      4     runisomer      192
6 -0.0011671 0.6003262 -0.0166168
1 -0.4214089 1.2106071 1.0184629
1 -0.3506309 1.2061799 -0.8574362
1 0.9642859 -0.0276013 -0.0379474
8 -0.0391912 -0.7380074 0.0047127
5
-114.634     ts77     dynamics     sesquiterpene     TS     runpoint      5     runisomer      192
6 0.0030932 0.6031238 -0.0185564
1 -0.4319687 1.2069981 1.0224161
1 -0.3435513 1.2477144 -0.8570204
1 0.9484562 0.0286534 -0.0633817
8 -0.0411698 -0.7460395 0.0074961
5
-114.633     ts77     dynamics     sesquiterpene     TS     runpoint      6     runisomer      192
6 0.0047853 0.6086467 -0.0180545
1 -0.4254521 1.1859531 1.0019834
1 -0.3315624 1.2791260 -0.8579927
1 0.9640690 0.1000025 -0.0883925
8 -0.0445891 -0.7553319 0.0100453
5
-114.642     ts77     dynamics     sesquiterpene     TS     runpoint      7     runisomer      192
6 0.0040469 0.6162462 -0.0154608
1 -0.4020480 1.1491389 0.9594409
1 -0.3148949 1.2972981 -0.8582571
1 1.0120339 0.1906649 -0.1125407
8 -0.0495821 -0.7655706 0.0123176
5
-114.661     ts77     dynamics     sesquiterpene     TS     runpoint      8     runisomer      192
6 0.0020216 0.6247143 -0.0114942
1 -0.3645233 1.1011587 0.9020049
1 -0.2952965 1.3011133 -0.8574219
1 1.0817372 0.3043019 -0.1341467
8 -0.0560533 -0.7763016 0.0142701
5
-114.679     ts77     dynamics     sesquiterpene     TS     runpoint      9     runisomer      192
6 0.0006832 0.6324848 -0.0076775
1 -0.3203800 1.0519922 0.8469667
1 -0.2757265 1.2913283 -0.8565338
1 1.1557875 0.4402408 -0.1505678
8 -0.0637280 -0.7869835 0.0158537
5
-114.682     ts77     dynamics     sesquiterpene     TS     runpoint      10     runisomer      192
6 0.0023221 0.6378183 -0.0065639
1 -0.2824892 1.0177618 0.8248761
1 -0.2597854 1.2702074 -0.8575524
1 1.2177640 0.5923970 -0.1593891
8 -0.0722539 -0.7970859 0.0170304
5
-114.675     ts77     dynamics     sesquiterpene     TS     runpoint      11     runisomer      192
6 0.0085342 0.6396220 -0.0100522
1 -0.2607972 1.0103939 0.8599986
1 -0.2511847 1.2410627 -0.8629218
1 1.2568368 0.7515377 -0.1593814
8 -0.0812846 -0.8061675 0.0177716
5
-114.678     ts77     dynamics     sesquiterpene     TS     runpoint      12     runisomer      192
6 0.0193102 0.6385135 -0.0165847
1 -0.2518234 1.0235220 0.9365863
1 -0.2533347 1.2075799 -0.8751239
1 1.2681304 0.9078734 -0.1506269
8 -0.0905112 -0.8139062 0.0180650
5
-114.682     ts77     dynamics     sesquiterpene     TS     runpoint      13     runisomer      192
6 0.0338487 0.6358857 -0.0230405
1 -0.2471611 1.0430080 1.0189312
1 -0.2687819 1.1725231 -0.8950737
1 1.2510245 1.0525259 -0.1339826
8 -0.0996610 -0.8200688 0.0179281
5
-114.676     ts77     dynamics     sesquiterpene     TS     runpoint      14     runisomer      192
6 0.0514553 0.6330147 -0.0275278
1 -0.2425821 1.0594408 1.0823240
1 -0.2987827 1.1360201 -0.9200217
1 1.2075079 1.1781134 -0.1107135
8 -0.1085257 -0.8245646 0.0174052
5
-114.666     ts77     dynamics     sesquiterpene     TS     runpoint      15     runisomer      192
6 0.0712904 0.6308427 -0.0299826
1 -0.2368127 1.0667847 1.1159655
1 -0.3425920 1.0975836 -0.9433587
1 1.1418548 1.2783326 -0.0811369
8 -0.1168738 -0.8272923 0.0167329
5
-114.659     ts77     dynamics     sesquiterpene     TS     runpoint      16     runisomer      192
6 0.0924134 0.6300906 -0.0306607
1 -0.2316689 1.0619292 1.1164647
1 -0.3969980 1.0552570 -0.9578079
1 1.0608964 1.3491892 -0.0481296
8 -0.1245171 -0.8282199 0.0160398
5
-114.656     ts77     dynamics     sesquiterpene     TS     runpoint      17     runisomer      192
6 0.1133416 0.6310526 -0.0298236
1 -0.2289468 1.0444787 1.0845742
1 -0.4564764 1.0083019 -0.9575251
1 0.9745150 1.3893816 -0.0156627
8 -0.1312003 -0.8274164 0.0153567
5
-114.656     ts77     dynamics     sesquiterpene     TS     runpoint      18     runisomer      192
6 0.1323191 0.6334400 -0.0279839
1 -0.2308952 1.0149098 1.0249908
1 -0.5152340 0.9580341 -0.9388138
1 0.8962797 1.4027412 0.0127070
8 -0.1366830 -0.8250179 0.0147633
5
-114.654160 ts77 dynamics sesquiterpene TS runpoint 1  runisomer  192
6 -0.0221356 0.6072942 0.0038569
1 -0.3077544 1.1300019 0.8832616
1 -0.3550882 1.0690078 -0.9010924
1 1.0844691 -0.1296165 0.0399576
8 -0.0379135 -0.7230860 -0.0042878
5
-114.645 ts77 dynamics sesquiterpene TS runpoint 2  runisomer  192
6 -0.0287621 0.61262 0.0122534
1 -0.260391 1.09627 0.834883
1 -0.354046 1.03177 -0.932835
1 1.10893 -0.146603 0.0646095
8 -0.0375334 -0.721539 -0.00709221
5
-114.633     ts77     dynamics     sesquiterpene     TS     runpoint      3     runisomer      192
6 -0.0337396 0.6172394 0.0168970
1 -0.2235923 1.0865252 0.8287632
1 -0.3510202 1.0012585 -0.9656296
1 1.1134746 -0.1578676 0.0872531
8 -0.0365929 -0.7217585 -0.0095510
5
-114.625     ts77     dynamics     sesquiterpene     TS     runpoint      4     runisomer      192
6 -0.0369671 0.6204183 0.0159995
1 -0.2005094 1.1096115 0.8779743
1 -0.3453595 0.9781968 -0.9925434
1 1.0958331 -0.1659421 0.1070882
8 -0.0348705 -0.7236376 -0.0115326
5
-114.634     ts77     dynamics     sesquiterpene     TS     runpoint      5     runisomer      192
6 -0.0391742 0.6232699 0.0112798
1 -0.1855310 1.1516668 0.9564312
1 -0.3371365 0.9636222 -1.0089356
1 1.0565818 -0.1744205 0.1234403
8 -0.0322034 -0.7269761 -0.0129329
5
-114.643     ts77     dynamics     sesquiterpene     TS     runpoint      6     runisomer      192
6 -0.0411766 0.6272136 0.0052807
1 -0.1735460 1.1948958 1.0312882
1 -0.3270966 0.9586917 -1.0132096
1 0.9992548 -0.1884486 0.1360446
8 -0.0284753 -0.7314650 -0.0136739
5
-114.643     ts77     dynamics     sesquiterpene     TS     runpoint      7     runisomer      192
6 -0.0436975 0.6330959 -0.0003653
1 -0.1624238 1.2287603 1.0831572
1 -0.3164951 0.9644641 -1.0066140
1 0.9311737 -0.2149257 0.1455114
8 -0.0236622 -0.7367078 -0.0137183
5
-114.642     ts77     dynamics     sesquiterpene     TS     runpoint      8     runisomer      192
6 -0.0474440 0.6413700 -0.0047606
1 -0.1514386 1.2484041 1.1034676
1 -0.3069188 0.9817874 -0.9927799
1 0.8646570 -0.2615079 0.1538895
8 -0.0179553 -0.7423106 -0.0130991
5
-114.643     ts77     dynamics     sesquiterpene     TS     runpoint      9     runisomer      192
6 -0.0529790 0.6522246 -0.0073717
1 -0.1402697 1.2519114 1.0894576
1 -0.3000041 1.0111497 -0.9767565
1 0.8182620 -0.3327772 0.1652982
8 -0.0120176 -0.7480364 -0.0119857
5
-114.649     ts77     dynamics     sesquiterpene     TS     runpoint      10     runisomer      192
6 -0.0604543 0.6653769 -0.0079442
1 -0.1288027 1.2393187 1.0423253
1 -0.2969653 1.0522570 -0.9632319
1 0.8157553 -0.4256169 0.1860636
8 -0.0071652 -0.7538507 -0.0107477
5
-114.665     ts77     dynamics     sesquiterpene     TS     runpoint      11     runisomer      192
6 -0.0695301 0.6798745 -0.0067444
1 -0.1172592 1.2134454 0.9687045
1 -0.2980871 1.1032655 -0.9543892
1 0.8691712 -0.5354152 0.2208561
8 -0.0043771 -0.7593940 -0.0097589
5
-114.691     ts77     dynamics     sesquiterpene     TS     runpoint      12     runisomer      192
6 -0.0796154 0.6941967 -0.0050786
1 -0.1062393 1.1826381 0.8857523
1 -0.3025571 1.1602399 -0.9490198
1 0.9526263 -0.6644246 0.2646093
8 -0.0024804 -0.7636594 -0.0088769
5
-114.701     ts77     dynamics     sesquiterpene     TS     runpoint      13     runisomer      192
6 -0.0901786 0.7063343 -0.0057614
1 -0.0962162 1.1639928 0.8270800
1 -0.3088798 1.2177328 -0.9438887
1 1.0256210 -0.8096010 0.3065399
8 0.0006147 -0.7660653 -0.0076341
5
-114.687     ts77     dynamics     sesquiterpene     TS     runpoint      14     runisomer      192
6 -0.1009055 0.7143878 -0.0117992
1 -0.0862378 1.1761528 0.8290485
1 -0.3155720 1.2703008 -0.9361789
1 1.0634460 -0.9597455 0.3388464
8 0.0060741 -0.7667252 -0.0057495
5
-114.679     ts77     dynamics     sesquiterpene     TS     runpoint      15     runisomer      192
6 -0.1115859 0.7184438 -0.0225146
1 -0.0745235 1.2154659 0.8862933
1 -0.3216164 1.3138279 -0.9251970
1 1.0574001 -1.1018544 0.3578385
8 0.0141117 -0.7660330 -0.0032068
5
-114.682     ts77     dynamics     sesquiterpene     TS     runpoint      16     runisomer      192
6 -0.1218651 0.7200663 -0.0342765
1 -0.0612745 1.2609431 0.9603334
1 -0.3264377 1.3459762 -0.9123155
1 1.0076779 -1.2243876 0.3623963
8 0.0244275 -0.7644199 -0.0001481
5
-114.676     ts77     dynamics     sesquiterpene     TS     runpoint      17     runisomer      192
6 -0.1313167 0.7203496 -0.0441253
1 -0.0479831 1.2969942 1.0215851
1 -0.3297183 1.3659971 -0.9000645
1 0.9193954 -1.3181334 0.3530556
8 0.0364531 -0.7622588 0.0031963
5
-114.668     ts77     dynamics     sesquiterpene     TS     runpoint      18     runisomer      192
6 -0.1395777 0.7196603 -0.0503958
1 -0.0360086 1.3165261 1.0559051
1 -0.3312939 1.3742358 -0.8914119
1 0.8023587 -1.3775912 0.3323250
8 0.0493716 -0.7597447 0.0064976
5
-114.663     ts77     dynamics     sesquiterpene     TS     runpoint      19     runisomer      192
6 -0.1463955 0.7179610 -0.0522320
1 -0.0262889 1.3170523 1.0579936
1 -0.3310983 1.3714421 -0.8891065
1 0.6741700 -1.4060696 0.3066027
8 0.0619411 -0.7565333 0.0092180
5
-114.657     ts77     dynamics     sesquiterpene     TS     runpoint      20     runisomer      192
6 -0.1516565 0.7150513 -0.0493031
1 -0.0193906 1.2983205 1.0272040
1 -0.3290716 1.3580684 -0.8949180
1 0.5630982 -1.4257118 0.2891726
8 0.0723254 -0.7510895 0.0104238
5
-114.649     ts77     dynamics     sesquiterpene     TS     runpoint      21     runisomer      192
6 -0.1554058 0.7106945 -0.0418304
1 -0.0154071 1.2621534 0.9670741
1 -0.3250669 1.3338977 -0.9089206
1 0.4933640 -1.4720015 0.2958501
8 0.0790287 -0.7411040 0.0090671
5
-114.657     ts77     dynamics     sesquiterpene     TS     runpoint      22     runisomer      192
6 -0.1578703 0.7046034 -0.0308607
1 -0.0133696 1.2144848 0.8885200
1 -0.3188214 1.2982720 -0.9291959
1 0.4545090 -1.5428423 0.3257941
8 0.0828050 -0.7268225 0.0051770
5
-114.668     ts77     dynamics     sesquiterpene     TS     runpoint      23     runisomer      192
6 -0.1595337 0.6960764 -0.0187650
1 -0.0098465 1.1694740 0.8164673
1 -0.3100708 1.2507613 -0.9522377
1 0.4226666 -1.6018960 0.3654818
8 0.0852872 -0.7108767 -0.0004078
5
-114.659     ts77     dynamics     sesquiterpene     TS     runpoint      24     runisomer      192
6 -0.1611982 0.6837679 -0.0091507
1 0.0021070 1.1503930 0.7900347
1 -0.2987295 1.1919852 -0.9740299
1 0.3855192 -1.6234457 0.4054049
8 0.0874089 -0.6953815 -0.0070993
5
-114.651     ts77     dynamics     sesquiterpene     TS     runpoint      25     runisomer      192
6 -0.1635016 0.6671998 -0.0038226
1 0.0272597 1.1702462 0.8276203
1 -0.2850080 1.1242776 -0.9915910
1 0.3392765 -1.5978528 0.4416107
8 0.0896023 -0.6815518 -0.0146409
5
-114.669     ts77     dynamics     sesquiterpene     TS     runpoint      26     runisomer      192
6 -0.1662877 0.6482871 -0.0003784
1 0.0604219 1.2133673 0.8988381
1 -0.2693624 1.0518377 -1.0040680
1 0.2840230 -1.5264504 0.4738839
8 0.0920984 -0.6700171 -0.0229617
