5
-114.654160 ts77 dynamics sesquiterpene TS runpoint 1  runisomer  110
6 -0.0276771 0.6376007 0.0128060
1 -0.3426498 1.2533619 0.9875741
1 -0.2551110 1.0554577 -0.9740910
1 1.0437760 -0.1001136 -0.0783122
8 -0.0352934 -0.7546006 -0.0055236
5
-114.643 ts77 dynamics sesquiterpene TS runpoint 2  runisomer  110
6 -0.0352154 0.63658 0.0190705
1 -0.283353 1.20996 0.940229
1 -0.238114 1.02247 -0.994383
1 1.08391 -0.0703578 -0.0547039
8 -0.036974 -0.750896 -0.00744928
5
-114.646     ts77     dynamics     sesquiterpene     TS     runpoint      3     runisomer      110
6 -0.0414099 0.6348688 0.0245479
1 -0.2229521 1.1613886 0.8857329
1 -0.2218254 0.9956611 -1.0069814
1 1.1100953 -0.0284860 -0.0287487
8 -0.0388080 -0.7475004 -0.0089648
5
-114.642     ts77     dynamics     sesquiterpene     TS     runpoint      4     runisomer      110
6 -0.0450071 0.6307919 0.0267532
1 -0.1693363 1.1252627 0.8508426
1 -0.2069432 0.9768666 -1.0098002
1 1.1215299 0.0311749 -0.0010876
8 -0.0411458 -0.7447388 -0.0099854
5
-114.636     ts77     dynamics     sesquiterpene     TS     runpoint      5     runisomer      110
6 -0.0450820 0.6227478 0.0234678
1 -0.1278393 1.1187962 0.8624855
1 -0.1945454 0.9679319 -1.0030230
1 1.1200525 0.1131805 0.0272443
8 -0.0443926 -0.7428996 -0.0104650
5
-114.645     ts77     dynamics     sesquiterpene     TS     runpoint      6     runisomer      110
6 -0.0413926 0.6109193 0.0155042
1 -0.0983118 1.1397589 0.9157848
1 -0.1860302 0.9706270 -0.9897777
1 1.1092339 0.2194813 0.0547024
8 -0.0488767 -0.7422135 -0.0104120
5
-114.663     ts77     dynamics     sesquiterpene     TS     runpoint      7     runisomer      110
6 -0.0341105 0.5969899 0.0060089
1 -0.0798452 1.1709946 0.9810607
1 -0.1829465 0.9863120 -0.9751437
1 1.0938066 0.3480783 0.0793998
8 -0.0547275 -0.7428231 -0.0098786
5
-114.674     ts77     dynamics     sesquiterpene     TS     runpoint      8     runisomer      110
6 -0.0237114 0.5826479 -0.0024513
1 -0.0729838 1.1983270 1.0347534
1 -0.1867785 1.0151263 -0.9632516
1 1.0799788 0.4932153 0.0997530
8 -0.0618517 -0.7447455 -0.0089459
5
-114.677     ts77     dynamics     sesquiterpene     TS     runpoint      9     runisomer      110
6 -0.0109555 0.5691731 -0.0087528
1 -0.0783729 1.2142491 1.0659814
1 -0.1986030 1.0548977 -0.9545317
1 1.0744254 0.6475056 0.1151112
8 -0.0699891 -0.7478678 -0.0077022
5
-114.678     ts77     dynamics     sesquiterpene     TS     runpoint      10     runisomer      110
6 0.0035095 0.5575386 -0.0128302
1 -0.0958114 1.2152218 1.0716743
1 -0.2187071 1.1007944 -0.9455966
1 1.0795803 0.8040391 0.1256161
8 -0.0788031 -0.7519561 -0.0062260
5
-114.654160 ts77 dynamics sesquiterpene TS runpoint 1  runisomer  110
6 -0.0276771 0.6376007 0.0128060
1 -0.3426498 1.2533619 0.9875741
1 -0.2551110 1.0554577 -0.9740910
1 1.0437760 -0.1001136 -0.0783122
8 -0.0352934 -0.7546006 -0.0055236
5
-114.643 ts77 dynamics sesquiterpene TS runpoint 2  runisomer  110
6 -0.0200086 0.638999 0.00733086
1 -0.394505 1.28164 1.01382
1 -0.272363 1.09283 -0.949397
1 0.993644 -0.123957 -0.0993212
8 -0.0335337 -0.758284 -0.00330194
5
-114.639     ts77     dynamics     sesquiterpene     TS     runpoint      3     runisomer      110
6 -0.0133460 0.6414872 0.0035382
1 -0.4346985 1.2904457 1.0140391
1 -0.2893882 1.1326673 -0.9237589
1 0.9406671 -0.1487107 -0.1180408
8 -0.0315908 -0.7616553 -0.0009057
5
-114.637     ts77     dynamics     sesquiterpene     TS     runpoint      4     runisomer      110
6 -0.0087570 0.6456999 0.0019151
1 -0.4606072 1.2783981 0.9880791
1 -0.3053847 1.1727033 -0.8999973
1 0.8940881 -0.1818908 -0.1355437
8 -0.0294601 -0.7644880 0.0015529
5
-114.639     ts77     dynamics     sesquiterpene     TS     runpoint      5     runisomer      110
6 -0.0071215 0.6522115 0.0026353
1 -0.4711086 1.2461211 0.9390145
1 -0.3191008 1.2103126 -0.8800374
1 0.8627352 -0.2310810 -0.1536384
8 -0.0271870 -0.7666091 0.0039866
5
-114.647     ts77     dynamics     sesquiterpene     TS     runpoint      6     runisomer      110
6 -0.0088843 0.6612676 0.0054620
1 -0.4674744 1.1968760 0.8740769
1 -0.3289753 1.2428092 -0.8651604
1 0.8522698 -0.3025115 -0.1744850
8 -0.0248141 -0.7678456 0.0063343
5
-114.659     ts77     dynamics     sesquiterpene     TS     runpoint      7     runisomer      110
6 -0.0137659 0.6723553 0.0094239
1 -0.4558084 1.1388914 0.8083012
1 -0.3334921 1.2679864 -0.8562736
1 0.8640802 -0.3997717 -0.2000107
8 -0.0223474 -0.7679677 0.0085546
5
-114.668     ts77     dynamics     sesquiterpene     TS     runpoint      8     runisomer      110
6 -0.0205066 0.6839094 0.0123976
1 -0.4503601 1.0876810 0.7689885
1 -0.3315732 1.2845574 -0.8538126
1 0.8947329 -0.5235201 -0.2310818
8 -0.0196866 -0.7666563 0.0106043
5
-114.672     ts77     dynamics     sesquiterpene     TS     runpoint      9     runisomer      110
6 -0.0272974 0.6939880 0.0118987
1 -0.4687806 1.0591422 0.7859143
1 -0.3229058 1.2922887 -0.8575089
1 0.9338838 -0.6715596 -0.2662255
8 -0.0164466 -0.7635784 0.0123599
5
-114.686     ts77     dynamics     sesquiterpene     TS     runpoint      10     runisomer      110
6 -0.0335955 0.7020254 0.0080973
1 -0.5113414 1.0514063 0.8558660
1 -0.3081615 1.2919619 -0.8666735
1 0.9648006 -0.8375467 -0.3011439
8 -0.0119189 -0.7586405 0.0135829
5
-114.704     ts77     dynamics     sesquiterpene     TS     runpoint      11     runisomer      110
6 -0.0402132 0.7085246 0.0037217
1 -0.5610448 1.0503730 0.9444139
1 -0.2888416 1.2851788 -0.8806442
1 0.9712071 -1.0097885 -0.3305280
8 -0.0054460 -0.7521721 0.0140185
5
-114.704     ts77     dynamics     sesquiterpene     TS     runpoint      12     runisomer      110
6 -0.0477189 0.7137130 0.0010327
1 -0.6036821 1.0465278 1.0218894
1 -0.2667293 1.2738685 -0.8986653
1 0.9437495 -1.1735270 -0.3504401
8 0.0032064 -0.7447920 0.0135464
5
-114.69     ts77     dynamics     sesquiterpene     TS     runpoint      13     runisomer      110
6 -0.0561418 0.7174770 0.0010325
1 -0.6324107 1.0363144 1.0724581
1 -0.2433668 1.2596449 -0.9193928
1 0.8809297 -1.3147665 -0.3592267
8 0.0138190 -0.7371766 0.0122209
5
-114.676     ts77     dynamics     sesquiterpene     TS     runpoint      14     runisomer      110
6 -0.0652575 0.7196522 0.0038713
1 -0.6448036 1.0190956 1.0892025
1 -0.2198639 1.2434203 -0.9404843
1 0.7868984 -1.4226508 -0.3573035
8 0.0258799 -0.7299043 0.0102459
5
-114.669     ts77     dynamics     sesquiterpene     TS     runpoint      15     runisomer      110
6 -0.0747795 0.7201263 0.0092063
1 -0.6407332 0.9955542 1.0702031
1 -0.1970045 1.2254926 -0.9587371
1 0.6693412 -1.4906958 -0.3468557
8 0.0387307 -0.7233596 0.0079336
5
-114.671     ts77     dynamics     sesquiterpene     TS     runpoint      16     runisomer      110
6 -0.0843982 0.7187830 0.0163437
1 -0.6220668 0.9674430 1.0178849
1 -0.1754253 1.2059854 -0.9708060
1 0.5385992 -1.5188988 -0.3321706
8 0.0516459 -0.7175758 0.0057123
5
-114.678     ts77     dynamics     sesquiterpene     TS     runpoint      17     runisomer      110
6 -0.0936747 0.7153598 0.0240950
1 -0.5941908 0.9383118 0.9418642
1 -0.1556596 1.1853150 -0.9741137
1 0.4073531 -1.5184565 -0.3209332
8 0.0638707 -0.7118988 0.0041887
5
-114.678     ts77     dynamics     sesquiterpene     TS     runpoint      18     runisomer      110
6 -0.1017366 0.7092966 0.0303126
1 -0.5695577 0.9149796 0.8653257
1 -0.1381029 1.1645666 -0.9677038
1 0.2871944 -1.5150528 -0.3250692
8 0.0748290 -0.7047882 0.0042054
