5
-114.654160 ts77 dynamics sesquiterpene TS runpoint 1  runisomer  60
6 -0.0427730 0.6268600 0.0170803
1 -0.2314781 1.1642489 0.9093425
1 -0.1785011 1.0987374 -1.0008917
1 0.9485655 -0.0674794 -0.0699828
8 -0.0298007 -0.7457109 -0.0026369
5
-114.65 ts77 dynamics sesquiterpene TS runpoint 2  runisomer  60
6 -0.0479984 0.620912 0.0164719
1 -0.194725 1.12892 0.947804
1 -0.176786 1.13427 -1.07693
1 1.00582 -0.0420178 -0.0468726
8 -0.0319119 -0.742866 -0.00126898
5
-114.643     ts77     dynamics     sesquiterpene     TS     runpoint      3     runisomer      60
6 -0.0520087 0.6155692 0.0129511
1 -0.1622331 1.0985576 0.9886603
1 -0.1759032 1.1620846 -1.1238051
1 1.0622188 -0.0075160 -0.0226040
8 -0.0345587 -0.7408716 0.0002234
5
-114.634     ts77     dynamics     sesquiterpene     TS     runpoint      4     runisomer      60
6 -0.0538555 0.6106876 0.0068581
1 -0.1345070 1.0723318 1.0239935
1 -0.1758937 1.1793294 -1.1354642
1 1.1113659 0.0437104 0.0021239
8 -0.0380178 -0.7398725 0.0017444
5
-114.632     ts77     dynamics     sesquiterpene     TS     runpoint      5     runisomer      60
6 -0.0527488 0.6060201 -0.0010619
1 -0.1123587 1.0494900 1.0466178
1 -0.1769968 1.1848390 -1.1107570
1 1.1503318 0.1175879 0.0261401
8 -0.0426304 -0.7399351 0.0031899
5
-114.639     ts77     dynamics     sesquiterpene     TS     runpoint      6     runisomer      60
6 -0.0481700 0.6013368 -0.0099505
1 -0.0969246 1.0299599 1.0520058
1 -0.1795513 1.1786640 -1.0521401
1 1.1778494 0.2163427 0.0479856
8 -0.0486110 -0.7410255 0.0044487
5
-114.653     ts77     dynamics     sesquiterpene     TS     runpoint      7     runisomer      60
6 -0.0398275 0.5964757 -0.0187892
1 -0.0895432 1.0142825 1.0389945
1 -0.1844328 1.1630305 -0.9672466
1 1.1925141 0.3379837 0.0660578
8 -0.0559517 -0.7430720 0.0054114
5
-114.669     ts77     dynamics     sesquiterpene     TS     runpoint      8     runisomer      60
6 -0.0275160 0.5911182 -0.0261022
1 -0.0915790 1.0033611 1.0100796
1 -0.1941813 1.1451524 -0.8730691
1 1.1928888 0.4772555 0.0788069
8 -0.0644709 -0.7460144 0.0059815
5
-114.678     ts77     dynamics     sesquiterpene     TS     runpoint      9     runisomer      60
6 -0.0109580 0.5844480 -0.0298099
1 -0.1042269 0.9982362 0.9716871
1 -0.2148122 1.1402148 -0.7985471
1 1.1787616 0.6269676 0.0850667
8 -0.0739073 -0.7498101 0.0060929
5
-114.678     ts77     dynamics     sesquiterpene     TS     runpoint      10     runisomer      60
6 0.0100912 0.5756734 -0.0285058
1 -0.1283862 0.9998183 0.9339210
1 -0.2548184 1.1637132 -0.7698183
1 1.1522380 0.7793366 0.0844504
8 -0.0839852 -0.7544087 0.0057228
5
-114.654160 ts77 dynamics sesquiterpene TS runpoint 1  runisomer  60
6 -0.0427730 0.6268600 0.0170803
1 -0.2314781 1.1642489 0.9093425
1 -0.1785011 1.0987374 -1.0008917
1 0.9485655 -0.0674794 -0.0699828
8 -0.0298007 -0.7457109 -0.0026369
5
-114.65 ts77 dynamics sesquiterpene TS runpoint 2  runisomer  60
6 -0.0372746 0.63336 0.0155111
1 -0.271837 1.20396 0.878855
1 -0.181932 1.06206 -0.911443
1 0.899954 -0.091844 -0.0918939
8 -0.0281038 -0.749244 -0.00379436
5
-114.648     ts77     dynamics     sesquiterpene     TS     runpoint      3     runisomer      60
6 -0.0321825 0.6399365 0.0143134
1 -0.3143020 1.2449171 0.8576351
1 -0.1904779 1.0375228 -0.8407164
1 0.8696809 -0.1224779 -0.1132725
8 -0.0268033 -0.7532828 -0.0046675
5
-114.635     ts77     dynamics     sesquiterpene     TS     runpoint      4     runisomer      60
6 -0.0277127 0.6457743 0.0170346
1 -0.3565396 1.2822146 0.8437708
1 -0.2101161 1.0416734 -0.8287998
1 0.8632041 -0.1655121 -0.1352268
8 -0.0258504 -0.7575627 -0.0052043
5
-114.635     ts77     dynamics     sesquiterpene     TS     runpoint      5     runisomer      60
6 -0.0241692 0.6511423 0.0242748
1 -0.3962826 1.3110801 0.8346159
1 -0.2412998 1.0746528 -0.8796407
1 0.8788864 -0.2260107 -0.1587618
8 -0.0250281 -0.7616761 -0.0053722
5
-114.652     ts77     dynamics     sesquiterpene     TS     runpoint      6     runisomer      60
6 -0.0223214 0.6575185 0.0331893
1 -0.4321170 1.3280455 0.8280154
1 -0.2753044 1.1184942 -0.9566972
1 0.9085079 -0.3088855 -0.1842066
8 -0.0238802 -0.7650703 -0.0051849
5
-114.663     ts77     dynamics     sesquiterpene     TS     runpoint      7     runisomer      60
6 -0.0227631 0.6658988 0.0412327
1 -0.4636587 1.3312814 0.8225431
1 -0.3037115 1.1580380 -1.0277404
1 0.9404698 -0.4184889 -0.2109661
8 -0.0217844 -0.7671466 -0.0047123
5
-114.667     ts77     dynamics     sesquiterpene     TS     runpoint      8     runisomer      60
6 -0.0256398 0.6763740 0.0470716
1 -0.4914149 1.3206782 0.8178879
1 -0.3221287 1.1860313 -1.0763674
1 0.9638593 -0.5558396 -0.2377232
8 -0.0181893 -0.7674477 -0.0040484
5
-114.672     ts77     dynamics     sesquiterpene     TS     runpoint      9     runisomer      60
6 -0.0306882 0.6883875 0.0499815
1 -0.5166115 1.2977591 0.8151847
1 -0.3288613 1.1998623 -1.0956564
1 0.9713381 -0.7161209 -0.2629008
8 -0.0128601 -0.7657901 -0.0032572
5
-114.681     ts77     dynamics     sesquiterpene     TS     runpoint      10     runisomer      60
6 -0.0373404 0.7010557 0.0494512
1 -0.5410789 1.2651937 0.8168597
1 -0.3235916 1.1991070 -1.0832669
1 0.9595757 -0.8895787 -0.2850804
8 -0.0059171 -0.7622653 -0.0023454
5
-114.69     ts77     dynamics     sesquiterpene     TS     runpoint      11     runisomer      60
6 -0.0448826 0.7134544 0.0451823
1 -0.5667630 1.2257654 0.8256316
1 -0.3069280 1.1847387 -1.0400140
1 0.9274070 -1.0642131 -0.3030015
8 0.0023387 -0.7571734 -0.0012890
5
-114.698     ts77     dynamics     sesquiterpene     TS     runpoint      12     runisomer      60
6 -0.0526212 0.7247614 0.0374279
1 -0.5946159 1.1811438 0.8426790
1 -0.2806999 1.1597384 -0.9715089
1 0.8740984 -1.2275101 -0.3154092
8 0.0116075 -0.7509800 -0.0000783
5
-114.7     ts77     dynamics     sesquiterpene     TS     runpoint      13     runisomer      60
6 -0.0599442 0.7341075 0.0276130
1 -0.6235801 1.1315048 0.8659783
1 -0.2490225 1.1313822 -0.8935690
1 0.7998350 -1.3675987 -0.3213990
8 0.0216128 -0.7442509 0.0012864
5
-114.69     ts77     dynamics     sesquiterpene     TS     runpoint      14     runisomer      60
6 -0.0662485 0.7401655 0.0189473
1 -0.6508366 1.0765423 0.8903748
1 -0.2193056 1.1145115 -0.8395463
1 0.7069813 -1.4748920 -0.3210931
8 0.0320412 -0.7375088 0.0028289
5
-114.668     ts77     dynamics     sesquiterpene     TS     runpoint      15     runisomer      60
6 -0.0710944 0.7413625 0.0152412
1 -0.6733654 1.0169155 0.9096878
1 -0.1987810 1.1268708 -0.8485267
1 0.6002134 -1.5437113 -0.3160098
8 0.0425319 -0.7310919 0.0046398
5
-114.664     ts77     dynamics     sesquiterpene     TS     runpoint      16     runisomer      60
6 -0.0747363 0.7376164 0.0165301
1 -0.6895969 0.9548619 0.9194172
1 -0.1863813 1.1677231 -0.9161644
1 0.4858622 -1.5737878 -0.3092124
8 0.0527137 -0.7250495 0.0068952
5
-114.673     ts77     dynamics     sesquiterpene     TS     runpoint      17     runisomer      60
6 -0.0777299 0.7302671 0.0194450
1 -0.6999900 0.8939289 0.9180503
1 -0.1769470 1.2187475 -1.0003030
1 0.3711290 -1.5724569 -0.3057695
8 0.0622528 -0.7189963 0.0098805
5
-114.671     ts77     dynamics     sesquiterpene     TS     runpoint      18     runisomer      60
6 -0.0803646 0.7203919 0.0212535
1 -0.7066948 0.8384158 0.9069504
1 -0.1681099 1.2647448 -1.0687616
1 0.2624168 -1.5563205 -0.3133977
8 0.0709482 -0.7120044 0.0140199
5
-114.661     ts77     dynamics     sesquiterpene     TS     runpoint      19     runisomer      60
6 -0.0827339 0.7085720 0.0205422
1 -0.7129541 0.7927339 0.8896849
1 -0.1596235 1.2977812 -1.1068516
1 0.1613981 -1.5449723 -0.3408410
8 0.0789526 -0.7030539 0.0197736
5
-114.654     ts77     dynamics     sesquiterpene     TS     runpoint      20     runisomer      60
6 -0.0849059 0.6952727 0.0166531
1 -0.7221889 0.7608495 0.8707069
1 -0.1518114 1.3141781 -1.1096199
1 0.0631952 -1.5427054 -0.3912033
8 0.0868627 -0.6922428 0.0272379
5
-114.658     ts77     dynamics     sesquiterpene     TS     runpoint      21     runisomer      60
6 -0.0870602 0.6810691 0.0094208
1 -0.7367093 0.7458785 0.8534950
1 -0.1448901 1.3123433 -1.0768614
1 -0.0368108 -1.5335683 -0.4575750
8 0.0952625 -0.6811028 0.0358692
5
-114.667     ts77     dynamics     sesquiterpene     TS     runpoint      22     runisomer      60
6 -0.0895617 0.6666215 -0.0007800
1 -0.7565215 0.7497137 0.8390278
1 -0.1387374 1.2923008 -1.0120291
1 -0.1376309 -1.4995546 -0.5283340
8 0.1043571 -0.6713855 0.0448101
5
-114.68     ts77     dynamics     sesquiterpene     TS     runpoint      23     runisomer      60
6 -0.0929250 0.6524723 -0.0128204
1 -0.7791222 0.7725840 0.8256655
1 -0.1328765 1.2571741 -0.9245348
1 -0.2344993 -1.4319918 -0.5929389
8 0.1140420 -0.6642549 0.0532457
5
-114.69     ts77     dynamics     sesquiterpene     TS     runpoint      24     runisomer      60
6 -0.0976607 0.6386455 -0.0244485
1 -0.8005550 0.8126971 0.8104875
1 -0.1266667 1.2174166 -0.8354806
1 -0.3216239 -1.3311544 -0.6435425
8 0.1240474 -0.6602580 0.0605072
5
-114.689     ts77     dynamics     sesquiterpene     TS     runpoint      25     runisomer      60
6 -0.1041270 0.6242754 -0.0321260
1 -0.8170815 0.8663209 0.7910032
1 -0.1192959 1.1953012 -0.7815357
1 -0.3937341 -1.2035159 -0.6749996
8 0.1340215 -0.6595039 0.0660801
5
-114.681     ts77     dynamics     sesquiterpene     TS     runpoint      26     runisomer      60
6 -0.1125138 0.6087629 -0.0329814
1 -0.8265016 0.9284017 0.7662781
1 -0.1088039 1.2113304 -0.7929984
1 -0.4472994 -1.0600671 -0.6852359
8 0.1436250 -0.6618265 0.0696495
5
-114.687     ts77     dynamics     sesquiterpene     TS     runpoint      27     runisomer      60
6 -0.1228103 0.5943887 -0.0281266
1 -0.8285077 0.9934694 0.7371648
1 -0.0925824 1.2532554 -0.8550048
1 -0.4818971 -0.9149070 -0.6762379
8 0.1526371 -0.6669313 0.0711859
5
-114.693     ts77     dynamics     sesquiterpene     TS     runpoint      28     runisomer      60
6 -0.1346415 0.5846463 -0.0205525
1 -0.8240593 1.0565692 0.7057433
1 -0.0703347 1.2931833 -0.9322108
1 -0.5012266 -0.7826858 -0.6547146
8 0.1610526 -0.6744446 0.0709949
5
-114.681     ts77     dynamics     sesquiterpene     TS     runpoint      29     runisomer      60
6 -0.1473978 0.5816610 -0.0123898
1 -0.8147711 1.1140682 0.6749033
1 -0.0436352 1.3140439 -1.0010445
1 -0.5125553 -0.6750549 -0.6307609
8 0.1690725 -0.6839254 0.0696445
5
-114.662     ts77     dynamics     sesquiterpene     TS     runpoint      30     runisomer      60
6 -0.1603964 0.5859581 -0.0049032
1 -0.8027147 1.1641375 0.6482060
1 -0.0144311 1.3097508 -1.0499478
1 -0.5235217 -0.5983954 -0.6137688
8 0.1769199 -0.6948637 0.0677242
5
-114.648     ts77     dynamics     sesquiterpene     TS     runpoint      31     runisomer      60
6 -0.1729516 0.5969308 0.0010119
1 -0.7902821 1.2067403 0.6295295
1 0.0153902 1.2798674 -1.0734197
1 -0.5379759 -0.5545006 -0.6081017
8 0.1845922 -0.7066641 0.0655882
5
-114.643     ts77     dynamics     sesquiterpene     TS     runpoint      32     runisomer      60
6 -0.1844355 0.6133106 0.0046254
1 -0.7797482 1.2430081 0.6223187
1 0.0439709 1.2267901 -1.0689348
1 -0.5544995 -0.5426471 -0.6121502
8 0.1917876 -0.7186408 0.0633069
5
-114.647     ts77     dynamics     sesquiterpene     TS     runpoint      33     runisomer      60
6 -0.1943593 0.6335639 0.0054710
1 -0.7724718 1.2740873 0.6285517
1 0.0695706 1.1551690 -1.0366079
1 -0.5680828 -0.5611377 -0.6205650
8 0.1980209 -0.7301162 0.0607756
5
-114.657     ts77     dynamics     sesquiterpene     TS     runpoint      34     runisomer      60
6 -0.2024832 0.6561362 0.0036882
1 -0.7681455 1.3000300 0.6478091
1 0.0912520 1.0727412 -0.9813883
1 -0.5726938 -0.6081975 -0.6271876
8 0.2027719 -0.7405263 0.0578412
5
-114.667     ts77     dynamics     sesquiterpene     TS     runpoint      35     runisomer      60
6 -0.2089814 0.6794377 0.0005174
1 -0.7647280 1.3195777 0.6769954
1 0.1108627 0.9916933 -0.9181291
1 -0.5635493 -0.6819679 -0.6273457
8 0.2056243 -0.7494845 0.0544075
5
-114.669     ts77     dynamics     sesquiterpene     TS     runpoint      36     runisomer      60
6 -0.2146252 0.7017890 -0.0014520
1 -0.7592807 1.3310435 0.7111331
1 0.1359047 0.9275890 -0.8755112
1 -0.5391522 -0.7795013 -0.6194687
8 0.2064044 -0.7567916 0.0505554
5
-114.665     ts77     dynamics     sesquiterpene     TS     runpoint      37     runisomer      60
6 -0.2204185 0.7218725 0.0002224
1 -0.7493103 1.3335567 0.7452225
1 0.1761817 0.8912698 -0.8807091
1 -0.5029239 -0.8960602 -0.6060821
8 0.2053058 -0.7623855 0.0466374
5
-114.67     ts77     dynamics     sesquiterpene     TS     runpoint      38     runisomer      60
6 -0.2263124 0.7391652 0.0048976
1 -0.7338195 1.3277602 0.7762970
1 0.2295714 0.8821525 -0.9266392
1 -0.4623947 -1.0262132 -0.5928266
8 0.2028376 -0.7662193 0.0432319
5
-114.677     ts77     dynamics     sesquiterpene     TS     runpoint      39     runisomer      60
6 -0.2312369 0.7533661 0.0097493
1 -0.7133517 1.3155970 0.8040639
1 0.2827388 0.8951293 -0.9826646
1 -0.4233101 -1.1645427 -0.5831928
8 0.1994350 -0.7682088 0.0407681
5
-114.675     ts77     dynamics     sesquiterpene     TS     runpoint      40     runisomer      60
6 -0.2342627 0.7640927 0.0124055
1 -0.6892142 1.2995427 0.8300373
1 0.3242902 0.9258698 -1.0245230
1 -0.3840461 -1.3025768 -0.5732479
8 0.1950965 -0.7684853 0.0391511
5
-114.666     ts77     dynamics     sesquiterpene     TS     runpoint      41     runisomer      60
6 -0.2349620 0.7710325 0.0115565
1 -0.6625100 1.2816703 0.8560262
1 0.3483463 0.9707427 -1.0397677
1 -0.3394424 -1.4276243 -0.5551476
8 0.1896174 -0.7675136 0.0379729
5
-114.657     ts77     dynamics     sesquiterpene     TS     runpoint      42     runisomer      60
6 -0.2333181 0.7740623 0.0067219
1 -0.6334238 1.2628634 0.8826175
1 0.3529323 1.0262553 -1.0236567
1 -0.2869871 -1.5271940 -0.5236728
8 0.1829613 -0.7658259 0.0369291
5
-114.653     ts77     dynamics     sesquiterpene     TS     runpoint      43     runisomer      60
6 -0.2296245 0.7732438 -0.0019093
1 -0.6011522 1.2426017 0.9084108
1 0.3388207 1.0889578 -0.9765964
1 -0.2279394 -1.5927927 -0.4780726
8 0.1753294 -0.7637536 0.0359433
5
-114.658     ts77     dynamics     sesquiterpene     TS     runpoint      44     runisomer      60
6 -0.2244575 0.7687053 -0.0134963
1 -0.5645107 1.2194137 0.9305031
1 0.3098788 1.1560058 -0.9044815
1 -0.1660671 -1.6212163 -0.4212867
8 0.1670720 -0.7613223 0.0351247
5
-114.666     ts77     dynamics     sesquiterpene     TS     runpoint      45     runisomer      60
6 -0.2187101 0.7603905 -0.0264990
1 -0.5227963 1.1916181 0.9458873
1 0.2744075 1.2269575 -0.8206769
1 -0.1067913 -1.6160695 -0.3595439
8 0.1586345 -0.7581283 0.0347430
5
-114.671     ts77     dynamics     sesquiterpene     TS     runpoint      46     runisomer      60
6 -0.2135137 0.7478255 -0.0388959
1 -0.4764224 1.1579504 0.9529842
1 0.2448194 1.3060324 -0.7449424
1 -0.0568999 -1.5913104 -0.3027967
8 0.1505390 -0.7531222 0.0352517
5
-114.668     ts77     dynamics     sesquiterpene     TS     runpoint      47     runisomer      60
6 -0.2096578 0.7304835 -0.0492686
1 -0.4270731 1.1179809 0.9527206
1 0.2306577 1.3981376 -0.6918524
1 -0.0232553 -1.5725212 -0.2637130
8 0.1433123 -0.7445795 0.0372458
5
-114.665     ts77     dynamics     sesquiterpene     TS     runpoint      48     runisomer      60
6 -0.2069597 0.7089213 -0.0578392
1 -0.3772440 1.0724099 0.9485794
1 0.2303730 1.4967653 -0.6590807
1 -0.0085523 -1.5805907 -0.2507739
8 0.1372425 -0.7312370 0.0410595
5
-114.668     ts77     dynamics     sesquiterpene     TS     runpoint      49     runisomer      60
6 -0.2047675 0.6848011 -0.0656425
1 -0.3294110 1.0231509 0.9452493
1 0.2361669 1.5851382 -0.6363565
1 -0.0088093 -1.6062200 -0.2610781
8 0.1322387 -0.7139909 0.0463453
5
-114.667     ts77     dynamics     sesquiterpene     TS     runpoint      50     runisomer      60
6 -0.2026903 0.6599135 -0.0733885
1 -0.2854367 0.9730124 0.9465522
1 0.2420721 1.6486306 -0.6169971
1 -0.0180461 -1.6230687 -0.2862119
8 0.1281227 -0.6950993 0.0524406
5
-114.66     ts77     dynamics     sesquiterpene     TS     runpoint      51     runisomer      60
6 -0.2007035 0.6358094 -0.0812044
1 -0.2465531 0.9251439 0.9537445
1 0.2453523 1.6792573 -0.5989062
1 -0.0319279 -1.6122600 -0.3197130
8 0.1248544 -0.6766089 0.0588252
5
-114.654     ts77     dynamics     sesquiterpene     TS     runpoint      52     runisomer      60
6 -0.1990033 0.6139097 -0.0887637
1 -0.2137346 0.8826973 0.9651554
1 0.2452391 1.6740453 -0.5824039
1 -0.0478311 -1.5670489 -0.3582613
8 0.1225223 -0.6600250 0.0651699
5
-114.653     ts77     dynamics     sesquiterpene     TS     runpoint      53     runisomer      60
6 -0.1978668 0.5955965 -0.0954864
1 -0.1880430 0.8487704 0.9773222
1 0.2419794 1.6331734 -0.5689270
1 -0.0644003 -1.4905339 -0.4013527
8 0.1213030 -0.6463934 0.0713158
5
-114.658     ts77     dynamics     sesquiterpene     TS     runpoint      54     runisomer      60
6 -0.1975993 0.5820865 -0.1006904
1 -0.1706551 0.8263312 0.9866836
1 0.2366462 1.5597479 -0.5608183
1 -0.0817160 -1.3945353 -0.4521366
8 0.1214363 -0.6362644 0.0773231
5
-114.665     ts77     dynamics     sesquiterpene     TS     runpoint      55     runisomer      60
6 -0.1985431 0.5740812 -0.1036320
1 -0.1626200 0.8179162 0.9907029
1 0.2318829 1.4617235 -0.5621160
1 -0.1014290 -1.2967858 -0.5181080
8 0.1231828 -0.6297084 0.0835192
5
-114.67     ts77     dynamics     sesquiterpene     TS     runpoint      56     runisomer      60
6 -0.2012050 0.5712802 -0.1033701
1 -0.1645153 0.8252867 0.9881105
1 0.2337691 1.3553390 -0.5805011
1 -0.1243262 -1.2096825 -0.6049304
8 0.1266263 -0.6268542 0.0901184
5
-114.674     ts77     dynamics     sesquiterpene     TS     runpoint      57     runisomer      60
6 -0.2063159 0.5723413 -0.0986926
1 -0.1761761 0.8493001 0.9786477
1 0.2525780 1.2636740 -0.6282640
1 -0.1461111 -1.1310373 -0.7042352
8 0.1313853 -0.6283407 0.0964750
5
-114.678     ts77     dynamics     sesquiterpene     TS     runpoint      58     runisomer      60
6 -0.2141648 0.5762737 -0.0889590
1 -0.1965354 0.8899742 0.9630221
1 0.2942966 1.1989651 -0.7130541
1 -0.1593690 -1.0540833 -0.7969936
8 0.1367653 -0.6346242 0.1013469
5
-114.688     ts77     dynamics     sesquiterpene     TS     runpoint      59     runisomer      60
6 -0.2236437 0.5835155 -0.0754887
1 -0.2236509 0.9465963 0.9433384
1 0.3485558 1.1501565 -0.8223215
1 -0.1586402 -0.9770014 -0.8668195
8 0.1421220 -0.6454040 0.1037689
5
-114.694     ts77     dynamics     sesquiterpene     TS     runpoint      60     runisomer      60
6 -0.2330451 0.5943613 -0.0607684
1 -0.2550841 1.0177407 0.9227886
1 0.3978854 1.1030241 -0.9321493
1 -0.1417790 -0.9023309 -0.9046017
8 0.1469867 -0.6597560 0.1033234
5
-114.69     ts77     dynamics     sesquiterpene     TS     runpoint      61     runisomer      60
6 -0.2411422 0.6081482 -0.0468154
1 -0.2884010 1.1009549 0.9037995
1 0.4305247 1.0528370 -1.0240683
1 -0.1092339 -0.8346440 -0.9078885
8 0.1510559 -0.6764433 0.1000533
5
-114.684     ts77     dynamics     sesquiterpene     TS     runpoint      62     runisomer      60
6 -0.2472934 0.6238539 -0.0347085
1 -0.3214161 1.1920862 0.8859997
1 0.4412691 1.0010099 -1.0880897
1 -0.0634575 -0.7793913 -0.8812890
8 0.1541922 -0.6941817 0.0944524
5
-114.678     ts77     dynamics     sesquiterpene     TS     runpoint      63     runisomer      60
6 -0.2512369 0.6406397 -0.0248092
1 -0.3521408 1.2850647 0.8662007
1 0.4285014 0.9508747 -1.1197007
1 -0.0087902 -0.7420453 -0.8397291
8 0.1564490 -0.7118257 0.0876473
