5
-114.654160 ts77 dynamics sesquiterpene TS runpoint 1  runisomer  93
6 -0.0404356 0.6304333 0.0034137
1 -0.2043846 1.1484506 0.8483894
1 -0.2695631 1.1941604 -0.9165220
1 1.0134920 -0.0884570 0.0451478
8 -0.0316140 -0.7520875 -0.0011127
5
-114.647 ts77 dynamics sesquiterpene TS runpoint 2  runisomer  93
6 -0.037059 0.623117 0.00301288
1 -0.241753 1.17582 0.931775
1 -0.268213 1.13848 -0.947254
1 1.0661 -0.0726058 0.0203093
8 -0.0351928 -0.745814 -0.00256476
5
-114.651     ts77     dynamics     sesquiterpene     TS     runpoint      3     runisomer      93
6 -0.0324227 0.6160311 0.0023335
1 -0.2795557 1.2000578 1.0126125
1 -0.2660623 1.0808115 -0.9731509
1 1.1079979 -0.0450632 -0.0051924
8 -0.0390645 -0.7401260 -0.0039105
5
-114.644     ts77     dynamics     sesquiterpene     TS     runpoint      4     runisomer      93
6 -0.0263267 0.6094416 0.0026754
1 -0.3129448 1.2124842 1.0711420
1 -0.2636185 1.0253722 -0.9922424
1 1.1371138 0.0011570 -0.0303200
8 -0.0435240 -0.7353840 -0.0050692
5
-114.637     ts77     dynamics     sesquiterpene     TS     runpoint      5     runisomer      93
6 -0.0185694 0.6031518 0.0044547
1 -0.3389139 1.2103799 1.0988176
1 -0.2614887 0.9763134 -1.0037235
1 1.1539618 0.0718564 -0.0539025
8 -0.0489044 -0.7318951 -0.0059391
5
-114.637     ts77     dynamics     sesquiterpene     TS     runpoint      6     runisomer      93
6 -0.0090624 0.5969549 0.0076655
1 -0.3555190 1.1935847 1.0927918
1 -0.2604304 0.9371984 -1.0076320
1 1.1600543 0.1702624 -0.0746051
8 -0.0554407 -0.7299224 -0.0064173
5
-114.647     ts77     dynamics     sesquiterpene     TS     runpoint      7     runisomer      93
6 0.0021244 0.5908912 0.0120811
1 -0.3616411 1.1631716 1.0534780
1 -0.2614799 0.9106458 -1.0045416
1 1.1569054 0.2960462 -0.0909245
8 -0.0631834 -0.7297075 -0.0064181
5
-114.665     ts77     dynamics     sesquiterpene     TS     runpoint      8     runisomer      93
6 0.0147541 0.5852542 0.0172720
1 -0.3574807 1.1216790 0.9848164
1 -0.2658973 0.8979963 -0.9953858
1 1.1466304 0.4451523 -0.1014914
8 -0.0719952 -0.7314618 -0.0058968
5
-114.685     ts77     dynamics     sesquiterpene     TS     runpoint      9     runisomer      93
6 0.0285265 0.5803178 0.0224391
1 -0.3461892 1.0747992 0.8972125
1 -0.2748366 0.8989049 -0.9814001
1 1.1329803 0.6107975 -0.1057120
8 -0.0816159 -0.7352988 -0.0048687
5
-114.698     ts77     dynamics     sesquiterpene     TS     runpoint      10     runisomer      93
6 0.0435447 0.5758372 0.0260761
1 -0.3371169 1.0344039 0.8126253
1 -0.2889509 0.9108215 -0.9641855
1 1.1199611 0.7855992 -0.1043189
8 -0.0917447 -0.7411566 -0.0034404
5
-114.654160 ts77 dynamics sesquiterpene TS runpoint 1  runisomer  93
6 -0.0404356 0.6304333 0.0034137
1 -0.2043846 1.1484506 0.8483894
1 -0.2695631 1.1941604 -0.9165220
1 1.0134920 -0.0884570 0.0451478
8 -0.0316140 -0.7520875 -0.0011127
5
-114.647 ts77 dynamics sesquiterpene TS runpoint 2  runisomer  93
6 -0.0426849 0.63688 0.00100298
1 -0.174168 1.1358 0.79758
1 -0.269853 1.2442 -0.884166
1 0.955688 -0.0998191 0.068545
8 -0.0281699 -0.758564 0.000384579
5
-114.635     ts77     dynamics     sesquiterpene     TS     runpoint      3     runisomer      93
6 -0.0441815 0.6414115 -0.0064001
1 -0.1552122 1.1543345 0.8106275
1 -0.2693028 1.2861493 -0.8543620
1 0.9015404 -0.1136945 0.0902930
8 -0.0248643 -0.7648995 0.0018694
5
-114.638     ts77     dynamics     sesquiterpene     TS     runpoint      4     runisomer      93
6 -0.0458694 0.6450656 -0.0173901
1 -0.1440367 1.1951338 0.8757600
1 -0.2686948 1.3190554 -0.8315204
1 0.8614336 -0.1366045 0.1111557
8 -0.0218133 -0.7708409 0.0032569
5
-114.646     ts77     dynamics     sesquiterpene     TS     runpoint      5     runisomer      93
6 -0.0486300 0.6498506 -0.0286487
1 -0.1352764 1.2359963 0.9567729
1 -0.2691448 1.3431426 -0.8190387
1 0.8433704 -0.1741535 0.1328399
8 -0.0191263 -0.7761562 0.0044470
5
-114.645     ts77     dynamics     sesquiterpene     TS     runpoint      6     runisomer      93
6 -0.0528114 0.6568436 -0.0378772
1 -0.1261798 1.2627893 1.0274196
1 -0.2717440 1.3591005 -0.8184594
1 0.8491838 -0.2308501 0.1571305
8 -0.0167636 -0.7805220 0.0053523
5
-114.643     ts77     dynamics     sesquiterpene     TS     runpoint      7     runisomer      93
6 -0.0583674 0.6661849 -0.0440036
1 -0.1158982 1.2701464 1.0742909
1 -0.2772616 1.3673498 -0.8293908
1 0.8740089 -0.3106376 0.1848912
8 -0.0144588 -0.7834841 0.0059351
5
-114.646     ts77     dynamics     sesquiterpene     TS     runpoint      8     runisomer      93
6 -0.0651167 0.6775642 -0.0466714
1 -0.1044044 1.2572346 1.0911400
1 -0.2859450 1.3676394 -0.8498116
1 0.9087788 -0.4166550 0.2156870
8 -0.0117620 -0.7845438 0.0062207
5
-114.658     ts77     dynamics     sesquiterpene     TS     runpoint      9     runisomer      93
6 -0.0728302 0.6904383 -0.0459041
1 -0.0920497 1.2255598 1.0756359
1 -0.2974247 1.3591513 -0.8765409
1 0.9433926 -0.5490507 0.2479560
8 -0.0082105 -0.7833284 0.0062740
5
-114.676     ts77     dynamics     sesquiterpene     TS     runpoint      10     runisomer      93
6 -0.0811978 0.7040303 -0.0420345
1 -0.0794064 1.1787339 1.0291921
1 -0.3107975 1.3409805 -0.9058076
1 0.9687024 -0.7031591 0.2793819
8 -0.0034815 -0.7797180 0.0061619
5
-114.694     ts77     dynamics     sesquiterpene     TS     runpoint      11     runisomer      93
6 -0.0898394 0.7172671 -0.0359318
1 -0.0670904 1.1237487 0.9601251
1 -0.3248977 1.3126869 -0.9337945
1 0.9769447 -0.8700009 0.3072738
8 0.0025939 -0.7738874 0.0059413
5
-114.703     ts77     dynamics     sesquiterpene     TS     runpoint      12     runisomer      93
6 -0.0983765 0.7286429 -0.0295850
1 -0.0552284 1.0733241 0.8907693
1 -0.3386548 1.2747355 -0.9571460
1 0.9619701 -1.0378398 0.3289698
8 0.0100623 -0.7662757 0.0056534
5
-114.693     ts77     dynamics     sesquiterpene     TS     runpoint      13     runisomer      93
6 -0.1065696 0.7362462 -0.0263576
1 -0.0423008 1.0456729 0.8608625
1 -0.3514350 1.2287965 -0.9736631
1 0.9203429 -1.1939459 0.3424415
8 0.0188215 -0.7575054 0.0053074
5
-114.677     ts77     dynamics     sesquiterpene     TS     runpoint      14     runisomer      93
6 -0.1142623 0.7387781 -0.0283198
1 -0.0258722 1.0520531 0.8968765
1 -0.3633495 1.1778484 -0.9834905
1 0.8523386 -1.3266399 0.3468475
8 0.0285932 -0.7482336 0.0048501
5
-114.677     ts77     dynamics     sesquiterpene     TS     runpoint      15     runisomer      93
6 -0.1209957 0.7365738 -0.0328770
1 -0.0073250 1.0843871 0.9726435
1 -0.3753820 1.1258770 -0.9899350
1 0.7617868 -1.4270991 0.3427471
8 0.0389397 -0.7390117 0.0041579
5
-114.678     ts77     dynamics     sesquiterpene     TS     runpoint      16     runisomer      93
6 -0.1261510 0.7305248 -0.0360669
1 0.0091760 1.1284245 1.0466717
1 -0.3889615 1.0768191 -0.9978150
1 0.6551745 -1.4907566 0.3322138
8 0.0493408 -0.7301450 0.0030457
5
-114.67     ts77     dynamics     sesquiterpene     TS     runpoint      17     runisomer      93
6 -0.1293621 0.7213027 -0.0355815
1 0.0205369 1.1740991 1.0944020
1 -0.4050838 1.0332865 -1.0099280
1 0.5408672 -1.5191377 0.3192211
8 0.0592526 -0.7215714 0.0012552
5
-114.661     ts77     dynamics     sesquiterpene     TS     runpoint      18     runisomer      93
6 -0.1306441 0.7094551 -0.0307854
1 0.0252900 1.2152318 1.1058318
1 -0.4235429 0.9961233 -1.0244881
1 0.4283438 -1.5226598 0.3103852
8 0.0681690 -0.7127085 -0.0015912
5
-114.656     ts77     dynamics     sesquiterpene     TS     runpoint      19     runisomer      93
6 -0.1303284 0.6955542 -0.0220646
1 0.0230318 1.2477678 1.0786712
1 -0.4429390 0.9651116 -1.0358907
1 0.3254302 -1.5207733 0.3149369
8 0.0757818 -0.7024936 -0.0059914
