5
-114.654160 ts77 dynamics sesquiterpene TS runpoint 1  runisomer  47
6 -0.0129522 0.6130249 0.0163226
1 -0.3845053 1.1862236 0.8105202
1 -0.2813525 1.1139616 -0.8775749
1 0.9052762 -0.0817092 -0.1110721
8 -0.0333228 -0.7367791 -0.0010230
5
-114.643 ts77 dynamics sesquiterpene TS runpoint 2  runisomer  47
6 -0.015029 0.620872 0.00727315
1 -0.398205 1.19702 0.905495
1 -0.25513 1.12771 -0.889017
1 0.934535 -0.0669555 -0.129577
8 -0.0343974 -0.745143 0.00166899
5
-114.648     ts77     dynamics     sesquiterpene     TS     runpoint      3     runisomer      47
6 -0.0183093 0.6300238 -0.0004106
1 -0.4035248 1.1986257 0.9941976
1 -0.2305607 1.1455122 -0.9128448
1 0.9804686 -0.0499653 -0.1465863
8 -0.0360429 -0.7543032 0.0044173
5
-114.644     ts77     dynamics     sesquiterpene     TS     runpoint      4     runisomer      47
6 -0.0221824 0.6397152 -0.0059042
1 -0.3967916 1.1868597 1.0607970
1 -0.2086948 1.1658691 -0.9431663
1 1.0322345 -0.0249076 -0.1599419
8 -0.0382004 -0.7636943 0.0070931
5
-114.638     ts77     dynamics     sesquiterpene     TS     runpoint      5     runisomer      47
6 -0.0258379 0.6490477 -0.0092059
1 -0.3773232 1.1618687 1.0970138
1 -0.1899798 1.1857925 -0.9720557
1 1.0807582 0.0143935 -0.1678302
8 -0.0409196 -0.7728531 0.0096048
5
-114.634     ts77     dynamics     sesquiterpene     TS     runpoint      6     runisomer      47
6 -0.0284566 0.6571790 -0.0106525
1 -0.3458822 1.1257474 1.0993065
1 -0.1749022 1.2022894 -0.9923000
1 1.1201102 0.0736135 -0.1690074
8 -0.0443655 -0.7814479 0.0118949
5
-114.636     ts77     dynamics     sesquiterpene     TS     runpoint      7     runisomer      47
6 -0.0292676 0.6633657 -0.0106928
1 -0.3043114 1.0818605 1.0680790
1 -0.1643006 1.2132766 -0.9990789
1 1.1468535 0.1568303 -0.1627210
8 -0.0487305 -0.7892600 0.0139226
5
-114.647     ts77     dynamics     sesquiterpene     TS     runpoint      8     runisomer      47
6 -0.0275383 0.6669686 -0.0099666
1 -0.2560459 1.0353192 1.0094431
1 -0.1594571 1.2178871 -0.9905744
1 1.1588292 0.2652653 -0.1486261
8 -0.0541306 -0.7961529 0.0156480
5
-114.661     ts77     dynamics     sesquiterpene     TS     runpoint      9     runisomer      47
6 -0.0225332 0.6673514 -0.0096670
1 -0.2071505 0.9942994 0.9399039
1 -0.1620997 1.2165367 -0.9681317
1 1.1548570 0.3965427 -0.1269609
8 -0.0605511 -0.8020415 0.0170244
5
-114.67     ts77     dynamics     sesquiterpene     TS     runpoint      10     runisomer      47
6 -0.0136012 0.6637652 -0.0118311
1 -0.1665886 0.9707491 0.8902637
1 -0.1743976 1.2110115 -0.9363458
1 1.1361521 0.5447047 -0.0989804
8 -0.0678554 -0.8068558 0.0180081
5
-114.672     ts77     dynamics     sesquiterpene     TS     runpoint      11     runisomer      47
6 -0.0006082 0.6556773 -0.0181287
1 -0.1427155 0.9750210 0.8910414
1 -0.1989676 1.2043860 -0.9028067
1 1.1085220 0.7013005 -0.0671858
8 -0.0758185 -0.8105077 0.0185658
5
-114.68     ts77     dynamics     sesquiterpene     TS     runpoint      12     runisomer      47
6 0.0156284 0.6436036 -0.0271536
1 -0.1374401 1.0040692 0.9375730
1 -0.2387364 1.2001260 -0.8762544
1 1.0820844 0.8579932 -0.0346315
8 -0.0841620 -0.8128863 0.0186789
5
-114.654160 ts77 dynamics sesquiterpene TS runpoint 1  runisomer  47
6 -0.0129522 0.6130249 0.0163226
1 -0.3845053 1.1862236 0.8105202
1 -0.2813525 1.1139616 -0.8775749
1 0.9052762 -0.0817092 -0.1110721
8 -0.0333228 -0.7367791 -0.0010230
5
-114.643 ts77 dynamics sesquiterpene TS runpoint 2  runisomer  47
6 -0.0121221 0.606647 0.0246612
1 -0.37132 1.17841 0.735206
1 -0.307075 1.10347 -0.880208
1 0.901212 -0.0986974 -0.0928874
8 -0.0328994 -0.729771 -0.00351351
5
-114.631     ts77     dynamics     sesquiterpene     TS     runpoint      3     runisomer      47
6 -0.0119312 0.6011604 0.0295785
1 -0.3708393 1.1916281 0.7080174
1 -0.3294078 1.0938832 -0.8944508
1 0.9237763 -0.1202381 -0.0757734
8 -0.0330863 -0.7245268 -0.0056722
5
-114.628     ts77     dynamics     sesquiterpene     TS     runpoint      4     runisomer      47
6 -0.0120615 0.5966737 0.0299802
1 -0.3863008 1.2305580 0.7352135
1 -0.3457182 1.0828781 -0.9153404
1 0.9660513 -0.1467410 -0.0594018
8 -0.0336487 -0.7212520 -0.0074026
5
-114.637     ts77     dynamics     sesquiterpene     TS     runpoint      5     runisomer      47
6 -0.0129855 0.5947332 0.0270328
1 -0.4078546 1.2782964 0.7955361
1 -0.3543356 1.0691706 -0.9371954
1 1.0159218 -0.1777204 -0.0430460
8 -0.0341969 -0.7199892 -0.0086474
5
-114.641     ts77     dynamics     sesquiterpene     TS     runpoint      6     runisomer      47
6 -0.0151535 0.5967484 0.0222953
1 -0.4250588 1.3162584 0.8644304
1 -0.3547912 1.0528332 -0.9551047
1 1.0605288 -0.2130012 -0.0262234
8 -0.0342688 -0.7206415 -0.0093657
5
-114.636     ts77     dynamics     sesquiterpene     TS     runpoint      7     runisomer      47
6 -0.0187156 0.6032466 0.0168492
1 -0.4325675 1.3343673 0.9255714
1 -0.3478106 1.0352151 -0.9660830
1 1.0891144 -0.2539878 -0.0089086
8 -0.0333654 -0.7229677 -0.0095332
5
-114.632     ts77     dynamics     sesquiterpene     TS     runpoint      8     runisomer      47
6 -0.0237529 0.6141388 0.0114611
1 -0.4287110 1.3290811 0.9694952
1 -0.3351821 1.0186853 -0.9697299
1 1.0937488 -0.3047483 0.0085554
8 -0.0309175 -0.7265683 -0.0091301
5
-114.635     ts77     dynamics     sesquiterpene     TS     runpoint      9     runisomer      47
6 -0.0304564 0.6289987 0.0068018
1 -0.4136166 1.3004214 0.9908521
1 -0.3194560 1.0063081 -0.9683767
1 1.0694411 -0.3721156 0.0256492
8 -0.0263003 -0.7308872 -0.0081436
5
-114.649     ts77     dynamics     sesquiterpene     TS     runpoint      10     runisomer      47
6 -0.0390683 0.6470880 0.0034781
1 -0.3883717 1.2508483 0.9873364
1 -0.3034124 1.0014104 -0.9665042
1 1.0153940 -0.4633580 0.0419000
8 -0.0190354 -0.7352778 -0.0065721
5
-114.674     ts77     dynamics     sesquiterpene     TS     runpoint      11     runisomer      47
6 -0.0496004 0.6672392 0.0018064
1 -0.3552303 1.1857515 0.9607414
1 -0.2893398 1.0068320 -0.9689525
1 0.9400089 -0.5811451 0.0572990
8 -0.0093580 -0.7392157 -0.0044596
5
-114.695     ts77     dynamics     sesquiterpene     TS     runpoint      12     runisomer      47
6 -0.0615461 0.6877538 0.0012873
1 -0.3187267 1.1149643 0.9207674
1 -0.2784684 1.0239333 -0.9781153
1 0.8739080 -0.7198463 0.0735877
8 0.0007848 -0.7424866 -0.0020033
5
-114.695     ts77     dynamics     sesquiterpene     TS     runpoint      13     runisomer      47
6 -0.0738101 0.7064293 0.0000201
1 -0.2865556 1.0535681 0.8903894
1 -0.2709303 1.0519985 -0.9920759
1 0.8714275 -0.8736820 0.0958615
8 0.0076410 -0.7447067 0.0003357
5
-114.693     ts77     dynamics     sesquiterpene     TS     runpoint      14     runisomer      47
6 -0.0851424 0.7212736 -0.0047240
1 -0.2665774 1.0164837 0.9002500
1 -0.2662496 1.0886541 -1.0058409
1 0.9265842 -1.0420661 0.1250903
8 0.0111147 -0.7452096 0.0022976
5
-114.697     ts77     dynamics     sesquiterpene     TS     runpoint      15     runisomer      47
6 -0.0950099 0.7317272 -0.0135836
1 -0.2592368 1.0061978 0.9566536
1 -0.2638024 1.1308849 -1.0145753
1 0.9790787 -1.2061361 0.1543783
8 0.0145953 -0.7447298 0.0040943
5
-114.688     ts77     dynamics     sesquiterpene     TS     runpoint      16     runisomer      47
6 -0.1035727 0.7383656 -0.0241502
1 -0.2584903 1.0139664 1.0314939
1 -0.2629433 1.1757779 -1.0156101
1 0.9993189 -1.3453103 0.1786698
8 0.0196437 -0.7442623 0.0058381
5
-114.668     ts77     dynamics     sesquiterpene     TS     runpoint      17     runisomer      47
6 -0.1110261 0.7417710 -0.0337302
1 -0.2592173 1.0312829 1.0947145
1 -0.2629650 1.2207738 -1.0083466
1 0.9821698 -1.4480206 0.1959076
8 0.0263646 -0.7442734 0.0074962
5
-114.648     ts77     dynamics     sesquiterpene     TS     runpoint      18     runisomer      47
6 -0.1174265 0.7422676 -0.0406674
1 -0.2588925 1.0528866 1.1292961
1 -0.2631182 1.2636414 -0.9935302
1 0.9304022 -1.5084158 0.2053691
8 0.0344197 -0.7449043 0.0089900
5
-114.638     ts77     dynamics     sesquiterpene     TS     runpoint      19     runisomer      47
6 -0.1227565 0.7400967 -0.0441342
1 -0.2565254 1.0754638 1.1283784
1 -0.2627089 1.3023001 -0.9726677
1 0.8482965 -1.5228851 0.2067882
8 0.0434185 -0.7462231 0.0102433
5
-114.644     ts77     dynamics     sesquiterpene     TS     runpoint      20     runisomer      47
6 -0.1269813 0.7354906 -0.0438247
1 -0.2518767 1.0966170 1.0913641
1 -0.2611729 1.3346488 -0.9477110
1 0.7420760 -1.4906607 0.2006094
8 0.0528933 -0.7481697 0.0111580
5
-114.661     ts77     dynamics     sesquiterpene     TS     runpoint      21     runisomer      47
6 -0.1300853 0.7285856 -0.0399039
1 -0.2452080 1.1147981 1.0232102
1 -0.2580757 1.3585265 -0.9209567
1 0.6278029 -1.4232541 0.1904220
8 0.0618086 -0.7498877 0.0114644
5
-114.666     ts77     dynamics     sesquiterpene     TS     runpoint      22     runisomer      47
6 -0.1320584 0.7192756 -0.0332218
1 -0.2374059 1.1305221 0.9369664
1 -0.2530506 1.3718755 -0.8951104
1 0.5503415 -1.3705558 0.1903226
8 0.0673644 -0.7480564 0.0102598
5
-114.639     ts77     dynamics     sesquiterpene     TS     runpoint      23     runisomer      47
6 -0.1328234 0.7071109 -0.0256207
1 -0.2303344 1.1492007 0.8575158
1 -0.2457498 1.3731147 -0.8733531
1 0.5673999 -1.4090560 0.2245931
8 0.0659601 -0.7377588 0.0060303
5
-114.657     ts77     dynamics     sesquiterpene     TS     runpoint      24     runisomer      47
6 -0.1322374 0.6914939 -0.0194662
1 -0.2263795 1.1819537 0.8162493
1 -0.2358632 1.3616385 -0.8592422
1 0.6345694 -1.4850349 0.2808442
8 0.0604188 -0.7225962 -0.0004242
5
-114.666     ts77     dynamics     sesquiterpene     TS     runpoint      25     runisomer      47
6 -0.1303363 0.6725870 -0.0155028
1 -0.2258320 1.2339320 0.8250685
1 -0.2230898 1.3378288 -0.8561342
1 0.7017722 -1.5332308 0.3380147
8 0.0539222 -0.7071495 -0.0077542
5
-114.662     ts77     dynamics     sesquiterpene     TS     runpoint      26     runisomer      47
6 -0.1274601 0.6520742 -0.0120482
1 -0.2258640 1.2932529 0.8649038
1 -0.2070904 1.3027208 -0.8657756
1 0.7522898 -1.5340817 0.3873912
8 0.0475782 -0.6932332 -0.0153624
5
-114.659     ts77     dynamics     sesquiterpene     TS     runpoint      27     runisomer      47
6 -0.1240011 0.6321124 -0.0072645
1 -0.2236255 1.3430175 0.9109549
1 -0.1876751 1.2575906 -0.8870620
1 0.7824500 -1.4870190 0.4260129
8 0.0417212 -0.6815151 -0.0229471
5
-114.659     ts77     dynamics     sesquiterpene     TS     runpoint      28     runisomer      47
6 -0.1202492 0.6145835 -0.0003851
1 -0.2178124 1.3721405 0.9475359
1 -0.1651987 1.2037648 -0.9161667
1 0.7908517 -1.3959308 0.4522300
8 0.0365971 -0.6725481 -0.0302342
5
-114.666     ts77     dynamics     sesquiterpene     TS     runpoint      29     runisomer      47
6 -0.1164269 0.6011874 0.0085268
1 -0.2081581 1.3755065 0.9668592
1 -0.1407547 1.1429204 -0.9476835
1 0.7754568 -1.2656264 0.4644883
8 0.0325539 -0.6670865 -0.0369264
5
-114.68     ts77     dynamics     sesquiterpene     TS     runpoint      30     runisomer      47
6 -0.1127462 0.5933333 0.0189351
1 -0.1948588 1.3518497 0.9658472
1 -0.1160366 1.0777656 -0.9760360
1 0.7379297 -1.1061926 0.4640160
8 0.0297645 -0.6656460 -0.0428565
5
-114.694     ts77     dynamics     sesquiterpene     TS     runpoint      31     runisomer      47
6 -0.1094304 0.5917608 0.0299558
1 -0.1784184 1.3030665 0.9451456
1 -0.0929483 1.0125613 -0.9967200
1 0.6963350 -0.9399536 0.4636763
8 0.0274112 -0.6677603 -0.0484986
5
-114.691     ts77     dynamics     sesquiterpene     TS     runpoint      32     runisomer      47
6 -0.1067388 0.5962648 0.0402594
1 -0.1597491 1.2355874 0.9108346
1 -0.0731723 0.9530487 -1.0071689
1 0.6923462 -0.7947118 0.4951692
8 0.0232246 -0.6722901 -0.0553957
5
-114.685     ts77     dynamics     sesquiterpene     TS     runpoint      33     runisomer      47
6 -0.1049307 0.6055645 0.0478422
1 -0.1402446 1.1634510 0.8788243
1 -0.0578483 0.9057663 -1.0071537
1 0.7349894 -0.6747806 0.5669155
8 0.0169908 -0.6793001 -0.0635931
5
-114.681     ts77     dynamics     sesquiterpene     TS     runpoint      34     runisomer      47
6 -0.1041245 0.6173202 0.0501207
1 -0.1213912 1.1081413 0.8766604
1 -0.0473974 0.8769021 -0.9987779
1 0.7843154 -0.5780066 0.6449155
8 0.0114353 -0.6889137 -0.0706120
5
-114.661     ts77     dynamics     sesquiterpene     TS     runpoint      35     runisomer      47
6 -0.1043326 0.6294504 0.0456551
1 -0.1036446 1.0838229 0.9243971
1 -0.0415337 0.8712948 -0.9865036
1 0.8150468 -0.5084026 0.7048333
8 0.0081699 -0.7005158 -0.0748212
5
-114.651     ts77     dynamics     sesquiterpene     TS     runpoint      36     runisomer      47
6 -0.1055294 0.6415901 0.0364696
1 -0.0867374 1.0828039 1.0058475
1 -0.0393848 0.8918726 -0.9768068
1 0.8192134 -0.4687519 0.7371597
8 0.0076072 -0.7133562 -0.0757127
5
-114.65     ts77     dynamics     sesquiterpene     TS     runpoint      37     runisomer      47
6 -0.1076123 0.6539522 0.0260803
1 -0.0711376 1.0906736 1.0877401
1 -0.0397915 0.9391392 -0.9753428
1 0.7956050 -0.4601116 0.7388779
8 0.0097032 -0.7266504 -0.0732816
5
-114.653     ts77     dynamics     sesquiterpene     TS     runpoint      38     runisomer      47
6 -0.1104769 0.6664173 0.0167069
1 -0.0575277 1.0988674 1.1469242
1 -0.0418375 1.0104331 -0.9823905
1 0.7459069 -0.4830161 0.7103354
8 0.0142581 -0.7395683 -0.0677401
5
-114.663     ts77     dynamics     sesquiterpene     TS     runpoint      39     runisomer      47
6 -0.1140517 0.6787953 0.0089337
1 -0.0461554 1.1035637 1.1725242
1 -0.0451792 1.0994854 -0.9914608
1 0.6762099 -0.5370475 0.6572505
8 0.0208281 -0.7513583 -0.0596083
5
-114.675     ts77     dynamics     sesquiterpene     TS     runpoint      40     runisomer      47
6 -0.1182526 0.6910441 0.0024692
1 -0.0368903 1.1029929 1.1610521
1 -0.0498616 1.1972632 -0.9931256
1 0.6051064 -0.6175252 0.5999559
8 0.0281733 -0.7616029 -0.0503228
5
-114.674     ts77     dynamics     sesquiterpene     TS     runpoint      41     runisomer      47
6 -0.1228934 0.7031002 -0.0031257
1 -0.0294938 1.0966485 1.1138914
1 -0.0559190 1.2939216 -0.9798713
1 0.5765083 -0.7126500 0.5890371
8 0.0333737 -0.7703460 -0.0433044
5
-114.67     ts77     dynamics     sesquiterpene     TS     runpoint      42     runisomer      47
6 -0.1276688 0.7146379 -0.0082131
1 -0.0237190 1.0861840 1.0380335
1 -0.0631161 1.3806483 -0.9484649
1 0.6179742 -0.8185102 0.6594849
8 0.0344362 -0.7771384 -0.0411285
5
-114.697     ts77     dynamics     sesquiterpene     TS     runpoint      43     runisomer      47
6 -0.1323487 0.7250918 -0.0134853
1 -0.0187025 1.0766383 0.9497888
1 -0.0709577 1.4509123 -0.9002768
1 0.6793300 -0.9339024 0.7544361
8 0.0342609 -0.7815366 -0.0406358
5
-114.694     ts77     dynamics     sesquiterpene     TS     runpoint      44     runisomer      47
6 -0.1369722 0.7335547 -0.0205134
1 -0.0116599 1.0770508 0.8788579
1 -0.0787657 1.5012511 -0.8408834
1 0.7228275 -1.0460956 0.8283189
8 0.0350388 -0.7840156 -0.0392948
5
-114.666     ts77     dynamics     sesquiterpene     TS     runpoint      45     runisomer      47
6 -0.1417961 0.7388729 -0.0309220
1 0.0017033 1.0971865 0.8579887
1 -0.0856890 1.5320139 -0.7796024
1 0.7370694 -1.1436469 0.8662799
8 0.0373573 -0.7850673 -0.0364272
5
-114.647     ts77     dynamics     sesquiterpene     TS     runpoint      46     runisomer      47
6 -0.1468524 0.7405614 -0.0436267
1 0.0221562 1.1357074 0.8896616
1 -0.0906568 1.5478280 -0.7284683
1 0.7207727 -1.2187849 0.8657033
8 0.0412035 -0.7850237 -0.0320797
5
-114.645     ts77     dynamics     sesquiterpene     TS     runpoint      47     runisomer      47
6 -0.1517614 0.7389825 -0.0549835
1 0.0449810 1.1792992 0.9451483
1 -0.0923968 1.5561408 -0.6991590
1 0.6755858 -1.2658537 0.8277131
8 0.0464086 -0.7841459 -0.0265126
5
-114.648     ts77     dynamics     sesquiterpene     TS     runpoint      48     runisomer      47
6 -0.1561179 0.7346061 -0.0619353
1 0.0649989 1.2157812 0.9972381
1 -0.0897408 1.5624222 -0.6983401
1 0.6048741 -1.2808343 0.7559649
8 0.0527079 -0.7826141 -0.0201151
5
-114.655     ts77     dynamics     sesquiterpene     TS     runpoint      49     runisomer      47
6 -0.1596603 0.7279754 -0.0631493
1 0.0791011 1.2386641 1.0308922
1 -0.0821228 1.5653310 -0.7249816
1 0.5170545 -1.2647744 0.6616008
8 0.0595338 -0.7802777 -0.0137039
5
-114.659     ts77     dynamics     sesquiterpene     TS     runpoint      50     runisomer      47
6 -0.1622192 0.7197856 -0.0585943
1 0.0858580 1.2453137 1.0394408
1 -0.0698390 1.5574717 -0.7719140
1 0.4357949 -1.2371034 0.5793280
8 0.0653782 -0.7758031 -0.0095224
5
-114.638     ts77     dynamics     sesquiterpene     TS     runpoint      51     runisomer      47
6 -0.1636855 0.7106871 -0.0489349
1 0.0848811 1.2352965 1.0210089
1 -0.0538893 1.5304310 -0.8294600
1 0.4041158 -1.2505020 0.5796631
8 0.0675346 -0.7657987 -0.0120056
5
-114.647     ts77     dynamics     sesquiterpene     TS     runpoint      52     runisomer      47
6 -0.1640326 0.7011886 -0.0352294
1 0.0767318 1.2103550 0.9778451
1 -0.0356702 1.4787382 -0.8880971
1 0.4164742 -1.3073522 0.6624037
8 0.0663856 -0.7502638 -0.0210911
5
-114.683     ts77     dynamics     sesquiterpene     TS     runpoint      53     runisomer      47
6 -0.1633714 0.6915238 -0.0189794
1 0.0634494 1.1755562 0.9183106
1 -0.0167283 1.4010016 -0.9397244
1 0.4326706 -1.3532790 0.7581773
8 0.0645163 -0.7330297 -0.0323157
5
-114.687     ts77     dynamics     sesquiterpene     TS     runpoint      54     runisomer      47
6 -0.1620375 0.6813122 -0.0024678
1 0.0496175 1.1414610 0.8610233
1 0.0013847 1.2995398 -0.9782099
1 0.4363106 -1.3640282 0.8327360
8 0.0630203 -0.7161517 -0.0433698
5
-114.677     ts77     dynamics     sesquiterpene     TS     runpoint      55     runisomer      47
6 -0.1606336 0.6694783 0.0112438
1 0.0426067 1.1247108 0.8350752
1 0.0172728 1.1799625 -0.9999319
1 0.4234847 -1.3351024 0.8746360
8 0.0622184 -0.7005087 -0.0532971
5
-114.672     ts77     dynamics     sesquiterpene     TS     runpoint      56     runisomer      47
6 -0.1596617 0.6552244 0.0201392
1 0.0477194 1.1374299 0.8594445
1 0.0299940 1.0509414 -1.0048719
1 0.3937220 -1.2684970 0.8796652
8 0.0622427 -0.6866866 -0.0615149
5
-114.686     ts77     dynamics     sesquiterpene     TS     runpoint      57     runisomer      47
6 -0.1590674 0.6394143 0.0254265
1 0.0620671 1.1723644 0.9181116
1 0.0394272 0.9238393 -0.9979116
1 0.3478762 -1.1695026 0.8468461
8 0.0631897 -0.6752594 -0.0675526
5
-114.703     ts77     dynamics     sesquiterpene     TS     runpoint      58     runisomer      47
6 -0.1586488 0.6238895 0.0297576
1 0.0793891 1.2123906 0.9803839
1 0.0463616 0.8116065 -0.9885570
1 0.2895020 -1.0492956 0.7828765
8 0.0650290 -0.6666396 -0.0712880
5
-114.7     ts77     dynamics     sesquiterpene     TS     runpoint      59     runisomer      47
6 -0.1584671 0.6103985 0.0348173
1 0.0957485 1.2444157 1.0253875
1 0.0519042 0.7265584 -0.9871567
1 0.2289286 -0.9318440 0.7195390
8 0.0673321 -0.6605809 -0.0740198
5
-114.664     ts77     dynamics     sesquiterpene     TS     runpoint      60     runisomer      47
6 -0.1587253 0.6004748 0.0407914
1 0.1096684 1.2611753 1.0436858
1 0.0563502 0.6778505 -0.9987884
1 0.1828030 -0.8525530 0.7318861
8 0.0692778 -0.6561214 -0.0797038
5
-114.642     ts77     dynamics     sesquiterpene     TS     runpoint      61     runisomer      47
6 -0.1595534 0.5953750 0.0468491
1 0.1208552 1.2597666 1.0326780
1 0.0586597 0.6700939 -1.0205253
1 0.1502060 -0.8166023 0.8352910
8 0.0711062 -0.6539849 -0.0887052
5
-114.655     ts77     dynamics     sesquiterpene     TS     runpoint      62     runisomer      47
6 -0.1608954 0.5956449 0.0518858
1 0.1294795 1.2409252 0.9939763
1 0.0570573 0.7029165 -1.0441447
1 0.1203797 -0.8067874 0.9519946
8 0.0735534 -0.6556893 -0.0959142
5
-114.657     ts77     dynamics     sesquiterpene     TS     runpoint      63     runisomer      47
6 -0.1625948 0.6009273 0.0547864
1 0.1364138 1.2088175 0.9336128
1 0.0498903 0.7710371 -1.0600733
1 0.0909004 -0.8147673 1.0375139
8 0.0767037 -0.6614204 -0.0986749
5
-114.658     ts77     dynamics     sesquiterpene     TS     runpoint      64     runisomer      47
6 -0.1646162 0.6100643 0.0542115
1 0.1445887 1.1723726 0.8648947
1 0.0361157 0.8656423 -1.0602281
1 0.0625485 -0.8362479 1.0772548
8 0.0803630 -0.6705881 -0.0964122
5
-114.662     ts77     dynamics     sesquiterpene     TS     runpoint      65     runisomer      47
6 -0.1672670 0.6212363 0.0484123
1 0.1608079 1.1464013 0.8106379
1 0.0154350 0.9763186 -1.0398582
1 0.0366626 -0.8674973 1.0670998
8 0.0842677 -0.6823401 -0.0892890
