5
-114.654160 ts77 dynamics sesquiterpene TS runpoint 1  runisomer  70
6 -0.0385866 0.6571362 -0.0233154
1 -0.1830086 1.0773681 0.9980976
1 -0.2642556 1.2037947 -0.8926457
1 0.9556200 -0.0602735 0.0994093
8 -0.0310371 -0.7700242 0.0045850
5
-114.649 ts77 dynamics sesquiterpene TS runpoint 2  runisomer  70
6 -0.0434387 0.644674 -0.0126149
1 -0.175355 1.1196 0.983112
1 -0.256766 1.25389 -0.96752
1 1.01282 -0.0521162 0.0796257
8 -0.0319544 -0.767007 0.00346536
5
-114.648     ts77     dynamics     sesquiterpene     TS     runpoint      3     runisomer      70
6 -0.0473821 0.6321160 -0.0019571
1 -0.1703860 1.1611335 0.9597060
1 -0.2472054 1.2917849 -1.0273366
1 1.0653525 -0.0361005 0.0569735
8 -0.0332206 -0.7636007 0.0021392
5
-114.639     ts77     dynamics     sesquiterpene     TS     runpoint      4     runisomer      70
6 -0.0497034 0.6199653 0.0072880
1 -0.1687926 1.2001267 0.9310833
1 -0.2342257 1.3099352 -1.0608934
1 1.1076284 -0.0059691 0.0318392
8 -0.0350608 -0.7599857 0.0007036
5
-114.632     ts77     dynamics     sesquiterpene     TS     runpoint      5     runisomer      70
6 -0.0496831 0.6083590 0.0143109
1 -0.1710932 1.2351474 0.9009275
1 -0.2181073 1.3056252 -1.0647188
1 1.1372675 0.0441978 0.0050970
8 -0.0378136 -0.7563767 -0.0007394
5
-114.634     ts77     dynamics     sesquiterpene     TS     runpoint      6     runisomer      70
6 -0.0467608 0.5973705 0.0186195
1 -0.1775399 1.2647874 0.8726313
1 -0.1997435 1.2784684 -1.0392142
1 1.1542642 0.1187524 -0.0220951
8 -0.0418278 -0.7529894 -0.0020823
5
-114.644     ts77     dynamics     sesquiterpene     TS     runpoint      7     runisomer      70
6 -0.0405979 0.5872131 0.0200286
1 -0.1881347 1.2872992 0.8487760
1 -0.1805636 1.2298278 -0.9878074
1 1.1594062 0.2190224 -0.0483815
8 -0.0473169 -0.7500414 -0.0032180
5
-114.66     ts77     dynamics     sesquiterpene     TS     runpoint      8     runisomer      70
6 -0.0310600 0.5782332 0.0188256
1 -0.2027037 1.3005964 0.8310221
1 -0.1629729 1.1639468 -0.9186609
1 1.1535927 0.3426535 -0.0721501
8 -0.0542973 -0.7477820 -0.0040549
5
-114.675     ts77     dynamics     sesquiterpene     TS     runpoint      9     runisomer      70
6 -0.0181782 0.5706000 0.0161620
1 -0.2210149 1.3027149 0.8201675
1 -0.1512561 1.0908823 -0.8491947
1 1.1387858 0.4839027 -0.0915847
8 -0.0626130 -0.7464866 -0.0045238
5
-114.68     ts77     dynamics     sesquiterpene     TS     runpoint      10     runisomer      70
6 -0.0020695 0.5638658 0.0144504
1 -0.2429673 1.2924113 0.8160930
1 -0.1525961 1.0288755 -0.8103751
1 1.1192403 0.6350184 -0.1051213
8 -0.0719989 -0.7464021 -0.0045753
5
-114.675     ts77     dynamics     sesquiterpene     TS     runpoint      11     runisomer      70
6 0.0170757 0.5574757 0.0162053
1 -0.2688624 1.2695046 0.8177812
1 -0.1751402 0.9947032 -0.8321936
1 1.1005668 0.7884134 -0.1122254
8 -0.0821345 -0.7476783 -0.0041749
5
-114.654160 ts77 dynamics sesquiterpene TS runpoint 1  runisomer  70
6 -0.0385866 0.6571362 -0.0233154
1 -0.1830086 1.0773681 0.9980976
1 -0.2642556 1.2037947 -0.8926457
1 0.9556200 -0.0602735 0.0994093
8 -0.0310371 -0.7700242 0.0045850
5
-114.649 ts77 dynamics sesquiterpene TS runpoint 2  runisomer  70
6 -0.0332513 0.668275 -0.0316459
1 -0.192639 1.03691 1.00276
1 -0.275144 1.15798 -0.828343
1 0.902241 -0.0666981 0.116625
8 -0.0303842 -0.77254 0.00540464
5
-114.636     ts77     dynamics     sesquiterpene     TS     runpoint      3     runisomer      70
6 -0.0273519 0.6763043 -0.0344544
1 -0.2037482 1.0012908 0.9973938
1 -0.3003596 1.1397618 -0.8120696
1 0.8623466 -0.0771193 0.1322606
8 -0.0300071 -0.7745140 0.0058400
5
-114.628     ts77     dynamics     sesquiterpene     TS     runpoint      4     runisomer      70
6 -0.0210705 0.6807768 -0.0310904
1 -0.2163681 0.9739652 0.9854143
1 -0.3453314 1.1560198 -0.8553896
1 0.8439861 -0.0965059 0.1476100
8 -0.0299338 -0.7759503 0.0058343
5
-114.638     ts77     dynamics     sesquiterpene     TS     runpoint      5     runisomer      70
6 -0.0155803 0.6832273 -0.0248563
1 -0.2312541 0.9583696 0.9732467
1 -0.3995173 1.1882727 -0.9261955
1 0.8502877 -0.1287946 0.1635930
8 -0.0300986 -0.7768025 0.0053788
5
-114.643     ts77     dynamics     sesquiterpene     TS     runpoint      6     runisomer      70
6 -0.0119169 0.6849500 -0.0191699
1 -0.2494654 0.9570723 0.9675591
1 -0.4497638 1.2183944 -0.9912055
1 0.8773369 -0.1771529 0.1802480
8 -0.0302386 -0.7768647 0.0045193
5
-114.641     ts77     dynamics     sesquiterpene     TS     runpoint      7     runisomer      70
6 -0.0105252 0.6864413 -0.0157926
1 -0.2713051 0.9707451 0.9711958
1 -0.4885625 1.2374745 -1.0331030
1 0.9153568 -0.2450142 0.1968130
8 -0.0298590 -0.7757719 0.0033528
5
-114.641     ts77     dynamics     sesquiterpene     TS     runpoint      8     runisomer      70
6 -0.0116393 0.6879505 -0.0151279
1 -0.2954679 0.9976576 0.9811364
1 -0.5128256 1.2421245 -1.0451889
1 0.9521791 -0.3366668 0.2121568
8 -0.0282928 -0.7731188 0.0020230
5
-114.648     ts77     dynamics     sesquiterpene     TS     runpoint      9     runisomer      70
6 -0.0155150 0.6897700 -0.0168268
1 -0.3193089 1.0341676 0.9905061
1 -0.5217750 1.2313699 -1.0260867
1 0.9767071 -0.4558021 0.2251421
8 -0.0248654 -0.7686002 0.0006858
5
-114.664     ts77     dynamics     sesquiterpene     TS     runpoint      10     runisomer      70
6 -0.0222912 0.6920964 -0.0202036
1 -0.3398741 1.0758125 0.9923576
1 -0.5161012 1.2057066 -0.9780564
1 0.9816889 -0.6021712 0.2349256
8 -0.0191573 -0.7621298 -0.0005398
5
-114.686     ts77     dynamics     sesquiterpene     TS     runpoint      11     runisomer      70
6 -0.0316886 0.6947720 -0.0242788
1 -0.3547396 1.1182695 0.9822027
1 -0.4987173 1.1678779 -0.9085026
1 0.9658159 -0.7695069 0.2414469
8 -0.0112650 -0.7538860 -0.0016364
5
-114.705     ts77     dynamics     sesquiterpene     TS     runpoint      12     runisomer      70
6 -0.0427245 0.6970699 -0.0274572
1 -0.3624108 1.1579401 0.9589178
1 -0.4774471 1.1252602 -0.8346910
1 0.9335135 -0.9475216 0.2457030
8 -0.0018075 -0.7442081 -0.0027031
5
-114.709     ts77     dynamics     sesquiterpene     TS     runpoint      13     runisomer      70
6 -0.0535516 0.6975929 -0.0271935
1 -0.3624864 1.1923858 0.9248879
1 -0.4678553 1.0920878 -0.7882366
1 0.8894903 -1.1251780 0.2487149
8 0.0084878 -0.7334869 -0.0038727
5
-114.697     ts77     dynamics     sesquiterpene     TS     runpoint      14     runisomer      70
6 -0.0622315 0.6950237 -0.0212978
1 -0.3557841 1.2208539 0.8859615
1 -0.4856011 1.0815896 -0.8001516
1 0.8327448 -1.2903287 0.2499890
8 0.0192700 -0.7222860 -0.0051734
5
-114.692     ts77     dynamics     sesquiterpene     TS     runpoint      15     runisomer      70
6 -0.0685634 0.6896925 -0.0111257
1 -0.3443768 1.2447549 0.8509140
1 -0.5259431 1.0876995 -0.8627833
1 0.7596421 -1.4292965 0.2482275
8 0.0304480 -0.7114210 -0.0065387
5
-114.689     ts77     dynamics     sesquiterpene     TS     runpoint      16     runisomer      70
6 -0.0735953 0.6828406 -0.0003856
1 -0.3310334 1.2671940 0.8289403
1 -0.5705097 1.0937024 -0.9414993
1 0.6695359 -1.5303337 0.2430333
8 0.0418672 -0.7017059 -0.0079253
5
-114.676     ts77     dynamics     sesquiterpene     TS     runpoint      17     runisomer      70
6 -0.0781513 0.6753033 0.0081952
1 -0.3178760 1.2905418 0.8253122
1 -0.6062348 1.0893701 -1.0096334
1 0.5652737 -1.5865270 0.2353400
8 0.0532757 -0.6937082 -0.0093567
5
-114.662     ts77     dynamics     sesquiterpene     TS     runpoint      18     runisomer      70
6 -0.0827446 0.6676617 0.0135459
1 -0.3053531 1.3135734 0.8385173
1 -0.6274454 1.0715734 -1.0535070
1 0.4515585 -1.5972292 0.2273027
8 0.0644342 -0.6876305 -0.0109332
5
-114.656     ts77     dynamics     sesquiterpene     TS     runpoint      19     runisomer      70
6 -0.0878281 0.6605021 0.0156614
1 -0.2926150 1.3315291 0.8618130
1 -0.6324832 1.0408117 -1.0670738
1 0.3344338 -1.5715472 0.2228764
8 0.0751413 -0.6830708 -0.0128545
