5
-114.654160 ts77 dynamics sesquiterpene TS runpoint 1  runisomer  186
6 -0.0294839 0.6448219 -0.0071503
1 -0.2939118 1.0651869 0.9485697
1 -0.2757410 1.0828936 -0.8935041
1 1.0601409 -0.1019914 -0.0044145
8 -0.0367402 -0.7497716 0.0021731
5
-114.645 ts77 dynamics sesquiterpene TS runpoint 2  runisomer  186
6 -0.0246396 0.633567 -0.003177
1 -0.312518 1.02147 0.874377
1 -0.284103 1.12335 -0.886428
1 1.03872 -0.0879908 -0.0295041
8 -0.0373253 -0.742005 0.00500202
5
-114.644     ts77     dynamics     sesquiterpene     TS     runpoint      3     runisomer      186
6 -0.0182608 0.6203294 -0.0003594
1 -0.3391144 0.9973135 0.8318464
1 -0.2953928 1.1721810 -0.8943762
1 1.0096657 -0.0662304 -0.0537034
8 -0.0378929 -0.7350000 0.0075934
5
-114.639     ts77     dynamics     sesquiterpene     TS     runpoint      4     runisomer      186
6 -0.0105008 0.6059185 -0.0011217
1 -0.3799239 1.0005542 0.8394618
1 -0.3048623 1.2196123 -0.9058210
1 0.9816983 -0.0348951 -0.0764831
8 -0.0387847 -0.7293565 0.0098416
5
-114.642     ts77     dynamics     sesquiterpene     TS     runpoint      5     runisomer      186
6 -0.0025649 0.5922646 -0.0047993
1 -0.4286561 1.0239094 0.8820074
1 -0.3090043 1.2573012 -0.9124993
1 0.9662542 0.0083857 -0.0976837
8 -0.0404347 -0.7256872 0.0116766
5
-114.643     ts77     dynamics     sesquiterpene     TS     runpoint      6     runisomer      186
6 0.0039385 0.5813586 -0.0094173
1 -0.4722673 1.0539947 0.9323960
1 -0.3061876 1.2798149 -0.9102924
1 0.9747641 0.0667264 -0.1173522
8 -0.0432807 -0.7244952 0.0130675
5
-114.642     ts77     dynamics     sesquiterpene     TS     runpoint      7     runisomer      186
6 0.0081030 0.5742098 -0.0135972
1 -0.5011425 1.0813015 0.9727482
1 -0.2964992 1.2845314 -0.8981550
1 1.0133874 0.1441621 -0.1350960
8 -0.0476304 -0.7260282 0.0140160
5
-114.645     ts77     dynamics     sesquiterpene     TS     runpoint      8     runisomer      186
6 0.0101093 0.5707825 -0.0166522
1 -0.5105839 1.1008204 0.9946880
1 -0.2816030 1.2714349 -0.8775891
1 1.0780300 0.2445938 -0.1493395
8 -0.0535524 -0.7301890 0.0145286
5
-114.656     ts77     dynamics     sesquiterpene     TS     runpoint      9     runisomer      186
6 0.0110260 0.5704637 -0.0181686
1 -0.4991568 1.1101557 0.9950442
1 -0.2646976 1.2432678 -0.8529659
1 1.1547683 0.3686263 -0.1574170
8 -0.0608606 -0.7365773 0.0146036
5
-114.669     ts77     dynamics     sesquiterpene     TS     runpoint      10     runisomer      186
6 0.0122549 0.5724928 -0.0176719
1 -0.4675317 1.1084225 0.9735249
1 -0.2502763 1.2057921 -0.8321478
1 1.2265141 0.5115470 -0.1567681
8 -0.0692057 -0.7446326 0.0142362
5
-114.679     ts77     dynamics     sesquiterpene     TS     runpoint      11     runisomer      186
6 0.0150634 0.5760938 -0.0146147
1 -0.4183425 1.0962540 0.9326731
1 -0.2432935 1.1669243 -0.8257276
1 1.2796884 0.6649214 -0.1461393
8 -0.0782037 -0.7537817 0.0134437
5
-114.684     ts77     dynamics     sesquiterpene     TS     runpoint      12     runisomer      186
6 0.0204220 0.5805516 -0.0089376
1 -0.3570522 1.0769301 0.8798925
1 -0.2473665 1.1330498 -0.8423375
1 1.3064379 0.8194008 -0.1259390
8 -0.0875169 -0.7635072 0.0122857
5
-114.685     ts77     dynamics     sesquiterpene     TS     runpoint      13     runisomer      186
6 0.0290433 0.5852788 -0.0020000
1 -0.2933809 1.0585734 0.8311270
1 -0.2626860 1.1045888 -0.8814240
1 1.3037668 0.9663264 -0.0980007
8 -0.0968651 -0.7733596 0.0108576
5
-114.678     ts77     dynamics     sesquiterpene     TS     runpoint      14     runisomer      186
6 0.0414251 0.5896365 0.0033167
1 -0.2407570 1.0546232 0.8110200
1 -0.2859817 1.0769260 -0.9321516
1 1.2721974 1.0981627 -0.0652379
8 -0.1060152 -0.7829432 0.0092701
5
-114.669     ts77     dynamics     sesquiterpene     TS     runpoint      15     runisomer      186
6 0.0576600 0.5933784 0.0047086
1 -0.2097692 1.0746077 0.8360622
1 -0.3130858 1.0446502 -0.9804329
1 1.2145729 1.2086625 -0.0315165
8 -0.1148108 -0.7919364 0.0075676
5
-114.667     ts77     dynamics     sesquiterpene     TS     runpoint      16     runisomer      186
6 0.0763539 0.5974973 0.0032059
1 -0.2000904 1.1136395 0.8931218
1 -0.3379891 1.0064942 -1.0165995
1 1.1354441 1.2903338 -0.0035790
8 -0.1228927 -0.8002261 0.0056216
5
-114.665     ts77     dynamics     sesquiterpene     TS     runpoint      17     runisomer      186
6 0.0964337 0.6033726 -0.0017016
1 -0.2064242 1.1504237 0.9588301
1 -0.3638185 0.9647263 -1.0299231
1 1.0447919 1.3414342 0.0247241
8 -0.1302212 -0.8075383 0.0042230
5
-114.659     ts77     dynamics     sesquiterpene     TS     runpoint      18     runisomer      186
6 0.1160214 0.6114243 -0.0085440
1 -0.2243117 1.1734318 1.0137950
1 -0.3882809 0.9225440 -1.0183873
1 0.9540355 1.3621385 0.0511512
8 -0.1365310 -0.8136727 0.0035038
5
-114.65     ts77     dynamics     sesquiterpene     TS     runpoint      19     runisomer      186
6 0.1332731 0.6211030 -0.0163454
1 -0.2516734 1.1773217 1.0485201
1 -0.4107164 0.8835446 -0.9838925
1 0.8791061 1.3587648 0.0742183
8 -0.1416173 -0.8185081 0.0035452
5
-114.654160 ts77 dynamics sesquiterpene TS runpoint 1  runisomer  186
6 -0.0294839 0.6448219 -0.0071503
1 -0.2939118 1.0651869 0.9485697
1 -0.2757410 1.0828936 -0.8935041
1 1.0601409 -0.1019914 -0.0044145
8 -0.0367402 -0.7497716 0.0021731
5
-114.645 ts77 dynamics sesquiterpene TS runpoint 2  runisomer  186
6 -0.0329972 0.654039 -0.00914634
1 -0.27548 1.11531 1.02355
1 -0.273812 1.05749 -0.923267
1 1.0684 -0.109709 0.0208066
8 -0.0359083 -0.757757 -0.000767364
5
-114.641     ts77     dynamics     sesquiterpene     TS     runpoint      3     runisomer      186
6 -0.0354389 0.6615261 -0.0079262
1 -0.2539108 1.1623753 1.0782324
1 -0.2780104 1.0468611 -0.9707101
1 1.0608639 -0.1125696 0.0453410
8 -0.0346954 -0.7654896 -0.0036840
5
-114.636     ts77     dynamics     sesquiterpene     TS     runpoint      4     runisomer      186
6 -0.0371690 0.6677611 -0.0040102
1 -0.2289529 1.2009893 1.1025516
1 -0.2851367 1.0462002 -1.0208395
1 1.0374496 -0.1122202 0.0684126
8 -0.0330449 -0.7725811 -0.0064486
5
-114.632     ts77     dynamics     sesquiterpene     TS     runpoint      5     runisomer      186
6 -0.0385816 0.6731737 0.0015203
1 -0.2016007 1.2281921 1.0932379
1 -0.2917758 1.0506402 -1.0587008
1 1.0005275 -0.1107997 0.0893748
8 -0.0309636 -0.7787249 -0.0089459
5
-114.631     ts77     dynamics     sesquiterpene     TS     runpoint      6     runisomer      186
6 -0.0400771 0.6780929 0.0076448
1 -0.1733312 1.2427412 1.0515460
1 -0.2955479 1.0569692 -1.0745794
1 0.9548721 -0.1112001 0.1078118
8 -0.0285096 -0.7837053 -0.0110751
5
-114.635     ts77     dynamics     sesquiterpene     TS     runpoint      7     runisomer      186
6 -0.0420612 0.6827348 0.0133914
1 -0.1459302 1.2455724 0.9836209
1 -0.2951705 1.0634484 -1.0643062
1 0.9074037 -0.1172456 0.1236771
8 -0.0257815 -0.7873924 -0.0127527
5
-114.642     ts77     dynamics     sesquiterpene     TS     runpoint      8     runisomer      186
6 -0.0449042 0.6870447 0.0175495
1 -0.1214858 1.2417010 0.9032508
1 -0.2903749 1.0694692 -1.0287423
1 0.8662010 -0.1336504 0.1374034
8 -0.0228963 -0.7897259 -0.0139146
5
-114.645     ts77     dynamics     sesquiterpene     TS     runpoint      9     runisomer      186
6 -0.0488393 0.6903675 0.0185001
1 -0.1020410 1.2427590 0.8346555
1 -0.2821385 1.0757091 -0.9744091
1 0.8386418 -0.1654939 0.1499133
8 -0.0199520 -0.7906706 -0.0145175
5
-114.642     ts77     dynamics     sesquiterpene     TS     runpoint      10     runisomer      186
6 -0.0539094 0.6914944 0.0149807
1 -0.0882940 1.2638439 0.8052835
1 -0.2732530 1.0849723 -0.9152751
1 0.8295882 -0.2173073 0.1625106
8 -0.0170041 -0.7901622 -0.0145473
5
-114.642     ts77     dynamics     sesquiterpene     TS     runpoint      11     runisomer      186
6 -0.0600078 0.6898268 0.0081242
1 -0.0784583 1.3075417 0.8219033
1 -0.2685079 1.1030657 -0.8726703
1 0.8408194 -0.2923658 0.1766795
8 -0.0140550 -0.7880739 -0.0140272
5
-114.653     ts77     dynamics     sesquiterpene     TS     runpoint      12     runisomer      186
6 -0.0669342 0.6860663 0.0011193
1 -0.0700278 1.3580980 0.8650184
1 -0.2725304 1.1362098 -0.8654189
1 0.8712122 -0.3925259 0.1936785
8 -0.0110518 -0.7842141 -0.0130164
5
-114.668     ts77     dynamics     sesquiterpene     TS     runpoint      13     runisomer      186
6 -0.0745855 0.6815310 -0.0041414
1 -0.0617566 1.3977811 0.9118275
1 -0.2855568 1.1829995 -0.8926440
1 0.9157701 -0.5180456 0.2137454
8 -0.0078198 -0.7783501 -0.0115676
5
-114.682     ts77     dynamics     sesquiterpene     TS     runpoint      14     runisomer      186
6 -0.0829799 0.6775941 -0.0078652
1 -0.0534391 1.4160929 0.9477886
1 -0.3034615 1.2327760 -0.9356563
1 0.9637004 -0.6666606 0.2352034
8 -0.0039395 -0.7703211 -0.0096816
5
-114.69     ts77     dynamics     sesquiterpene     TS     runpoint      15     runisomer      186
6 -0.0920376 0.6751856 -0.0108134
1 -0.0452231 1.4088661 0.9654413
1 -0.3216075 1.2737348 -0.9753692
1 0.9996630 -0.8316580 0.2545855
8 0.0012135 -0.7602418 -0.0073013
5
-114.691     ts77     dynamics     sesquiterpene     TS     runpoint      16     runisomer      186
6 -0.1015320 0.6746499 -0.0134552
1 -0.0372794 1.3760408 0.9618432
1 -0.3367251 1.2980172 -1.0001207
1 1.0096913 -1.0011859 0.2681717
8 0.0081556 -0.7486182 -0.0043879
5
-114.689     ts77     dynamics     sesquiterpene     TS     runpoint      17     runisomer      186
6 -0.1111529 0.6758331 -0.0160109
1 -0.0296687 1.3208521 0.9378477
1 -0.3469110 1.3018895 -1.0048327
1 0.9862541 -1.1608538 0.2735281
8 0.0170121 -0.7362099 -0.0009985
5
-114.688     ts77     dynamics     sesquiterpene     TS     runpoint      18     runisomer      186
6 -0.1205819 0.6781139 -0.0187471
1 -0.0221396 1.2504689 0.8994973
1 -0.3513994 1.2848542 -0.9891083
1 0.9288194 -1.2973386 0.2699386
8 0.0275121 -0.7238116 0.0027056
5
-114.687     ts77     dynamics     sesquiterpene     TS     runpoint      19     runisomer      186
6 -0.1295462 0.6803198 -0.0222607
1 -0.0136200 1.1772117 0.8609647
1 -0.3506370 1.2494707 -0.9568968
1 0.8417619 -1.4005135 0.2580437
8 0.0391365 -0.7121193 0.0064904
5
-114.682     ts77     dynamics     sesquiterpene     TS     runpoint      20     runisomer      186
6 -0.1378470 0.6807774 -0.0273550
1 -0.0017229 1.1170643 0.8444259
1 -0.3467153 1.2021898 -0.9179884
1 0.7323873 -1.4644722 0.2394187
8 0.0512589 -0.7016615 0.0100757
5
-114.675     ts77     dynamics     sesquiterpene     TS     runpoint      21     runisomer      186
6 -0.1452418 0.6779334 -0.0337226
1 0.0157961 1.0809323 0.8660682
1 -0.3437767 1.1542190 -0.8899021
1 0.6105229 -1.4897279 0.2166589
8 0.0631958 -0.6926372 0.0131543
5
-114.671     ts77     dynamics     sesquiterpene     TS     runpoint      22     runisomer      186
6 -0.1512743 0.6711739 -0.0387618
1 0.0375059 1.0669373 0.9173023
1 -0.3468539 1.1186177 -0.8936084
1 0.4895335 -1.4889810 0.1942397
8 0.0741705 -0.6844874 0.0153520
5
-114.666     ts77     dynamics     sesquiterpene     TS     runpoint      23     runisomer      186
6 -0.1556636 0.6610717 -0.0398718
1 0.0588885 1.0669577 0.9742287
1 -0.3575964 1.1005365 -0.9358556
1 0.3843741 -1.4923354 0.1789822
8 0.0834201 -0.6755573 0.0162208
5
-114.661     ts77     dynamics     sesquiterpene     TS     runpoint      24     runisomer      186
6 -0.1587456 0.6491830 -0.0368948
1 0.0759123 1.0744582 1.0170938
1 -0.3720836 1.0932096 -0.9994167
1 0.2991251 -1.5284144 0.1758423
8 0.0909435 -0.6643733 0.0154890
5
-114.66     ts77     dynamics     sesquiterpene     TS     runpoint      25     runisomer      186
6 -0.1612137 0.6372913 -0.0310682
1 0.0863287 1.0856886 1.0352652
1 -0.3848895 1.0873104 -1.0600333
1 0.2210722 -1.5857790 0.1818817
8 0.0978639 -0.6521707 0.0134109
5
-114.657     ts77     dynamics     sesquiterpene     TS     runpoint      26     runisomer      186
6 -0.1638041 0.6268739 -0.0235958
1 0.0893560 1.0987635 1.0250977
1 -0.3924640 1.0773112 -1.1008672
1 0.1382517 -1.6315619 0.1911007
8 0.1053119 -0.6416632 0.0104376
5
-114.651     ts77     dynamics     sesquiterpene     TS     runpoint      27     runisomer      186
6 -0.1671836 0.6189273 -0.0153893
1 0.0852569 1.1130698 0.9880199
1 -0.3934340 1.0613143 -1.1136232
1 0.0462296 -1.6444668 0.1999863
8 0.1139651 -0.6347797 0.0068613
5
-114.653     ts77     dynamics     sesquiterpene     TS     runpoint      28     runisomer      186
6 -0.1718957 0.6138579 -0.0072927
1 0.0754069 1.1295255 0.9303720
1 -0.3879247 1.0396517 -1.0960043
1 -0.0551787 -1.6183598 0.2075682
8 0.1241626 -0.6322926 0.0028314
5
-114.666     ts77     dynamics     sesquiterpene     TS     runpoint      29     runisomer      186
6 -0.1783483 0.6114245 -0.0002772
1 0.0628183 1.1515354 0.8642337
1 -0.3770708 1.0142941 -1.0507011
1 -0.1644274 -1.5570552 0.2143374
8 0.1359964 -0.6341181 -0.0015467
5
-114.683     ts77     dynamics     sesquiterpene     TS     runpoint      30     runisomer      186
6 -0.1868048 0.6107264 0.0047725
1 0.0521996 1.1853520 0.8063000
1 -0.3631788 0.9891632 -0.9868514
1 -0.2806316 -1.4714121 0.2219645
8 0.1494558 -0.6395361 -0.0061893
5
-114.696     ts77     dynamics     sesquiterpene     TS     runpoint      31     runisomer      186
6 -0.1971982 0.6105077 0.0079639
1 0.0480351 1.2364459 0.7703894
1 -0.3502340 0.9710789 -0.9231865
1 -0.4050184 -1.3751521 0.2327186
8 0.1645372 -0.6475162 -0.0110091
5
-114.701     ts77     dynamics     sesquiterpene     TS     runpoint      32     runisomer      186
6 -0.2089022 0.6099304 0.0111827
1 0.0513463 1.3021263 0.7577046
1 -0.3434226 0.9695002 -0.8871253
1 -0.5356352 -1.2748503 0.2465659
8 0.1809097 -0.6574399 -0.0157690
5
-114.702     ts77     dynamics     sesquiterpene     TS     runpoint      33     runisomer      186
6 -0.2210222 0.6091882 0.0165295
1 0.0595556 1.3709367 0.7587718
1 -0.3459352 0.9904257 -0.8974069
1 -0.6595588 -1.1682154 0.2591683
8 0.1974523 -0.6692554 -0.0199931
5
-114.701     ts77     dynamics     sesquiterpene     TS     runpoint      34     runisomer      186
6 -0.2329436 0.6095376 0.0238119
1 0.0693592 1.4301149 0.7630727
1 -0.3562157 1.0282101 -0.9434413
1 -0.7588328 -1.0549861 0.2651375
8 0.2126810 -0.6827596 -0.0232017
5
-114.692     ts77     dynamics     sesquiterpene     TS     runpoint      35     runisomer      186
6 -0.2443454 0.6124102 0.0313190
1 0.0784412 1.4706367 0.7636557
1 -0.3706499 1.0704186 -0.9989562
1 -0.8209134 -0.9404843 0.2612904
8 0.2254830 -0.6973407 -0.0251295
5
-114.677     ts77     dynamics     sesquiterpene     TS     runpoint      36     runisomer      186
6 -0.2549976 0.6185583 0.0376112
1 0.0855176 1.4879174 0.7571799
1 -0.3865849 1.1069235 -1.0434673
1 -0.8417093 -0.8318526 0.2469937
8 0.2353432 -0.7121862 -0.0257368
5
-114.663     ts77     dynamics     sesquiterpene     TS     runpoint      37     runisomer      186
6 -0.2646752 0.6279799 0.0418572
1 0.0900006 1.4811597 0.7432298
1 -0.4027583 1.1319361 -1.0661085
1 -0.8249256 -0.7354677 0.2236607
8 0.2422815 -0.7264770 -0.0251468
5
-114.656     ts77     dynamics     sesquiterpene     TS     runpoint      38     runisomer      186
6 -0.2731214 0.6402288 0.0435412
1 0.0921441 1.4531299 0.7241641
1 -0.4187845 1.1427680 -1.0625420
1 -0.7810960 -0.6572477 0.1943088
8 0.2467318 -0.7395103 -0.0235848
5
-114.654     ts77     dynamics     sesquiterpene     TS     runpoint      39     runisomer      186
6 -0.2801194 0.6546620 0.0422315
1 0.0937943 1.4106647 0.7055525
1 -0.4347363 1.1388516 -1.0327964
1 -0.7269418 -0.6035109 0.1630862
8 0.2494717 -0.7508000 -0.0213374
5
-114.653     ts77     dynamics     sesquiterpene     TS     runpoint      40     runisomer      186
6 -0.2856162 0.6704036 0.0376060
1 0.0990880 1.3647637 0.6964367
1 -0.4511182 1.1218395 -0.9814502
1 -0.6836437 -0.5798168 0.1343621
8 0.2515676 -0.7601371 -0.0187172
5
-114.649     ts77     dynamics     sesquiterpene     TS     runpoint      41     runisomer      186
6 -0.2896976 0.6862038 0.0299137
1 0.1133790 1.3273092 0.7068466
1 -0.4693957 1.0968389 -0.9202362
1 -0.6703019 -0.5885223 0.1110685
8 0.2540422 -0.7675047 -0.0159907
5
-114.647     ts77     dynamics     sesquiterpene     TS     runpoint      42     runisomer      186
6 -0.2921749 0.7006010 0.0208857
1 0.1389190 1.3036877 0.7404957
1 -0.4930995 1.0739831 -0.8714946
1 -0.6922453 -0.6289588 0.0931576
8 0.2571682 -0.7728278 -0.0132799
5
-114.65     ts77     dynamics     sesquiterpene     TS     runpoint      43     runisomer      186
6 -0.2922592 0.7123863 0.0136764
1 0.1715394 1.2898952 0.7895308
1 -0.5278881 1.0659050 -0.8626991
1 -0.7356390 -0.6991942 0.0781081
8 0.2601027 -0.7758644 -0.0105661
5
-114.657     ts77     dynamics     sesquiterpene     TS     runpoint      44     runisomer      186
6 -0.2892266 0.7212427 0.0102100
1 0.2037427 1.2788398 0.8398976
1 -0.5760134 1.0767480 -0.9006927
1 -0.7774343 -0.7953544 0.0631132
8 0.2614658 -0.7764342 -0.0078001
5
-114.668     ts77     dynamics     sesquiterpene     TS     runpoint      45     runisomer      186
6 -0.2832211 0.7277822 0.0096114
1 0.2293445 1.2658612 0.8794282
1 -0.6308388 1.0982688 -0.9613177
1 -0.7978795 -0.9110292 0.0464226
8 0.2600909 -0.7745870 -0.0049697
5
-114.672     ts77     dynamics     sesquiterpene     TS     runpoint      46     runisomer      186
6 -0.2749042 0.7325856 0.0101946
1 0.2449598 1.2493553 0.9007905
1 -0.6824242 1.1205105 -1.0161149
1 -0.7853345 -1.0378891 0.0274183
8 0.2553286 -0.7705564 -0.0021039
5
-114.671     ts77     dynamics     sesquiterpene     TS     runpoint      47     runisomer      186
6 -0.2649795 0.7357541 0.0107849
1 0.2497498 1.2298635 0.9013713
1 -0.7233818 1.1374614 -1.0478186
1 -0.7361808 -1.1665696 0.0062567
8 0.2470668 -0.7646616 0.0007478
5
-114.673     ts77     dynamics     sesquiterpene     TS     runpoint      48     runisomer      186
6 -0.2541364 0.7369987 0.0106113
1 0.2451354 1.2095052 0.8828927
1 -0.7495662 1.1463075 -1.0487499
1 -0.6538816 -1.2879923 -0.0165210
8 0.2356883 -0.7572173 0.0035367
5
-114.678     ts77     dynamics     sesquiterpene     TS     runpoint      49     runisomer      186
6 -0.2431211 0.7357947 0.0089766
1 0.2348652 1.1919052 0.8515687
1 -0.7592325 1.1459993 -1.0169918
1 -0.5480081 -1.3953801 -0.0404217
8 0.2220109 -0.7484156 0.0062421
5
-114.685     ts77     dynamics     sesquiterpene     TS     runpoint      50     runisomer      186
6 -0.2327263 0.7314632 0.0051666
1 0.2248823 1.1820275 0.8178811
1 -0.7528345 1.1367571 -0.9550863
1 -0.4316598 -1.4859709 -0.0654329
8 0.2071091 -0.7382505 0.0088991
5
-114.689     ts77     dynamics     sesquiterpene     TS     runpoint      51     runisomer      186
6 -0.2234979 0.7232737 -0.0011574
1 0.2215927 1.1847019 0.7935282
1 -0.7341966 1.1207525 -0.8716379
1 -0.3164080 -1.5597919 -0.0921567
8 0.1919585 -0.7266135 0.0116048
5
-114.69     ts77     dynamics     sesquiterpene     TS     runpoint      52     runisomer      186
6 -0.2151278 0.7105958 -0.0090362
1 0.2281139 1.2011787 0.7846075
1 -0.7134724 1.1041987 -0.7852849
1 -0.2084038 -1.6153356 -0.1213402
8 0.1771597 -0.7135957 0.0144773
5
-114.682     ts77     dynamics     sesquiterpene     TS     runpoint      53     runisomer      186
6 -0.2060807 0.6929745 -0.0158218
1 0.2421617 1.2268399 0.7875534
1 -0.7091274 1.0991421 -0.7251665
1 -0.1095812 -1.6477471 -0.1533520
8 0.1629892 -0.6996298 0.0176125
5
-114.671     ts77     dynamics     sesquiterpene     TS     runpoint      54     runisomer      186
6 -0.1947540 0.6706437 -0.0191855
1 0.2586788 1.2536417 0.7935953
1 -0.7369091 1.1156921 -0.7115494
1 -0.0207292 -1.6518404 -0.1883066
8 0.1496045 -0.6853477 0.0211015
5
-114.673     ts77     dynamics     sesquiterpene     TS     runpoint      55     runisomer      186
6 -0.1814904 0.6456002 -0.0196835
1 0.2733399 1.2741574 0.7950131
1 -0.7897858 1.1464034 -0.7316965
1 0.0574790 -1.6258503 -0.2266429
8 0.1371369 -0.6714224 0.0250724
5
-114.679     ts77     dynamics     sesquiterpene     TS     runpoint      56     runisomer      186
6 -0.1678667 0.6208641 -0.0192599
1 0.2836773 1.2834630 0.7872461
1 -0.8477690 1.1740477 -0.7597883
1 0.1250631 -1.5739184 -0.2700556
8 0.1256630 -0.6584622 0.0297493
5
-114.676     ts77     dynamics     sesquiterpene     TS     runpoint      57     runisomer      186
6 -0.1551688 0.5991854 -0.0193553
1 0.2889271 1.2794801 0.7688042
1 -0.8960156 1.1864110 -0.7792008
1 0.1836844 -1.5071980 -0.3227747
8 0.1151546 -0.6469273 0.0355278
5
-114.669     ts77     dynamics     sesquiterpene     TS     runpoint      58     runisomer      186
6 -0.1441813 0.5827709 -0.0208677
1 0.2898280 1.2630474 0.7411169
1 -0.9271887 1.1780291 -0.7827772
1 0.2372603 -1.4401639 -0.3918022
8 0.1054462 -0.6372701 0.0429828
5
-114.665     ts77     dynamics     sesquiterpene     TS     runpoint      59     runisomer      186
6 -0.1354265 0.5732451 -0.0245196
1 0.2886622 1.2382173 0.7086662
1 -0.9386243 1.1476937 -0.7684715
1 0.2902921 -1.3788538 -0.4822234
8 0.0963335 -0.6305077 0.0525640
5
-114.671     ts77     dynamics     sesquiterpene     TS     runpoint      60     runisomer      186
6 -0.1292856 0.5713753 -0.0309771
1 0.2893120 1.2123489 0.6789133
1 -0.9306483 1.0970483 -0.7372360
1 0.3434900 -1.3142136 -0.5890043
8 0.0878341 -0.6283547 0.0640436
5
-114.682     ts77     dynamics     sesquiterpene     TS     runpoint      61     runisomer      186
6 -0.1258616 0.5767515 -0.0405986
1 0.2964518 1.1945139 0.6606293
1 -0.9070536 1.0308041 -0.6932880
1 0.3927511 -1.2338630 -0.6974461
8 0.0802271 -0.6321519 0.0764792
5
-114.691     ts77     dynamics     sesquiterpene     TS     runpoint      62     runisomer      186
6 -0.1244987 0.5878682 -0.0528066
1 0.3129135 1.1911522 0.6593190
1 -0.8783392 0.9582079 -0.6464135
1 0.4325336 -1.1334605 -0.7912142
8 0.0738532 -0.6420299 0.0886753
5
-114.693     ts77     dynamics     sesquiterpene     TS     runpoint      63     runisomer      186
6 -0.1231801 0.6026463 -0.0655548
1 0.3367598 1.2022069 0.6726814
1 -0.8662825 0.8935957 -0.6142302
1 0.4585606 -1.0168923 -0.8574727
8 0.0689633 -0.6570856 0.0995438
5
-114.686     ts77     dynamics     sesquiterpene     TS     runpoint      64     runisomer      186
6 -0.1192407 0.6192942 -0.0762161
1 0.3618801 1.2226767 0.6921127
1 -0.8963961 0.8495419 -0.6143649
1 0.4686853 -0.8926566 -0.8882582
8 0.0656859 -0.6759168 0.1082661
5
-114.687     ts77     dynamics     sesquiterpene     TS     runpoint      65     runisomer      186
6 -0.1122104 0.6371493 -0.0839470
1 0.3816379 1.2470003 0.7085711
1 -0.9677981 0.8257681 -0.6431864
1 0.4631104 -0.7710436 -0.8810953
8 0.0640182 -0.6970092 0.1143936
5
-114.693     ts77     dynamics     sesquiterpene     TS     runpoint      66     runisomer      186
6 -0.1040532 0.6560492 -0.0896693
1 0.3914694 1.2713098 0.7160693
1 -1.0526463 0.8152120 -0.6797208
1 0.4448646 -0.6622489 -0.8404945
8 0.0637765 -0.7189095 0.1179587
5
-114.689     ts77     dynamics     sesquiterpene     TS     runpoint      67     runisomer      186
6 -0.0967405 0.6755743 -0.0942545
1 0.3894651 1.2936662 0.7120208
1 -1.1257834 0.8134283 -0.7072368
1 0.4206728 -0.5746226 -0.7802359
8 0.0645521 -0.7403759 0.1195919
5
-114.675     ts77     dynamics     sesquiterpene     TS     runpoint      68     runisomer      186
6 -0.0915306 0.6951842 -0.0980999
1 0.3761368 1.3138494 0.6968604
1 -1.1734662 0.8185686 -0.7177999
1 0.4010857 -0.5123825 -0.7237205
8 0.0657233 -0.7606058 0.1205368
5
-114.657     ts77     dynamics     sesquiterpene     TS     runpoint      69     runisomer      186
6 -0.0892329 0.7143655 -0.1014487
1 0.3540280 1.3333030 0.6738298
1 -1.1896047 0.8297373 -0.7088378
1 0.3970705 -0.4743479 -0.6955457
8 0.0666631 -0.7793232 0.1221609
5
-114.647     ts77     dynamics     sesquiterpene     TS     runpoint      70     runisomer      186
6 -0.0903587 0.7325065 -0.1046682
1 0.3272319 1.3550064 0.6485621
1 -1.1725742 0.8462757 -0.6805988
1 0.4127403 -0.4582574 -0.7037774
8 0.0671366 -0.7963560 0.1249080
5
-114.65     ts77     dynamics     sesquiterpene     TS     runpoint      71     runisomer      186
6 -0.0950138 0.7488296 -0.1081775
1 0.3004346 1.3825172 0.6275580
1 -1.1249090 0.8675696 -0.6356670
1 0.4430258 -0.4653303 -0.7354528
8 0.0674073 -0.8112307 0.1280297
5
-114.658     ts77     dynamics     sesquiterpene     TS     runpoint      72     runisomer      186
6 -0.1025364 0.7626278 -0.1120026
1 0.2773443 1.4177224 0.6152982
1 -1.0562968 0.8931862 -0.5803801
1 0.4791908 -0.4975739 -0.7710096
8 0.0679044 -0.8233827 0.1304292
5
-114.662     ts77     dynamics     sesquiterpene     TS     runpoint      73     runisomer      186
6 -0.1109088 0.7734902 -0.1152195
1 0.2594894 1.4586452 0.6118682
1 -0.9900672 0.9238758 -0.5277064
1 0.5135614 -0.5552429 -0.7950098
8 0.0689725 -0.8324105 0.1312516
5
-114.655     ts77     dynamics     sesquiterpene     TS     runpoint      74     runisomer      186
6 -0.1167037 0.7811552 -0.1160143
1 0.2465810 1.4998230 0.6137524
1 -0.9646322 0.9633017 -0.4968992
1 0.5409470 -0.6367403 -0.7983601
8 0.0708065 -0.8381057 0.1299992
5
-114.65     ts77     dynamics     sesquiterpene     TS     runpoint      75     runisomer      186
6 -0.1178094 0.7855406 -0.1132727
1 0.2378265 1.5349600 0.6169023
1 -1.0023283 1.0145420 -0.4981656
1 0.5588692 -0.7385086 -0.7781101
8 0.0734351 -0.8404271 0.1265478
5
-114.665     ts77     dynamics     sesquiterpene     TS     runpoint      76     runisomer      186
6 -0.1161640 0.7872787 -0.1079221
1 0.2326820 1.5590614 0.6187722
1 -1.0774756 1.0710432 -0.5196014
1 0.5681261 -0.8549022 -0.7380642
8 0.0766782 -0.8394758 0.1212431
5
-114.676     ts77     dynamics     sesquiterpene     TS     runpoint      77     runisomer      186
6 -0.1146451 0.7871843 -0.1014902
1 0.2308607 1.5690293 0.6184409
1 -1.1532191 1.1219433 -0.5446685
1 0.5736623 -0.9794698 -0.6894537
8 0.0800781 -0.8353915 0.1149551
5
-114.674     ts77     dynamics     sesquiterpene     TS     runpoint      78     runisomer      186
6 -0.1148288 0.7856154 -0.0951153
1 0.2324155 1.5637575 0.6163788
1 -1.2081612 1.1598237 -0.5635923
1 0.5825667 -1.1075370 -0.6461850
8 0.0830199 -0.8282014 0.1087684
5
-114.666     ts77     dynamics     sesquiterpene     TS     runpoint      79     runisomer      186
6 -0.1172883 0.7825211 -0.0896048
1 0.2379249 1.5441426 0.6143154
1 -1.2333088 1.1809375 -0.5719609
1 0.5965135 -1.2346821 -0.6123598
8 0.0852249 -0.8179637 0.1031600
5
-114.66     ts77     dynamics     sesquiterpene     TS     runpoint      80     runisomer      186
6 -0.1221421 0.7776489 -0.0855732
1 0.2485222 1.5128073 0.6149158
1 -1.2258944 1.1836489 -0.5681551
1 0.6087914 -1.3512665 -0.5797266
8 0.0869597 -0.8051603 0.0978010
5
-114.658     ts77     dynamics     sesquiterpene     TS     runpoint      81     runisomer      186
6 -0.1292688 0.7706889 -0.0834314
1 0.2655848 1.4732247 0.6209915
1 -1.1867078 1.1676383 -0.5522391
1 0.6114846 -1.4446100 -0.5395278
8 0.0885947 -0.7905546 0.0922755
5
-114.66     ts77     dynamics     sesquiterpene     TS     runpoint      82     runisomer      186
6 -0.1381852 0.7613519 -0.0832465
1 0.2899519 1.4282758 0.6341431
1 -1.1207140 1.1341999 -0.5262435
1 0.6004192 -1.5048133 -0.4887256
8 0.0902899 -0.7748185 0.0864706
5
-114.667     ts77     dynamics     sesquiterpene     TS     runpoint      83     runisomer      186
6 -0.1476035 0.7493100 -0.0844800
1 0.3208649 1.3791091 0.6534139
1 -1.0412022 1.0879554 -0.4960211
1 0.5751820 -1.5270747 -0.4290782
8 0.0919907 -0.7583715 0.0805197
5
-114.672     ts77     dynamics     sesquiterpene     TS     runpoint      84     runisomer      186
6 -0.1548090 0.7339259 -0.0857047
1 0.3553987 1.3254939 0.6751357
1 -0.9767351 1.0397527 -0.4744901
1 0.5386515 -1.5128014 -0.3657737
8 0.0934624 -0.7413161 0.0747257
5
-114.667     ts77     dynamics     sesquiterpene     TS     runpoint      85     runisomer      186
6 -0.1561431 0.7142876 -0.0849260
1 0.3891342 1.2675055 0.6945038
1 -0.9661928 1.0049402 -0.4796733
1 0.4981859 -1.4729997 -0.3078446
8 0.0942245 -0.7232447 0.0695987
5
-114.668     ts77     dynamics     sesquiterpene     TS     runpoint      86     runisomer      186
6 -0.1507171 0.6904867 -0.0814958
1 0.4178955 1.2070364 0.7079765
1 -1.0166803 0.9877674 -0.5146991
1 0.4673013 -1.4327614 -0.2688392
8 0.0934715 -0.7030333 0.0659272
5
-114.677     ts77     dynamics     sesquiterpene     TS     runpoint      87     runisomer      186
6 -0.1415123 0.6640430 -0.0768562
1 0.4391473 1.1480763 0.7146665
1 -1.0919317 0.9779068 -0.5609837
1 0.4597081 -1.4208038 -0.2610080
8 0.0904501 -0.6796120 0.0644485
5
-114.682     ts77     dynamics     sesquiterpene     TS     runpoint      88     runisomer      186
6 -0.1315219 0.6367832 -0.0726714
1 0.4521974 1.0960667 0.7161144
1 -1.1583310 0.9665269 -0.6007016
1 0.4728712 -1.4348778 -0.2819098
8 0.0854900 -0.6542810 0.0650396
5
-114.676     ts77     dynamics     sesquiterpene     TS     runpoint      89     runisomer      186
6 -0.1224901 0.6106823 -0.0700885
1 0.4577708 1.0569240 0.7152955
1 -1.1994390 0.9503016 -0.6248365
1 0.4918226 -1.4466047 -0.3184789
8 0.0797616 -0.6304730 0.0669813
5
-114.661     ts77     dynamics     sesquiterpene     TS     runpoint      90     runisomer      186
6 -0.1153786 0.5880470 -0.0698393
1 0.4571524 1.0357909 0.7151152
1 -1.2094807 0.9289219 -0.6302727
1 0.5053673 -1.4349532 -0.3604483
8 0.0742484 -0.6115484 0.0697937
5
-114.647     ts77     dynamics     sesquiterpene     TS     runpoint      91     runisomer      186
6 -0.1107371 0.5713883 -0.0722969
1 0.4511207 1.0356962 0.7168047
1 -1.1877502 0.9033977 -0.6169557
1 0.5090842 -1.3932129 -0.4027854
8 0.0695446 -0.6000669 0.0733623
5
-114.644     ts77     dynamics     sesquiterpene     TS     runpoint      92     runisomer      186
6 -0.1087504 0.5629417 -0.0774564
1 0.4392906 1.0565482 0.7191937
1 -1.1368668 0.8756503 -0.5868275
1 0.5028535 -1.3240925 -0.4438532
8 0.0659895 -0.5976525 0.0777734
5
-114.655     ts77     dynamics     sesquiterpene     TS     runpoint      93     runisomer      186
6 -0.1090425 0.5638970 -0.0848352
1 0.4204734 1.0950623 0.7193066
1 -1.0644804 0.8490583 -0.5445433
1 0.4900051 -1.2371483 -0.4855029
8 0.0636476 -0.6046009 0.0832638
5
-114.671     ts77     dynamics     sesquiterpene     TS     runpoint      94     runisomer      186
6 -0.1102023 0.5736898 -0.0932671
1 0.3938187 1.1458061 0.7138018
1 -0.9889020 0.8299499 -0.5001440
1 0.4782559 -1.1482753 -0.5357254
8 0.0621793 -0.6195431 0.0903060
5
-114.679     ts77     dynamics     sesquiterpene     TS     runpoint      95     runisomer      186
6 -0.1093470 0.5900572 -0.1008053
1 0.3597628 1.2028488 0.7004566
1 -0.9448772 0.8286043 -0.4712310
1 0.4758901 -1.0716012 -0.6054231
8 0.0610623 -0.6401646 0.0993745
5
-114.682     ts77     dynamics     sesquiterpene     TS     runpoint      96     runisomer      186
6 -0.1037844 0.6102520 -0.1057152
1 0.3203622 1.2612816 0.6792934
1 -0.9648795 0.8529433 -0.4733243
1 0.4812403 -1.0071589 -0.6916593
8 0.0602981 -0.6645942 0.1099609
5
-114.699     ts77     dynamics     sesquiterpene     TS     runpoint      97     runisomer      186
6 -0.0947558 0.6326466 -0.1082614
1 0.2790544 1.3181644 0.6530602
1 -1.0351585 0.8963812 -0.5007956
1 0.4840511 -0.9479830 -0.7748202
8 0.0603822 -0.6914471 0.1204985
5
-114.709     ts77     dynamics     sesquiterpene     TS     runpoint      98     runisomer      186
6 -0.0857050 0.6563877 -0.1098656
1 0.2396530 1.3725987 0.6263941
1 -1.1160798 0.9450533 -0.5370963
1 0.4761546 -0.8916390 -0.8359993
8 0.0616738 -0.7193067 0.1295292
5
-114.7     ts77     dynamics     sesquiterpene     TS     runpoint      99     runisomer      186
6 -0.0789796 0.6806039 -0.1116128
1 0.2052417 1.4248565 0.6040201
1 -1.1806064 0.9892976 -0.5709753
1 0.4544505 -0.8400784 -0.8649698
8 0.0642334 -0.7468057 0.1362130
5
-114.684     ts77     dynamics     sesquiterpene     TS     runpoint      100     runisomer      186
6 -0.0756225 0.7045130 -0.1140187
1 0.1776348 1.4748651 0.5890002
1 -1.2164520 1.0241899 -0.5971722
1 0.4195157 -0.7969271 -0.8593787
8 0.0679163 -0.7728137 0.1402660
5
-114.671     ts77     dynamics     sesquiterpene     TS     runpoint      101     runisomer      186
6 -0.0759559 0.7276602 -0.1171655
1 0.1574553 1.5210284 0.5818965
1 -1.2191470 1.0473416 -0.6135854
1 0.3746344 -0.7661751 -0.8241157
8 0.0724373 -0.7964872 0.1418897
5
-114.665     ts77     dynamics     sesquiterpene     TS     runpoint      102     runisomer      186
6 -0.0799315 0.7499365 -0.1208466
1 0.1445878 1.5603005 0.5812483
1 -1.1881751 1.0576157 -0.6197242
1 0.3258546 -0.7512544 -0.7737582
8 0.0773543 -0.8172637 0.1419092
5
-114.662     ts77     dynamics     sesquiterpene     TS     runpoint      103     runisomer      186
6 -0.0871921 0.7713967 -0.1246875
1 0.1386191 1.5892834 0.5847689
1 -1.1264529 1.0548668 -0.6165377
1 0.2816820 -0.7534133 -0.7359167
8 0.0820724 -0.8348826 0.1419860
5
-114.658     ts77     dynamics     sesquiterpene     TS     runpoint      104     runisomer      186
6 -0.0968469 0.7919604 -0.1281565
1 0.1390229 1.6053961 0.5904010
1 -1.0428816 1.0406479 -0.6076956
1 0.2488259 -0.7710243 -0.7412349
8 0.0860954 -0.8493221 0.1440135
5
-114.658     ts77     dynamics     sesquiterpene     TS     runpoint      105     runisomer      186
6 -0.1069896 0.8111259 -0.1303436
1 0.1451207 1.6075744 0.5968419
1 -0.9581328 1.0198353 -0.6029370
1 0.2255240 -0.8029366 -0.7900636
8 0.0894488 -0.8605183 0.1480277
5
-114.654     ts77     dynamics     sesquiterpene     TS     runpoint      106     runisomer      186
6 -0.1144853 0.8279121 -0.1296941
1 0.1559558 1.5965350 0.6037452
1 -0.9073239 1.0010989 -0.6212496
1 0.2054109 -0.8488174 -0.8514830
8 0.0924558 -0.8683465 0.1521315
5
-114.642     ts77     dynamics     sesquiterpene     TS     runpoint      107     runisomer      186
6 -0.1171113 0.8414235 -0.1250304
1 0.1704029 1.5749758 0.6120656
1 -0.9148988 0.9903912 -0.6787759
1 0.1845420 -0.9061884 -0.8969626
8 0.0953091 -0.8728383 0.1546020
5
-114.644     ts77     dynamics     sesquiterpene     TS     runpoint      108     runisomer      186
6 -0.1165024 0.8513862 -0.1176938
1 0.1876382 1.5475411 0.6244577
1 -0.9601404 0.9847881 -0.7636471
1 0.1617340 -0.9708309 -0.9114710
8 0.0980551 -0.8741590 0.1545822
5
-114.649     ts77     dynamics     sesquiterpene     TS     runpoint      109     runisomer      186
6 -0.1155683 0.8575742 -0.1102875
1 0.2072146 1.5194106 0.6442432
1 -1.0077331 0.9803895 -0.8497900
1 0.1371574 -1.0380521 -0.8904159
8 0.1006695 -0.8725184 0.1518826
5
-114.646     ts77     dynamics     sesquiterpene     TS     runpoint      110     runisomer      186
6 -0.1159680 0.8596881 -0.1046037
1 0.2283042 1.4936705 0.6728169
1 -1.0368803 0.9762674 -0.9188327
1 0.1114823 -1.1036950 -0.8375381
8 0.1030975 -0.8680879 0.1468393
5
-114.644     ts77     dynamics     sesquiterpene     TS     runpoint      111     runisomer      186
6 -0.1181986 0.8576205 -0.1013293
1 0.2488505 1.4697362 0.7076411
1 -1.0393573 0.9728392 -0.9616138
1 0.0852904 -1.1658650 -0.7663053
8 0.1052857 -0.8608973 0.1403975
5
-114.644     ts77     dynamics     sesquiterpene     TS     runpoint      112     runisomer      186
6 -0.1221390 0.8514731 -0.1004199
1 0.2657301 1.4444044 0.7428975
1 -1.0132570 0.9707124 -0.9744353
1 0.0581769 -1.2278111 -0.7009120
8 0.1072447 -0.8506524 0.1341850
5
-114.646     ts77     dynamics     sesquiterpene     TS     runpoint      113     runisomer      186
6 -0.1273738 0.8413947 -0.1014664
1 0.2757921 1.4141844 0.7720170
1 -0.9602500 0.9704396 -0.9571949
1 0.0281232 -1.2968462 -0.6642400
8 0.1090948 -0.8368205 0.1297413
5
-114.656     ts77     dynamics     sesquiterpene     TS     runpoint      114     runisomer      186
6 -0.1332388 0.8274603 -0.1037772
1 0.2768472 1.3769421 0.7898766
1 -0.8860993 0.9727911 -0.9143252
1 -0.0062895 -1.3717362 -0.6541143
8 0.1109274 -0.8194504 0.1270134
5
-114.671     ts77     dynamics     sesquiterpene     TS     runpoint      115     runisomer      186
6 -0.1385681 0.8095537 -0.1061035
1 0.2682072 1.3325037 0.7940134
1 -0.8040953 0.9797139 -0.8590711
1 -0.0434895 -1.4383930 -0.6497851
8 0.1126486 -0.7994529 0.1247463
5
-114.674     ts77     dynamics     sesquiterpene     TS     runpoint      116     runisomer      186
6 -0.1414002 0.7871704 -0.1062358
1 0.2509971 1.2827897 0.7854567
1 -0.7387344 0.9965490 -0.8189884
1 -0.0806405 -1.4822087 -0.6350153
8 0.1140834 -0.7778280 0.1219299
5
-114.667     ts77     dynamics     sesquiterpene     TS     runpoint      117     runisomer      186
6 -0.1399460 0.7594176 -0.1020276
1 0.2284168 1.2319721 0.7697842
1 -0.7144585 1.0318948 -0.8248728
1 -0.1154879 -1.4946050 -0.6032096
8 0.1150835 -0.7552520 0.1181291
5
-114.677     ts77     dynamics     sesquiterpene     TS     runpoint      118     runisomer      186
6 -0.1351494 0.7261221 -0.0946737
1 0.2055426 1.1864970 0.7575572
1 -0.7252039 1.0853748 -0.8725321
1 -0.1469195 -1.4731282 -0.5545603
8 0.1155872 -0.7321303 0.1133212
5
-114.697     ts77     dynamics     sesquiterpene     TS     runpoint      119     runisomer      186
6 -0.1296645 0.6884734 -0.0877764
1 0.1872590 1.1534028 0.7604291
1 -0.7447366 1.1430748 -0.9300915
1 -0.1756744 -1.4220433 -0.4948031
8 0.1156700 -0.7086541 0.1078280
