5
-114.654160 ts77 dynamics sesquiterpene TS runpoint 1  runisomer  94
6 -0.0406291 0.6496114 0.0292703
1 -0.2901273 1.1779618 0.9124777
1 -0.1893022 1.0914156 -1.0779668
1 1.0556423 -0.0902329 -0.1312090
8 -0.0337801 -0.7617486 -0.0032661
5
-114.638 ts77 dynamics sesquiterpene TS runpoint 2  runisomer  94
6 -0.0383309 0.647068 0.0206225
1 -0.293168 1.12451 0.920058
1 -0.192277 1.04522 -1.01881
1 1.07231 -0.0750185 -0.116255
8 -0.0361751 -0.754521 -0.00192541
5
-114.643     ts77     dynamics     sesquiterpene     TS     runpoint      3     runisomer      94
6 -0.0344158 0.6427606 0.0093958
1 -0.2998845 1.0797411 0.9368525
1 -0.1971151 1.0030283 -0.9457100
1 1.0743153 -0.0511612 -0.0967063
8 -0.0385109 -0.7473131 -0.0003967
5
-114.643     ts77     dynamics     sesquiterpene     TS     runpoint      4     runisomer      94
6 -0.0284778 0.6359337 -0.0015100
1 -0.3089865 1.0442945 0.9588986
1 -0.2086414 0.9775902 -0.8876481
1 1.0640210 -0.0146542 -0.0731308
8 -0.0410180 -0.7406544 0.0012530
5
-114.637     ts77     dynamics     sesquiterpene     TS     runpoint      5     runisomer      94
6 -0.0200937 0.6258525 -0.0084503
1 -0.3180562 1.0172105 0.9788855
1 -0.2340154 0.9828964 -0.8785224
1 1.0464767 0.0390257 -0.0464311
8 -0.0440330 -0.7350994 0.0029441
5
-114.641     ts77     dynamics     sesquiterpene     TS     runpoint      6     runisomer      94
6 -0.0094630 0.6128885 -0.0106159
1 -0.3248786 0.9976077 0.9906787
1 -0.2746228 1.0196561 -0.9192607
1 1.0297273 0.1143827 -0.0177166
8 -0.0479655 -0.7311998 0.0045846
5
-114.658     ts77     dynamics     sesquiterpene     TS     runpoint      7     runisomer      94
6 0.0021467 0.5987548 -0.0102757
1 -0.3282706 0.9850680 0.9911526
1 -0.3217861 1.0728263 -0.9769902
1 1.0246730 0.2140698 0.0118017
8 -0.0531734 -0.7294351 0.0060788
5
-114.668     ts77     dynamics     sesquiterpene     TS     runpoint      8     runisomer      94
6 0.0131238 0.5852082 -0.0095244
1 -0.3284239 0.9794280 0.9798650
1 -0.3655530 1.1269072 -1.0236493
1 1.0427326 0.3371594 0.0409262
8 -0.0597794 -0.7300773 0.0073327
5
-114.673     ts77     dynamics     sesquiterpene     TS     runpoint      9     runisomer      94
6 0.0224752 0.5733413 -0.0094237
1 -0.3269369 0.9805376 0.9586527
1 -0.3996987 1.1721068 -1.0461029
1 1.0882419 0.4803323 0.0684400
8 -0.0676044 -0.7331108 0.0082776
5
-114.68     ts77     dynamics     sesquiterpene     TS     runpoint      10     runisomer      94
6 0.0306063 0.5637148 -0.0104624
1 -0.3263062 0.9879807 0.9313646
1 -0.4212423 1.2029241 -1.0403219
1 1.1499409 0.6387999 0.0926242
8 -0.0762742 -0.7382826 0.0088907
5
-114.654160 ts77 dynamics sesquiterpene TS runpoint 1  runisomer  94
6 -0.0406291 0.6496114 0.0292703
1 -0.2901273 1.1779618 0.9124777
1 -0.1893022 1.0914156 -1.0779668
1 1.0556423 -0.0902329 -0.1312090
8 -0.0337801 -0.7617486 -0.0032661
5
-114.638 ts77 dynamics sesquiterpene TS runpoint 2  runisomer  94
6 -0.041732 0.651091 0.0342451
1 -0.290135 1.23602 0.911899
1 -0.186111 1.13367 -1.10887
1 1.0246 -0.100493 -0.141419
8 -0.0311972 -0.768533 -0.00437161
5
-114.634     ts77     dynamics     sesquiterpene     TS     runpoint      3     runisomer      94
6 -0.0421742 0.6523316 0.0356330
1 -0.2912629 1.2917039 0.9121742
1 -0.1819190 1.1671798 -1.1065459
1 0.9821624 -0.1095984 -0.1472228
8 -0.0283843 -0.7745083 -0.0052120
5
-114.633     ts77     dynamics     sesquiterpene     TS     runpoint      4     runisomer      94
6 -0.0425874 0.6542296 0.0339835
1 -0.2914876 1.3376572 0.9075110
1 -0.1764676 1.1888919 -1.0711040
1 0.9340443 -0.1219111 -0.1495137
8 -0.0253708 -0.7794176 -0.0057702
5
-114.637     ts77     dynamics     sesquiterpene     TS     runpoint      5     runisomer      94
6 -0.0436405 0.6576169 0.0300138
1 -0.2894236 1.3681676 0.8949369
1 -0.1698194 1.1973041 -1.0067075
1 0.8881882 -0.1426209 -0.1497408
8 -0.0222397 -0.7831049 -0.0060426
5
-114.642     ts77     dynamics     sesquiterpene     TS     runpoint      6     runisomer      94
6 -0.0459191 0.6630218 0.0246980
1 -0.2845450 1.3800865 0.8748397
1 -0.1625095 1.1936032 -0.9234307
1 0.8532626 -0.1774732 -0.1497346
8 -0.0190983 -0.7854800 -0.0060366
5
-114.647     ts77     dynamics     sesquiterpene     TS     runpoint      7     runisomer      94
6 -0.0497243 0.6702370 0.0196061
1 -0.2772552 1.3731773 0.8508866
1 -0.1560332 1.1845968 -0.8415608
1 0.8364874 -0.2317120 -0.1513724
8 -0.0160532 -0.7864708 -0.0057640
5
-114.647     ts77     dynamics     sesquiterpene     TS     runpoint      8     runisomer      94
6 -0.0549396 0.6778981 0.0170184
1 -0.2689591 1.3504517 0.8299124
1 -0.1531091 1.1851478 -0.7932463
1 0.8422655 -0.3087068 -0.1562863
8 -0.0132103 -0.7859685 -0.0052367
5
-114.646     ts77     dynamics     sesquiterpene     TS     runpoint      9     runisomer      94
6 -0.0611923 0.6841806 0.0184089
1 -0.2620065 1.3181676 0.8213906
1 -0.1556959 1.2089301 -0.8042443
1 0.8717569 -0.4094993 -0.1656088
8 -0.0106517 -0.7837949 -0.0044647
5
-114.662     ts77     dynamics     sesquiterpene     TS     runpoint      10     runisomer      94
6 -0.0681957 0.6885762 0.0220875
1 -0.2590699 1.2842196 0.8349722
1 -0.1618727 1.2495572 -0.8636209
1 0.9205159 -0.5336716 -0.1792831
8 -0.0082649 -0.7796880 -0.0034793
5
-114.685     ts77     dynamics     sesquiterpene     TS     runpoint      11     runisomer      94
6 -0.0757398 0.6916558 0.0249409
1 -0.2616035 1.2538117 0.8747126
1 -0.1682207 1.2890717 -0.9386291
1 0.9751934 -0.6792050 -0.1951904
8 -0.0054905 -0.7734014 -0.0023959
5
-114.697     ts77     dynamics     sesquiterpene     TS     runpoint      12     runisomer      94
6 -0.0836204 0.6940705 0.0253079
1 -0.2686415 1.2259404 0.9341043
1 -0.1728308 1.3151615 -1.0035189
1 1.0169089 -0.8397529 -0.2096575
8 -0.0014737 -0.7649825 -0.0014143
5
-114.697     ts77     dynamics     sesquiterpene     TS     runpoint      13     runisomer      94
6 -0.0916540 0.6962916 0.0231740
1 -0.2776056 1.1958613 0.9988799
1 -0.1751523 1.3228461 -1.0443084
1 1.0300405 -1.0037814 -0.2192842
8 0.0044367 -0.7549011 -0.0007186
5
-114.689     ts77     dynamics     sesquiterpene     TS     runpoint      14     runisomer      94
6 -0.0996379 0.6984921 0.0192083
1 -0.2859993 1.1598353 1.0544987
1 -0.1752438 1.3113489 -1.0547597
1 1.0070272 -1.1576101 -0.2221550
8 0.0124114 -0.7438627 -0.0004099
5
-114.681     ts77     dynamics     sesquiterpene     TS     runpoint      15     runisomer      94
6 -0.1073275 0.7005387 0.0141541
1 -0.2922485 1.1169217 1.0905921
1 -0.1734421 1.2823236 -1.0336124
1 0.9477054 -1.2888123 -0.2179517
8 0.0221974 -0.7325972 -0.0004913
5
-114.678     ts77     dynamics     sesquiterpene     TS     runpoint      16     runisomer      94
6 -0.1144508 0.7020283 0.0087691
1 -0.2957700 1.0685225 1.1016937
1 -0.1703512 1.2398506 -0.9846074
1 0.8569336 -1.3880333 -0.2076279
8 0.0332859 -0.7217346 -0.0008900
5
-114.68     ts77     dynamics     sesquiterpene     TS     runpoint      17     runisomer      94
6 -0.1207197 0.7022009 0.0041043
1 -0.2968585 1.0176334 1.0869775
1 -0.1670127 1.1919929 -0.9195581
1 0.7430766 -1.4502568 -0.1932389
8 0.0450199 -0.7117205 -0.0014696
5
-114.681     ts77     dynamics     sesquiterpene     TS     runpoint      18     runisomer      94
6 -0.1258485 0.6997498 0.0018567
1 -0.2967074 0.9685233 1.0507846
1 -0.1650313 1.1529615 -0.8629707
1 0.6180563 -1.4776566 -0.1782097
8 0.0566091 -0.7026008 -0.0020179
5
-114.673     ts77     dynamics     sesquiterpene     TS     runpoint      19     runisomer      94
6 -0.1295938 0.6930261 0.0037815
1 -0.2975946 0.9267713 1.0044431
1 -0.1661072 1.1400892 -0.8467447
1 0.4977140 -1.4851272 -0.1679742
8 0.0671229 -0.6936430 -0.0022110
5
-114.662     ts77     dynamics     sesquiterpene     TS     runpoint      20     runisomer      94
6 -0.1318302 0.6813938 0.0090118
1 -0.3031094 0.8990825 0.9675327
1 -0.1707067 1.1582689 -0.8797423
1 0.3968098 -1.5008565 -0.1695718
8 0.0757938 -0.6833249 -0.0016305
5
-114.66     ts77     dynamics     sesquiterpene     TS     runpoint      21     runisomer      94
6 -0.1326052 0.6659974 0.0136143
1 -0.3172778 0.8915693 0.9610553
1 -0.1777933 1.1938504 -0.9360618
1 0.3157629 -1.5419562 -0.1871328
8 0.0828199 -0.6709518 -0.0000222
5
-114.663     ts77     dynamics     sesquiterpene     TS     runpoint      22     runisomer      94
6 -0.1322782 0.6488277 0.0148054
1 -0.3413135 0.9056560 0.9887278
1 -0.1861438 1.2306234 -0.9868160
1 0.2416537 -1.5910880 -0.2177955
8 0.0892836 -0.6581794 0.0024688
5
-114.664     ts77     dynamics     sesquiterpene     TS     runpoint      23     runisomer      94
6 -0.1316106 0.6321094 0.0127035
1 -0.3718330 0.9361356 1.0320300
1 -0.1950055 1.2583176 -1.0159849
1 0.1643492 -1.6210351 -0.2559798
8 0.0961346 -0.6474136 0.0055592
5
-114.659     ts77     dynamics     sesquiterpene     TS     runpoint      24     runisomer      94
6 -0.1315000 0.6178891 0.0085825
1 -0.4038339 0.9748123 1.0685045
1 -0.2039807 1.2716652 -1.0175732
1 0.0799024 -1.6164278 -0.2975308
8 0.1039536 -0.6403136 0.0090693
5
-114.657     ts77     dynamics     sesquiterpene     TS     runpoint      25     runisomer      94
6 -0.1326888 0.6076866 0.0035403
1 -0.4333506 1.0143183 1.0837833
1 -0.2127569 1.2685060 -0.9913597
1 -0.0123163 -1.5747486 -0.3404345
8 0.1130688 -0.6375764 0.0129394
5
-114.664     ts77     dynamics     sesquiterpene     TS     runpoint      26     runisomer      94
6 -0.1356616 0.6023345 -0.0016008
1 -0.4577031 1.0492166 1.0717060
1 -0.2210342 1.2493294 -0.9415581
1 -0.1116421 -1.5023837 -0.3848792
8 0.1236131 -0.6391102 0.0172168
5
-114.679     ts77     dynamics     sesquiterpene     TS     runpoint      27     runisomer      94
6 -0.1406172 0.6018553 -0.0059480
1 -0.4751830 1.0759127 1.0318725
1 -0.2287918 1.2184854 -0.8782765
1 -0.2179454 -1.4111395 -0.4334033
8 0.1356180 -0.6442370 0.0220560
5
-114.694     ts77     dynamics     sesquiterpene     TS     runpoint      28     runisomer      94
6 -0.1474084 0.6052833 -0.0081718
1 -0.4852055 1.0927998 0.9687533
1 -0.2368196 1.1865639 -0.8206718
1 -0.3314349 -1.3115867 -0.4885783
8 0.1490006 -0.6521338 0.0275460
5
-114.702     ts77     dynamics     sesquiterpene     TS     runpoint      29     runisomer      94
6 -0.1554725 0.6107650 -0.0066767
1 -0.4891269 1.1012049 0.8927625
1 -0.2468836 1.1696644 -0.7957754
1 -0.4469872 -1.2055052 -0.5467078
8 0.1632131 -0.6623954 0.0333038
5
-114.701     ts77     dynamics     sesquiterpene     TS     runpoint      30     runisomer      94
6 -0.1639179 0.6165798 -0.0012987
1 -0.4916225 1.1071834 0.8222586
1 -0.2599194 1.1768495 -0.8207966
1 -0.5513539 -1.0908907 -0.5970117
8 0.1771027 -0.6748080 0.0384551
5
-114.696     ts77     dynamics     sesquiterpene     TS     runpoint      31     runisomer      94
6 -0.1717694 0.6221811 0.0051621
1 -0.5008955 1.1220305 0.7815127
1 -0.2738656 1.1979922 -0.8839191
1 -0.6304345 -0.9707919 -0.6291530
8 0.1894388 -0.6888444 0.0421747
5
-114.686     ts77     dynamics     sesquiterpene     TS     runpoint      32     runisomer      94
6 -0.1783506 0.6278062 0.0093896
1 -0.5232004 1.1546195 0.7855883
1 -0.2856162 1.2162786 -0.9589451
1 -0.6753829 -0.8528483 -0.6377272
8 0.1993546 -0.7037002 0.0440115
5
-114.677     ts77     dynamics     sesquiterpene     TS     runpoint      33     runisomer      94
6 -0.1837971 0.6343665 0.0105346
1 -0.5551701 1.1997364 0.8246308
1 -0.2932463 1.2212766 -1.0251265
1 -0.6835017 -0.7455113 -0.6220794
8 0.2064477 -0.7185416 0.0438755
5
-114.67     ts77     dynamics     sesquiterpene     TS     runpoint      34     runisomer      94
6 -0.1887182 0.6429508 0.0095367
1 -0.5875372 1.2434538 0.8756274
1 -0.2960370 1.2093098 -1.0704871
1 -0.6581192 -0.6561870 -0.5856969
8 0.2107565 -0.7326095 0.0419764
5
-114.663     ts77     dynamics     sesquiterpene     TS     runpoint      35     runisomer      94
6 -0.1935147 0.6541615 0.0075166
1 -0.6127588 1.2747241 0.9199046
1 -0.2940137 1.1806428 -1.0892234
1 -0.6093500 -0.5914743 -0.5368166
8 0.2127456 -0.7452612 0.0388013
5
-114.655     ts77     dynamics     sesquiterpene     TS     runpoint      36     runisomer      94
6 -0.1982011 0.6681769 0.0053794
1 -0.6267997 1.2880614 0.9467960
1 -0.2877863 1.1378121 -1.0799678
1 -0.5555703 -0.5570313 -0.4896961
8 0.2133666 -0.7560859 0.0351569
5
-114.647     ts77     dynamics     sesquiterpene     TS     runpoint      37     runisomer      94
6 -0.2025556 0.6848238 0.0039513
1 -0.6281912 1.2820538 0.9515308
1 -0.2785762 1.0853871 -1.0461569
1 -0.5224943 -0.5548931 -0.4635498
8 0.2140590 -0.7650266 0.0321505
5
-114.644     ts77     dynamics     sesquiterpene     TS     runpoint      38     runisomer      94
6 -0.2062852 0.7032737 0.0041608
1 -0.6174002 1.2582808 0.9337750
1 -0.2682490 1.0306908 -0.9985308
1 -0.5301068 -0.5827829 -0.4726242
8 0.2160073 -0.7721659 0.0306821
5
-114.653     ts77     dynamics     sesquiterpene     TS     runpoint      39     runisomer      94
6 -0.2090157 0.7218245 0.0071278
1 -0.5971824 1.2215298 0.8983606
1 -0.2591635 0.9838930 -0.9576982
1 -0.5710457 -0.6396794 -0.5113233
8 0.2187901 -0.7772326 0.0305521
5
-114.662     ts77     dynamics     sesquiterpene     TS     runpoint      40     runisomer      94
6 -0.2101771 0.7383041 0.0135064
1 -0.5738449 1.1810090 0.8583627
1 -0.2535530 0.9544095 -0.9481742
1 -0.6178817 -0.7243934 -0.5596054
8 0.2207891 -0.7798462 0.0307281
5
-114.662     ts77     dynamics     sesquiterpene     TS     runpoint      41     runisomer      94
6 -0.2089264 0.7507921 0.0216733
1 -0.5581114 1.1505060 0.8372884
1 -0.2526117 0.9449987 -0.9774979
1 -0.6469720 -0.8312524 -0.5996592
8 0.2206338 -0.7799655 0.0302986
5
-114.659     ts77     dynamics     sesquiterpene     TS     runpoint      42     runisomer      94
6 -0.2045295 0.7581763 0.0280227
1 -0.5603588 1.1416915 0.8577275
1 -0.2564262 0.9522488 -1.0279575
1 -0.6457251 -0.9514011 -0.6211320
8 0.2176402 -0.7778360 0.0287786
5
-114.665     ts77     dynamics     sesquiterpene     TS     runpoint      43     runisomer      94
6 -0.1972464 0.7606577 0.0307391
1 -0.5796668 1.1523595 0.9154762
1 -0.2645673 0.9715706 -1.0758525
1 -0.6102388 -1.0748757 -0.6195885
8 0.2116698 -0.7738067 0.0260226
5
-114.675     ts77     dynamics     sesquiterpene     TS     runpoint      44     runisomer      94
6 -0.1881984 0.7592462 0.0305726
1 -0.6052178 1.1701420 0.9835859
1 -0.2763833 0.9991758 -1.1051009
1 -0.5428975 -1.1920362 -0.5950206
8 0.2029946 -0.7682249 0.0221509
5
-114.679     ts77     dynamics     sesquiterpene     TS     runpoint      45     runisomer      94
6 -0.1784713 0.7547661 0.0287131
1 -0.6270554 1.1843995 1.0382501
1 -0.2910754 1.0320624 -1.1079525
1 -0.4517625 -1.2954761 -0.5518079
8 0.1922588 -0.7613164 0.0175590
5
-114.679     ts77     dynamics     sesquiterpene     TS     runpoint      46     runisomer      94
6 -0.1688138 0.7476517 0.0259377
1 -0.6394838 1.1891371 1.0666549
1 -0.3077658 1.0678348 -1.0827152
1 -0.3500829 -1.3830726 -0.4990616
8 0.1804441 -0.7530111 0.0129378
5
-114.677     ts77     dynamics     sesquiterpene     TS     runpoint      47     runisomer      94
6 -0.1597072 0.7380939 0.0227975
1 -0.6398783 1.1814820 1.0639708
1 -0.3256484 1.1047628 -1.0326176
1 -0.2524259 -1.4596361 -0.4483658
8 0.1686120 -0.7428595 0.0091128
5
-114.677     ts77     dynamics     sesquiterpene     TS     runpoint      48     runisomer      94
6 -0.1514088 0.7261454 0.0198920
1 -0.6275086 1.1604216 1.0305556
1 -0.3443087 1.1422142 -0.9659441
1 -0.1668920 -1.5305565 -0.4070542
8 0.1573955 -0.7304593 0.0065956
5
-114.68     ts77     dynamics     sesquiterpene     TS     runpoint      49     runisomer      94
6 -0.1439186 0.7117300 0.0178893
1 -0.6034781 1.1266454 0.9717694
1 -0.3641351 1.1813192 -0.8958870
1 -0.0928093 -1.5916288 -0.3743387
8 0.1468461 -0.7161315 0.0053285
5
-114.682     ts77     dynamics     sesquiterpene     TS     runpoint      50     runisomer      94
6 -0.1369022 0.6946518 0.0170320
1 -0.5719058 1.0834776 0.9003728
1 -0.3861364 1.2245368 -0.8371458
1 -0.0271172 -1.6314500 -0.3461644
8 0.1368416 -0.7008135 0.0049958
5
-114.677     ts77     dynamics     sesquiterpene     TS     runpoint      51     runisomer      94
6 -0.1296705 0.6747766 0.0162248
1 -0.5419169 1.0385382 0.8399147
1 -0.4104225 1.2723751 -0.7986520
1 0.0314764 -1.6406987 -0.3201638
8 0.1273681 -0.6855030 0.0053492
5
-114.667     ts77     dynamics     sesquiterpene     TS     runpoint      52     runisomer      94
6 -0.1214277 0.6524567 0.0130527
1 -0.5263417 1.0027214 0.8204458
1 -0.4347767 1.3200196 -0.7796042
1 0.0828603 -1.6167766 -0.2966476
8 0.1185012 -0.6710102 0.0062757
5
-114.661     ts77     dynamics     sesquiterpene     TS     runpoint      53     runisomer      94
6 -0.1121429 0.6292392 0.0061708
1 -0.5303378 0.9807640 0.8542639
1 -0.4556786 1.3589924 -0.7736130
1 0.1269183 -1.5659855 -0.2785907
8 0.1103294 -0.6578634 0.0077956
5
-114.665     ts77     dynamics     sesquiterpene     TS     runpoint      54     runisomer      94
6 -0.1029865 0.6079661 -0.0030315
1 -0.5442979 0.9657929 0.9213198
1 -0.4702633 1.3812918 -0.7741807
1 0.1649081 -1.5063391 -0.2723090
8 0.1028655 -0.6461230 0.0101178
5
-114.661     ts77     dynamics     sesquiterpene     TS     runpoint      55     runisomer      94
6 -0.0952475 0.5915769 -0.0123436
1 -0.5558536 0.9496165 0.9932849
1 -0.4771264 1.3817571 -0.7768159
1 0.2007716 -1.4646955 -0.2872389
8 0.0959617 -0.6354610 0.0136790
5
-114.65     ts77     dynamics     sesquiterpene     TS     runpoint      56     runisomer      94
6 -0.0896408 0.5823349 -0.0202711
1 -0.5579870 0.9288859 1.0512528
1 -0.4763250 1.3587335 -0.7792683
1 0.2395169 -1.4545119 -0.3298366
8 0.0893992 -0.6264115 0.0188148
5
-114.646     ts77     dynamics     sesquiterpene     TS     runpoint      57     runisomer      94
6 -0.0863537 0.5816030 -0.0260394
1 -0.5481948 0.9039269 1.0855262
1 -0.4693093 1.3143264 -0.7816586
1 0.2817253 -1.4580637 -0.3956105
8 0.0832151 -0.6212684 0.0252809
5
-114.649     ts77     dynamics     sesquiterpene     TS     runpoint      58     runisomer      94
6 -0.0851611 0.5894958 -0.0291692
1 -0.5262707 0.8768108 1.0917632
1 -0.4591078 1.2547901 -0.7871507
1 0.3237426 -1.4488788 -0.4736597
8 0.0776489 -0.6223080 0.0325033
5
-114.658     ts77     dynamics     sesquiterpene     TS     runpoint      59     runisomer      94
6 -0.0854736 0.6046462 -0.0291429
1 -0.4932767 0.8505149 1.0690340
1 -0.4505423 1.1903031 -0.8027261
1 0.3617994 -1.4113189 -0.5541857
8 0.0728677 -0.6303202 0.0399737
