5
-114.654160 ts77 dynamics sesquiterpene TS runpoint 1  runisomer  16
6 -0.0277328 0.6398713 0.0065688
1 -0.2320563 1.1041737 0.9597087
1 -0.3389821 1.0652605 -1.0275960
1 1.0265515 -0.0935384 0.0840080
8 -0.0358506 -0.7479354 -0.0059439
5
-114.646 ts77 dynamics sesquiterpene TS runpoint 2  runisomer  16
6 -0.0249173 0.632083 0.0160252
1 -0.252294 1.10104 0.96849
1 -0.352025 1.05125 -1.10489
1 1.06802 -0.086518 0.0621483
8 -0.0384786 -0.741455 -0.0073443
5
-114.635     ts77     dynamics     sesquiterpene     TS     runpoint      3     runisomer      16
6 -0.0216886 0.6240736 0.0227009
1 -0.2747530 1.1026624 0.9747515
1 -0.3562407 1.0348965 -1.1491079
1 1.0980965 -0.0692524 0.0382555
8 -0.0411154 -0.7356059 -0.0084559
5
-114.627     ts77     dynamics     sesquiterpene     TS     runpoint      4     runisomer      16
6 -0.0177871 0.6159188 0.0263300
1 -0.2983254 1.1079175 0.9759104
1 -0.3507617 1.0166284 -1.1561130
1 1.1153564 -0.0363907 0.0132542
8 -0.0439895 -0.7307386 -0.0092351
5
-114.627     ts77     dynamics     sesquiterpene     TS     runpoint      5     runisomer      16
6 -0.0130009 0.6077028 0.0269507
1 -0.3213637 1.1152421 0.9696318
1 -0.3355799 0.9976437 -1.1257992
1 1.1209141 0.0174411 -0.0117446
8 -0.0474360 -0.7272327 -0.0096402
5
-114.636     ts77     dynamics     sesquiterpene     TS     runpoint      6     runisomer      16
6 -0.0071964 0.5995563 0.0247935
1 -0.3419925 1.1230099 0.9545959
1 -0.3114938 0.9796396 -1.0614505
1 1.1178343 0.0968927 -0.0355193
8 -0.0518148 -0.7254830 -0.0096303
5
-114.653     ts77     dynamics     sesquiterpene     TS     runpoint      7     runisomer      16
6 -0.0002853 0.5916471 0.0204571
1 -0.3585085 1.1297983 0.9310061
1 -0.2810657 0.9655189 -0.9722157
1 1.1103031 0.2043875 -0.0567260
8 -0.0574019 -0.7258615 -0.0091755
5
-114.671     ts77     dynamics     sesquiterpene     TS     runpoint      8     runisomer      16
6 0.0078663 0.5840214 0.0153936
1 -0.3698418 1.1345808 0.9008567
1 -0.2506106 0.9614458 -0.8787929
1 1.1032880 0.3384752 -0.0738947
8 -0.0642803 -0.7286359 -0.0082821
5
-114.678     ts77     dynamics     sesquiterpene     TS     runpoint      9     runisomer      16
6 0.0175635 0.5762693 0.0122211
1 -0.3760065 1.1369327 0.8679578
1 -0.2315397 0.9791034 -0.8165932
1 1.1024322 0.4935871 -0.0856180
8 -0.0723147 -0.7338565 -0.0070085
5
-114.679     ts77     dynamics     sesquiterpene     TS     runpoint      10     runisomer      16
6 0.0290730 0.5679084 0.0129319
1 -0.3784194 1.1371493 0.8376206
1 -0.2340295 1.0282827 -0.8138309
1 1.1115668 0.6619979 -0.0909351
8 -0.0812161 -0.7413110 -0.0054697
5
-114.691     ts77     dynamics     sesquiterpene     TS     runpoint      11     runisomer      16
6 0.0421684 0.5598723 0.0161091
1 -0.3798583 1.1360632 0.8153874
1 -0.2550916 1.0985761 -0.8570008
1 1.1276947 0.8353704 -0.0897685
8 -0.0906389 -0.7505700 -0.0038061
5
-114.654160 ts77 dynamics sesquiterpene TS runpoint 1  runisomer  16
6 -0.0277328 0.6398713 0.0065688
1 -0.2320563 1.1041737 0.9597087
1 -0.3389821 1.0652605 -1.0275960
1 1.0265515 -0.0935384 0.0840080
8 -0.0358506 -0.7479354 -0.0059439
5
-114.646 ts77 dynamics sesquiterpene TS runpoint 2  runisomer  16
6 -0.0303483 0.647261 -0.0046952
1 -0.214446 1.11229 0.950453
1 -0.320021 1.07886 -0.929304
1 0.977901 -0.0955165 0.103275
8 -0.0331272 -0.754723 -0.00431704
5
-114.652     ts77     dynamics     sesquiterpene     TS     runpoint      3     runisomer      16
6 -0.0327078 0.6536580 -0.0154862
1 -0.1992214 1.1245092 0.9418588
1 -0.3024734 1.1002510 -0.8368630
1 0.9287250 -0.0976076 0.1199664
8 -0.0303221 -0.7615093 -0.0025555
5
-114.643     ts77     dynamics     sesquiterpene     TS     runpoint      4     runisomer      16
6 -0.0344105 0.6578256 -0.0224343
1 -0.1857748 1.1391063 0.9345324
1 -0.2982105 1.1462129 -0.7897793
1 0.8871395 -0.1048585 0.1347938
8 -0.0275393 -0.7679949 -0.0007824
5
-114.635     ts77     dynamics     sesquiterpene     TS     runpoint      5     runisomer      16
6 -0.0355515 0.6593019 -0.0242200
1 -0.1735452 1.1540991 0.9293094
1 -0.3122476 1.2246841 -0.8038945
1 0.8608961 -0.1219306 0.1489937
8 -0.0249150 -0.7739159 0.0008824
5
-114.644     ts77     dynamics     sesquiterpene     TS     runpoint      6     runisomer      16
6 -0.0372435 0.6598649 -0.0232268
1 -0.1622500 1.1677913 0.9271285
1 -0.3351395 1.3164126 -0.8517027
1 0.8547138 -0.1529031 0.1637779
8 -0.0225253 -0.7790295 0.0023553
5
-114.649     ts77     dynamics     sesquiterpene     TS     runpoint      7     runisomer      16
6 -0.0404203 0.6615351 -0.0220435
1 -0.1517944 1.1788739 0.9281195
1 -0.3565686 1.3975423 -0.9027056
1 0.8677342 -0.2014969 0.1797058
8 -0.0202707 -0.7830320 0.0036145
5
-114.646     ts77     dynamics     sesquiterpene     TS     runpoint      8     runisomer      16
6 -0.0453947 0.6653432 -0.0219835
1 -0.1420708 1.1863670 0.9314731
1 -0.3716285 1.4544207 -0.9406960
1 0.8934999 -0.2716997 0.1964913
8 -0.0178258 -0.7855224 0.0046944
5
-114.645     ts77     dynamics     sesquiterpene     TS     runpoint      9     runisomer      16
6 -0.0521827 0.6716218 -0.0235346
1 -0.1328473 1.1896029 0.9359341
1 -0.3789002 1.4811954 -0.9588579
1 0.9226624 -0.3676643 0.2133037
8 -0.0146943 -0.7860774 0.0056604
5
-114.651     ts77     dynamics     sesquiterpene     TS     runpoint      10     runisomer      16
6 -0.0607085 0.6803110 -0.0267899
1 -0.1237706 1.1883155 0.9402979
1 -0.3783938 1.4759525 -0.9548860
1 0.9465902 -0.4914995 0.2292293
8 -0.0104094 -0.7843815 0.0065717
5
-114.666     ts77     dynamics     sesquiterpene     TS     runpoint      11     runisomer      16
6 -0.0707585 0.6909562 -0.0315612
1 -0.1144663 1.1827688 0.9436983
1 -0.3707474 1.4393202 -0.9293871
1 0.9602549 -0.6402545 0.2436623
8 -0.0047987 -0.7803382 0.0074198
5
-114.686     ts77     dynamics     sesquiterpene     TS     runpoint      12     runisomer      16
6 -0.0818574 0.7026153 -0.0372647
1 -0.1046356 1.1738273 0.9456793
1 -0.3576012 1.3754628 -0.8871145
1 0.9626126 -0.8058508 0.2564434
8 0.0019305 -0.7740646 0.0081043
5
-114.702     ts77     dynamics     sesquiterpene     TS     runpoint      13     runisomer      16
6 -0.0931770 0.7137024 -0.0425603
1 -0.0941654 1.1629487 0.9460944
1 -0.3431772 1.2955580 -0.8415457
1 0.9531624 -0.9777762 0.2672155
8 0.0094507 -0.7658312 0.0084988
5
-114.703     ts77     dynamics     sesquiterpene     TS     runpoint      14     runisomer      16
6 -0.1034819 0.7218355 -0.0448647
1 -0.0832227 1.1521530 0.9449668
1 -0.3361922 1.2212585 -0.8211653
1 0.9282980 -1.1442976 0.2745694
8 0.0176196 -0.7560800 0.0085503
5
-114.687     ts77     dynamics     sesquiterpene     TS     runpoint      15     runisomer      16
6 -0.1115209 0.7247899 -0.0413426
1 -0.0722694 1.1440000 0.9427529
1 -0.3462430 1.1741656 -0.8587095
1 0.8832801 -1.2927446 0.2765873
8 0.0264314 -0.7454623 0.0082835
5
-114.681     ts77     dynamics     sesquiterpene     TS     runpoint      16     runisomer      16
6 -0.1171461 0.7226793 -0.0326350
1 -0.0618384 1.1414426 0.9410952
1 -0.3712322 1.1499162 -0.9478242
1 0.8163759 -1.4116455 0.2722077
8 0.0357843 -0.7346979 0.0077447
5
-114.683     ts77     dynamics     sesquiterpene     TS     runpoint      17     runisomer      16
6 -0.1211047 0.7169576 -0.0223231
1 -0.0522894 1.1471187 0.9422705
1 -0.4000318 1.1299682 -1.0486102
1 0.7298981 -1.4930004 0.2617908
8 0.0454159 -0.7243810 0.0069401
5
-114.674     ts77     dynamics     sesquiterpene     TS     runpoint      18     runisomer      16
6 -0.1240284 0.7085593 -0.0131485
1 -0.0438222 1.1621738 0.9469247
1 -0.4243639 1.1040337 -1.1299234
1 0.6291924 -1.5335797 0.2470542
8 0.0549542 -0.7148380 0.0058145
5
-114.663     ts77     dynamics     sesquiterpene     TS     runpoint      19     runisomer      16
6 -0.1262859 0.6979757 -0.0062658
1 -0.0366617 1.1854677 0.9526262
1 -0.4404043 1.0696591 -1.1767019
1 0.5220706 -1.5371273 0.2313236
8 0.0639572 -0.7059769 0.0042293
5
-114.657     ts77     dynamics     sesquiterpene     TS     runpoint      20     runisomer      16
6 -0.1281512 0.6856355 -0.0018736
1 -0.0311310 1.2138038 0.9547055
1 -0.4468423 1.0277672 -1.1832995
1 0.4190603 -1.5191666 0.2205279
8 0.0719040 -0.6969967 0.0018971
5
-114.653     ts77     dynamics     sesquiterpene     TS     runpoint      21     runisomer      16
6 -0.1298844 0.6720446 0.0002456
1 -0.0275316 1.2430096 0.9483973
1 -0.4436751 0.9807086 -1.1491673
1 0.3308224 -1.5089170 0.2237075
8 0.0783379 -0.6863216 -0.0016486
5
-114.655     ts77     dynamics     sesquiterpene     TS     runpoint      22     runisomer      16
6 -0.1317279 0.6578424 0.0005838
1 -0.0259828 1.2691747 0.9306282
1 -0.4321237 0.9320623 -1.0785643
1 0.2584881 -1.5284576 0.2483505
8 0.0834539 -0.6730193 -0.0067861
5
-114.667     ts77     dynamics     sesquiterpene     TS     runpoint      23     runisomer      16
6 -0.1338181 0.6437645 0.0001794
1 -0.0263042 1.2895527 0.9009521
1 -0.4157748 0.8875245 -0.9844345
1 0.1916361 -1.5635028 0.2924504
8 0.0882247 -0.6587275 -0.0133240
5
-114.674     ts77     dynamics     sesquiterpene     TS     runpoint      24     runisomer      16
6 -0.1359812 0.6303740 0.0012494
1 -0.0279145 1.3030902 0.8619120
1 -0.4030304 0.8565474 -0.8962397
1 0.1216414 -1.5841740 0.3480200
8 0.0935573 -0.6462807 -0.0207278
5
-114.662     ts77     dynamics     sesquiterpene     TS     runpoint      25     runisomer      16
6 -0.1376657 0.6177714 0.0070822
1 -0.0296971 1.3108370 0.8192047
1 -0.4074429 0.8518744 -0.8591408
1 0.0460352 -1.5717914 0.4080825
8 0.0999756 -0.6378008 -0.0285380
5
-114.656     ts77     dynamics     sesquiterpene     TS     runpoint      26     runisomer      16
6 -0.1389071 0.6062174 0.0184296
1 -0.0298932 1.3162740 0.7815441
1 -0.4351446 0.8786825 -0.8913066
1 -0.0341267 -1.5210705 0.4681635
8 0.1077165 -0.6343620 -0.0364400
5
-114.674     ts77     dynamics     sesquiterpene     TS     runpoint      27     runisomer      16
6 -0.1410432 0.5968232 0.0314455
1 -0.0263719 1.3244361 0.7584720
1 -0.4750805 0.9257938 -0.9574477
1 -0.1163347 -1.4355963 0.5258339
8 0.1167951 -0.6361843 -0.0442196
5
-114.688     ts77     dynamics     sesquiterpene     TS     runpoint      28     runisomer      16
6 -0.1453586 0.5907061 0.0423211
1 -0.0173950 1.3384152 0.7554248
1 -0.5141613 0.9788018 -1.0193692
1 -0.1981582 -1.3248619 0.5807342
8 0.1270863 -0.6427943 -0.0517470
5
-114.691     ts77     dynamics     sesquiterpene     TS     runpoint      29     runisomer      16
6 -0.1523867 0.5886431 0.0493283
1 -0.0022620 1.3559787 0.7707379
1 -0.5450765 1.0283396 -1.0576186
1 -0.2780979 -1.2011175 0.6340720
8 0.1383905 -0.6532726 -0.0589223
5
-114.689     ts77     dynamics     sesquiterpene     TS     runpoint      30     runisomer      16
6 -0.1620751 0.5911808 0.0520948
1 0.0186140 1.3705710 0.7976096
1 -0.5645810 1.0692622 -1.0647678
1 -0.3538661 -1.0743264 0.6849324
8 0.1503479 -0.6666656 -0.0654477
5
-114.686     ts77     dynamics     sesquiterpene     TS     runpoint      31     runisomer      16
6 -0.1740400 0.5985502 0.0507938
1 0.0440393 1.3752353 0.8281122
1 -0.5714316 1.0988052 -1.0390081
1 -0.4196854 -0.9507149 0.7270017
8 0.1623025 -0.6821406 -0.0706703
5
-114.683     ts77     dynamics     sesquiterpene     TS     runpoint      32     runisomer      16
6 -0.1877239 0.6105352 0.0458568
1 0.0723918 1.3653525 0.8557186
1 -0.5657058 1.1158456 -0.9820586
1 -0.4681608 -0.8359467 0.7522662
8 0.1734779 -0.6988178 -0.0738878
5
-114.683     ts77     dynamics     sesquiterpene     TS     runpoint      33     runisomer      16
6 -0.2024154 0.6263948 0.0381033
1 0.1018736 1.3393258 0.8760628
1 -0.5493961 1.1215906 -0.9005478
1 -0.4944938 -0.7359483 0.7563308
8 0.1832755 -0.7157423 -0.0747470
5
-114.683     ts77     dynamics     sesquiterpene     TS     runpoint      34     runisomer      16
6 -0.2171057 0.6447151 0.0291607
1 0.1307523 1.2982974 0.8869814
1 -0.5284015 1.1224422 -0.8110953
1 -0.4981961 -0.6557257 0.7397991
8 0.1913907 -0.7320119 -0.0733232
5
-114.676     ts77     dynamics     sesquiterpene     TS     runpoint      35     runisomer      16
6 -0.2303137 0.6631814 0.0219222
1 0.1577233 1.2456882 0.8885454
1 -0.5148254 1.1346613 -0.7466288
1 -0.4826596 -0.5992110 0.7075675
8 0.1977685 -0.7468847 -0.0700238
5
-114.659     ts77     dynamics     sesquiterpene     TS     runpoint      36     runisomer      16
6 -0.2405692 0.6791871 0.0193231
1 0.1824660 1.1867752 0.8833169
1 -0.5218779 1.1791175 -0.7432175
1 -0.4545827 -0.5696685 0.6684601
8 0.2025818 -0.7598470 -0.0654979
5
-114.657     ts77     dynamics     sesquiterpene     TS     runpoint      37     runisomer      16
6 -0.2479175 0.6922508 0.0205103
1 0.2062286 1.1281989 0.8765361
1 -0.5471393 1.2533439 -0.7950715
1 -0.4239985 -0.5692110 0.6352923
8 0.2062655 -0.7706660 -0.0606069
5
-114.663     ts77     dynamics     sesquiterpene     TS     runpoint      38     runisomer      16
6 -0.2536019 0.7037774 0.0218409
1 0.2314646 1.0767108 0.8745950
1 -0.5762986 1.3335369 -0.8643028
1 -0.4030754 -0.5975411 0.6230427
8 0.2094623 -0.7793401 -0.0563521
5
-114.658     ts77     dynamics     sesquiterpene     TS     runpoint      39     runisomer      16
6 -0.2585761 0.7147414 0.0208180
1 0.2598251 1.0370932 0.8811950
1 -0.5986649 1.4012410 -0.9227832
1 -0.4000447 -0.6524259 0.6414798
8 0.2126279 -0.7858805 -0.0534800
5
-114.652     ts77     dynamics     sesquiterpene     TS     runpoint      40     runisomer      16
6 -0.2631365 0.7253547 0.0168157
1 0.2899927 1.0110874 0.8942704
1 -0.6091201 1.4475936 -0.9574740
1 -0.4106536 -0.7317686 0.6852131
8 0.2154787 -0.7901305 -0.0518737
5
-114.651     ts77     dynamics     sesquiterpene     TS     runpoint      41     runisomer      16
6 -0.2671158 0.7354769 0.0103588
1 0.3178274 0.9983029 0.9072406
1 -0.6057122 1.4690356 -0.9638295
1 -0.4206091 -0.8319227 0.7360090
8 0.2171256 -0.7919640 -0.0506499
5
-114.653     ts77     dynamics     sesquiterpene     TS     runpoint      42     runisomer      16
6 -0.2701613 0.7448479 0.0023830
1 0.3384902 0.9976149 0.9129638
1 -0.5882528 1.4646932 -0.9418196
1 -0.4166663 -0.9455515 0.7754778
8 0.2167633 -0.7915219 -0.0489033
5
-114.657     ts77     dynamics     sesquiterpene     TS     runpoint      43     runisomer      16
6 -0.2718991 0.7530788 -0.0060676
1 0.3483062 1.0078585 0.9065576
1 -0.5581503 1.4361700 -0.8953917
1 -0.3919501 -1.0630051 0.7919261
8 0.2139974 -0.7891488 -0.0461238
5
-114.664     ts77     dynamics     sesquiterpene     TS     runpoint      44     runisomer      16
6 -0.2719414 0.7594328 -0.0136959
1 0.3456207 1.0279883 0.8864005
1 -0.5191788 1.3896475 -0.8351216
1 -0.3455114 -1.1744686 0.7805346
8 0.2088191 -0.7852339 -0.0422141
5
-114.67     ts77     dynamics     sesquiterpene     TS     runpoint      45     runisomer      16
6 -0.2698194 0.7624513 -0.0185282
1 0.3312178 1.0571660 0.8544424
1 -0.4786954 1.3399230 -0.7835597
1 -0.2808590 -1.2716516 0.7422330
8 0.2015132 -0.7800847 -0.0374136
5
-114.667     ts77     dynamics     sesquiterpene     TS     runpoint      46     runisomer      16
6 -0.2651345 0.7599776 -0.0180104
1 0.3087085 1.0950873 0.8165298
1 -0.4463088 1.3096047 -0.7746301
1 -0.2050319 -1.3496752 0.6834141
8 0.1926014 -0.7737970 -0.0322734
5
-114.665     ts77     dynamics     sesquiterpene     TS     runpoint      47     runisomer      16
6 -0.2582679 0.7509106 -0.0114026
1 0.2844996 1.1425770 0.7821703
1 -0.4254623 1.3077029 -0.8251988
1 -0.1275091 -1.4095306 0.6158711
8 0.1827785 -0.7660997 -0.0276257
5
-114.676     ts77     dynamics     sesquiterpene     TS     runpoint      48     runisomer      16
6 -0.2504738 0.7364406 -0.0015026
1 0.2655498 1.2013319 0.7611375
1 -0.4100061 1.3154027 -0.9114272
1 -0.0574404 -1.4588131 0.5541585
8 0.1727394 -0.7563302 -0.0244101
5
-114.68     ts77     dynamics     sesquiterpene     TS     runpoint      49     runisomer      16
6 -0.2426778 0.7182380 0.0086147
1 0.2544510 1.2706834 0.7563190
1 -0.3935533 1.3115068 -1.0002725
1 0.0005842 -1.5054107 0.5081647
8 0.1628988 -0.7438655 -0.0232043
5
-114.677     ts77     dynamics     sesquiterpene     TS     runpoint      50     runisomer      16
6 -0.2350078 0.6977018 0.0176500
1 0.2476881 1.3440940 0.7612370
1 -0.3732332 1.2858819 -1.0711578
1 0.0474477 -1.5474605 0.4775957
8 0.1533397 -0.7288248 -0.0239025
5
-114.671     ts77     dynamics     sesquiterpene     TS     runpoint      51     runisomer      16
6 -0.2272541 0.6761474 0.0254278
1 0.2397878 1.4111720 0.7662451
1 -0.3484368 1.2362051 -1.1141304
1 0.0856355 -1.5745074 0.4565971
8 0.1440544 -0.7120506 -0.0260263
5
-114.666     ts77     dynamics     sesquiterpene     TS     runpoint      52     runisomer      16
6 -0.2193003 0.6547958 0.0320066
1 0.2271419 1.4623491 0.7644302
1 -0.3196467 1.1640161 -1.1249828
1 0.1166220 -1.5767972 0.4405785
8 0.1351193 -0.6945694 -0.0291569
5
-114.665     ts77     dynamics     sesquiterpene     TS     runpoint      53     runisomer      16
6 -0.2112302 0.6347570 0.0373793
1 0.2086441 1.4912294 0.7528686
1 -0.2880022 1.0731992 -1.1030610
1 0.1410197 -1.5506608 0.4285051
8 0.1267011 -0.6772838 -0.0330823
5
-114.671     ts77     dynamics     sesquiterpene     TS     runpoint      54     runisomer      16
6 -0.2032832 0.6170317 0.0415727
1 0.1849904 1.4948287 0.7318177
1 -0.2552858 0.9702036 -1.0518779
1 0.1594091 -1.5001038 0.4231390
8 0.1190114 -0.6609134 -0.0377914
5
-114.679     ts77     dynamics     sesquiterpene     TS     runpoint      55     runisomer      16
6 -0.1957971 0.6024361 0.0449943
1 0.1580975 1.4735473 0.7040489
1 -0.2240452 0.8652683 -0.9828178
1 0.1730625 -1.4373397 0.4314967
8 0.1122623 -0.6459687 -0.0434881
5
-114.679     ts77     dynamics     sesquiterpene     TS     runpoint      56     runisomer      16
6 -0.1892029 0.5914242 0.0488955
1 0.1310182 1.4318920 0.6749387
1 -0.1974037 0.7731396 -0.9210146
1 0.1842752 -1.3792970 0.4639397
8 0.1066377 -0.6329398 -0.0505213
5
-114.665     ts77     dynamics     sesquiterpene     TS     runpoint      57     runisomer      16
6 -0.1841022 0.5840625 0.0550783
1 0.1082961 1.3800475 0.6532347
1 -0.1780108 0.7094013 -0.9021491
1 0.1952552 -1.3347545 0.5270513
8 0.1023309 -0.6229459 -0.0589583
5
-114.654     ts77     dynamics     sesquiterpene     TS     runpoint      58     runisomer      16
6 -0.1812775 0.5802157 0.0633319
1 0.0961600 1.3343725 0.6513635
1 -0.1670135 0.6821293 -0.9410654
1 0.2061407 -1.2951858 0.6140631
8 0.0995998 -0.6179612 -0.0680642
5
-114.656     ts77     dynamics     sesquiterpene     TS     runpoint      59     runisomer      16
6 -0.1813678 0.5796009 0.0703928
1 0.1004512 1.3107797 0.6808893
1 -0.1644771 0.6904030 -1.0133880
1 0.2153987 -1.2465383 0.7080705
8 0.0986556 -0.6196038 -0.0765889
5
-114.664     ts77     dynamics     sesquiterpene     TS     runpoint      60     runisomer      16
6 -0.1843951 0.5823758 0.0734853
1 0.1216627 1.3103632 0.7413716
1 -0.1695011 0.7287416 -1.0865712
1 0.2216005 -1.1815384 0.7922084
8 0.0995183 -0.6281752 -0.0834110
5
-114.673     ts77     dynamics     sesquiterpene     TS     runpoint      61     runisomer      16
6 -0.1897152 0.5892398 0.0720672
1 0.1538107 1.3185703 0.8178882
1 -0.1804096 0.7899084 -1.1393918
1 0.2241640 -1.1005962 0.8544730
8 0.1020115 -0.6427998 -0.0877647
