5
-114.654160 ts77 dynamics sesquiterpene TS runpoint 1  runisomer  172
6 -0.0366944 0.6461488 -0.0092915
1 -0.1371165 1.1114246 0.9684696
1 -0.2930956 1.0836740 -0.9287668
1 0.9045699 -0.0506298 0.1539781
8 -0.0303147 -0.7569657 -0.0052322
5
-114.648 ts77 dynamics sesquiterpene TS runpoint 2  runisomer  172
6 -0.0433369 0.660136 -0.00720006
1 -0.104416 1.04975 0.920625
1 -0.276932 1.10704 -0.941968
1 0.960431 -0.0382956 0.156673
8 -0.0319298 -0.765823 -0.0031245
5
-114.643     ts77     dynamics     sesquiterpene     TS     runpoint      3     runisomer      172
6 -0.0489332 0.6712656 -0.0066669
1 -0.0806845 1.0077436 0.8996986
1 -0.2628065 1.1376308 -0.9587628
1 1.0187523 -0.0236753 0.1541578
8 -0.0337918 -0.7743750 -0.0009899
5
-114.631     ts77     dynamics     sesquiterpene     TS     runpoint      4     runisomer      172
6 -0.0526503 0.6781512 -0.0099018
1 -0.0674048 0.9953598 0.9283085
1 -0.2497990 1.1719172 -0.9722820
1 1.0694606 -0.0020878 0.1447480
8 -0.0358549 -0.7822805 0.0010786
5
-114.63     ts77     dynamics     sesquiterpene     TS     runpoint      5     runisomer      172
6 -0.0539238 0.6807747 -0.0160212
1 -0.0640016 1.0077837 0.9931722
1 -0.2374723 1.2064621 -0.9772975
1 1.1068075 0.0314029 0.1277856
8 -0.0382438 -0.7893195 0.0029676
5
-114.634     ts77     dynamics     sesquiterpene     TS     runpoint      6     runisomer      172
6 -0.0522683 0.6796869 -0.0224000
1 -0.0697396 1.0337651 1.0623321
1 -0.2259475 1.2384994 -0.9713547
1 1.1283440 0.0818664 0.1032658
8 -0.0412083 -0.7953396 0.0045670
5
-114.636     ts77     dynamics     sesquiterpene     TS     runpoint      7     runisomer      172
6 -0.0472932 0.6752868 -0.0270060
1 -0.0837644 1.0643653 1.1124599
1 -0.2158429 1.2660335 -0.9544177
1 1.1337462 0.1536663 0.0716349
8 -0.0450337 -0.8002269 0.0057904
5
-114.639     ts77     dynamics     sesquiterpene     TS     runpoint      8     runisomer      172
6 -0.0387870 0.6678727 -0.0287512
1 -0.1048984 1.0937457 1.1323421
1 -0.2083137 1.2878204 -0.9283100
1 1.1239935 0.2491241 0.0338110
8 -0.0499439 -0.8039042 0.0065849
5
-114.648     ts77     dynamics     sesquiterpene     TS     runpoint      9     runisomer      172
6 -0.0268237 0.6578719 -0.0271825
1 -0.1317086 1.1178736 1.1184629
1 -0.2051942 1.3032574 -0.8961907
1 1.1018400 0.3672237 -0.0086164
8 -0.0560308 -0.8063357 0.0069326
5
-114.663     ts77     dynamics     sesquiterpene     TS     runpoint      10     runisomer      172
6 -0.0119842 0.6459756 -0.0222905
1 -0.1625935 1.1337709 1.0721770
1 -0.2090607 1.3121389 -0.8620297
1 1.0742708 0.5028386 -0.0532939
8 -0.0632382 -0.8075179 0.0068419
5
-114.678     ts77     dynamics     sesquiterpene     TS     runpoint      11     runisomer      172
6 0.0044946 0.6330186 -0.0144684
1 -0.1960009 1.1396787 0.9994367
1 -0.2229927 1.3141803 -0.8300416
1 1.0544301 0.6480486 -0.0977158
8 -0.0713682 -0.8074478 0.0063400
5
-114.689     ts77     dynamics     sesquiterpene     TS     runpoint      12     runisomer      172
6 0.0213120 0.6195866 -0.0046055
1 -0.2311828 1.1362943 0.9123888
1 -0.2497212 1.3084039 -0.8040884
1 1.0550447 0.7959693 -0.1401952
8 -0.0801223 -0.8061140 0.0054672
5
-114.654160 ts77 dynamics sesquiterpene TS runpoint 1  runisomer  172
6 -0.0366944 0.6461488 -0.0092915
1 -0.1371165 1.1114246 0.9684696
1 -0.2930956 1.0836740 -0.9287668
1 0.9045699 -0.0506298 0.1539781
8 -0.0303147 -0.7569657 -0.0052322
5
-114.648 ts77 dynamics sesquiterpene TS runpoint 2  runisomer  172
6 -0.0301707 0.631464 -0.0103518
1 -0.174848 1.17686 1.01356
1 -0.312035 1.06984 -0.924194
1 0.865042 -0.0652147 0.148918
8 -0.0291477 -0.748281 -0.00724738
5
-114.642     ts77     dynamics     sesquiterpene     TS     runpoint      3     runisomer      172
6 -0.0249603 0.6181792 -0.0092629
1 -0.2133562 1.2338077 1.0387677
1 -0.3332923 1.0653529 -0.9283090
1 0.8552702 -0.0859703 0.1446373
8 -0.0286764 -0.7403119 -0.0091230
5
-114.635     ts77     dynamics     sesquiterpene     TS     runpoint      4     runisomer      172
6 -0.0218288 0.6079011 -0.0060909
1 -0.2493123 1.2749278 1.0377185
1 -0.3549581 1.0676969 -0.9366652
1 0.8806076 -0.1150360 0.1428672
8 -0.0289908 -0.7335085 -0.0107985
5
-114.633     ts77     dynamics     sesquiterpene     TS     runpoint      5     runisomer      172
6 -0.0208868 0.6015682 -0.0013606
1 -0.2803949 1.2962446 1.0098621
1 -0.3744797 1.0734440 -0.9434826
1 0.9337032 -0.1526040 0.1429984
8 -0.0298550 -0.7280968 -0.0121719
5
-114.637     ts77     dynamics     sesquiterpene     TS     runpoint      6     runisomer      172
6 -0.0218147 0.5996142 0.0043141
1 -0.3051242 1.2961345 0.9580730
1 -0.3896057 1.0795138 -0.9443931
1 0.9981948 -0.1984580 0.1429901
8 -0.0307118 -0.7241185 -0.0131096
5
-114.641     ts77     dynamics     sesquiterpene     TS     runpoint      7     runisomer      172
6 -0.0242525 0.6021811 0.0102413
1 -0.3230368 1.2755823 0.8887557
1 -0.3989050 1.0837559 -0.9376055
1 1.0563785 -0.2536154 0.1408644
8 -0.0308357 -0.7215434 -0.0134844
5
-114.644     ts77     dynamics     sesquiterpene     TS     runpoint      8     runisomer      172
6 -0.0279657 0.6090457 0.0154467
1 -0.3357215 1.2401026 0.8140655
1 -0.4019390 1.0851156 -0.9240988
1 1.0938314 -0.3214632 0.1353602
8 -0.0294216 -0.7202695 -0.0131889
5
-114.646     ts77     dynamics     sesquiterpene     TS     runpoint      9     runisomer      172
6 -0.0327119 0.6192585 0.0184098
1 -0.3488653 1.2027834 0.7550530
1 -0.3992326 1.0837310 -0.9074126
1 1.1004338 -0.4078562 0.1258339
8 -0.0256221 -0.7200509 -0.0121458
5
-114.649     ts77     dynamics     sesquiterpene     TS     runpoint      10     runisomer      172
6 -0.0380015 0.6310375 0.0173206
1 -0.3724965 1.1823987 0.7385243
1 -0.3920881 1.0810612 -0.8931408
1 1.0708016 -0.5182384 0.1121080
8 -0.0187499 -0.7204811 -0.0103229
5
-114.664     ts77     dynamics     sesquiterpene     TS     runpoint      11     runisomer      172
6 -0.0434549 0.6430480 0.0118276
1 -0.4122344 1.1867030 0.7756398
1 -0.3824432 1.0797540 -0.8877993
1 1.0063806 -0.6529472 0.0947592
8 -0.0087064 -0.7211929 -0.0077848
5
-114.693     ts77     dynamics     sesquiterpene     TS     runpoint      12     runisomer      172
6 -0.0493668 0.6553785 0.0041117
1 -0.4607066 1.2026278 0.8469880
1 -0.3725461 1.0826831 -0.8966264
1 0.9230787 -0.8059297 0.0759219
8 0.0034065 -0.7219932 -0.0047494
5
-114.708     ts77     dynamics     sesquiterpene     TS     runpoint      13     runisomer      172
6 -0.0560880 0.6682665 -0.0031912
1 -0.5064704 1.2139869 0.9240576
1 -0.3639261 1.0911776 -0.9206381
1 0.8612621 -0.9717847 0.0595867
8 0.0146829 -0.7224624 -0.0015840
5
-114.704     ts77     dynamics     sesquiterpene     TS     runpoint      14     runisomer      172
6 -0.0635696 0.6814728 -0.0086261
1 -0.5421734 1.2121926 0.9868262
1 -0.3565331 1.1038939 -0.9552089
1 0.8497132 -1.1528336 0.0475655
8 0.0228057 -0.7216492 0.0014743
5
-114.701     ts77     dynamics     sesquiterpene     TS     runpoint      15     runisomer      172
6 -0.0715981 0.6946536 -0.0118580
1 -0.5645671 1.1947500 1.0244830
1 -0.3491140 1.1177167 -0.9920035
1 0.8549456 -1.3327015 0.0369517
8 0.0294411 -0.7199751 0.0045129
5
-114.685     ts77     dynamics     sesquiterpene     TS     runpoint      16     runisomer      172
6 -0.0799713 0.7074811 -0.0131149
1 -0.5727512 1.1623807 1.0321703
1 -0.3402412 1.1295394 -1.0225123
1 0.8444394 -1.4839104 0.0257995
8 0.0363398 -0.7187747 0.0075964
5
-114.664     ts77     dynamics     sesquiterpene     TS     runpoint      17     runisomer      172
6 -0.0884762 0.7195508 -0.0128257
1 -0.5673651 1.1176291 1.0092036
1 -0.3290021 1.1373156 -1.0404826
1 0.8092015 -1.5899959 0.0137086
8 0.0438923 -0.7188149 0.0107195
5
-114.65     ts77     dynamics     sesquiterpene     TS     runpoint      18     runisomer      172
6 -0.0967793 0.7303245 -0.0115920
1 -0.5510825 1.0647856 0.9597720
1 -0.3152374 1.1403087 -1.0428174
1 0.7503278 -1.6438527 0.0006256
8 0.0519363 -0.7203620 0.0138799
5
-114.649     ts77     dynamics     sesquiterpene     TS     runpoint      19     runisomer      172
6 -0.1042488 0.7390469 -0.0104502
1 -0.5304616 1.0106572 0.8964594
1 -0.2995754 1.1390400 -1.0298314
1 0.6712404 -1.6427832 -0.0135923
8 0.0602356 -0.7234808 0.0170900
5
-114.655     ts77     dynamics     sesquiterpene     TS     runpoint      20     runisomer      172
6 -0.1097859 0.7446263 -0.0111977
1 -0.5181168 0.9649649 0.8446560
1 -0.2833208 1.1353445 -1.0056122
1 0.5775503 -1.5896775 -0.0293544
8 0.0684899 -0.7278996 0.0203820
5
-114.657     ts77     dynamics     sesquiterpene     TS     runpoint      21     runisomer      172
6 -0.1121124 0.7458394 -0.0156818
1 -0.5292036 0.9368141 0.8347673
1 -0.2682381 1.1324942 -0.9784509
1 0.4839956 -1.5058379 -0.0483263
8 0.0758770 -0.7321389 0.0238527
5
-114.648     ts77     dynamics     sesquiterpene     TS     runpoint      22     runisomer      172
6 -0.1109959 0.7420323 -0.0232158
1 -0.5663810 0.9271195 0.8706324
1 -0.2562833 1.1348870 -0.9600319
1 0.4266536 -1.4589555 -0.0780912
8 0.0802410 -0.7317766 0.0279600
5
-114.633     ts77     dynamics     sesquiterpene     TS     runpoint      23     runisomer      172
6 -0.1075541 0.7333564 -0.0306302
1 -0.6162277 0.9297159 0.9242903
1 -0.2489674 1.1463093 -0.9602618
1 0.4348377 -1.5177598 -0.1337108
8 0.0798219 -0.7224465 0.0336601
5
-114.662     ts77     dynamics     sesquiterpene     TS     runpoint      24     runisomer      172
6 -0.1030399 0.7206336 -0.0357102
1 -0.6643710 0.9384519 0.9680659
1 -0.2464084 1.1668591 -0.9793007
1 0.4702620 -1.6072906 -0.2090187
8 0.0770747 -0.7091072 0.0406574
5
-114.665     ts77     dynamics     sesquiterpene     TS     runpoint      25     runisomer      172
6 -0.0983168 0.7051406 -0.0382678
1 -0.7022009 0.9490739 0.9871215
1 -0.2472047 1.1919154 -1.0070557
1 0.5032985 -1.6629595 -0.2902938
8 0.0738831 -0.6962242 0.0482445
5
-114.652     ts77     dynamics     sesquiterpene     TS     runpoint      26     runisomer      172
6 -0.0939201 0.6882911 -0.0391094
1 -0.7256011 0.9587002 0.9760146
1 -0.2493957 1.2148400 -1.0309697
1 0.5241331 -1.6645396 -0.3696377
8 0.0708831 -0.6855341 0.0560820
5
-114.647     ts77     dynamics     sesquiterpene     TS     runpoint      27     runisomer      172
6 -0.0901792 0.6713953 -0.0391104
1 -0.7331665 0.9655192 0.9347284
1 -0.2512304 1.2297985 -1.0420921
1 0.5297439 -1.6087420 -0.4421193
8 0.0683143 -0.6777462 0.0639523
5
-114.657     ts77     dynamics     sesquiterpene     TS     runpoint      28     runisomer      172
6 -0.0872649 0.6555545 -0.0389728
1 -0.7257789 0.9689283 0.8673965
1 -0.2512974 1.2328508 -1.0364443
1 0.5189839 -1.4979918 -0.5035199
8 0.0663433 -0.6732472 0.0716045
