5
-114.654160 ts77 dynamics sesquiterpene TS runpoint 1  runisomer  134
6 -0.0094360 0.6629688 -0.0079797
1 -0.3552449 1.1687032 0.9010039
1 -0.3965459 1.0974822 -0.8170891
1 1.0405913 -0.1032097 0.0574010
8 -0.0390727 -0.7707511 -0.0029173
5
-114.639 ts77 dynamics sesquiterpene TS runpoint 2  runisomer  134
6 -0.0061921 0.650572 -0.00776591
1 -0.3401 1.1628 0.88933
1 -0.421515 1.17173 -0.854641
1 0.996192 -0.0811183 0.0798434
8 -0.0380897 -0.767149 -0.00138989
5
-114.648     ts77     dynamics     sesquiterpene     TS     runpoint      3     runisomer      134
6 -0.0036016 0.6373691 -0.0071144
1 -0.3205868 1.1547510 0.8832033
1 -0.4416025 1.2447329 -0.9009685
1 0.9523273 -0.0528303 0.1003157
8 -0.0372331 -0.7631189 0.0001362
5
-114.645     ts77     dynamics     sesquiterpene     TS     runpoint      4     runisomer      134
6 -0.0027107 0.6248904 -0.0076212
1 -0.2984255 1.1456345 0.8849328
1 -0.4485773 1.3031635 -0.9382445
1 0.9223659 -0.0179996 0.1191847
8 -0.0369708 -0.7590593 0.0015673
5
-114.636     ts77     dynamics     sesquiterpene     TS     runpoint      5     runisomer      134
6 -0.0041313 0.6141772 -0.0098972
1 -0.2752425 1.1361048 0.8946876
1 -0.4394457 1.3399475 -0.9584123
1 0.9191366 0.0242787 0.1370388
8 -0.0377386 -0.7554035 0.0028057
5
-114.632     ts77     dynamics     sesquiterpene     TS     runpoint      6     runisomer      134
6 -0.0079027 0.6057314 -0.0138957
1 -0.2524553 1.1261193 0.9105104
1 -0.4139885 1.3518956 -0.9585340
1 0.9491810 0.0770724 0.1538048
8 -0.0398430 -0.7525189 0.0037607
5
-114.638     ts77     dynamics     sesquiterpene     TS     runpoint      7     runisomer      134
6 -0.0132623 0.5994683 -0.0190979
1 -0.2314323 1.1151159 0.9290220
1 -0.3735359 1.3382010 -0.9384865
1 1.0085372 0.1462926 0.1678169
8 -0.0434367 -0.7506272 0.0043516
5
-114.652     ts77     dynamics     sesquiterpene     TS     runpoint      8     runisomer      134
6 -0.0187562 0.5949059 -0.0246176
1 -0.2136221 1.1024246 0.9464378
1 -0.3209358 1.3005533 -0.9009977
1 1.0845294 0.2376540 0.1761245
8 -0.0485407 -0.7497905 0.0045108
5
-114.668     ts77     dynamics     sesquiterpene     TS     runpoint      9     runisomer      134
6 -0.0227100 0.5913556 -0.0292252
1 -0.2004556 1.0876367 0.9594525
1 -0.2612818 1.2450451 -0.8539268
1 1.1618360 0.3521808 0.1760396
8 -0.0550351 -0.7499161 0.0041876
5
-114.678     ts77     dynamics     sesquiterpene     TS     runpoint      10     runisomer      134
6 -0.0235958 0.5877688 -0.0311644
1 -0.1931476 1.0708746 0.9658206
1 -0.2025548 1.1854609 -0.8144281
1 1.2275488 0.4851940 0.1664482
8 -0.0626728 -0.7507967 0.0033587
5
-114.675     ts77     dynamics     sesquiterpene     TS     runpoint      11     runisomer      134
6 -0.0202871 0.5827000 -0.0282434
1 -0.1926130 1.0529982 0.9647446
1 -0.1537902 1.1424602 -0.8086991
1 1.2733667 0.6286729 0.1481001
8 -0.0711501 -0.7522003 0.0020327
5
-114.67     ts77     dynamics     sesquiterpene     TS     runpoint      12     runisomer      134
6 -0.0124443 0.5755253 -0.0195512
1 -0.1995866 1.0357441 0.9573734
1 -0.1194263 1.1274876 -0.8516917
1 1.2956237 0.7739013 0.1231216
8 -0.0801633 -0.7539388 0.0002619
5
-114.674     ts77     dynamics     sesquiterpene     TS     runpoint      13     runisomer      134
6 -0.0004871 0.5674519 -0.0071595
1 -0.2148604 1.0216856 0.9470348
1 -0.0979247 1.1296947 -0.9262146
1 1.2940851 0.9129437 0.0941796
8 -0.0894296 -0.7558982 -0.0018611
5
-114.676     ts77     dynamics     sesquiterpene     TS     runpoint      14     runisomer      134
6 0.0149539 0.5600635 0.0058296
1 -0.2394237 1.0136699 0.9380127
1 -0.0866020 1.1326442 -1.0035418
1 1.2704191 1.0391949 0.0636150
8 -0.0986899 -0.7579920 -0.0042371
5
-114.669     ts77     dynamics     sesquiterpene     TS     runpoint      15     runisomer      134
6 0.0332664 0.5543011 0.0173953
1 -0.2742181 1.0135839 0.9328382
1 -0.0833599 1.1269769 -1.0644883
1 1.2270820 1.1474269 0.0328430
8 -0.1077110 -0.7601266 -0.0068056
5
-114.66     ts77     dynamics     sesquiterpene     TS     runpoint      16     runisomer      134
6 0.0538404 0.5507026 0.0269086
1 -0.3193894 1.0211051 0.9299987
1 -0.0866432 1.1091985 -1.1004457
1 1.1668079 1.2334151 0.0023366
8 -0.1162971 -0.7622006 -0.0095744
5
-114.655     ts77     dynamics     sesquiterpene     TS     runpoint      17     runisomer      134
6 0.0759920 0.5497701 0.0346548
1 -0.3734828 1.0335296 0.9244003
1 -0.0959513 1.0784225 -1.1092879
1 1.0930993 1.2934139 -0.0274428
8 -0.1242785 -0.7641270 -0.0125959
5
-114.655     ts77     dynamics     sesquiterpene     TS     runpoint      18     runisomer      134
6 0.0987589 0.5519517 0.0411310
1 -0.4330337 1.0469467 0.9102275
1 -0.1119121 1.0349932 -1.0923356
1 1.0118122 1.3247774 -0.0549205
8 -0.1314818 -0.7658506 -0.0158953
5
-114.658     ts77     dynamics     sesquiterpene     TS     runpoint      19     runisomer      134
6 0.1207830 0.5573798 0.0467607
1 -0.4932868 1.0578181 0.8833815
1 -0.1355992 0.9802256 -1.0531786
1 0.9325383 1.3280816 -0.0778971
8 -0.1377234 -0.7673674 -0.0194433
5
-114.66     ts77     dynamics     sesquiterpene     TS     runpoint      20     runisomer      134
6 0.1403127 0.5655412 0.0519561
1 -0.5493232 1.0638215 0.8424409
1 -0.1684259 0.9165459 -0.9980750
1 0.8699440 1.3100910 -0.0946997
8 -0.1428335 -0.7687234 -0.0231704
5
-114.654160 ts77 dynamics sesquiterpene TS runpoint 1  runisomer  134
6 -0.0094360 0.6629688 -0.0079797
1 -0.3552449 1.1687032 0.9010039
1 -0.3965459 1.0974822 -0.8170891
1 1.0405913 -0.1032097 0.0574010
8 -0.0390727 -0.7707511 -0.0029173
5
-114.639 ts77 dynamics sesquiterpene TS runpoint 2  runisomer  134
6 -0.0119639 0.672778 -0.00520855
1 -0.364651 1.17158 0.91452
1 -0.380371 1.03983 -0.816503
1 1.07508 -0.11956 0.033126
8 -0.039776 -0.773628 -0.00435551
5
-114.629     ts77     dynamics     sesquiterpene     TS     runpoint      3     runisomer      134
6 -0.0129901 0.6790726 0.0020324
1 -0.3678087 1.1712228 0.9262356
1 -0.3809510 1.0078172 -0.8689743
1 1.0930830 -0.1308017 0.0075774
8 -0.0399049 -0.7756016 -0.0056122
5
-114.633     ts77     dynamics     sesquiterpene     TS     runpoint      4     runisomer      134
6 -0.0131186 0.6823488 0.0119873
1 -0.3653002 1.1683200 0.9341181
1 -0.3902700 0.9942748 -0.9538484
1 1.0914614 -0.1378334 -0.0184398
8 -0.0392772 -0.7765798 -0.0065915
5
-114.637     ts77     dynamics     sesquiterpene     TS     runpoint      5     runisomer      134
6 -0.0133054 0.6833177 0.0217191
1 -0.3585782 1.1642851 0.9381872
1 -0.3966700 0.9897453 -1.0382130
1 1.0697667 -0.1421595 -0.0440785
8 -0.0377906 -0.7764939 -0.0072205
5
-114.634     ts77     dynamics     sesquiterpene     TS     runpoint      6     runisomer      134
6 -0.0141333 0.6823601 0.0291696
1 -0.3494982 1.1608857 0.9399483
1 -0.3939890 0.9894294 -1.1004712
1 1.0299361 -0.1462840 -0.0686596
8 -0.0354011 -0.7752808 -0.0074526
5
-114.631     ts77     dynamics     sesquiterpene     TS     runpoint      7     runisomer      134
6 -0.0159800 0.6797678 0.0332745
1 -0.3397727 1.1597098 0.9413225
1 -0.3804619 0.9915350 -1.1304595
1 0.9765496 -0.1540145 -0.0918901
8 -0.0321164 -0.7729074 -0.0072684
5
-114.631     ts77     dynamics     sesquiterpene     TS     runpoint      8     runisomer      134
6 -0.0192587 0.6760128 0.0336700
1 -0.3305074 1.1615966 0.9434704
1 -0.3564398 0.9954489 -1.1246685
1 0.9172945 -0.1706393 -0.1141324
8 -0.0280194 -0.7694069 -0.0066650
5
-114.637     ts77     dynamics     sesquiterpene     TS     runpoint      9     runisomer      134
6 -0.0244715 0.6718367 0.0305656
1 -0.3220163 1.1663082 0.9460816
1 -0.3233912 1.0011110 -1.0839232
1 0.8629936 -0.2025004 -0.1366965
8 -0.0233034 -0.7649189 -0.0056479
5
-114.646     ts77     dynamics     sesquiterpene     TS     runpoint      10     runisomer      134
6 -0.0320333 0.6680878 0.0247908
1 -0.3140362 1.1726546 0.9475956
1 -0.2839225 1.0093410 -1.0142549
1 0.8266305 -0.2551994 -0.1620348
8 -0.0183277 -0.7597030 -0.0042055
5
-114.657     ts77     dynamics     sesquiterpene     TS     runpoint      11     runisomer      134
6 -0.0419539 0.6652502 0.0180151
1 -0.3061590 1.1790052 0.9461528
1 -0.2424108 1.0233740 -0.9310344
1 0.8210725 -0.3309399 -0.1936191
8 -0.0136458 -0.7540846 -0.0022871
5
-114.665     ts77     dynamics     sesquiterpene     TS     runpoint      12     runisomer      134
6 -0.0536698 0.6628817 0.0129797
1 -0.2982324 1.1838429 0.9407754
1 -0.2050802 1.0515903 -0.8635707
1 0.8532562 -0.4291283 -0.2346597
8 -0.0097352 -0.7482034 0.0001627
5
-114.672     ts77     dynamics     sesquiterpene     TS     runpoint      13     runisomer      134
6 -0.0663914 0.6597561 0.0124380
1 -0.2906180 1.1861849 0.9324062
1 -0.1763124 1.1056398 -0.8440355
1 0.9132184 -0.5506244 -0.2843332
8 -0.0062608 -0.7417543 0.0029944
5
-114.688     ts77     dynamics     sesquiterpene     TS     runpoint      14     runisomer      134
6 -0.0797422 0.6554740 0.0161378
1 -0.2842022 1.1858836 0.9243558
1 -0.1533762 1.1845053 -0.8722436
1 0.9744484 -0.6946524 -0.3357460
8 -0.0019511 -0.7344150 0.0057404
5
-114.704     ts77     dynamics     sesquiterpene     TS     runpoint      15     runisomer      134
6 -0.0935611 0.6510595 0.0211288
1 -0.2799078 1.1836024 0.9211897
1 -0.1311736 1.2700947 -0.9181236
1 1.0117498 -0.8528585 -0.3802907
8 0.0043978 -0.7263821 0.0078906
5
-114.703     ts77     dynamics     sesquiterpene     TS     runpoint      16     runisomer      134
6 -0.1075388 0.6475757 0.0248686
1 -0.2780329 1.1801342 0.9264441
1 -0.1076736 1.3446294 -0.9561717
1 1.0118709 -1.0117416 -0.4119383
8 0.0132795 -0.7182326 0.0091441
5
-114.691     ts77     dynamics     sesquiterpene     TS     runpoint      17     runisomer      134
6 -0.1213159 0.6455955 0.0261085
1 -0.2779836 1.1753912 0.9407836
1 -0.0830438 1.3978669 -0.9737817
1 0.9720407 -1.1575287 -0.4279465
8 0.0245723 -0.7106150 0.0094273
5
-114.679     ts77     dynamics     sesquiterpene     TS     runpoint      18     runisomer      134
6 -0.1346005 0.6454341 0.0245276
1 -0.2785374 1.1679506 0.9616634
1 -0.0581174 1.4251479 -0.9662985
1 0.8955678 -1.2786534 -0.4280716
8 0.0378227 -0.7041095 0.0088327
5
-114.675     ts77     dynamics     sesquiterpene     TS     runpoint      19     runisomer      134
6 -0.1472019 0.6472981 0.0203205
1 -0.2783823 1.1556018 0.9845432
1 -0.0337088 1.4250860 -0.9332430
1 0.7889575 -1.3665368 -0.4140093
8 0.0524478 -0.6991873 0.0075781
5
-114.678     ts77     dynamics     sesquiterpene     TS     runpoint      20     runisomer      134
6 -0.1590366 0.6511759 0.0139847
1 -0.2766181 1.1363246 1.0046584
1 -0.0102747 1.3990777 -0.8774857
1 0.6614885 -1.4172411 -0.3899289
8 0.0677723 -0.6960462 0.0060331
5
-114.686     ts77     dynamics     sesquiterpene     TS     runpoint      21     runisomer      134
6 -0.1701711 0.6565093 0.0063874
1 -0.2730135 1.1090851 1.0183316
1 0.0126478 1.3529253 -0.8070936
1 0.5267017 -1.4368892 -0.3645508
8 0.0829475 -0.6941826 0.0048364
5
-114.688     ts77     dynamics     sesquiterpene     TS     runpoint      22     runisomer      134
6 -0.1809385 0.6618038 -0.0009132
1 -0.2679796 1.0743035 1.0236956
1 0.0380194 1.3006687 -0.7394842
1 0.4014910 -1.4494509 -0.3534265
8 0.0970013 -0.6918781 0.0050126
5
-114.675     ts77     dynamics     sesquiterpene     TS     runpoint      23     runisomer      134
6 -0.1921373 0.6646556 -0.0056359
1 -0.2623299 1.0340666 1.0211804
1 0.0737121 1.2661523 -0.7023919
1 0.2932123 -1.4854561 -0.3726600
8 0.1096207 -0.6870366 0.0075887
5
-114.669     ts77     dynamics     sesquiterpene     TS     runpoint      24     runisomer      134
6 -0.2046919 0.6633482 -0.0065149
1 -0.2569800 0.9920365 1.0140460
1 0.1285324 1.2667467 -0.7143913
1 0.1897772 -1.5389753 -0.4201148
8 0.1217675 -0.6800710 0.0124434
5
-114.681     ts77     dynamics     sesquiterpene     TS     runpoint      25     runisomer      134
6 -0.2184995 0.6587242 -0.0053980
1 -0.2526450 0.9528950 1.0082567
1 0.1986152 1.2915455 -0.7597495
1 0.0804669 -1.5767634 -0.4792289
8 0.1343271 -0.6733156 0.0185514
5
-114.687     ts77     dynamics     sesquiterpene     TS     runpoint      26     runisomer      134
6 -0.2325843 0.6525734 -0.0051870
1 -0.2496472 0.9212421 1.0100295
1 0.2702118 1.3190755 -0.8096537
1 -0.0346133 -1.5762984 -0.5357781
8 0.1474458 -0.6684699 0.0249870
5
-114.683     ts77     dynamics     sesquiterpene     TS     runpoint      27     runisomer      134
6 -0.2460197 0.6460168 -0.0074728
1 -0.2480119 0.9003266 1.0217282
1 0.3316580 1.3362369 -0.8456313
1 -0.1498419 -1.5302075 -0.5808751
8 0.1608135 -0.6662181 0.0310716
5
-114.679     ts77     dynamics     sesquiterpene     TS     runpoint      28     runisomer      134
6 -0.2581324 0.6396261 -0.0123585
1 -0.2478368 0.8914470 1.0397612
1 0.3760300 1.3378978 -0.8597415
1 -0.2578034 -1.4399941 -0.6090055
8 0.1738989 -0.6666518 0.0362613
5
-114.68     ts77     dynamics     sesquiterpene     TS     runpoint      29     runisomer      134
6 -0.2683834 0.6337837 -0.0190745
1 -0.2496392 0.8943661 1.0566733
1 0.3996190 1.3229568 -0.8498132
1 -0.3512254 -1.3129712 -0.6172999
8 0.1861061 -0.6695143 0.0401285
5
-114.686     ts77     dynamics     sesquiterpene     TS     runpoint      30     runisomer      134
6 -0.2763034 0.6288369 -0.0265471
1 -0.2544343 0.9080382 1.0649788
1 0.4007570 1.2923949 -0.8168528
1 -0.4252296 -1.1619803 -0.6065545
8 0.1969443 -0.6742508 0.0424557
5
-114.693     ts77     dynamics     sesquiterpene     TS     runpoint      31     runisomer      134
6 -0.2815363 0.6250967 -0.0336623
1 -0.2635914 0.9310206 1.0596691
1 0.3799497 1.2491977 -0.7647942
1 -0.4803908 -1.0045776 -0.5828412
8 0.2062366 -0.6800878 0.0433528
5
-114.695     ts77     dynamics     sesquiterpene     TS     runpoint      32     runisomer      134
6 -0.2840491 0.6227045 -0.0392390
1 -0.2785968 0.9615986 1.0390704
1 0.3417409 1.1998777 -0.7022461
1 -0.5239270 -0.8587661 -0.5566114
8 0.2142220 -0.6862984 0.0432401
5
-114.687     ts77     dynamics     sesquiterpene     TS     runpoint      33     runisomer      134
6 -0.2845082 0.6212859 -0.0418260
1 -0.3007989 0.9978887 1.0049966
1 0.2984101 1.1573729 -0.6457783
1 -0.5643827 -0.7369035 -0.5366964
8 0.2212482 -0.6925182 0.0425139
5
-114.669     ts77     dynamics     sesquiterpene     TS     runpoint      34     runisomer      134
6 -0.2844099 0.6196785 -0.0397635
1 -0.3311959 1.0381785 0.9627212
1 0.2708618 1.1413676 -0.6198620
1 -0.6044956 -0.6442562 -0.5251378
8 0.2273563 -0.6986775 0.0412682
5
-114.653     ts77     dynamics     sesquiterpene     TS     runpoint      35     runisomer      134
6 -0.2847785 0.6168982 -0.0325525
1 -0.3703605 1.0814947 0.9204484
1 0.2728380 1.1640960 -0.6403303
1 -0.6423657 -0.5813592 -0.5195661
8 0.2323648 -0.7047139 0.0394583
5
-114.653     ts77     dynamics     sesquiterpene     TS     runpoint      36     runisomer      134
6 -0.2846238 0.6135905 -0.0222484
1 -0.4184071 1.1277105 0.8869666
1 0.2927319 1.2131873 -0.6948629
1 -0.6757897 -0.5457362 -0.5171802
8 0.2361312 -0.7104803 0.0371203
5
-114.657     ts77     dynamics     sesquiterpene     TS     runpoint      37     runisomer      134
6 -0.2823928 0.6110484 -0.0116209
1 -0.4746445 1.1760231 0.8669905
1 0.3109100 1.2668542 -0.7592471
1 -0.7031462 -0.5333913 -0.5157340
8 0.2385813 -0.7157733 0.0343694
5
-114.654     ts77     dynamics     sesquiterpene     TS     runpoint      38     runisomer      134
6 -0.2773862 0.6101961 -0.0022851
1 -0.5368447 1.2227939 0.8583448
1 0.3160350 1.3103872 -0.8159259
1 -0.7224338 -0.5404672 -0.5131746
8 0.2396382 -0.7203753 0.0313171
5
-114.647     ts77     dynamics     sesquiterpene     TS     runpoint      39     runisomer      134
6 -0.2696850 0.6117098 0.0052646
1 -0.6010330 1.2618233 0.8544840
1 0.3042880 1.3365722 -0.8553323
1 -0.7307188 -0.5646030 -0.5074770
8 0.2391689 -0.7240961 0.0280176
5
-114.643     ts77     dynamics     sesquiterpene     TS     runpoint      40     runisomer      134
6 -0.2597215 0.6161700 0.0110515
1 -0.6624589 1.2868537 0.8489517
1 0.2756773 1.3424327 -0.8727754
1 -0.7243732 -0.6057156 -0.4968429
8 0.2369692 -0.7267949 0.0244525
5
-114.645     ts77     dynamics     sesquiterpene     TS     runpoint      41     runisomer      134
6 -0.2479628 0.6240353 0.0152806
1 -0.7169516 1.2934963 0.8376742
1 0.2321381 1.3274524 -0.8666765
1 -0.7002224 -0.6659228 -0.4802245
8 0.2328033 -0.7283738 0.0205588
5
-114.657     ts77     dynamics     sesquiterpene     TS     runpoint      42     runisomer      134
6 -0.2347960 0.6354325 0.0182981
1 -0.7619080 1.2797649 0.8191491
1 0.1771793 1.2936029 -0.8388419
1 -0.6584139 -0.7480377 -0.4584497
8 0.2265867 -0.7287502 0.0163362
5
-114.675     ts77     dynamics     sesquiterpene     TS     runpoint      43     runisomer      134
6 -0.2206325 0.6497213 0.0207456
1 -0.7968426 1.2460874 0.7941207
1 0.1166419 1.2472494 -0.7971564
1 -0.6072298 -0.8531980 -0.4361268
8 0.2187527 -0.7277976 0.0120427
5
-114.69     ts77     dynamics     sesquiterpene     TS     runpoint      44     runisomer      134
6 -0.2060935 0.6650409 0.0239246
1 -0.8236904 1.1953603 0.7655268
1 0.0597759 1.2024602 -0.7607019
1 -0.5642013 -0.9809442 -0.4219332
8 0.2104095 -0.7252214 0.0082685
5
-114.693     ts77     dynamics     sesquiterpene     TS     runpoint      45     runisomer      134
6 -0.1918408 0.6785551 0.0298202
1 -0.8470222 1.1328723 0.7385032
1 0.0168407 1.1798393 -0.7598565
1 -0.5399163 -1.1292023 -0.4202484
8 0.2023632 -0.7206524 0.0053902
5
-114.696     ts77     dynamics     sesquiterpene     TS     runpoint      46     runisomer      134
6 -0.1777878 0.6883027 0.0391173
1 -0.8736480 1.0653376 0.7195039
1 -0.0103411 1.1889778 -0.8110051
1 -0.5214327 -1.2852645 -0.4221818
8 0.1940464 -0.7144488 0.0029569
5
-114.703     ts77     dynamics     sesquiterpene     TS     runpoint      47     runisomer      134
6 -0.1631469 0.6945545 0.0495046
1 -0.9098148 0.9985195 0.7130725
1 -0.0297595 1.2165483 -0.8925531
1 -0.4915019 -1.4275403 -0.4160991
8 0.1846784 -0.7076980 0.0003242
5
-114.698     ts77     dynamics     sesquiterpene     TS     runpoint      48     runisomer      134
6 -0.1477463 0.6983197 0.0583644
1 -0.9559367 0.9351470 0.7176117
1 -0.0480945 1.2454411 -0.9724839
1 -0.4436762 -1.5382514 -0.3966346
8 0.1741714 -0.7013702 -0.0027984
5
-114.682     ts77     dynamics     sesquiterpene     TS     runpoint      49     runisomer      134
6 -0.1323909 0.7002424 0.0646023
1 -1.0049893 0.8759619 0.7259059
1 -0.0675877 1.2661171 -1.0307121
1 -0.3792864 -1.6071510 -0.3633764
8 0.1629124 -0.6960402 -0.0064271
5
-114.666     ts77     dynamics     sesquiterpene     TS     runpoint      50     runisomer      134
6 -0.1182713 0.7005584 0.0681594
1 -1.0471776 0.8220241 0.7301024
1 -0.0880816 1.2746978 -1.0582436
1 -0.3027092 -1.6297211 -0.3181674
8 0.1514425 -0.6919932 -0.0104738
5
-114.657     ts77     dynamics     sesquiterpene     TS     runpoint      51     runisomer      134
6 -0.1064040 0.6992959 0.0693136
1 -1.0746974 0.7752729 0.7251226
1 -0.1085026 1.2699788 -1.0523350
1 -0.2198752 -1.6071316 -0.2642591
8 0.1403411 -0.6892223 -0.0147957
5
-114.658     ts77     dynamics     sesquiterpene     TS     runpoint      52     runisomer      134
6 -0.0974407 0.6963954 0.0684386
1 -1.0832476 0.7379721 0.7091388
1 -0.1273941 1.2521658 -1.0140282
1 -0.1396102 -1.5527244 -0.2073129
8 0.1302878 -0.6869969 -0.0191341
5
-114.66     ts77     dynamics     sesquiterpene     TS     runpoint      53     runisomer      134
6 -0.0916779 0.6917089 0.0660555
1 -1.0719669 0.7122255 0.6830951
1 -0.1430698 1.2231657 -0.9484317
1 -0.0755847 -1.5062631 -0.1566554
8 0.1222067 -0.6829551 -0.0230296
5
-114.652     ts77     dynamics     sesquiterpene     TS     runpoint      54     runisomer      134
6 -0.0890848 0.6849511 0.0630916
1 -1.0436627 0.6997655 0.6505939
1 -0.1539227 1.1884328 -0.8678391
1 -0.0389908 -1.5240831 -0.1193799
8 0.1168559 -0.6737841 -0.0261846
5
-114.657     ts77     dynamics     sesquiterpene     TS     runpoint      55     runisomer      134
6 -0.0892491 0.6756262 0.0612183
1 -1.0058196 0.7018526 0.6182741
1 -0.1591473 1.1598864 -0.7963294
1 -0.0224543 -1.5951456 -0.0890426
8 0.1138815 -0.6606389 -0.0291599
5
-114.656     ts77     dynamics     sesquiterpene     TS     runpoint      56     runisomer      134
6 -0.0913007 0.6631261 0.0625058
1 -0.9710938 0.7191869 0.5958166
1 -0.1590506 1.1546182 -0.7658308
1 -0.0147725 -1.6620220 -0.0579177
8 0.1127434 -0.6478034 -0.0325941
5
-114.644     ts77     dynamics     sesquiterpene     TS     runpoint      57     runisomer      134
6 -0.0942517 0.6477809 0.0673169
1 -0.9540822 0.7520081 0.5934821
1 -0.1532342 1.1797689 -0.7887550
1 -0.0119922 -1.6910876 -0.0238769
8 0.1133427 -0.6381074 -0.0367566
5
-114.646     ts77     dynamics     sesquiterpene     TS     runpoint      58     runisomer      134
6 -0.0977620 0.6316013 0.0735757
1 -0.9615679 0.7996821 0.6155962
1 -0.1401001 1.2219806 -0.8430011
1 -0.0138782 -1.6718153 0.0131022
8 0.1157390 -0.6328414 -0.0417582
5
-114.658     ts77     dynamics     sesquiterpene     TS     runpoint      59     runisomer      134
6 -0.1024307 0.6170212 0.0795001
1 -0.9854866 0.8585917 0.6560081
1 -0.1196678 1.2629787 -0.8999820
1 -0.0212954 -1.6074917 0.0530348
8 0.1199284 -0.6322456 -0.0476744
5
-114.669     ts77     dynamics     sesquiterpene     TS     runpoint      60     runisomer      134
6 -0.1091580 0.6059287 0.0846221
1 -1.0105602 0.9215649 0.7029365
1 -0.0937831 1.2908950 -0.9418130
1 -0.0366986 -1.5175449 0.0977139
8 0.1258934 -0.6353139 -0.0546526
5
-114.667     ts77     dynamics     sesquiterpene     TS     runpoint      61     runisomer      134
6 -0.1184648 0.5994769 0.0890502
1 -1.0246458 0.9805619 0.7460142
1 -0.0648656 1.2999079 -0.9596503
1 -0.0678554 -1.4462434 0.1552643
8 0.1339026 -0.6392466 -0.0631917
5
-114.659     ts77     dynamics     sesquiterpene     TS     runpoint      62     runisomer      134
6 -0.1304162 0.5982387 0.0929499
1 -1.0214298 1.0290700 0.7786535
1 -0.0352667 1.2879529 -0.9497118
1 -0.1265077 -1.4338534 0.2404159
8 0.1444961 -0.6413974 -0.0741664
5
-114.673     ts77     dynamics     sesquiterpene     TS     runpoint      63     runisomer      134
6 -0.1447814 0.6023902 0.0964421
1 -0.9991109 1.0628307 0.7976379
1 -0.0070352 1.2557955 -0.9116171
1 -0.2066160 -1.4489635 0.3486704
8 0.1571347 -0.6436552 -0.0872033
5
-114.691     ts77     dynamics     sesquiterpene     TS     runpoint      64     runisomer      134
6 -0.1610936 0.6114823 0.0996209
1 -0.9590803 1.0798644 0.8026555
1 0.0185239 1.2075288 -0.8490361
1 -0.2884095 -1.4458952 0.4579463
8 0.1703938 -0.6486967 -0.1007323
5
-114.698     ts77     dynamics     sesquiterpene     TS     runpoint      65     runisomer      134
6 -0.1786583 0.6241146 0.1027386
1 -0.9060775 1.0808761 0.7969559
1 0.0419769 1.1526630 -0.7730309
1 -0.3567792 -1.4077622 0.5508751
8 0.1830612 -0.6571793 -0.1133554
5
-114.695     ts77     dynamics     sesquiterpene     TS     runpoint      66     runisomer      134
6 -0.1966355 0.6377821 0.1064883
1 -0.8496391 1.0704346 0.7891806
1 0.0680375 1.1084986 -0.7066714
1 -0.4028344 -1.3346651 0.6173820
8 0.1942514 -0.6685925 -0.1240483
5
-114.682     ts77     dynamics     sesquiterpene     TS     runpoint      67     runisomer      134
6 -0.2141427 0.6493940 0.1114820
1 -0.8044442 1.0577422 0.7948022
1 0.1062455 1.0955376 -0.6791122
1 -0.4215560 -1.2333967 0.6519082
8 0.2033083 -0.6820645 -0.1320592
5
-114.674     ts77     dynamics     sesquiterpene     TS     runpoint      68     runisomer      134
6 -0.2300006 0.6571851 0.1162726
1 -0.7839703 1.0529071 0.8309150
1 0.1609252 1.1198255 -0.6958291
1 -0.4110860 -1.1143116 0.6525630
8 0.2098080 -0.6966352 -0.1369147
5
-114.685     ts77     dynamics     sesquiterpene     TS     runpoint      69     runisomer      134
6 -0.2431285 0.6618715 0.1180854
1 -0.7874118 1.0575234 0.9001421
1 0.2222431 1.1686203 -0.7308426
1 -0.3744620 -0.9914283 0.6235219
8 0.2137002 -0.7112550 -0.1385989
5
-114.694     ts77     dynamics     sesquiterpene     TS     runpoint      70     runisomer      134
6 -0.2534359 0.6653560 0.1158253
1 -0.7998607 1.0633761 0.9855477
1 0.2768143 1.2266942 -0.7575216
1 -0.3248689 -0.8829825 0.5823685
8 0.2156509 -0.7247253 -0.1380096
5
-114.679     ts77     dynamics     sesquiterpene     TS     runpoint      71     runisomer      134
6 -0.2613256 0.6692803 0.1098113
1 -0.8064593 1.0617722 1.0664329
1 0.3159949 1.2836972 -0.7614748
1 -0.2903466 -0.8074285 0.5678367
8 0.2173390 -0.7359156 -0.1374293
5
-114.652     ts77     dynamics     sesquiterpene     TS     runpoint      72     runisomer      134
6 -0.2671682 0.6745573 0.1006739
1 -0.7987188 1.0483529 1.1286076
1 0.3358895 1.3334203 -0.7373983
1 -0.2918949 -0.7712727 0.6120702
8 0.2200752 -0.7444367 -0.1387949
