5
-114.654160 ts77 dynamics sesquiterpene TS runpoint 1  runisomer  154
6 -0.0352914 0.6240462 -0.0185843
1 -0.2398988 1.0276000 0.8993721
1 -0.2556852 1.2291655 -0.8460846
1 0.9822742 -0.0851417 0.0267451
8 -0.0321433 -0.7420953 0.0089007
5
-114.647 ts77 dynamics sesquiterpene TS runpoint 2  runisomer  154
6 -0.0250333 0.624579 -0.0270725
1 -0.263648 1.05461 0.903058
1 -0.285447 1.22386 -0.767558
1 0.948071 -0.0356834 0.0506298
8 -0.0343124 -0.746979 0.00858398
5
-114.64     ts77     dynamics     sesquiterpene     TS     runpoint      3     runisomer      154
6 -0.0140131 0.6235475 -0.0324044
1 -0.2887430 1.0886473 0.9205836
1 -0.3253006 1.2375475 -0.7313299
1 0.9288401 0.0212418 0.0736364
8 -0.0372753 -0.7527996 0.0077466
5
-114.637     ts77     dynamics     sesquiterpene     TS     runpoint      4     runisomer      154
6 -0.0028901 0.6211071 -0.0332270
1 -0.3107106 1.1215528 0.9407311
1 -0.3767352 1.2722445 -0.7418623
1 0.9366937 0.0900888 0.0957013
8 -0.0414892 -0.7595667 0.0063684
5
-114.644     ts77     dynamics     sesquiterpene     TS     runpoint      5     runisomer      154
6 0.0070471 0.6186266 -0.0304025
1 -0.3263783 1.1471173 0.9550516
1 -0.4304297 1.3113585 -0.7801850
1 0.9787201 0.1756209 0.1163640
8 -0.0472210 -0.7671714 0.0044591
5
-114.653     ts77     dynamics     sesquiterpene     TS     runpoint      6     runisomer      154
6 0.0150304 0.6170344 -0.0251313
1 -0.3344101 1.1615118 0.9585563
1 -0.4749795 1.3381154 -0.8260503
1 1.0513331 0.2824023 0.1339313
8 -0.0544719 -0.7752974 0.0020655
5
-114.663     ts77     dynamics     sesquiterpene     TS     runpoint      7     runisomer      154
6 0.0214405 0.6164251 -0.0181810
1 -0.3350839 1.1629740 0.9493739
1 -0.5031732 1.3436141 -0.8666485
1 1.1391111 0.4121682 0.1454176
8 -0.0629931 -0.7834553 -0.0007352
5
-114.671     ts77     dynamics     sesquiterpene     TS     runpoint      8     runisomer      154
6 0.0273333 0.6166707 -0.0101443
1 -0.3299756 1.1516160 0.9287743
1 -0.5118727 1.3248468 -0.8948930
1 1.2218890 0.5611222 0.1479462
8 -0.0724024 -0.7911265 -0.0038459
5
-114.676     ts77     dynamics     sesquiterpene     TS     runpoint      9     runisomer      154
6 0.0337571 0.6177066 -0.0017800
1 -0.3218871 1.1296306 0.9016616
1 -0.5005491 1.2821419 -0.9070226
1 1.2832679 0.7208524 0.1401717
8 -0.0823113 -0.7978924 -0.0071582
5
-114.678     ts77     dynamics     sesquiterpene     TS     runpoint      10     runisomer      154
6 0.0415207 0.6194006 0.0058602
1 -0.3149550 1.1015602 0.8769654
1 -0.4705629 1.2181466 -0.9017176
1 1.3137999 0.8813494 0.1225614
8 -0.0923844 -0.8034738 -0.0105580
5
-114.679     ts77     dynamics     sesquiterpene     TS     runpoint      11     runisomer      154
6 0.0512902 0.6214213 0.0116584
1 -0.3143229 1.0734732 0.8660268
1 -0.4255866 1.1380378 -0.8807470
1 1.3099910 1.0331682 0.0969808
8 -0.1023451 -0.8077377 -0.0139283
5
-114.678     ts77     dynamics     sesquiterpene     TS     runpoint      12     runisomer      154
6 0.0635127 0.6233610 0.0149772
1 -0.3236088 1.0496717 0.8771779
1 -0.3728489 1.0515394 -0.8513371
1 1.2724328 1.1673166 0.0667922
8 -0.1118845 -0.8106960 -0.0170714
5
-114.675     ts77     dynamics     sesquiterpene     TS     runpoint      13     runisomer      154
6 0.0784940 0.6248494 0.0177545
1 -0.3432306 1.0314064 0.9067115
1 -0.3233885 0.9693769 -0.8316171
1 1.2054572 1.2775007 0.0326814
8 -0.1207828 -0.8124272 -0.0201084
5
-114.667     ts77     dynamics     sesquiterpene     TS     runpoint      14     runisomer      154
6 0.0962968 0.6257588 0.0219982
1 -0.3695270 1.0145999 0.9439306
1 -0.2914368 0.9045125 -0.8421919
1 1.1154271 1.3588904 -0.0013001
8 -0.1288218 -0.8130918 -0.0228278
5
-114.66     ts77     dynamics     sesquiterpene     TS     runpoint      15     runisomer      154
6 0.1160522 0.6265948 0.0285715
1 -0.3982188 0.9951130 0.9764478
1 -0.2837306 0.8609384 -0.8883144
1 1.0119204 1.4090701 -0.0311480
8 -0.1357978 -0.8129074 -0.0250208
5
-114.665     ts77     dynamics     sesquiterpene     TS     runpoint      16     runisomer      154
6 0.1357970 0.6278448 0.0379215
1 -0.4269075 0.9737931 0.9932081
1 -0.2968021 0.8273528 -0.9546845
1 0.9089012 1.4295372 -0.0588371
8 -0.1414884 -0.8116742 -0.0271636
5
-114.654160 ts77 dynamics sesquiterpene TS runpoint 1  runisomer  154
6 -0.0352914 0.6240462 -0.0185843
1 -0.2398988 1.0276000 0.8993721
1 -0.2556852 1.2291655 -0.8460846
1 0.9822742 -0.0851417 0.0267451
8 -0.0321433 -0.7420953 0.0089007
5
-114.647 ts77 dynamics sesquiterpene TS runpoint 2  runisomer  154
6 -0.044698 0.623003 -0.00999285
1 -0.221278 1.0149 0.918455
1 -0.22931 1.23728 -0.940316
1 1.01865 -0.131536 0.00218208
8 -0.0302135 -0.7381 0.0087376
5
-114.646     ts77     dynamics     sesquiterpene     TS     runpoint      3     runisomer      154
6 -0.0533301 0.6226090 -0.0033712
1 -0.2087459 1.0186526 0.9585984
1 -0.2027832 1.2359649 -1.0249802
1 1.0459751 -0.1797699 -0.0225790
8 -0.0279217 -0.7349185 0.0081350
5
-114.641     ts77     dynamics     sesquiterpene     TS     runpoint      4     runisomer      154
6 -0.0614871 0.6239166 0.0009934
1 -0.2008800 1.0352971 1.0069318
1 -0.1756355 1.2205582 -1.0849409
1 1.0554554 -0.2362041 -0.0468514
8 -0.0246072 -0.7324223 0.0071223
5
-114.638     ts77     dynamics     sesquiterpene     TS     runpoint      5     runisomer      154
6 -0.0697485 0.6278198 0.0036776
1 -0.1957726 1.0591587 1.0481786
1 -0.1484242 1.1908632 -1.1128613
1 1.0411606 -0.3092858 -0.0699062
8 -0.0195459 -0.7303773 0.0057200
5
-114.644     ts77     dynamics     sesquiterpene     TS     runpoint      6     runisomer      154
6 -0.0788549 0.6348374 0.0053332
1 -0.1919138 1.0853433 1.0712276
1 -0.1217245 1.1490314 -1.1062588
1 1.0014488 -0.4076931 -0.0912245
8 -0.0121393 -0.7284544 0.0039526
5
-114.662     ts77     dynamics     sesquiterpene     TS     runpoint      7     runisomer      154
6 -0.0893251 0.6448562 0.0064958
1 -0.1883185 1.1105902 1.0703984
1 -0.0960158 1.0991685 -1.0668834
1 0.9433304 -0.5347578 -0.1111086
8 -0.0024698 -0.7264126 0.0019043
5
-114.684     ts77     dynamics     sesquiterpene     TS     runpoint      8     runisomer      154
6 -0.1011342 0.6569871 0.0077826
1 -0.1845998 1.1332831 1.0448960
1 -0.0717146 1.0480673 -1.0029466
1 0.8919413 -0.6843679 -0.1324274
8 0.0078605 -0.7242971 -0.0001403
5
-114.695     ts77     dynamics     sesquiterpene     TS     runpoint      9     runisomer      154
6 -0.1137799 0.6695317 0.0102536
1 -0.1809161 1.1535459 0.9989136
1 -0.0486164 1.0064211 -0.9339880
1 0.8881315 -0.8489529 -0.1619003
8 0.0158999 -0.7219904 -0.0015841
5
-114.7     ts77     dynamics     sesquiterpene     TS     runpoint      10     runisomer      154
6 -0.1266893 0.6802892 0.0154172
1 -0.1777630 1.1739457 0.9428666
1 -0.0245285 0.9879607 -0.8920578
1 0.9265453 -1.0252883 -0.2003464
8 0.0214473 -0.7190709 -0.0021451
5
-114.698     ts77     dynamics     sesquiterpene     TS     runpoint      11     runisomer      154
6 -0.1395051 0.6874240 0.0234885
1 -0.1756456 1.2003752 0.8939487
1 0.0042768 1.0012149 -0.9007488
1 0.9599384 -1.1956022 -0.2387266
8 0.0270085 -0.7161921 -0.0021518
5
-114.685     ts77     dynamics     sesquiterpene     TS     runpoint      12     runisomer      154
6 -0.1517670 0.6902883 0.0315323
1 -0.1744944 1.2402211 0.8704016
1 0.0376629 1.0406348 -0.9465881
1 0.9636831 -1.3398316 -0.2702022
8 0.0337957 -0.7142466 -0.0018305
5
-114.67     ts77     dynamics     sesquiterpene     TS     runpoint      13     runisomer      154
6 -0.1628546 0.6893979 0.0362947
1 -0.1732144 1.2946051 0.8773819
1 0.0708252 1.0933530 -0.9983101
1 0.9341496 -1.4464264 -0.2921555
8 0.0418049 -0.7136108 -0.0012017
5
-114.657     ts77     dynamics     sesquiterpene     TS     runpoint      14     runisomer      154
6 -0.1722999 0.6860962 0.0368437
1 -0.1703525 1.3536705 0.9027497
1 0.0989773 1.1483407 -1.0339284
1 0.8747748 -1.5098696 -0.3040041
8 0.0506776 -0.7143225 -0.0002213
5
-114.648     ts77     dynamics     sesquiterpene     TS     runpoint      15     runisomer      154
6 -0.1798596 0.6818961 0.0336562
1 -0.1649925 1.4036620 0.9301246
1 0.1192886 1.1980833 -1.0433257
1 0.7896952 -1.5268192 -0.3058308
8 0.0600927 -0.7163886 0.0011535
5
-114.647     ts77     dynamics     sesquiterpene     TS     runpoint      16     runisomer      154
6 -0.1854842 0.6779379 0.0274078
1 -0.1569000 1.4340736 0.9483580
1 0.1306275 1.2375340 -1.0236424
1 0.6837766 -1.4963107 -0.2987009
8 0.0697619 -0.7197446 0.0030042
5
-114.656     ts77     dynamics     sesquiterpene     TS     runpoint      17     runisomer      154
6 -0.1892551 0.6748009 0.0186935
1 -0.1464712 1.4388915 0.9521535
1 0.1330335 1.2633518 -0.9765175
1 0.5693468 -1.4291334 -0.2882364
8 0.0789929 -0.7235557 0.0056751
5
-114.659     ts77     dynamics     sesquiterpene     TS     runpoint      18     runisomer      154
6 -0.1913416 0.6725188 0.0081626
1 -0.1346358 1.4156460 0.9403606
1 0.1276911 1.2742158 -0.9079242
1 0.4801616 -1.3719702 -0.2955059
8 0.0857693 -0.7246667 0.0104564
5
-114.641     ts77     dynamics     sesquiterpene     TS     runpoint      19     runisomer      154
6 -0.1920504 0.6706512 -0.0033030
1 -0.1225992 1.3650095 0.9153202
1 0.1177367 1.2727285 -0.8299685
1 0.4578981 -1.3992974 -0.3597946
8 0.0875719 -0.7182609 0.0197760
5
-114.667     ts77     dynamics     sesquiterpene     TS     runpoint      20     runisomer      154
6 -0.1919592 0.6682807 -0.0145460
1 -0.1114920 1.2915168 0.8837091
1 0.1094753 1.2683991 -0.7628274
1 0.4701715 -1.4678552 -0.4670510
8 0.0865515 -0.7072609 0.0327313
5
-114.681     ts77     dynamics     sesquiterpene     TS     runpoint      21     runisomer      154
6 -0.1918979 0.6639299 -0.0245866
1 -0.1019237 1.2043281 0.8580231
1 0.1114970 1.2765165 -0.7302650
1 0.4792555 -1.5113588 -0.5793281
8 0.0852045 -0.6962747 0.0469059
5
-114.669     ts77     dynamics     sesquiterpene     TS     runpoint      22     runisomer      154
6 -0.1924507 0.6565183 -0.0338834
1 -0.0935485 1.1160379 0.8554856
1 0.1282565 1.3053439 -0.7423832
1 0.4730424 -1.5079433 -0.6772801
8 0.0844288 -0.6871846 0.0609764
5
-114.664     ts77     dynamics     sesquiterpene     TS     runpoint      23     runisomer      154
6 -0.1935083 0.6467268 -0.0442738
1 -0.0857323 1.0366874 0.8880229
1 0.1551843 1.3453352 -0.7855647
1 0.4489509 -1.4553412 -0.7516855
8 0.0845523 -0.6806759 0.0741310
5
-114.672     ts77     dynamics     sesquiterpene     TS     runpoint      24     runisomer      154
6 -0.1945928 0.6365153 -0.0565196
1 -0.0794117 0.9683117 0.9483854
1 0.1844768 1.3801620 -0.8380599
1 0.4069876 -1.3575426 -0.7964479
8 0.0857672 -0.6770653 0.0856431
5
-114.683     ts77     dynamics     sesquiterpene     TS     runpoint      25     runisomer      154
6 -0.1953094 0.6276888 -0.0695753
1 -0.0770107 0.9095536 1.0150076
1 0.2107359 1.3982591 -0.8838938
1 0.3487985 -1.2224390 -0.8076319
8 0.0881660 -0.6763961 0.0948323
5
-114.691     ts77     dynamics     sesquiterpene     TS     runpoint      26     runisomer      154
6 -0.1954928 0.6212675 -0.0818310
1 -0.0806129 0.8613529 1.0682238
1 0.2313641 1.3940789 -0.9144259
1 0.2789635 -1.0642724 -0.7878813
8 0.0916326 -0.6782456 0.1013530
5
-114.691     ts77     dynamics     sesquiterpene     TS     runpoint      27     runisomer      154
6 -0.1951786 0.6176868 -0.0918361
1 -0.0912439 0.8269330 1.0966265
1 0.2455058 1.3662004 -0.9261237
1 0.2065938 -0.9070592 -0.7587931
8 0.0957374 -0.6815415 0.1059737
5
-114.675     ts77     dynamics     sesquiterpene     TS     runpoint      28     runisomer      154
6 -0.1945402 0.6171440 -0.0983523
1 -0.1091047 0.8100461 1.0956446
1 0.2535073 1.3162913 -0.9190943
1 0.1416929 -0.7772693 -0.7681583
8 0.0999692 -0.6851060 0.1110720
5
-114.662     ts77     dynamics     sesquiterpene     TS     runpoint      29     runisomer      154
6 -0.1938427 0.6196272 -0.1003524
1 -0.1339034 0.8138527 1.0652979
1 0.2571352 1.2496140 -0.8971692
1 0.0850589 -0.6827008 -0.8333966
8 0.1043490 -0.6889684 0.1172146
5
-114.665     ts77     dynamics     sesquiterpene     TS     runpoint      30     runisomer      154
6 -0.1934331 0.6245267 -0.0971454
1 -0.1650289 0.8404686 1.0097370
1 0.2605407 1.1762321 -0.8691318
1 0.0349666 -0.6226588 -0.9139976
8 0.1089449 -0.6934823 0.1216233
5
-114.664     ts77     dynamics     sesquiterpene     TS     runpoint      31     runisomer      154
6 -0.1937955 0.6305114 -0.0886039
1 -0.2016098 0.8909556 0.9392649
1 0.2710006 1.1100243 -0.8489056
1 -0.0075621 -0.5976275 -0.9763565
8 0.1135433 -0.6985597 0.1223114
5
-114.658     ts77     dynamics     sesquiterpene     TS     runpoint      32     runisomer      154
6 -0.1953253 0.6360482 -0.0757776
1 -0.2428382 0.9664703 0.8731129
1 0.2956751 1.0624067 -0.8494385
1 -0.0413001 -0.6062525 -1.0055333
8 0.1178593 -0.7039305 0.1187289
