5
-114.654160 ts77 dynamics sesquiterpene TS runpoint 1  runisomer  40
6 -0.0147804 0.6432912 -0.0230388
1 -0.3522686 1.0536043 0.9326297
1 -0.3493411 1.2987035 -0.8575254
1 1.0091705 -0.0978420 0.0142930
8 -0.0362450 -0.7617534 0.0116527
5
-114.647 ts77 dynamics sesquiterpene TS runpoint 2  runisomer  40
6 -0.0178869 0.650715 -0.00995469
1 -0.344619 1.0739 0.941458
1 -0.338335 1.29556 -0.960197
1 1.04759 -0.084233 -0.00999453
8 -0.037511 -0.769261 0.0092795
5
-114.642     ts77     dynamics     sesquiterpene     TS     runpoint      3     runisomer      40
6 -0.0211211 0.6578588 0.0022420
1 -0.3338056 1.0968250 0.9490544
1 -0.3189945 1.2748408 -1.0451928
1 1.0769994 -0.0611316 -0.0340820
8 -0.0388381 -0.7762150 0.0065236
5
-114.634     ts77     dynamics     sesquiterpene     TS     runpoint      4     runisomer      40
6 -0.0239117 0.6640530 0.0124028
1 -0.3210594 1.1223836 0.9546510
1 -0.2912105 1.2360531 -1.1015873
1 1.0938792 -0.0241677 -0.0570217
8 -0.0403622 -0.7823573 0.0035471
5
-114.63     ts77     dynamics     sesquiterpene     TS     runpoint      5     runisomer      40
6 -0.0256725 0.6685668 0.0197975
1 -0.3071910 1.1501325 0.9575376
1 -0.2564750 1.1816477 -1.1237571
1 1.0972853 0.0310682 -0.0776044
8 -0.0423188 -0.7875437 0.0005113
5
-114.632     ts77     dynamics     sesquiterpene     TS     runpoint      6     runisomer      40
6 -0.0258739 0.6707716 0.0240314
1 -0.2926171 1.1790521 0.9566922
1 -0.2172750 1.1156299 -1.1099487
1 1.0884960 0.1086834 -0.0944034
8 -0.0450038 -0.7917505 -0.0024232
5
-114.643     ts77     dynamics     sesquiterpene     TS     runpoint      7     runisomer      40
6 -0.0241000 0.6702215 0.0251050
1 -0.2776062 1.2075792 0.9507581
1 -0.1772571 1.0434909 -1.0629006
1 1.0707869 0.2112268 -0.1057836
8 -0.0486877 -0.7950511 -0.0051023
5
-114.659     ts77     dynamics     sesquiterpene     TS     runpoint      8     runisomer      40
6 -0.0201498 0.6666586 0.0237079
1 -0.2626943 1.2338453 0.9383786
1 -0.1417902 0.9729909 -0.9932973
1 1.0499536 0.3377396 -0.1100504
8 -0.0535148 -0.7975613 -0.0073905
5
-114.67     ts77     dynamics     sesquiterpene     TS     runpoint      9     runisomer      40
6 -0.0141673 0.6598866 0.0217281
1 -0.2491495 1.2560942 0.9187736
1 -0.1183779 0.9149961 -0.9258556
1 1.0357677 0.4827422 -0.1059868
8 -0.0594401 -0.7993630 -0.0091759
5
-114.668     ts77     dynamics     sesquiterpene     TS     runpoint      10     runisomer      40
6 -0.0065413 0.6496230 0.0221749
1 -0.2393986 1.2731553 0.8925234
1 -0.1155322 0.8814352 -0.8985524
1 1.0403867 0.6386433 -0.0935396
8 -0.0662475 -0.8004447 -0.0103623
5
-114.667     ts77     dynamics     sesquiterpene     TS     runpoint      11     runisomer      40
6 0.0027032 0.6359226 0.0265075
1 -0.2371821 1.2847594 0.8624371
1 -0.1379651 0.8763948 -0.9316061
1 1.0677666 0.7994766 -0.0738793
8 -0.0736366 -0.8007129 -0.0108728
5
-114.654160 ts77 dynamics sesquiterpene TS runpoint 1  runisomer  40
6 -0.0147804 0.6432912 -0.0230388
1 -0.3522686 1.0536043 0.9326297
1 -0.3493411 1.2987035 -0.8575254
1 1.0091705 -0.0978420 0.0142930
8 -0.0362450 -0.7617534 0.0116527
5
-114.647 ts77 dynamics sesquiterpene TS runpoint 2  runisomer  40
6 -0.0121938 0.635894 -0.0352897
1 -0.355309 1.0357 0.923885
1 -0.355411 1.29089 -0.755894
1 0.967921 -0.106398 0.0382457
8 -0.0350123 -0.754044 0.0134822
5
-114.641     ts77     dynamics     sesquiterpene     TS     runpoint      3     runisomer      40
6 -0.0101428 0.6281743 -0.0445060
1 -0.3524120 1.0199811 0.9173140
1 -0.3649334 1.2876282 -0.6812775
1 0.9321237 -0.1144616 0.0619230
8 -0.0338778 -0.7465489 0.0146166
5
-114.628     ts77     dynamics     sesquiterpene     TS     runpoint      4     runisomer      40
6 -0.0084768 0.6197016 -0.0490318
1 -0.3426866 1.0065761 0.9153694
1 -0.3873799 1.3053205 -0.6545227
1 0.9103326 -0.1264479 0.0860093
8 -0.0329537 -0.7397083 0.0149316
5
-114.625     ts77     dynamics     sesquiterpene     TS     runpoint      5     runisomer      40
6 -0.0076406 0.6114938 -0.0491387
1 -0.3258349 0.9960261 0.9198341
1 -0.4224565 1.3416493 -0.6738359
1 0.9082495 -0.1461848 0.1114464
8 -0.0323027 -0.7339306 0.0143452
5
-114.63     ts77     dynamics     sesquiterpene     TS     runpoint      6     runisomer      40
6 -0.0085121 0.6056569 -0.0463787
1 -0.3021524 0.9892326 0.9308858
1 -0.4606563 1.3781493 -0.7210685
1 0.9254475 -0.1767726 0.1386850
8 -0.0318198 -0.7294966 0.0128375
5
-114.635     ts77     dynamics     sesquiterpene     TS     runpoint      7     runisomer      40
6 -0.0116013 0.6037943 -0.0421607
1 -0.2724559 0.9872045 0.9470376
1 -0.4932404 1.3987037 -0.7782985
1 0.9545513 -0.2211187 0.1671243
8 -0.0311555 -0.7264734 0.0104698
5
-114.637     ts77     dynamics     sesquiterpene     TS     runpoint      8     runisomer      40
6 -0.0169897 0.6066558 -0.0373998
1 -0.2379049 0.9907262 0.9657276
1 -0.5156206 1.3951235 -0.8328307
1 0.9838924 -0.2829284 0.1952690
8 -0.0297306 -0.7247222 0.0073831
5
-114.641     ts77     dynamics     sesquiterpene     TS     runpoint      9     runisomer      40
6 -0.0246561 0.6144508 -0.0326922
1 -0.1997490 1.0001228 0.9839473
1 -0.5262405 1.3648903 -0.8761594
1 1.0013944 -0.3671196 0.2213583
8 -0.0268199 -0.7239522 0.0037892
5
-114.651     ts77     dynamics     sesquiterpene     TS     runpoint      10     runisomer      40
6 -0.0346230 0.6269587 -0.0284477
1 -0.1591415 1.0152613 0.9987222
1 -0.5252360 1.3090375 -0.9027897
1 0.9978663 -0.4781414 0.2439000
8 -0.0217446 -0.7237747 -0.0000687
5
-114.671     ts77     dynamics     sesquiterpene     TS     runpoint      11     runisomer      40
6 -0.0467736 0.6433532 -0.0248456
1 -0.1171075 1.0357489 1.0074714
1 -0.5140026 1.2317372 -0.9103800
1 0.9700399 -0.6159183 0.2621884
8 -0.0142352 -0.7238133 -0.0039977
5
-114.695     ts77     dynamics     sesquiterpene     TS     runpoint      12     runisomer      40
6 -0.0605406 0.6620917 -0.0216407
1 -0.0746844 1.0612010 1.0082805
1 -0.4960547 1.1409900 -0.9015888
1 0.9236518 -0.7737962 0.2774116
8 -0.0047910 -0.7238091 -0.0079682
5
-114.712     ts77     dynamics     sesquiterpene     TS     runpoint      13     runisomer      40
6 -0.0747833 0.6810864 -0.0179023
1 -0.0330490 1.0914604 1.0001778
1 -0.4785835 1.0489984 -0.8874257
1 0.8735653 -0.9425109 0.2937308
8 0.0053224 -0.7235382 -0.0121844
5
-114.714     ts77     dynamics     sesquiterpene     TS     runpoint      14     runisomer      40
6 -0.0880087 0.6982090 -0.0120436
1 0.0065968 1.1267642 0.9835039
1 -0.4719670 0.9692327 -0.8875587
1 0.8308250 -1.1148368 0.3151630
8 0.0150188 -0.7227241 -0.0168714
5
-114.706     ts77     dynamics     sesquiterpene     TS     runpoint      15     runisomer      40
6 -0.0991456 0.7121245 -0.0030270
1 0.0434529 1.1677808 0.9603219
1 -0.4830745 0.9089104 -0.9168333
1 0.7882163 -1.2801386 0.3395787
8 0.0244328 -0.7215312 -0.0218698
5
-114.696     ts77     dynamics     sesquiterpene     TS     runpoint      16     runisomer      40
6 -0.1082438 0.7224956 0.0081591
1 0.0775630 1.2154083 0.9341869
1 -0.5081484 0.8665113 -0.9674649
1 0.7328360 -1.4222153 0.3614438
8 0.0341748 -0.7206875 -0.0268038
5
-114.682     ts77     dynamics     sesquiterpene     TS     runpoint      17     runisomer      40
6 -0.1160546 0.7293374 0.0194147
1 0.1097711 1.2700581 0.9083397
1 -0.5375218 0.8384803 -1.0179350
1 0.6592005 -1.5271870 0.3773832
8 0.0444922 -0.7208827 -0.0314453
5
-114.666     ts77     dynamics     sesquiterpene     TS     runpoint      18     runisomer      40
6 -0.1233188 0.7327229 0.0292272
1 0.1410249 1.3304084 0.8833314
1 -0.5631037 0.8228036 -1.0506979
1 0.5682057 -1.5871379 0.3869571
8 0.0553135 -0.7224602 -0.0357703
5
-114.656     ts77     dynamics     sesquiterpene     TS     runpoint      19     runisomer      40
6 -0.1305419 0.7328576 0.0370673
1 0.1716361 1.3925631 0.8565207
1 -0.5801817 0.8184923 -1.0566817
1 0.4636841 -1.5999300 0.3918768
8 0.0664622 -0.7253990 -0.0398963
