5
-114.654160 ts77 dynamics sesquiterpene TS runpoint 1  runisomer  61
6 -0.0353804 0.6239582 -0.0101341
1 -0.2575504 1.1367351 0.9211930
1 -0.2771445 1.2237967 -0.8851236
1 1.0366968 -0.1006031 0.0263840
8 -0.0330410 -0.7475936 0.0036682
5
-114.651 ts77 dynamics sesquiterpene TS runpoint 2  runisomer  61
6 -0.0266766 0.613247 -0.00901113
1 -0.254842 1.08164 0.938336
1 -0.314556 1.24456 -0.957882
1 0.994539 -0.0592564 0.0509203
8 -0.0347282 -0.74 0.00478416
5
-114.648     ts77     dynamics     sesquiterpene     TS     runpoint      3     runisomer      61
6 -0.0179957 0.6041349 -0.0088972
1 -0.2530681 1.0302701 0.9572733
1 -0.3460058 1.2507542 -1.0147016
1 0.9568680 -0.0087496 0.0740470
8 -0.0369983 -0.7334995 0.0056286
5
-114.64     ts77     dynamics     sesquiterpene     TS     runpoint      4     runisomer      61
6 -0.0101857 0.5972702 -0.0103059
1 -0.2531036 0.9861800 0.9764194
1 -0.3680209 1.2392938 -1.0461227
1 0.9392344 0.0536200 0.0955762
8 -0.0403577 -0.7287798 0.0061036
5
-114.634     ts77     dynamics     sesquiterpene     TS     runpoint      5     runisomer      61
6 -0.0040169 0.5929480 -0.0131938
1 -0.2556590 0.9518581 0.9931214
1 -0.3786119 1.2104739 -1.0484136
1 0.9553933 0.1304564 0.1155079
8 -0.0451773 -0.7264010 0.0061075
5
-114.639     ts77     dynamics     sesquiterpene     TS     runpoint      6     runisomer      61
6 0.0003057 0.5909242 -0.0171660
1 -0.2613620 0.9288394 1.0043361
1 -0.3769735 1.1665183 -1.0214001
1 1.0095166 0.2254173 0.1331631
8 -0.0515752 -0.7266468 0.0055679
5
-114.656     ts77     dynamics     sesquiterpene     TS     runpoint      7     runisomer      61
6 0.0035999 0.5904016 -0.0214703
1 -0.2707251 0.9177374 1.0074632
1 -0.3640324 1.1117947 -0.9689362
1 1.0908544 0.3422172 0.1463667
8 -0.0593972 -0.7294681 0.0044638
5
-114.677     ts77     dynamics     sesquiterpene     TS     runpoint      8     runisomer      61
6 0.0074773 0.5903711 -0.0248526
1 -0.2838960 0.9182059 1.0009483
1 -0.3439419 1.0543675 -0.9021785
1 1.1789265 0.4803397 0.1522890
8 -0.0682914 -0.7345597 0.0028345
5
-114.686     ts77     dynamics     sesquiterpene     TS     runpoint      9     runisomer      61
6 0.0137778 0.5897329 -0.0253345
1 -0.3005087 0.9289768 0.9847240
1 -0.3261534 1.0079630 -0.8443806
1 1.2543527 0.6335958 0.1492134
8 -0.0778447 -0.7414937 0.0007723
5
-114.68     ts77     dynamics     sesquiterpene     TS     runpoint      10     runisomer      61
6 0.0241243 0.5874437 -0.0206901
1 -0.3199071 0.9480296 0.9606234
1 -0.3238254 0.9887614 -0.8261905
1 1.3045465 0.7929492 0.1372359
8 -0.0876944 -0.7498092 -0.0015846
5
-114.675     ts77     dynamics     sesquiterpene     TS     runpoint      11     runisomer      61
6 0.0390141 0.5835796 -0.0109006
1 -0.3416804 0.9728593 0.9325186
1 -0.3416702 1.0005145 -0.8562320
1 1.3234339 0.9492097 0.1179340
8 -0.0975587 -0.7590617 -0.0040488
5
-114.68     ts77     dynamics     sesquiterpene     TS     runpoint      12     runisomer      61
6 0.0583114 0.5798264 0.0012828
1 -0.3684237 0.9990299 0.9042666
1 -0.3713959 1.0282370 -0.9096265
1 1.3081721 1.0960770 0.0925177
8 -0.1075171 -0.7688967 -0.0064436
5
-114.677     ts77     dynamics     sesquiterpene     TS     runpoint      13     runisomer      61
6 0.0795526 0.5777693 0.0141792
1 -0.3984500 1.0300876 0.8772342
1 -0.3980670 1.0551257 -0.9618389
1 1.2620761 1.2225431 0.0604643
8 -0.1169768 -0.7789753 -0.0091065
5
-114.668     ts77     dynamics     sesquiterpene     TS     runpoint      14     runisomer      61
6 0.1012578 0.5783353 0.0252044
1 -0.4292913 1.0612553 0.8542390
1 -0.4140863 1.0748783 -0.9966543
1 1.1886525 1.3219802 0.0267859
8 -0.1256821 -0.7888752 -0.0116149
5
-114.664     ts77     dynamics     sesquiterpene     TS     runpoint      15     runisomer      61
6 0.1230927 0.5820501 0.0346017
1 -0.4633162 1.0890654 0.8306784
1 -0.4204277 1.0798476 -1.0085009
1 1.0948604 1.3890566 -0.0085401
8 -0.1336100 -0.7979557 -0.0142099
5
-114.657     ts77     dynamics     sesquiterpene     TS     runpoint      16     runisomer      61
6 0.1436516 0.5890541 0.0423197
1 -0.4975642 1.1104165 0.8048065
1 -0.4168158 1.0683667 -0.9968260
1 0.9902881 1.4209877 -0.0436783
8 -0.1405144 -0.8058465 -0.0168927
5
-114.654     ts77     dynamics     sesquiterpene     TS     runpoint      17     runisomer      61
6 0.1613565 0.5990389 0.0484013
1 -0.5290669 1.1227710 0.7761983
1 -0.4043748 1.0403977 -0.9636877
1 0.8886247 1.4202196 -0.0770446
8 -0.1461890 -0.8123083 -0.0196396
5
-114.654160 ts77 dynamics sesquiterpene TS runpoint 1  runisomer  61
6 -0.0353804 0.6239582 -0.0101341
1 -0.2575504 1.1367351 0.9211930
1 -0.2771445 1.2237967 -0.8851236
1 1.0366968 -0.1006031 0.0263840
8 -0.0330410 -0.7475936 0.0036682
5
-114.651 ts77 dynamics sesquiterpene TS runpoint 2  runisomer  61
6 -0.0433157 0.635179 -0.0107986
1 -0.260238 1.19119 0.906318
1 -0.239541 1.19828 -0.816194
1 1.07045 -0.136115 0.00102388
8 -0.0314144 -0.755598 0.00235858
5
-114.641     ts77     dynamics     sesquiterpene     TS     runpoint      3     runisomer      61
6 -0.0498026 0.6452429 -0.0084830
1 -0.2621762 1.2405003 0.8935731
1 -0.2092763 1.1864954 -0.7826993
1 1.0867839 -0.1699544 -0.0243207
8 -0.0293612 -0.7633804 0.0009110
5
-114.629     ts77     dynamics     sesquiterpene     TS     runpoint      4     runisomer      61
6 -0.0546903 0.6529767 -0.0013375
1 -0.2631328 1.2809541 0.8828018
1 -0.1901196 1.2024491 -0.8080728
1 1.0802148 -0.2074591 -0.0487495
8 -0.0264271 -0.7703725 -0.0006330
5
-114.635     ts77     dynamics     sesquiterpene     TS     runpoint      5     runisomer      61
6 -0.0586779 0.6593483 0.0092941
1 -0.2634141 1.3102534 0.8742355
1 -0.1779366 1.2357436 -0.8779998
1 1.0482933 -0.2555036 -0.0715147
8 -0.0221733 -0.7760694 -0.0022297
5
-114.65     ts77     dynamics     sesquiterpene     TS     runpoint      6     runisomer      61
6 -0.0627444 0.6661827 0.0205231
1 -0.2637078 1.3277300 0.8685633
1 -0.1672156 1.2661105 -0.9596978
1 0.9917618 -0.3224429 -0.0923303
8 -0.0162166 -0.7799929 -0.0038385
5
-114.661     ts77     dynamics     sesquiterpene     TS     runpoint      7     runisomer      61
6 -0.0676760 0.6745598 0.0302203
1 -0.2649252 1.3343159 0.8669865
1 -0.1551986 1.2812888 -1.0292038
1 0.9174661 -0.4156406 -0.1118726
8 -0.0085155 -0.7817759 -0.0054054
5
-114.667     ts77     dynamics     sesquiterpene     TS     runpoint      8     runisomer      61
6 -0.0738613 0.6846484 0.0371941
1 -0.2680450 1.3321861 0.8711731
1 -0.1411308 1.2770073 -1.0737880
1 0.8484220 -0.5342045 -0.1331827
8 -0.0002150 -0.7814694 -0.0067502
5
-114.663     ts77     dynamics     sesquiterpene     TS     runpoint      9     runisomer      61
6 -0.0811427 0.6958700 0.0407832
1 -0.2738393 1.3239039 0.8826718
1 -0.1252324 1.2532450 -1.0874300
1 0.8379050 -0.6645012 -0.1650087
8 0.0052742 -0.7796585 -0.0073034
5
-114.665     ts77     dynamics     sesquiterpene     TS     runpoint      10     runisomer      61
6 -0.0889607 0.7072024 0.0406727
1 -0.2824685 1.3112511 0.9018596
1 -0.1081960 1.2124445 -1.0682618
1 0.9133828 -0.8025933 -0.2148485
8 0.0058534 -0.7760916 -0.0064974
5
-114.693     ts77     dynamics     sesquiterpene     TS     runpoint      11     runisomer      61
6 -0.0967356 0.7176802 0.0370630
1 -0.2933345 1.2945452 0.9269510
1 -0.0909372 1.1594593 -1.0190009
1 1.0079170 -0.9489315 -0.2702318
8 0.0053256 -0.7703417 -0.0049840
5
-114.698     ts77     dynamics     sesquiterpene     TS     runpoint      12     runisomer      61
6 -0.1040958 0.7264257 0.0310705
1 -0.3052497 1.2729621 0.9538905
1 -0.0742397 1.1026767 -0.9507447
1 1.0715602 -1.0895891 -0.3181551
8 0.0065354 -0.7631039 -0.0034670
5
-114.682     ts77     dynamics     sesquiterpene     TS     runpoint      13     runisomer      61
6 -0.1108879 0.7322670 0.0252192
1 -0.3168441 1.2456288 0.9774999
1 -0.0579547 1.0558074 -0.8897075
1 1.0902969 -1.2116511 -0.3532847
8 0.0101530 -0.7551205 -0.0021966
5
-114.655     ts77     dynamics     sesquiterpene     TS     runpoint      14     runisomer      61
6 -0.1171736 0.7337650 0.0230434
1 -0.3270643 1.2126660 0.9934118
1 -0.0398861 1.0355167 -0.8746277
1 1.0643001 -1.3067915 -0.3742641
8 0.0160108 -0.7468961 -0.0011962
5
-114.641     ts77     dynamics     sesquiterpene     TS     runpoint      15     runisomer      61
6 -0.1229903 0.7303132 0.0257542
1 -0.3355848 1.1756323 1.0001163
1 -0.0178216 1.0480301 -0.9192954
1 0.9971388 -1.3691488 -0.3809870
8 0.0237515 -0.7388336 -0.0004150
5
-114.654     ts77     dynamics     sesquiterpene     TS     runpoint      16     runisomer      61
6 -0.1279542 0.7226665 0.0303952
1 -0.3429618 1.1373106 0.9998385
1 0.0060178 1.0831744 -0.9915868
1 0.8927532 -1.3936206 -0.3736760
8 0.0330155 -0.7313571 0.0002141
5
-114.67     ts77     dynamics     sesquiterpene     TS     runpoint      17     runisomer      61
6 -0.1315173 0.7118235 0.0334684
1 -0.3503775 1.1009584 0.9972863
1 0.0274511 1.1278316 -1.0551734
1 0.7575144 -1.3772537 -0.3538467
8 0.0433273 -0.7247779 0.0008252
5
-114.681     ts77     dynamics     sesquiterpene     TS     runpoint      18     runisomer      61
6 -0.1333321 0.6984543 0.0329281
1 -0.3590460 1.0692901 0.9969924
1 0.0436299 1.1727943 -1.0902813
1 0.6095445 -1.3289975 -0.3293757
8 0.0535387 -0.7186271 0.0019173
5
-114.673     ts77     dynamics     sesquiterpene     TS     runpoint      19     runisomer      61
6 -0.1333500 0.6830539 0.0280553
1 -0.3694560 1.0435538 1.0005249
1 0.0532776 1.2120392 -1.0892915
1 0.4977526 -1.2975660 -0.3294102
8 0.0606446 -0.7099064 0.0052880
5
-114.642     ts77     dynamics     sesquiterpene     TS     runpoint      20     runisomer      61
6 -0.1317813 0.6663097 0.0190407
1 -0.3810027 1.0233278 1.0054395
1 0.0561606 1.2415505 -1.0512021
1 0.4697595 -1.3547417 -0.3981717
8 0.0617784 -0.6943272 0.0136717
5
-114.675     ts77     dynamics     sesquiterpene     TS     runpoint      21     runisomer      61
6 -0.1290265 0.6494368 0.0066420
1 -0.3923283 1.0072648 1.0069174
1 0.0528970 1.2593320 -0.9798521
1 0.4721846 -1.4386873 -0.5032649
8 0.0604783 -0.6764875 0.0250056
5
-114.688     ts77     dynamics     sesquiterpene     TS     runpoint      22     runisomer      61
6 -0.1256457 0.6338459 -0.0079325
1 -0.4019789 0.9937457 1.0004880
1 0.0453167 1.2664328 -0.8850748
1 0.4678852 -1.4899490 -0.6057217
8 0.0592976 -0.6611574 0.0368280
5
-114.678     ts77     dynamics     sesquiterpene     TS     runpoint      23     runisomer      61
6 -0.1223641 0.6204600 -0.0228587
1 -0.4090471 0.9814096 0.9840110
1 0.0373490 1.2702065 -0.7858660
1 0.4481059 -1.4918157 -0.6898219
8 0.0590294 -0.6504575 0.0481103
5
-114.663     ts77     dynamics     sesquiterpene     TS     runpoint      24     runisomer      61
6 -0.1200758 0.6091351 -0.0357253
1 -0.4137385 0.9695938 0.9584953
1 0.0356216 1.2875933 -0.7102545
1 0.4119141 -1.4432422 -0.7490501
8 0.0599968 -0.6453742 0.0583360
5
-114.655     ts77     dynamics     sesquiterpene     TS     runpoint      25     runisomer      61
6 -0.1195718 0.5993344 -0.0448548
1 -0.4175394 0.9587096 0.9281273
1 0.0466725 1.3350215 -0.6793398
1 0.3600774 -1.3480162 -0.7791978
8 0.0624278 -0.6463247 0.0670486
5
-114.668     ts77     dynamics     sesquiterpene     TS     runpoint      26     runisomer      61
6 -0.1210721 0.5920564 -0.0509088
1 -0.4226994 0.9505401 0.8994417
1 0.0713917 1.4049618 -0.6873022
1 0.2951294 -1.2141603 -0.7782571
8 0.0664132 -0.6531926 0.0738388
