5
-114.654160 ts77 dynamics sesquiterpene TS runpoint 1  runisomer  126
6 -0.0479893 0.6285572 0.0011724
1 -0.1644772 1.1306265 0.9911483
1 -0.1880463 1.0839279 -0.9865982
1 0.9412009 -0.0604736 0.0229387
8 -0.0290437 -0.7443738 -0.0026117
5
-114.65 ts77 dynamics sesquiterpene TS runpoint 2  runisomer  126
6 -0.0397992 0.613221 -0.00203768
1 -0.182784 1.19339 1.03424
1 -0.218231 1.06668 -0.971308
1 0.901183 -0.0338733 0.0476255
8 -0.0296114 -0.737412 -0.00543752
5
-114.642     ts77     dynamics     sesquiterpene     TS     runpoint      3     runisomer      126
6 -0.0323001 0.6002148 -0.0036639
1 -0.2016662 1.2448349 1.0529330
1 -0.2509609 1.0550542 -0.9535281
1 0.8882744 -0.0052685 0.0725221
8 -0.0311709 -0.7319655 -0.0080850
5
-114.633     ts77     dynamics     sesquiterpene     TS     runpoint      4     runisomer      126
6 -0.0260897 0.5904894 -0.0032069
1 -0.2195134 1.2790880 1.0433142
1 -0.2856709 1.0502925 -0.9368594
1 0.9133196 0.0279774 0.0984166
8 -0.0340961 -0.7286227 -0.0105039
5
-114.633     ts77     dynamics     sesquiterpene     TS     runpoint      5     runisomer      126
6 -0.0209878 0.5841841 -0.0006056
1 -0.2353913 1.2932221 1.0063732
1 -0.3211584 1.0525545 -0.9232970
1 0.9745636 0.0720596 0.1249339
8 -0.0385457 -0.7277042 -0.0126537
5
-114.643     ts77     dynamics     sesquiterpene     TS     runpoint      6     runisomer      126
6 -0.0160841 0.5807973 0.0039206
1 -0.2489356 1.2864646 0.9463521
1 -0.3552179 1.0605918 -0.9129011
1 1.0591255 0.1356076 0.1498889
8 -0.0445535 -0.7292484 -0.0144964
5
-114.657     ts77     dynamics     sesquiterpene     TS     runpoint      7     runisomer      126
6 -0.0103080 0.5795859 0.0097901
1 -0.2606080 1.2607535 0.8714474
1 -0.3847226 1.0719200 -0.9044574
1 1.1506930 0.2245271 0.1702655
8 -0.0520628 -0.7330361 -0.0159956
5
-114.669     ts77     dynamics     sesquiterpene     TS     runpoint      8     runisomer      126
6 -0.0028032 0.5796977 0.0158275
1 -0.2727247 1.2229159 0.7962704
1 -0.4062979 1.0834827 -0.8966226
1 1.2347702 0.3385259 0.1834529
8 -0.0608687 -0.7386473 -0.0171139
5
-114.671     ts77     dynamics     sesquiterpene     TS     runpoint      9     runisomer      126
6 0.0072124 0.5799834 0.0201685
1 -0.2911573 1.1869276 0.7434357
1 -0.4171512 1.0925058 -0.8887318
1 1.3000306 0.4723462 0.1878187
8 -0.0706505 -0.7455935 -0.0178140
5
-114.667     ts77     dynamics     sesquiterpene     TS     runpoint      10     runisomer      126
6 0.0205184 0.5793538 0.0209923
1 -0.3241544 1.1682093 0.7352039
1 -0.4155957 1.0970937 -0.8808981
1 1.3383607 0.6185146 0.1827973
8 -0.0810695 -0.7534419 -0.0180901
5
-114.668     ts77     dynamics     sesquiterpene     TS     runpoint      11     runisomer      126
6 0.0372449 0.5781206 0.0182794
1 -0.3733527 1.1667666 0.7727110
1 -0.4013133 1.0963978 -0.8737285
1 1.3446643 0.7688613 0.1687182
8 -0.0918186 -0.7618554 -0.0179829
5
-114.678     ts77     dynamics     sesquiterpene     TS     runpoint      12     runisomer      126
6 0.0565540 0.5778831 0.0138829
1 -0.4295201 1.1675489 0.8349552
1 -0.3756525 1.0905206 -0.8680787
1 1.3167545 0.9150453 0.1466766
8 -0.1026273 -0.7705660 -0.0175746
5
-114.684     ts77     dynamics     sesquiterpene     TS     runpoint      13     runisomer      126
6 0.0780944 0.5799717 0.0106130
1 -0.4844609 1.1588331 0.8968994
1 -0.3436027 1.0781428 -0.8659020
1 1.2551527 1.0499579 0.1159931
8 -0.1134660 -0.7793043 -0.0172295
5
-114.682     ts77     dynamics     sesquiterpene     TS     runpoint      14     runisomer      126
6 0.0999979 0.5848997 0.0087173
1 -0.5269482 1.1342648 0.9468728
1 -0.3080075 1.0638210 -0.8682769
1 1.1657343 1.1650886 0.0825084
8 -0.1238334 -0.7878039 -0.0166985
5
-114.681     ts77     dynamics     sesquiterpene     TS     runpoint      15     runisomer      126
6 0.1219188 0.5924289 0.0088388
1 -0.5557374 1.0930705 0.9752030
1 -0.2784759 1.0478885 -0.8760901
1 1.0596842 1.2561556 0.0502732
8 -0.1336458 -0.7955899 -0.0160542
5
-114.672     ts77     dynamics     sesquiterpene     TS     runpoint      16     runisomer      126
6 0.1421210 0.6020811 0.0110556
1 -0.5686032 1.0374622 0.9782617
1 -0.2597870 1.0308640 -0.8907494
1 0.9545760 1.3228417 0.0235935
8 -0.1425488 -0.8024556 -0.0153068
5
-114.654160 ts77 dynamics sesquiterpene TS runpoint 1  runisomer  126
6 -0.0479893 0.6285572 0.0011724
1 -0.1644772 1.1306265 0.9911483
1 -0.1880463 1.0839279 -0.9865982
1 0.9412009 -0.0604736 0.0229387
8 -0.0290437 -0.7443738 -0.0026117
5
-114.65 ts77 dynamics sesquiterpene TS runpoint 2  runisomer  126
6 -0.0559409 0.64464 0.0046454
1 -0.149273 1.06717 0.937084
1 -0.160752 1.1051 -0.995318
1 0.991601 -0.0864583 -0.00210472
8 -0.0289316 -0.752138 0.000316682
5
-114.647     ts77     dynamics     sesquiterpene     TS     runpoint      3     runisomer      126
6 -0.0628020 0.6595040 0.0058927
1 -0.1405459 1.0191167 0.9000698
1 -0.1367210 1.1286654 -0.9943064
1 1.0370009 -0.1136685 -0.0272777
8 -0.0287097 -0.7600300 0.0032362
5
-114.633     ts77     dynamics     sesquiterpene     TS     runpoint      4     runisomer      126
6 -0.0680765 0.6714851 0.0023227
1 -0.1408919 1.0009306 0.9115786
1 -0.1163815 1.1537398 -0.9827084
1 1.0663672 -0.1449430 -0.0517951
8 -0.0278637 -0.7674809 0.0060042
5
-114.629     ts77     dynamics     sesquiterpene     TS     runpoint      5     runisomer      126
6 -0.0718640 0.6803579 -0.0055908
1 -0.1494103 1.0115884 0.9700733
1 -0.1000547 1.1804781 -0.9630849
1 1.0729098 -0.1844000 -0.0747027
8 -0.0259286 -0.7740068 0.0084633
5
-114.637     ts77     dynamics     sesquiterpene     TS     runpoint      6     runisomer      126
6 -0.0747612 0.6869351 -0.0144760
1 -0.1626157 1.0386174 1.0426275
1 -0.0877046 1.2100471 -0.9410318
1 1.0530655 -0.2377952 -0.0950750
8 -0.0224530 -0.7791423 0.0104516
5
-114.645     ts77     dynamics     sesquiterpene     TS     runpoint      7     runisomer      126
6 -0.0775842 0.6919925 -0.0212628
1 -0.1773007 1.0710966 1.1004798
1 -0.0787884 1.2437917 -0.9226801
1 1.0061645 -0.3123753 -0.1121201
8 -0.0170181 -0.7824087 0.0118168
5
-114.653     ts77     dynamics     sesquiterpene     TS     runpoint      8     runisomer      126
6 -0.0811514 0.6961260 -0.0242948
1 -0.1913973 1.1023804 1.1289156
1 -0.0723593 1.2815754 -0.9114108
1 0.9365911 -0.4145990 -0.1256223
8 -0.0094763 -0.7834192 0.0124413
5
-114.665     ts77     dynamics     sesquiterpene     TS     runpoint      9     runisomer      126
6 -0.0860144 0.6998456 -0.0230988
1 -0.2038131 1.1285498 1.1227218
1 -0.0674449 1.3205285 -0.9062364
1 0.8628803 -0.5438128 -0.1377091
8 -0.0007111 -0.7821698 0.0123698
5
-114.67     ts77     dynamics     sesquiterpene     TS     runpoint      10     runisomer      126
6 -0.0922185 0.7034327 -0.0180067
1 -0.2142145 1.1473112 1.0824585
1 -0.0633297 1.3556323 -0.9031275
1 0.8353012 -0.6873900 -0.1573071
8 0.0060771 -0.7792066 0.0121260
5
-114.672     ts77     dynamics     sesquiterpene     TS     runpoint      11     runisomer      126
6 -0.0993235 0.7067553 -0.0099686
1 -0.2229595 1.1580245 1.0142219
1 -0.0594558 1.3816196 -0.8976885
1 0.8975650 -0.8402125 -0.1955453
8 0.0077896 -0.7743813 0.0124616
5
-114.7     ts77     dynamics     sesquiterpene     TS     runpoint      12     runisomer      126
6 -0.1066912 0.7093660 -0.0006383
1 -0.2313847 1.1632646 0.9326678
1 -0.0552628 1.3946252 -0.8872062
1 0.9886966 -1.0023196 -0.2416384
8 0.0078405 -0.7672736 0.0128445
5
-114.701     ts77     dynamics     sesquiterpene     TS     runpoint      13     runisomer      126
6 -0.1136638 0.7103749 0.0074792
1 -0.2424688 1.1715292 0.8645216
1 -0.0502005 1.3929001 -0.8715976
1 1.0525790 -1.1565858 -0.2821045
8 0.0094260 -0.7587215 0.0126164
5
-114.674     ts77     dynamics     sesquiterpene     TS     runpoint      14     runisomer      126
6 -0.1196176 0.7084455 0.0117541
1 -0.2603100 1.1955256 0.8407331
1 -0.0436966 1.3770999 -0.8535833
1 1.0734783 -1.2880269 -0.3117779
8 0.0132894 -0.7495080 0.0116426
5
-114.653     ts77     dynamics     sesquiterpene     TS     runpoint      15     runisomer      126
6 -0.1242912 0.7029770 0.0118473
1 -0.2858741 1.2375135 0.8679630
1 -0.0350490 1.3503811 -0.8384006
1 1.0525059 -1.3883242 -0.3296933
8 0.0191809 -0.7400461 0.0100302
5
-114.648     ts77     dynamics     sesquiterpene     TS     runpoint      16     runisomer      126
6 -0.1279513 0.6947202 0.0101308
1 -0.3147121 1.2830310 0.9223224
1 -0.0234224 1.3179089 -0.8325180
1 0.9947984 -1.4528439 -0.3361431
8 0.0266465 -0.7306066 0.0079284
5
-114.65     ts77     dynamics     sesquiterpene     TS     runpoint      17     runisomer      126
6 -0.1309855 0.6847192 0.0090650
1 -0.3413297 1.3163572 0.9774751
1 -0.0081055 1.2850266 -0.8408508
1 0.9047949 -1.4775180 -0.3314237
8 0.0353063 -0.7215764 0.0054803
5
-114.656     ts77     dynamics     sesquiterpene     TS     runpoint      18     runisomer      126
6 -0.1336217 0.6738806 0.0098248
1 -0.3620961 1.3285961 1.0174297
1 0.0109906 1.2546070 -0.8635798
1 0.7861198 -1.4580519 -0.3158581
8 0.0448651 -0.7135245 0.0028434
5
-114.668     ts77     dynamics     sesquiterpene     TS     runpoint      19     runisomer      126
6 -0.1359299 0.6630453 0.0124221
1 -0.3752130 1.3162465 1.0343858
1 0.0329184 1.2260400 -0.8952136
1 0.6472383 -1.3957993 -0.2921730
8 0.0547908 -0.7067392 0.0003264
5
-114.679     ts77     dynamics     sesquiterpene     TS     runpoint      20     runisomer      126
6 -0.1379059 0.6528426 0.0162286
1 -0.3801257 1.2790612 1.0254714
1 0.0558244 1.1969305 -0.9271482
1 0.5183052 -1.3203819 -0.2746317
8 0.0632623 -0.6996588 -0.0010624
5
-114.653     ts77     dynamics     sesquiterpene     TS     runpoint      21     runisomer      126
6 -0.1394967 0.6435955 0.0203215
1 -0.3772810 1.2195953 0.9920220
1 0.0775934 1.1655152 -0.9512246
1 0.4673098 -1.3253692 -0.3062323
8 0.0661159 -0.6866797 0.0014830
5
-114.657     ts77     dynamics     sesquiterpene     TS     runpoint      22     runisomer      126
6 -0.1405605 0.6355488 0.0234252
1 -0.3686443 1.1446467 0.9417399
1 0.0964273 1.1321795 -0.9620171
1 0.4859120 -1.4160897 -0.3946736
8 0.0640089 -0.6681026 0.0085757
5
-114.687     ts77     dynamics     sesquiterpene     TS     runpoint      23     runisomer      126
6 -0.1407845 0.6288107 0.0236107
1 -0.3588964 1.0674079 0.8931016
1 0.1111675 1.0995617 -0.9576936
1 0.5111716 -1.4952368 -0.4935719
8 0.0610399 -0.6511380 0.0174605
5
-114.668     ts77     dynamics     sesquiterpene     TS     runpoint      24     runisomer      126
6 -0.1396825 0.6230386 0.0184008
1 -0.3555511 1.0059116 0.8755400
1 0.1215284 1.0718374 -0.9402856
1 0.5227048 -1.5259196 -0.5809097
8 0.0586203 -0.6392513 0.0268834
5
-114.645     ts77     dynamics     sesquiterpene     TS     runpoint      25     runisomer      126
6 -0.1371147 0.6181719 0.0067255
1 -0.3635306 0.9708474 0.9077003
1 0.1285793 1.0542942 -0.9162327
1 0.5170372 -1.5017850 -0.6492744
8 0.0571058 -0.6338040 0.0364084
5
-114.646     ts77     dynamics     sesquiterpene     TS     runpoint      26     runisomer      126
6 -0.1339002 0.6150474 -0.0089510
1 -0.3789185 0.9563887 0.9720698
1 0.1353460 1.0529807 -0.8961772
1 0.4933235 -1.4244327 -0.6947195
8 0.0567284 -0.6353384 0.0457137
5
-114.663     ts77     dynamics     sesquiterpene     TS     runpoint      27     runisomer      126
6 -0.1312389 0.6143166 -0.0247931
1 -0.3942926 0.9523648 1.0366307
1 0.1458622 1.0728247 -0.8907597
1 0.4511625 -1.2990238 -0.7141429
8 0.0576908 -0.6436871 0.0544145
5
-114.684     ts77     dynamics     sesquiterpene     TS     runpoint      28     runisomer      126
6 -0.1299101 0.6160044 -0.0382619
1 -0.4045441 0.9530722 1.0794708
1 0.1622056 1.1136222 -0.9026251
1 0.3939127 -1.1384306 -0.7096213
8 0.0599142 -0.6576850 0.0622844
5
-114.7     ts77     dynamics     sesquiterpene     TS     runpoint      29     runisomer      126
6 -0.1301372 0.6200173 -0.0484607
1 -0.4072812 0.9565785 1.0903388
1 0.1829147 1.1680422 -0.9236255
1 0.3347782 -0.9709369 -0.7044235
8 0.0626748 -0.6748979 0.0702471
5
-114.692     ts77     dynamics     sesquiterpene     TS     runpoint      30     runisomer      126
6 -0.1318652 0.6264403 -0.0552601
1 -0.4019378 0.9629814 1.0664717
1 0.2046987 1.2250480 -0.9415599
1 0.2955961 -0.8302917 -0.7545305
8 0.0647282 -0.6925730 0.0811393
5
-114.689     ts77     dynamics     sesquiterpene     TS     runpoint      31     runisomer      126
6 -0.1349468 0.6354119 -0.0587828
1 -0.3893763 0.9737233 1.0107415
1 0.2246420 1.2749361 -0.9469787
1 0.2745477 -0.7171539 -0.8605667
8 0.0663152 -0.7102521 0.0943162
5
-114.693     ts77     dynamics     sesquiterpene     TS     runpoint      32     runisomer      126
6 -0.1390562 0.6466585 -0.0596640
1 -0.3721455 0.9916431 0.9328247
1 0.2409403 1.3117796 -0.9351234
1 0.2565371 -0.6283463 -0.9640456
8 0.0684168 -0.7277348 0.1056592
5
-114.679     ts77     dynamics     sesquiterpene     TS     runpoint      33     runisomer      126
6 -0.1436150 0.6592624 -0.0594382
1 -0.3552621 1.0219920 0.8527535
1 0.2530266 1.3330763 -0.9055774
1 0.2361095 -0.5676025 -1.0340342
8 0.0712960 -0.7442708 0.1130826
5
-114.658     ts77     dynamics     sesquiterpene     TS     runpoint      34     runisomer      126
6 -0.1479140 0.6717357 -0.0603692
1 -0.3459513 1.0732268 0.8002746
1 0.2618526 1.3390374 -0.8619956
1 0.2125704 -0.5371419 -1.0614616
8 0.0748587 -0.7591518 0.1160705
5
-114.645     ts77     dynamics     sesquiterpene     TS     runpoint      35     runisomer      126
6 -0.1516312 0.6826736 -0.0635642
1 -0.3488992 1.1504725 0.7945648
1 0.2705248 1.3327077 -0.8123930
1 0.1865063 -0.5376641 -1.0448762
8 0.0789267 -0.7717926 0.1146581
5
-114.652     ts77     dynamics     sesquiterpene     TS     runpoint      36     runisomer      126
6 -0.1553322 0.6917866 -0.0670903
1 -0.3613012 1.2438691 0.8226016
1 0.2848021 1.3203020 -0.7686787
1 0.1591105 -0.5693513 -0.9860632
8 0.0833096 -0.7817356 0.1090775
