5
-114.654160 ts77 dynamics sesquiterpene TS runpoint 1  runisomer  97
6 -0.0352992 0.6167703 0.0114926
1 -0.3234860 1.2452751 0.8328662
1 -0.1669600 1.1637168 -0.8405193
1 0.9325197 -0.0745647 -0.1472250
8 -0.0293257 -0.7468953 0.0011357
5
-114.644 ts77 dynamics sesquiterpene TS runpoint 2  runisomer  97
6 -0.0338442 0.618598 0.0134322
1 -0.30465 1.23464 0.832868
1 -0.172468 1.23848 -0.902274
1 0.88774 -0.0415245 -0.137981
8 -0.0284357 -0.75439 0.00298924
5
-114.644     ts77     dynamics     sesquiterpene     TS     runpoint      3     runisomer      97
6 -0.0331908 0.6222642 0.0140309
1 -0.2869057 1.2218262 0.8477285
1 -0.1791526 1.3028138 -0.9640025
1 0.8703787 -0.0085590 -0.1285014
8 -0.0285291 -0.7624626 0.0048947
5
-114.636     ts77     dynamics     sesquiterpene     TS     runpoint      4     runisomer      97
6 -0.0337303 0.6280907 0.0121462
1 -0.2706687 1.2080774 0.8764972
1 -0.1854153 1.3466154 -1.0097496
1 0.8886237 0.0264716 -0.1197953
8 -0.0299027 -0.7709357 0.0068299
5
-114.633     ts77     dynamics     sesquiterpene     TS     runpoint      5     runisomer      97
6 -0.0351339 0.6356046 0.0075839
1 -0.2554896 1.1926937 0.9141679
1 -0.1910037 1.3659672 -1.0320366
1 0.9395517 0.0689811 -0.1112278
8 -0.0326633 -0.7795021 0.0087430
5
-114.636     ts77     dynamics     sesquiterpene     TS     runpoint      6     runisomer      97
6 -0.0364207 0.6438690 0.0006717
1 -0.2406133 1.1739851 0.9532665
1 -0.1963019 1.3600745 -1.0277615
1 1.0112467 0.1268256 -0.1012363
8 -0.0368188 -0.7877968 0.0105659
5
-114.645     ts77     dynamics     sesquiterpene     TS     runpoint      7     runisomer      97
6 -0.0363627 0.6518669 -0.0079491
1 -0.2256019 1.1506318 0.9861454
1 -0.2020813 1.3301827 -0.9969239
1 1.0891088 0.2066454 -0.0886157
8 -0.0423510 -0.7954721 0.0122240
5
-114.656     ts77     dynamics     sesquiterpene     TS     runpoint      8     runisomer      97
6 -0.0338604 0.6586700 -0.0173246
1 -0.2106757 1.1224510 1.0067937
1 -0.2097127 1.2802839 -0.9438474
1 1.1602629 0.3105984 -0.0731310
8 -0.0491723 -0.8022063 0.0136369
5
-114.667     ts77     dynamics     sesquiterpene     TS     runpoint      9     runisomer      97
6 -0.0280142 0.6632710 -0.0259610
1 -0.1967653 1.0905107 1.0118521
1 -0.2220947 1.2196080 -0.8810545
1 1.2147928 0.4359364 -0.0554496
8 -0.0570901 -0.8077195 0.0147266
5
-114.671     ts77     dynamics     sesquiterpene     TS     runpoint      10     runisomer      97
6 -0.0179407 0.6642879 -0.0315399
1 -0.1854492 1.0569632 1.0012059
1 -0.2454803 1.1651980 -0.8337225
1 1.2458088 0.5766946 -0.0369289
8 -0.0658411 -0.8118102 0.0154341
5
-114.669     ts77     dynamics     sesquiterpene     TS     runpoint      11     runisomer      97
6 -0.0027327 0.6604214 -0.0317989
1 -0.1789285 1.0247956 0.9786891
1 -0.2891913 1.1353286 -0.8304633
1 1.2494692 0.7254465 -0.0193824
8 -0.0751381 -0.8143730 0.0157360
5
-114.675     ts77     dynamics     sesquiterpene     TS     runpoint      12     runisomer      97
6 0.0177099 0.6520727 -0.0274040
1 -0.1800755 0.9974519 0.9526801
1 -0.3555691 1.1295344 -0.8703333
1 1.2252237 0.8743345 -0.0046973
8 -0.0846928 -0.8154033 0.0156644
5
-114.689     ts77     dynamics     sesquiterpene     TS     runpoint      13     runisomer      97
6 0.0421450 0.6410948 -0.0218489
1 -0.1923452 0.9777183 0.9344072
1 -0.4337881 1.1311610 -0.9230490
1 1.1761021 1.0159446 0.0056921
8 -0.0942286 -0.8149483 0.0153143
5
-114.692     ts77     dynamics     sesquiterpene     TS     runpoint      14     runisomer      97
6 0.0689660 0.6292100 -0.0178361
1 -0.2199215 0.9659576 0.9313179
1 -0.5105961 1.1264004 -0.9630110
1 1.1089451 1.1447518 0.0098222
8 -0.1035431 -0.8131057 0.0147549
5
-114.654160 ts77 dynamics sesquiterpene TS runpoint 1  runisomer  97
6 -0.0352992 0.6167703 0.0114926
1 -0.3234860 1.2452751 0.8328662
1 -0.1669600 1.1637168 -0.8405193
1 0.9325197 -0.0745647 -0.1472250
8 -0.0293257 -0.7468953 0.0011357
5
-114.644 ts77 dynamics sesquiterpene TS runpoint 2  runisomer  97
6 -0.0367282 0.615564 0.0107293
1 -0.342148 1.25095 0.844721
1 -0.166493 1.09766 -0.807795
1 0.989968 -0.108185 -0.154299
8 -0.0307268 -0.740067 -0.000654917
5
-114.634     ts77     dynamics     sesquiterpene     TS     runpoint      3     runisomer      97
6 -0.0373189 0.6137485 0.0139421
1 -0.3591126 1.2488958 0.8630623
1 -0.1756266 1.0596688 -0.8342115
1 1.0451731 -0.1425853 -0.1575353
8 -0.0321175 -0.7340132 -0.0023539
5
-114.634     ts77     dynamics     sesquiterpene     TS     runpoint      4     runisomer      97
6 -0.0368876 0.6118898 0.0208814
1 -0.3733185 1.2375564 0.8824120
1 -0.1936003 1.0478974 -0.9131755
1 1.0865836 -0.1782938 -0.1560369
8 -0.0330238 -0.7289107 -0.0038996
5
-114.641     ts77     dynamics     sesquiterpene     TS     runpoint      5     runisomer      97
6 -0.0358486 0.6116263 0.0286841
1 -0.3845525 1.2170608 0.8988043
1 -0.2147777 1.0470841 -1.0078176
1 1.1062622 -0.2170266 -0.1495817
8 -0.0330024 -0.7249290 -0.0052324
5
-114.639     ts77     dynamics     sesquiterpene     TS     runpoint      6     runisomer      97
6 -0.0347556 0.6140385 0.0350220
1 -0.3934937 1.1890993 0.9103233
1 -0.2344733 1.0473165 -1.0885028
1 1.0990047 -0.2628500 -0.1385002
8 -0.0315616 -0.7221037 -0.0063289
5
-114.635     ts77     dynamics     sesquiterpene     TS     runpoint      7     runisomer      97
6 -0.0342242 0.6195574 0.0387169
1 -0.4015716 1.1565994 0.9171611
1 -0.2502040 1.0450626 -1.1402515
1 1.0621818 -0.3227110 -0.1236942
8 -0.0281422 -0.7202818 -0.0072060
5
-114.64     ts77     dynamics     sesquiterpene     TS     runpoint      8     runisomer      97
6 -0.0349334 0.6282147 0.0392293
1 -0.4106335 1.1232656 0.9212654
1 -0.2607624 1.0397263 -1.1568280
1 0.9972679 -0.4050022 -0.1067029
8 -0.0222846 -0.7191554 -0.0078768
5
-114.656     ts77     dynamics     sesquiterpene     TS     runpoint      9     runisomer      97
6 -0.0374504 0.6397429 0.0363089
1 -0.4224200 1.0928647 0.9253694
1 -0.2655639 1.0319069 -1.1364272
1 0.9154436 -0.5149913 -0.0898943
8 -0.0141968 -0.7184642 -0.0082916
5
-114.672     ts77     dynamics     sesquiterpene     TS     runpoint      10     runisomer      97
6 -0.0419488 0.6535114 0.0299995
1 -0.4379350 1.0682406 0.9314350
1 -0.2646461 1.0230872 -1.0807448
1 0.8523242 -0.6489244 -0.0771535
8 -0.0059261 -0.7182460 -0.0082544
5
-114.679     ts77     dynamics     sesquiterpene     TS     runpoint      11     runisomer      97
6 -0.0480471 0.6684115 0.0209655
1 -0.4569549 1.0504868 0.9392636
1 -0.2593659 1.0163066 -0.9975092
1 0.8681334 -0.8007205 -0.0730561
8 -0.0014826 -0.7183134 -0.0074739
5
-114.7     ts77     dynamics     sesquiterpene     TS     runpoint      12     runisomer      97
6 -0.0548940 0.6829419 0.0111360
1 -0.4780423 1.0390068 0.9464040
1 -0.2538698 1.0182246 -0.9072130
1 0.9450377 -0.9706731 -0.0751287
8 -0.0002111 -0.7179010 -0.0061095
5
-114.708     ts77     dynamics     sesquiterpene     TS     runpoint      13     runisomer      97
6 -0.0613942 0.6952949 0.0041437
1 -0.4991064 1.0324372 0.9496024
1 -0.2562705 1.0417028 -0.8490319
1 1.0134097 -1.1399163 -0.0776091
8 0.0018346 -0.7175682 -0.0045774
5
-114.682     ts77     dynamics     sesquiterpene     TS     runpoint      14     runisomer      97
6 -0.0666376 0.7038486 0.0031519
1 -0.5183687 1.0294647 0.9468865
1 -0.2737992 1.0989429 -0.8572675
1 1.0434925 -1.2879027 -0.0782778
8 0.0061907 -0.7180779 -0.0031020
5
-114.669     ts77     dynamics     sesquiterpene     TS     runpoint      15     runisomer      97
6 -0.0707167 0.7087924 0.0067178
1 -0.5352241 1.0291906 0.9388384
1 -0.3017977 1.1812308 -0.9141060
1 1.0310803 -1.4027057 -0.0769621
8 0.0128583 -0.7197183 -0.0017731
5
-114.665     ts77     dynamics     sesquiterpene     TS     runpoint      16     runisomer      97
6 -0.0741699 0.7114847 0.0112708
1 -0.5502999 1.0311158 0.9279009
1 -0.3297992 1.2668222 -0.9787308
1 0.9794164 -1.4776645 -0.0740364
8 0.0214165 -0.7225270 -0.0006131
5
-114.657     ts77     dynamics     sesquiterpene     TS     runpoint      17     runisomer      97
6 -0.0771857 0.7129295 0.0145072
1 -0.5649683 1.0348772 0.9169020
1 -0.3512552 1.3397292 -1.0262094
1 0.8926642 -1.5078735 -0.0699585
8 0.0314207 -0.7265355 0.0003859
5
-114.654     ts77     dynamics     sesquiterpene     TS     runpoint      18     runisomer      97
6 -0.0796766 0.7136099 0.0154388
1 -0.5805541 1.0398729 0.9078184
1 -0.3635769 1.3915022 -1.0466397
1 0.7762916 -1.4904002 -0.0653404
8 0.0423795 -0.7317215 0.0012546
5
-114.66     ts77     dynamics     sesquiterpene     TS     runpoint      19     runisomer      97
6 -0.0815640 0.7136703 0.0138282
1 -0.5974753 1.0450268 0.9010714
1 -0.3660085 1.4179089 -1.0374642
1 0.6446464 -1.4327101 -0.0616420
8 0.0533092 -0.7373887 0.0020770
5
-114.66     ts77     dynamics     sesquiterpene     TS     runpoint      20     runisomer      97
6 -0.0829203 0.7130461 0.0098668
1 -0.6148340 1.0487824 0.8956279
1 -0.3584132 1.4169169 -0.9996766
1 0.5413464 -1.3804419 -0.0638264
8 0.0614495 -0.7403868 0.0031479
5
-114.628     ts77     dynamics     sesquiterpene     TS     runpoint      21     runisomer      97
6 -0.0839051 0.7116049 0.0040667
1 -0.6308166 1.0493766 0.8898256
1 -0.3410901 1.3886337 -0.9374689
1 0.5376946 -1.4301046 -0.0833500
8 0.0623343 -0.7344307 0.0051754
5
-114.655     ts77     dynamics     sesquiterpene     TS     runpoint      22     runisomer      97
6 -0.0845633 0.7092431 -0.0026516
1 -0.6435879 1.0454318 0.8824098
1 -0.3155282 1.3375353 -0.8607551
1 0.5948104 -1.5373714 -0.1179669
8 0.0584225 -0.7224309 0.0080298
5
-114.675     ts77     dynamics     sesquiterpene     TS     runpoint      23     runisomer      97
6 -0.0846460 0.7053784 -0.0085590
1 -0.6518916 1.0362346 0.8731554
1 -0.2859005 1.2769758 -0.7907474
1 0.6555728 -1.6198073 -0.1573839
8 0.0533131 -0.7099412 0.0111166
5
-114.654     ts77     dynamics     sesquiterpene     TS     runpoint      24     runisomer      97
6 -0.0835444 0.6984120 -0.0107892
1 -0.6553537 1.0219433 0.8628784
1 -0.2599209 1.2323118 -0.7636358
1 0.7013850 -1.6499725 -0.1966210
8 0.0481810 -0.6990985 0.0142014
5
-114.633     ts77     dynamics     sesquiterpene     TS     runpoint      25     runisomer      97
6 -0.0808078 0.6871348 -0.0073107
1 -0.6547973 1.0038542 0.8531822
1 -0.2426816 1.2231357 -0.8065169
1 0.7277252 -1.6231226 -0.2333695
8 0.0433474 -0.6906120 0.0172191
5
-114.646     ts77     dynamics     sesquiterpene     TS     runpoint      26     runisomer      97
6 -0.0767651 0.6730929 -0.0002305
1 -0.6524974 0.9843465 0.8461980
1 -0.2292286 1.2360843 -0.8976138
1 0.7328087 -1.5404289 -0.2658119
8 0.0390006 -0.6848739 0.0201300
5
-114.672     ts77     dynamics     sesquiterpene     TS     runpoint      27     runisomer      97
6 -0.0718138 0.6586847 0.0068412
1 -0.6515604 0.9663342 0.8436807
1 -0.2136065 1.2480595 -0.9964936
1 0.7160504 -1.4065218 -0.2926348
8 0.0352991 -0.6821210 0.0229018
5
-114.692     ts77     dynamics     sesquiterpene     TS     runpoint      28     runisomer      97
6 -0.0661287 0.6453942 0.0117405
1 -0.6543864 0.9524246 0.8457396
1 -0.1940550 1.2469456 -1.0774765
1 0.6848737 -1.2365761 -0.3163137
8 0.0319440 -0.6819107 0.0256898
5
-114.695     ts77     dynamics     sesquiterpene     TS     runpoint      29     runisomer      97
6 -0.0599604 0.6340333 0.0137624
1 -0.6614063 0.9442403 0.8501703
1 -0.1709753 1.2290083 -1.1287736
1 0.6734337 -1.0681203 -0.3540627
8 0.0270246 -0.6823559 0.0295044
5
-114.679     ts77     dynamics     sesquiterpene     TS     runpoint      30     runisomer      97
6 -0.0538037 0.6252899 0.0130716
1 -0.6711487 0.9424146 0.8530802
1 -0.1452893 1.1942234 -1.1458642
1 0.7327756 -0.9355525 -0.4374195
8 0.0176630 -0.6818429 0.0361662
5
-114.692     ts77     dynamics     sesquiterpene     TS     runpoint      31     runisomer      97
6 -0.0482922 0.6199476 0.0102544
1 -0.6813555 0.9470643 0.8504917
1 -0.1180173 1.1444429 -1.1281309
1 0.8261391 -0.8191036 -0.5461032
8 0.0065700 -0.6823288 0.0441723
5
-114.696     ts77     dynamics     sesquiterpene     TS     runpoint      32     runisomer      97
6 -0.0439359 0.6184950 0.0060052
1 -0.6899493 0.9580225 0.8396865
1 -0.0902737 1.0833863 -1.0783569
1 0.9007284 -0.7104501 -0.6429490
8 -0.0026043 -0.6849286 0.0510045
5
-114.682     ts77     dynamics     sesquiterpene     TS     runpoint      33     runisomer      97
6 -0.0410205 0.6208098 0.0012564
1 -0.6955920 0.9750167 0.8197282
1 -0.0633474 1.0179279 -1.0055468
1 0.9387640 -0.6155277 -0.7122654
8 -0.0085285 -0.6895934 0.0556035
5
-114.665     ts77     dynamics     sesquiterpene     TS     runpoint      34     runisomer      97
6 -0.0396222 0.6260061 -0.0022166
1 -0.6980324 0.9978864 0.7914910
1 -0.0385433 0.9602686 -0.9318913
1 0.9381729 -0.5409095 -0.7497063
8 -0.0109506 -0.6960008 0.0577053
5
-114.646     ts77     dynamics     sesquiterpene     TS     runpoint      35     runisomer      97
6 -0.0396934 0.6324849 -0.0013883
1 -0.6983334 1.0267852 0.7576021
1 -0.0162189 0.9275630 -0.8968542
1 0.9011063 -0.4915971 -0.7544400
8 -0.0099500 -0.7037292 0.0573073
5
-114.637     ts77     dynamics     sesquiterpene     TS     runpoint      36     runisomer      97
6 -0.0411486 0.6389766 0.0057044
1 -0.6991292 1.0622745 0.7223909
1 0.0049885 0.9301719 -0.9288076
1 0.8306467 -0.4719511 -0.7265959
8 -0.0057046 -0.7122376 0.0544616
5
-114.658     ts77     dynamics     sesquiterpene     TS     runpoint      37     runisomer      97
6 -0.0436785 0.6456367 0.0166662
1 -0.7043433 1.1050402 0.6910315
1 0.0255268 0.9598258 -1.0045089
1 0.7319940 -0.4859741 -0.6687119
8 0.0014425 -0.7209140 0.0493344
5
-114.686     ts77     dynamics     sesquiterpene     TS     runpoint      38     runisomer      97
6 -0.0468519 0.6531041 0.0278882
1 -0.7170528 1.1546692 0.6669315
1 0.0442830 1.0018266 -1.0834709
1 0.6204362 -0.5344831 -0.5945040
8 0.0104710 -0.7292330 0.0427304
5
-114.685     ts77     dynamics     sesquiterpene     TS     runpoint      39     runisomer      97
6 -0.0504363 0.6617732 0.0374169
1 -0.7369838 1.2080583 0.6497580
1 0.0604740 1.0450162 -1.1408551
1 0.5435319 -0.6068439 -0.5538632
8 0.0182407 -0.7372629 0.0377153
5
-114.648     ts77     dynamics     sesquiterpene     TS     runpoint      40     runisomer      97
6 -0.0542735 0.6716358 0.0444832
1 -0.7605941 1.2594583 0.6364812
1 0.0735788 1.0827193 -1.1658117
1 0.5712930 -0.6859125 -0.6292933
8 0.0200326 -0.7452950 0.0395725
