5
-114.654160 ts77 dynamics sesquiterpene TS runpoint 1  runisomer  99
6 -0.0255015 0.6458698 0.0082996
1 -0.3119955 1.1675270 0.8866489
1 -0.2470938 1.1837969 -0.9409930
1 0.9212937 -0.0637955 -0.0726383
8 -0.0316449 -0.7657710 0.0017740
5
-114.651 ts77 dynamics sesquiterpene TS runpoint 2  runisomer  99
6 -0.0287854 0.636381 0.0187077
1 -0.286054 1.17753 0.794176
1 -0.217691 1.18179 -0.92576
1 0.89855 -0.0262605 -0.0936581
8 -0.0312348 -0.761522 0.000156416
5
-114.639     ts77     dynamics     sesquiterpene     TS     runpoint      3     runisomer      99
6 -0.0319988 0.6257322 0.0249511
1 -0.2711617 1.2082571 0.7465443
1 -0.1880404 1.1738040 -0.9087765
1 0.9007926 0.0142599 -0.1140945
8 -0.0317707 -0.7575192 -0.0013098
5
-114.632     ts77     dynamics     sesquiterpene     TS     runpoint      4     runisomer      99
6 -0.0345963 0.6132849 0.0261780
1 -0.2708066 1.2681013 0.7567888
1 -0.1601446 1.1609303 -0.8954632
1 0.9316448 0.0617224 -0.1335067
8 -0.0335457 -0.7541315 -0.0024930
5
-114.642     ts77     dynamics     sesquiterpene     TS     runpoint      5     runisomer      99
6 -0.0364099 0.6002938 0.0244526
1 -0.2775324 1.3384475 0.8024044
1 -0.1366185 1.1453345 -0.8911610
1 0.9877010 0.1224132 -0.1501170
8 -0.0367752 -0.7516605 -0.0032984
5
-114.652     ts77     dynamics     sesquiterpene     TS     runpoint      6     runisomer      99
6 -0.0369116 0.5881914 0.0219165
1 -0.2836611 1.3963381 0.8568311
1 -0.1201546 1.1292482 -0.8986910
1 1.0598488 0.2026157 -0.1611000
8 -0.0415951 -0.7502700 -0.0036585
5
-114.655     ts77     dynamics     sesquiterpene     TS     runpoint      7     runisomer      99
6 -0.0352700 0.5777098 0.0195332
1 -0.2855431 1.4289233 0.9041286
1 -0.1128669 1.1137403 -0.9170509
1 1.1364883 0.3047430 -0.1637050
8 -0.0479959 -0.7499192 -0.0035304
5
-114.656     ts77     dynamics     sesquiterpene     TS     runpoint      8     runisomer      99
6 -0.0308110 0.5692739 0.0174568
1 -0.2821345 1.4312625 0.9361747
1 -0.1157934 1.0982966 -0.9419593
1 1.2064969 0.4258979 -0.1562854
8 -0.0557824 -0.7503994 -0.0028899
5
-114.657     ts77     dynamics     sesquiterpene     TS     runpoint      9     runisomer      99
6 -0.0232011 0.5632639 0.0155311
1 -0.2736694 1.4025107 0.9489237
1 -0.1287514 1.0814889 -0.9676765
1 1.2610426 0.5597018 -0.1386892
8 -0.0646441 -0.7514508 -0.0017369
5
-114.662     ts77     dynamics     sesquiterpene     TS     runpoint      10     runisomer      99
6 -0.0124016 0.5600022 0.0135565
1 -0.2611726 1.3442663 0.9408332
1 -0.1505189 1.0619785 -0.9888470
1 1.2942688 0.6986441 -0.1121343
8 -0.0742543 -0.7528600 -0.0000855
5
-114.668     ts77     dynamics     sesquiterpene     TS     runpoint      11     runisomer      99
6 0.0014471 0.5596308 0.0113329
1 -0.2465966 1.2607882 0.9131988
1 -0.1792309 1.0391898 -1.0015721
1 1.3031099 0.8353562 -0.0788372
8 -0.0843093 -0.7545009 0.0020271
5
-114.676     ts77     dynamics     sesquiterpene     TS     runpoint      12     runisomer      99
6 0.0181806 0.5619302 0.0084596
1 -0.2335750 1.1607691 0.8726218
1 -0.2128675 1.0135515 -1.0038005
1 1.2867764 0.9630331 -0.0416187
8 -0.0945337 -0.7563542 0.0045343
5
-114.68     ts77     dynamics     sesquiterpene     TS     runpoint      13     runisomer      99
6 0.0378060 0.5661133 0.0039548
1 -0.2289781 1.0596353 0.8355244
1 -0.2497556 0.9864098 -0.9953773
1 1.2463018 1.0755836 -0.0035698
8 -0.1046712 -0.7585027 0.0073227
5
-114.674     ts77     dynamics     sesquiterpene     TS     runpoint      14     runisomer      99
6 0.0606796 0.5711034 -0.0036856
1 -0.2438565 0.9767156 0.8278313
1 -0.2891800 0.9593529 -0.9780447
1 1.1841440 1.1678086 0.0320998
8 -0.1144920 -0.7611300 0.0102002
5
-114.669     ts77     dynamics     sesquiterpene     TS     runpoint      15     runisomer      99
6 0.0865483 0.5764675 -0.0160965
1 -0.2837358 0.9180987 0.8653008
1 -0.3319556 0.9381992 -0.9536937
1 1.1047270 1.2356915 0.0670111
8 -0.1236856 -0.7644073 0.0134151
5
-114.674     ts77     dynamics     sesquiterpene     TS     runpoint      16     runisomer      99
6 0.1141401 0.5832525 -0.0290930
1 -0.3450237 0.8789945 0.9249891
1 -0.3785378 0.9204364 -0.9290126
1 1.0167013 1.2775938 0.0933459
8 -0.1320423 -0.7685550 0.0161885
5
-114.683     ts77     dynamics     sesquiterpene     TS     runpoint      17     runisomer      99
6 0.1411633 0.5913986 -0.0420236
1 -0.4160763 0.8431274 0.9826573
1 -0.4307636 0.9115982 -0.9040955
1 0.9335412 1.2969359 0.1167031
8 -0.1393071 -0.7730686 0.0192139
5
-114.654160 ts77 dynamics sesquiterpene TS runpoint 1  runisomer  99
6 -0.0255015 0.6458698 0.0082996
1 -0.3119955 1.1675270 0.8866489
1 -0.2470938 1.1837969 -0.9409930
1 0.9212937 -0.0637955 -0.0726383
8 -0.0316449 -0.7657710 0.0017740
5
-114.651 ts77 dynamics sesquiterpene TS runpoint 2  runisomer  99
6 -0.0228656 0.65534 -0.00344917
1 -0.338593 1.15958 0.988744
1 -0.275073 1.18004 -0.950836
1 0.959665 -0.100363 -0.0507577
8 -0.0326018 -0.769835 0.00339728
5
-114.649     ts77     dynamics     sesquiterpene     TS     runpoint      3     runisomer      99
6 -0.0211855 0.6649927 -0.0142544
1 -0.3585043 1.1442310 1.0738449
1 -0.3012611 1.1719178 -0.9540366
1 1.0018225 -0.1375681 -0.0278150
8 -0.0336150 -0.7732534 0.0048973
5
-114.639     ts77     dynamics     sesquiterpene     TS     runpoint      4     runisomer      99
6 -0.0204859 0.6744399 -0.0227480
1 -0.3685106 1.1196865 1.1283058
1 -0.3260026 1.1616006 -0.9515533
1 1.0366776 -0.1778279 -0.0040160
8 -0.0341478 -0.7756066 0.0061817
5
-114.629     ts77     dynamics     sesquiterpene     TS     runpoint      5     runisomer      99
6 -0.0207801 0.6832356 -0.0281242
1 -0.3676786 1.0873573 1.1463218
1 -0.3501854 1.1515684 -0.9458104
1 1.0555037 -0.2251226 0.0201482
8 -0.0336434 -0.7765564 0.0071959
5
-114.627     ts77     dynamics     sesquiterpene     TS     runpoint      6     runisomer      99
6 -0.0222206 0.6911261 -0.0299586
1 -0.3561779 1.0497927 1.1264342
1 -0.3748967 1.1439706 -0.9394913
1 1.0521906 -0.2853749 0.0441580
8 -0.0315217 -0.7758326 0.0079149
5
-114.637     ts77     dynamics     sesquiterpene     TS     runpoint      7     runisomer      99
6 -0.0251105 0.6980678 -0.0282907
1 -0.3350633 1.0103774 1.0710432
1 -0.4008932 1.1400328 -0.9341949
1 1.0233367 -0.3659108 0.0676438
8 -0.0272298 -0.7732344 0.0083402
5
-114.658     ts77     dynamics     sesquiterpene     TS     runpoint      8     runisomer      99
6 -0.0297227 0.7040401 -0.0239232
1 -0.3070122 0.9740816 0.9893704
1 -0.4280860 1.1397891 -0.9296691
1 0.9700179 -0.4727947 0.0905139
8 -0.0204664 -0.7686766 0.0084829
5
-114.68     ts77     dynamics     sesquiterpene     TS     runpoint      9     runisomer      99
6 -0.0358989 0.7086550 -0.0189918
1 -0.2782124 0.9491423 0.9048722
1 -0.4554867 1.1423210 -0.9241453
1 0.9047738 -0.6057348 0.1135997
8 -0.0118114 -0.7623505 0.0083050
5
-114.684     ts77     dynamics     sesquiterpene     TS     runpoint      10     runisomer      99
6 -0.0427229 0.7108513 -0.0172889
1 -0.2594707 0.9480025 0.8607358
1 -0.4818266 1.1462201 -0.9156060
1 0.8638947 -0.7566472 0.1409763
8 -0.0036382 -0.7546638 0.0075452
5
-114.674     ts77     dynamics     sesquiterpene     TS     runpoint      11     runisomer      99
6 -0.0491431 0.7095280 -0.0215650
1 -0.2580062 0.9797189 0.8898367
1 -0.5065369 1.1500012 -0.9034444
1 0.8842846 -0.9221749 0.1792993
8 0.0013574 -0.7454787 0.0057381
5
-114.698     ts77     dynamics     sesquiterpene     TS     runpoint      12     runisomer      99
6 -0.0550589 0.7050048 -0.0293831
1 -0.2666447 1.0363759 0.9662618
1 -0.5303019 1.1525117 -0.8893783
1 0.9310507 -1.0963869 0.2241152
8 0.0048890 -0.7348374 0.0030775
5
-114.709     ts77     dynamics     sesquiterpene     TS     runpoint      13     runisomer      99
6 -0.0606510 0.6984539 -0.0366213
1 -0.2751531 1.1019765 1.0452792
1 -0.5544898 1.1530281 -0.8762639
1 0.9574164 -1.2573423 0.2651273
8 0.0094817 -0.7239466 0.0001194
5
-114.688     ts77     dynamics     sesquiterpene     TS     runpoint      14     runisomer      99
6 -0.0658495 0.6908239 -0.0408543
1 -0.2783543 1.1646280 1.1013214
1 -0.5800778 1.1508802 -0.8662517
1 0.9475646 -1.3868589 0.2968808
8 0.0158156 -0.7138746 -0.0028678
5
-114.661     ts77     dynamics     sesquiterpene     TS     runpoint      15     runisomer      99
6 -0.0705161 0.6827696 -0.0411652
1 -0.2745462 1.2172787 1.1245661
1 -0.6069105 1.1449789 -0.8597673
1 0.9017244 -1.4751763 0.3177397
8 0.0236547 -0.7052140 -0.0058220
5
-114.645     ts77     dynamics     sesquiterpene     TS     runpoint      16     runisomer      99
6 -0.0745759 0.6748844 -0.0374422
1 -0.2635082 1.2556068 1.1126319
1 -0.6337459 1.1336956 -0.8555402
1 0.8242016 -1.5169932 0.3275254
8 0.0325801 -0.6983676 -0.0087456
5
-114.645     ts77     dynamics     sesquiterpene     TS     runpoint      17     runisomer      99
6 -0.0780329 0.6678207 -0.0299837
1 -0.2456671 1.2767468 1.0667324
1 -0.6589418 1.1152325 -0.8513580
1 0.7194453 -1.5087503 0.3266423
8 0.0422366 -0.6937580 -0.0116572
5
-114.663     ts77     dynamics     sesquiterpene     TS     runpoint      18     runisomer      99
6 -0.0809869 0.6621321 -0.0193923
1 -0.2217863 1.2792770 0.9912856
1 -0.6810188 1.0883526 -0.8450716
1 0.5942833 -1.4517226 0.3173980
8 0.0522252 -0.6915498 -0.0146631
5
-114.686     ts77     dynamics     sesquiterpene     TS     runpoint      19     runisomer      99
6 -0.0836397 0.6578733 -0.0067383
1 -0.1929447 1.2649735 0.8964729
1 -0.6987840 1.0530211 -0.8354957
1 0.4680446 -1.3677899 0.3107561
8 0.0614705 -0.6905172 -0.0183667
5
-114.681     ts77     dynamics     sesquiterpene     TS     runpoint      20     runisomer      99
6 -0.0861762 0.6541919 0.0060030
1 -0.1608919 1.2436202 0.8040081
1 -0.7116125 1.0105426 -0.8228649
1 0.3854652 -1.3306703 0.3443532
8 0.0673650 -0.6860733 -0.0250122
5
-114.656     ts77     dynamics     sesquiterpene     TS     runpoint      21     runisomer      99
6 -0.0886808 0.6492377 0.0157625
1 -0.1276976 1.2383687 0.7503574
1 -0.7200785 0.9635455 -0.8088184
1 0.3621195 -1.3886521 0.4529803
8 0.0691564 -0.6754113 -0.0366826
5
-114.677     ts77     dynamics     sesquiterpene     TS     runpoint      22     runisomer      99
6 -0.0913249 0.6417143 0.0204299
1 -0.0929266 1.2710796 0.7628913
1 -0.7264393 0.9158159 -0.7961035
1 0.3506746 -1.4539508 0.5880991
8 0.0700694 -0.6647058 -0.0502886
5
-114.681     ts77     dynamics     sesquiterpene     TS     runpoint      23     runisomer      99
6 -0.0943301 0.6332899 0.0217872
1 -0.0542854 1.3295194 0.8230762
1 -0.7343059 0.8717987 -0.7878371
1 0.3315834 -1.4802260 0.7123498
8 0.0715858 -0.6576396 -0.0634494
5
-114.673     ts77     dynamics     sesquiterpene     TS     runpoint      24     runisomer      99
6 -0.0976587 0.6267496 0.0229157
1 -0.0126892 1.3856282 0.8945647
1 -0.7471997 0.8359914 -0.7859259
1 0.3016126 -1.4595836 0.8109916
8 0.0741619 -0.6553139 -0.0751358
5
-114.66     ts77     dynamics     sesquiterpene     TS     runpoint      25     runisomer      99
6 -0.1012507 0.6236615 0.0254580
1 0.0289829 1.4217544 0.9539879
1 -0.7664490 0.8120427 -0.7894660
1 0.2615304 -1.3955567 0.8774892
8 0.0779679 -0.6577993 -0.0847539
5
-114.653     ts77     dynamics     sesquiterpene     TS     runpoint      26     runisomer      99
6 -0.1052059 0.6244869 0.0297041
1 0.0679024 1.4306358 0.9904819
1 -0.7901764 0.8020751 -0.7946505
1 0.2134115 -1.2939136 0.9070128
8 0.0830082 -0.6647540 -0.0917725
5
-114.659     ts77     dynamics     sesquiterpene     TS     runpoint      27     runisomer      99
6 -0.1097265 0.6291113 0.0352537
1 0.1017478 1.4104099 0.9998858
1 -0.8143656 0.8067621 -0.7963587
1 0.1603828 -1.1618146 0.8955884
8 0.0891305 -0.6755678 -0.0957021
5
-114.677     ts77     dynamics     sesquiterpene     TS     runpoint      28     runisomer      99
6 -0.1150148 0.6370287 0.0414033
1 0.1289865 1.3623468 0.9818839
1 -0.8348415 0.8258296 -0.7900396
1 0.1066243 -1.0113566 0.8456637
8 0.0960576 -0.6891620 -0.0964338
5
-114.697     ts77     dynamics     sesquiterpene     TS     runpoint      29     runisomer      99
6 -0.1212155 0.6473910 0.0472102
1 0.1494285 1.2911507 0.9402932
1 -0.8486996 0.8583472 -0.7729161
1 0.0563583 -0.8636110 0.7814538
8 0.1034608 -0.7038085 -0.0952039
5
-114.695     ts77     dynamics     sesquiterpene     TS     runpoint      30     runisomer      99
6 -0.1284783 0.6590029 0.0512787
1 0.1656417 1.2072896 0.8865862
1 -0.8549777 0.9028693 -0.7445483
1 0.0089757 -0.7418989 0.7634369
8 0.1112674 -0.7177117 -0.0955255
5
-114.682     ts77     dynamics     sesquiterpene     TS     runpoint      31     runisomer      99
6 -0.1371306 0.6701984 0.0515038
1 0.1855486 1.1294403 0.8449296
1 -0.8549957 0.9577640 -0.7071075
1 -0.0407338 -0.6497415 0.8209739
8 0.1196358 -0.7304726 -0.0990555
5
-114.678     ts77     dynamics     sesquiterpene     TS     runpoint      32     runisomer      99
6 -0.1475944 0.6791358 0.0458855
1 0.2216759 1.0779235 0.8450210
1 -0.8525593 1.0217509 -0.6653920
1 -0.0882305 -0.5857814 0.9024527
8 0.1280471 -0.7419961 -0.1026104
5
-114.669     ts77     dynamics     sesquiterpene     TS     runpoint      33     runisomer      99
6 -0.1592903 0.6852417 0.0352080
1 0.2772249 1.0555410 0.8889469
1 -0.8533698 1.0943632 -0.6259686
1 -0.1271641 -0.5519756 0.9668241
8 0.1358245 -0.7518733 -0.1039074
5
-114.664     ts77     dynamics     sesquiterpene     TS     runpoint      34     runisomer      99
6 -0.1704042 0.6891406 0.0228702
1 0.3394762 1.0501860 0.9473464
1 -0.8620300 1.1751301 -0.5940072
1 -0.1545576 -0.5477829 0.9976882
8 0.1425117 -0.7598148 -0.1022894
5
-114.656     ts77     dynamics     sesquiterpene     TS     runpoint      35     runisomer      99
6 -0.1795105 0.6915491 0.0115106
1 0.3943641 1.0519248 0.9936519
1 -0.8778116 1.2608012 -0.5695411
1 -0.1689852 -0.5713630 0.9897531
8 0.1477886 -0.7656445 -0.0977262
5
-114.651     ts77     dynamics     sesquiterpene     TS     runpoint      36     runisomer      99
6 -0.1861722 0.6932213 0.0021251
1 0.4335091 1.0557194 1.0146968
1 -0.8947688 1.3440106 -0.5483768
1 -0.1694392 -0.6210129 0.9430490
8 0.1514166 -0.7692548 -0.0904007
5
-114.653     ts77     dynamics     sesquiterpene     TS     runpoint      37     runisomer      99
6 -0.1904519 0.6949400 -0.0051385
1 0.4529589 1.0589850 1.0059349
1 -0.9061068 1.4157222 -0.5262320
1 -0.1563760 -0.6946793 0.8644917
8 0.1532939 -0.7706292 -0.0808450
5
-114.659     ts77     dynamics     sesquiterpene     TS     runpoint      38     runisomer      99
6 -0.1924800 0.6972751 -0.0103121
1 0.4514970 1.0602719 0.9673448
1 -0.9074754 1.4683130 -0.5010995
1 -0.1358889 -0.7885498 0.7777251
8 0.1537032 -0.7698627 -0.0706491
5
-114.659     ts77     dynamics     sesquiterpene     TS     runpoint      39     runisomer      99
6 -0.1923512 0.7003443 -0.0133946
1 0.4304959 1.0593370 0.9024548
1 -0.8977714 1.4969536 -0.4733502
1 -0.1256282 -0.9002460 0.7356649
8 0.1536718 -0.7668757 -0.0633461
5
-114.66     ts77     dynamics     sesquiterpene     TS     runpoint      40     runisomer      99
6 -0.1902801 0.7037248 -0.0145436
1 0.3955420 1.0582791 0.8201127
1 -0.8790629 1.4999710 -0.4452310
1 -0.1384327 -1.0344255 0.7697004
8 0.1539493 -0.7610839 -0.0612126
5
-114.681     ts77     dynamics     sesquiterpene     TS     runpoint      41     runisomer      99
6 -0.1869262 0.7064726 -0.0145985
1 0.3597191 1.0632807 0.7386204
1 -0.8565660 1.4792724 -0.4206474
1 -0.1581234 -1.1777823 0.8263105
8 0.1535134 -0.7531260 -0.0611543
5
-114.676     ts77     dynamics     sesquiterpene     TS     runpoint      42     runisomer      99
6 -0.1834649 0.7069823 -0.0152579
1 0.3446416 1.0857460 0.6863629
1 -0.8386983 1.4407357 -0.4051110
1 -0.1709341 -1.3070027 0.8610870
8 0.1515478 -0.7443556 -0.0605382
5
-114.654     ts77     dynamics     sesquiterpene     TS     runpoint      43     runisomer      99
6 -0.1804109 0.7035903 -0.0174386
1 0.3660715 1.1347304 0.6817910
1 -0.8362792 1.3934204 -0.4050327
1 -0.1732680 -1.4075444 0.8603807
8 0.1479013 -0.7355844 -0.0585753
5
-114.649     ts77     dynamics     sesquiterpene     TS     runpoint      44     runisomer      99
6 -0.1762986 0.6961412 -0.0194727
1 0.4141848 1.2025580 0.7098292
1 -0.8583726 1.3453790 -0.4250080
1 -0.1656912 -1.4723107 0.8235598
8 0.1426988 -0.7271642 -0.0552381
5
-114.658     ts77     dynamics     sesquiterpene     TS     runpoint      45     runisomer      99
6 -0.1695101 0.6859406 -0.0192218
1 0.4677070 1.2724628 0.7433002
1 -0.9049699 1.2973289 -0.4636270
1 -0.1498109 -1.4975476 0.7537412
8 0.1361686 -0.7193008 -0.0507039
5
-114.669     ts77     dynamics     sesquiterpene     TS     runpoint      46     runisomer      99
6 -0.1599422 0.6747014 -0.0159651
1 0.5115708 1.3317881 0.7647371
1 -0.9650636 1.2428872 -0.5127323
1 -0.1276217 -1.4815217 0.6558286
8 0.1286156 -0.7121886 -0.0452360
5
-114.679     ts77     dynamics     sesquiterpene     TS     runpoint      47     runisomer      99
6 -0.1485265 0.6638116 -0.0100491
1 0.5381768 1.3734479 0.7663948
1 -1.0235156 1.1758525 -0.5617362
1 -0.1028946 -1.4291547 0.5403663
8 0.1205010 -0.7057233 -0.0394170
5
-114.683     ts77     dynamics     sesquiterpene     TS     runpoint      48     runisomer      99
6 -0.1363860 0.6540832 -0.0021925
1 0.5444825 1.3937947 0.7458939
1 -1.0677812 1.0946144 -0.6017745
1 -0.0859346 -1.3692406 0.4351521
8 0.1127159 -0.6983652 -0.0348683
5
-114.661     ts77     dynamics     sesquiterpene     TS     runpoint      49     runisomer      99
6 -0.1245210 0.6458545 0.0068322
1 0.5303472 1.3915464 0.7039447
1 -1.0900315 1.0019453 -0.6270171
1 -0.0982238 -1.3727244 0.3908445
8 0.1068819 -0.6859941 -0.0346147
5
-114.659     ts77     dynamics     sesquiterpene     TS     runpoint      50     runisomer      99
6 -0.1139125 0.6392687 0.0162626
1 0.4986319 1.3686008 0.6443329
1 -1.0870269 0.9037300 -0.6345617
1 -0.1433937 -1.4513595 0.4088227
8 0.1035787 -0.6684659 -0.0385930
5
-114.684     ts77     dynamics     sesquiterpene     TS     runpoint      51     runisomer      99
6 -0.1057210 0.6341818 0.0252291
1 0.4571114 1.3328231 0.5756600
1 -1.0598868 0.8079401 -0.6243545
1 -0.1989896 -1.5314188 0.4422321
8 0.1018426 -0.6513169 -0.0437421
5
-114.677     ts77     dynamics     sesquiterpene     TS     runpoint      52     runisomer      99
6 -0.1014046 0.6295360 0.0325370
1 0.4215105 1.3022162 0.5136309
1 -1.0145129 0.7236816 -0.5995437
1 -0.2517344 -1.5754949 0.4696856
8 0.1013130 -0.6378186 -0.0486107
5
-114.653     ts77     dynamics     sesquiterpene     TS     runpoint      53     runisomer      99
6 -0.1023158 0.6234397 0.0370173
1 0.4130017 1.3025637 0.4772326
1 -0.9629850 0.6601355 -0.5674448
1 -0.2968645 -1.5760105 0.4862709
8 0.1021299 -0.6292331 -0.0527479
5
-114.637     ts77     dynamics     sesquiterpene     TS     runpoint      54     runisomer      99
6 -0.1079891 0.6154454 0.0391025
1 0.4392735 1.3430500 0.4711258
1 -0.9246090 0.6249490 -0.5404058
1 -0.3323301 -1.5343115 0.4911070
8 0.1045479 -0.6261984 -0.0559380
5
-114.64     ts77     dynamics     sesquiterpene     TS     runpoint      55     runisomer      99
6 -0.1157371 0.6078191 0.0410482
1 0.4850410 1.4027829 0.4806758
1 -0.9205741 0.6225819 -0.5324705
1 -0.3562169 -1.4525591 0.4830326
8 0.1087287 -0.6292445 -0.0579917
5
-114.655     ts77     dynamics     sesquiterpene     TS     runpoint      56     runisomer      99
6 -0.1235770 0.6030747 0.0444378
1 0.5316955 1.4567148 0.4903991
1 -0.9570266 0.6535426 -0.5478022
1 -0.3678586 -1.3361173 0.4619390
8 0.1147026 -0.6383741 -0.0588545
5
-114.675     ts77     dynamics     sesquiterpene     TS     runpoint      57     runisomer      99
6 -0.1316499 0.6024662 0.0490590
1 0.5680518 1.4901840 0.4916151
1 -1.0173572 0.7135972 -0.5752551
1 -0.3752711 -1.2043931 0.4367365
8 0.1227387 -0.6521121 -0.0590829
5
-114.68     ts77     dynamics     sesquiterpene     TS     runpoint      58     runisomer      99
6 -0.1407813 0.6062789 0.0539420
1 0.5888655 1.4970216 0.4805970
1 -1.0784034 0.7940266 -0.5996391
1 -0.4084128 -1.0979881 0.4367739
8 0.1342147 -0.6671779 -0.0605203
5
-114.674     ts77     dynamics     sesquiterpene     TS     runpoint      59     runisomer      99
6 -0.1513454 0.6143801 0.0582818
1 0.5924056 1.4762609 0.4564878
1 -1.1238282 0.8845760 -0.6108145
1 -0.4937450 -1.0377454 0.4837787
8 0.1501590 -0.6814511 -0.0645163
5
-114.689     ts77     dynamics     sesquiterpene     TS     runpoint      60     runisomer      99
6 -0.1633205 0.6263055 0.0615922
1 0.5799189 1.4310299 0.4205500
1 -1.1452978 0.9760048 -0.6043255
1 -0.5966840 -0.9978457 0.5449394
8 0.1677719 -0.6958250 -0.0689991
5
-114.692     ts77     dynamics     sesquiterpene     TS     runpoint      61     runisomer      99
6 -0.1767029 0.6410559 0.0635383
1 0.5570577 1.3693945 0.3764560
1 -1.1400223 1.0607999 -0.5794591
1 -0.6801791 -0.9629535 0.5897844
8 0.1841831 -0.7105505 -0.0720750
5
-114.682     ts77     dynamics     sesquiterpene     TS     runpoint      62     runisomer      99
6 -0.1918885 0.6570126 0.0637737
1 0.5369438 1.3062584 0.3309212
1 -1.1092832 1.1332440 -0.5380246
1 -0.7284647 -0.9307170 0.6070587
8 0.1979511 -0.7251421 -0.0730838
5
-114.669     ts77     dynamics     sesquiterpene     TS     runpoint      63     runisomer      99
6 -0.2096458 0.6721750 0.0620384
1 0.5403091 1.2611649 0.2924066
1 -1.0586876 1.1899573 -0.4844073
1 -0.7367493 -0.9024678 0.5944700
8 0.2083967 -0.7390310 -0.0719421
5
-114.664     ts77     dynamics     sesquiterpene     TS     runpoint      64     runisomer      99
6 -0.2297131 0.6851985 0.0587195
1 0.5811473 1.2444349 0.2652459
1 -0.9999893 1.2316822 -0.4266528
1 -0.7049771 -0.8807515 0.5534035
8 0.2151804 -0.7517467 -0.0687944
5
-114.669     ts77     dynamics     sesquiterpene     TS     runpoint      65     runisomer      99
6 -0.2491448 0.6959906 0.0552060
1 0.6487213 1.2469905 0.2461113
1 -0.9525561 1.2661996 -0.3772877
1 -0.6379540 -0.8695820 0.4887652
8 0.2182905 -0.7628847 -0.0639908
5
-114.672     ts77     dynamics     sesquiterpene     TS     runpoint      66     runisomer      99
6 -0.2638146 0.7046079 0.0530850
1 0.7193173 1.2538872 0.2296506
1 -0.9375158 1.3070147 -0.3495161
1 -0.5531569 -0.8754319 0.4136279
8 0.2185598 -0.7719890 -0.0583795
5
-114.658     ts77     dynamics     sesquiterpene     TS     runpoint      67     runisomer      99
6 -0.2714158 0.7112987 0.0529759
1 0.7744847 1.2559281 0.2126179
1 -0.9609076 1.3596690 -0.3470286
1 -0.4984466 -0.9088799 0.3585275
8 0.2188149 -0.7783490 -0.0539116
5
-114.636     ts77     dynamics     sesquiterpene     TS     runpoint      68     runisomer      99
6 -0.2722291 0.7170847 0.0543771
1 0.8043606 1.2495514 0.1936442
1 -1.0084343 1.4129185 -0.3614876
1 -0.5321851 -0.9827386 0.3558576
8 0.2226649 -0.7809907 -0.0526905
5
-114.653     ts77     dynamics     sesquiterpene     TS     runpoint      69     runisomer      99
6 -0.2676107 0.7229355 0.0565245
1 0.8053558 1.2344707 0.1723388
1 -1.0611177 1.4511857 -0.3820757
1 -0.6143283 -1.0879709 0.3799001
8 0.2276350 -0.7802121 -0.0531801
5
-114.665     ts77     dynamics     sesquiterpene     TS     runpoint      70     runisomer      99
6 -0.2589703 0.7291806 0.0588510
1 0.7790001 1.2126075 0.1488988
1 -1.1055094 1.4645993 -0.4012467
1 -0.6846147 -1.2002796 0.3972872
8 0.2300408 -0.7772889 -0.0533380
5
-114.656     ts77     dynamics     sesquiterpene     TS     runpoint      71     runisomer      99
6 -0.2477951 0.7355148 0.0609581
1 0.7331384 1.1883714 0.1240740
1 -1.1339311 1.4491994 -0.4146250
1 -0.7190388 -1.3023191 0.3957951
8 0.2285091 -0.7731147 -0.0524200
5
-114.648     ts77     dynamics     sesquiterpene     TS     runpoint      72     runisomer      99
6 -0.2360421 0.7410524 0.0625425
1 0.6847556 1.1698534 0.0990764
1 -1.1426139 1.4048108 -0.4198134
1 -0.7120451 -1.3837647 0.3731624
8 0.2228488 -0.7681748 -0.0502831
5
-114.646     ts77     dynamics     sesquiterpene     TS     runpoint      73     runisomer      99
6 -0.2261343 0.7444222 0.0634321
1 0.6591561 1.1685304 0.0748738
1 -1.1309595 1.3339335 -0.4159378
1 -0.6644851 -1.4376793 0.3304290
8 0.2133005 -0.7627586 -0.0469786
5
-114.655     ts77     dynamics     sesquiterpene     TS     runpoint      74     runisomer      99
6 -0.2195412 0.7443407 0.0637305
1 0.6739926 1.1921818 0.0511386
1 -1.1025755 1.2419334 -0.4042300
1 -0.5806911 -1.4592836 0.2702627
8 0.2003550 -0.7570323 -0.0426564
5
-114.679     ts77     dynamics     sesquiterpene     TS     runpoint      75     runisomer      99
6 -0.2148918 0.7403310 0.0639018
1 0.7195332 1.2353849 0.0269575
1 -1.0680276 1.1379902 -0.3896288
1 -0.4712104 -1.4487768 0.1978482
8 0.1849258 -0.7508601 -0.0376192
5
-114.698     ts77     dynamics     sesquiterpene     TS     runpoint      76     runisomer      99
6 -0.2088122 0.7323592 0.0647248
1 0.7704682 1.2843748 0.0024110
1 -1.0466583 1.0346031 -0.3820157
1 -0.3617414 -1.4229980 0.1235167
8 0.1689148 -0.7430777 -0.0324869
5
-114.683     ts77     dynamics     sesquiterpene     TS     runpoint      77     runisomer      99
6 -0.1984186 0.7205142 0.0669294
1 0.8067481 1.3272632 -0.0217451
1 -1.0578123 0.9418351 -0.3917133
1 -0.2993724 -1.4338391 0.0615529
8 0.1556084 -0.7303677 -0.0281045
5
-114.668     ts77     dynamics     sesquiterpene     TS     runpoint      78     runisomer      99
6 -0.1835144 0.7054435 0.0703053
1 0.8183602 1.3568427 -0.0448648
1 -1.1000052 0.8614116 -0.4181540
1 -0.3017315 -1.5125077 0.0119406
8 0.1465048 -0.7109036 -0.0243910
