5
-114.654160 ts77 dynamics sesquiterpene TS runpoint 1  runisomer  76
6 -0.0446601 0.6733706 -0.0097388
1 -0.2238245 1.0418937 0.9837218
1 -0.1693553 1.1943500 -0.9578714
1 0.9750279 -0.0549601 -0.0447735
8 -0.0311115 -0.7797080 0.0084990
5
-114.647 ts77 dynamics sesquiterpene TS runpoint 2  runisomer  76
6 -0.0423748 0.673355 -0.0141203
1 -0.210939 1.09361 1.05612
1 -0.167139 1.17191 -0.964524
1 0.91535 -0.0222607 -0.0201455
8 -0.0300176 -0.7836 0.00609188
5
-114.643     ts77     dynamics     sesquiterpene     TS     runpoint      3     runisomer      76
6 -0.0400511 0.6720574 -0.0163657
1 -0.1977649 1.1437838 1.1049831
1 -0.1694259 1.1518086 -0.9696331
1 0.8694005 0.0133126 0.0050864
8 -0.0295526 -0.7867627 0.0034305
5
-114.633     ts77     dynamics     sesquiterpene     TS     runpoint      4     runisomer      76
6 -0.0384482 0.6701169 -0.0156647
1 -0.1838592 1.1864074 1.1205974
1 -0.1765905 1.1357003 -0.9745185
1 0.8528146 0.0512564 0.0309606
8 -0.0301358 -0.7893689 0.0005992
5
-114.627     ts77     dynamics     sesquiterpene     TS     runpoint      5     runisomer      76
6 -0.0379631 0.6678590 -0.0119476
1 -0.1700337 1.2179615 1.1004749
1 -0.1885359 1.1241101 -0.9790132
1 0.8753380 0.0926129 0.0577838
8 -0.0320382 -0.7915388 -0.0023287
5
-114.632     ts77     dynamics     sesquiterpene     TS     runpoint      6     runisomer      76
6 -0.0381923 0.6650452 -0.0055870
1 -0.1578922 1.2366542 1.0466980
1 -0.2046408 1.1165298 -0.9815205
1 0.9347256 0.1423947 0.0850010
8 -0.0353588 -0.7932650 -0.0052701
5
-114.647     ts77     dynamics     sesquiterpene     TS     runpoint      7     runisomer      76
6 -0.0379224 0.6609687 0.0026760
1 -0.1497861 1.2428403 0.9663452
1 -0.2238136 1.1117328 -0.9798152
1 1.0176460 0.2081760 0.1105608
8 -0.0400892 -0.7944394 -0.0081245
5
-114.662     ts77     dynamics     sesquiterpene     TS     runpoint      8     runisomer      76
6 -0.0356647 0.6547415 0.0115125
1 -0.1489841 1.2410598 0.8743739
1 -0.2446282 1.1081198 -0.9720852
1 1.1070488 0.2950661 0.1316961
8 -0.0461548 -0.7949016 -0.0107790
5
-114.669     ts77     dynamics     sesquiterpene     TS     runpoint      9     runisomer      76
6 -0.0301372 0.6452930 0.0187898
1 -0.1599568 1.2430182 0.7960591
1 -0.2655479 1.1040413 -0.9578855
1 1.1881954 0.4027466 0.1461142
8 -0.0534060 -0.7944639 -0.0131073
5
-114.666     ts77     dynamics     sesquiterpene     TS     runpoint      10     runisomer      76
6 -0.0204287 0.6316313 0.0223422
1 -0.1878170 1.2640660 0.7580453
1 -0.2851884 1.0981416 -0.9387263
1 1.2504255 0.5264184 0.1525431
8 -0.0616180 -0.7929611 -0.0149891
5
-114.668     ts77     dynamics     sesquiterpene     TS     runpoint      11     runisomer      76
6 -0.0062579 0.6142804 0.0220260
1 -0.2341637 1.3048581 0.7642403
1 -0.3025264 1.0896832 -0.9179134
1 1.2868738 0.6590362 0.1506589
8 -0.0705340 -0.7903372 -0.0163350
5
-114.676     ts77     dynamics     sesquiterpene     TS     runpoint      12     runisomer      76
6 0.0118360 0.5955896 0.0196956
1 -0.2935175 1.3467271 0.7952901
1 -0.3170120 1.0785867 -0.8992832
1 1.2938397 0.7928171 0.1408530
8 -0.0798957 -0.7866831 -0.0170991
5
-114.679     ts77     dynamics     sesquiterpene     TS     runpoint      13     runisomer      76
6 0.0328873 0.5780339 0.0171218
1 -0.3574265 1.3712214 0.8318940
1 -0.3285133 1.0650643 -0.8856586
1 1.2703814 0.9200043 0.1240757
8 -0.0894607 -0.7822166 -0.0172751
5
-114.676     ts77     dynamics     sesquiterpene     TS     runpoint      14     runisomer      76
6 0.0563170 0.5634089 0.0153278
1 -0.4197539 1.3692264 0.8623642
1 -0.3384504 1.0484081 -0.8777721
1 1.2175094 1.0344253 0.1018952
8 -0.0991558 -0.7772791 -0.0169476
5
-114.669     ts77     dynamics     sesquiterpene     TS     runpoint      15     runisomer      76
6 0.0810036 0.5526595 0.0138173
1 -0.4743727 1.3378973 0.8816601
1 -0.3489156 1.0310663 -0.8733707
1 1.1406350 1.1301732 0.0796555
8 -0.1087338 -0.7721805 -0.0159061
5
-114.666     ts77     dynamics     sesquiterpene     TS     runpoint      16     runisomer      76
6 0.1051873 0.5466021 0.0126169
1 -0.5170990 1.2780434 0.8885195
1 -0.3578754 1.0126137 -0.8725591
1 1.0492980 1.2027552 0.0587863
8 -0.1178671 -0.7672755 -0.0141738
5
-114.671     ts77     dynamics     sesquiterpene     TS     runpoint      17     runisomer      76
6 0.1282864 0.5452142 0.0129033
1 -0.5512349 1.1932546 0.8772816
1 -0.3711920 0.9898347 -0.8742222
1 0.9590687 1.2510450 0.0374560
8 -0.1265235 -0.7625004 -0.0122318
5
-114.654160 ts77 dynamics sesquiterpene TS runpoint 1  runisomer  76
6 -0.0446601 0.6733706 -0.0097388
1 -0.2238245 1.0418937 0.9837218
1 -0.1693553 1.1943500 -0.9578714
1 0.9750279 -0.0549601 -0.0447735
8 -0.0311115 -0.7797080 0.0084990
5
-114.647 ts77 dynamics sesquiterpene TS runpoint 2  runisomer  76
6 -0.0460605 0.671288 -0.00520557
1 -0.239419 0.998761 0.910347
1 -0.17537 1.21676 -0.947695
1 1.0334 -0.0844366 -0.0681798
8 -0.0323772 -0.774982 0.0105549
5
-114.638     ts77     dynamics     sesquiterpene     TS     runpoint      3     runisomer      76
6 -0.0456575 0.6661667 -0.0036033
1 -0.2645335 0.9780084 0.8719814
1 -0.1843402 1.2367124 -0.9326845
1 1.0792601 -0.1106835 -0.0893576
8 -0.0334208 -0.7694356 0.0121585
5
-114.627     ts77     dynamics     sesquiterpene     TS     runpoint      4     runisomer      76
6 -0.0428337 0.6576665 -0.0066858
1 -0.3049470 0.9874414 0.8906876
1 -0.1954898 1.2524912 -0.9134477
1 1.1056535 -0.1339502 -0.1073250
8 -0.0339540 -0.7631813 0.0132137
5
-114.632     ts77     dynamics     sesquiterpene     TS     runpoint      5     runisomer      76
6 -0.0380279 0.6468270 -0.0123896
1 -0.3556791 1.0187537 0.9453314
1 -0.2082929 1.2634542 -0.8927736
1 1.1092514 -0.1548500 -0.1213882
8 -0.0337833 -0.7563947 0.0136342
5
-114.639     ts77     dynamics     sesquiterpene     TS     runpoint      6     runisomer      76
6 -0.0322981 0.6352232 -0.0174995
1 -0.4059161 1.0577338 1.0019267
1 -0.2224991 1.2697487 -0.8743159
1 1.0894735 -0.1748445 -0.1311864
8 -0.0327751 -0.7492820 0.0133558
5
-114.638     ts77     dynamics     sesquiterpene     TS     runpoint      7     runisomer      76
6 -0.0266413 0.6242328 -0.0200188
1 -0.4476077 1.0942333 1.0401260
1 -0.2379424 1.2715913 -0.8609899
1 1.0482082 -0.1969619 -0.1366840
8 -0.0308186 -0.7420590 0.0123456
5
-114.636     ts77     dynamics     sesquiterpene     TS     runpoint      8     runisomer      76
6 -0.0219831 0.6151305 -0.0191106
1 -0.4764937 1.1224911 1.0518207
1 -0.2542208 1.2686524 -0.8541795
1 0.9903548 -0.2264757 -0.1383059
8 -0.0278225 -0.7349655 0.0106010
5
-114.637     ts77     dynamics     sesquiterpene     TS     runpoint      9     runisomer      76
6 -0.0193305 0.6092794 -0.0145788
1 -0.4907079 1.1392879 1.0352329
1 -0.2704697 1.2599881 -0.8538284
1 0.9251170 -0.2710616 -0.1373196
8 -0.0237834 -0.7282791 0.0081617
5
-114.642     ts77     dynamics     sesquiterpene     TS     runpoint      10     runisomer      76
6 -0.0197068 0.6080554 -0.0065661
1 -0.4899566 1.1429492 0.9919892
1 -0.2853828 1.2445256 -0.8590588
1 0.8679214 -0.3388257 -0.1364810
8 -0.0190054 -0.7223479 0.0051521
5
-114.651     ts77     dynamics     sesquiterpene     TS     runpoint      11     runisomer      76
6 -0.0237494 0.6123675 0.0044483
1 -0.4757173 1.1335969 0.9271519
1 -0.2974783 1.2217505 -0.8688256
1 0.8422583 -0.4328743 -0.1406379
8 -0.0144907 -0.7176338 0.0018514
5
-114.664     ts77     dynamics     sesquiterpene     TS     runpoint      12     runisomer      76
6 -0.0311963 0.6219297 0.0173347
1 -0.4528007 1.1150508 0.8521715
1 -0.3054431 1.1921722 -0.8822111
1 0.8716137 -0.5500038 -0.1553095
8 -0.0116958 -0.7143954 -0.0013254
5
-114.684     ts77     dynamics     sesquiterpene     TS     runpoint      13     runisomer      76
6 -0.0406559 0.6349198 0.0297947
1 -0.4324453 1.0985319 0.7904068
1 -0.3084294 1.1573624 -0.8983083
1 0.9448913 -0.6896024 -0.1799989
8 -0.0103107 -0.7121101 -0.0042110
5
-114.694     ts77     dynamics     sesquiterpene     TS     runpoint      14     runisomer      76
6 -0.0499983 0.6485219 0.0385010
1 -0.4320488 1.1027724 0.7758270
1 -0.3062199 1.1197385 -0.9159528
1 1.0177164 -0.8463746 -0.2070725
8 -0.0080555 -0.7103326 -0.0070059
5
-114.69     ts77     dynamics     sesquiterpene     TS     runpoint      15     runisomer      76
6 -0.0579258 0.6608577 0.0417882
1 -0.4593194 1.1357796 0.8224294
1 -0.2993525 1.0823522 -0.9338781
1 1.0579047 -1.0057599 -0.2297069
8 -0.0033559 -0.7092691 -0.0098528
5
-114.692     ts77     dynamics     sesquiterpene     TS     runpoint      16     runisomer      76
6 -0.0649528 0.6722089 0.0415563
1 -0.5009956 1.1814820 0.9028884
1 -0.2891372 1.0486250 -0.9511856
1 1.0541538 -1.1525374 -0.2443656
8 0.0041333 -0.7092907 -0.0127349
5
-114.688     ts77     dynamics     sesquiterpene     TS     runpoint      17     runisomer      76
6 -0.0718671 0.6832107 0.0403403
1 -0.5410945 1.2212242 0.9835352
1 -0.2773499 1.0217990 -0.9672786
1 1.0064142 -1.2747161 -0.2496200
8 0.0141105 -0.7106601 -0.0155601
5
-114.675     ts77     dynamics     sesquiterpene     TS     runpoint      18     runisomer      76
6 -0.0789049 0.6939401 0.0395841
1 -0.5709307 1.2451726 1.0444160
1 -0.2657983 1.0043025 -0.9814280
1 0.9192534 -1.3633667 -0.2451131
8 0.0260340 -0.7135296 -0.0182223
5
-114.666     ts77     dynamics     sesquiterpene     TS     runpoint      19     runisomer      76
6 -0.0859453 0.7041458 0.0398586
1 -0.5871705 1.2496427 1.0762548
1 -0.2559772 0.9973871 -0.9924238
1 0.8005383 -1.4129137 -0.2314885
8 0.0391993 -0.7179107 -0.0206004
5
-114.665     ts77     dynamics     sesquiterpene     TS     runpoint      20     runisomer      76
6 -0.0927788 0.7134364 0.0412742
1 -0.5890931 1.2338906 1.0754966
1 -0.2488732 1.0011481 -0.9986173
1 0.6650786 -1.4259999 -0.2116608
8 0.0525334 -0.7233010 -0.0224730
5
-114.666     ts77     dynamics     sesquiterpene     TS     runpoint      21     runisomer      76
6 -0.0992362 0.7212925 0.0436682
1 -0.5774433 1.1989583 1.0423890
1 -0.2448683 1.0148076 -0.9983684
1 0.5420231 -1.4274230 -0.1938815
8 0.0641430 -0.7277655 -0.0233191
5
-114.655     ts77     dynamics     sesquiterpene     TS     runpoint      22     runisomer      76
6 -0.1051231 0.7270813 0.0465442
1 -0.5549110 1.1481697 0.9822136
1 -0.2437996 1.0370985 -0.9906756
1 0.4679437 -1.4709378 -0.1919368
8 0.0717388 -0.7275715 -0.0222926
5
-114.656     ts77     dynamics     sesquiterpene     TS     runpoint      23     runisomer      76
6 -0.1099622 0.7300461 0.0486951
1 -0.5285024 1.0891073 0.9100658
1 -0.2451936 1.0666965 -0.9757239
1 0.4376144 -1.5656118 -0.2077196
8 0.0757031 -0.7219758 -0.0193092
5
-114.663     ts77     dynamics     sesquiterpene     TS     runpoint      24     runisomer      76
6 -0.1126590 0.7291916 0.0477010
1 -0.5128401 1.0353810 0.8569782
1 -0.2485248 1.1024899 -0.9551492
1 0.4190149 -1.6575846 -0.2297021
8 0.0781200 -0.7144114 -0.0151301
5
-114.646     ts77     dynamics     sesquiterpene     TS     runpoint      25     runisomer      76
6 -0.1118764 0.7236404 0.0408718
1 -0.5254452 1.0006099 0.8588172
1 -0.2534404 1.1436349 -0.9320659
1 0.3964822 -1.7100788 -0.2507789
8 0.0800553 -0.7073408 -0.0102492
5
-114.64     ts77     dynamics     sesquiterpene     TS     runpoint      26     runisomer      76
6 -0.1078053 0.7138297 0.0288538
1 -0.5655948 0.9832143 0.9131678
1 -0.2599088 1.1894781 -0.9106432
1 0.3657442 -1.7098594 -0.2691634
8 0.0818739 -0.7017886 -0.0048486
5
-114.654     ts77     dynamics     sesquiterpene     TS     runpoint      27     runisomer      76
6 -0.1021352 0.7010748 0.0151682
1 -0.6149055 0.9717491 0.9830403
1 -0.2680081 1.2387957 -0.8940813
1 0.3268503 -1.6567017 -0.2858363
8 0.0836873 -0.6979556 0.0010228
