5
-114.654160 ts77 dynamics sesquiterpene TS runpoint 1  runisomer  125
6 -0.0114838 0.6391205 -0.0000774
1 -0.2474384 1.1345893 0.8772060
1 -0.4061221 1.1200291 -0.9184709
1 0.8781034 -0.0628016 0.1381485
8 -0.0334880 -0.7546765 -0.0060461
5
-114.644 ts77 dynamics sesquiterpene TS runpoint 2  runisomer  125
6 -0.0188991 0.632234 0.00092098
1 -0.226946 1.10562 0.81332
1 -0.379972 1.1645 -0.895205
1 0.92661 -0.0607396 0.126344
8 -0.0339195 -0.750617 -0.00349179
5
-114.637     ts77     dynamics     sesquiterpene     TS     runpoint      3     runisomer      125
6 -0.0264353 0.6239943 -0.0026163
1 -0.2189362 1.1037023 0.8040494
1 -0.3480059 1.2047148 -0.8716375
1 0.9919505 -0.0570382 0.1127223
8 -0.0349016 -0.7470816 -0.0008812
5
-114.637     ts77     dynamics     sesquiterpene     TS     runpoint      4     runisomer      125
6 -0.0328228 0.6140079 -0.0104005
1 -0.2235055 1.1301921 0.8532155
1 -0.3123981 1.2395231 -0.8522653
1 1.0602171 -0.0452518 0.0960628
8 -0.0363666 -0.7441957 0.0016902
5
-114.646     ts77     dynamics     sesquiterpene     TS     runpoint      5     runisomer      125
6 -0.0374777 0.6035741 -0.0192256
1 -0.2331724 1.1662141 0.9287371
1 -0.2753304 1.2684892 -0.8407695
1 1.1212882 -0.0183877 0.0760177
8 -0.0384499 -0.7421565 0.0040901
5
-114.647     ts77     dynamics     sesquiterpene     TS     runpoint      6     runisomer      125
6 -0.0398832 0.5937794 -0.0263173
1 -0.2421302 1.1951553 1.0007273
1 -0.2383887 1.2909943 -0.8384614
1 1.1700690 0.0303208 0.0528424
8 -0.0414831 -0.7411209 0.0061879
5
-114.642     ts77     dynamics     sesquiterpene     TS     runpoint      7     runisomer      125
6 -0.0395644 0.5850348 -0.0303517
1 -0.2478479 1.2091572 1.0531616
1 -0.2026215 1.3055948 -0.8440950
1 1.2050970 0.1054384 0.0271666
8 -0.0458230 -0.7410980 0.0078832
5
-114.64     ts77     dynamics     sesquiterpene     TS     runpoint      8     runisomer      125
6 -0.0362147 0.5775464 -0.0309681
1 -0.2495047 1.2056337 1.0789422
1 -0.1691313 1.3102347 -0.8548997
1 1.2257143 0.2075064 -0.0000455
8 -0.0516409 -0.7419831 0.0091152
5
-114.645     ts77     dynamics     sesquiterpene     TS     runpoint      9     runisomer      125
6 -0.0296601 0.5716190 -0.0282709
1 -0.2470199 1.1844160 1.0754050
1 -0.1396015 1.3030897 -0.8679062
1 1.2305162 0.3331525 -0.0274147
8 -0.0588791 -0.7436680 0.0098571
5
-114.657     ts77     dynamics     sesquiterpene     TS     runpoint      10     runisomer      125
6 -0.0198304 0.5676793 -0.0225994
1 -0.2408127 1.1468103 1.0426748
1 -0.1164051 1.2833790 -0.8809453
1 1.2181999 0.4760773 -0.0531198
8 -0.0673307 -0.7461082 0.0101040
5
-114.673     ts77     dynamics     sesquiterpene     TS     runpoint      11     runisomer      125
6 -0.0068040 0.5660946 -0.0145200
1 -0.2321520 1.0961051 0.9844444
1 -0.1023403 1.2517299 -0.8931264
1 1.1893967 0.6281524 -0.0751486
8 -0.0767211 -0.7493143 0.0098663
5
-114.687     ts77     dynamics     sesquiterpene     TS     runpoint      12     runisomer      125
6 0.0091799 0.5668382 -0.0050808
1 -0.2242870 1.0394894 0.9115265
1 -0.1001591 1.2100549 -0.9048002
1 1.1480752 0.7807968 -0.0918398
8 -0.0867424 -0.7532977 0.0091646
5
-114.654160 ts77 dynamics sesquiterpene TS runpoint 1  runisomer  125
6 -0.0114838 0.6391205 -0.0000774
1 -0.2474384 1.1345893 0.8772060
1 -0.4061221 1.1200291 -0.9184709
1 0.8781034 -0.0628016 0.1381485
8 -0.0334880 -0.7546765 -0.0060461
5
-114.644 ts77 dynamics sesquiterpene TS runpoint 2  runisomer  125
6 -0.00590572 0.646352 -0.00319968
1 -0.272053 1.1721 0.960444
1 -0.425006 1.07358 -0.937724
1 0.858929 -0.0685505 0.149974
8 -0.0337245 -0.759176 -0.00848047
5
-114.642     ts77     dynamics     sesquiterpene     TS     runpoint      3     runisomer      125
6 -0.0031705 0.6548413 -0.0063496
1 -0.2935005 1.2038784 1.0337350
1 -0.4362755 1.0283753 -0.9509044
1 0.8729339 -0.0808816 0.1630178
8 -0.0345994 -0.7639220 -0.0107286
5
-114.636     ts77     dynamics     sesquiterpene     TS     runpoint      4     runisomer      125
6 -0.0032606 0.6643317 -0.0083346
1 -0.3081455 1.2235214 1.0818437
1 -0.4407294 0.9881938 -0.9579592
1 0.9127414 -0.0998100 0.1766531
8 -0.0358378 -0.7685555 -0.0126878
5
-114.63     ts77     dynamics     sesquiterpene     TS     runpoint      5     runisomer      125
6 -0.0055713 0.6740095 -0.0084593
1 -0.3146575 1.2290006 1.0981915
1 -0.4400253 0.9567238 -0.9605840
1 0.9643623 -0.1241358 0.1887834
8 -0.0369931 -0.7726462 -0.0142261
5
-114.627     ts77     dynamics     sesquiterpene     TS     runpoint      6     runisomer      125
6 -0.0094211 0.6830778 -0.0063307
1 -0.3128601 1.2203115 1.0808153
1 -0.4361356 0.9369834 -0.9613191
1 1.0135980 -0.1533671 0.1971132
8 -0.0375666 -0.7758154 -0.0152086
5
-114.626     ts77     dynamics     sesquiterpene     TS     runpoint      7     runisomer      125
6 -0.0143229 0.6909812 -0.0019395
1 -0.3034084 1.1989084 1.0314770
1 -0.4306846 0.9308551 -0.9622692
1 1.0494016 -0.1886515 0.2000241
8 -0.0370862 -0.7777853 -0.0155212
5
-114.63     ts77     dynamics     sesquiterpene     TS     runpoint      8     runisomer      125
6 -0.0200120 0.6973322 0.0040654
1 -0.2883236 1.1686896 0.9578306
1 -0.4244630 0.9388556 -0.9640319
1 1.0642241 -0.2331772 0.1967554
8 -0.0350960 -0.7783434 -0.0150719
5
-114.637     ts77     dynamics     sesquiterpene     TS     runpoint      9     runisomer      125
6 -0.0262975 0.7016149 0.0099056
1 -0.2725176 1.1387126 0.8789706
1 -0.4174018 0.9601530 -0.9655069
1 1.0532753 -0.2923225 0.1872393
8 -0.0311331 -0.7772811 -0.0137957
5
-114.642     ts77     dynamics     sesquiterpene     TS     runpoint      10     runisomer      125
6 -0.0328491 0.7028613 0.0124183
1 -0.2650952 1.1256193 0.8296823
1 -0.4090137 0.9928280 -0.9647840
1 1.0143518 -0.3729965 0.1719435
8 -0.0247639 -0.7743651 -0.0116603
5
-114.65     ts77     dynamics     sesquiterpene     TS     runpoint      11     runisomer      125
6 -0.0394391 0.7002729 0.0088885
1 -0.2739556 1.1443783 0.8405540
1 -0.3990296 1.0343214 -0.9606286
1 0.9503186 -0.4808179 0.1521766
8 -0.0158580 -0.7694247 -0.0087166
5
-114.675     ts77     dynamics     sesquiterpene     TS     runpoint      12     runisomer      125
6 -0.0465953 0.6947907 0.0005155
1 -0.2948051 1.1876012 0.8983495
1 -0.3878227 1.0818468 -0.9534442
1 0.8791116 -0.6144137 0.1316782
8 -0.0053968 -0.7626112 -0.0052409
5
-114.693     ts77     dynamics     sesquiterpene     TS     runpoint      13     runisomer      125
6 -0.0548973 0.6881484 -0.0093467
1 -0.3173632 1.2348979 0.9664487
1 -0.3761904 1.1324576 -0.9445817
1 0.8511494 -0.7641106 0.1188520
8 0.0032800 -0.7543628 -0.0018857
5
-114.692     ts77     dynamics     sesquiterpene     TS     runpoint      14     runisomer      125
6 -0.0642328 0.6813665 -0.0182471
1 -0.3351148 1.2715852 1.0197687
1 -0.3647425 1.1828237 -0.9351291
1 0.9051597 -0.9290636 0.1189648
8 0.0072763 -0.7443659 0.0008253
5
-114.703     ts77     dynamics     sesquiterpene     TS     runpoint      15     runisomer      125
6 -0.0741492 0.6749993 -0.0249433
1 -0.3453646 1.2905112 1.0470621
1 -0.3534235 1.2293303 -0.9254723
1 0.9812233 -1.1009328 0.1230224
8 0.0098531 -0.7328810 0.0032613
5
-114.692     ts77     dynamics     sesquiterpene     TS     runpoint      16     runisomer      125
6 -0.0842946 0.6694706 -0.0289307
1 -0.3471644 1.2889043 1.0447514
1 -0.3413776 1.2684899 -0.9155682
1 1.0297152 -1.2566369 0.1241998
8 0.0137612 -0.7212878 0.0056963
5
-114.669     ts77     dynamics     sesquiterpene     TS     runpoint      17     runisomer      125
6 -0.0945024 0.6650142 -0.0301029
1 -0.3402926 1.2664351 1.0133841
1 -0.3272116 1.2974343 -0.9055215
1 1.0390312 -1.3811412 0.1207418
8 0.0195036 -0.7105063 0.0081322
5
-114.653     ts77     dynamics     sesquiterpene     TS     runpoint      18     runisomer      125
6 -0.1046851 0.6615430 -0.0286700
1 -0.3252615 1.2250739 0.9573412
1 -0.3094822 1.3143309 -0.8960552
1 1.0128953 -1.4685504 0.1127734
8 0.0267241 -0.7008516 0.0104891
5
-114.649     ts77     dynamics     sesquiterpene     TS     runpoint      19     runisomer      125
6 -0.1146532 0.6586292 -0.0253811
1 -0.3041739 1.1707269 0.8876957
1 -0.2872703 1.3185489 -0.8886014
1 0.9577369 -1.5169193 0.1007912
8 0.0349475 -0.6924587 0.0126904
5
-114.65     ts77     dynamics     sesquiterpene     TS     runpoint      20     runisomer      125
6 -0.1239300 0.6554455 -0.0220230
1 -0.2819972 1.1163969 0.8279211
1 -0.2605223 1.3105729 -0.8850050
1 0.8774186 -1.5234511 0.0850831
8 0.0438845 -0.6857326 0.0146952
5
-114.651     ts77     dynamics     sesquiterpene     TS     runpoint      21     runisomer      125
6 -0.1318455 0.6508098 -0.0214342
1 -0.2658514 1.0817295 0.8135733
1 -0.2299584 1.2918963 -0.8870114
1 0.7735326 -1.4838182 0.0657440
8 0.0534252 -0.6813903 0.0164970
5
-114.661     ts77     dynamics     sesquiterpene     TS     runpoint      22     runisomer      125
6 -0.1381624 0.6442577 -0.0249711
1 -0.2587444 1.0766111 0.8619970
1 -0.1966480 1.2650025 -0.8960029
1 0.6533150 -1.4013599 0.0432761
8 0.0631905 -0.6796518 0.0180767
5
-114.681     ts77     dynamics     sesquiterpene     TS     runpoint      23     runisomer      125
6 -0.1433398 0.6368099 -0.0303026
1 -0.2566603 1.0891365 0.9459293
1 -0.1614672 1.2331189 -0.9128574
1 0.5516213 -1.3161512 0.0191473
8 0.0711345 -0.6782123 0.0193661
5
-114.65     ts77     dynamics     sesquiterpene     TS     runpoint      24     runisomer      125
6 -0.1479089 0.6296113 -0.0344419
1 -0.2551338 1.1041244 1.0283702
1 -0.1248005 1.1993602 -0.9370591
1 0.5503694 -1.3384960 -0.0079685
8 0.0722348 -0.6702192 0.0205050
5
-114.656     ts77     dynamics     sesquiterpene     TS     runpoint      25     runisomer      125
6 -0.1521679 0.6236939 -0.0359378
1 -0.2519051 1.1139051 1.0871877
1 -0.0867444 1.1661294 -0.9657654
1 0.6262241 -1.4431383 -0.0428370
8 0.0680490 -0.6577075 0.0219218
5
-114.671     ts77     dynamics     sesquiterpene     TS     runpoint      26     runisomer      125
6 -0.1562003 0.6200438 -0.0346605
1 -0.2459710 1.1162585 1.1129100
1 -0.0475393 1.1349757 -0.9940274
1 0.7085393 -1.5313706 -0.0814223
8 0.0630431 -0.6475945 0.0235499
5
-114.651     ts77     dynamics     sesquiterpene     TS     runpoint      27     runisomer      125
6 -0.1598560 0.6191268 -0.0310863
1 -0.2368880 1.1114693 1.1029001
1 -0.0080473 1.1069036 -1.0162777
1 0.7765019 -1.5736037 -0.1199980
8 0.0584427 -0.6421748 0.0253263
5
-114.637     ts77     dynamics     sesquiterpene     TS     runpoint      28     runisomer      125
6 -0.1627968 0.6207064 -0.0258715
1 -0.2248864 1.1012483 1.0588212
1 0.0300453 1.0827576 -1.0279613
1 0.8291848 -1.5701732 -0.1568392
8 0.0541735 -0.6414102 0.0272435
5
-114.637     ts77     dynamics     sesquiterpene     TS     runpoint      29     runisomer      125
6 -0.1646844 0.6242443 -0.0199291
1 -0.2109159 1.0888963 0.9875450
1 0.0649085 1.0634184 -1.0263895
1 0.8671128 -1.5254743 -0.1909703
8 0.0501237 -0.6448838 0.0293229
5
-114.647     ts77     dynamics     sesquiterpene     TS     runpoint      30     runisomer      125
6 -0.1653106 0.6291135 -0.0148053
1 -0.1963706 1.0810353 0.9052421
1 0.0954749 1.0499331 -1.0111714
1 0.8861898 -1.4394121 -0.2210288
8 0.0465508 -0.6526151 0.0315949
5
-114.661     ts77     dynamics     sesquiterpene     TS     runpoint      31     runisomer      125
6 -0.1646238 0.6342001 -0.0129117
1 -0.1828481 1.0900146 0.8410007
1 0.1218258 1.0435377 -0.9847207
1 0.8797721 -1.3111225 -0.2452457
8 0.0439285 -0.6646767 0.0340770
5
-114.677     ts77     dynamics     sesquiterpene     TS     runpoint      32     runisomer      125
6 -0.1627649 0.6379707 -0.0163157
1 -0.1714097 1.1291817 0.8240971
1 0.1453429 1.0456268 -0.9528046
1 0.8471018 -1.1475200 -0.2634348
8 0.0423917 -0.6804139 0.0368258
5
-114.7     ts77     dynamics     sesquiterpene     TS     runpoint      33     runisomer      125
6 -0.1601550 0.6399621 -0.0240003
1 -0.1620978 1.1955678 0.8518750
1 0.1688132 1.0576493 -0.9241290
1 0.8100339 -0.9710374 -0.2833027
8 0.0407056 -0.6979681 0.0402808
5
-114.705     ts77     dynamics     sesquiterpene     TS     runpoint      34     runisomer      125
6 -0.1574530 0.6411355 -0.0325938
1 -0.1547748 1.2700044 0.8955344
1 0.1956628 1.0802966 -0.9070403
1 0.8231243 -0.8098234 -0.3274067
8 0.0357029 -0.7151233 0.0456751
5
-114.704     ts77     dynamics     sesquiterpene     TS     runpoint      35     runisomer      125
6 -0.1553536 0.6427818 -0.0394872
1 -0.1493982 1.3351077 0.9312418
1 0.2276662 1.1118483 -0.9042283
1 0.8897258 -0.6632469 -0.3985427
8 0.0275783 -0.7316826 0.0528968
5
-114.701     ts77     dynamics     sesquiterpene     TS     runpoint      36     runisomer      125
6 -0.1542113 0.6459463 -0.0437553
1 -0.1458555 1.3809988 0.9473491
1 0.2631176 1.1476796 -0.9110513
1 0.9544631 -0.5330970 -0.4683363
8 0.0201863 -0.7474062 0.0599074
5
-114.676     ts77     dynamics     sesquiterpene     TS     runpoint      37     runisomer      125
6 -0.1539248 0.6512717 -0.0455535
1 -0.1440766 1.4030629 0.9399376
1 0.2978801 1.1818881 -0.9195560
1 0.9901909 -0.4292392 -0.5198061
8 0.0154192 -0.7614905 0.0654977
5
-114.651     ts77     dynamics     sesquiterpene     TS     runpoint      38     runisomer      125
6 -0.1541526 0.6589960 -0.0454123
1 -0.1441573 1.3999597 0.9094413
1 0.3277024 1.2093415 -0.9231262
1 0.9911652 -0.3572669 -0.5475805
8 0.0136555 -0.7733546 0.0692836
5
-114.638     ts77     dynamics     sesquiterpene     TS     runpoint      39     runisomer      125
6 -0.1545417 0.6689267 -0.0439594
1 -0.1463793 1.3734315 0.8601084
1 0.3495987 1.2266616 -0.9182884
1 0.9584014 -0.3193138 -0.5506992
8 0.0147737 -0.7826166 0.0711902
5
-114.639     ts77     dynamics     sesquiterpene     TS     runpoint      40     runisomer      125
6 -0.1549083 0.6803668 -0.0420400
1 -0.1512146 1.3300163 0.8020769
1 0.3622752 1.2323043 -0.9044979
1 0.8951156 -0.3170534 -0.5299176
8 0.0185438 -0.7889620 0.0712245
5
-114.65     ts77     dynamics     sesquiterpene     TS     runpoint      41     runisomer      125
6 -0.1553204 0.6919582 -0.0410399
1 -0.1594009 1.2839590 0.7551985
1 0.3662295 1.2263597 -0.8835214
1 0.8077238 -0.3525162 -0.4884414
8 0.0246284 -0.7921470 0.0694898
5
-114.658     ts77     dynamics     sesquiterpene     TS     runpoint      42     runisomer      125
6 -0.1560706 0.7018444 -0.0427665
1 -0.1721203 1.2554582 0.7473949
1 0.3639253 1.2104418 -0.8592169
1 0.7125055 -0.4243544 -0.4368992
8 0.0321392 -0.7922389 0.0664947
5
-114.658     ts77     dynamics     sesquiterpene     TS     runpoint      43     runisomer      125
6 -0.1575601 0.7089118 -0.0476372
1 -0.1906897 1.2539715 0.7923340
1 0.3600481 1.1878869 -0.8377534
1 0.6535030 -0.5160816 -0.4075906
8 0.0383896 -0.7902474 0.0641148
5
-114.645     ts77     dynamics     sesquiterpene     TS     runpoint      44     runisomer      125
6 -0.1601499 0.7134368 -0.0532783
1 -0.2148015 1.2671030 0.8701216
1 0.3608018 1.1642380 -0.8268998
1 0.7005217 -0.5996552 -0.4556988
8 0.0388439 -0.7877129 0.0657904
5
-114.676     ts77     dynamics     sesquiterpene     TS     runpoint      45     runisomer      125
6 -0.1639701 0.7158195 -0.0568608
1 -0.2420676 1.2781869 0.9501453
1 0.3708700 1.1459804 -0.8321062
1 0.8121060 -0.6915026 -0.5524154
8 0.0357645 -0.7832610 0.0698547
5
-114.695     ts77     dynamics     sesquiterpene     TS     runpoint      46     runisomer      125
6 -0.1687871 0.7162973 -0.0570842
1 -0.2696714 1.2779574 1.0116811
1 0.3900334 1.1359915 -0.8514850
1 0.9142862 -0.7991372 -0.6408113
8 0.0334748 -0.7761928 0.0729330
5
-114.678     ts77     dynamics     sesquiterpene     TS     runpoint      47     runisomer      125
6 -0.1740195 0.7151602 -0.0540989
1 -0.2953195 1.2631865 1.0445846
1 0.4130122 1.1325554 -0.8760802
1 0.9794933 -0.9134177 -0.6994102
8 0.0334628 -0.7669921 0.0738595
5
-114.659     ts77     dynamics     sesquiterpene     TS     runpoint      48     runisomer      125
6 -0.1789655 0.7126633 -0.0487280
1 -0.3174077 1.2338521 1.0454077
1 0.4328778 1.1323978 -0.8953135
1 1.0017148 -1.0242191 -0.7236260
8 0.0359155 -0.7562791 0.0725141
5
-114.65     ts77     dynamics     sesquiterpene     TS     runpoint      49     runisomer      125
6 -0.1830155 0.7088984 -0.0419521
1 -0.3350907 1.1919518 1.0154967
1 0.4441329 1.1330700 -0.9013499
1 0.9810762 -1.1229513 -0.7137300
8 0.0406620 -0.7446360 0.0690695
5
-114.654     ts77     dynamics     sesquiterpene     TS     runpoint      50     runisomer      125
6 -0.1857010 0.7037325 -0.0348990
1 -0.3486525 1.1417673 0.9618945
1 0.4437914 1.1335784 -0.8903276
1 0.9190278 -1.2017776 -0.6711695
8 0.0474641 -0.7326642 0.0637779
5
-114.668     ts77     dynamics     sesquiterpene     TS     runpoint      51     runisomer      125
6 -0.1866322 0.6967050 -0.0291410
1 -0.3603878 1.0910820 0.9007102
1 0.4315074 1.1343721 -0.8622745
1 0.8179116 -1.2530939 -0.5983902
8 0.0560492 -0.7210143 0.0569580
5
-114.686     ts77     dynamics     sesquiterpene     TS     runpoint      52     runisomer      125
6 -0.1854555 0.6869414 -0.0268128
1 -0.3755612 1.0515325 0.8588769
1 0.4097492 1.1374128 -0.8211736
1 0.6844634 -1.2717799 -0.5018715
8 0.0659037 -0.7102109 0.0491739
5
-114.697     ts77     dynamics     sesquiterpene     TS     runpoint      53     runisomer      125
6 -0.1820985 0.6735716 -0.0293955
1 -0.4004149 1.0327709 0.8606849
1 0.3842046 1.1464697 -0.7753172
1 0.5412060 -1.2677255 -0.4024087
8 0.0755889 -0.6998249 0.0418390
5
-114.684     ts77     dynamics     sesquiterpene     TS     runpoint      54     runisomer      125
6 -0.1773389 0.6566297 -0.0355489
1 -0.4353567 1.0322410 0.9013277
1 0.3632876 1.1670882 -0.7362650
1 0.4417164 -1.2995408 -0.3524337
8 0.0818077 -0.6863753 0.0382823
5
-114.666     ts77     dynamics     sesquiterpene     TS     runpoint      55     runisomer      125
6 -0.1725911 0.6372520 -0.0422294
1 -0.4739916 1.0387247 0.9538118
1 0.3542320 1.2041000 -0.7132251
1 0.4040934 -1.4174733 -0.3789573
8 0.0836231 -0.6671461 0.0402036
5
-114.69     ts77     dynamics     sesquiterpene     TS     runpoint      56     runisomer      125
6 -0.1688994 0.6175876 -0.0476667
1 -0.5094284 1.0428857 0.9954523
1 0.3573876 1.2560797 -0.7057155
1 0.3765320 -1.5412368 -0.4289235
8 0.0846256 -0.6481314 0.0443329
5
-114.676     ts77     dynamics     sesquiterpene     TS     runpoint      57     runisomer      125
6 -0.1666557 0.6003883 -0.0518102
1 -0.5374093 1.0396920 1.0147181
1 0.3667414 1.3137733 -0.7050217
1 0.3391966 -1.6210981 -0.4750179
8 0.0864715 -0.6336276 0.0490857
