5
-114.654160 ts77 dynamics sesquiterpene TS runpoint 1  runisomer  75
6 -0.0212726 0.5976190 0.0221146
1 -0.3693655 1.1631662 0.8094000
1 -0.2769756 1.1585700 -0.9570607
1 1.0036691 -0.1107304 -0.1193298
8 -0.0345094 -0.7247507 0.0002308
5
-114.642 ts77 dynamics sesquiterpene TS runpoint 2  runisomer  75
6 -0.0260781 0.590651 0.0135104
1 -0.362713 1.19137 0.876066
1 -0.271855 1.20634 -0.965042
1 1.05296 -0.117144 -0.102779
8 -0.0347517 -0.723906 0.00194571
5
-114.641     ts77     dynamics     sesquiterpene     TS     runpoint      3     runisomer      75
6 -0.0307268 0.5872261 0.0033228
1 -0.3526579 1.2134305 0.9442950
1 -0.2614523 1.2400958 -0.9585063
1 1.0939332 -0.1158330 -0.0835816
8 -0.0351346 -0.7249366 0.0036679
5
-114.635     ts77     dynamics     sesquiterpene     TS     runpoint      4     runisomer      75
6 -0.0348597 0.5878028 -0.0070606
1 -0.3355496 1.2212835 0.9990019
1 -0.2468524 1.2576722 -0.9372548
1 1.1216262 -0.1025525 -0.0619054
8 -0.0357778 -0.7278094 0.0053061
5
-114.631     ts77     dynamics     sesquiterpene     TS     runpoint      5     runisomer      75
6 -0.0379661 0.5920277 -0.0165294
1 -0.3106060 1.2120928 1.0320527
1 -0.2297387 1.2595965 -0.9044798
1 1.1340672 -0.0734087 -0.0383082
8 -0.0368826 -0.7323572 0.0067745
5
-114.632     ts77     dynamics     sesquiterpene     TS     runpoint      6     runisomer      75
6 -0.0394882 0.5989134 -0.0239809
1 -0.2784833 1.1860927 1.0397394
1 -0.2124374 1.2498261 -0.8673932
1 1.1315919 -0.0249153 -0.0135700
8 -0.0387006 -0.7383240 0.0079861
5
-114.637     ts77     dynamics     sesquiterpene     TS     runpoint      7     runisomer      75
6 -0.0388461 0.6069791 -0.0282160
1 -0.2407916 1.1455349 1.0216631
1 -0.1979590 1.2361939 -0.8375396
1 1.1162549 0.0459907 0.0113962
8 -0.0415049 -0.7454287 0.0088481
5
-114.647     ts77     dynamics     sesquiterpene     TS     runpoint      8     runisomer      75
6 -0.0354873 0.6145386 -0.0282590
1 -0.2003147 1.0948319 0.9815701
1 -0.1894977 1.2282378 -0.8278668
1 1.0915468 0.1415643 0.0355104
8 -0.0455532 -0.7534268 0.0092774
5
-114.659     ts77     dynamics     sesquiterpene     TS     runpoint      9     runisomer      75
6 -0.0290746 0.6202656 -0.0243275
1 -0.1616674 1.0416916 0.9304216
1 -0.1890671 1.2308267 -0.8444685
1 1.0627637 0.2618958 0.0574277
8 -0.0510138 -0.7621204 0.0092147
5
-114.671     ts77     dynamics     sesquiterpene     TS     runpoint      10     runisomer      75
6 -0.0197740 0.6235308 -0.0186868
1 -0.1318061 0.9981913 0.8902233
1 -0.1965567 1.2399562 -0.8805223
1 1.0385338 0.4030497 0.0755860
8 -0.0578765 -0.7712972 0.0086426
5
-114.674     ts77     dynamics     sesquiterpene     TS     runpoint      11     runisomer      75
6 -0.0083950 0.6241578 -0.0147785
1 -0.1187806 0.9773666 0.8886174
1 -0.2105843 1.2472423 -0.9216157
1 1.0316783 0.5575142 0.0886344
8 -0.0659210 -0.7806461 0.0075786
5
-114.675     ts77     dynamics     sesquiterpene     TS     runpoint      12     runisomer      75
6 0.0040610 0.6224720 -0.0143252
1 -0.1274688 0.9821971 0.9332071
1 -0.2299082 1.2459487 -0.9548128
1 1.0519122 0.7184025 0.0958982
8 -0.0747781 -0.7897403 0.0060625
5
-114.685     ts77     dynamics     sesquiterpene     TS     runpoint      13     runisomer      75
6 0.0174141 0.6194644 -0.0161080
1 -0.1563422 1.0024717 1.0009935
1 -0.2539410 1.2325619 -0.9723135
1 1.0928527 0.8803027 0.0971353
8 -0.0840442 -0.7981173 0.0041544
5
-114.654160 ts77 dynamics sesquiterpene TS runpoint 1  runisomer  75
6 -0.0212726 0.5976190 0.0221146
1 -0.3693655 1.1631662 0.8094000
1 -0.2769756 1.1585700 -0.9570607
1 1.0036691 -0.1107304 -0.1193298
8 -0.0345094 -0.7247507 0.0002308
5
-114.642 ts77 dynamics sesquiterpene TS runpoint 2  runisomer  75
6 -0.0163652 0.606797 0.027437
1 -0.380542 1.14317 0.766893
1 -0.276558 1.1014 -0.938198
1 0.954153 -0.10097 -0.133631
8 -0.0343936 -0.727388 -0.00137169
5
-114.638     ts77     dynamics     sesquiterpene     TS     runpoint      3     runisomer      75
6 -0.0112945 0.6166472 0.0284372
1 -0.4047415 1.1445113 0.7677824
1 -0.2717226 1.0418177 -0.9162403
1 0.9146276 -0.0920006 -0.1466285
8 -0.0344881 -0.7316748 -0.0027440
5
-114.637     ts77     dynamics     sesquiterpene     TS     runpoint      4     runisomer      75
6 -0.0065612 0.6266313 0.0263583
1 -0.4407497 1.1652598 0.8085918
1 -0.2654884 0.9886594 -0.9032361
1 0.8945095 -0.0872308 -0.1594022
8 -0.0348967 -0.7374243 -0.0037717
5
-114.639     ts77     dynamics     sesquiterpene     TS     runpoint      5     runisomer      75
6 -0.0030708 0.6369844 0.0240061
1 -0.4779089 1.1920152 0.8673683
1 -0.2619715 0.9501327 -0.9115468
1 0.8983104 -0.0887498 -0.1723791
8 -0.0356361 -0.7443543 -0.0043714
5
-114.639     ts77     dynamics     sesquiterpene     TS     runpoint      6     runisomer      75
6 -0.0014208 0.6477977 0.0233072
1 -0.5062573 1.2134715 0.9231990
1 -0.2634516 0.9299733 -0.9445599
1 0.9231591 -0.0969387 -0.1847992
8 -0.0365614 -0.7520328 -0.0045034
5
-114.637     ts77     dynamics     sesquiterpene     TS     runpoint      7     runisomer      75
6 -0.0018168 0.6588861 0.0243737
1 -0.5203954 1.2239563 0.9631920
1 -0.2685119 0.9266543 -0.9922219
1 0.9602971 -0.1109508 -0.1949756
8 -0.0373952 -0.7599205 -0.0041801
5
-114.634     ts77     dynamics     sesquiterpene     TS     runpoint      8     runisomer      75
6 -0.0042272 0.6699018 0.0263171
1 -0.5184936 1.2216292 0.9809828
1 -0.2739025 0.9364585 -1.0386068
1 0.9989461 -0.1298823 -0.2010737
8 -0.0378029 -0.7674646 -0.0034528
5
-114.63     ts77     dynamics     sesquiterpene     TS     runpoint      9     runisomer      75
6 -0.0084806 0.6804499 0.0281705
1 -0.5010613 1.2069639 0.9747338
1 -0.2768723 0.9558905 -1.0705532
1 1.0294478 -0.1538251 -0.2017429
8 -0.0374458 -0.7741711 -0.0023959
5
-114.628     ts77     dynamics     sesquiterpene     TS     runpoint      10     runisomer      75
6 -0.0143274 0.6901492 0.0291504
1 -0.4706732 1.1824375 0.9468181
1 -0.2758471 0.9822117 -1.0803247
1 1.0445029 -0.1845329 -0.1963590
8 -0.0359889 -0.7796266 -0.0010962
5
-114.631     ts77     dynamics     sesquiterpene     TS     runpoint      11     runisomer      75
6 -0.0214233 0.6985941 0.0284759
1 -0.4325901 1.1532352 0.9054089
1 -0.2702754 1.0133270 -1.0651989
1 1.0391821 -0.2258446 -0.1850066
8 -0.0330814 -0.7834817 0.0003495
5
-114.639     ts77     dynamics     sesquiterpene     TS     runpoint      12     runisomer      75
6 -0.0292873 0.7052401 0.0251409
1 -0.3954014 1.1282029 0.8668527
1 -0.2604635 1.0477958 -1.0271529
1 1.0107978 -0.2837779 -0.1683986
8 -0.0283542 -0.7854142 0.0018374
5
-114.649     ts77     dynamics     sesquiterpene     TS     runpoint      13     runisomer      75
6 -0.0374037 0.7094242 0.0181747
1 -0.3689204 1.1181423 0.8530507
1 -0.2476859 1.0853129 -0.9736771
1 0.9598681 -0.3654543 -0.1478659
8 -0.0215290 -0.7851384 0.0032691
5
-114.664     ts77     dynamics     sesquiterpene     TS     runpoint      14     runisomer      75
6 -0.0456415 0.7107863 0.0080256
1 -0.3570406 1.1279755 0.8757007
1 -0.2344229 1.1277478 -0.9189052
1 0.8949317 -0.4750659 -0.1257355
8 -0.0128416 -0.7825482 0.0046102
5
-114.679     ts77     dynamics     sesquiterpene     TS     runpoint      15     runisomer      75
6 -0.0543233 0.7094881 -0.0026272
1 -0.3543407 1.1511260 0.9234341
1 -0.2239347 1.1795385 -0.8810120
1 0.8457774 -0.6069840 -0.1067032
8 -0.0040636 -0.7779856 0.0060075
5
-114.68     ts77     dynamics     sesquiterpene     TS     runpoint      16     runisomer      75
6 -0.0636543 0.7058286 -0.0109310
1 -0.3530797 1.1762419 0.9747955
1 -0.2180937 1.2437262 -0.8710109
1 0.8680655 -0.7496934 -0.0978362
8 0.0010837 -0.7718773 0.0078131
5
-114.69     ts77     dynamics     sesquiterpene     TS     runpoint      17     runisomer      75
6 -0.0735587 0.7004134 -0.0159305
1 -0.3484982 1.1944845 1.0134960
1 -0.2155325 1.3151423 -0.8831138
1 0.9564072 -0.9050590 -0.0976646
8 0.0024979 -0.7636750 0.0098773
5
-114.704     ts77     dynamics     sesquiterpene     TS     runpoint      18     runisomer      75
6 -0.0838857 0.6943031 -0.0181325
1 -0.3386827 1.2009188 1.0311041
1 -0.2131925 1.3818875 -0.9022871
1 1.0419099 -1.0635210 -0.0980459
8 0.0040914 -0.7537190 0.0116507
5
-114.689     ts77     dynamics     sesquiterpene     TS     runpoint      19     runisomer      75
6 -0.0944825 0.6884638 -0.0183388
1 -0.3232656 1.1936717 1.0250564
1 -0.2085105 1.4327210 -0.9160243
1 1.0896309 -1.2073867 -0.0955612
8 0.0077662 -0.7430212 0.0128949
5
-114.667     ts77     dynamics     sesquiterpene     TS     runpoint      20     runisomer      75
6 -0.1051773 0.6833574 -0.0172598
1 -0.3027856 1.1733894 0.9974155
1 -0.1999533 1.4605830 -0.9176446
1 1.0934512 -1.3248408 -0.0899707
8 0.0137169 -0.7322679 0.0135762
5
-114.653     ts77     dynamics     sesquiterpene     TS     runpoint      21     runisomer      75
6 -0.1157303 0.6789053 -0.0156567
1 -0.2787003 1.1434710 0.9554400
1 -0.1868483 1.4624536 -0.9051149
1 1.0573253 -1.4096867 -0.0819484
8 0.0215657 -0.7218165 0.0137220
5
-114.649     ts77     dynamics     sesquiterpene     TS     runpoint      22     runisomer      75
6 -0.1257916 0.6746150 -0.0145731
1 -0.2535438 1.1106904 0.9131717
1 -0.1692348 1.4386855 -0.8799304
1 0.9864927 -1.4578706 -0.0722693
8 0.0308817 -0.7120017 0.0133742
5
-114.654     ts77     dynamics     sesquiterpene     TS     runpoint      23     runisomer      75
6 -0.1349604 0.6697222 -0.0152307
1 -0.2302993 1.0844506 0.8903063
1 -0.1476711 1.3932278 -0.8473006
1 0.8847615 -1.4650241 -0.0616911
8 0.0413460 -0.7033656 0.0125845
5
-114.666     ts77     dynamics     sesquiterpene     TS     runpoint      24     runisomer      75
6 -0.1430066 0.6634171 -0.0180218
1 -0.2105629 1.0718485 0.9015446
1 -0.1228354 1.3348117 -0.8174622
1 0.7573526 -1.4285812 -0.0512285
8 0.0526016 -0.6964604 0.0114303
5
-114.681     ts77     dynamics     sesquiterpene     TS     runpoint      25     runisomer      75
6 -0.1500562 0.6550751 -0.0212749
1 -0.1936867 1.0718328 0.9424518
1 -0.0947800 1.2772217 -0.8060046
1 0.6223982 -1.3610983 -0.0430146
8 0.0635623 -0.6908268 0.0100520
5
-114.674     ts77     dynamics     sesquiterpene     TS     runpoint      26     runisomer      75
6 -0.1564679 0.6444340 -0.0222049
1 -0.1783906 1.0777701 0.9938233
1 -0.0623465 1.2335860 -0.8271658
1 0.5347605 -1.3254299 -0.0426003
8 0.0708862 -0.6827189 0.0088184
5
-114.641     ts77     dynamics     sesquiterpene     TS     runpoint      27     runisomer      75
6 -0.1625492 0.6322947 -0.0194631
1 -0.1639453 1.0837790 1.0371027
1 -0.0246768 1.2056967 -0.8795375
1 0.5485458 -1.4047893 -0.0568188
8 0.0712949 -0.6672358 0.0082277
5
-114.673     ts77     dynamics     sesquiterpene     TS     runpoint      28     runisomer      75
6 -0.1683257 0.6207242 -0.0138421
1 -0.1499919 1.0870670 1.0611856
1 0.0164541 1.1851002 -0.9448415
1 0.5988854 -1.5155579 -0.0789984
8 0.0689854 -0.6504882 0.0080041
5
-114.669     ts77     dynamics     sesquiterpene     TS     runpoint      29     runisomer      75
6 -0.1735859 0.6117545 -0.0068922
1 -0.1362524 1.0872022 1.0617577
1 0.0574218 1.1638548 -1.0030086
1 0.6441752 -1.5920739 -0.1026555
8 0.0666289 -0.6376105 0.0079080
5
-114.646     ts77     dynamics     sesquiterpene     TS     runpoint      30     runisomer      75
6 -0.1779467 0.6065275 0.0000464
1 -0.1226387 1.0853861 1.0395567
1 0.0944364 1.1387488 -1.0410498
1 0.6761002 -1.6182683 -0.1250772
8 0.0646975 -0.6303456 0.0079095
5
-114.633     ts77     dynamics     sesquiterpene     TS     runpoint      31     runisomer      75
6 -0.1810087 0.6053022 0.0058758
1 -0.1093408 1.0841892 0.9997446
1 0.1243380 1.1098825 -1.0528397
1 0.6952436 -1.5946957 -0.1451557
8 0.0630656 -0.6290206 0.0080514
5
-114.635     ts77     dynamics     sesquiterpene     TS     runpoint      32     runisomer      75
6 -0.1826264 0.6078956 0.0094702
1 -0.0961987 1.0875534 0.9521615
1 0.1453025 1.0790078 -1.0369499
1 0.7001150 -1.5217468 -0.1621612
8 0.0618225 -0.6338336 0.0084213
5
-114.651     ts77     dynamics     sesquiterpene     TS     runpoint      33     runisomer      75
6 -0.1829032 0.6136432 0.0096813
1 -0.0824718 1.1006673 0.9105610
1 0.1570063 1.0489546 -0.9960147
1 0.6887117 -1.4017149 -0.1759764
8 0.0611470 -0.6446455 0.0091729
5
-114.675     ts77     dynamics     sesquiterpene     TS     runpoint      34     runisomer      75
6 -0.1820218 0.6212529 0.0059591
1 -0.0674762 1.1279079 0.8875242
1 0.1609097 1.0239536 -0.9382018
1 0.6723204 -1.2544466 -0.1905337
8 0.0603279 -0.6597802 0.0106892
5
-114.681     ts77     dynamics     sesquiterpene     TS     runpoint      35     runisomer      75
6 -0.1802704 0.6292734 -0.0006714
1 -0.0516306 1.1685976 0.8861669
1 0.1616851 1.0105800 -0.8799758
1 0.7013400 -1.1329027 -0.2232888
8 0.0561381 -0.6751811 0.0141415
5
-114.673     ts77     dynamics     sesquiterpene     TS     runpoint      36     runisomer      75
6 -0.1781923 0.6366824 -0.0075182
1 -0.0368582 1.2159752 0.8986186
1 0.1679396 1.0176438 -0.8452368
1 0.8225999 -1.0625932 -0.2939183
8 0.0456140 -0.6886048 0.0207542
5
-114.699     ts77     dynamics     sesquiterpene     TS     runpoint      37     runisomer      75
6 -0.1763243 0.6431928 -0.0120759
1 -0.0254322 1.2613475 0.9135175
1 0.1869241 1.0505484 -0.8506216
1 0.9666387 -0.9951313 -0.3772225
8 0.0332213 -0.7026775 0.0288213
5
-114.701     ts77     dynamics     sesquiterpene     TS     runpoint      38     runisomer      75
6 -0.1745183 0.6493009 -0.0140701
1 -0.0188398 1.2976533 0.9222222
1 0.2159503 1.1031017 -0.8878413
1 1.0803626 -0.9154318 -0.4496450
8 0.0224567 -0.7178864 0.0366749
5
-114.684     ts77     dynamics     sesquiterpene     TS     runpoint      39     runisomer      75
6 -0.1721680 0.6558515 -0.0147371
1 -0.0176121 1.3204752 0.9201262
1 0.2455454 1.1615260 -0.9343714
1 1.1483783 -0.8286847 -0.5021300
8 0.0144670 -0.7333904 0.0435445
5
-114.663     ts77     dynamics     sesquiterpene     TS     runpoint      40     runisomer      75
6 -0.1688529 0.6634059 -0.0152652
1 -0.0215585 1.3279986 0.9061737
1 0.2677827 1.2138403 -0.9721715
1 1.1687038 -0.7427417 -0.5317535
8 0.0095475 -0.7482469 0.0490674
5
-114.647     ts77     dynamics     sesquiterpene     TS     runpoint      41     runisomer      75
6 -0.1644938 0.6721092 -0.0164586
1 -0.0299786 1.3210193 0.8826523
1 0.2786358 1.2526928 -0.9917262
1 1.1418119 -0.6644486 -0.5372263
8 0.0078199 -0.7617221 0.0530198
5
-114.647     ts77     dynamics     sesquiterpene     TS     runpoint      42     runisomer      75
6 -0.1592381 0.6817439 -0.0189629
1 -0.0418411 1.3032126 0.8554978
1 0.2770025 1.2743395 -0.9895690
1 1.0678458 -0.5997602 -0.5175404
8 0.0093889 -0.7732726 0.0552315
5
-114.657     ts77     dynamics     sesquiterpene     TS     runpoint      43     runisomer      75
6 -0.1533648 0.6917150 -0.0233768
1 -0.0560151 1.2810732 0.8342400
1 0.2636137 1.2775453 -0.9663386
1 0.9496502 -0.5544088 -0.4732435
8 0.0141683 -0.7824227 0.0556268
5
-114.676     ts77     dynamics     sesquiterpene     TS     runpoint      44     runisomer      75
6 -0.1473111 0.7012098 -0.0300021
1 -0.0717550 1.2619620 0.8294977
1 0.2408982 1.2634936 -0.9266736
1 0.8012086 -0.5332150 -0.4110033
8 0.0214034 -0.7887971 0.0544739
5
-114.683     ts77     dynamics     sesquiterpene     TS     runpoint      45     runisomer      75
6 -0.1417565 0.7095478 -0.0381373
1 -0.0892403 1.2498589 0.8467921
1 0.2138323 1.2369114 -0.8810473
1 0.6728136 -0.5314695 -0.3592811
8 0.0281337 -0.7927293 0.0533527
5
-114.641     ts77     dynamics     sesquiterpene     TS     runpoint      46     runisomer      75
6 -0.1376176 0.7161734 -0.0455269
1 -0.1092425 1.2428756 0.8815679
1 0.1908396 1.2079978 -0.8481577
1 0.6720510 -0.5161728 -0.3866738
8 0.0277862 -0.7964058 0.0563591
5
-114.645     ts77     dynamics     sesquiterpene     TS     runpoint      47     runisomer      75
6 -0.1356536 0.7202876 -0.0492079
1 -0.1319782 1.2361751 0.9221550
1 0.1811913 1.1910524 -0.8502067
1 0.7735993 -0.4949406 -0.4811441
8 0.0219543 -0.7993455 0.0626441
5
-114.673     ts77     dynamics     sesquiterpene     TS     runpoint      48     runisomer      75
6 -0.1358502 0.7214949 -0.0477813
1 -0.1567262 1.2259346 0.9568400
1 0.1870196 1.1923353 -0.8933138
1 0.8832286 -0.4987516 -0.5784906
8 0.0163851 -0.7994519 0.0682372
5
-114.667     ts77     dynamics     sesquiterpene     TS     runpoint      49     runisomer      75
6 -0.1374078 0.7204247 -0.0423797
1 -0.1823329 1.2106655 0.9779546
1 0.2007837 1.2037625 -0.9581863
1 0.9653778 -0.5320849 -0.6529619
8 0.0131234 -0.7963116 0.0716334
5
-114.654     ts77     dynamics     sesquiterpene     TS     runpoint      50     runisomer      75
6 -0.1394785 0.7178840 -0.0350162
1 -0.2077303 1.1909291 0.9825542
1 0.2133569 1.2142855 -1.0194707
1 1.0100516 -0.5911035 -0.6971011
8 0.0126686 -0.7901115 0.0724599
5
-114.644     ts77     dynamics     sesquiterpene     TS     runpoint      51     runisomer      75
6 -0.1415128 0.7142269 -0.0273574
1 -0.2322785 1.1689084 0.9721105
1 0.2190420 1.2172585 -1.0600701
1 1.0142434 -0.6707002 -0.7086880
8 0.0151184 -0.7811584 0.0706593
5
-114.646     ts77     dynamics     sesquiterpene     TS     runpoint      52     runisomer      75
6 -0.1431691 0.7093835 -0.0206912
1 -0.2560253 1.1481142 0.9521732
1 0.2153071 1.2100691 -1.0715553
1 0.9762274 -0.7653391 -0.6865560
8 0.0204859 -0.7698030 0.0662423
5
-114.661     ts77     dynamics     sesquiterpene     TS     runpoint      53     runisomer      75
6 -0.1441753 0.7030505 -0.0160976
1 -0.2798277 1.1327756 0.9313217
1 0.2016703 1.1925605 -1.0515225
1 0.8958807 -0.8681848 -0.6309651
8 0.0286612 -0.7565063 0.0593434
5
-114.688     ts77     dynamics     sesquiterpene     TS     runpoint      54     runisomer      75
6 -0.1443074 0.6948589 -0.0142859
1 -0.3050930 1.1263357 0.9180507
1 0.1793284 1.1665918 -1.0027300
1 0.7798068 -0.9712305 -0.5477993
8 0.0390724 -0.7418292 0.0505032
5
-114.712     ts77     dynamics     sesquiterpene     TS     runpoint      55     runisomer      75
6 -0.1435046 0.6844641 -0.0150574
1 -0.3328147 1.1292222 0.9160019
1 0.1516013 1.1369881 -0.9349066
1 0.6567369 -1.0720736 -0.4611806
8 0.0497169 -0.7259967 0.0414774
5
-114.702     ts77     dynamics     sesquiterpene     TS     runpoint      56     runisomer      75
6 -0.1420656 0.6714870 -0.0168205
1 -0.3625390 1.1378764 0.9218472
1 0.1248786 1.1136464 -0.8683385
1 0.5865048 -1.1956445 -0.4220997
8 0.0566174 -0.7075539 0.0357725
5
-114.69     ts77     dynamics     sesquiterpene     TS     runpoint      57     runisomer      75
6 -0.1406990 0.6556257 -0.0169487
1 -0.3924370 1.1466662 0.9285535
1 0.1078779 1.1114611 -0.8319505
1 0.5693386 -1.3530151 -0.4337902
8 0.0596258 -0.6861590 0.0338878
5
-114.692     ts77     dynamics     sesquiterpene     TS     runpoint      58     runisomer      75
6 -0.1399621 0.6375320 -0.0139371
1 -0.4203203 1.1506648 0.9302282
1 0.1049550 1.1395487 -0.8415183
1 0.5554741 -1.4951263 -0.4535581
8 0.0618858 -0.6656558 0.0333690
5
-114.676     ts77     dynamics     sesquiterpene     TS     runpoint      59     runisomer      75
6 -0.1397046 0.6195868 -0.0091637
1 -0.4444269 1.1468908 0.9242934
1 0.1108520 1.1887082 -0.8807861
1 0.5271487 -1.5905680 -0.4635513
8 0.0646233 -0.6490431 0.0332636
5
-114.657     ts77     dynamics     sesquiterpene     TS     runpoint      60     runisomer      75
6 -0.1395770 0.6047932 -0.0050124
1 -0.4638048 1.1344867 0.9111517
1 0.1177454 1.2413990 -0.9232667
1 0.4830180 -1.6290031 -0.4601624
8 0.0680920 -0.6380649 0.0334385
5
-114.642     ts77     dynamics     sesquiterpene     TS     runpoint      61     runisomer      75
6 -0.1394746 0.5954564 -0.0031587
1 -0.4789529 1.1144586 0.8932867
1 0.1210454 1.2844398 -0.9518720
1 0.4241116 -1.6073616 -0.4433516
8 0.0724710 -0.6338783 0.0339163
5
-114.643     ts77     dynamics     sesquiterpene     TS     runpoint      62     runisomer      75
6 -0.1394639 0.5926677 -0.0045116
1 -0.4921615 1.0894262 0.8747105
1 0.1191668 1.3105785 -0.9590928
1 0.3509428 -1.5271390 -0.4148875
8 0.0780210 -0.6369150 0.0347610
