5
-114.654160 ts77 dynamics sesquiterpene TS runpoint 1  runisomer  165
6 -0.0224115 0.6413891 -0.0035428
1 -0.3247879 1.0950205 0.8898785
1 -0.3066094 1.2208915 -0.9129219
1 1.0145210 -0.0951732 -0.0221181
8 -0.0352809 -0.7582012 0.0055037
5
-114.65 ts77 dynamics sesquiterpene TS runpoint 2  runisomer  165
6 -0.0114412 0.644207 -0.000982261
1 -0.356545 1.0546 0.912267
1 -0.322326 1.2468 -0.981338
1 0.963144 -0.0420067 -0.0467294
8 -0.0372831 -0.762751 0.00803356
5
-114.645     ts77     dynamics     sesquiterpene     TS     runpoint      3     runisomer      165
6 -0.0013040 0.6469411 -0.0004492
1 -0.3879741 1.0219992 0.9432458
1 -0.3300877 1.2578825 -1.0303314
1 0.9225822 0.0198575 -0.0705124
8 -0.0398628 -0.7673440 0.0102684
5
-114.637     ts77     dynamics     sesquiterpene     TS     runpoint      4     runisomer      165
6 0.0067237 0.6499641 -0.0016849
1 -0.4149942 0.9959887 0.9730944
1 -0.3284962 1.2519246 -1.0525149
1 0.9100193 0.0927047 -0.0936868
8 -0.0434918 -0.7721877 0.0121728
5
-114.633     ts77     dynamics     sesquiterpene     TS     runpoint      5     runisomer      165
6 0.0115542 0.6533408 -0.0041354
1 -0.4333696 0.9756957 0.9931159
1 -0.3180337 1.2292727 -1.0453513
1 0.9389671 0.1782912 -0.1164051
8 -0.0484411 -0.7774084 0.0137302
5
-114.642     ts77     dynamics     sesquiterpene     TS     runpoint      6     runisomer      165
6 0.0131081 0.6564531 -0.0073354
1 -0.4402903 0.9612060 0.9981114
1 -0.3009131 1.1921807 -1.0101082
1 1.0097446 0.2802277 -0.1373584
8 -0.0547093 -0.7829153 0.0149164
5
-114.662     ts77     dynamics     sesquiterpene     TS     runpoint      7     runisomer      165
6 0.0128124 0.6580941 -0.0108697
1 -0.4350209 0.9533116 0.9867462
1 -0.2814705 1.1454200 -0.9534116
1 1.1052841 0.4026637 -0.1530798
8 -0.0620638 -0.7884165 0.0157026
5
-114.68     ts77     dynamics     sesquiterpene     TS     runpoint      8     runisomer      165
6 0.0129753 0.6570304 -0.0139066
1 -0.4189731 0.9531309 0.9614108
1 -0.2668755 1.0978061 -0.8910963
1 1.2011330 0.5446161 -0.1597692
8 -0.0701569 -0.7935519 0.0160731
5
-114.683     ts77     dynamics     sesquiterpene     TS     runpoint      9     runisomer      165
6 0.0158965 0.6522019 -0.0148747
1 -0.3955307 0.9619503 0.9282584
1 -0.2671604 1.0626673 -0.8501425
1 1.2777174 0.6991210 -0.1555137
8 -0.0786341 -0.7980072 0.0160395
5
-114.675     ts77     dynamics     sesquiterpene     TS     runpoint      10     runisomer      165
6 0.0232221 0.6430928 -0.0126410
1 -0.3696133 0.9812326 0.8967994
1 -0.2906278 1.0506036 -0.8541027
1 1.3238722 0.8567070 -0.1406387
8 -0.0871923 -0.8015575 0.0156587
5
-114.673     ts77     dynamics     sesquiterpene     TS     runpoint      11     runisomer      165
6 0.0352611 0.6305735 -0.0085961
1 -0.3465242 1.0120241 0.8770050
1 -0.3346715 1.0572217 -0.8961708
1 1.3349518 1.0081290 -0.1169352
8 -0.0956019 -0.8040641 0.0150292
5
-114.675     ts77     dynamics     sesquiterpene     TS     runpoint      12     runisomer      165
6 0.0509133 0.6164487 -0.0051577
1 -0.3291530 1.0542071 0.8729613
1 -0.3869805 1.0682861 -0.9493944
1 1.3108716 1.1446294 -0.0873202
8 -0.1036264 -0.8054226 0.0141922
5
-114.671     ts77     dynamics     sesquiterpene     TS     runpoint      13     runisomer      165
6 0.0689575 0.6026691 -0.0044383
1 -0.3174872 1.1001721 0.8814571
1 -0.4376114 1.0746554 -0.9906698
1 1.2543705 1.2590127 -0.0524451
8 -0.1111484 -0.8055899 0.0135200
5
-114.663     ts77     dynamics     sesquiterpene     TS     runpoint      14     runisomer      165
6 0.0877004 0.5907570 -0.0061761
1 -0.3087691 1.1428061 0.8928596
1 -0.4782679 1.0711066 -1.0100875
1 1.1709137 1.3450153 -0.0160593
8 -0.1179374 -0.8045353 0.0130365
5
-114.654     ts77     dynamics     sesquiterpene     TS     runpoint      15     runisomer      165
6 0.1057809 0.5818868 -0.0097033
1 -0.3014095 1.1747345 0.8993568
1 -0.5044405 1.0556681 -1.0044518
1 1.0680096 1.3983942 0.0181352
8 -0.1238317 -0.8022827 0.0127650
5
-114.648     ts77     dynamics     sesquiterpene     TS     runpoint      16     runisomer      165
6 0.1220619 0.5767782 -0.0142173
1 -0.2958629 1.1910275 0.8971378
1 -0.5141457 1.0277555 -0.9745596
1 0.9558695 1.4175479 0.0459999
8 -0.1287180 -0.7989251 0.0126533
5
-114.645     ts77     dynamics     sesquiterpene     TS     runpoint      17     runisomer      165
6 0.1355741 0.5756228 -0.0186431
1 -0.2951443 1.1897415 0.8857381
1 -0.5083984 0.9869405 -0.9243593
1 0.8493901 1.4054342 0.0624127
8 -0.1325527 -0.7946426 0.0124955
5
-114.654160 ts77 dynamics sesquiterpene TS runpoint 1  runisomer  165
6 -0.0224115 0.6413891 -0.0035428
1 -0.3247879 1.0950205 0.8898785
1 -0.3066094 1.2208915 -0.9129219
1 1.0145210 -0.0951732 -0.0221181
8 -0.0352809 -0.7582012 0.0055037
5
-114.65 ts77 dynamics sesquiterpene TS runpoint 2  runisomer  165
6 -0.0331516 0.638025 -0.007367
1 -0.294641 1.14273 0.881962
1 -0.287121 1.18727 -0.840807
1 1.06149 -0.143107 0.00306054
8 -0.0333095 -0.753545 0.00274124
5
-114.645     ts77     dynamics     sesquiterpene     TS     runpoint      3     runisomer      165
6 -0.0428249 0.6335260 -0.0101416
1 -0.2654783 1.1936413 0.8872524
1 -0.2716696 1.1606707 -0.7920720
1 1.0925381 -0.1902306 0.0281684
8 -0.0308205 -0.7487328 -0.0001638
5
-114.634     ts77     dynamics     sesquiterpene     TS     runpoint      4     runisomer      165
6 -0.0509603 0.6275599 -0.0090975
1 -0.2357816 1.2410137 0.8994304
1 -0.2683637 1.1577539 -0.7944707
1 1.0997112 -0.2422663 0.0524547
8 -0.0272495 -0.7437801 -0.0030950
5
-114.635     ts77     dynamics     sesquiterpene     TS     runpoint      5     runisomer      165
6 -0.0580335 0.6214330 -0.0038715
1 -0.2046732 1.2782210 0.9115556
1 -0.2771914 1.1776448 -0.8470038
1 1.0780999 -0.3067575 0.0752196
8 -0.0219862 -0.7387179 -0.0059058
5
-114.651     ts77     dynamics     sesquiterpene     TS     runpoint      6     runisomer      165
6 -0.0653008 0.6177464 0.0034111
1 -0.1720826 1.3005177 0.9185750
1 -0.2912088 1.2027946 -0.9213821
1 1.0264529 -0.3925126 0.0958567
8 -0.0144511 -0.7335390 -0.0084280
5
-114.668     ts77     dynamics     sesquiterpene     TS     runpoint      7     runisomer      165
6 -0.0739158 0.6184309 0.0105654
1 -0.1383616 1.3057494 0.9179541
1 -0.3044859 1.2184985 -0.9911590
1 0.9511790 -0.5058052 0.1142936
8 -0.0045341 -0.7282343 -0.0105234
5
-114.68     ts77     dynamics     sesquiterpene     TS     runpoint      8     runisomer      165
6 -0.0844083 0.6240300 0.0161413
1 -0.1040006 1.2946799 0.9099213
1 -0.3140150 1.2181588 -1.0409140
1 0.8779976 -0.6441792 0.1331698
8 0.0063831 -0.7229972 -0.0122566
5
-114.68     ts77     dynamics     sesquiterpene     TS     runpoint      9     runisomer      165
6 -0.0966044 0.6338243 0.0191824
1 -0.0693207 1.2712020 0.8977693
1 -0.3186513 1.2003298 -1.0630460
1 0.8614521 -0.7999570 0.1618866
8 0.0146818 -0.7179270 -0.0141905
5
-114.687     ts77     dynamics     sesquiterpene     TS     runpoint      10     runisomer      165
6 -0.1099193 0.6462853 0.0190242
1 -0.0340320 1.2421243 0.8877540
1 -0.3182309 1.1663725 -1.0548227
1 0.9116662 -0.9733233 0.2055097
8 0.0192573 -0.7123808 -0.0167117
5
-114.706     ts77     dynamics     sesquiterpene     TS     runpoint      11     runisomer      165
6 -0.1237733 0.6597345 0.0154111
1 0.0029302 1.2153367 0.8871300
1 -0.3134182 1.1200414 -1.0181882
1 0.9655582 -1.1474668 0.2517285
8 0.0236226 -0.7068922 -0.0191865
5
-114.701     ts77     dynamics     sesquiterpene     TS     runpoint      12     runisomer      165
6 -0.1376331 0.6726308 0.0090587
1 0.0426419 1.1961142 0.8993887
1 -0.3061695 1.0684119 -0.9625897
1 0.9886215 -1.2997224 0.2911060
8 0.0296093 -0.7025092 -0.0211824
5
-114.682     ts77     dynamics     sesquiterpene     TS     runpoint      13     runisomer      165
6 -0.1507754 0.6835205 0.0023963
1 0.0846536 1.1849414 0.9204453
1 -0.3005148 1.0233862 -0.9104954
1 0.9752574 -1.4173925 0.3206698
8 0.0373074 -0.6997231 -0.0226592
5
-114.656     ts77     dynamics     sesquiterpene     TS     runpoint      14     runisomer      165
6 -0.1622685 0.6910506 -0.0007287
1 0.1265587 1.1793889 0.9409656
1 -0.3019690 0.9997990 -0.8963701
1 0.9287542 -1.4946221 0.3400491
8 0.0463109 -0.6986692 -0.0237226
5
-114.64     ts77     dynamics     sesquiterpene     TS     runpoint      15     runisomer      165
6 -0.1715181 0.6947325 0.0020310
1 0.1654615 1.1771156 0.9521672
1 -0.3126160 1.0039856 -0.9374906
1 0.8526281 -1.5272886 0.3493274
8 0.0562658 -0.6994921 -0.0244975
5
-114.649     ts77     dynamics     sesquiterpene     TS     runpoint      16     runisomer      165
6 -0.1786846 0.6953681 0.0092010
1 0.1995631 1.1770239 0.9491375
1 -0.3278989 1.0269897 -1.0094460
1 0.7491312 -1.5112870 0.3486963
8 0.0669780 -0.7024187 -0.0251177
5
-114.668     ts77     dynamics     sesquiterpene     TS     runpoint      17     runisomer      165
6 -0.1842727 0.6938720 0.0180763
1 0.2285733 1.1790414 0.9310054
1 -0.3419896 1.0563012 -1.0775568
1 0.6234066 -1.4472972 0.3403126
8 0.0781513 -0.7073012 -0.0258195
5
-114.681     ts77     dynamics     sesquiterpene     TS     runpoint      18     runisomer      165
6 -0.1887659 0.6905633 0.0267112
1 0.2534903 1.1837835 0.9002161
1 -0.3513615 1.0834766 -1.1204758
1 0.4952321 -1.3581530 0.3365776
8 0.0886174 -0.7124451 -0.0274249
5
-114.661     ts77     dynamics     sesquiterpene     TS     runpoint      19     runisomer      165
6 -0.1925853 0.6853694 0.0339171
1 0.2763464 1.1924691 0.8616077
1 -0.3545275 1.1036303 -1.1288673
1 0.4143976 -1.3232112 0.3838301
8 0.0953334 -0.7125657 -0.0328535
5
-114.645     ts77     dynamics     sesquiterpene     TS     runpoint      20     runisomer      165
6 -0.1961138 0.6783274 0.0390664
1 0.2997292 1.2067238 0.8209130
1 -0.3512730 1.1139615 -1.1005332
1 0.3920169 -1.3821642 0.5184293
8 0.0977104 -0.7051166 -0.0444262
5
-114.688     ts77     dynamics     sesquiterpene     TS     runpoint      21     runisomer      165
6 -0.1996389 0.6698640 0.0421385
1 0.3256490 1.2275079 0.7826639
1 -0.3424099 1.1132948 -1.0386078
1 0.3750833 -1.4404273 0.6756772
8 0.0992275 -0.6963637 -0.0581379
5
-114.691     ts77     dynamics     sesquiterpene     TS     runpoint      22     runisomer      165
6 -0.2031770 0.6605262 0.0438327
1 0.3542306 1.2534033 0.7487149
1 -0.3300896 1.1026520 -0.9527371
1 0.3463927 -1.4579535 0.8144338
8 0.1011109 -0.6892149 -0.0714298
