5
-114.654160 ts77 dynamics sesquiterpene TS runpoint 1  runisomer  160
6 -0.0180771 0.6316709 0.0130916
1 -0.3665263 1.1672773 0.9577143
1 -0.2922684 1.0924620 -1.0064377
1 1.0027224 -0.0963305 -0.0800611
8 -0.0360636 -0.7472976 -0.0017079
5
-114.648 ts77 dynamics sesquiterpene TS runpoint 2  runisomer  160
6 -0.0170462 0.626313 0.023786
1 -0.374496 1.14549 0.953013
1 -0.300315 1.07054 -1.08737
1 1.05664 -0.0838635 -0.0998372
8 -0.0392249 -0.74131 -0.00308964
5
-114.637     ts77     dynamics     sesquiterpene     TS     runpoint      3     runisomer      160
6 -0.0161709 0.6215409 0.0321757
1 -0.3774356 1.1208707 0.9387069
1 -0.3015655 1.0444578 -1.1382039
1 1.1016277 -0.0611691 -0.1164181
8 -0.0424520 -0.7359651 -0.0042361
5
-114.628     ts77     dynamics     sesquiterpene     TS     runpoint      4     runisomer      160
6 -0.0147112 0.6167338 0.0370892
1 -0.3776168 1.0982705 0.9207889
1 -0.2955652 1.0155354 -1.1535706
1 1.1336248 -0.0221549 -0.1284911
8 -0.0459297 -0.7315703 -0.0050647
5
-114.626     ts77     dynamics     sesquiterpene     TS     runpoint      5     runisomer      160
6 -0.0119498 0.6112204 0.0376104
1 -0.3775008 1.0828222 0.9065991
1 -0.2827151 0.9859884 -1.1323815
1 1.1518210 0.0389757 -0.1348326
8 -0.0499649 -0.7284498 -0.0054987
5
-114.633     ts77     dynamics     sesquiterpene     TS     runpoint      6     runisomer      160
6 -0.0073596 0.6045564 0.0333350
1 -0.3784292 1.0779003 0.9012670
1 -0.2641844 0.9584679 -1.0770667
1 1.1575349 0.1266422 -0.1343396
8 -0.0548781 -0.7269306 -0.0054740
5
-114.65     ts77     dynamics     sesquiterpene     TS     runpoint      7     runisomer      160
6 -0.0006941 0.5967466 0.0248649
1 -0.3795343 1.0832912 0.9044476
1 -0.2426154 0.9365416 -0.9958150
1 1.1528755 0.2423600 -0.1260635
8 -0.0608750 -0.7273225 -0.0049627
5
-114.67     ts77     dynamics     sesquiterpene     TS     runpoint      8     runisomer      160
6 0.0081074 0.5881104 0.0142694
1 -0.3783228 1.0954360 0.9108456
1 -0.2236837 0.9263552 -0.9081154
1 1.1406489 0.3836275 -0.1094545
8 -0.0679770 -0.7298692 -0.0039913
5
-114.68     ts77     dynamics     sesquiterpene     TS     runpoint      9     runisomer      160
6 0.0191062 0.5788047 0.0051273
1 -0.3725896 1.1094664 0.9139765
1 -0.2175034 0.9386497 -0.8485455
1 1.1255574 0.5440369 -0.0847925
8 -0.0760292 -0.7346551 -0.0026391
5
-114.682     ts77     dynamics     sesquiterpene     TS     runpoint      10     runisomer      160
6 0.0322043 0.5689176 0.0005385
1 -0.3618929 1.1210398 0.9095630
1 -0.2339029 0.9829575 -0.8464273
1 1.1137747 0.7151761 -0.0534311
8 -0.0847545 -0.7415425 -0.0010300
5
-114.654160 ts77 dynamics sesquiterpene TS runpoint 1  runisomer  160
6 -0.0180771 0.6316709 0.0130916
1 -0.3665263 1.1672773 0.9577143
1 -0.2922684 1.0924620 -1.0064377
1 1.0027224 -0.0963305 -0.0800611
8 -0.0360636 -0.7472976 -0.0017079
5
-114.648 ts77 dynamics sesquiterpene TS runpoint 2  runisomer  160
6 -0.0198636 0.637933 0.0016751
1 -0.352115 1.18267 0.949927
1 -0.279739 1.11167 -0.908679
1 0.947504 -0.104635 -0.0583759
8 -0.0329416 -0.753653 -0.000177925
5
-114.651     ts77     dynamics     sesquiterpene     TS     runpoint      3     runisomer      160
6 -0.0226371 0.6447522 -0.0080940
1 -0.3309401 1.1897760 0.9304065
1 -0.2686687 1.1361953 -0.8204393
1 0.9010328 -0.1146787 -0.0358038
8 -0.0299656 -0.7601293 0.0013988
5
-114.642     ts77     dynamics     sesquiterpene     TS     runpoint      4     runisomer      160
6 -0.0261561 0.6509580 -0.0134900
1 -0.3039066 1.1885869 0.9037892
1 -0.2680376 1.1814712 -0.7764800
1 0.8728462 -0.1317475 -0.0128694
8 -0.0272937 -0.7664873 0.0029097
5
-114.636     ts77     dynamics     sesquiterpene     TS     runpoint      5     runisomer      160
6 -0.0302993 0.6558639 -0.0140445
1 -0.2732296 1.1813669 0.8786295
1 -0.2809641 1.2533879 -0.7892597
1 0.8681816 -0.1600675 0.0103755
8 -0.0250111 -0.7724594 0.0042524
5
-114.644     ts77     dynamics     sesquiterpene     TS     runpoint      6     runisomer      160
6 -0.0354367 0.6603702 -0.0125222
1 -0.2420151 1.1726361 0.8659254
1 -0.3001888 1.3346084 -0.8359181
1 0.8854984 -0.2031494 0.0340362
8 -0.0230037 -0.7776920 0.0053589
5
-114.651     ts77     dynamics     sesquiterpene     TS     runpoint      7     runisomer      160
6 -0.0418390 0.6655258 -0.0119104
1 -0.2128636 1.1672684 0.8745800
1 -0.3179320 1.4041093 -0.8892899
1 0.9168419 -0.2648246 0.0580603
8 -0.0208959 -0.7817144 0.0062039
5
-114.652     ts77     dynamics     sesquiterpene     TS     runpoint      8     runisomer      160
6 -0.0496054 0.6719226 -0.0136420
1 -0.1863579 1.1668157 0.9053544
1 -0.3304707 1.4497019 -0.9328447
1 0.9509638 -0.3496445 0.0821468
8 -0.0181007 -0.7840118 0.0067913
5
-114.655     ts77     dynamics     sesquiterpene     TS     runpoint      9     runisomer      160
6 -0.0588416 0.6799848 -0.0176592
1 -0.1613170 1.1683066 0.9493727
1 -0.3367508 1.4662815 -0.9582502
1 0.9772165 -0.4611923 0.1058292
8 -0.0140089 -0.7841692 0.0071398
5
-114.664     ts77     dynamics     sesquiterpene     TS     runpoint      10     runisomer      160
6 -0.0695536 0.6898689 -0.0231381
1 -0.1364203 1.1672264 0.9935411
1 -0.3367991 1.4526782 -0.9618416
1 0.9888415 -0.5988047 0.1286244
8 -0.0082725 -0.7819865 0.0072579
5
-114.677     ts77     dynamics     sesquiterpene     TS     runpoint      11     runisomer      160
6 -0.0814670 0.7012162 -0.0290587
1 -0.1111570 1.1605440 1.0264442
1 -0.3311884 1.4106056 -0.9434790
1 0.9848341 -0.7560297 0.1502773
8 -0.0010306 -0.7775203 0.0071057
5
-114.692     ts77     dynamics     sesquiterpene     TS     runpoint      12     runisomer      160
6 -0.0939911 0.7130774 -0.0342823
1 -0.0858112 1.1475640 1.0407303
1 -0.3214668 1.3456898 -0.9079797
1 0.9685726 -0.9230047 0.1708770
8 0.0071773 -0.7709884 0.0065902
5
-114.701     ts77     dynamics     sesquiterpene     TS     runpoint      13     runisomer      160
6 -0.1062494 0.7238563 -0.0372331
1 -0.0611334 1.1296419 1.0333609
1 -0.3113170 1.2701461 -0.8694304
1 0.9421505 -1.0893476 0.1902740
8 0.0158411 -0.7627033 0.0056176
5
-114.697     ts77     dynamics     sesquiterpene     TS     runpoint      14     runisomer      160
6 -0.1171589 0.7313602 -0.0356519
1 -0.0379752 1.1099021 1.0058396
1 -0.3072775 1.2036104 -0.8548583
1 0.9025627 -1.2439127 0.2073585
8 0.0248040 -0.7531564 0.0041722
5
-114.683     ts77     dynamics     sesquiterpene     TS     runpoint      15     runisomer      160
6 -0.1258722 0.7337840 -0.0279571
1 -0.0167242 1.0933297 0.9654964
1 -0.3149264 1.1615522 -0.8897031
1 0.8454804 -1.3748572 0.2206300
8 0.0340778 -0.7430281 0.0023011
5
-114.676     ts77     dynamics     sesquiterpene     TS     runpoint      16     runisomer      160
6 -0.1324726 0.7310374 -0.0161738
1 0.0035892 1.0870365 0.9269976
1 -0.3316746 1.1387201 -0.9645636
1 0.7697755 -1.4722287 0.2293433
8 0.0435730 -0.7329952 0.0000551
5
-114.672     ts77     dynamics     sesquiterpene     TS     runpoint      17     runisomer      160
6 -0.1377215 0.7237712 -0.0046772
1 0.0256898 1.0990497 0.9084918
1 -0.3500902 1.1209113 -1.0460141
1 0.6780573 -1.5300858 0.2340047
8 0.0530547 -0.7235317 -0.0025655
5
-114.665     ts77     dynamics     sesquiterpene     TS     runpoint      18     runisomer      160
6 -0.1423124 0.7125076 0.0036728
1 0.0520571 1.1332221 0.9175806
1 -0.3646289 1.0997608 -1.1082316
1 0.5757092 -1.5479018 0.2365402
8 0.0621996 -0.7147786 -0.0056424
5
-114.662     ts77     dynamics     sesquiterpene     TS     runpoint      19     runisomer      160
6 -0.1465492 0.6980648 0.0087366
1 0.0818716 1.1843671 0.9425902
1 -0.3725234 1.0725939 -1.1386002
1 0.4707265 -1.5336280 0.2410439
8 0.0706104 -0.7063524 -0.0093865
5
-114.662     ts77     dynamics     sesquiterpene     TS     runpoint      20     runisomer      160
6 -0.1504866 0.6815844 0.0117104
1 0.1117204 1.2414591 0.9642633
1 -0.3727569 1.0395295 -1.1329309
1 0.3733624 -1.5082404 0.2554338
8 0.0778306 -0.6970997 -0.0142470
5
-114.661     ts77     dynamics     sesquiterpene     TS     runpoint      21     runisomer      160
6 -0.1541672 0.6642272 0.0138120
1 0.1382569 1.2938459 0.9685522
1 -0.3654898 1.0022472 -1.0924872
1 0.2906188 -1.5002487 0.2910797
8 0.0836732 -0.6855327 -0.0208886
