5
-114.654160 ts77 dynamics sesquiterpene TS runpoint 1  runisomer  56
6 -0.0493920 0.6202294 0.0161644
1 -0.0848629 1.2063945 0.8963611
1 -0.2585776 1.0540291 -1.0104087
1 0.9330672 -0.0614693 0.1356312
8 -0.0280508 -0.7409537 -0.0134873
5
-114.646 ts77 dynamics sesquiterpene TS runpoint 2  runisomer  56
6 -0.0401179 0.603129 0.0123632
1 -0.124905 1.26016 0.941144
1 -0.268365 1.06088 -0.993868
1 0.903023 -0.00998937 0.121097
8 -0.0299756 -0.735188 -0.0135838
5
-114.642     ts77     dynamics     sesquiterpene     TS     runpoint      3     runisomer      56
6 -0.0315067 0.5890299 0.0077722
1 -0.1696030 1.3023181 0.9760405
1 -0.2760921 1.0680147 -0.9644834
1 0.9020920 0.0460868 0.1057909
8 -0.0330746 -0.7312488 -0.0132261
5
-114.637     ts77     dynamics     sesquiterpene     TS     runpoint      4     runisomer      56
6 -0.0241071 0.5788871 0.0036329
1 -0.2160538 1.3246116 0.9919963
1 -0.2821129 1.0759989 -0.9279398
1 0.9419709 0.1124404 0.0908511
8 -0.0378339 -0.7297278 -0.0124876
5
-114.641     ts77     dynamics     sesquiterpene     TS     runpoint      5     runisomer      56
6 -0.0176021 0.5724934 0.0009358
1 -0.2614455 1.3236349 0.9863143
1 -0.2876457 1.0866325 -0.8921635
1 1.0200700 0.1963329 0.0760295
8 -0.0444272 -0.7308258 -0.0114275
5
-114.654     ts77     dynamics     sesquiterpene     TS     runpoint      6     runisomer      56
6 -0.0107906 0.5690117 0.0004514
1 -0.3032980 1.2986652 0.9596973
1 -0.2943254 1.1019427 -0.8652421
1 1.1193606 0.3033281 0.0603041
8 -0.0527360 -0.7343477 -0.0100938
5
-114.67     ts77     dynamics     sesquiterpene     TS     runpoint      7     runisomer      56
6 -0.0024028 0.5677898 0.0024300
1 -0.3396156 1.2509877 0.9155010
1 -0.3030407 1.1221983 -0.8521543
1 1.2181716 0.4323913 0.0431239
8 -0.0624184 -0.7398360 -0.0085376
5
-114.682     ts77     dynamics     sesquiterpene     TS     runpoint      8     runisomer      56
6 0.0082900 0.5685875 0.0063287
1 -0.3695315 1.1847090 0.8606783
1 -0.3129168 1.1445354 -0.8527148
1 1.2991563 0.5766653 0.0249077
8 -0.0730364 -0.7467567 -0.0068274
5
-114.687     ts77     dynamics     sesquiterpene     TS     runpoint      9     runisomer      56
6 0.0215826 0.5711902 0.0107653
1 -0.3949790 1.1085613 0.8078105
1 -0.3215692 1.1639201 -0.8627424
1 1.3517653 0.7272984 0.0067919
8 -0.0841751 -0.7546245 -0.0050521
5
-114.681     ts77     dynamics     sesquiterpene     TS     runpoint      10     runisomer      56
6 0.0377845 0.5750463 0.0137584
1 -0.4227095 1.0361682 0.7754751
1 -0.3263591 1.1754077 -0.8768008
1 1.3707616 0.8758203 -0.0097768
8 -0.0954776 -0.7630401 -0.0033318
5
-114.671     ts77     dynamics     sesquiterpene     TS     runpoint      11     runisomer      56
6 0.0577143 0.5796945 0.0137003
1 -0.4625896 0.9789173 0.7784614
1 -0.3267432 1.1755543 -0.8897646
1 1.3531854 1.0156151 -0.0233889
8 -0.1067850 -0.7717391 -0.0018042
5
-114.667     ts77     dynamics     sesquiterpene     TS     runpoint      12     runisomer      56
6 0.0802573 0.5855982 0.0100845
1 -0.5120988 0.9364237 0.8156215
1 -0.3216054 1.1639541 -0.8981047
1 1.3012065 1.1380776 -0.0308685
8 -0.1176269 -0.7804766 -0.0004381
5
-114.669     ts77     dynamics     sesquiterpene     TS     runpoint      13     runisomer      56
6 0.1039252 0.5934646 0.0049381
1 -0.5595772 0.9042257 0.8663676
1 -0.3118976 1.1396249 -0.9010112
1 1.2178394 1.2374879 -0.0321974
8 -0.1277512 -0.7890822 0.0004913
5
-114.668     ts77     dynamics     sesquiterpene     TS     runpoint      14     runisomer      56
6 0.1270364 0.6036313 0.0000669
1 -0.5931593 0.8789968 0.9118116
1 -0.3005044 1.1038842 -0.8996594
1 1.1100793 1.3092184 -0.0268270
8 -0.1369024 -0.7973880 0.0008568
5
-114.673     ts77     dynamics     sesquiterpene     TS     runpoint      15     runisomer      56
6 0.1487396 0.6156316 -0.0045495
1 -0.6103120 0.8536442 0.9406874
1 -0.2960822 1.0607044 -0.8943267
1 0.9928524 1.3519394 -0.0103809
8 -0.1449965 -0.8047661 0.0011273
5
-114.664     ts77     dynamics     sesquiterpene     TS     runpoint      16     runisomer      56
6 0.1670581 0.6283378 -0.0082647
1 -0.6087224 0.8281654 0.9479460
1 -0.3023141 1.0144651 -0.8904780
1 0.8867896 1.3727220 0.0182038
8 -0.1517649 -0.8110898 0.0014106
5
-114.654160 ts77 dynamics sesquiterpene TS runpoint 1  runisomer  56
6 -0.0493920 0.6202294 0.0161644
1 -0.0848629 1.2063945 0.8963611
1 -0.2585776 1.0540291 -1.0104087
1 0.9330672 -0.0614693 0.1356312
8 -0.0280508 -0.7409537 -0.0134873
5
-114.646 ts77 dynamics sesquiterpene TS runpoint 2  runisomer  56
6 -0.0586244 0.638348 0.0173498
1 -0.051527 1.15642 0.861382
1 -0.247176 1.04818 -1.01149
1 0.974644 -0.11393 0.147544
8 -0.0265631 -0.747723 -0.012855
5
-114.64     ts77     dynamics     sesquiterpene     TS     runpoint      3     runisomer      56
6 -0.0675502 0.6552225 0.0138244
1 -0.0242959 1.1286994 0.8628695
1 -0.2352541 1.0452457 -0.9981983
1 1.0114084 -0.1743515 0.1552260
8 -0.0246493 -0.7546451 -0.0116248
5
-114.638     ts77     dynamics     sesquiterpene     TS     runpoint      4     runisomer      56
6 -0.0764288 0.6697949 0.0054038
1 -0.0002645 1.1288308 0.9093268
1 -0.2244031 1.0483850 -0.9763662
1 1.0309920 -0.2512199 0.1577822
8 -0.0214188 -0.7609393 -0.0097718
5
-114.649     ts77     dynamics     sesquiterpene     TS     runpoint      5     runisomer      56
6 -0.0856192 0.6824743 -0.0050596
1 0.0218785 1.1452408 0.9779204
1 -0.2163947 1.0618535 -0.9566946
1 1.0254306 -0.3530943 0.1551101
8 -0.0160731 -0.7659139 -0.0073150
5
-114.665     ts77     dynamics     sesquiterpene     TS     runpoint      6     runisomer      56
6 -0.0952942 0.6936958 -0.0141536
1 0.0412904 1.1648186 1.0401717
1 -0.2124943 1.0897096 -0.9507399
1 0.9921616 -0.4847145 0.1479459
8 -0.0081861 -0.7690276 -0.0043393
5
-114.679     ts77     dynamics     sesquiterpene     TS     runpoint      7     runisomer      56
6 -0.1053791 0.7034643 -0.0199385
1 0.0567215 1.1801224 1.0784819
1 -0.2126062 1.1326863 -0.9626735
1 0.9391697 -0.6424401 0.1384310
8 0.0017551 -0.7700899 -0.0010621
5
-114.689     ts77     dynamics     sesquiterpene     TS     runpoint      8     runisomer      56
6 -0.1155691 0.7117029 -0.0221877
1 0.0672613 1.1880280 1.0851656
1 -0.2151964 1.1860275 -0.9853389
1 0.8954436 -0.8153562 0.1314407
8 0.0116555 -0.7692347 0.0020717
5
-114.689     ts77     dynamics     sesquiterpene     TS     runpoint      9     runisomer      56
6 -0.1254012 0.7183981 -0.0216089
1 0.0724644 1.1879148 1.0588770
1 -0.2181984 1.2414333 -1.0062065
1 0.8973571 -0.9978559 0.1323200
8 0.0187751 -0.7662426 0.0045528
5
-114.695     ts77     dynamics     sesquiterpene     TS     runpoint      10     runisomer      56
6 -0.1344400 0.7235719 -0.0191838
1 0.0726076 1.1811025 1.0035315
1 -0.2198800 1.2907238 -1.0149385
1 0.9265537 -1.1840412 0.1379519
8 0.0238155 -0.7610702 0.0064156
5
-114.694     ts77     dynamics     sesquiterpene     TS     runpoint      11     runisomer      56
6 -0.1424651 0.7271120 -0.0161323
1 0.0693693 1.1715242 0.9300624
1 -0.2192173 1.3279181 -1.0062058
1 0.9429242 -1.3528373 0.1419855
8 0.0289699 -0.7548303 0.0079512
5
-114.676     ts77     dynamics     sesquiterpene     TS     runpoint      12     runisomer      56
6 -0.1495528 0.7284637 -0.0141739
1 0.0669038 1.1673444 0.8594276
1 -0.2159257 1.3496259 -0.9795832
1 0.9303163 -1.4862890 0.1416304
8 0.0350324 -0.7485396 0.0092773
5
-114.652     ts77     dynamics     sesquiterpene     TS     runpoint      13     runisomer      56
6 -0.1560320 0.7265940 -0.0152528
1 0.0717606 1.1802504 0.8192711
1 -0.2103498 1.3551007 -0.9392362
1 0.8880309 -1.5753675 0.1364322
8 0.0419017 -0.7426824 0.0104013
5
-114.638     ts77     dynamics     sesquiterpene     TS     runpoint      14     runisomer      56
6 -0.1620537 0.7207753 -0.0197396
1 0.0879122 1.2157232 0.8231893
1 -0.2032452 1.3466896 -0.8942235
1 0.8197934 -1.6159281 0.1266285
8 0.0492562 -0.7374656 0.0113006
5
-114.642     ts77     dynamics     sesquiterpene     TS     runpoint      15     runisomer      56
6 -0.1671947 0.7113500 -0.0252391
1 0.1116168 1.2639332 0.8563642
1 -0.1954100 1.3302792 -0.8581122
1 0.7297366 -1.6056675 0.1125499
8 0.0568016 -0.7330453 0.0119471
5
-114.653     ts77     dynamics     sesquiterpene     TS     runpoint      16     runisomer      56
6 -0.1708854 0.6990357 -0.0285669
1 0.1358725 1.3091877 0.8950758
1 -0.1872445 1.3135462 -0.8450168
1 0.6240209 -1.5467116 0.0949661
8 0.0641909 -0.7293182 0.0122864
5
-114.662     ts77     dynamics     sesquiterpene     TS     runpoint      17     runisomer      56
6 -0.1728557 0.6844607 -0.0278501
1 0.1555896 1.3401840 0.9232645
1 -0.1786065 1.3004023 -0.8614567
1 0.5200450 -1.4607361 0.0765677
8 0.0704367 -0.7249247 0.0121657
5
-114.65     ts77     dynamics     sesquiterpene     TS     runpoint      18     runisomer      56
6 -0.1731114 0.6684974 -0.0230137
1 0.1681784 1.3510429 0.9330919
1 -0.1691599 1.2870283 -0.9012729
1 0.4621013 -1.4204188 0.0639979
8 0.0728936 -0.7153299 0.0112182
5
-114.63     ts77     dynamics     sesquiterpene     TS     runpoint      19     runisomer      56
6 -0.1717754 0.6523559 -0.0151197
1 0.1727986 1.3398185 0.9219803
1 -0.1588281 1.2658447 -0.9505940
1 0.4804544 -1.4895145 0.0613943
8 0.0697965 -0.6968246 0.0092658
5
-114.662     ts77     dynamics     sesquiterpene     TS     runpoint      20     runisomer      56
6 -0.1690307 0.6374295 -0.0055454
1 0.1699934 1.3079326 0.8912472
1 -0.1478869 1.2316136 -0.9960080
1 0.5259715 -1.5834515 0.0621806
8 0.0643614 -0.6755419 0.0068296
5
-114.665     ts77     dynamics     sesquiterpene     TS     runpoint      21     runisomer      56
6 -0.1651096 0.6248533 0.0043181
1 0.1618092 1.2605295 0.8465649
1 -0.1369030 1.1832589 -1.0283270
1 0.5676828 -1.6417562 0.0626862
8 0.0586177 -0.6563990 0.0042494
5
-114.652     ts77     dynamics     sesquiterpene     TS     runpoint      22     runisomer      56
6 -0.1603192 0.6150958 0.0129021
1 0.1525005 1.2080814 0.8000944
1 -0.1267391 1.1231457 -1.0427408
1 0.5980724 -1.6480141 0.0622431
8 0.0530583 -0.6415921 0.0016717
5
-114.642     ts77     dynamics     sesquiterpene     TS     runpoint      23     runisomer      56
6 -0.1551933 0.6078341 0.0183291
1 0.1492197 1.1670211 0.7715868
1 -0.1184185 1.0560493 -1.0382972
1 0.6166537 -1.6015473 0.0611588
8 0.0477273 -0.6322567 -0.0008163
5
-114.641     ts77     dynamics     sesquiterpene     TS     runpoint      24     runisomer      56
6 -0.1504234 0.6026409 0.0191873
1 0.1592567 1.1525930 0.7795061
1 -0.1127158 0.9885567 -1.0181427
1 0.6227029 -1.5047040 0.0601069
8 0.0427788 -0.6293015 -0.0031635
5
-114.656     ts77     dynamics     sesquiterpene     TS     runpoint      25     runisomer      56
6 -0.1461884 0.5999502 0.0161813
1 0.1824533 1.1646904 0.8221983
1 -0.1099863 0.9289532 -0.9906941
1 0.6189019 -1.3676832 0.0603439
8 0.0382115 -0.6329242 -0.0053452
5
-114.673     ts77     dynamics     sesquiterpene     TS     runpoint      26     runisomer      56
6 -0.1420144 0.6005703 0.0120392
1 0.2111326 1.1895533 0.8790172
1 -0.1101755 0.8865509 -0.9699615
1 0.6289897 -1.2269267 0.0653759
8 0.0326544 -0.6411539 -0.0074430
5
-114.66     ts77     dynamics     sesquiterpene     TS     runpoint      27     runisomer      56
6 -0.1373605 0.6047513 0.0095325
1 0.2376472 1.2138956 0.9293248
1 -0.1130178 0.8690924 -0.9704588
1 0.7135807 -1.1423568 0.0833208
8 0.0223454 -0.6500544 -0.0098337
5
-114.668     ts77     dynamics     sesquiterpene     TS     runpoint      28     runisomer      56
6 -0.1319221 0.6124846 0.0098998
1 0.2575495 1.2302185 0.9606675
1 -0.1183826 0.8791509 -0.9958636
1 0.8672367 -1.0957002 0.1142914
8 0.0076702 -0.6604589 -0.0124366
5
-114.689     ts77     dynamics     sesquiterpene     TS     runpoint      29     runisomer      56
6 -0.1256067 0.6235570 0.0126040
1 0.2689008 1.2354491 0.9675792
1 -0.1261250 0.9131590 -1.0347096
1 1.0186728 -1.0423455 0.1478928
8 -0.0068339 -0.6746003 -0.0145728
5
-114.683     ts77     dynamics     sesquiterpene     TS     runpoint      30     runisomer      56
6 -0.1185125 0.6372877 0.0162908
1 0.2713506 1.2292371 0.9494680
1 -0.1356774 0.9641301 -1.0698757
1 1.1329462 -0.9745810 0.1776406
8 -0.0189062 -0.6919914 -0.0158588
5
-114.671     ts77     dynamics     sesquiterpene     TS     runpoint      31     runisomer      56
6 -0.1109544 0.6526642 0.0195623
1 0.2662519 1.2137280 0.9103647
1 -0.1461129 1.0246248 -1.0878946
1 1.2005520 -0.8978447 0.2007861
8 -0.0278547 -0.7111959 -0.0161748
5
-114.661     ts77     dynamics     sesquiterpene     TS     runpoint      32     runisomer      56
6 -0.1034955 0.6685518 0.0210390
1 0.2575818 1.1945055 0.8604670
1 -0.1564998 1.0880589 -1.0814109
1 1.2193594 -0.8189649 0.2160392
8 -0.0334319 -0.7308713 -0.0155115
5
-114.656     ts77     dynamics     sesquiterpene     TS     runpoint      33     runisomer      56
6 -0.0969472 0.6837492 0.0191971
1 0.2526892 1.1813558 0.8175223
1 -0.1662304 1.1490873 -1.0486364
1 1.1877420 -0.7439803 0.2224962
8 -0.0354291 -0.7500134 -0.0138995
5
-114.66     ts77     dynamics     sesquiterpene     TS     runpoint      34     runisomer      56
6 -0.0921097 0.6971199 0.0127768
1 0.2599970 1.1848744 0.8015434
1 -0.1753071 1.2040512 -0.9930655
1 1.1045795 -0.6785277 0.2195247
8 -0.0337039 -0.7678525 -0.0113946
5
-114.673     ts77     dynamics     sesquiterpene     TS     runpoint      35     runisomer      56
6 -0.0891972 0.7081604 0.0021720
1 0.2819167 1.2067280 0.8189054
1 -0.1845578 1.2520639 -0.9242152
1 0.9747204 -0.6284813 0.2076723
8 -0.0285028 -0.7836912 -0.0081282
5
-114.691     ts77     dynamics     sesquiterpene     TS     runpoint      36     runisomer      56
6 -0.0876525 0.7171180 -0.0100603
1 0.3121161 1.2365131 0.8563055
1 -0.1958742 1.2965717 -0.8578908
1 0.8229183 -0.5983238 0.1918769
8 -0.0212842 -0.7969926 -0.0044951
5
-114.678     ts77     dynamics     sesquiterpene     TS     runpoint      37     runisomer      56
6 -0.0867408 0.7242885 -0.0208132
1 0.3420947 1.2612261 0.8952702
1 -0.2120787 1.3448548 -0.8118627
1 0.7280830 -0.5797970 0.1906697
8 -0.0168585 -0.8081394 -0.0017103
5
-114.631     ts77     dynamics     sesquiterpene     TS     runpoint      38     runisomer      56
6 -0.0859212 0.7299056 -0.0282231
1 0.3659452 1.2722800 0.9229166
1 -0.2354603 1.4014568 -0.7951022
1 0.7857583 -0.5475199 0.2308191
8 -0.0211361 -0.8186487 -0.0014816
5
-114.655     ts77     dynamics     sesquiterpene     TS     runpoint      39     runisomer      56
6 -0.0848403 0.7344787 -0.0321363
1 0.3804131 1.2665884 0.9327137
1 -0.2656602 1.4610564 -0.8017178
1 0.9076959 -0.5229357 0.2910216
8 -0.0286369 -0.8270246 -0.0025432
5
-114.662     ts77     dynamics     sesquiterpene     TS     runpoint      40     runisomer      56
6 -0.0833377 0.7386807 -0.0333265
1 0.3841928 1.2446504 0.9227064
1 -0.2999876 1.5118889 -0.8186416
1 1.0166191 -0.5235846 0.3478214
8 -0.0347005 -0.8319566 -0.0035347
5
-114.646     ts77     dynamics     sesquiterpene     TS     runpoint      41     runisomer      56
6 -0.0814849 0.7429640 -0.0327604
1 0.3778648 1.2092673 0.8947683
1 -0.3352919 1.5435437 -0.8346684
1 1.0868264 -0.5509247 0.3917523
8 -0.0378905 -0.8332124 -0.0039617
5
-114.634     ts77     dynamics     sesquiterpene     TS     runpoint      42     runisomer      56
6 -0.0796045 0.7472996 -0.0314922
1 0.3646041 1.1657209 0.8556141
1 -0.3690488 1.5500237 -0.8429414
1 1.1111350 -0.6022612 0.4193630
8 -0.0378703 -0.8308938 -0.0036682
5
-114.632     ts77     dynamics     sesquiterpene     TS     runpoint      43     runisomer      56
6 -0.0782904 0.7510976 -0.0308583
1 0.3512262 1.1223214 0.8186278
1 -0.3996320 1.5294833 -0.8403054
1 1.0873570 -0.6741099 0.4291377
8 -0.0345875 -0.8251863 -0.0025982
5
-114.642     ts77     dynamics     sesquiterpene     TS     runpoint      44     runisomer      56
6 -0.0782547 0.7533308 -0.0323264
1 0.3473227 1.0890132 0.8020427
1 -0.4265079 1.4837033 -0.8268259
1 1.0153169 -0.7620467 0.4204298
8 -0.0281355 -0.8163356 -0.0007548
5
-114.663     ts77     dynamics     sesquiterpene     TS     runpoint      45     runisomer      56
6 -0.0797163 0.7529475 -0.0363990
1 0.3590496 1.0720207 0.8169100
1 -0.4508908 1.4183738 -0.8064907
1 0.9009136 -0.8597848 0.3950230
8 -0.0190340 -0.8047017 0.0016808
5
-114.688     ts77     dynamics     sesquiterpene     TS     runpoint      46     runisomer      56
6 -0.0817328 0.7491304 -0.0414676
1 0.3826173 1.0699373 0.8549475
1 -0.4768720 1.3435964 -0.7885278
1 0.7713014 -0.9607839 0.3638651
8 -0.0092021 -0.7906298 0.0039158
5
-114.686     ts77     dynamics     sesquiterpene     TS     runpoint      47     runisomer      56
6 -0.0825337 0.7411256 -0.0446135
1 0.4081526 1.0776755 0.8967473
1 -0.5115027 1.2717622 -0.7860968
1 0.6961192 -1.0718373 0.3588293
8 -0.0032912 -0.7735881 0.0038036
5
-114.674     ts77     dynamics     sesquiterpene     TS     runpoint      48     runisomer      56
6 -0.0805858 0.7286637 -0.0436134
1 0.4269773 1.0911747 0.9260594
1 -0.5603375 1.2101258 -0.8072859
1 0.7059141 -1.2095275 0.3979108
8 -0.0034791 -0.7525283 0.0000762
5
-114.693     ts77     dynamics     sesquiterpene     TS     runpoint      49     runisomer      56
6 -0.0755121 0.7125774 -0.0382354
1 0.4340727 1.1081074 0.9341705
1 -0.6204325 1.1556635 -0.8450619
1 0.7321346 -1.3428630 0.4469259
8 -0.0055987 -0.7296915 -0.0051804
5
-114.687     ts77     dynamics     sesquiterpene     TS     runpoint      50     runisomer      56
6 -0.0679584 0.6942823 -0.0297077
1 0.4276628 1.1271993 0.9187332
1 -0.6816215 1.1012416 -0.8827067
1 0.7384987 -1.4421574 0.4841947
8 -0.0074082 -0.7074833 -0.0105830
5
-114.67     ts77     dynamics     sesquiterpene     TS     runpoint      51     runisomer      56
6 -0.0589028 0.6750879 -0.0195887
1 0.4085856 1.1481402 0.8824526
1 -0.7336619 1.0427728 -0.9056795
1 0.7178990 -1.4958818 0.5035986
8 -0.0084226 -0.6873322 -0.0156661
5
-114.659     ts77     dynamics     sesquiterpene     TS     runpoint      52     runisomer      56
6 -0.0493295 0.6560504 -0.0093703
1 0.3802452 1.1721952 0.8328188
1 -0.7698675 0.9801571 -0.9057928
1 0.6713551 -1.5006367 0.5041394
8 -0.0086063 -0.6703188 -0.0202342
5
-114.659     ts77     dynamics     sesquiterpene     TS     runpoint      53     runisomer      56
6 -0.0401991 0.6380470 -0.0004918
1 0.3484350 1.2029348 0.7815387
1 -0.7874049 0.9159447 -0.8802862
1 0.6009889 -1.4555258 0.4862261
8 -0.0079141 -0.6575451 -0.0241439
5
-114.671     ts77     dynamics     sesquiterpene     TS     runpoint      54     runisomer      56
6 -0.0323545 0.6218457 0.0058425
1 0.3195271 1.2450762 0.7410162
1 -0.7869525 0.8545520 -0.8307977
1 0.5109141 -1.3637505 0.4525431
8 -0.0063313 -0.6499590 -0.0273410
