5
-114.654160 ts77 dynamics sesquiterpene TS runpoint 1  runisomer  4
6 -0.0535962 0.6554670 -0.0042975
1 -0.2452190 1.1217402 0.9536957
1 -0.0695215 1.1198388 -0.8645530
1 0.9691953 -0.0562924 -0.1431158
8 -0.0289815 -0.7665287 0.0066245
5
-114.639 ts77 dynamics sesquiterpene TS runpoint 2  runisomer  4
6 -0.0534806 0.642598 -0.00121187
1 -0.239416 1.16367 0.928391
1 -0.0500054 1.10811 -0.837078
1 0.929764 -0.0286417 -0.150966
8 -0.0281787 -0.76052 0.00466733
5
-114.635     ts77     dynamics     sesquiterpene     TS     runpoint      3     runisomer      4
6 -0.0527675 0.6270871 0.0064541
1 -0.2348777 1.2053598 0.9033963
1 -0.0384907 1.1280017 -0.8668157
1 0.9004424 -0.0011450 -0.1544845
8 -0.0278781 -0.7544959 0.0025853
5
-114.641     ts77     dynamics     sesquiterpene     TS     runpoint      4     runisomer      4
6 -0.0518606 0.6110906 0.0162576
1 -0.2318492 1.2440533 0.8808640
1 -0.0350518 1.1642091 -0.9281739
1 0.8926392 0.0270630 -0.1546674
8 -0.0284749 -0.7489922 0.0005262
5
-114.644     ts77     dynamics     sesquiterpene     TS     runpoint      5     runisomer      4
6 -0.0508789 0.5968005 0.0254397
1 -0.2306120 1.2770209 0.8619636
1 -0.0399634 1.1985029 -0.9908823
1 0.9137262 0.0589480 -0.1523907
8 -0.0303096 -0.7445179 -0.0013648
5
-114.64     ts77     dynamics     sesquiterpene     TS     runpoint      6     runisomer      4
6 -0.0494270 0.5853183 0.0323709
1 -0.2314296 1.3016494 0.8468522
1 -0.0530639 1.2204904 -1.0378767
1 0.9630567 0.1003995 -0.1473885
8 -0.0336317 -0.7414520 -0.0029678
5
-114.638     ts77     dynamics     sesquiterpene     TS     runpoint      7     runisomer      4
6 -0.0466161 0.5768214 0.0362095
1 -0.2345114 1.3158035 0.8353434
1 -0.0737840 1.2258872 -1.0619342
1 1.0323622 0.1587862 -0.1381475
8 -0.0386094 -0.7399883 -0.0041903
5
-114.641     ts77     dynamics     sesquiterpene     TS     runpoint      8     runisomer      4
6 -0.0414506 0.5710674 0.0365234
1 -0.2399554 1.3181724 0.8274684
1 -0.1012132 1.2134606 -1.0606811
1 1.1099831 0.2392701 -0.1229338
8 -0.0453047 -0.7401090 -0.0049671
5
-114.65     ts77     dynamics     sesquiterpene     TS     runpoint      9     runisomer      4
6 -0.0332317 0.5677749 0.0331782
1 -0.2477770 1.3083938 0.8236641
1 -0.1340774 1.1835442 -1.0343982
1 1.1844867 0.3419666 -0.1007997
8 -0.0536037 -0.7416091 -0.0052695
5
-114.663     ts77     dynamics     sesquiterpene     TS     runpoint      10     runisomer      4
6 -0.0216517 0.5667454 0.0263931
1 -0.2580142 1.2869928 0.8246768
1 -0.1708603 1.1380544 -0.9861951
1 1.2461933 0.4624185 -0.0719408
8 -0.0632193 -0.7442115 -0.0051007
5
-114.676     ts77     dynamics     sesquiterpene     TS     runpoint      11     runisomer      4
6 -0.0066591 0.5677360 0.0169346
1 -0.2707622 1.2551684 0.8312210
1 -0.2104169 1.0818192 -0.9242708
1 1.2877254 0.5938841 -0.0376265
8 -0.0737903 -0.7476913 -0.0044831
5
-114.684     ts77     dynamics     sesquiterpene     TS     runpoint      12     runisomer      4
6 0.0117777 0.5702322 0.0064467
1 -0.2860880 1.2144661 0.8434250
1 -0.2536718 1.0246026 -0.8655453
1 1.3040359 0.7290845 -0.0000355
8 -0.0849600 -0.7519134 -0.0034536
5
-114.684     ts77     dynamics     sesquiterpene     TS     runpoint      13     runisomer      4
6 0.0338842 0.5734544 -0.0026231
1 -0.3038996 1.1664793 0.8603380
1 -0.3057861 0.9802325 -0.8345613
1 1.2922157 0.8609309 0.0379166
8 -0.0963954 -0.7568189 -0.0020602
5
-114.682     ts77     dynamics     sesquiterpene     TS     runpoint      14     runisomer      4
6 0.0597602 0.5771143 -0.0085941
1 -0.3239712 1.1127682 0.8799476
1 -0.3723379 0.9567206 -0.8451645
1 1.2516254 0.9828737 0.0729466
8 -0.1077936 -0.7623834 -0.0003562
5
-114.687     ts77     dynamics     sesquiterpene     TS     runpoint      15     runisomer      4
6 0.0880820 0.5819322 -0.0119853
1 -0.3454083 1.0554091 0.8996409
1 -0.4474141 0.9488329 -0.8836501
1 1.1852580 1.0885232 0.1016245
8 -0.1187808 -0.7685439 0.0015644
5
-114.69     ts77     dynamics     sesquiterpene     TS     runpoint      16     runisomer      4
6 0.1168410 0.5887536 -0.0140775
1 -0.3682233 0.9957505 0.9158202
1 -0.5179843 0.9467607 -0.9258446
1 1.1003176 1.1743975 0.1208179
8 -0.1291226 -0.7751837 0.0035626
5
-114.69     ts77     dynamics     sesquiterpene     TS     runpoint      17     runisomer      4
6 0.1440967 0.5972571 -0.0163340
1 -0.3954261 0.9323339 0.9253664
1 -0.5754718 0.9454607 -0.9529318
1 1.0110792 1.2411073 0.1305891
8 -0.1386141 -0.7816895 0.0057439
5
-114.654160 ts77 dynamics sesquiterpene TS runpoint 1  runisomer  4
6 -0.0535962 0.6554670 -0.0042975
1 -0.2452190 1.1217402 0.9536957
1 -0.0695215 1.1198388 -0.8645530
1 0.9691953 -0.0562924 -0.1431158
8 -0.0289815 -0.7665287 0.0066245
5
-114.639 ts77 dynamics sesquiterpene TS runpoint 2  runisomer  4
6 -0.0527107 0.665395 -0.00362027
1 -0.252201 1.0824 0.977099
1 -0.0969846 1.15675 -0.935795
1 1.00763 -0.0841976 -0.130513
8 -0.0298976 -0.772066 0.00833683
5
-114.645     ts77     dynamics     sesquiterpene     TS     runpoint      3     runisomer      4
6 -0.0507000 0.6732319 -0.0018958
1 -0.2604379 1.0483027 0.9967781
1 -0.1306499 1.2007226 -1.0149990
1 1.0363723 -0.1126955 -0.1133343
8 -0.0305782 -0.7767706 0.0097121
5
-114.64     ts77     dynamics     sesquiterpene     TS     runpoint      4     runisomer      4
6 -0.0477198 0.6796090 -0.0010255
1 -0.2700340 1.0215195 1.0111091
1 -0.1676679 1.2387591 -1.0762063
1 1.0494877 -0.1430840 -0.0921714
8 -0.0307037 -0.7803491 0.0106793
5
-114.631     ts77     dynamics     sesquiterpene     TS     runpoint      5     runisomer      4
6 -0.0441306 0.6848597 -0.0017920
1 -0.2809939 1.0033919 1.0186234
1 -0.2053094 1.2644128 -1.1069632
1 1.0435493 -0.1782101 -0.0678645
8 -0.0299613 -0.7825487 0.0111862
5
-114.627     ts77     dynamics     sesquiterpene     TS     runpoint      6     runisomer      4
6 -0.0404770 0.6892701 -0.0043518
1 -0.2931660 0.9946006 1.0182456
1 -0.2412961 1.2748969 -1.1028536
1 1.0174072 -0.2229417 -0.0413728
8 -0.0280216 -0.7831452 0.0112013
5
-114.633     ts77     dynamics     sesquiterpene     TS     runpoint      7     runisomer      4
6 -0.0374727 0.6932067 -0.0085706
1 -0.3062318 0.9952909 1.0096514
1 -0.2738086 1.2694032 -1.0641020
1 0.9725177 -0.2842177 -0.0136386
8 -0.0245769 -0.7819342 0.0107170
5
-114.649     ts77     dynamics     sesquiterpene     TS     runpoint      8     runisomer      4
6 -0.0358929 0.6970554 -0.0140918
1 -0.3197018 1.0051664 0.9935733
1 -0.3017634 1.2490535 -0.9952964
1 0.9149397 -0.3693841 0.0146125
8 -0.0195260 -0.7787940 0.0097548
5
-114.668     ts77     dynamics     sesquiterpene     TS     runpoint      9     runisomer      4
6 -0.0362463 0.7008710 -0.0201381
1 -0.3329098 1.0235304 0.9719817
1 -0.3259472 1.2185064 -0.9080774
1 0.8617667 -0.4806543 0.0433774
8 -0.0135562 -0.7738775 0.0083419
5
-114.678     ts77     dynamics     sesquiterpene     TS     runpoint      10     runisomer      4
6 -0.0382695 0.7038159 -0.0250784
1 -0.3450918 1.0492935 0.9480123
1 -0.3516042 1.1889685 -0.8259021
1 0.8503122 -0.6099141 0.0748033
8 -0.0089332 -0.7677048 0.0063995
5
-114.676     ts77     dynamics     sesquiterpene     TS     runpoint      11     runisomer      4
6 -0.0406986 0.7041031 -0.0264882
1 -0.3555661 1.0809891 0.9255683
1 -0.3901845 1.1777233 -0.7821638
1 0.9087801 -0.7518660 0.1130652
8 -0.0077056 -0.7602644 0.0037048
5
-114.689     ts77     dynamics     sesquiterpene     TS     runpoint      12     runisomer      4
6 -0.0423019 0.7006932 -0.0233195
1 -0.3637841 1.1168494 0.9085638
1 -0.4498847 1.1924336 -0.7934162
1 0.9935582 -0.9071560 0.1555985
8 -0.0075681 -0.7511071 0.0004280
5
-114.702     ts77     dynamics     sesquiterpene     TS     runpoint      13     runisomer      4
6 -0.0433141 0.6946850 -0.0174884
1 -0.3690667 1.1547640 0.8994467
1 -0.5221281 1.2185676 -0.8395055
1 1.0537352 -1.0625774 0.1952765
8 -0.0057179 -0.7408418 -0.0029692
5
-114.694     ts77     dynamics     sesquiterpene     TS     runpoint      14     runisomer      4
6 -0.0446776 0.6877552 -0.0113618
1 -0.3702897 1.1919965 0.8977687
1 -0.5917522 1.2375606 -0.8921554
1 1.0698300 -1.2022799 0.2276326
8 -0.0012475 -0.7303829 -0.0061808
5
-114.674     ts77     dynamics     sesquiterpene     TS     runpoint      15     runisomer      4
6 -0.0470594 0.6810154 -0.0061886
1 -0.3660247 1.2252306 0.9006586
1 -0.6483923 1.2391222 -0.9340440
1 1.0398445 -1.3149102 0.2509265
8 0.0057249 -0.7204224 -0.0090731
5
-114.658     ts77     dynamics     sesquiterpene     TS     runpoint      16     runisomer      4
6 -0.0507351 0.6750991 -0.0023851
1 -0.3550987 1.2511780 0.9045955
1 -0.6869152 1.2195784 -0.9569799
1 0.9675335 -1.3927115 0.2647242
8 0.0147754 -0.7114848 -0.0115996
5
-114.653     ts77     dynamics     sesquiterpene     TS     runpoint      17     runisomer      4
6 -0.0557119 0.6704151 -0.0000264
1 -0.3370869 1.2673089 0.9069026
1 -0.7053558 1.1786393 -0.9574709
1 0.8580645 -1.4297472 0.2691959
8 0.0254305 -0.7040745 -0.0137666
5
-114.663     ts77     dynamics     sesquiterpene     TS     runpoint      18     runisomer      4
6 -0.0618346 0.6671901 0.0009176
1 -0.3124184 1.2723558 0.9064635
1 -0.7038047 1.1180137 -0.9347081
1 0.7190030 -1.4229525 0.2656586
8 0.0371320 -0.6985825 -0.0156596
5
-114.683     ts77     dynamics     sesquiterpene     TS     runpoint      19     runisomer      4
6 -0.0688487 0.6653010 0.0005875
1 -0.2821186 1.2665696 0.9038695
1 -0.6846188 1.0416574 -0.8910412
1 0.5675966 -1.3813685 0.2600233
8 0.0488131 -0.6946116 -0.0176459
5
-114.69     ts77     dynamics     sesquiterpene     TS     runpoint      20     runisomer      4
6 -0.0762694 0.6641040 -0.0004888
1 -0.2474842 1.2517901 0.9011684
1 -0.6544629 0.9570352 -0.8351630
1 0.4435626 -1.3511498 0.2732782
8 0.0581098 -0.6893566 -0.0210247
5
-114.667     ts77     dynamics     sesquiterpene     TS     runpoint      21     runisomer      4
6 -0.0830269 0.6625736 -0.0008712
1 -0.2099572 1.2313378 0.9012193
1 -0.6281142 0.8761340 -0.7873471
1 0.3832929 -1.4034260 0.3407611
8 0.0629502 -0.6785309 -0.0280076
5
-114.676     ts77     dynamics     sesquiterpene     TS     runpoint      22     runisomer      4
6 -0.0875132 0.6600067 0.0017309
1 -0.1712125 1.2095307 0.9067652
1 -0.6272366 0.8121199 -0.7770229
1 0.3501865 -1.4906373 0.4457062
8 0.0659023 -0.6657042 -0.0375740
5
-114.676     ts77     dynamics     sesquiterpene     TS     runpoint      23     runisomer      4
6 -0.0891825 0.6566395 0.0081214
1 -0.1330361 1.1904566 0.9196368
1 -0.6608985 0.7703421 -0.8145786
1 0.3155222 -1.5488745 0.5543048
8 0.0690512 -0.6556753 -0.0476572
5
-114.669     ts77     dynamics     sesquiterpene     TS     runpoint      24     runisomer      4
6 -0.0894965 0.6532608 0.0162908
1 -0.0969571 1.1766874 0.9400056
1 -0.7140602 0.7486258 -0.8755545
1 0.2729276 -1.5572434 0.6500252
8 0.0730428 -0.6503774 -0.0572605
5
-114.662     ts77     dynamics     sesquiterpene     TS     runpoint      25     runisomer      4
6 -0.0901843 0.6504318 0.0239906
1 -0.0640386 1.1684472 0.9654296
1 -0.7678606 0.7444093 -0.9309275
1 0.2225523 -1.5137267 0.7252333
8 0.0780448 -0.6502117 -0.0658912
5
-114.659     ts77     dynamics     sesquiterpene     TS     runpoint      26     runisomer      4
6 -0.0922450 0.6484282 0.0300844
1 -0.0351184 1.1638849 0.9911694
1 -0.8109499 0.7559003 -0.9638411
1 0.1662558 -1.4219999 0.7747170
8 0.0840277 -0.6549254 -0.0731299
5
-114.665     ts77     dynamics     sesquiterpene     TS     runpoint      27     runisomer      4
6 -0.0960900 0.6473874 0.0341862
1 -0.0110345 1.1602552 1.0119015
1 -0.8377918 0.7814034 -0.9669380
1 0.1069844 -1.2889952 0.7947029
8 0.0908180 -0.6639033 -0.0785800
5
-114.68     ts77     dynamics     sesquiterpene     TS     runpoint      28     runisomer      4
6 -0.1018247 0.6473524 0.0361520
1 0.0075551 1.1551102 1.0234448
1 -0.8459432 0.8191144 -0.9380118
1 0.0484511 -1.1281953 0.7875599
8 0.0981476 -0.6760612 -0.0821568
5
-114.696     ts77     dynamics     sesquiterpene     TS     runpoint      29     runisomer      4
6 -0.1093687 0.6482984 0.0358531
1 0.0205122 1.1469470 1.0237432
1 -0.8352188 0.8671562 -0.8784243
1 -0.0069244 -0.9632956 0.7733293
8 0.1058016 -0.6896744 -0.0848117
5
-114.699     ts77     dynamics     sesquiterpene     TS     runpoint      30     runisomer      4
6 -0.1183770 0.6502069 0.0332688
1 0.0284364 1.1354286 1.0132845
1 -0.8087541 0.9239109 -0.7941911
1 -0.0620625 -0.8183980 0.7906091
8 0.1138647 -0.7030867 -0.0886132
5
-114.7     ts77     dynamics     sesquiterpene     TS     runpoint      31     runisomer      4
6 -0.1279916 0.6529601 0.0289023
1 0.0327794 1.1216197 0.9951617
1 -0.7758833 0.9893517 -0.6991589
1 -0.1190722 -0.6986907 0.8454643
8 0.1223230 -0.7159490 -0.0936418
5
-114.695     ts77     dynamics     sesquiterpene     TS     runpoint      32     runisomer      4
6 -0.1366547 0.6558759 0.0241229
1 0.0359322 1.1080365 0.9748221
1 -0.7543529 1.0677749 -0.6164141
1 -0.1710153 -0.6048752 0.9034043
8 0.1305369 -0.7281340 -0.0976423
5
-114.676     ts77     dynamics     sesquiterpene     TS     runpoint      33     runisomer      4
6 -0.1428954 0.6578047 0.0202329
1 0.0411219 1.0976967 0.9592050
1 -0.7611806 1.1660356 -0.5661852
1 -0.2113600 -0.5405233 0.9397231
8 0.1378611 -0.7391760 -0.0991954
5
-114.661     ts77     dynamics     sesquiterpene     TS     runpoint      34     runisomer      4
6 -0.1469914 0.6586002 0.0168125
1 0.0515525 1.0925925 0.9543296
1 -0.7927923 1.2791198 -0.5458693
1 -0.2374958 -0.5074670 0.9455579
8 0.1439129 -0.7486593 -0.0979714
5
-114.656     ts77     dynamics     sesquiterpene     TS     runpoint      35     runisomer      4
6 -0.1503764 0.6595181 0.0126552
1 0.0688728 1.0924423 0.9615967
1 -0.8309831 1.3883552 -0.5395291
1 -0.2489573 -0.5060484 0.9200480
8 0.1484878 -0.7563106 -0.0941028
5
-114.652     ts77     dynamics     sesquiterpene     TS     runpoint      36     runisomer      4
6 -0.1539908 0.6619924 0.0072815
1 0.0923252 1.0945661 0.9765742
1 -0.8615686 1.4767961 -0.5357994
1 -0.2462627 -0.5365060 0.8671599
8 0.1514779 -0.7619552 -0.0879193
5
-114.651     ts77     dynamics     sesquiterpene     TS     runpoint      37     runisomer      4
6 -0.1580345 0.6670180 0.0009019
1 0.1193616 1.0951684 0.9917826
1 -0.8777785 1.5348250 -0.5297883
1 -0.2320774 -0.5985149 0.7978604
8 0.1529337 -0.7655135 -0.0801036
5
-114.651     ts77     dynamics     sesquiterpene     TS     runpoint      38     runisomer      4
6 -0.1623132 0.6750237 -0.0059833
1 0.1469415 1.0910379 1.0002850
1 -0.8773647 1.5582099 -0.5201535
1 -0.2156657 -0.6885591 0.7377226
8 0.1533438 -0.7670610 -0.0722929
5
-114.649     ts77     dynamics     sesquiterpene     TS     runpoint      39     runisomer      4
6 -0.1664834 0.6857444 -0.0127020
1 0.1725431 1.0808295 0.9976317
1 -0.8607265 1.5461550 -0.5073919
1 -0.2155371 -0.8009701 0.7283055
8 0.1538016 -0.7666191 -0.0672966
5
-114.658     ts77     dynamics     sesquiterpene     TS     runpoint      40     runisomer      4
6 -0.1701002 0.6982286 -0.0184593
1 0.1946568 1.0656237 0.9823751
1 -0.8309934 1.5013515 -0.4936787
1 -0.2370121 -0.9343525 0.7769308
8 0.1546011 -0.7638011 -0.0659454
5
-114.681     ts77     dynamics     sesquiterpene     TS     runpoint      41     runisomer      4
6 -0.1724976 0.7109846 -0.0224332
1 0.2130090 1.0483920 0.9561485
1 -0.7958840 1.4323137 -0.4842124
1 -0.2603493 -1.0781500 0.8357092
8 0.1545009 -0.7588751 -0.0656116
5
-114.684     ts77     dynamics     sesquiterpene     TS     runpoint      42     runisomer      4
6 -0.1725437 0.7218635 -0.0237313
1 0.2286812 1.0332590 0.9237400
1 -0.7706741 1.3565097 -0.4896723
1 -0.2711103 -1.2141268 0.8690731
8 0.1526364 -0.7527391 -0.0643550
5
-114.668     ts77     dynamics     sesquiterpene     TS     runpoint      43     runisomer      4
6 -0.1688312 0.7283997 -0.0214762
1 0.2440755 1.0252360 0.8927621
1 -0.7757231 1.2958550 -0.5250799
1 -0.2654159 -1.3281898 0.8652237
8 0.1488383 -0.7461278 -0.0616218
5
-114.657     ts77     dynamics     sesquiterpene     TS     runpoint      44     runisomer      4
6 -0.1612712 0.7295668 -0.0159282
1 0.2623713 1.0296835 0.8720890
1 -0.8170020 1.2559268 -0.5947223
1 -0.2440697 -1.4114743 0.8234112
8 0.1432679 -0.7395199 -0.0574595
5
-114.664     ts77     dynamics     sesquiterpene     TS     runpoint      45     runisomer      4
6 -0.1518323 0.7262459 -0.0090309
1 0.2857531 1.0507143 0.8677198
1 -0.8754944 1.2218105 -0.6811945
1 -0.2094111 -1.4583549 0.7469489
8 0.1362138 -0.7332497 -0.0520937
5
-114.674     ts77     dynamics     sesquiterpene     TS     runpoint      46     runisomer      4
6 -0.1425130 0.7195137 -0.0025318
1 0.3128876 1.0888303 0.8776570
1 -0.9285253 1.1804239 -0.7622722
1 -0.1648964 -1.4662576 0.6421755
8 0.1280485 -0.7274951 -0.0458870
5
-114.682     ts77     dynamics     sesquiterpene     TS     runpoint      47     runisomer      4
6 -0.1342415 0.7100899 0.0030455
1 0.3388230 1.1400234 0.8923465
1 -0.9625259 1.1275909 -0.8234346
1 -0.1167940 -1.4408663 0.5224509
8 0.1193204 -0.7219209 -0.0396008
5
-114.679     ts77     dynamics     sesquiterpene     TS     runpoint      48     runisomer      4
6 -0.1272365 0.6985114 0.0078596
1 0.3578265 1.1974315 0.9006466
1 -0.9714867 1.0642674 -0.8574593
1 -0.0777847 -1.4118621 0.4170653
8 0.1109723 -0.7146888 -0.0349523
5
-114.658     ts77     dynamics     sesquiterpene     TS     runpoint      49     runisomer      4
6 -0.1215066 0.6852699 0.0121397
1 0.3658091 1.2537685 0.8944724
1 -0.9537433 0.9936759 -0.8616462
1 -0.0645586 -1.4392431 0.3658539
8 0.1042166 -0.7021319 -0.0342836
5
-114.658     ts77     dynamics     sesquiterpene     TS     runpoint      50     runisomer      4
6 -0.1170705 0.6709812 0.0160535
1 0.3609876 1.3030372 0.8700085
1 -0.9108452 0.9205646 -0.8367599
1 -0.0743278 -1.5232815 0.3624074
8 0.0991031 -0.6846147 -0.0370301
5
-114.676     ts77     dynamics     sesquiterpene     TS     runpoint      51     runisomer      4
6 -0.1138904 0.6564046 0.0198734
1 0.3437669 1.3412574 0.8273359
1 -0.8485844 0.8513515 -0.7882263
1 -0.0924561 -1.6031181 0.3731220
8 0.0950188 -0.6666967 -0.0409400
5
-114.674     ts77     dynamics     sesquiterpene     TS     runpoint      52     runisomer      4
6 -0.1115494 0.6422124 0.0242958
1 0.3166468 1.3668123 0.7700077
1 -0.7801933 0.7944278 -0.7298915
1 -0.1116190 -1.6448570 0.3828653
8 0.0918682 -0.6514434 -0.0449359
5
-114.661     ts77     dynamics     sesquiterpene     TS     runpoint      53     runisomer      4
6 -0.1089535 0.6287731 0.0307444
1 0.2843431 1.3811566 0.7050648
1 -0.7293379 0.7597122 -0.6879862
1 -0.1293515 -1.6393936 0.3881875
8 0.0898675 -0.6404219 -0.0486581
5
-114.645     ts77     dynamics     sesquiterpene     TS     runpoint      54     runisomer      4
6 -0.1051299 0.6162871 0.0404833
1 0.2538073 1.3897696 0.6429210
1 -0.7197968 0.7550490 -0.6903861
1 -0.1445005 -1.5870033 0.3890021
8 0.0892748 -0.6346053 -0.0519498
5
-114.648     ts77     dynamics     sesquiterpene     TS     runpoint      55     runisomer      4
6 -0.1013351 0.6051773 0.0521767
1 0.2332570 1.4016875 0.5954163
1 -0.7484628 0.7799940 -0.7348937
1 -0.1564935 -1.4930281 0.3866542
8 0.0902831 -0.6345145 -0.0547785
5
-114.665     ts77     dynamics     sesquiterpene     TS     runpoint      56     runisomer      4
6 -0.1002479 0.5961824 0.0627517
1 0.2290085 1.4241962 0.5702600
1 -0.7911403 0.8261130 -0.7937015
1 -0.1684002 -1.3763655 0.3884576
8 0.0931728 -0.6394430 -0.0575370
5
-114.667     ts77     dynamics     sesquiterpene     TS     runpoint      57     runisomer      4
6 -0.1035169 0.5903294 0.0703182
1 0.2422543 1.4552877 0.5664337
1 -0.8284826 0.8832862 -0.8437276
1 -0.1941207 -1.2821044 0.4185710
8 0.0987630 -0.6465544 -0.0617188
5
-114.657     ts77     dynamics     sesquiterpene     TS     runpoint      58     runisomer      4
6 -0.1114618 0.5888362 0.0744871
1 0.2696928 1.4845875 0.5768340
1 -0.8509079 0.9431973 -0.8732608
1 -0.2511229 -1.2457917 0.5044930
8 0.1079976 -0.6533444 -0.0690566
5
-114.671     ts77     dynamics     sesquiterpene     TS     runpoint      59     runisomer      4
6 -0.1236897 0.5926337 0.0755197
1 0.3063886 1.5010320 0.5937721
1 -0.8547262 0.9997450 -0.8776630
1 -0.3238907 -1.2322403 0.6196567
8 0.1196837 -0.6616472 -0.0778800
5
-114.679     ts77     dynamics     sesquiterpene     TS     runpoint      60     runisomer      4
6 -0.1394623 0.6018438 0.0737768
1 0.3476130 1.4974529 0.6115749
1 -0.8392658 1.0484595 -0.8559808
1 -0.3878191 -1.2088447 0.7246180
8 0.1319720 -0.6728752 -0.0856753
5
-114.676     ts77     dynamics     sesquiterpene     TS     runpoint      61     runisomer      4
6 -0.1578178 0.6158318 0.0696483
1 0.3893958 1.4710310 0.6267258
1 -0.8060666 1.0863555 -0.8101238
1 -0.4303650 -1.1680019 0.7997856
8 0.1436983 -0.6866658 -0.0911590
5
-114.676     ts77     dynamics     sesquiterpene     TS     runpoint      62     runisomer      4
6 -0.1775783 0.6334812 0.0637894
1 0.4286816 1.4225406 0.6374497
1 -0.7598281 1.1129383 -0.7464671
1 -0.4464118 -1.1115126 0.8374380
8 0.1541436 -0.7020863 -0.0938242
5
-114.681     ts77     dynamics     sesquiterpene     TS     runpoint      63     runisomer      4
6 -0.1972006 0.6531803 0.0575044
1 0.4635098 1.3556997 0.6435279
1 -0.7109475 1.1330334 -0.6797382
1 -0.4338545 -1.0433728 0.8346042
8 0.1627991 -0.7182133 -0.0935195
5
-114.685     ts77     dynamics     sesquiterpene     TS     runpoint      64     runisomer      4
6 -0.2146777 0.6725953 0.0529588
1 0.4932736 1.2765640 0.6462927
1 -0.6770983 1.1602721 -0.6358852
1 -0.3931124 -0.9689941 0.7922770
8 0.1693340 -0.7341957 -0.0903827
5
-114.685     ts77     dynamics     sesquiterpene     TS     runpoint      65     runisomer      4
6 -0.2283549 0.6892875 0.0520699
1 0.5189492 1.1926581 0.6484251
1 -0.6737797 1.2108356 -0.6393699
1 -0.3301613 -0.8967768 0.7204658
8 0.1738001 -0.7491694 -0.0851084
5
-114.688     ts77     dynamics     sesquiterpene     TS     runpoint      66     runisomer      4
6 -0.2385112 0.7026576 0.0541128
1 0.5428074 1.1117363 0.6532069
1 -0.6957295 1.2821538 -0.6845007
1 -0.2650699 -0.8396025 0.6526776
8 0.1771963 -0.7621966 -0.0798289
5
-114.672     ts77     dynamics     sesquiterpene     TS     runpoint      67     runisomer      4
6 -0.2466234 0.7137968 0.0565853
1 0.5667887 1.0402182 0.6629771
1 -0.7244369 1.3553391 -0.7438494
1 -0.2366835 -0.8096787 0.6562504
8 0.1817895 -0.7725443 -0.0787869
5
-114.658     ts77     dynamics     sesquiterpene     TS     runpoint      68     runisomer      4
6 -0.2536959 0.7237160 0.0577340
1 0.5903072 0.9822367 0.6774913
1 -0.7458748 1.4148554 -0.7955449
1 -0.2500918 -0.8054374 0.7455242
8 0.1878090 -0.7803491 -0.0829336
5
-114.663     ts77     dynamics     sesquiterpene     TS     runpoint      69     runisomer      4
6 -0.2599674 0.7328155 0.0570427
1 0.6098955 0.9400493 0.6938425
1 -0.7531179 1.4528635 -0.8285138
1 -0.2679346 -0.8193613 0.8538967
8 0.1928592 -0.7860345 -0.0881995
5
-114.65     ts77     dynamics     sesquiterpene     TS     runpoint      70     runisomer      4
6 -0.2652491 0.7411152 0.0546739
1 0.6209816 0.9147911 0.7081839
1 -0.7435948 1.4663579 -0.8384926
1 -0.2700923 -0.8455528 0.9384750
8 0.1956581 -0.7898693 -0.0920296
5
-114.635     ts77     dynamics     sesquiterpene     TS     runpoint      71     runisomer      4
6 -0.2692350 0.7484601 0.0510071
1 0.6198747 0.9069433 0.7174902
1 -0.7172738 1.4551039 -0.8251538
1 -0.2511801 -0.8796512 0.9831196
8 0.1958670 -0.7920269 -0.0935221
5
-114.632     ts77     dynamics     sesquiterpene     TS     runpoint      72     runisomer      4
6 -0.2716096 0.7545190 0.0465303
1 0.6048745 0.9164592 0.7204672
1 -0.6763499 1.4215368 -0.7918238
1 -0.2110271 -0.9183251 0.9827042
8 0.1934840 -0.7926200 -0.0924282
5
-114.643     ts77     dynamics     sesquiterpene     TS     runpoint      73     runisomer      4
6 -0.2720115 0.7585909 0.0420258
1 0.5767229 0.9427656 0.7179120
1 -0.6261469 1.3725779 -0.7478478
1 -0.1515602 -0.9587132 0.9372098
8 0.1886475 -0.7917023 -0.0887955
5
-114.661     ts77     dynamics     sesquiterpene     TS     runpoint      74     runisomer      4
6 -0.2699422 0.7593174 0.0389301
1 0.5387733 0.9848398 0.7128802
1 -0.5763889 1.3225423 -0.7128041
1 -0.0772404 -0.9986404 0.8538414
8 0.1816671 -0.7892287 -0.0831151
5
-114.671     ts77     dynamics     sesquiterpene     TS     runpoint      75     runisomer      4
6 -0.2649254 0.7548290 0.0392082
1 0.4966359 1.0414757 0.7104234
1 -0.5389869 1.2908039 -0.7146438
1 0.0025097 -1.0397492 0.7585727
8 0.1731756 -0.7848403 -0.0770539
5
-114.668     ts77     dynamics     sesquiterpene     TS     runpoint      76     runisomer      4
6 -0.2572200 0.7442440 0.0435212
1 0.4563933 1.1114620 0.7160099
1 -0.5179143 1.2840603 -0.7661664
1 0.0742363 -1.0958955 0.7102708
8 0.1640835 -0.7773454 -0.0743560
5
-114.672     ts77     dynamics     sesquiterpene     TS     runpoint      77     runisomer      4
6 -0.2478576 0.7286787 0.0500476
1 0.4209296 1.1926074 0.7319772
1 -0.5053419 1.2868332 -0.8475189
1 0.1370371 -1.1812075 0.7431329
8 0.1545454 -0.7655787 -0.0772073
5
-114.698     ts77     dynamics     sesquiterpene     TS     runpoint      78     runisomer      4
6 -0.2375681 0.7099753 0.0567167
1 0.3876262 1.2794857 0.7547412
1 -0.4922877 1.2810391 -0.9303074
1 0.1984239 -1.2719475 0.8021120
8 0.1442325 -0.7509377 -0.0821478
5
-114.698     ts77     dynamics     sesquiterpene     TS     runpoint      79     runisomer      4
6 -0.2265580 0.6898024 0.0625421
1 0.3512661 1.3631115 0.7769154
1 -0.4739299 1.2571853 -0.9958582
1 0.2570703 -1.3415435 0.8424431
8 0.1334118 -0.7351846 -0.0863298
5
-114.681     ts77     dynamics     sesquiterpene     TS     runpoint      80     runisomer      4
6 -0.2149418 0.6695541 0.0672266
1 0.3083003 1.4337448 0.7917168
1 -0.4486036 1.2125085 -1.0348594
1 0.3091909 -1.3777592 0.8489437
8 0.1225245 -0.7193483 -0.0887331
5
-114.668     ts77     dynamics     sesquiterpene     TS     runpoint      81     runisomer      4
6 -0.2029696 0.6503868 0.0706663
1 0.2581622 1.4835807 0.7952359
1 -0.4163587 1.1479622 -1.0435954
1 0.3517015 -1.3764517 0.8188288
8 0.1119921 -0.7041237 -0.0890903
5
-114.669     ts77     dynamics     sesquiterpene     TS     runpoint      82     runisomer      4
6 -0.1910121 0.6332703 0.0727846
1 0.2025128 1.5077166 0.7865622
1 -0.3783647 1.0670487 -1.0222406
1 0.3824465 -1.3372946 0.7539108
8 0.1021960 -0.6901726 -0.0873912
5
-114.683     ts77     dynamics     sesquiterpene     TS     runpoint      83     runisomer      4
6 -0.1794567 0.6189608 0.0736125
1 0.1442335 1.5042811 0.7674326
1 -0.3370216 0.9762056 -0.9758133
1 0.4010861 -1.2646389 0.6611838
8 0.0934196 -0.6780763 -0.0838919
