5
-114.654160 ts77 dynamics sesquiterpene TS runpoint 1  runisomer  166
6 -0.0546643 0.6358000 0.0067045
1 -0.1779658 1.1424636 0.9522226
1 -0.1026624 1.0077156 -0.9220289
1 0.9353328 -0.0527418 -0.0631537
8 -0.0281961 -0.7462384 -0.0029538
5
-114.643 ts77 dynamics sesquiterpene TS runpoint 2  runisomer  166
6 -0.0475476 0.6242 -0.00190479
1 -0.18566 1.12966 1.01609
1 -0.118925 1.01295 -0.929154
1 0.897665 -0.00930359 -0.039959
8 -0.0296526 -0.739796 -0.00153112
5
-114.639     ts77     dynamics     sesquiterpene     TS     runpoint      3     runisomer      166
6 -0.0404801 0.6127817 -0.0070214
1 -0.1949067 1.1138314 1.0614225
1 -0.1440824 1.0399841 -0.9627326
1 0.8866197 0.0359541 -0.0155351
8 -0.0320931 -0.7347884 0.0000280
5
-114.637     ts77     dynamics     sesquiterpene     TS     runpoint      4     runisomer      166
6 -0.0341276 0.6028484 -0.0093810
1 -0.2047426 1.0930790 1.0800623
1 -0.1765936 1.0800267 -1.0040066
1 0.9146929 0.0870143 0.0099500
8 -0.0359604 -0.7317685 0.0016192
5
-114.641     ts77     dynamics     sesquiterpene     TS     runpoint      5     runisomer      166
6 -0.0284799 0.5949811 -0.0101557
1 -0.2150494 1.0679606 1.0699138
1 -0.2132781 1.1229453 -1.0348021
1 0.9818209 0.1506936 0.0361566
8 -0.0414672 -0.7310020 0.0031289
5
-114.651     ts77     dynamics     sesquiterpene     TS     runpoint      6     runisomer      166
6 -0.0226273 0.5889396 -0.0101911
1 -0.2263850 1.0405632 1.0333478
1 -0.2506562 1.1610391 -1.0443739
1 1.0742670 0.2348056 0.0617501
8 -0.0486142 -0.7324444 0.0044499
5
-114.664     ts77     dynamics     sesquiterpene     TS     runpoint      7     runisomer      166
6 -0.0153587 0.5842224 -0.0101383
1 -0.2400051 1.0143904 0.9775472
1 -0.2855878 1.1892266 -1.0284984
1 1.1726363 0.3424161 0.0845572
8 -0.0572062 -0.7358125 0.0054893
5
-114.674     ts77     dynamics     sesquiterpene     TS     runpoint      8     runisomer      166
6 -0.0057359 0.5804133 -0.0108210
1 -0.2581802 0.9946890 0.9159057
1 -0.3155064 1.2044190 -0.9876282
1 1.2599219 0.4699527 0.1025510
8 -0.0668954 -0.7407087 0.0061766
5
-114.678     ts77     dynamics     sesquiterpene     TS     runpoint      9     runisomer      166
6 0.0068535 0.5771684 -0.0132580
1 -0.2843949 0.9879165 0.8669950
1 -0.3386975 1.2054266 -0.9263173
1 1.3244373 0.6101241 0.1145158
8 -0.0772921 -0.7467454 0.0064707
5
-114.678     ts77     dynamics     sesquiterpene     TS     runpoint      10     runisomer      166
6 0.0227577 0.5743081 -0.0178667
1 -0.3214286 0.9978731 0.8455526
1 -0.3549740 1.1936709 -0.8537631
1 1.3592571 0.7548744 0.1201003
8 -0.0880581 -0.7536082 0.0063571
5
-114.677     ts77     dynamics     sesquiterpene     TS     runpoint      11     runisomer      166
6 0.0420018 0.5720418 -0.0234976
1 -0.3670227 1.0203434 0.8511815
1 -0.3670480 1.1744076 -0.7841652
1 1.3606545 0.8966606 0.1196827
8 -0.0989491 -0.7610452 0.0058682
5
-114.676     ts77     dynamics     sesquiterpene     TS     runpoint      12     runisomer      166
6 0.0648536 0.5707080 -0.0281081
1 -0.4148180 1.0439130 0.8717433
1 -0.3825302 1.1565967 -0.7332659
1 1.3265398 1.0295362 0.1143365
8 -0.1099554 -0.7687805 0.0051611
5
-114.674     ts77     dynamics     sesquiterpene     TS     runpoint      13     runisomer      166
6 0.0912891 0.5704971 -0.0297966
1 -0.4589470 1.0592851 0.8933853
1 -0.4099015 1.1476451 -0.7113582
1 1.2583919 1.1465922 0.1042350
8 -0.1209867 -0.7764045 0.0043205
5
-114.673     ts77     dynamics     sesquiterpene     TS     runpoint      14     runisomer      166
6 0.1200345 0.5719924 -0.0280618
1 -0.4942953 1.0617511 0.9072995
1 -0.4500895 1.1464925 -0.7167546
1 1.1619244 1.2401853 0.0898233
8 -0.1317138 -0.7835091 0.0033909
5
-114.674     ts77     dynamics     sesquiterpene     TS     runpoint      15     runisomer      166
6 0.1488007 0.5760433 -0.0236616
1 -0.5176252 1.0497220 0.9091069
1 -0.4959690 1.1446557 -0.7379582
1 1.0480168 1.3052406 0.0723457
8 -0.1417556 -0.7897762 0.0024133
5
-114.669     ts77     dynamics     sesquiterpene     TS     runpoint      16     runisomer      166
6 0.1747495 0.5829295 -0.0176702
1 -0.5274752 1.0234606 0.8971347
1 -0.5384672 1.1341673 -0.7629446
1 0.9341470 1.3428709 0.0536670
8 -0.1507489 -0.7950003 0.0014231
5
-114.654160 ts77 dynamics sesquiterpene TS runpoint 1  runisomer  166
6 -0.0546643 0.6358000 0.0067045
1 -0.1779658 1.1424636 0.9522226
1 -0.1026624 1.0077156 -0.9220289
1 0.9353328 -0.0527418 -0.0631537
8 -0.0281961 -0.7462384 -0.0029538
5
-114.643 ts77 dynamics sesquiterpene TS runpoint 2  runisomer  166
6 -0.0611103 0.646299 0.0175131
1 -0.173868 1.1585 0.886948
1 -0.0944332 1.0252 -0.944885
1 0.982545 -0.0976304 -0.0845843
8 -0.0271115 -0.753399 -0.00415972
5
-114.643     ts77     dynamics     sesquiterpene     TS     runpoint      3     runisomer      166
6 -0.0664153 0.6547321 0.0270561
1 -0.1762506 1.1889877 0.8449781
1 -0.0922251 1.0580218 -0.9827890
1 1.0239847 -0.1480205 -0.1034953
8 -0.0257324 -0.7605408 -0.0050960
5
-114.639     ts77     dynamics     sesquiterpene     TS     runpoint      4     runisomer      166
6 -0.0705200 0.6607416 0.0323370
1 -0.1869227 1.2420594 0.8425495
1 -0.0941894 1.0967943 -1.0172141
1 1.0483237 -0.2092532 -0.1192680
8 -0.0233896 -0.7669794 -0.0057429
5
-114.641     ts77     dynamics     sesquiterpene     TS     runpoint      5     runisomer      166
6 -0.0739293 0.6653462 0.0331024
1 -0.2043169 1.3100873 0.8705210
1 -0.0988401 1.1340860 -1.0359056
1 1.0481176 -0.2880491 -0.1316177
8 -0.0194305 -0.7721048 -0.0061247
5
-114.65     ts77     dynamics     sesquiterpene     TS     runpoint      6     runisomer      166
6 -0.0774847 0.6703230 0.0307869
1 -0.2248199 1.3755633 0.9072747
1 -0.1049682 1.1649417 -1.0333763
1 1.0196144 -0.3914227 -0.1406063
8 -0.0132900 -0.7753959 -0.0062985
5
-114.664     ts77     dynamics     sesquiterpene     TS     runpoint      7     runisomer      166
6 -0.0819067 0.6769504 0.0268357
1 -0.2452861 1.4242218 0.9365034
1 -0.1116632 1.1866204 -1.0092729
1 0.9651137 -0.5229137 -0.1468244
8 -0.0048281 -0.7765157 -0.0063050
5
-114.678     ts77     dynamics     sesquiterpene     TS     runpoint      8     runisomer      166
6 -0.0874613 0.6855516 0.0223639
1 -0.2636739 1.4482552 0.9499884
1 -0.1183742 1.1987298 -0.9678619
1 0.9019235 -0.6774886 -0.1526963
8 0.0049012 -0.7755084 -0.0060405
5
-114.684     ts77     dynamics     sesquiterpene     TS     runpoint      9     runisomer      166
6 -0.0939203 0.6955429 0.0183958
1 -0.2787306 1.4445542 0.9450406
1 -0.1248809 1.2038781 -0.9186685
1 0.8733002 -0.8446947 -0.1650605
8 0.0129085 -0.7725600 -0.0050749
5
-114.686     ts77     dynamics     sesquiterpene     TS     runpoint      10     runisomer      166
6 -0.1007511 0.7056708 0.0160231
1 -0.2898130 1.4133948 0.9230146
1 -0.1311852 1.2081271 -0.8767152
1 0.9036515 -1.0229463 -0.1889294
8 0.0172169 -0.7672319 -0.0030486
5
-114.697     ts77     dynamics     sesquiterpene     TS     runpoint      11     runisomer      166
6 -0.1073831 0.7144644 0.0160544
1 -0.2972252 1.3588105 0.8898435
1 -0.1372729 1.2190371 -0.8583352
1 0.9466606 -1.2005176 -0.2157763
8 0.0203335 -0.7598892 -0.0004515
5
-114.69     ts77     dynamics     sesquiterpene     TS     runpoint      12     runisomer      166
6 -0.1132933 0.7206132 0.0179539
1 -0.3029726 1.2901579 0.8582757
1 -0.1428145 1.2398534 -0.8704233
1 0.9649859 -1.3551747 -0.2372049
8 0.0243256 -0.7517441 0.0022203
5
-114.671     ts77     dynamics     sesquiterpene     TS     runpoint      13     runisomer      166
6 -0.1179285 0.7231224 0.0192325
1 -0.3113557 1.2223439 0.8490168
1 -0.1471881 1.2660704 -0.9042388
1 0.9492047 -1.4725321 -0.2503623
8 0.0296032 -0.7436119 0.0048005
5
-114.652     ts77     dynamics     sesquiterpene     TS     runpoint      14     runisomer      166
6 -0.1207890 0.7215400 0.0169643
1 -0.3270334 1.1681796 0.8807492
1 -0.1499352 1.2898368 -0.9433854
1 0.9011255 -1.5458265 -0.2551322
8 0.0359399 -0.7358928 0.0072682
5
-114.646     ts77     dynamics     sesquiterpene     TS     runpoint      15     runisomer      166
6 -0.1218086 0.7165657 0.0104480
1 -0.3498678 1.1266191 0.9486032
1 -0.1510371 1.3050390 -0.9739615
1 0.8246242 -1.5713720 -0.2522349
8 0.0430345 -0.7288921 0.0096222
5
-114.654     ts77     dynamics     sesquiterpene     TS     runpoint      16     runisomer      166
6 -0.1213672 0.7095125 0.0012760
1 -0.3749143 1.0881359 1.0265776
1 -0.1508503 1.3084848 -0.9879679
1 0.7235293 -1.5467085 -0.2428263
8 0.0506410 -0.7229477 0.0118765
5
-114.666     ts77     dynamics     sesquiterpene     TS     runpoint      17     runisomer      166
6 -0.1198996 0.7012452 -0.0086051
1 -0.3973830 1.0465472 1.0900774
1 -0.1499581 1.2994609 -0.9828648
1 0.6053758 -1.4755041 -0.2299046
8 0.0583458 -0.7180438 0.0141507
5
-114.674     ts77     dynamics     sesquiterpene     TS     runpoint      18     runisomer      166
6 -0.1177579 0.6919419 -0.0176583
1 -0.4145094 1.0007893 1.1245766
1 -0.1490186 1.2795530 -0.9609287
1 0.4940077 -1.3870626 -0.2244619
8 0.0647774 -0.7125010 0.0170418
5
-114.652     ts77     dynamics     sesquiterpene     TS     runpoint      19     runisomer      166
6 -0.1152114 0.6813480 -0.0246285
1 -0.4250663 0.9526601 1.1237607
1 -0.1486628 1.2530779 -0.9292631
1 0.4429792 -1.3666258 -0.2591251
8 0.0667253 -0.7011414 0.0225099
5
-114.645     ts77     dynamics     sesquiterpene     TS     runpoint      20     runisomer      166
6 -0.1124341 0.6692370 -0.0284757
1 -0.4290345 0.9054030 1.0872433
1 -0.1495652 1.2274060 -0.8994005
1 0.4577216 -1.4371731 -0.3506053
8 0.0640205 -0.6830156 0.0315773
5
-114.679     ts77     dynamics     sesquiterpene     TS     runpoint      21     runisomer      166
6 -0.1094700 0.6558085 -0.0287291
1 -0.4279438 0.8632949 1.0208170
1 -0.1524798 1.2108936 -0.8837896
1 0.4832247 -1.5056495 -0.4605490
8 0.0603068 -0.6649346 0.0418935
5
-114.676     ts77     dynamics     sesquiterpene     TS     runpoint      22     runisomer      166
6 -0.1061562 0.6417665 -0.0262775
1 -0.4260452 0.8318526 0.9395821
1 -0.1579557 1.2076185 -0.8883820
1 0.4971199 -1.5304488 -0.5642574
8 0.0571725 -0.6506512 0.0519952
5
-114.661     ts77     dynamics     sesquiterpene     TS     runpoint      23     runisomer      166
6 -0.1019789 0.6282480 -0.0239240
1 -0.4322980 0.8185594 0.8716112
1 -0.1660115 1.2141613 -0.9085197
1 0.4945663 -1.5034845 -0.6511476
8 0.0551041 -0.6417832 0.0612529
5
-114.649     ts77     dynamics     sesquiterpene     TS     runpoint      24     runisomer      166
6 -0.0962168 0.6164895 -0.0251105
1 -0.4586086 0.8312574 0.8480525
1 -0.1760992 1.2227798 -0.9340266
1 0.4748367 -1.4261631 -0.7148704
8 0.0543198 -0.6391774 0.0692473
5
-114.655     ts77     dynamics     sesquiterpene     TS     runpoint      25     runisomer      166
6 -0.0889298 0.6078521 -0.0306098
1 -0.5074130 0.8706581 0.8704630
1 -0.1873473 1.2262922 -0.9563538
1 0.4379366 -1.3032000 -0.7501013
8 0.0549641 -0.6431484 0.0755839
5
-114.681     ts77     dynamics     sesquiterpene     TS     runpoint      26     runisomer      166
6 -0.0813094 0.6037387 -0.0381330
1 -0.5667081 0.9273042 0.9093049
1 -0.1989120 1.2200952 -0.9711397
1 0.3858103 -1.1446140 -0.7546791
8 0.0569982 -0.6532330 0.0799975
