5
-114.654160 ts77 dynamics sesquiterpene TS runpoint 1  runisomer  155
6 -0.0246609 0.6512674 0.0028270
1 -0.2728047 1.2204347 0.8839946
1 -0.3096643 1.0912318 -0.8593877
1 0.9628150 -0.0752771 0.0398365
8 -0.0334185 -0.7665982 -0.0061816
5
-114.647 ts77 dynamics sesquiterpene TS runpoint 2  runisomer  155
6 -0.023519 0.655194 0.00688866
1 -0.263301 1.18447 0.898248
1 -0.290845 1.13711 -0.940618
1 0.902593 -0.0403744 0.0150998
8 -0.0322657 -0.772368 -0.00345003
5
-114.65     ts77     dynamics     sesquiterpene     TS     runpoint      3     runisomer      155
6 -0.0232314 0.6585716 0.0098772
1 -0.2553704 1.1499553 0.9205218
1 -0.2701184 1.1817694 -1.0191445
1 0.8642922 -0.0031557 -0.0098948
8 -0.0318743 -0.7778866 -0.0005719
5
-114.641     ts77     dynamics     sesquiterpene     TS     runpoint      4     runisomer      155
6 -0.0246042 0.6620468 0.0103516
1 -0.2500821 1.1195244 0.9498212
1 -0.2449033 1.2164743 -1.0753727
1 0.8619473 0.0359295 -0.0353436
8 -0.0326175 -0.7832263 0.0023726
5
-114.633     ts77     dynamics     sesquiterpene     TS     runpoint      5     runisomer      155
6 -0.0276807 0.6655931 0.0080578
1 -0.2473544 1.0938464 0.9816850
1 -0.2159819 1.2374824 -1.1003694
1 0.8994693 0.0794848 -0.0615009
8 -0.0346680 -0.7883364 0.0053106
5
-114.634     ts77     dynamics     sesquiterpene     TS     runpoint      6     runisomer      155
6 -0.0315714 0.6685233 0.0033350
1 -0.2463870 1.0724792 1.0096185
1 -0.1856513 1.2437253 -1.0912835
1 0.9680165 0.1344680 -0.0874781
8 -0.0380405 -0.7930455 0.0081602
5
-114.642     ts77     dynamics     sesquiterpene     TS     runpoint      7     runisomer      155
6 -0.0347887 0.6698891 -0.0032455
1 -0.2462613 1.0548656 1.0273745
1 -0.1570160 1.2358672 -1.0494961
1 1.0514717 0.2086586 -0.1110618
8 -0.0426978 -0.7971410 0.0108325
5
-114.653     ts77     dynamics     sesquiterpene     TS     runpoint      8     runisomer      155
6 -0.0358422 0.6688624 -0.0108704
1 -0.2463214 1.0407842 1.0306542
1 -0.1338378 1.2167847 -0.9815928
1 1.1339340 0.3057317 -0.1296272
8 -0.0485609 -0.8003980 0.0132393
5
-114.663     ts77     dynamics     sesquiterpene     TS     runpoint      9     runisomer      155
6 -0.0335643 0.6646949 -0.0181784
1 -0.2463687 1.0303884 1.0179771
1 -0.1205675 1.1936165 -0.9029595
1 1.2032917 0.4236644 -0.1410066
8 -0.0554736 -0.8025883 0.0152847
5
-114.665     ts77     dynamics     sesquiterpene     TS     runpoint      10     runisomer      155
6 -0.0271176 0.6564210 -0.0230273
1 -0.2467776 1.0241748 0.9912022
1 -0.1223555 1.1801977 -0.8408476
1 1.2515412 0.5564710 -0.1438904
8 -0.0632127 -0.8035119 0.0168803
5
-114.662     ts77     dynamics     sesquiterpene     TS     runpoint      11     runisomer      155
6 -0.0159260 0.6431650 -0.0234797
1 -0.2486084 1.0230368 0.9559132
1 -0.1442736 1.1917349 -0.8231985
1 1.2740516 0.6965153 -0.1378878
8 -0.0715330 -0.8030466 0.0179549
5
-114.667     ts77     dynamics     sesquiterpene     TS     runpoint      12     runisomer      155
6 0.0001244 0.6256437 -0.0202469
1 -0.2536801 1.0283069 0.9209450
1 -0.1876712 1.2261130 -0.8495166
1 1.2688481 0.8357801 -0.1234384
8 -0.0801940 -0.8011759 0.0184824
5
-114.679     ts77     dynamics     sesquiterpene     TS     runpoint      13     runisomer      155
6 0.0204280 0.6062017 -0.0161576
1 -0.2642178 1.0410928 0.8951203
1 -0.2471984 1.2635940 -0.8940641
1 1.2363131 0.9663755 -0.1017283
8 -0.0889637 -0.7979864 0.0184815
5
-114.683     ts77     dynamics     sesquiterpene     TS     runpoint      14     runisomer      155
6 0.0438790 0.5872331 -0.0133129
1 -0.2816858 1.0602634 0.8820608
1 -0.3145274 1.2866957 -0.9346289
1 1.1793526 1.0810639 -0.0746072
8 -0.0976277 -0.7936448 0.0180190
5
-114.679     ts77     dynamics     sesquiterpene     TS     runpoint      15     runisomer      155
6 0.0698541 0.5708636 -0.0124119
1 -0.3084161 1.0796175 0.8780190
1 -0.3844894 1.2864733 -0.9592803
1 1.1030758 1.1747866 -0.0445580
8 -0.1062190 -0.7884753 0.0172590
5
-114.67     ts77     dynamics     sesquiterpene     TS     runpoint      16     runisomer      155
6 0.0963744 0.5582597 -0.0119945
1 -0.3437275 1.0959015 0.8744465
1 -0.4498058 1.2595111 -0.9650735
1 1.0183652 1.2436391 -0.0188409
8 -0.1144397 -0.7826840 0.0159169
5
-114.654160 ts77 dynamics sesquiterpene TS runpoint 1  runisomer  155
6 -0.0246609 0.6512674 0.0028270
1 -0.2728047 1.2204347 0.8839946
1 -0.3096643 1.0912318 -0.8593877
1 0.9628150 -0.0752771 0.0398365
8 -0.0334185 -0.7665982 -0.0061816
5
-114.647 ts77 dynamics sesquiterpene TS runpoint 2  runisomer  155
6 -0.0253679 0.6457 0.000493396
1 -0.281892 1.2536 0.875978
1 -0.334865 1.05932 -0.80799
1 1.02818 -0.106937 0.0637394
8 -0.0348458 -0.760506 -0.00867035
5
-114.635     ts77     dynamics     sesquiterpene     TS     runpoint      3     runisomer      155
6 -0.0244571 0.6378034 0.0022858
1 -0.2884329 1.2795363 0.8715948
1 -0.3759524 1.0540353 -0.8130936
1 1.0849015 -0.1347208 0.0857425
8 -0.0361016 -0.7541322 -0.0108033
5
-114.633     ts77     dynamics     sesquiterpene     TS     runpoint      4     runisomer      155
6 -0.0220179 0.6285434 0.0073571
1 -0.2908618 1.2948420 0.8688561
1 -0.4294962 1.0695860 -0.8634214
1 1.1240672 -0.1581516 0.1048543
8 -0.0368725 -0.7476534 -0.0124672
5
-114.635     ts77     dynamics     sesquiterpene     TS     runpoint      5     runisomer      155
6 -0.0190769 0.6196881 0.0130572
1 -0.2884527 1.2976275 0.8666648
1 -0.4822337 1.0905894 -0.9271529
1 1.1409085 -0.1770145 0.1203836
8 -0.0369697 -0.7413204 -0.0135672
5
-114.631     ts77     dynamics     sesquiterpene     TS     runpoint      6     runisomer      155
6 -0.0164946 0.6125242 0.0174261
1 -0.2813239 1.2876645 0.8648631
1 -0.5238875 1.1066378 -0.9813836
1 1.1335145 -0.1919137 0.1319068
8 -0.0362667 -0.7353901 -0.0140392
5
-114.625     ts77     dynamics     sesquiterpene     TS     runpoint      7     runisomer      155
6 -0.0148047 0.6077943 0.0194047
1 -0.2703272 1.2664302 0.8644606
1 -0.5494625 1.1132702 -1.0148646
1 1.1020971 -0.2049745 0.1391805
8 -0.0346383 -0.7300986 -0.0138456
5
-114.624     ts77     dynamics     sesquiterpene     TS     runpoint      8     runisomer      155
6 -0.0144539 0.6059857 0.0183887
1 -0.2568116 1.2369059 0.8676889
1 -0.5571686 1.1092002 -1.0228969
1 1.0490954 -0.2205417 0.1421936
8 -0.0319291 -0.7256455 -0.0129695
5
-114.63     ts77     dynamics     sesquiterpene     TS     runpoint      9     runisomer      155
6 -0.0160036 0.6075335 0.0139882
1 -0.2421895 1.2029389 0.8774633
1 -0.5469709 1.0947085 -1.0041705
1 0.9801506 -0.2456680 0.1414525
8 -0.0279875 -0.7221715 -0.0114166
5
-114.641     ts77     dynamics     sesquiterpene     TS     runpoint      10     runisomer      155
6 -0.0201580 0.6128900 0.0060894
1 -0.2273288 1.1681118 0.8960191
1 -0.5204554 1.0713990 -0.9602662
1 0.9059814 -0.2895558 0.1386035
8 -0.0228073 -0.7197630 -0.0092469
5
-114.655     ts77     dynamics     sesquiterpene     TS     runpoint      11     runisomer      155
6 -0.0274529 0.6223209 -0.0047777
1 -0.2121220 1.1346662 0.9230829
1 -0.4821367 1.0433205 -0.8979547
1 0.8453773 -0.3597456 0.1373859
8 -0.0168898 -0.7185404 -0.0066491
5
-114.665     ts77     dynamics     sesquiterpene     TS     runpoint      12     runisomer      155
6 -0.0375534 0.6352243 -0.0167796
1 -0.1957338 1.1033960 0.9548698
1 -0.4424745 1.0197961 -0.8351713
1 0.8278705 -0.4552047 0.1443374
8 -0.0117430 -0.7187539 -0.0040419
5
-114.665     ts77     dynamics     sesquiterpene     TS     runpoint      13     runisomer      155
6 -0.0487489 0.6495054 -0.0263450
1 -0.1775114 1.0746432 0.9850626
1 -0.4198737 1.0176559 -0.8060832
1 0.8767444 -0.5701896 0.1654564
8 -0.0089969 -0.7202779 -0.0019324
5
-114.674     ts77     dynamics     sesquiterpene     TS     runpoint      14     runisomer      155
6 -0.0591186 0.6627421 -0.0302476
1 -0.1577231 1.0493512 1.0075100
1 -0.4288126 1.0505049 -0.8390478
1 0.9648115 -0.7056986 0.1968560
8 -0.0074519 -0.7221484 -0.0003200
5
-114.697     ts77     dynamics     sesquiterpene     TS     runpoint      15     runisomer      155
6 -0.0685898 0.6744713 -0.0294625
1 -0.1374390 1.0293063 1.0188306
1 -0.4603840 1.1085976 -0.9147794
1 1.0425099 -0.8556959 0.2285739
8 -0.0045334 -0.7238952 0.0011502
5
-114.702     ts77     dynamics     sesquiterpene     TS     runpoint      16     runisomer      155
6 -0.0779379 0.6852851 -0.0269818
1 -0.1179753 1.0167852 1.0189902
1 -0.4967492 1.1716285 -0.9938940
1 1.0823120 -1.0062902 0.2537599
8 0.0010352 -0.7257032 0.0026756
5
-114.687     ts77     dynamics     sesquiterpene     TS     runpoint      17     runisomer      155
6 -0.0874968 0.6953642 -0.0248604
1 -0.1004691 1.0141237 1.0106524
1 -0.5268122 1.2258747 -1.0517099
1 1.0763390 -1.1439766 0.2692945
8 0.0093717 -0.7278407 0.0042731
5
-114.668     ts77     dynamics     sesquiterpene     TS     runpoint      18     runisomer      155
6 -0.0972049 0.7044856 -0.0241685
1 -0.0856395 1.0232619 0.9980844
1 -0.5455965 1.2644509 -1.0777069
1 1.0256421 -1.2579980 0.2740909
8 0.0200967 -0.7305080 0.0058815
5
-114.658     ts77     dynamics     sesquiterpene     TS     runpoint      19     runisomer      155
6 -0.1068472 0.7123521 -0.0254092
1 -0.0737123 1.0451988 0.9854400
1 -0.5512331 1.2840362 -1.0687211
1 0.9350348 -1.3400197 0.2681761
8 0.0326416 -0.7338589 0.0074153
5
-114.661     ts77     dynamics     sesquiterpene     TS     runpoint      20     runisomer      155
6 -0.1161640 0.7187281 -0.0285977
1 -0.0644966 1.0793841 0.9748122
1 -0.5435823 1.2831708 -1.0257699
1 0.8132447 -1.3850610 0.2529520
8 0.0462418 -0.7379055 0.0087294
5
-114.673     ts77     dynamics     sesquiterpene     TS     runpoint      21     runisomer      155
6 -0.1248441 0.7233635 -0.0331413
1 -0.0575553 1.1232939 0.9652707
1 -0.5243818 1.2624367 -0.9545080
1 0.6781336 -1.3976776 0.2331905
8 0.0596191 -0.7420511 0.0094926
5
-114.678     ts77     dynamics     sesquiterpene     TS     runpoint      22     runisomer      155
6 -0.1323808 0.7257202 -0.0375553
1 -0.0523154 1.1726412 0.9537775
1 -0.4989858 1.2268741 -0.8693326
1 0.5647113 -1.4071552 0.2212721
8 0.0704886 -0.7440917 0.0089127
5
-114.659     ts77     dynamics     sesquiterpene     TS     runpoint      23     runisomer      155
6 -0.1377949 0.7246009 -0.0390658
1 -0.0481191 1.2224138 0.9372969
1 -0.4794996 1.1905467 -0.8001249
1 0.5085894 -1.4637061 0.2346549
8 0.0765938 -0.7405384 0.0058810
5
-114.647     ts77     dynamics     sesquiterpene     TS     runpoint      24     runisomer      155
6 -0.1397546 0.7184363 -0.0342196
1 -0.0442498 1.2683409 0.9146778
1 -0.4829530 1.1744488 -0.7867211
1 0.4920984 -1.5560133 0.2708001
8 0.0790762 -0.7319778 0.0005481
5
-114.651     ts77     dynamics     sesquiterpene     TS     runpoint      25     runisomer      155
6 -0.1381389 0.7073735 -0.0225251
1 -0.0399251 1.3078637 0.8874653
1 -0.5126066 1.1814345 -0.8365431
1 0.4823471 -1.6323639 0.3145203
8 0.0800725 -0.7218000 -0.0061274
5
-114.658     ts77     dynamics     sesquiterpene     TS     runpoint      26     runisomer      155
6 -0.1344862 0.6936063 -0.0072889
1 -0.0343504 1.3402279 0.8591641
1 -0.5525548 1.1909446 -0.9140894
1 0.4653106 -1.6643542 0.3571693
8 0.0805708 -0.7120951 -0.0135758
5
-114.656     ts77     dynamics     sesquiterpene     TS     runpoint      27     runisomer      155
6 -0.1302788 0.6789687 0.0083038
1 -0.0268500 1.3658316 0.8335908
1 -0.5880467 1.1866227 -0.9860669
1 0.4372456 -1.6431927 0.3955863
8 0.0809461 -0.7037893 -0.0215488
