5
-114.654160 ts77 dynamics sesquiterpene TS runpoint 1  runisomer  130
6 -0.0256211 0.6199060 -0.0110880
1 -0.3509470 1.0193475 0.9927265
1 -0.2622076 1.1792002 -0.9489007
1 1.0560112 -0.1121431 -0.0725553
8 -0.0366369 -0.7336194 0.0101291
5
-114.646 ts77 dynamics sesquiterpene TS runpoint 2  runisomer  130
6 -0.0334632 0.621778 -0.012882
1 -0.334394 1.01588 1.00155
1 -0.208753 1.10631 -0.900925
1 1.0944 -0.100422 -0.0941671
8 -0.0375832 -0.730952 0.00925788
5
-114.64     ts77     dynamics     sesquiterpene     TS     runpoint      3     runisomer      130
6 -0.0398990 0.6229584 -0.0116086
1 -0.3138911 1.0172201 0.9963674
1 -0.1619444 1.0473431 -0.8723772
1 1.1168917 -0.0788480 -0.1125895
8 -0.0384123 -0.7295665 0.0079911
5
-114.628     ts77     dynamics     sesquiterpene     TS     runpoint      4     runisomer      130
6 -0.0439844 0.6218263 -0.0052294
1 -0.2911901 1.0248918 0.9791610
1 -0.1268622 1.0191816 -0.8921488
1 1.1220207 -0.0442336 -0.1268145
8 -0.0393099 -0.7296097 0.0064306
5
-114.631     ts77     dynamics     sesquiterpene     TS     runpoint      5     runisomer      130
6 -0.0453054 0.6181519 0.0051010
1 -0.2687276 1.0412060 0.9559161
1 -0.1026000 1.0206239 -0.9557022
1 1.1114269 0.0067233 -0.1358153
8 -0.0405939 -0.7311854 0.0047175
5
-114.643     ts77     dynamics     sesquiterpene     TS     runpoint      6     runisomer      130
6 -0.0436375 0.6126155 0.0156379
1 -0.2491016 1.0689001 0.9353047
1 -0.0870315 1.0381197 -1.0306575
1 1.0891271 0.0773052 -0.1385509
8 -0.0426561 -0.7343278 0.0030076
5
-114.649     ts77     dynamics     sesquiterpene     TS     runpoint      7     runisomer      130
6 -0.0388484 0.6057453 0.0233651
1 -0.2341380 1.1093904 0.9238311
1 -0.0797329 1.0606415 -1.0908106
1 1.0609580 0.1700662 -0.1342081
8 -0.0458761 -0.7389901 0.0014516
5
-114.653     ts77     dynamics     sesquiterpene     TS     runpoint      8     runisomer      130
6 -0.0311908 0.5980876 0.0270948
1 -0.2242853 1.1601615 0.9209468
1 -0.0810236 1.0819107 -1.1236560
1 1.0349024 0.2853085 -0.1226325
8 -0.0505170 -0.7450475 0.0001772
5
-114.659     ts77     dynamics     sesquiterpene     TS     runpoint      9     runisomer      130
6 -0.0215336 0.5905427 0.0270227
1 -0.2191894 1.2143567 0.9199786
1 -0.0912105 1.0982323 -1.1252397
1 1.0219688 0.4195447 -0.1047861
8 -0.0566254 -0.7522904 -0.0007310
5
-114.667     ts77     dynamics     sesquiterpene     TS     runpoint      10     runisomer      130
6 -0.0110947 0.5841112 0.0239086
1 -0.2188114 1.2634840 0.9135234
1 -0.1103718 1.1070388 -1.0960566
1 1.0336642 0.5666997 -0.0824091
8 -0.0640090 -0.7603883 -0.0012347
5
-114.676     ts77     dynamics     sesquiterpene     TS     runpoint      11     runisomer      130
6 -0.0004078 0.5794835 0.0185127
1 -0.2238262 1.3002840 0.8972878
1 -0.1382740 1.1065489 -1.0397645
1 1.0712658 0.7208153 -0.0565805
8 -0.0723210 -0.7689158 -0.0013362
5
-114.654160 ts77 dynamics sesquiterpene TS runpoint 1  runisomer  130
6 -0.0256211 0.6199060 -0.0110880
1 -0.3509470 1.0193475 0.9927265
1 -0.2622076 1.1792002 -0.9489007
1 1.0560112 -0.1121431 -0.0725553
8 -0.0366369 -0.7336194 0.0101291
5
-114.646 ts77 dynamics sesquiterpene TS runpoint 2  runisomer  130
6 -0.0175745 0.618991 -0.00844151
1 -0.362644 1.02678 0.971252
1 -0.314698 1.2477 -0.98932
1 1.00688 -0.117359 -0.0488388
8 -0.0355338 -0.737389 0.0105493
5
-114.643     ts77     dynamics     sesquiterpene     TS     runpoint      3     runisomer      130
6 -0.0104581 0.6200540 -0.0062783
1 -0.3694907 1.0380045 0.9411785
1 -0.3602123 1.3005932 -1.0090917
1 0.9560585 -0.1198729 -0.0241179
8 -0.0343729 -0.7420685 0.0105083
5
-114.636     ts77     dynamics     sesquiterpene     TS     runpoint      4     runisomer      130
6 -0.0052466 0.6236399 -0.0054245
1 -0.3724049 1.0535069 0.9087575
1 -0.3947825 1.3322450 -1.0041390
1 0.9152695 -0.1239188 0.0007843
8 -0.0333517 -0.7474766 0.0100288
5
-114.631     ts77     dynamics     sesquiterpene     TS     runpoint      5     runisomer      130
6 -0.0026527 0.6299728 -0.0064973
1 -0.3729015 1.0741188 0.8813252
1 -0.4159103 1.3401742 -0.9748247
1 0.8950357 -0.1336052 0.0256548
8 -0.0326624 -0.7534175 0.0091471
5
-114.631     ts77     dynamics     sesquiterpene     TS     runpoint      6     runisomer      130
6 -0.0029744 0.6389415 -0.0098341
1 -0.3722269 1.1001817 0.8651803
1 -0.4223513 1.3239901 -0.9243361
1 0.8994544 -0.1521105 0.0508357
8 -0.0323373 -0.7596047 0.0078993
5
-114.638     ts77     dynamics     sesquiterpene     TS     runpoint      7     runisomer      130
6 -0.0060664 0.6500632 -0.0151909
1 -0.3702864 1.1304440 0.8631875
1 -0.4147705 1.2860420 -0.8594944
1 0.9237406 -0.1816963 0.0766245
8 -0.0321480 -0.7656018 0.0063320
5
-114.648     ts77     dynamics     sesquiterpene     TS     runpoint      8     runisomer      130
6 -0.0113897 0.6624232 -0.0213523
1 -0.3653969 1.1617481 0.8738322
1 -0.3978009 1.2341670 -0.7941219
1 0.9567416 -0.2249180 0.1027338
8 -0.0316112 -0.7708576 0.0045187
5
-114.65     ts77     dynamics     sesquiterpene     TS     runpoint      9     runisomer      130
6 -0.0179360 0.6744779 -0.0258359
1 -0.3552432 1.1900700 0.8923350
1 -0.3832475 1.1855999 -0.7538901
1 0.9856758 -0.2858022 0.1283341
8 -0.0300804 -0.7747928 0.0025687
5
-114.644     ts77     dynamics     sesquiterpene     TS     runpoint      10     runisomer      130
6 -0.0244729 0.6844578 -0.0256311
1 -0.3381566 1.2119764 0.9126605
1 -0.3874249 1.1618171 -0.7699725
1 0.9997689 -0.3695550 0.1524505
8 -0.0268774 -0.7768876 0.0006282
5
-114.652     ts77     dynamics     sesquiterpene     TS     runpoint      11     runisomer      130
6 -0.0309214 0.6922737 -0.0203017
1 -0.3138863 1.2254897 0.9295198
1 -0.4130789 1.1642843 -0.8441485
1 0.9923900 -0.4802291 0.1742732
8 -0.0214870 -0.7767882 -0.0011340
5
-114.678     ts77     dynamics     sesquiterpene     TS     runpoint      12     runisomer      130
6 -0.0383892 0.6993165 -0.0126148
1 -0.2836333 1.2303671 0.9398511
1 -0.4463828 1.1744972 -0.9422517
1 0.9633866 -0.6172460 0.1935722
8 -0.0138640 -0.7743917 -0.0025874
5
-114.696     ts77     dynamics     sesquiterpene     TS     runpoint      13     runisomer      130
6 -0.0475189 0.7062709 -0.0053563
1 -0.2495673 1.2280788 0.9433732
1 -0.4751780 1.1783524 -1.0317922
1 0.9229365 -0.7739490 0.2118998
8 -0.0047972 -0.7698367 -0.0037680
5
-114.699     ts77     dynamics     sesquiterpene     TS     runpoint      14     runisomer      130
6 -0.0581342 0.7128231 -0.0002261
1 -0.2141588 1.2215389 0.9424641
1 -0.4938481 1.1703804 -1.0946538
1 0.8904527 -0.9420105 0.2334509
8 0.0041598 -0.7632517 -0.0049566
5
-114.694     ts77     dynamics     sesquiterpene     TS     runpoint      15     runisomer      130
6 -0.0696637 0.7182583 0.0018474
1 -0.1794762 1.2144220 0.9411787
1 -0.5005803 1.1495287 -1.1225156
1 0.8732051 -1.1151769 0.2606056
8 0.0121367 -0.7546597 -0.0063875
5
-114.69     ts77     dynamics     sesquiterpene     TS     runpoint      16     runisomer      130
6 -0.0815351 0.7219388 0.0004839
1 -0.1466249 1.2100038 0.9431306
1 -0.4952835 1.1166786 -1.1124891
1 0.8540258 -1.2805988 0.2889102
8 0.0198491 -0.7446539 -0.0079048
5
-114.684     ts77     dynamics     sesquiterpene     TS     runpoint      17     runisomer      130
6 -0.0932977 0.7234726 -0.0040695
1 -0.1157203 1.2099012 0.9490325
1 -0.4790839 1.0740837 -1.0660246
1 0.8160405 -1.4201647 0.3125500
8 0.0281003 -0.7343240 -0.0092793
5
-114.677     ts77     dynamics     sesquiterpene     TS     runpoint      18     runisomer      130
6 -0.1044914 0.7226151 -0.0106797
1 -0.0864624 1.2136509 0.9558600
1 -0.4552728 1.0261007 -0.9915008
1 0.7540919 -1.5200730 0.3286951
8 0.0370578 -0.7246016 -0.0104648
5
-114.671     ts77     dynamics     sesquiterpene     TS     runpoint      19     runisomer      130
6 -0.1143398 0.7189848 -0.0168706
1 -0.0587960 1.2194924 0.9584890
1 -0.4319323 0.9811064 -0.9113878
1 0.6699491 -1.5726100 0.3369356
8 0.0465359 -0.7161051 -0.0115552
5
-114.66     ts77     dynamics     sesquiterpene     TS     runpoint      20     runisomer      130
6 -0.1215614 0.7118251 -0.0185936
1 -0.0330703 1.2256173 0.9524605
1 -0.4240436 0.9525579 -0.8679398
1 0.5679735 -1.5748960 0.3383537
8 0.0562622 -0.7091803 -0.0127117
5
-114.653     ts77     dynamics     sesquiterpene     TS     runpoint      21     runisomer      130
6 -0.1252554 0.7005904 -0.0128790
1 -0.0096385 1.2311615 0.9363939
1 -0.4434327 0.9503740 -0.8943168
1 0.4549692 -1.5313862 0.3364665
8 0.0659005 -0.7037083 -0.0142088
5
-114.671     ts77     dynamics     sesquiterpene     TS     runpoint      22     runisomer      130
6 -0.1264163 0.6859933 -0.0020587
1 0.0116948 1.2367238 0.9131229
1 -0.4811970 0.9677783 -0.9656954
1 0.3432724 -1.4643827 0.3418595
8 0.0748474 -0.6984297 -0.0167054
