5
-114.654160 ts77 dynamics sesquiterpene TS runpoint 1  runisomer  7
6 -0.0306580 0.6397729 0.0029906
1 -0.2665566 1.0587652 0.8953393
1 -0.2786307 1.0402392 -0.9146918
1 1.0420668 -0.0982540 0.0068386
8 -0.0362621 -0.7431269 -0.0014552
5
-114.644 ts77 dynamics sesquiterpene TS runpoint 2  runisomer  7
6 -0.0253351 0.647422 0.00217711
1 -0.311035 1.0943 0.960076
1 -0.281905 0.99247 -0.922501
1 1.08279 -0.0756291 -0.0185421
8 -0.0398126 -0.74952 -0.00283287
5
-114.642     ts77     dynamics     sesquiterpene     TS     runpoint      3     runisomer      7
6 -0.0184462 0.6527228 0.0032978
1 -0.3541967 1.1334152 1.0197653
1 -0.2918834 0.9632878 -0.9517523
1 1.1094927 -0.0412250 -0.0431629
8 -0.0433160 -0.7562906 -0.0040413
5
-114.638     ts77     dynamics     sesquiterpene     TS     runpoint      4     runisomer      7
6 -0.0102715 0.6557330 0.0068302
1 -0.3897725 1.1676898 1.0570895
1 -0.3065604 0.9509331 -0.9934105
1 1.1215355 0.0111287 -0.0659138
8 -0.0470415 -0.7632293 -0.0049849
5
-114.635     ts77     dynamics     sesquiterpene     TS     runpoint      5     runisomer      7
6 -0.0011942 0.6564852 0.0118790
1 -0.4138490 1.1926426 1.0647840
1 -0.3217928 0.9512203 -1.0321343
1 1.1205157 0.0869992 -0.0855599
8 -0.0513125 -0.7701640 -0.0055807
5
-114.638     ts77     dynamics     sesquiterpene     TS     runpoint      6     runisomer      7
6 0.0084019 0.6550265 0.0173167
1 -0.4241150 1.2059155 1.0412417
1 -0.3339827 0.9602535 -1.0553075
1 1.1095548 0.1902380 -0.1007599
8 -0.0564081 -0.7769803 -0.0057604
5
-114.649     ts77     dynamics     sesquiterpene     TS     runpoint      7     runisomer      7
6 0.0180614 0.6515630 0.0222089
1 -0.4197175 1.2065841 0.9886136
1 -0.3411801 0.9749221 -1.0559125
1 1.0934883 0.3212386 -0.1102945
8 -0.0624674 -0.7836010 -0.0054756
5
-114.667     ts77     dynamics     sesquiterpene     TS     runpoint      8     runisomer      7
6 0.0271332 0.6464594 0.0257957
1 -0.4020431 1.1956843 0.9133475
1 -0.3430879 0.9925992 -1.0321230
1 1.0803106 0.4757440 -0.1136789
8 -0.0694377 -0.7899336 -0.0047110
5
-114.686     ts77     dynamics     sesquiterpene     TS     runpoint      9     runisomer      7
6 0.0350121 0.6398871 0.0272924
1 -0.3765811 1.1780315 0.8287527
1 -0.3408687 1.0109029 -0.9868548
1 1.0803314 0.6465433 -0.1116572
8 -0.0770963 -0.7958065 -0.0034837
5
-114.698     ts77     dynamics     sesquiterpene     TS     runpoint      10     runisomer      7
6 0.0422161 0.6313581 0.0256558
1 -0.3549872 1.1644583 0.7573552
1 -0.3371345 1.0277781 -0.9280858
1 1.0968863 0.8267349 -0.1053592
8 -0.0851413 -0.8009707 -0.0018588
5
-114.654160 ts77 dynamics sesquiterpene TS runpoint 1  runisomer  7
6 -0.0306580 0.6397729 0.0029906
1 -0.2665566 1.0587652 0.8953393
1 -0.2786307 1.0402392 -0.9146918
1 1.0420668 -0.0982540 0.0068386
8 -0.0362621 -0.7431269 -0.0014552
5
-114.644 ts77 dynamics sesquiterpene TS runpoint 2  runisomer  7
6 -0.0343925 0.62984 0.00306893
1 -0.229121 1.04037 0.855263
1 -0.280222 1.10242 -0.923741
1 0.99115 -0.115496 0.0320047
8 -0.0325105 -0.737348 -4.0923e-06
5
-114.641     ts77     dynamics     sesquiterpene     TS     runpoint      3     runisomer      7
6 -0.0370441 0.6183345 -0.0006158
1 -0.2041551 1.0507229 0.8654665
1 -0.2829664 1.1697932 -0.9370753
1 0.9378112 -0.1339558 0.0562954
8 -0.0285623 -0.7324507 0.0014271
5
-114.644     ts77     dynamics     sesquiterpene     TS     runpoint      4     runisomer      7
6 -0.0398476 0.6074803 -0.0081327
1 -0.1886637 1.0850051 0.9173264
1 -0.2839748 1.2323891 -0.9438366
1 0.8933963 -0.1603388 0.0798368
8 -0.0245731 -0.7287496 0.0027411
5
-114.648     ts77     dynamics     sesquiterpene     TS     runpoint      5     runisomer      7
6 -0.0440958 0.6002198 -0.0174135
1 -0.1766498 1.1270063 0.9806739
1 -0.2819769 1.2823461 -0.9381810
1 0.8696335 -0.2008817 0.1039658
8 -0.0207725 -0.7265437 0.0038347
5
-114.645     ts77     dynamics     sesquiterpene     TS     runpoint      6     runisomer      7
6 -0.0504655 0.5986613 -0.0266905
1 -0.1645942 1.1635498 1.0324011
1 -0.2770436 1.3147115 -0.9186120
1 0.8729925 -0.2606807 0.1307365
8 -0.0172778 -0.7259498 0.0046147
5
-114.644     ts77     dynamics     sesquiterpene     TS     runpoint      7     runisomer      7
6 -0.0590174 0.6036004 -0.0348691
1 -0.1511773 1.1875468 1.0609694
1 -0.2701864 1.3276840 -0.8871990
1 0.9005282 -0.3440414 0.1615329
8 -0.0138768 -0.7267342 0.0050299
5
-114.652     ts77     dynamics     sesquiterpene     TS     runpoint      8     runisomer      7
6 -0.0694642 0.6146605 -0.0410778
1 -0.1360349 1.1959741 1.0618883
1 -0.2630923 1.3232032 -0.8497759
1 0.9407276 -0.4544396 0.1959344
8 -0.0099749 -0.7283262 0.0051039
5
-114.668     ts77     dynamics     sesquiterpene     TS     runpoint      9     runisomer      7
6 -0.0813183 0.6304316 -0.0443190
1 -0.1192130 1.1883530 1.0347116
1 -0.2580617 1.3079783 -0.8168667
1 0.9785274 -0.5917326 0.2316744
8 -0.0048418 -0.7300687 0.0049216
5
-114.684     ts77     dynamics     sesquiterpene     TS     runpoint      10     runisomer      7
6 -0.0938870 0.6486824 -0.0434902
1 -0.1010790 1.1666038 0.9828362
1 -0.2577768 1.2930038 -0.8031662
1 1.0004845 -0.7495903 0.2654764
8 0.0020419 -0.7315020 0.0045754
5
-114.697     ts77     dynamics     sesquiterpene     TS     runpoint      11     runisomer      7
6 -0.1064336 0.6670166 -0.0382013
1 -0.0821788 1.1363340 0.9162285
1 -0.2639717 1.2875888 -0.8210355
1 0.9975006 -0.9166043 0.2941057
8 0.0108407 -0.7324869 0.0041255
5
-114.703     ts77     dynamics     sesquiterpene     TS     runpoint      12     runisomer      7
6 -0.1184976 0.6835843 -0.0302062
1 -0.0624921 1.1093402 0.8567490
1 -0.2755418 1.2906348 -0.8694369
1 0.9655762 -1.0794026 0.3152031
8 0.0213900 -0.7331509 0.0035963
5
-114.696     ts77     dynamics     sesquiterpene     TS     runpoint      13     runisomer      7
6 -0.1300503 0.6970010 -0.0234184
1 -0.0399543 1.1030422 0.8373963
1 -0.2890808 1.2924094 -0.9332985
1 0.9054854 -1.2255063 0.3277557
8 0.0332742 -0.7337277 0.0029559
5
-114.685     ts77     dynamics     sesquiterpene     TS     runpoint      14     runisomer      7
6 -0.1412478 0.7066768 -0.0205904
1 -0.0115253 1.1268933 0.8743266
1 -0.3011990 1.2839327 -0.9948912
1 0.8218280 -1.3452966 0.3322504
8 0.0459165 -0.7344100 0.0021056
5
-114.683     ts77     dynamics     sesquiterpene     TS     runpoint      15     runisomer      7
6 -0.1519129 0.7134069 -0.0206262
1 0.0214383 1.1708605 0.9428164
1 -0.3095941 1.2609044 -1.0416029
1 0.7218737 -1.4333891 0.3307041
8 0.0586666 -0.7352296 0.0008594
5
-114.678     ts77     dynamics     sesquiterpene     TS     runpoint      16     runisomer      7
6 -0.1616238 0.7182009 -0.0211319
1 0.0541356 1.2194749 1.0083867
1 -0.3130035 1.2228379 -1.0667603
1 0.6144221 -1.4899378 0.3268757
8 0.0708762 -0.7359303 -0.0010659
5
-114.667     ts77     dynamics     sesquiterpene     TS     runpoint      17     runisomer      7
6 -0.1700848 0.7214603 -0.0204607
1 0.0825429 1.2625292 1.0500771
1 -0.3110471 1.1718040 -1.0686294
1 0.5083788 -1.5218601 0.3265640
8 0.0819905 -0.7358629 -0.0040584
5
-114.657     ts77     dynamics     sesquiterpene     TS     runpoint      18     runisomer      7
6 -0.1771861 0.7230801 -0.0175934
1 0.1043075 1.2946802 1.0587807
1 -0.3041778 1.1118987 -1.0502277
1 0.4100972 -1.5416009 0.3371505
8 0.0917057 -0.7340880 -0.0085835
5
-114.653     ts77     dynamics     sesquiterpene     TS     runpoint      19     runisomer      7
6 -0.1829320 0.7227015 -0.0116442
1 0.1182674 1.3133511 1.0320442
1 -0.2936579 1.0490998 -1.0200229
1 0.3198049 -1.5594965 0.3649046
8 0.1001627 -0.7298982 -0.0150137
