5
-114.654160 ts77 dynamics sesquiterpene TS runpoint 1  runisomer  62
6 -0.0353539 0.6300722 -0.0218266
1 -0.1714926 1.0757684 0.9671811
1 -0.3055524 1.2956192 -0.9322408
1 0.9243704 -0.0640612 0.1325240
8 -0.0296165 -0.7551667 0.0058246
5
-114.646 ts77 dynamics sesquiterpene TS runpoint 2  runisomer  62
6 -0.0338936 0.636187 -0.0161803
1 -0.143967 1.06929 0.975434
1 -0.30487 1.3036 -1.00173
1 0.873117 -0.0205956 0.144896
8 -0.0292604 -0.762587 0.00466753
5
-114.636     ts77     dynamics     sesquiterpene     TS     runpoint      3     runisomer      62
6 -0.0337953 0.6439084 -0.0118426
1 -0.1218061 1.0677766 0.9815190
1 -0.2974465 1.2919082 -1.0467028
1 0.8520429 0.0218233 0.1561747
8 -0.0298700 -0.7702191 0.0031541
5
-114.628     ts77     dynamics     sesquiterpene     TS     runpoint      4     runisomer      62
6 -0.0353578 0.6528412 -0.0093879
1 -0.1071396 1.0727233 0.9860652
1 -0.2827518 1.2608282 -1.0617379
1 0.8701647 0.0639571 0.1664428
8 -0.0316890 -0.7779281 0.0013262
5
-114.63     ts77     dynamics     sesquiterpene     TS     runpoint      5     runisomer      62
6 -0.0380145 0.6619643 -0.0088441
1 -0.1017618 1.0847617 0.9890219
1 -0.2614599 1.2131069 -1.0457444
1 0.9240497 0.1106438 0.1739080
8 -0.0347714 -0.7854650 -0.0007466
5
-114.641     ts77     dynamics     sesquiterpene     TS     runpoint      6     runisomer      62
6 -0.0403955 0.6698135 -0.0096273
1 -0.1069848 1.1034545 0.9892993
1 -0.2355611 1.1540691 -1.0028299
1 1.0003023 0.1698685 0.1755794
8 -0.0390921 -0.7925427 -0.0029866
5
-114.653     ts77     dynamics     sesquiterpene     TS     runpoint      7     runisomer      62
6 -0.0408303 0.6748210 -0.0103840
1 -0.1235086 1.1273799 0.9850312
1 -0.2089116 1.0928924 -0.9460102
1 1.0830114 0.2483712 0.1690329
8 -0.0446156 -0.7988976 -0.0053186
5
-114.658     ts77     dynamics     sesquiterpene     TS     runpoint      8     runisomer      62
6 -0.0377770 0.6754745 -0.0088054
1 -0.1513466 1.1544662 0.9743788
1 -0.1876230 1.0434141 -0.9013815
1 1.1586888 0.3483849 0.1534321
8 -0.0512624 -0.8042786 -0.0076623
5
-114.656     ts77     dynamics     sesquiterpene     TS     runpoint      9     runisomer      62
6 -0.0301250 0.6707352 -0.0024735
1 -0.1898928 1.1824279 0.9565166
1 -0.1781116 1.0189707 -0.8991831
1 1.2173241 0.4674221 0.1295099
8 -0.0588677 -0.8084446 -0.0099184
5
-114.662     ts77     dynamics     sesquiterpene     TS     runpoint      10     runisomer      62
6 -0.0175520 0.6609631 0.0084593
1 -0.2381238 1.2090995 0.9322592
1 -0.1819909 1.0200092 -0.9422194
1 1.2521066 0.5998414 0.0992024
8 -0.0672091 -0.8112033 -0.0119712
5
-114.677     ts77     dynamics     sesquiterpene     TS     runpoint      11     runisomer      62
6 -0.0004942 0.6477879 0.0211129
1 -0.2947409 1.2323566 0.9034007
1 -0.1953611 1.0346350 -1.0025486
1 1.2591451 0.7384221 0.0652016
8 -0.0760401 -0.8124371 -0.0137029
5
-114.686     ts77     dynamics     sesquiterpene     TS     runpoint      12     runisomer      62
6 0.0202609 0.6330157 0.0327750
1 -0.3580463 1.2496535 0.8711077
1 -0.2132980 1.0508619 -1.0533071
1 1.2374438 0.8754448 0.0304009
8 -0.0851246 -0.8120998 -0.0150269
5
-114.686     ts77     dynamics     sesquiterpene     TS     runpoint      13     runisomer      62
6 0.0437812 0.6181797 0.0421464
1 -0.4258370 1.2578567 0.8349879
1 -0.2321008 1.0604857 -1.0809730
1 1.1891528 1.0038475 -0.0028280
8 -0.0942719 -0.8101825 -0.0159455
5
-114.683     ts77     dynamics     sesquiterpene     TS     runpoint      14     runisomer      62
6 0.0690201 0.6044490 0.0490321
1 -0.4953787 1.2537137 0.7934861
1 -0.2500380 1.0579570 -1.0818792
1 1.1200122 1.1180924 -0.0325570
8 -0.1033392 -0.8066592 -0.0165683
5
-114.68     ts77     dynamics     sesquiterpene     TS     runpoint      15     runisomer      62
6 0.0944379 0.5926069 0.0535244
1 -0.5627694 1.2347493 0.7457752
1 -0.2666224 1.0409052 -1.0573108
1 1.0399486 1.2136331 -0.0567018
8 -0.1120728 -0.8015247 -0.0169600
5
-114.654160 ts77 dynamics sesquiterpene TS runpoint 1  runisomer  62
6 -0.0353539 0.6300722 -0.0218266
1 -0.1714926 1.0757684 0.9671811
1 -0.3055524 1.2956192 -0.9322408
1 0.9243704 -0.0640612 0.1325240
8 -0.0296165 -0.7551667 0.0058246
5
-114.646 ts77 dynamics sesquiterpene TS runpoint 2  runisomer  62
6 -0.037409 0.625447 -0.027668
1 -0.202062 1.08517 0.956193
1 -0.301754 1.2717 -0.849652
1 0.989506 -0.10803 0.118095
8 -0.0304915 -0.748012 0.00660473
5
-114.649     ts77     dynamics     sesquiterpene     TS     runpoint      3     runisomer      62
6 -0.0391576 0.6216774 -0.0319205
1 -0.2333598 1.0954002 0.9426907
1 -0.2987040 1.2428873 -0.7745201
1 1.0519130 -0.1526854 0.1009167
8 -0.0313319 -0.7411984 0.0069948
5
-114.639     ts77     dynamics     sesquiterpene     TS     runpoint      4     runisomer      62
6 -0.0397032 0.6176325 -0.0323181
1 -0.2633856 1.1046842 0.9280257
1 -0.3049020 1.2280280 -0.7349967
1 1.0985395 -0.1994156 0.0809525
8 -0.0315783 -0.7348674 0.0069847
5
-114.628     ts77     dynamics     sesquiterpene     TS     runpoint      5     runisomer      62
6 -0.0386427 0.6128822 -0.0276606
1 -0.2907946 1.1119584 0.9144305
1 -0.3262431 1.2392874 -0.7481544
1 1.1204815 -0.2511657 0.0586951
8 -0.0306837 -0.7292086 0.0065795
5
-114.632     ts77     dynamics     sesquiterpene     TS     runpoint      6     runisomer      62
6 -0.0367025 0.6090552 -0.0193036
1 -0.3150950 1.1169088 0.9042477
1 -0.3581697 1.2654269 -0.8014103
1 1.1121653 -0.3130157 0.0349276
8 -0.0280730 -0.7243993 0.0058056
5
-114.645     ts77     dynamics     sesquiterpene     TS     runpoint      7     runisomer      62
6 -0.0352525 0.6084754 -0.0096276
1 -0.3365569 1.1197832 0.8990848
1 -0.3910719 1.2866582 -0.8693911
1 1.0710105 -0.3922985 0.0104967
8 -0.0231431 -0.7204868 0.0046955
5
-114.659     ts77     dynamics     sesquiterpene     TS     runpoint      8     runisomer      62
6 -0.0355308 0.6125717 -0.0003946
1 -0.3558693 1.1211401 0.8995439
1 -0.4177503 1.2908417 -0.9327571
1 0.9995281 -0.4961842 -0.0139363
8 -0.0155334 -0.7173637 0.0032732
5
-114.674     ts77     dynamics     sesquiterpene     TS     runpoint      9     runisomer      62
6 -0.0382532 0.6216519 0.0074077
1 -0.3737564 1.1216167 0.9053498
1 -0.4342694 1.2738127 -0.9801335
1 0.9134476 -0.6262332 -0.0383331
8 -0.0058994 -0.7149387 0.0015764
5
-114.682     ts77     dynamics     sesquiterpene     TS     runpoint      10     runisomer      62
6 -0.0434561 0.6350937 0.0132722
1 -0.3907738 1.1216174 0.9154758
1 -0.4388660 1.2358963 -1.0052328
1 0.8579615 -0.7768493 -0.0648252
8 0.0028628 -0.7131442 -0.0002103
5
-114.683     ts77     dynamics     sesquiterpene     TS     runpoint      11     runisomer      62
6 -0.0505797 0.6516179 0.0169596
1 -0.4072293 1.1210357 0.9282934
1 -0.4313926 1.1800067 -1.0052348
1 0.8799798 -0.9481416 -0.0983182
8 0.0073865 -0.7111893 -0.0016730
5
-114.705     ts77     dynamics     sesquiterpene     TS     runpoint      12     runisomer      62
6 -0.0588283 0.6697839 0.0185152
1 -0.4230890 1.1194101 0.9418314
1 -0.4134177 1.1115314 -0.9812835
1 0.9330785 -1.1302975 -0.1362829
8 0.0100969 -0.7089224 -0.0028089
5
-114.709     ts77     dynamics     sesquiterpene     TS     runpoint      13     runisomer      62
6 -0.0674260 0.6881824 0.0185204
1 -0.4379209 1.1163270 0.9539842
1 -0.3888576 1.0390116 -0.9411374
1 0.9650336 -1.2963303 -0.1718120
8 0.0139221 -0.7074986 -0.0038692
5
-114.689     ts77     dynamics     sesquiterpene     TS     runpoint      14     runisomer      62
6 -0.0755200 0.7052979 0.0184591
1 -0.4511324 1.1117071 0.9627672
1 -0.3650051 0.9742864 -0.9032615
1 0.9608385 -1.4281019 -0.2011175
8 0.0195891 -0.7076671 -0.0049163
5
-114.661     ts77     dynamics     sesquiterpene     TS     runpoint      15     runisomer      62
6 -0.0821546 0.7197107 0.0205183
1 -0.4624877 1.1059146 0.9668658
1 -0.3513935 0.9292514 -0.8948666
1 0.9212129 -1.5171765 -0.2227618
8 0.0269220 -0.7096641 -0.0058839
5
-114.643     ts77     dynamics     sesquiterpene     TS     runpoint      16     runisomer      62
6 -0.0867449 0.7307001 0.0256880
1 -0.4726574 1.0996992 0.9664675
1 -0.3529160 0.9086356 -0.9301065
1 0.8499757 -1.5589846 -0.2360893
8 0.0355913 -0.7135824 -0.0066772
5
-114.646     ts77     dynamics     sesquiterpene     TS     runpoint      17     runisomer      62
6 -0.0894081 0.7382962 0.0322218
1 -0.4833554 1.0939798 0.9635899
1 -0.3653929 0.9087751 -0.9919786
1 0.7510637 -1.5502329 -0.2407321
8 0.0452818 -0.7194794 -0.0072060
5
-114.659     ts77     dynamics     sesquiterpene     TS     runpoint      18     runisomer      62
6 -0.0905138 0.7426186 0.0374315
1 -0.4966903 1.0895036 0.9609778
1 -0.3817853 0.9240192 -1.0524814
1 0.6317763 -1.4927276 -0.2377755
8 0.0555015 -0.7270221 -0.0073232
5
-114.67     ts77     dynamics     sesquiterpene     TS     runpoint      19     runisomer      62
6 -0.0903877 0.7435905 0.0394990
1 -0.5139898 1.0863761 0.9601797
1 -0.3970537 0.9497784 -1.0922137
1 0.5146906 -1.4108497 -0.2352448
8 0.0648377 -0.7343338 -0.0064782
5
-114.648     ts77     dynamics     sesquiterpene     TS     runpoint      20     runisomer      62
6 -0.0893448 0.7411076 0.0376938
1 -0.5349419 1.0836878 0.9602897
1 -0.4082939 0.9824102 -1.1019522
1 0.4565569 -1.3880149 -0.2630918
8 0.0697476 -0.7357942 -0.0027610
5
-114.628     ts77     dynamics     sesquiterpene     TS     runpoint      21     runisomer      62
6 -0.0876972 0.7353489 0.0320443
1 -0.5577207 1.0797464 0.9583361
1 -0.4140434 1.0190181 -1.0795576
1 0.4791637 -1.4711172 -0.3470200
8 0.0688859 -0.7282926 0.0054795
5
-114.669     ts77     dynamics     sesquiterpene     TS     runpoint      22     runisomer      62
6 -0.0856927 0.7268811 0.0230462
1 -0.5797867 1.0726979 0.9509102
1 -0.4140424 1.0575808 -1.0284624
1 0.5197288 -1.5587187 -0.4494372
8 0.0662179 -0.7184036 0.0159339
5
-114.672     ts77     dynamics     sesquiterpene     TS     runpoint      23     runisomer      62
6 -0.0834746 0.7163151 0.0116326
1 -0.5985748 1.0609615 0.9357912
1 -0.4093813 1.0972938 -0.9580600
1 0.5499426 -1.6016404 -0.5453109
8 0.0635413 -0.7095334 0.0270561
5
-114.662     ts77     dynamics     sesquiterpene     TS     runpoint      24     runisomer      62
6 -0.0809964 0.7040001 -0.0007250
1 -0.6121137 1.0436669 0.9129110
1 -0.4031595 1.1398004 -0.8848879
1 0.5627621 -1.5898010 -0.6254397
8 0.0613354 -0.7026261 0.0382093
5
-114.658     ts77     dynamics     sesquiterpene     TS     runpoint      25     runisomer      62
6 -0.0780104 0.6899178 -0.0122408
1 -0.6196050 1.0209347 0.8846744
1 -0.4001822 1.1898803 -0.8297861
1 0.5563469 -1.5241209 -0.6851470
8 0.0597841 -0.6979204 0.0489195
5
-114.662     ts77     dynamics     sesquiterpene     TS     runpoint      26     runisomer      62
6 -0.0743575 0.6741164 -0.0218091
1 -0.6217782 0.9939560 0.8556723
1 -0.4031825 1.2509250 -0.8060021
1 0.5298063 -1.4084321 -0.7201700
8 0.0590427 -0.6954982 0.0586358
5
-114.68     ts77     dynamics     sesquiterpene     TS     runpoint      27     runisomer      62
6 -0.0703135 0.6574320 -0.0297313
1 -0.6206910 0.9650064 0.8315759
1 -0.4089806 1.3171061 -0.8097646
1 0.4837455 -1.2502305 -0.7274434
8 0.0592082 -0.6952925 0.0667954
5
-114.702     ts77     dynamics     sesquiterpene     TS     runpoint      28     runisomer      62
6 -0.0664336 0.6413648 -0.0368615
1 -0.6187933 0.9372864 0.8172370
1 -0.4114779 1.3754795 -0.8284208
1 0.4242792 -1.0662909 -0.7124697
8 0.0600814 -0.6967581 0.0732820
5
-114.706     ts77     dynamics     sesquiterpene     TS     runpoint      29     runisomer      62
6 -0.0632923 0.6274667 -0.0435007
1 -0.6176367 0.9143696 0.8148145
1 -0.4063393 1.4141877 -0.8512658
1 0.3701202 -0.8874573 -0.7078852
8 0.0607391 -0.6985918 0.0795673
5
-114.683     ts77     dynamics     sesquiterpene     TS     runpoint      30     runisomer      62
6 -0.0614508 0.6171917 -0.0491352
1 -0.6171127 0.8994159 0.8230231
1 -0.3919882 1.4258809 -0.8720766
1 0.3437631 -0.7384000 -0.7659426
8 0.0600805 -0.7000672 0.0882473
5
-114.674     ts77     dynamics     sesquiterpene     TS     runpoint      31     runisomer      62
6 -0.0613997 0.6117493 -0.0528533
1 -0.6157822 0.8945332 0.8379780
1 -0.3686921 1.4076765 -0.8879677
1 0.3364621 -0.6182404 -0.8655322
8 0.0589506 -0.7020973 0.0973715
5
-114.666     ts77     dynamics     sesquiterpene     TS     runpoint      32     runisomer      62
6 -0.0634019 0.6116176 -0.0538801
1 -0.6118025 0.9005727 0.8548692
1 -0.3378003 1.3607843 -0.8983159
1 0.3329156 -0.5299096 -0.9576742
8 0.0584791 -0.7049870 0.1035377
5
-114.653     ts77     dynamics     sesquiterpene     TS     runpoint      33     runisomer      62
6 -0.0674359 0.6164230 -0.0516751
1 -0.6037175 0.9173913 0.8693846
1 -0.3017128 1.2905425 -0.9049306
1 0.3275805 -0.4769493 -1.0200622
8 0.0590581 -0.7085595 0.1053190
5
-114.645     ts77     dynamics     sesquiterpene     TS     runpoint      34     runisomer      62
6 -0.0732288 0.6251134 -0.0457109
1 -0.5909486 0.9442135 0.8785183
1 -0.2639112 1.2066214 -0.9133717
1 0.3192151 -0.4606955 -1.0452804
8 0.0607443 -0.7125034 0.1023919
5
-114.646     ts77     dynamics     sesquiterpene     TS     runpoint      35     runisomer      62
6 -0.0803286 0.6362535 -0.0353876
1 -0.5740791 0.9799910 0.8809882
1 -0.2282721 1.1214621 -0.9331560
1 0.3076555 -0.4816940 -1.0307315
8 0.0634894 -0.7164235 0.0948233
5
-114.658     ts77     dynamics     sesquiterpene     TS     runpoint      36     runisomer      62
6 -0.0882424 0.6485488 -0.0205626
1 -0.5549519 1.0237706 0.8776288
1 -0.1973164 1.0448586 -0.9718309
1 0.2930420 -0.5396452 -0.9761666
8 0.0671896 -0.7199255 0.0829124
5
-114.68     ts77     dynamics     sesquiterpene     TS     runpoint      37     runisomer      62
6 -0.0965210 0.6612061 -0.0024399
1 -0.5364440 1.0749543 0.8715448
1 -0.1712002 0.9794788 -1.0249452
1 0.2765334 -0.6316071 -0.8876877
8 0.0716289 -0.7227302 0.0674711
5
-114.701     ts77     dynamics     sesquiterpene     TS     runpoint      38     runisomer      62
6 -0.1046923 0.6735918 0.0165815
1 -0.5215870 1.1330370 0.8670941
1 -0.1491786 0.9242050 -1.0772548
1 0.2635625 -0.7495818 -0.7940589
8 0.0762523 -0.7247630 0.0508778
5
-114.695     ts77     dynamics     sesquiterpene     TS     runpoint      39     runisomer      62
6 -0.1122522 0.6848544 0.0339957
1 -0.5121288 1.1964700 0.8673684
1 -0.1310522 0.8790915 -1.1136694
1 0.2687033 -0.8871103 -0.7678129
8 0.0798612 -0.7256983 0.0384381
5
-114.685     ts77     dynamics     sesquiterpene     TS     runpoint      40     runisomer      62
6 -0.1188279 0.6942435 0.0479524
1 -0.5075683 1.2613605 0.8719832
1 -0.1173083 0.8465847 -1.1250489
1 0.2953827 -1.0466606 -0.8288738
8 0.0819593 -0.7247267 0.0322423
