5
-114.654160 ts77 dynamics sesquiterpene TS runpoint 1  runisomer  133
6 -0.0264228 0.6074522 0.0053971
1 -0.2647241 1.2142575 0.9059919
1 -0.3194819 1.1190281 -0.9229537
1 0.9751276 -0.0944405 0.0470553
8 -0.0327625 -0.7338817 -0.0059454
5
-114.651 ts77 dynamics sesquiterpene TS runpoint 2  runisomer  133
6 -0.0151582 0.604388 -0.00581863
1 -0.297693 1.24461 0.963574
1 -0.355475 1.15328 -0.892876
1 0.929139 -0.0560038 0.0699172
8 -0.0339708 -0.738076 -0.0044945
5
-114.643     ts77     dynamics     sesquiterpene     TS     runpoint      3     runisomer      133
6 -0.0055739 0.6045000 -0.0156637
1 -0.3236655 1.2580987 1.0049186
1 -0.3873826 1.1841276 -0.8641934
1 0.9067427 -0.0128235 0.0926632
8 -0.0361028 -0.7436744 -0.0029556
5
-114.633     ts77     dynamics     sesquiterpene     TS     runpoint      4     runisomer      133
6 0.0014080 0.6078844 -0.0233449
1 -0.3396883 1.2516475 1.0241237
1 -0.4137607 1.2099966 -0.8389561
1 0.9203802 0.0372239 0.1161950
8 -0.0395288 -0.7505897 -0.0014778
5
-114.631     ts77     dynamics     sesquiterpene     TS     runpoint      5     runisomer      133
6 0.0056693 0.6138312 -0.0283592
1 -0.3445344 1.2252310 1.0194496
1 -0.4332549 1.2298828 -0.8189770
1 0.9711880 0.0994273 0.1400849
8 -0.0443939 -0.7585598 -0.0001874
5
-114.641     ts77     dynamics     sesquiterpene     TS     runpoint      6     runisomer      133
6 0.0080441 0.6210334 -0.0302710
1 -0.3384168 1.1806339 0.9917431
1 -0.4448201 1.2434006 -0.8059493
1 1.0481097 0.1817377 0.1615298
8 -0.0506799 -0.7671920 0.0008201
5
-114.657     ts77     dynamics     sesquiterpene     TS     runpoint      7     runisomer      133
6 0.0099035 0.6281218 -0.0288790
1 -0.3232566 1.1216292 0.9451987
1 -0.4478627 1.2505520 -0.8011874
1 1.1339696 0.2896537 0.1763536
8 -0.0582492 -0.7760434 0.0014732
5
-114.672     ts77     dynamics     sesquiterpene     TS     runpoint      8     runisomer      133
6 0.0126916 0.6339790 -0.0246897
1 -0.3036769 1.0553000 0.8905663
1 -0.4423035 1.2513610 -0.8050757
1 1.2121008 0.4224662 0.1809413
8 -0.0668475 -0.7846773 0.0017271
5
-114.679     ts77     dynamics     sesquiterpene     TS     runpoint      9     runisomer      133
6 0.0178294 0.6376347 -0.0194223
1 -0.2884298 0.9933822 0.8495520
1 -0.4285952 1.2456832 -0.8165406
1 1.2696735 0.5741871 0.1734162
8 -0.0761548 -0.7927202 0.0015540
5
-114.675     ts77     dynamics     sesquiterpene     TS     runpoint      10     runisomer      133
6 0.0266356 0.6383659 -0.0156370
1 -0.2888960 0.9488012 0.8502960
1 -0.4078555 1.2333198 -0.8330112
1 1.2984079 0.7362657 0.1538617
8 -0.0858508 -0.7998923 0.0009358
5
-114.675     ts77     dynamics     sesquiterpene     TS     runpoint      11     runisomer      133
6 0.0396618 0.6364303 -0.0144122
1 -0.3095606 0.9243541 0.9003988
1 -0.3822688 1.2143879 -0.8511798
1 1.2941683 0.8995552 0.1240715
8 -0.0956672 -0.8059943 -0.0001193
5
-114.684     ts77     dynamics     sesquiterpene     TS     runpoint      12     runisomer      133
6 0.0564079 0.6330396 -0.0143044
1 -0.3431962 0.9107448 0.9751965
1 -0.3555703 1.1894562 -0.8679495
1 1.2566089 1.0555083 0.0871492
8 -0.1054272 -0.8108475 -0.0015304
5
-114.688     ts77     dynamics     sesquiterpene     TS     runpoint      13     runisomer      133
6 0.0757563 0.6293929 -0.0134339
1 -0.3796452 0.8992909 1.0454032
1 -0.3322646 1.1591958 -0.8815249
1 1.1896436 1.1952329 0.0468685
8 -0.1148953 -0.8142867 -0.0032132
5
-114.681     ts77     dynamics     sesquiterpene     TS     runpoint      14     runisomer      133
6 0.0964207 0.6262784 -0.0108592
1 -0.4118050 0.8858861 1.0934699
1 -0.3168942 1.1244706 -0.8914334
1 1.1012358 1.3108412 0.0075838
8 -0.1237700 -0.8162015 -0.0050738
5
-114.668     ts77     dynamics     sesquiterpene     TS     runpoint      15     runisomer      133
6 0.1170288 0.6241224 -0.0063938
1 -0.4356984 0.8694016 1.1116804
1 -0.3133395 1.0859662 -0.8979638
1 1.0027736 1.3975819 -0.0263717
8 -0.1317449 -0.8165857 -0.0070204
5
-114.655     ts77     dynamics     sesquiterpene     TS     runpoint      16     runisomer      133
6 0.1361339 0.6230381 -0.0002439
1 -0.4492950 0.8501065 1.0978792
1 -0.3240716 1.0441351 -0.9013892
1 0.9075093 1.4550962 -0.0514994
8 -0.1385424 -0.8155460 -0.0089652
5
-114.654160 ts77 dynamics sesquiterpene TS runpoint 1  runisomer  133
6 -0.0264228 0.6074522 0.0053971
1 -0.2647241 1.2142575 0.9059919
1 -0.3194819 1.1190281 -0.9229537
1 0.9751276 -0.0944405 0.0470553
8 -0.0327625 -0.7338817 -0.0059454
5
-114.651 ts77 dynamics sesquiterpene TS runpoint 2  runisomer  133
6 -0.0381152 0.612821 0.0164236
1 -0.230124 1.17629 0.846476
1 -0.280771 1.08329 -0.951846
1 1.02777 -0.129629 0.0233962
8 -0.0319269 -0.731049 -0.00715692
5
-114.647     ts77     dynamics     sesquiterpene     TS     runpoint      3     runisomer      133
6 -0.0490140 0.6188187 0.0245707
1 -0.2016059 1.1492679 0.8119367
1 -0.2406679 1.0483206 -0.9764960
1 1.0718355 -0.1640114 -0.0009735
8 -0.0308494 -0.7294741 -0.0080044
5
-114.632     ts77     dynamics     sesquiterpene     TS     runpoint      4     runisomer      133
6 -0.0583885 0.6237267 0.0271323
1 -0.1850811 1.1528124 0.8299437
1 -0.2005971 1.0167556 -0.9942060
1 1.0961670 -0.2016320 -0.0254613
8 -0.0289140 -0.7290186 -0.0084012
5
-114.631     ts77     dynamics     sesquiterpene     TS     runpoint      5     runisomer      133
6 -0.0664989 0.6277546 0.0243939
1 -0.1788305 1.1845339 0.8948752
1 -0.1620211 0.9916664 -1.0040354
1 1.0936169 -0.2486228 -0.0493477
8 -0.0254927 -0.7294966 -0.0083135
5
-114.643     ts77     dynamics     sesquiterpene     TS     runpoint      6     runisomer      133
6 -0.0742511 0.6325803 0.0191920
1 -0.1774691 1.2246305 0.9739094
1 -0.1260370 0.9762343 -1.0073555
1 1.0605720 -0.3132230 -0.0719797
8 -0.0199477 -0.7305999 -0.0077562
5
-114.655     ts77     dynamics     sesquiterpene     TS     runpoint      7     runisomer      133
6 -0.0826138 0.6393896 0.0140646
1 -0.1772984 1.2575070 1.0399913
1 -0.0929630 0.9731959 -1.0070251
1 0.9981005 -0.4037647 -0.0929196
8 -0.0118322 -0.7318834 -0.0067746
5
-114.667     ts77     dynamics     sesquiterpene     TS     runpoint      8     runisomer      133
6 -0.0922684 0.6484550 0.0105028
1 -0.1765209 1.2757692 1.0790624
1 -0.0623109 0.9841808 -1.0057991
1 0.9176630 -0.5233033 -0.1126656
8 -0.0015006 -0.7329935 -0.0053977
5
-114.675     ts77     dynamics     sesquiterpene     TS     runpoint      9     runisomer      133
6 -0.1033602 0.6593783 0.0091621
1 -0.1744233 1.2768974 1.0854492
1 -0.0331797 1.0091407 -1.0046719
1 0.8565726 -0.6642717 -0.1353712
8 0.0087025 -0.7339498 -0.0034353
5
-114.673     ts77     dynamics     sesquiterpene     TS     runpoint      10     runisomer      133
6 -0.1154726 0.6713034 0.0100162
1 -0.1708615 1.2610124 1.0585957
1 -0.0048643 1.0462762 -1.0020982
1 0.8748077 -0.8183920 -0.1714110
8 0.0146336 -0.7345246 -0.0002754
5
-114.693     ts77     dynamics     sesquiterpene     TS     runpoint      11     runisomer      133
6 -0.1278973 0.6832384 0.0123834
1 -0.1660683 1.2307630 1.0031602
1 0.0227460 1.0925355 -0.9947184
1 0.9484086 -0.9854420 -0.2195001
8 0.0172768 -0.7339629 0.0040070
5
-114.71     ts77     dynamics     sesquiterpene     TS     runpoint      12     runisomer      133
6 -0.1399621 0.6941787 0.0148313
1 -0.1607040 1.1930501 0.9324232
1 0.0492264 1.1441431 -0.9790990
1 1.0109937 -1.1473732 -0.2659933
8 0.0203802 -0.7328443 0.0085724
5
-114.695     ts77     dynamics     sesquiterpene     TS     runpoint      13     runisomer      133
6 -0.1511230 0.7027495 0.0149243
1 -0.1556977 1.1615260 0.8733670
1 0.0738608 1.1972193 -0.9533642
1 1.0366316 -1.2860089 -0.3033686
8 0.0252716 -0.7318968 0.0129557
5
-114.665     ts77     dynamics     sesquiterpene     TS     runpoint      14     runisomer      133
6 -0.1610216 0.7073412 0.0098105
1 -0.1514303 1.1531972 0.8608061
1 0.0960759 1.2484984 -0.9181705
1 1.0225408 -1.3915823 -0.3295525
8 0.0319192 -0.7313958 0.0170153
5
-114.647     ts77     dynamics     sesquiterpene     TS     runpoint      15     runisomer      133
6 -0.1695274 0.7075781 -0.0009037
1 -0.1475504 1.1707422 0.9034689
1 0.1160274 1.2959446 -0.8769534
1 0.9719959 -1.4590837 -0.3444577
8 0.0399845 -0.7314162 0.0207067
5
-114.653     ts77     dynamics     sesquiterpene     TS     runpoint      16     runisomer      133
6 -0.1766314 0.7047280 -0.0143217
1 -0.1444110 1.1979353 0.9727464
1 0.1349340 1.3388981 -0.8348940
1 0.8882434 -1.4846495 -0.3483827
8 0.0492051 -0.7320872 0.0240049
5
-114.662     ts77     dynamics     sesquiterpene     TS     runpoint      17     runisomer      133
6 -0.1824165 0.7000898 -0.0274264
1 -0.1430042 1.2186352 1.0380288
1 0.1546795 1.3773303 -0.7967891
1 0.7746119 -1.4652151 -0.3420940
8 0.0593747 -0.7335580 0.0269249
5
-114.671     ts77     dynamics     sesquiterpene     TS     runpoint      18     runisomer      133
6 -0.1870290 0.6943450 -0.0385013
1 -0.1442142 1.2242383 1.0821186
1 0.1768645 1.4105419 -0.7654093
1 0.6403369 -1.4046218 -0.3296590
8 0.0699763 -0.7355117 0.0296949
5
-114.674     ts77     dynamics     sesquiterpene     TS     runpoint      19     runisomer      133
6 -0.1905967 0.6877823 -0.0468188
1 -0.1487202 1.2113429 1.0975233
1 0.2020349 1.4363569 -0.7412486
1 0.5154616 -1.3339263 -0.3295024
8 0.0792209 -0.7358574 0.0334324
5
-114.646     ts77     dynamics     sesquiterpene     TS     runpoint      20     runisomer      133
6 -0.1931994 0.6806074 -0.0522254
1 -0.1570436 1.1793095 1.0820363
1 0.2296038 1.4516128 -0.7233262
1 0.4570203 -1.3334147 -0.3932443
8 0.0836451 -0.7294496 0.0413503
5
-114.655     ts77     dynamics     sesquiterpene     TS     runpoint      21     runisomer      133
6 -0.1948971 0.6731966 -0.0550066
1 -0.1695423 1.1296731 1.0375147
1 0.2583394 1.4535629 -0.7102479
1 0.4486843 -1.3960619 -0.5256814
8 0.0844232 -0.7169392 0.0537622
5
-114.69     ts77     dynamics     sesquiterpene     TS     runpoint      22     runisomer      133
6 -0.1957716 0.6659559 -0.0559401
1 -0.1864459 1.0668023 0.9715266
1 0.2869395 1.4408303 -0.7009547
1 0.4400233 -1.4444993 -0.6684252
8 0.0848898 -0.7036911 0.0670274
5
-114.687     ts77     dynamics     sesquiterpene     TS     runpoint      23     runisomer      133
6 -0.1959176 0.6588717 -0.0565430
1 -0.2080881 0.9995345 0.9018340
1 0.3144950 1.4136587 -0.6949746
1 0.4163113 -1.4516521 -0.7906543
8 0.0861225 -0.6919751 0.0791940
5
-114.67     ts77     dynamics     sesquiterpene     TS     runpoint      24     runisomer      133
6 -0.1954076 0.6513366 -0.0593190
1 -0.2356344 0.9419152 0.8597865
1 0.3408443 1.3740067 -0.6923537
1 0.3764104 -1.4148808 -0.8804770
8 0.0883315 -0.6825094 0.0894191
5
-114.656     ts77     dynamics     sesquiterpene     TS     runpoint      25     runisomer      133
6 -0.1942663 0.6427224 -0.0663812
1 -0.2716596 0.9063266 0.8737969
1 0.3668057 1.3255348 -0.6936243
1 0.3223450 -1.3380119 -0.9319358
8 0.0915183 -0.6755920 0.0971554
5
-114.664     ts77     dynamics     sesquiterpene     TS     runpoint      26     runisomer      133
6 -0.1927319 0.6333091 -0.0765190
1 -0.3170584 0.8928249 0.9339265
1 0.3942245 1.2733121 -0.6998930
1 0.2572043 -1.2268360 -0.9406681
8 0.0956065 -0.6713933 0.1019155
5
-114.684     ts77     dynamics     sesquiterpene     TS     runpoint      27     runisomer      133
6 -0.1914326 0.6239196 -0.0863434
1 -0.3680813 0.8946128 1.0044470
1 0.4252025 1.2226151 -0.7122464
1 0.1852254 -1.0896091 -0.9043834
8 0.1004330 -0.6699127 0.1033340
