5
-114.654160 ts77 dynamics sesquiterpene TS runpoint 1  runisomer  114
6 -0.0209368 0.6630522 -0.0031261
1 -0.2335942 1.1269249 0.9558842
1 -0.3888441 1.2075198 -1.0147384
1 0.9775394 -0.0745801 0.1309714
8 -0.0346224 -0.7769183 -0.0021981
5
-114.642 ts77 dynamics sesquiterpene TS runpoint 2  runisomer  114
6 -0.0236082 0.656587 -0.00347495
1 -0.216253 1.10762 0.895555
1 -0.358463 1.24938 -0.975657
1 0.936366 -0.0513043 0.115342
8 -0.0330305 -0.774956 0.000387286
5
-114.642     ts77     dynamics     sesquiterpene     TS     runpoint      3     runisomer      114
6 -0.0267947 0.6493328 -0.0069737
1 -0.2052928 1.1000330 0.8572272
1 -0.3189961 1.2764456 -0.9170591
1 0.9063011 -0.0248842 0.0970891
8 -0.0319235 -0.7724059 0.0028843
5
-114.64     ts77     dynamics     sesquiterpene     TS     runpoint      4     runisomer      114
6 -0.0303441 0.6410790 -0.0140745
1 -0.2036443 1.1108104 0.8575976
1 -0.2738156 1.2896585 -0.8493471
1 0.8976780 0.0052003 0.0771272
8 -0.0316697 -0.7696210 0.0051780
5
-114.642     ts77     dynamics     sesquiterpene     TS     runpoint      5     runisomer      114
6 -0.0340863 0.6319469 -0.0228305
1 -0.2096161 1.1351472 0.8910737
1 -0.2280120 1.2952558 -0.7888698
1 0.9166992 0.0413408 0.0560579
8 -0.0325720 -0.7669334 0.0071530
5
-114.645     ts77     dynamics     sesquiterpene     TS     runpoint      6     runisomer      114
6 -0.0375232 0.6218955 -0.0298715
1 -0.2192074 1.1610836 0.9378443
1 -0.1871369 1.3044595 -0.7544679
1 0.9624456 0.0886496 0.0341577
8 -0.0348480 -0.7645868 0.0086986
5
-114.645     ts77     dynamics     sesquiterpene     TS     runpoint      7     runisomer      114
6 -0.0397847 0.6107053 -0.0327432
1 -0.2294114 1.1787825 0.9803797
1 -0.1544525 1.3252435 -0.7566486
1 1.0272665 0.1537650 0.0116640
8 -0.0386529 -0.7627184 0.0097260
5
-114.65     ts77     dynamics     sesquiterpene     TS     runpoint      8     runisomer      114
6 -0.0399570 0.5988699 -0.0310387
1 -0.2386955 1.1829944 1.0081017
1 -0.1301840 1.3525971 -0.7893916
1 1.1001149 0.2413289 -0.0108328
8 -0.0440595 -0.7613446 0.0101797
5
-114.658     ts77     dynamics     sesquiterpene     TS     runpoint      9     runisomer      114
6 -0.0373077 0.5875390 -0.0256780
1 -0.2463864 1.1718341 1.0157968
1 -0.1138421 1.3734110 -0.8373595
1 1.1697500 0.3509476 -0.0322597
8 -0.0509822 -0.7603591 0.0100441
5
-114.664     ts77     dynamics     sesquiterpene     TS     runpoint      10     runisomer      114
6 -0.0313887 0.5777922 -0.0178493
1 -0.2523246 1.1457302 1.0020836
1 -0.1054224 1.3768166 -0.8865457
1 1.2266865 0.4774260 -0.0512626
8 -0.0591685 -0.7595853 0.0093295
5
-114.668     ts77     dynamics     sesquiterpene     TS     runpoint      11     runisomer      114
6 -0.0220303 0.5703023 -0.0086893
1 -0.2569813 1.1073655 0.9693588
1 -0.1050641 1.3574055 -0.9275977
1 1.2643117 0.6131841 -0.0665198
8 -0.0682925 -0.7588790 0.0080671
5
-114.671     ts77     dynamics     sesquiterpene     TS     runpoint      12     runisomer      114
6 -0.0092414 0.5652632 0.0005727
1 -0.2620083 1.0624088 0.9251277
1 -0.1126704 1.3140912 -0.9550793
1 1.2791061 0.7503913 -0.0769852
8 -0.0780262 -0.7581820 0.0062957
5
-114.673     ts77     dynamics     sesquiterpene     TS     runpoint      13     runisomer      114
6 0.0069478 0.5623775 0.0084207
1 -0.2711948 1.0202134 0.8835180
1 -0.1278442 1.2487225 -0.9664688
1 1.2700948 0.8819862 -0.0819954
8 -0.0880707 -0.7575313 0.0040633
5
-114.673     ts77     dynamics     sesquiterpene     TS     runpoint      14     runisomer      114
6 0.0265790 0.5610490 0.0133029
1 -0.2906002 0.9918781 0.8622890
1 -0.1501202 1.1654614 -0.9620882
1 1.2381240 1.0018757 -0.0812795
8 -0.0981603 -0.7570558 0.0014166
5
-114.674     ts77     dynamics     sesquiterpene     TS     runpoint      15     runisomer      114
6 0.0495337 0.5609633 0.0148018
1 -0.3249628 0.9833470 0.8700736
1 -0.1795236 1.0706354 -0.9460527
1 1.1855223 1.1048349 -0.0750416
8 -0.1080510 -0.7569662 -0.0016013
5
-114.68     ts77     dynamics     sesquiterpene     TS     runpoint      16     runisomer      114
6 0.0752961 0.5625377 0.0146085
1 -0.3728947 0.9906176 0.8965704
1 -0.2181040 0.9715318 -0.9272863
1 1.1163050 1.1867189 -0.0641375
8 -0.1175680 -0.7575201 -0.0049944
5
-114.684     ts77     dynamics     sesquiterpene     TS     runpoint      17     runisomer      114
6 0.1026931 0.5664411 0.0146202
1 -0.4270047 1.0032035 0.9241193
1 -0.2706341 0.8765115 -0.9162810
1 1.0386190 1.2448843 -0.0473997
8 -0.1265098 -0.7589182 -0.0084851
5
-114.683     ts77     dynamics     sesquiterpene     TS     runpoint      18     runisomer      114
6 0.1299740 0.5728135 0.0169301
1 -0.4801129 1.0151941 0.9383384
1 -0.3392536 0.7889133 -0.9197827
1 0.9634605 1.2797369 -0.0280530
8 -0.1345736 -0.7611300 -0.0121113
5
-114.654160 ts77 dynamics sesquiterpene TS runpoint 1  runisomer  114
6 -0.0209368 0.6630522 -0.0031261
1 -0.2335942 1.1269249 0.9558842
1 -0.3888441 1.2075198 -1.0147384
1 0.9775394 -0.0745801 0.1309714
8 -0.0346224 -0.7769183 -0.0021981
5
-114.642 ts77 dynamics sesquiterpene TS runpoint 2  runisomer  114
6 -0.0189203 0.66894 -0.00447289
1 -0.252567 1.14814 1.01498
1 -0.408436 1.15319 -1.02919
1 1.01906 -0.0945173 0.142968
8 -0.0363221 -0.777993 -0.00475671
5
-114.637     ts77     dynamics     sesquiterpene     TS     runpoint      3     runisomer      114
6 -0.0175899 0.6741608 -0.0062586
1 -0.2694697 1.1646088 1.0563136
1 -0.4170430 1.0907762 -1.0183780
1 1.0521515 -0.1109435 0.1504723
8 -0.0377975 -0.7779803 -0.0071763
5
-114.632     ts77     dynamics     sesquiterpene     TS     runpoint      4     runisomer      114
6 -0.0168567 0.6783797 -0.0075069
1 -0.2820969 1.1731002 1.0713012
1 -0.4162412 1.0263806 -0.9865462
1 1.0707545 -0.1241127 0.1529137
8 -0.0387759 -0.7767928 -0.0093442
5
-114.629     ts77     dynamics     sesquiterpene     TS     runpoint      5     runisomer      114
6 -0.0164818 0.6811339 -0.0072135
1 -0.2893421 1.1726420 1.0570510
1 -0.4101042 0.9676998 -0.9442596
1 1.0714593 -0.1349446 0.1500570
8 -0.0390330 -0.7744503 -0.0111512
5
-114.629     ts77     dynamics     sesquiterpene     TS     runpoint      6     runisomer      114
6 -0.0160608 0.6819374 -0.0042330
1 -0.2910023 1.1639290 1.0152678
1 -0.4055091 0.9232159 -0.9087067
1 1.0532247 -0.1452338 0.1420147
8 -0.0383861 -0.7710522 -0.0124888
5
-114.63     ts77     dynamics     sesquiterpene     TS     runpoint      7     runisomer      114
6 -0.0152172 0.6804430 0.0020981
1 -0.2881157 1.1497825 0.9533033
1 -0.4095238 0.8995508 -0.8972407
1 1.0174325 -0.1578901 0.1292881
8 -0.0366938 -0.7667509 -0.0132559
5
-114.636     ts77     dynamics     sesquiterpene     TS     runpoint      8     runisomer      114
6 -0.0140290 0.6765656 0.0105998
1 -0.2839548 1.1366728 0.8869505
1 -0.4234709 0.8982403 -0.9138965
1 0.9683468 -0.1772509 0.1128021
8 -0.0338771 -0.7617132 -0.0133664
5
-114.642     ts77     dynamics     sesquiterpene     TS     runpoint      9     runisomer      114
6 -0.0130952 0.6703717 0.0179936
1 -0.2847443 1.1356945 0.8407547
1 -0.4414524 0.9158345 -0.9463501
1 0.9138496 -0.2092487 0.0938903
8 -0.0299621 -0.7560958 -0.0127662
5
-114.643     ts77     dynamics     sesquiterpene     TS     runpoint      10     runisomer      114
6 -0.0132723 0.6622772 0.0210606
1 -0.2963471 1.1568766 0.8350112
1 -0.4559371 0.9468624 -0.9781895
1 0.8661548 -0.2605441 0.0741862
8 -0.0251807 -0.7500798 -0.0114571
5
-114.647     ts77     dynamics     sesquiterpene     TS     runpoint      11     runisomer      114
6 -0.0157157 0.6537575 0.0191611
1 -0.3171743 1.1970391 0.8652902
1 -0.4619730 0.9858989 -0.9979533
1 0.8421077 -0.3355539 0.0554315
8 -0.0201406 -0.7439518 -0.0095122
5
-114.656     ts77     dynamics     sesquiterpene     TS     runpoint      12     runisomer      114
6 -0.0214349 0.6468266 0.0137338
1 -0.3397214 1.2417911 0.9095283
1 -0.4576348 1.0282003 -1.0000870
1 0.8599842 -0.4338182 0.0389587
8 -0.0158309 -0.7380447 -0.0070548
5
-114.668     ts77     dynamics     sesquiterpene     TS     runpoint      13     runisomer      114
6 -0.0306306 0.6427846 0.0064420
1 -0.3576630 1.2778350 0.9484774
1 -0.4432938 1.0698641 -0.9835970
1 0.9233460 -0.5544763 0.0246675
8 -0.0126992 -0.7323053 -0.0041765
5
-114.684     ts77     dynamics     sesquiterpene     TS     runpoint      14     runisomer      114
6 -0.0427639 0.6420358 -0.0013986
1 -0.3678094 1.2972648 0.9714231
1 -0.4210222 1.1081513 -0.9514515
1 1.0049658 -0.6979509 0.0113576
8 -0.0095050 -0.7263381 -0.0009273
5
-114.694     ts77     dynamics     sesquiterpene     TS     runpoint      15     runisomer      114
6 -0.0569825 0.6444151 -0.0086321
1 -0.3690138 1.2964783 0.9739816
1 -0.3941205 1.1422171 -0.9108661
1 1.0688877 -0.8568400 -0.0014618
8 -0.0044863 -0.7202068 0.0025888
5
-114.694     ts77     dynamics     sesquiterpene     TS     runpoint      16     runisomer      114
6 -0.0723842 0.6492830 -0.0141051
1 -0.3612562 1.2748975 0.9560144
1 -0.3664679 1.1739027 -0.8732052
1 1.0941350 -1.0170338 -0.0135257
8 0.0032447 -0.7144010 0.0062147
5
-114.689     ts77     dynamics     sesquiterpene     TS     runpoint      17     runisomer      114
6 -0.0881229 0.6555839 -0.0169021
1 -0.3456071 1.2347975 0.9214338
1 -0.3412153 1.2070615 -0.8512082
1 1.0747037 -1.1641339 -0.0245518
8 0.0136987 -0.7094209 0.0098017
5
-114.685     ts77     dynamics     sesquiterpene     TS     runpoint      18     runisomer      114
6 -0.1035021 0.6621204 -0.0170628
1 -0.3248598 1.1823304 0.8800498
1 -0.3190066 1.2439859 -0.8524760
1 1.0127715 -1.2863232 -0.0345327
8 0.0264316 -0.7056453 0.0132400
5
-114.683     ts77     dynamics     sesquiterpene     TS     runpoint      19     runisomer      114
6 -0.1179443 0.6678098 -0.0162564
1 -0.3040578 1.1288964 0.8503015
1 -0.2977617 1.2817917 -0.8743601
1 0.9143583 -1.3747302 -0.0437548
8 0.0408180 -0.7033573 0.0164701
5
-114.68     ts77     dynamics     sesquiterpene     TS     runpoint      20     runisomer      114
6 -0.1309587 0.6717913 -0.0172618
1 -0.2889300 1.0884138 0.8557320
1 -0.2748239 1.3137866 -0.9065749
1 0.7888139 -1.4244995 -0.0529246
8 0.0560935 -0.7026715 0.0194911
5
-114.679     ts77     dynamics     sesquiterpene     TS     runpoint      21     runisomer      114
6 -0.1424152 0.6739014 -0.0217056
1 -0.2812490 1.0664536 0.9048329
1 -0.2487483 1.3336404 -0.9378602
1 0.6520139 -1.4403823 -0.0638438
8 0.0711813 -0.7031209 0.0223910
5
-114.679     ts77     dynamics     sesquiterpene     TS     runpoint      22     runisomer      114
6 -0.1526384 0.6747624 -0.0286074
1 -0.2778081 1.0561136 0.9780429
1 -0.2193439 1.3376882 -0.9601547
1 0.5300890 -1.4487209 -0.0812091
8 0.0844635 -0.7028448 0.0254552
5
-114.666     ts77     dynamics     sesquiterpene     TS     runpoint      23     runisomer      114
6 -0.1620488 0.6749177 -0.0359942
1 -0.2749534 1.0486688 1.0476429
1 -0.1870747 1.3253080 -0.9695368
1 0.4462819 -1.4934724 -0.1136732
8 0.0945923 -0.6988928 0.0292490
5
-114.66     ts77     dynamics     sesquiterpene     TS     runpoint      24     runisomer      114
6 -0.1709744 0.6745235 -0.0423835
1 -0.2707171 1.0396182 1.0946991
1 -0.1526050 1.2988596 -0.9660488
1 0.3892336 -1.5742995 -0.1650499
8 0.1024439 -0.6912672 0.0340959
5
-114.661     ts77     dynamics     sesquiterpene     TS     runpoint      25     runisomer      114
6 -0.1796864 0.6734677 -0.0468882
1 -0.2643923 1.0277910 1.1100140
1 -0.1164466 1.2635048 -0.9535565
1 0.3352256 -1.6471618 -0.2292617
8 0.1097070 -0.6829099 0.0397695
5
-114.657     ts77     dynamics     sesquiterpene     TS     runpoint      26     runisomer      114
6 -0.1884651 0.6714260 -0.0489515
1 -0.2559533 1.0136852 1.0910470
1 -0.0785695 1.2264837 -0.9392699
1 0.2735098 -1.6815145 -0.2992939
8 0.1172645 -0.6759911 0.0460267
