5
-114.654160 ts77 dynamics sesquiterpene TS runpoint 1  runisomer  135
6 -0.0044230 0.6452348 -0.0178514
1 -0.3366286 1.1827141 0.9240830
1 -0.4012626 1.2531612 -0.8321291
1 0.8777374 -0.0654718 0.0809097
8 -0.0334482 -0.7705167 0.0025016
5
-114.641 ts77 dynamics sesquiterpene TS runpoint 2  runisomer  135
6 -0.00433137 0.654046 -0.0275433
1 -0.338085 1.14507 0.933582
1 -0.406361 1.22016 -0.767202
1 0.926633 -0.0601091 0.101966
8 -0.0361847 -0.773014 0.00375693
5
-114.639     ts77     dynamics     sesquiterpene     TS     runpoint      3     runisomer      135
6 -0.0051581 0.6617936 -0.0336182
1 -0.3312815 1.1006271 0.9378691
1 -0.4169988 1.1969566 -0.7343673
1 0.9913934 -0.0521830 0.1220107
8 -0.0394035 -0.7750629 0.0047128
5
-114.632     ts77     dynamics     sesquiterpene     TS     runpoint      4     runisomer      135
6 -0.0050771 0.6662659 -0.0345350
1 -0.3172074 1.0535018 0.9391667
1 -0.4431272 1.1968969 -0.7508240
1 1.0572683 -0.0357934 0.1385270
8 -0.0428565 -0.7764770 0.0053159
5
-114.633     ts77     dynamics     sesquiterpene     TS     runpoint      5     runisomer      135
6 -0.0035157 0.6669724 -0.0312188
1 -0.2981370 1.0087224 0.9413819
1 -0.4800587 1.2142335 -0.8064716
1 1.1143121 -0.0048504 0.1492394
8 -0.0464981 -0.7772267 0.0055204
5
-114.638     ts77     dynamics     sesquiterpene     TS     runpoint      6     runisomer      135
6 -0.0007597 0.6643856 -0.0260321
1 -0.2772174 0.9713928 0.9491257
1 -0.5137408 1.2333932 -0.8753463
1 1.1574106 0.0466894 0.1524252
8 -0.0504784 -0.7773890 0.0052796
5
-114.639     ts77     dynamics     sesquiterpene     TS     runpoint      7     runisomer      135
6 0.0030301 0.6588026 -0.0208290
1 -0.2574650 0.9454499 0.9653275
1 -0.5334087 1.2435105 -0.9363716
1 1.1845541 0.1238165 0.1468081
8 -0.0550379 -0.7770622 0.0045553
5
-114.64     ts77     dynamics     sesquiterpene     TS     runpoint      8     runisomer      135
6 0.0079043 0.6503819 -0.0164166
1 -0.2408674 0.9326438 0.9887548
1 -0.5339957 1.2398693 -0.9774557
1 1.1950547 0.2289434 0.1314049
8 -0.0603664 -0.7763308 0.0033280
5
-114.648     ts77     dynamics     sesquiterpene     TS     runpoint      9     runisomer      135
6 0.0139166 0.6394725 -0.0128163
1 -0.2283128 0.9324468 1.0140188
1 -0.5142923 1.2212393 -0.9926340
1 1.1888210 0.3609270 0.1056183
8 -0.0665175 -0.7752754 0.0016159
5
-114.664     ts77     dynamics     sesquiterpene     TS     runpoint      10     runisomer      135
6 0.0209646 0.6267421 -0.0097133
1 -0.2200848 0.9426302 1.0342065
1 -0.4757293 1.1882752 -0.9798133
1 1.1675047 0.5148671 0.0697277
8 -0.0734116 -0.7739865 -0.0005298
5
-114.684     ts77     dynamics     sesquiterpene     TS     runpoint      11     runisomer      135
6 0.0287008 0.6130632 -0.0067567
1 -0.2162162 0.9599229 1.0436442
1 -0.4225318 1.1433722 -0.9405787
1 1.1364470 0.6828712 0.0254677
8 -0.0808556 -0.7725699 -0.0030254
5
-114.7     ts77     dynamics     sesquiterpene     TS     runpoint      12     runisomer      135
6 0.0367741 0.5992005 -0.0035003
1 -0.2165852 0.9805992 1.0392645
1 -0.3630002 1.0917122 -0.8823334
1 1.1037541 0.8561039 -0.0238880
8 -0.0885820 -0.7711322 -0.0057519
5
-114.654160 ts77 dynamics sesquiterpene TS runpoint 1  runisomer  135
6 -0.0044230 0.6452348 -0.0178514
1 -0.3366286 1.1827141 0.9240830
1 -0.4012626 1.2531612 -0.8321291
1 0.8777374 -0.0654718 0.0809097
8 -0.0334482 -0.7705167 0.0025016
5
-114.641 ts77 dynamics sesquiterpene TS runpoint 2  runisomer  135
6 -0.00717859 0.637814 -0.00680953
1 -0.327222 1.21083 0.90901
1 -0.39056 1.27887 -0.904789
1 0.859716 -0.0733822 0.0606389
8 -0.0315124 -0.767842 0.00102249
5
-114.637     ts77     dynamics     sesquiterpene     TS     runpoint      3     runisomer      135
6 -0.0132373 0.6331353 0.0038484
1 -0.3114101 1.2285925 0.8900611
1 -0.3690633 1.2873021 -0.9681365
1 0.8792107 -0.0863493 0.0413681
8 -0.0305460 -0.7651654 -0.0005746
5
-114.636     ts77     dynamics     sesquiterpene     TS     runpoint      4     runisomer      135
6 -0.0220335 0.6312582 0.0128944
1 -0.2918065 1.2374223 0.8711472
1 -0.3360598 1.2748956 -1.0125579
1 0.9292751 -0.1035043 0.0222410
8 -0.0304155 -0.7624502 -0.0021678
5
-114.638     ts77     dynamics     sesquiterpene     TS     runpoint      5     runisomer      135
6 -0.0323287 0.6314759 0.0193339
1 -0.2715911 1.2407678 0.8578982
1 -0.2930665 1.2417687 -1.0330792
1 0.9936510 -0.1225539 0.0026633
8 -0.0307323 -0.7595362 -0.0036403
5
-114.639     ts77     dynamics     sesquiterpene     TS     runpoint      6     runisomer      135
6 -0.0428488 0.6329430 0.0224245
1 -0.2535851 1.2427596 0.8558291
1 -0.2427084 1.1904061 -1.0280174
1 1.0552849 -0.1418348 -0.0171346
8 -0.0310314 -0.7563101 -0.0049016
5
-114.64     ts77     dynamics     sesquiterpene     TS     runpoint      7     runisomer      135
6 -0.0526514 0.6350289 0.0220027
1 -0.2393175 1.2458583 0.8673294
1 -0.1883617 1.1257267 -0.9996178
1 1.1013000 -0.1610459 -0.0363873
8 -0.0308999 -0.7527834 -0.0058880
5
-114.64     ts77     dynamics     sesquiterpene     TS     runpoint      8     runisomer      135
6 -0.0612039 0.6373481 0.0189159
1 -0.2288267 1.2493192 0.8896252
1 -0.1339716 1.0561670 -0.9568974
1 1.1234999 -0.1816231 -0.0542125
8 -0.0299705 -0.7490602 -0.0065471
5
-114.638     ts77     dynamics     sesquiterpene     TS     runpoint      9     runisomer      135
6 -0.0683983 0.6395503 0.0152673
1 -0.2213130 1.2501519 0.9158981
1 -0.0831568 0.9945687 -0.9195121
1 1.1171176 -0.2073408 -0.0698449
8 -0.0278476 -0.7452616 -0.0068372
5
-114.632     ts77     dynamics     sesquiterpene     TS     runpoint      10     runisomer      135
6 -0.0746658 0.6413168 0.0138364
1 -0.2158407 1.2454320 0.9385857
1 -0.0369791 0.9550710 -0.9140647
1 1.0799558 -0.2448407 -0.0827325
8 -0.0240596 -0.7414378 -0.0067259
5
-114.636     ts77     dynamics     sesquiterpene     TS     runpoint      11     runisomer      135
6 -0.0809564 0.6428980 0.0159102
1 -0.2116174 1.2339103 0.9524031
1 0.0067083 0.9437616 -0.9510570
1 1.0130149 -0.3030967 -0.0927223
8 -0.0181433 -0.7375142 -0.0061944
5
-114.656     ts77     dynamics     sesquiterpene     TS     runpoint      12     runisomer      135
6 -0.0882025 0.6451870 0.0200220
1 -0.2081152 1.2164836 0.9558108
1 0.0492047 0.9554417 -1.0109926
1 0.9241332 -0.3903119 -0.1006166
8 -0.0100054 -0.7333729 -0.0052214
5
-114.674     ts77     dynamics     sesquiterpene     TS     runpoint      13     runisomer      135
6 -0.0968470 0.6488779 0.0237979
1 -0.2052316 1.1960454 0.9510875
1 0.0892648 0.9815442 -1.0664470
1 0.8403437 -0.5060578 -0.1098375
8 -0.0009472 -0.7292050 -0.0036824
5
-114.67     ts77     dynamics     sesquiterpene     TS     runpoint      14     runisomer      135
6 -0.1066718 0.6538650 0.0253871
1 -0.2032599 1.1769089 0.9435899
1 0.1248473 1.0152021 -1.0992274
1 0.8286238 -0.6356429 -0.1300627
8 0.0047954 -0.7256956 -0.0010628
5
-114.667     ts77     dynamics     sesquiterpene     TS     runpoint      15     runisomer      135
6 -0.1169302 0.6593458 0.0235634
1 -0.2024835 1.1635220 0.9398520
1 0.1540457 1.0519213 -1.1008182
1 0.9208278 -0.7769548 -0.1686818
8 0.0047914 -0.7223737 0.0030732
5
-114.696     ts77     dynamics     sesquiterpene     TS     runpoint      16     runisomer      135
6 -0.1268477 0.6645841 0.0177655
1 -0.2027787 1.1584673 0.9442148
1 0.1755052 1.0889262 -1.0691038
1 1.0300793 -0.9289119 -0.2120549
8 0.0040127 -0.7187421 0.0078807
5
-114.696     ts77     dynamics     sesquiterpene     TS     runpoint      17     runisomer      135
6 -0.1359419 0.6692280 0.0083080
1 -0.2036768 1.1609815 0.9559238
1 0.1888715 1.1245077 -1.0069078
1 1.1043826 -1.0749795 -0.2490721
8 0.0053666 -0.7154227 0.0126516
5
-114.682     ts77     dynamics     sesquiterpene     TS     runpoint      18     runisomer      135
6 -0.1440149 0.6730380 -0.0035657
1 -0.2047818 1.1675315 0.9696968
1 0.1955335 1.1586996 -0.9229843
1 1.1331830 -1.2026978 -0.2761910
8 0.0092577 -0.7128010 0.0171126
5
-114.667     ts77     dynamics     sesquiterpene     TS     runpoint      19     runisomer      135
6 -0.1511900 0.6755423 -0.0158040
1 -0.2061761 1.1737036 0.9791547
1 0.2000448 1.1952488 -0.8339789
1 1.1195327 -1.3053787 -0.2931293
8 0.0153038 -0.7109017 0.0211573
5
-114.653     ts77     dynamics     sesquiterpene     TS     runpoint      20     runisomer      135
6 -0.1579359 0.6759604 -0.0260452
1 -0.2085108 1.1756943 0.9799551
1 0.2107272 1.2427019 -0.7620432
1 1.0678275 -1.3785179 -0.3002979
8 0.0230964 -0.7097233 0.0247084
5
-114.648     ts77     dynamics     sesquiterpene     TS     runpoint      21     runisomer      135
6 -0.1646777 0.6738135 -0.0329354
1 -0.2128148 1.1709192 0.9711551
1 0.2348383 1.3077546 -0.7212282
1 0.9804566 -1.4171655 -0.2979137
8 0.0324098 -0.7094760 0.0277091
5
-114.659     ts77     dynamics     sesquiterpene     TS     runpoint      22     runisomer      135
6 -0.1711791 0.6698265 -0.0371160
1 -0.2202467 1.1582203 0.9550854
1 0.2709288 1.3837205 -0.7060621
1 0.8588179 -1.4156986 -0.2862176
8 0.0431448 -0.7105634 0.0301650
5
-114.678     ts77     dynamics     sesquiterpene     TS     runpoint      23     runisomer      135
6 -0.1767580 0.6653641 -0.0402124
1 -0.2319091 1.1379977 0.9364109
1 0.3112680 1.4544671 -0.7022883
1 0.7094805 -1.3729546 -0.2675810
8 0.0549324 -0.7130909 0.0322519
5
-114.69     ts77     dynamics     sesquiterpene     TS     runpoint      24     runisomer      135
6 -0.1808618 0.6612779 -0.0436242
1 -0.2487427 1.1121290 0.9210225
1 0.3487968 1.5061948 -0.6993724
1 0.5608433 -1.3112941 -0.2547558
8 0.0660711 -0.7155395 0.0347895
5
-114.659     ts77     dynamics     sesquiterpene     TS     runpoint      25     runisomer      135
6 -0.1832095 0.6577509 -0.0482782
1 -0.2714487 1.0832434 0.9145007
1 0.3791941 1.5310870 -0.6919477
1 0.4857056 -1.3169163 -0.2925106
8 0.0720804 -0.7122878 0.0406043
5
-114.645     ts77     dynamics     sesquiterpene     TS     runpoint      26     runisomer      135
6 -0.1837537 0.6549106 -0.0546681
1 -0.3003196 1.0535775 0.9197430
1 0.4003379 1.5262802 -0.6778016
1 0.4888536 -1.4163106 -0.4025455
8 0.0727741 -0.7017221 0.0511100
5
-114.683     ts77     dynamics     sesquiterpene     TS     runpoint      27     runisomer      135
6 -0.1826633 0.6531625 -0.0628090
1 -0.3349804 1.0240177 0.9349126
1 0.4118169 1.4926542 -0.6566745
1 0.4984882 -1.5087675 -0.5292037
8 0.0728067 -0.6906028 0.0629116
5
-114.677     ts77     dynamics     sesquiterpene     TS     runpoint      28     runisomer      135
6 -0.1803302 0.6527680 -0.0721497
1 -0.3742507 0.9941976 0.9537690
1 0.4152051 1.4345845 -0.6303255
1 0.4924973 -1.5557040 -0.6434640
8 0.0736932 -0.6818108 0.0742716
5
-114.664     ts77     dynamics     sesquiterpene     TS     runpoint      29     runisomer      135
6 -0.1774743 0.6534044 -0.0816230
1 -0.4164024 0.9638444 0.9683657
1 0.4156879 1.3614666 -0.6037397
1 0.4681610 -1.5515839 -0.7353250
8 0.0757073 -0.6760280 0.0845731
5
-114.657     ts77     dynamics     sesquiterpene     TS     runpoint      30     runisomer      135
6 -0.1752683 0.6539379 -0.0897503
1 -0.4595359 0.9338755 0.9718225
1 0.4241789 1.2892261 -0.5864463
1 0.4266305 -1.4989279 -0.7998258
8 0.0788497 -0.6733062 0.0934279
5
-114.656     ts77     dynamics     sesquiterpene     TS     runpoint      31     runisomer      135
6 -0.1751232 0.6528866 -0.0950493
1 -0.5018139 0.9066607 0.9599744
1 0.4550272 1.2357024 -0.5897340
1 0.3697968 -1.4015992 -0.8322926
8 0.0830410 -0.6735622 0.1004044
5
-114.668     ts77     dynamics     sesquiterpene     TS     runpoint      32     runisomer      135
6 -0.1775845 0.6497150 -0.0970393
1 -0.5418350 0.8857156 0.9322751
1 0.5129467 1.2067096 -0.6159727
1 0.3003735 -1.2649547 -0.8281326
8 0.0881328 -0.6766447 0.1050346
5
-114.695     ts77     dynamics     sesquiterpene     TS     runpoint      33     runisomer      135
6 -0.1816228 0.6451793 -0.0966636
1 -0.5793153 0.8752745 0.8922516
1 0.5848700 1.1925593 -0.6538582
1 0.2232174 -1.1000271 -0.7877840
8 0.0938521 -0.6820840 0.1071215
5
-114.714     ts77     dynamics     sesquiterpene     TS     runpoint      34     runisomer      135
6 -0.1856248 0.6402135 -0.0953289
1 -0.6156892 0.8797453 0.8470354
1 0.6522815 1.1815581 -0.6890252
1 0.1469546 -0.9308895 -0.7340506
8 0.0997021 -0.6886041 0.1078014
5
-114.697     ts77     dynamics     sesquiterpene     TS     runpoint      35     runisomer      135
6 -0.1883192 0.6354743 -0.0940535
1 -0.6538411 0.9027977 0.8050614
1 0.7020448 1.1672162 -0.7119781
1 0.0797143 -0.7910559 -0.7361834
8 0.1052265 -0.6944071 0.1110707
5
-114.673     ts77     dynamics     sesquiterpene     TS     runpoint      36     runisomer      135
6 -0.1889767 0.6315667 -0.0932264
1 -0.6961678 0.9459617 0.7716100
1 0.7273719 1.1475142 -0.7182604
1 0.0184007 -0.6860042 -0.8235841
8 0.1106535 -0.6995726 0.1184620
5
-114.677     ts77     dynamics     sesquiterpene     TS     runpoint      37     runisomer      135
6 -0.1873971 0.6289380 -0.0927351
1 -0.7419016 1.0069926 0.7451507
1 0.7261420 1.1233372 -0.7065913
1 -0.0364344 -0.6094938 -0.9285542
8 0.1158819 -0.7047432 0.1256413
5
-114.669     ts77     dynamics     sesquiterpene     TS     runpoint      38     runisomer      135
6 -0.1838837 0.6277278 -0.0922284
1 -0.7866244 1.0796128 0.7187680
1 0.7001048 1.0973719 -0.6780687
1 -0.0820601 -0.5599958 -1.0097176
8 0.1205787 -0.7098930 0.1302416
5
-114.657     ts77     dynamics     sesquiterpene     TS     runpoint      39     runisomer      135
6 -0.1792223 0.6278502 -0.0912721
1 -0.8246325 1.1553328 0.6850950
1 0.6557234 1.0740578 -0.6368716
1 -0.1182230 -0.5335867 -1.0544483
8 0.1245508 -0.7149500 0.1318712
5
-114.647     ts77     dynamics     sesquiterpene     TS     runpoint      40     runisomer      135
6 -0.1747288 0.6289586 -0.0892489
1 -0.8514767 1.2257400 0.6398003
1 0.6065612 1.0606086 -0.5919580
1 -0.1454581 -0.5258657 -1.0603061
8 0.1276848 -0.7198565 0.1307482
5
-114.64     ts77     dynamics     sesquiterpene     TS     runpoint      41     runisomer      135
6 -0.1721957 0.6304459 -0.0852319
1 -0.8651335 1.2839874 0.5823992
1 0.5735422 1.0672738 -0.5571313
1 -0.1635965 -0.5346716 -1.0277322
8 0.1298680 -0.7245074 0.1271057
5
-114.64     ts77     dynamics     sesquiterpene     TS     runpoint      42     runisomer      135
6 -0.1728783 0.6319272 -0.0785178
1 -0.8664161 1.3255445 0.5158158
1 0.5735431 1.1015590 -0.5434935
1 -0.1715003 -0.5612295 -0.9587478
8 0.1309580 -0.7287229 0.1210599
5
-114.656     ts77     dynamics     sesquiterpene     TS     runpoint      43     runisomer      135
6 -0.1759869 0.6340473 -0.0695306
1 -0.8592257 1.3488100 0.4456716
1 0.6021165 1.1578460 -0.5486154
1 -0.1681741 -0.6095899 -0.8599193
8 0.1308271 -0.7322787 0.1128343
5
-114.674     ts77     dynamics     sesquiterpene     TS     runpoint      44     runisomer      135
6 -0.1792425 0.6380159 -0.0595337
1 -0.8506015 1.3558202 0.3792856
1 0.6404307 1.2204035 -0.5610572
1 -0.1569025 -0.6836739 -0.7526812
8 0.1296012 -0.7349721 0.1035447
5
-114.672     ts77     dynamics     sesquiterpene     TS     runpoint      45     runisomer      135
6 -0.1803824 0.6443111 -0.0498753
1 -0.8501526 1.3523396 0.3241425
1 0.6727642 1.2751617 -0.5709375
1 -0.1542176 -0.7843917 -0.6923165
8 0.1282200 -0.7365795 0.0965935
5
-114.656     ts77     dynamics     sesquiterpene     TS     runpoint      46     runisomer      135
6 -0.1777415 0.6523207 -0.0417086
1 -0.8677558 1.3454377 0.2854799
1 0.6908316 1.3139579 -0.5724765
1 -0.1808453 -0.9162010 -0.7312474
8 0.1278867 -0.7362940 0.0954553
5
-114.677     ts77     dynamics     sesquiterpene     TS     runpoint      47     runisomer      135
6 -0.1705702 0.6612602 -0.0356685
1 -0.9085566 1.3380991 0.2637124
1 0.6914574 1.3332502 -0.5629537
1 -0.2183582 -1.0699062 -0.8080755
8 0.1274007 -0.7340690 0.0965370
5
-114.687     ts77     dynamics     sesquiterpene     TS     runpoint      48     runisomer      135
6 -0.1592350 0.6709133 -0.0316680
1 -0.9688120 1.3261504 0.2543959
1 0.6747137 1.3325276 -0.5419214
1 -0.2466166 -1.2203865 -0.8630708
8 0.1255288 -0.7310315 0.0962632
5
-114.678     ts77     dynamics     sesquiterpene     TS     runpoint      49     runisomer      135
6 -0.1450410 0.6812134 -0.0291239
1 -1.0377436 1.3021648 0.2511339
1 0.6440263 1.3144212 -0.5113216
1 -0.2600103 -1.3504305 -0.8786797
8 0.1220008 -0.7279145 0.0936161
5
-114.669     ts77     dynamics     sesquiterpene     TS     runpoint      50     runisomer      135
6 -0.1299418 0.6915401 -0.0271785
1 -1.1028516 1.2610255 0.2483642
1 0.6081882 1.2864402 -0.4766194
1 -0.2589804 -1.4511606 -0.8547548
8 0.1169686 -0.7249625 0.0886374
5
-114.66     ts77     dynamics     sesquiterpene     TS     runpoint      51     runisomer      135
6 -0.1164225 0.7004684 -0.0247381
1 -1.1536193 1.2018644 0.2423355
1 0.5835546 1.2627601 -0.4479627
1 -0.2452692 -1.5172036 -0.7952550
8 0.1107134 -0.7222828 0.0816307
5
-114.654     ts77     dynamics     sesquiterpene     TS     runpoint      52     runisomer      135
6 -0.1069477 0.7062619 -0.0207463
1 -1.1830144 1.1273856 0.2309855
1 0.5890467 1.2599684 -0.4370139
1 -0.2204923 -1.5436528 -0.7041121
8 0.1035487 -0.7200976 0.0729189
5
-114.662     ts77     dynamics     sesquiterpene     TS     runpoint      53     runisomer      135
6 -0.1023600 0.7081933 -0.0150505
1 -1.1882576 1.0427488 0.2136443
1 0.6282425 1.2823385 -0.4461395
1 -0.1866247 -1.5265955 -0.5861971
8 0.0958333 -0.7187017 0.0628845
5
-114.683     ts77     dynamics     sesquiterpene     TS     runpoint      54     runisomer      135
6 -0.1012706 0.7068768 -0.0086002
1 -1.1717603 0.9547948 0.1908585
1 0.6835187 1.3172003 -0.4652620
1 -0.1485014 -1.4706715 -0.4530300
8 0.0880905 -0.7178969 0.0522958
5
-114.692     ts77     dynamics     sesquiterpene     TS     runpoint      55     runisomer      135
6 -0.1014272 0.7030306 -0.0024839
1 -1.1423818 0.8714378 0.1642488
1 0.7338047 1.3490802 -0.4826646
1 -0.1205358 -1.4137865 -0.3359492
8 0.0814262 -0.7153560 0.0431045
5
-114.656     ts77     dynamics     sesquiterpene     TS     runpoint      56     runisomer      135
6 -0.1006513 0.6969358 0.0025972
1 -1.1156326 0.8006291 0.1360194
1 0.7655116 1.3681251 -0.4912552
1 -0.1306399 -1.4491450 -0.2851686
8 0.0777970 -0.7052973 0.0384146
5
-114.651     ts77     dynamics     sesquiterpene     TS     runpoint      57     runisomer      135
6 -0.0973698 0.6889046 0.0063179
1 -1.1084519 0.7488153 0.1076796
1 0.7724014 1.3700006 -0.4882479
1 -0.1739938 -1.5612525 -0.2820291
8 0.0771803 -0.6890644 0.0370234
5
-114.663     ts77     dynamics     sesquiterpene     TS     runpoint      58     runisomer      135
6 -0.0914193 0.6795104 0.0086745
1 -1.1275058 0.7197618 0.0788637
1 0.7535606 1.3541706 -0.4737807
1 -0.2256077 -1.6604889 -0.2866581
8 0.0783548 -0.6729375 0.0364522
5
-114.653     ts77     dynamics     sesquiterpene     TS     runpoint      59     runisomer      135
6 -0.0842992 0.6692650 0.0098902
1 -1.1639030 0.7147679 0.0482397
1 0.7127502 1.3232864 -0.4503305
1 -0.2749669 -1.7115690 -0.2873558
8 0.0809882 -0.6597759 0.0360378
5
-114.645     ts77     dynamics     sesquiterpene     TS     runpoint      60     runisomer      135
6 -0.0784299 0.6583388 0.0103431
1 -1.2017754 0.7329250 0.0153974
1 0.6594639 1.2842936 -0.4232177
1 -0.3190878 -1.7079542 -0.2829111
8 0.0851084 -0.6504971 0.0357805
5
-114.645     ts77     dynamics     sesquiterpene     TS     runpoint      61     runisomer      135
6 -0.0764572 0.6465491 0.0106907
1 -1.2277542 0.7710648 -0.0189030
1 0.6103371 1.2499391 -0.4015242
1 -0.3564737 -1.6499830 -0.2733068
8 0.0907153 -0.6455461 0.0357112
5
-114.652     ts77     dynamics     sesquiterpene     TS     runpoint      62     runisomer      135
6 -0.0806741 0.6336968 0.0117883
1 -1.2340514 0.8241321 -0.0535038
1 0.5849941 1.2357226 -0.3959149
1 -0.3855034 -1.5393273 -0.2575324
8 0.0977007 -0.6453272 0.0357225
5
-114.672     ts77     dynamics     sesquiterpene     TS     runpoint      63     runisomer      135
6 -0.0917470 0.6204393 0.0139513
1 -1.2182389 0.8858253 -0.0872467
1 0.5911970 1.2470720 -0.4097177
1 -0.4083608 -1.3874247 -0.2364215
8 0.1060610 -0.6495569 0.0357679
5
-114.695     ts77     dynamics     sesquiterpene     TS     runpoint      64     runisomer      135
6 -0.1081015 0.6086635 0.0165470
1 -1.1827575 0.9494341 -0.1191298
1 0.6177217 1.2724079 -0.4343875
1 -0.4458030 -1.2333525 -0.2204126
8 0.1167825 -0.6560380 0.0363770
5
-114.692     ts77     dynamics     sesquiterpene     TS     runpoint      65     runisomer      135
6 -0.1270717 0.6004517 0.0187237
1 -1.1347665 1.0090872 -0.1486586
1 0.6479543 1.2956993 -0.4580878
1 -0.5479702 -1.1337640 -0.2310635
8 0.1325231 -0.6613808 0.0387709
5
-114.701     ts77     dynamics     sesquiterpene     TS     runpoint      66     runisomer      135
6 -0.1459520 0.5972493 0.0200179
1 -1.0855774 1.0614937 -0.1762889
1 0.6706065 1.3067520 -0.4726800
1 -0.7004557 -1.0707598 -0.2594673
8 0.1517682 -0.6669493 0.0422526
5
-114.702     ts77     dynamics     sesquiterpene     TS     runpoint      67     runisomer      135
6 -0.1624471 0.5994230 0.0203560
1 -1.0481312 1.1067262 -0.2035205
1 0.6804936 1.3015126 -0.4740901
1 -0.8405698 -1.0125008 -0.2820508
8 0.1699886 -0.6747734 0.0452299
5
-114.678     ts77     dynamics     sesquiterpene     TS     runpoint      68     runisomer      135
6 -0.1749905 0.6064659 0.0198593
1 -1.0321354 1.1461438 -0.2321451
1 0.6765250 1.2798537 -0.4608884
1 -0.9387901 -0.9550106 -0.2899807
8 0.1848304 -0.6848004 0.0470769
5
-114.656     ts77     dynamics     sesquiterpene     TS     runpoint      69     runisomer      135
6 -0.1830402 0.6176062 0.0186707
1 -1.0396886 1.1789176 -0.2627766
1 0.6606303 1.2445643 -0.4336124
1 -0.9870026 -0.9021625 -0.2818884
8 0.1953832 -0.6963309 0.0476728
5
-114.647     ts77     dynamics     sesquiterpene     TS     runpoint      70     runisomer      135
6 -0.1871045 0.6320437 0.0169366
1 -1.0654863 1.2011035 -0.2941526
1 0.6383499 1.2017753 -0.3951198
1 -0.9837982 -0.8581269 -0.2584168
8 0.2012587 -0.7086412 0.0470501
5
-114.649     ts77     dynamics     sesquiterpene     TS     runpoint      71     runisomer      135
6 -0.1885568 0.6487340 0.0149553
1 -1.1006145 1.2080055 -0.3239508
1 0.6207001 1.1619613 -0.3514014
1 -0.9297454 -0.8266562 -0.2208005
8 0.2022668 -0.7210732 0.0452928
5
-114.658     ts77     dynamics     sesquiterpene     TS     runpoint      72     runisomer      135
6 -0.1892873 0.6663071 0.0132253
1 -1.1359451 1.1965318 -0.3500056
1 0.6238936 1.1386423 -0.3107046
1 -0.8290497 -0.8119420 -0.1712158
8 0.1984941 -0.7329931 0.0425471
5
-114.672     ts77     dynamics     sesquiterpene     TS     runpoint      73     runisomer      135
6 -0.1906988 0.6836308 0.0120678
1 -1.1639730 1.1659128 -0.3709569
1 0.6593169 1.1409167 -0.2782652
1 -0.7005673 -0.8198768 -0.1148327
8 0.1909907 -0.7437052 0.0391415
5
-114.676     ts77     dynamics     sesquiterpene     TS     runpoint      74     runisomer      135
6 -0.1924975 0.7003530 0.0112408
1 -1.1799161 1.1176489 -0.3864429
1 0.7195596 1.1658787 -0.2517846
1 -0.6097487 -0.8602096 -0.0638167
8 0.1838259 -0.7522417 0.0358589
5
-114.653     ts77     dynamics     sesquiterpene     TS     runpoint      75     runisomer      135
6 -0.1932445 0.7163109 0.0102779
1 -1.1823807 1.0557236 -0.3971647
1 0.7840039 1.2030909 -0.2258662
1 -0.6605782 -0.9486041 -0.0293061
8 0.1836826 -0.7570885 0.0334533
5
-114.686     ts77     dynamics     sesquiterpene     TS     runpoint      76     runisomer      135
6 -0.1916716 0.7309843 0.0089655
1 -1.1735159 0.9866017 -0.4049833
1 0.8341666 1.2428766 -0.1973593
1 -0.7778505 -1.0711529 0.0014162
8 0.1861717 -0.7585287 0.0312019
5
-114.697     ts77     dynamics     sesquiterpene     TS     runpoint      77     runisomer      135
6 -0.1869910 0.7437358 0.0074286
1 -1.1584328 0.9173197 -0.4128370
1 0.8592556 1.2788211 -0.1658146
1 -0.8740215 -1.1966277 0.0336566
8 0.1861877 -0.7580911 0.0288353
5
-114.676     ts77     dynamics     sesquiterpene     TS     runpoint      78     runisomer      135
6 -0.1788702 0.7540250 0.0059587
1 -1.1432469 0.8537167 -0.4239152
1 0.8551738 1.3072655 -0.1322953
1 -0.9237595 -1.3066731 0.0662650
8 0.1825291 -0.7566627 0.0264735
5
-114.656     ts77     dynamics     sesquiterpene     TS     runpoint      79     runisomer      135
6 -0.1675948 0.7614172 0.0048070
1 -1.1318383 0.7998535 -0.4401865
1 0.8232555 1.3269156 -0.0985095
1 -0.9241377 -1.3917825 0.0974097
8 0.1753854 -0.7546925 0.0242771
5
-114.648     ts77     dynamics     sesquiterpene     TS     runpoint      80     runisomer      135
6 -0.1542888 0.7654425 0.0040529
1 -1.1237094 0.7585144 -0.4613298
1 0.7706331 1.3393549 -0.0663748
1 -0.8775049 -1.4457979 0.1254995
8 0.1652663 -0.7524911 0.0223849
5
-114.651     ts77     dynamics     sesquiterpene     TS     runpoint      81     runisomer      135
6 -0.1409292 0.7653685 0.0036088
1 -1.1151235 0.7319161 -0.4851098
1 0.7115353 1.3504070 -0.0376282
1 -0.7873263 -1.4635327 0.1491179
8 0.1527421 -0.7503402 0.0209220
5
-114.661     ts77     dynamics     sesquiterpene     TS     runpoint      82     runisomer      135
6 -0.1299327 0.7601287 0.0032885
1 -1.1021233 0.7217674 -0.5087979
1 0.6655766 1.3703119 -0.0131714
1 -0.6595388 -1.4413903 0.1671507
8 0.1385155 -0.7484200 0.0199828
