5
-114.654160 ts77 dynamics sesquiterpene TS runpoint 1  runisomer  60
6 -0.0457513 0.6441733 0.0141829
1 -0.1622194 1.2953270 0.8347714
1 -0.2590269 1.1348760 -0.9057001
1 0.9889819 -0.0728420 0.0739144
8 -0.0294022 -0.7688988 -0.0108290
5
-114.647 ts77 dynamics sesquiterpene TS runpoint 2  runisomer  60
6 -0.0356058 0.642005 0.0204378
1 -0.173973 1.3192 0.817738
1 -0.312248 1.17403 -0.958919
1 0.934449 -0.0515117 0.0958779
8 -0.0294838 -0.772587 -0.012479
5
-114.643     ts77     dynamics     sesquiterpene     TS     runpoint      3     runisomer      60
6 -0.0257236 0.6400624 0.0237765
1 -0.1898802 1.3410232 0.8181346
1 -0.3598883 1.2027202 -1.0004524
1 0.8921814 -0.0266979 0.1158774
8 -0.0302318 -0.7758750 -0.0136516
5
-114.633     ts77     dynamics     sesquiterpene     TS     runpoint      4     runisomer      60
6 -0.0173331 0.6393655 0.0237029
1 -0.2090911 1.3565129 0.8315186
1 -0.3968581 1.2153965 -1.0205313
1 0.8769304 0.0012185 0.1346688
8 -0.0320278 -0.7788856 -0.0143583
5
-114.626     ts77     dynamics     sesquiterpene     TS     runpoint      5     runisomer      60
6 -0.0112603 0.6404946 0.0204662
1 -0.2301490 1.3605145 0.8514197
1 -0.4199157 1.2102959 -1.0157703
1 0.8975586 0.0333206 0.1529169
8 -0.0351057 -0.7816856 -0.0146326
5
-114.628     ts77     dynamics     sesquiterpene     TS     runpoint      6     runisomer      60
6 -0.0075189 0.6432355 0.0146851
1 -0.2515560 1.3493275 0.8720630
1 -0.4272520 1.1879400 -0.9865333
1 0.9518743 0.0745122 0.1699995
8 -0.0395257 -0.7842233 -0.0145150
5
-114.64     ts77     dynamics     sesquiterpene     TS     runpoint      7     runisomer      60
6 -0.0052679 0.6466397 0.0072912
1 -0.2721764 1.3215580 0.8894288
1 -0.4187255 1.1510853 -0.9369458
1 1.0279729 0.1328054 0.1836436
8 -0.0452499 -0.7863763 -0.0140461
5
-114.654     ts77     dynamics     sesquiterpene     TS     runpoint      8     runisomer      60
6 -0.0031326 0.6493610 -0.0003400
1 -0.2914153 1.2780102 0.9013719
1 -0.3971863 1.1059976 -0.8773932
1 1.1105591 0.2151239 0.1908534
8 -0.0522030 -0.7880175 -0.0132800
5
-114.665     ts77     dynamics     sesquiterpene     TS     runpoint      9     runisomer      60
6 0.0005476 0.6498435 -0.0061550
1 -0.3093205 1.2213333 0.9075101
1 -0.3706782 1.0643296 -0.8284123
1 1.1857738 0.3237327 0.1890863
8 -0.0602482 -0.7890253 -0.0122790
5
-114.667     ts77     dynamics     sesquiterpene     TS     runpoint      10     runisomer      60
6 0.0074904 0.6465750 -0.0077375
1 -0.3266753 1.1556668 0.9091675
1 -0.3516087 1.0411982 -0.8177030
1 1.2427653 0.4557365 0.1769548
8 -0.0691576 -0.7892927 -0.0111066
5
-114.671     ts77     dynamics     sesquiterpene     TS     runpoint      11     runisomer      60
6 0.0185865 0.6390677 -0.0043421
1 -0.3450405 1.0862094 0.9093378
1 -0.3461086 1.0430858 -0.8562120
1 1.2739904 0.6045883 0.1545383
8 -0.0786427 -0.7887804 -0.0098273
5
-114.686     ts77     dynamics     sesquiterpene     TS     runpoint      12     runisomer      60
6 0.0333728 0.6284154 0.0018581
1 -0.3665049 1.0183822 0.9119290
1 -0.3473905 1.0608716 -0.9224828
1 1.2753670 0.7617356 0.1233977
8 -0.0883923 -0.7875343 -0.0085044
5
-114.696     ts77     dynamics     sesquiterpene     TS     runpoint      13     runisomer      60
6 0.0508920 0.6162626 0.0080470
1 -0.3926732 0.9563824 0.9195607
1 -0.3467311 1.0819020 -0.9875088
1 1.2463217 0.9179119 0.0863626
8 -0.0981005 -0.7856734 -0.0071973
5
-114.694     ts77     dynamics     sesquiterpene     TS     runpoint      14     runisomer      60
6 0.0704621 0.6041198 0.0122068
1 -0.4240023 0.9006716 0.9317612
1 -0.3413171 1.0984742 -1.0324824
1 1.1894679 1.0647723 0.0480320
8 -0.1075709 -0.7833471 -0.0058373
5
-114.685     ts77     dynamics     sesquiterpene     TS     runpoint      15     runisomer      60
6 0.0905590 0.5931254 0.0151037
1 -0.4574677 0.8564508 0.9416586
1 -0.3294800 1.1035124 -1.0514626
1 1.1119649 1.1943147 0.0084893
8 -0.1164054 -0.7807886 -0.0049456
5
-114.673     ts77     dynamics     sesquiterpene     TS     runpoint      16     runisomer      60
6 0.1097845 0.5840400 0.0168870
1 -0.4886430 0.8241817 0.9440274
1 -0.3127166 1.0953648 -1.0430872
1 1.0228642 1.3014140 -0.0288919
8 -0.1243092 -0.7781721 -0.0046047
5
-114.654160 ts77 dynamics sesquiterpene TS runpoint 1  runisomer  60
6 -0.0457513 0.6441733 0.0141829
1 -0.1622194 1.2953270 0.8347714
1 -0.2590269 1.1348760 -0.9057001
1 0.9889819 -0.0728420 0.0739144
8 -0.0294022 -0.7688988 -0.0108290
5
-114.647 ts77 dynamics sesquiterpene TS runpoint 2  runisomer  60
6 -0.054906 0.645372 0.00688472
1 -0.154617 1.27042 0.868314
1 -0.20733 1.09713 -0.861511
1 1.04139 -0.0905229 0.049874
8 -0.0295723 -0.764736 -0.00873664
5
-114.639     ts77     dynamics     sesquiterpene     TS     runpoint      3     runisomer      60
6 -0.0621060 0.6443945 0.0016627
1 -0.1507134 1.2425606 0.9114697
1 -0.1638517 1.0777470 -0.8559046
1 1.0809336 -0.1048767 0.0242883
8 -0.0296474 -0.7601211 -0.0062795
5
-114.632     ts77     dynamics     sesquiterpene     TS     runpoint      4     runisomer      60
6 -0.0670625 0.6409270 0.0004280
1 -0.1501093 1.2095820 0.9547513
1 -0.1297847 1.0851985 -0.9015237
1 1.1010180 -0.1166369 -0.0019594
8 -0.0293781 -0.7551686 -0.0035527
5
-114.636     ts77     dynamics     sesquiterpene     TS     runpoint      5     runisomer      60
6 -0.0700117 0.6361309 0.0019867
1 -0.1525631 1.1710065 0.9900537
1 -0.1021675 1.1101551 -0.9754611
1 1.0984271 -0.1270585 -0.0278815
8 -0.0285879 -0.7500554 -0.0006554
5
-114.639     ts77     dynamics     sesquiterpene     TS     runpoint      6     runisomer      60
6 -0.0712639 0.6314658 0.0042096
1 -0.1578968 1.1282847 1.0123790
1 -0.0792953 1.1389802 -1.0465153
1 1.0725413 -0.1383896 -0.0525719
8 -0.0271231 -0.7449644 0.0023036
5
-114.637     ts77     dynamics     sesquiterpene     TS     runpoint      7     runisomer      60
6 -0.0712186 0.6279466 0.0057042
1 -0.1659685 1.0843841 1.0201019
1 -0.0609946 1.1630518 -1.0951616
1 1.0252830 -0.1544895 -0.0753437
8 -0.0248241 -0.7400582 0.0051971
5
-114.636     ts77     dynamics     sesquiterpene     TS     runpoint      8     runisomer      60
6 -0.0705026 0.6262621 0.0057503
1 -0.1767117 1.0433250 1.0148696
1 -0.0474097 1.1782121 -1.1125391
1 0.9619847 -0.1812651 -0.0959485
8 -0.0215527 -0.7354730 0.0078856
5
-114.638     ts77     dynamics     sesquiterpene     TS     runpoint      9     runisomer      60
6 -0.0699922 0.6269931 0.0039624
1 -0.1902100 1.0096995 1.0012467
1 -0.0384624 1.1827580 -1.0959449
1 0.8929867 -0.2263148 -0.1150019
8 -0.0173031 -0.7313488 0.0102411
5
-114.644     ts77     dynamics     sesquiterpene     TS     runpoint      10     runisomer      60
6 -0.0706407 0.6306276 0.0002059
1 -0.2067790 0.9879494 0.9856704
1 -0.0337059 1.1766689 -1.0469459
1 0.8357348 -0.2961311 -0.1347994
8 -0.0124654 -0.7279211 0.0122007
5
-114.652     ts77     dynamics     sesquiterpene     TS     runpoint      11     runisomer      60
6 -0.0730952 0.6372113 -0.0051596
1 -0.2269432 0.9813174 0.9742107
1 -0.0322991 1.1624149 -0.9727186
1 0.8160703 -0.3903665 -0.1604898
8 -0.0082034 -0.7256044 0.0138908
5
-114.663     ts77     dynamics     sesquiterpene     TS     runpoint      12     runisomer      60
6 -0.0774131 0.6457818 -0.0107584
1 -0.2511312 0.9907513 0.9697234
1 -0.0329083 1.1477290 -0.8906353
1 0.8562692 -0.5037901 -0.1987459
8 -0.0059339 -0.7245544 0.0156127
5
-114.679     ts77     dynamics     sesquiterpene     TS     runpoint      13     runisomer      60
6 -0.0832682 0.6542525 -0.0138299
1 -0.2792092 1.0144224 0.9706190
1 -0.0333400 1.1486388 -0.8320346
1 0.9384947 -0.6384588 -0.2480917
8 -0.0049259 -0.7239697 0.0172790
5
-114.689     ts77     dynamics     sesquiterpene     TS     runpoint      14     runisomer      60
6 -0.0903203 0.6604994 -0.0116430
1 -0.3103589 1.0483463 0.9727031
1 -0.0308291 1.1818552 -0.8268777
1 1.0167674 -0.7923775 -0.2976738
8 -0.0027625 -0.7231858 0.0183069
5
-114.695     ts77     dynamics     sesquiterpene     TS     runpoint      15     runisomer      60
6 -0.0981667 0.6643938 -0.0046684
1 -0.3433529 1.0876708 0.9720631
1 -0.0246218 1.2426513 -0.8682265
1 1.0608233 -0.9531303 -0.3383703
8 0.0020354 -0.7222856 0.0182852
5
-114.696     ts77     dynamics     sesquiterpene     TS     runpoint      16     runisomer      60
6 -0.1062719 0.6673742 0.0042969
1 -0.3767853 1.1276902 0.9662923
1 -0.0165660 1.3092136 -0.9235400
1 1.0604889 -1.1062030 -0.3657725
8 0.0097346 -0.7215906 0.0171356
5
-114.686     ts77     dynamics     sesquiterpene     TS     runpoint      17     runisomer      60
6 -0.1141305 0.6705829 0.0129647
1 -0.4092789 1.1643682 0.9544923
1 -0.0087300 1.3639961 -0.9680476
1 1.0160346 -1.2392445 -0.3784274
8 0.0199849 -0.7213771 0.0149798
5
-114.673     ts77     dynamics     sesquiterpene     TS     runpoint      18     runisomer      60
6 -0.1213339 0.6745243 0.0200123
1 -0.4397940 1.1945479 0.9372124
1 -0.0023856 1.3980420 -0.9898837
1 0.9318009 -1.3422874 -0.3763523
8 0.0322186 -0.7218867 0.0120285
5
-114.666     ts77     dynamics     sesquiterpene     TS     runpoint      19     runisomer      60
6 -0.1275439 0.6793269 0.0246543
1 -0.4679175 1.2159875 0.9163504
1 0.0018895 1.4077429 -0.9848574
1 0.8142624 -1.4075558 -0.3607631
8 0.0457861 -0.7233390 0.0085637
5
-114.669     ts77     dynamics     sesquiterpene     TS     runpoint      20     runisomer      60
6 -0.1324915 0.6848475 0.0264043
1 -0.4940229 1.2273347 0.8948768
1 0.0040154 1.3924734 -0.9531038
1 0.6740710 -1.4323333 -0.3354552
8 0.0598414 -0.7256713 0.0050106
5
-114.676     ts77     dynamics     sesquiterpene     TS     runpoint      21     runisomer      60
6 -0.1360201 0.6905796 0.0251260
1 -0.5191613 1.2280413 0.8762972
1 0.0044435 1.3543092 -0.8988086
1 0.5317753 -1.4295308 -0.3109764
8 0.0730093 -0.7277858 0.0021793
5
-114.672     ts77     dynamics     sesquiterpene     TS     runpoint      22     runisomer      60
6 -0.1381739 0.6955330 0.0213515
1 -0.5446213 1.2181589 0.8637856
1 0.0046931 1.3000563 -0.8329294
1 0.4189566 -1.4437236 -0.3100401
8 0.0833204 -0.7265648 0.0015911
5
-114.66     ts77     dynamics     sesquiterpene     TS     runpoint      23     runisomer      60
6 -0.1393263 0.6981480 0.0167710
1 -0.5713433 1.1981301 0.8590745
1 0.0084618 1.2452685 -0.7783202
1 0.3448039 -1.5135380 -0.3506854
8 0.0903010 -0.7194123 0.0044472
