5
-114.654160 ts77 dynamics sesquiterpene TS runpoint 1  runisomer  100
6 -0.0443567 0.6694598 0.0127588
1 -0.1823371 1.2858731 1.0027207
1 -0.2445860 1.0897445 -1.0354381
1 1.0024329 -0.0639081 0.0504492
8 -0.0309395 -0.7849923 -0.0106898
5
-114.64 ts77 dynamics sesquiterpene TS runpoint 2  runisomer  100
6 -0.0389338 0.674047 0.00696873
1 -0.184824 1.27176 1.01667
1 -0.254775 1.02557 -0.981749
1 0.965857 -0.0404648 0.0733786
8 -0.0319049 -0.784978 -0.0120526
5
-114.641     ts77     dynamics     sesquiterpene     TS     runpoint      3     runisomer      100
6 -0.0329586 0.6772872 0.0026903
1 -0.1879851 1.2443339 1.0077713
1 -0.2671441 0.9708510 -0.9284114
1 0.9311094 -0.0114283 0.0945604
8 -0.0332198 -0.7840624 -0.0129775
5
-114.637     ts77     dynamics     sesquiterpene     TS     runpoint      4     runisomer      100
6 -0.0262985 0.6782881 0.0020566
1 -0.1923510 1.2067232 0.9781835
1 -0.2881050 0.9369663 -0.9031130
1 0.9073469 0.0240369 0.1138461
8 -0.0351242 -0.7825426 -0.0134485
5
-114.634     ts77     dynamics     sesquiterpene     TS     runpoint      5     runisomer      100
6 -0.0189175 0.6764440 0.0056048
1 -0.1995765 1.1648545 0.9361431
1 -0.3217743 0.9290485 -0.9203224
1 0.9037244 0.0674095 0.1310273
8 -0.0378574 -0.7807558 -0.0134609
5
-114.639     ts77     dynamics     sesquiterpene     TS     runpoint      6     runisomer      100
6 -0.0112524 0.6715231 0.0107626
1 -0.2131475 1.1278658 0.8973612
1 -0.3630816 0.9425902 -0.9643880
1 0.9271308 0.1214397 0.1454588
8 -0.0416256 -0.7789917 -0.0130205
5
-114.645     ts77     dynamics     sesquiterpene     TS     runpoint      7     runisomer      100
6 -0.0036685 0.6631892 0.0139012
1 -0.2381499 1.1058272 0.8807044
1 -0.4020122 0.9695738 -1.0092766
1 0.9791107 0.1906637 0.1558623
8 -0.0465630 -0.7774139 -0.0121541
5
-114.651     ts77     dynamics     sesquiterpene     TS     runpoint      8     runisomer      100
6 0.0039577 0.6512577 0.0131230
1 -0.2777057 1.1025374 0.8937428
1 -0.4306214 1.0032376 -1.0374637
1 1.0535309 0.2802630 0.1605367
8 -0.0526800 -0.7760232 -0.0109117
5
-114.665     ts77     dynamics     sesquiterpene     TS     runpoint      9     runisomer      100
6 0.0119068 0.6363141 0.0089965
1 -0.3286502 1.1115272 0.9246396
1 -0.4445783 1.0384692 -1.0411091
1 1.1373366 0.3928655 0.1578989
8 -0.0598355 -0.7746936 -0.0093686
5
-114.678     ts77     dynamics     sesquiterpene     TS     runpoint      10     runisomer      100
6 0.0203788 0.6195671 0.0031362
1 -0.3832927 1.1223302 0.9547244
1 -0.4423152 1.0711912 -1.0185147
1 1.2146112 0.5260614 0.1470678
8 -0.0677616 -0.7732661 -0.0076104
5
-114.685     ts77     dynamics     sesquiterpene     TS     runpoint      11     runisomer      100
6 0.0295141 0.6024350 -0.0030530
1 -0.4338981 1.1268057 0.9708729
1 -0.4243484 1.0982194 -0.9721191
1 1.2714420 0.6727687 0.1282799
8 -0.0761413 -0.7716431 -0.0057252
5
-114.686     ts77     dynamics     sesquiterpene     TS     runpoint      12     runisomer      100
6 0.0394096 0.5862733 -0.0085635
1 -0.4746303 1.1202736 0.9673842
1 -0.3933031 1.1178493 -0.9083344
1 1.2988446 0.8234834 0.1030061
8 -0.0846825 -0.7698406 -0.0037987
5
-114.684     ts77     dynamics     sesquiterpene     TS     runpoint      13     runisomer      100
6 0.0504066 0.5721326 -0.0126288
1 -0.5021470 1.1004872 0.9440160
1 -0.3551260 1.1309043 -0.8379313
1 1.2928902 0.9690484 0.0740542
8 -0.0932309 -0.7679819 -0.0018906
5
-114.68     ts77     dynamics     sesquiterpene     TS     runpoint      14     runisomer      100
6 0.0634747 0.5605873 -0.0146971
1 -0.5164519 1.0654906 0.9035956
1 -0.3207614 1.1428110 -0.7755653
1 1.2536530 1.1014244 0.0453901
8 -0.1018277 -0.7662077 0.0000816
5
-114.675     ts77     dynamics     sesquiterpene     TS     runpoint      15     runisomer      100
6 0.0791034 0.5517360 -0.0139497
1 -0.5192814 1.0171705 0.8510165
1 -0.3008370 1.1592816 -0.7367067
1 1.1864791 1.2130660 0.0197682
8 -0.1103988 -0.7645974 0.0019985
5
-114.661     ts77     dynamics     sesquiterpene     TS     runpoint      16     runisomer      100
6 0.0955406 0.5460584 -0.0093206
1 -0.5093720 0.9643911 0.7960707
1 -0.2932086 1.1819747 -0.7343551
1 1.0991348 1.2969820 -0.0037682
8 -0.1183344 -0.7637309 0.0033212
5
-114.656     ts77     dynamics     sesquiterpene     TS     runpoint      17     runisomer      100
6 0.1122785 0.5440868 -0.0024135
1 -0.4937215 0.9143554 0.7523889
1 -0.2964596 1.2042708 -0.7640533
1 1.0009509 1.3502209 -0.0226996
8 -0.1254870 -0.7638608 0.0039532
5
-114.649     ts77     dynamics     sesquiterpene     TS     runpoint      18     runisomer      100
6 0.1287573 0.5460243 0.0045417
1 -0.4837152 0.8757779 0.7347745
1 -0.3064221 1.2162502 -0.8142865
1 0.9034699 1.3734127 -0.0355228
8 -0.1317110 -0.7651019 0.0038150
5
-114.641     ts77     dynamics     sesquiterpene     TS     runpoint      19     runisomer      100
6 0.1439869 0.5512874 0.0100628
1 -0.4884875 0.8547883 0.7509241
1 -0.3193517 1.2110536 -0.8731989
1 0.8211187 1.3730464 -0.0427059
8 -0.1368337 -0.7673802 0.0028178
5
-114.654160 ts77 dynamics sesquiterpene TS runpoint 1  runisomer  100
6 -0.0443567 0.6694598 0.0127588
1 -0.1823371 1.2858731 1.0027207
1 -0.2445860 1.0897445 -1.0354381
1 1.0024329 -0.0639081 0.0504492
8 -0.0309395 -0.7849923 -0.0106898
5
-114.64 ts77 dynamics sesquiterpene TS runpoint 2  runisomer  100
6 -0.0491434 0.664248 0.0182149
1 -0.180664 1.28596 0.968356
1 -0.232996 1.1527 -1.0698
1 1.03307 -0.0823246 0.0261071
8 -0.0301143 -0.783894 -0.00891935
5
-114.635     ts77     dynamics     sesquiterpene     TS     runpoint      3     runisomer      100
6 -0.0530720 0.6587882 0.0220018
1 -0.1804931 1.2741118 0.9205594
1 -0.2188952 1.2067663 -1.0757462
1 1.0521048 -0.0962954 0.0009202
8 -0.0292631 -0.7815793 -0.0067861
5
-114.633     ts77     dynamics     sesquiterpene     TS     runpoint      4     runisomer      100
6 -0.0559029 0.6531022 0.0229507
1 -0.1831232 1.2559283 0.8714285
1 -0.2023854 1.2467842 -1.0512189
1 1.0561124 -0.1066750 -0.0243952
8 -0.0282644 -0.7780358 -0.0043519
5
-114.632     ts77     dynamics     sesquiterpene     TS     runpoint      5     runisomer      100
6 -0.0574435 0.6469526 0.0199894
1 -0.1903869 1.2399930 0.8368611
1 -0.1841351 1.2696011 -0.9988482
1 1.0439028 -0.1148401 -0.0490819
8 -0.0270290 -0.7733428 -0.0016957
5
-114.635     ts77     dynamics     sesquiterpene     TS     runpoint      6     runisomer      100
6 -0.0576474 0.6402178 0.0127296
1 -0.2037829 1.2331180 0.8297051
1 -0.1652281 1.2744582 -0.9259358
1 1.0165938 -0.1228938 -0.0724498
8 -0.0255011 -0.7676565 0.0010794
5
-114.642     ts77     dynamics     sesquiterpene     TS     runpoint      7     runisomer      100
6 -0.0567499 0.6332911 0.0024057
1 -0.2229094 1.2337803 0.8506421
1 -0.1472718 1.2649161 -0.8462746
1 0.9778810 -0.1338850 -0.0939924
8 -0.0236588 -0.7612097 0.0038433
5
-114.647     ts77     dynamics     sesquiterpene     TS     runpoint      8     runisomer      100
6 -0.0552992 0.6267144 -0.0080286
1 -0.2452004 1.2333124 0.8887839
1 -0.1324906 1.2519545 -0.7819552
1 0.9342461 -0.1520148 -0.1135585
8 -0.0215228 -0.7542894 0.0064481
5
-114.643     ts77     dynamics     sesquiterpene     TS     runpoint      9     runisomer      100
6 -0.0540360 0.6206356 -0.0150923
1 -0.2674804 1.2232705 0.9305222
1 -0.1230685 1.2525634 -0.7581331
1 0.8945815 -0.1825582 -0.1316023
8 -0.0191592 -0.7472117 0.0087526
5
-114.638     ts77     dynamics     sesquiterpene     TS     runpoint      10     runisomer      100
6 -0.0538167 0.6156839 -0.0168812
1 -0.2873238 1.1993306 0.9651915
1 -0.1192942 1.2745573 -0.7838689
1 0.8686914 -0.2311319 -0.1493990
8 -0.0166775 -0.7403153 0.0106539
5
-114.645     ts77     dynamics     sesquiterpene     TS     runpoint      11     runisomer      100
6 -0.0554291 0.6137021 -0.0139932
1 -0.3034981 1.1611501 0.9861285
1 -0.1190993 1.3059999 -0.8425610
1 0.8645291 -0.3024845 -0.1689585
8 -0.0141980 -0.7339091 0.0120992
5
-114.656     ts77     dynamics     sesquiterpene     TS     runpoint      12     runisomer      100
6 -0.0592740 0.6163526 -0.0080363
1 -0.3160078 1.1115158 0.9905486
1 -0.1201654 1.3298043 -0.9099360
1 0.8848679 -0.3997040 -0.1922494
8 -0.0117379 -0.7281458 0.0130646
5
-114.669     ts77     dynamics     sesquiterpene     TS     runpoint      13     runisomer      100
6 -0.0652489 0.6239959 -0.0005530
1 -0.3261867 1.0559338 0.9801474
1 -0.1211424 1.3356966 -0.9679522
1 0.9240670 -0.5240894 -0.2197453
8 -0.0090209 -0.7229130 0.0134954
5
-114.683     ts77     dynamics     sesquiterpene     TS     runpoint      14     runisomer      100
6 -0.0728105 0.6357615 0.0069261
1 -0.3369329 1.0022505 0.9623331
1 -0.1215234 1.3203134 -1.0057889
1 0.9671913 -0.6736263 -0.2492490
8 -0.0053629 -0.7179670 0.0132500
5
-114.693     ts77     dynamics     sesquiterpene     TS     runpoint      15     runisomer      100
6 -0.0811062 0.6500829 0.0127230
1 -0.3526810 0.9592589 0.9499898
1 -0.1213314 1.2846528 -1.0177596
1 0.9955417 -0.8403015 -0.2766244
8 0.0000550 -0.7132541 0.0121582
5
-114.697     ts77     dynamics     sesquiterpene     TS     runpoint      16     runisomer      100
6 -0.0892087 0.6653014 0.0154635
1 -0.3778582 0.9333910 0.9555667
1 -0.1209681 1.2327645 -1.0025721
1 0.9948663 -1.0106770 -0.2979431
8 0.0077410 -0.7090375 0.0101371
5
-114.698     ts77     dynamics     sesquiterpene     TS     runpoint      17     runisomer      100
6 -0.0964683 0.6800593 0.0151211
1 -0.4136399 0.9254994 0.9805150
1 -0.1211744 1.1718782 -0.9648407
1 0.9589410 -1.1697481 -0.3108796
8 0.0177191 -0.7057550 0.0072605
5
-114.697     ts77     dynamics     sesquiterpene     TS     runpoint      18     runisomer      100
6 -0.1026482 0.6931765 0.0135329
1 -0.4566909 0.9317816 1.0132306
1 -0.1230526 1.1133694 -0.9188116
1 0.8885018 -1.3043492 -0.3148467
8 0.0296258 -0.7038260 0.0037416
5
-114.688     ts77     dynamics     sesquiterpene     TS     runpoint      19     runisomer      100
6 -0.1077344 0.7033934 0.0138059
1 -0.5017058 0.9472454 1.0386089
1 -0.1280727 1.0721188 -0.8903447
1 0.7890205 -1.4049042 -0.3106919
8 0.0428642 -0.7035312 -0.0001159
5
-114.674     ts77     dynamics     sesquiterpene     TS     runpoint      20     runisomer      100
6 -0.1117378 0.7097735 0.0185394
1 -0.5441888 0.9676173 1.0460048
1 -0.1377866 1.0591670 -0.9033415
1 0.6694498 -1.4669975 -0.3007132
8 0.0566922 -0.7048743 -0.0039417
5
-114.672     ts77     dynamics     sesquiterpene     TS     runpoint      21     runisomer      100
6 -0.1146897 0.7124482 0.0274215
1 -0.5815630 0.9896420 1.0311632
1 -0.1530189 1.0718574 -0.9527350
1 0.5421803 -1.4949036 -0.2894698
8 0.0702414 -0.7073101 -0.0072663
5
-114.674     ts77     dynamics     sesquiterpene     TS     runpoint      22     runisomer      100
6 -0.1166801 0.7121690 0.0378318
1 -0.6133641 1.0110685 0.9955140
1 -0.1732162 1.0985141 -1.0108406
1 0.4220831 -1.5070028 -0.2851998
8 0.0825781 -0.7093689 -0.0094361
5
-114.668     ts77     dynamics     sesquiterpene     TS     runpoint      23     runisomer      100
6 -0.1177979 0.7095017 0.0471135
1 -0.6413464 1.0308604 0.9452649
1 -0.1968099 1.1286617 -1.0538673
1 0.3189684 -1.5316706 -0.2984086
8 0.0931641 -0.7089613 -0.0096883
