5
-114.654160 ts77 dynamics sesquiterpene TS runpoint 1  runisomer  79
6 -0.0567032 0.6131512 -0.0054265
1 -0.1307791 1.2053545 0.9687268
1 -0.1981913 1.1973379 -0.9420180
1 0.9975607 -0.0789093 0.0687110
8 -0.0275404 -0.7435093 -0.0019409
5
-114.648 ts77 dynamics sesquiterpene TS runpoint 2  runisomer  79
6 -0.0536985 0.62112 -0.00457184
1 -0.128119 1.15673 0.988386
1 -0.232106 1.23249 -1.01784
1 1.04199 -0.0609384 0.0905282
8 -0.0306248 -0.749771 -0.000418054
5
-114.641     ts77     dynamics     sesquiterpene     TS     runpoint      3     runisomer      79
6 -0.0492783 0.6304506 -0.0043202
1 -0.1297385 1.1036045 0.9959179
1 -0.2643139 1.2532570 -1.0703825
1 1.0775776 -0.0342977 0.1090808
8 -0.0340541 -0.7564100 0.0010610
5
-114.633     ts77     dynamics     sesquiterpene     TS     runpoint      4     runisomer      79
6 -0.0430716 0.6399709 -0.0053896
1 -0.1367580 1.0521027 0.9946273
1 -0.2923012 1.2570778 -1.0916473
1 1.1012158 0.0063566 0.1229743
8 -0.0379950 -0.7631086 0.0024099
5
-114.63     ts77     dynamics     sesquiterpene     TS     runpoint      5     runisomer      79
6 -0.0348060 0.6484578 -0.0082604
1 -0.1504141 1.0082469 0.9901594
1 -0.3141557 1.2440084 -1.0788335
1 1.1123341 0.0659009 0.1309403
8 -0.0426608 -0.7696405 0.0035361
5
-114.635     ts77     dynamics     sesquiterpene     TS     runpoint      6     runisomer      79
6 -0.0243143 0.6548998 -0.0130792
1 -0.1719514 0.9765293 0.9879090
1 -0.3285400 1.2156959 -1.0329472
1 1.1120310 0.1483294 0.1317811
8 -0.0482513 -0.7758850 0.0043496
5
-114.649     ts77     dynamics     sesquiterpene     TS     runpoint      7     runisomer      79
6 -0.0115580 0.6585975 -0.0193075
1 -0.2021805 0.9588139 0.9897786
1 -0.3354177 1.1759636 -0.9600734
1 1.1025323 0.2558374 0.1244325
8 -0.0548854 -0.7818130 0.0047775
5
-114.667     ts77     dynamics     sesquiterpene     TS     runpoint      8     runisomer      79
6 0.0033590 0.6590308 -0.0253367
1 -0.2407643 0.9542478 0.9930059
1 -0.3381522 1.1329256 -0.8753595
1 1.0878880 0.3875286 0.1084074
8 -0.0625509 -0.7874353 0.0047710
5
-114.679     ts77     dynamics     sesquiterpene     TS     runpoint      9     runisomer      79
6 0.0202243 0.6555533 -0.0284405
1 -0.2857436 0.9600258 0.9923196
1 -0.3467136 1.1011720 -0.8066132
1 1.0760166 0.5387809 0.0845605
8 -0.0710831 -0.7927182 0.0043145
5
-114.682     ts77     dynamics     sesquiterpene     TS     runpoint      10     runisomer      79
6 0.0386084 0.6475745 -0.0260739
1 -0.3337658 0.9722521 0.9832819
1 -0.3754065 1.0958451 -0.7826102
1 1.0783131 0.7032568 0.0553010
8 -0.0801875 -0.7975292 0.0034411
5
-114.691     ts77     dynamics     sesquiterpene     TS     runpoint      11     runisomer      79
6 0.0575449 0.6357821 -0.0186105
1 -0.3810191 0.9862960 0.9643324
1 -0.4267544 1.1149616 -0.8017963
1 1.0996710 0.8760730 0.0233501
8 -0.0895299 -0.8016582 0.0022588
5
-114.654160 ts77 dynamics sesquiterpene TS runpoint 1  runisomer  79
6 -0.0567032 0.6131512 -0.0054265
1 -0.1307791 1.2053545 0.9687268
1 -0.1981913 1.1973379 -0.9420180
1 0.9975607 -0.0789093 0.0687110
8 -0.0275404 -0.7435093 -0.0019409
5
-114.648 ts77 dynamics sesquiterpene TS runpoint 2  runisomer  79
6 -0.058724 0.607272 -0.00564744
1 -0.136736 1.24441 0.937012
1 -0.166038 1.15582 -0.860405
1 0.95057 -0.0939544 0.0451364
8 -0.0247139 -0.737995 -0.00343391
5
-114.645     ts77     dynamics     sesquiterpene     TS     runpoint      3     runisomer      79
6 -0.0602209 0.6033365 -0.0031128
1 -0.1452336 1.2707838 0.8967179
1 -0.1398932 1.1247100 -0.8041000
1 0.9100574 -0.1120850 0.0211898
8 -0.0221508 -0.7336013 -0.0048347
5
-114.632     ts77     dynamics     sesquiterpene     TS     runpoint      4     runisomer      79
6 -0.0617362 0.6007531 0.0041895
1 -0.1559483 1.2840158 0.8543825
1 -0.1223320 1.1223258 -0.8054244
1 0.8856687 -0.1391031 -0.0023194
8 -0.0199098 -0.7306427 -0.0060812
5
-114.632     ts77     dynamics     sesquiterpene     TS     runpoint      5     runisomer      79
6 -0.0639251 0.6001970 0.0152295
1 -0.1692153 1.2869295 0.8189735
1 -0.1114361 1.1457253 -0.8621452
1 0.8837297 -0.1800946 -0.0255390
8 -0.0179969 -0.7293004 -0.0070943
5
-114.643     ts77     dynamics     sesquiterpene     TS     runpoint      6     runisomer      79
6 -0.0672084 0.6031209 0.0264437
1 -0.1860626 1.2853288 0.8001107
1 -0.1036782 1.1749043 -0.9419036
1 0.9034618 -0.2396793 -0.0493365
8 -0.0162051 -0.7294760 -0.0077918
5
-114.65     ts77     dynamics     sesquiterpene     TS     runpoint      7     runisomer      79
6 -0.0716504 0.6100672 0.0348808
1 -0.2077515 1.2853542 0.8045941
1 -0.0969439 1.1950845 -1.0163986
1 0.9366808 -0.3227075 -0.0744916
8 -0.0140235 -0.7307278 -0.0081237
5
-114.656     ts77     dynamics     sesquiterpene     TS     runpoint      8     runisomer      79
6 -0.0772105 0.6208509 0.0392018
1 -0.2347976 1.2890280 0.8324893
1 -0.0903962 1.2003369 -1.0696482
1 0.9715489 -0.4333362 -0.1010931
8 -0.0107585 -0.7324097 -0.0080906
5
-114.665     ts77     dynamics     sesquiterpene     TS     runpoint      9     runisomer      79
6 -0.0838298 0.6350805 0.0393606
1 -0.2662052 1.2926639 0.8763291
1 -0.0839133 1.1897208 -1.0937168
1 0.9972709 -0.5717237 -0.1284463
8 -0.0058452 -0.7339255 -0.0077311
5
-114.679     ts77     dynamics     sesquiterpene     TS     runpoint      10     runisomer      79
6 -0.0913103 0.6521419 0.0359860
1 -0.2997396 1.2901407 0.9248120
1 -0.0778011 1.1648500 -1.0853647
1 1.0067277 -0.7318362 -0.1553394
8 0.0008975 -0.7349107 -0.0070840
5
-114.694     ts77     dynamics     sesquiterpene     TS     runpoint      11     runisomer      79
6 -0.0992873 0.6710943 0.0299684
1 -0.3328411 1.2767041 0.9672342
1 -0.0725763 1.1293703 -1.0455410
1 0.9963999 -0.9030035 -0.1804496
8 0.0092893 -0.7352622 -0.0061678
5
-114.704     ts77     dynamics     sesquiterpene     TS     runpoint      12     runisomer      79
6 -0.1073216 0.6906583 0.0225128
1 -0.3633496 1.2503765 0.9957712
1 -0.0687056 1.0897849 -0.9819860
1 0.9648859 -1.0728307 -0.2025895
8 0.0189802 -0.7350860 -0.0049814
5
-114.704     ts77     dynamics     sesquiterpene     TS     runpoint      13     runisomer      79
6 -0.1150202 0.7091600 0.0156106
1 -0.3899075 1.2117928 1.0060954
1 -0.0661094 1.0571751 -0.9151452
1 0.9119454 -1.2291211 -0.2208195
8 0.0295996 -0.7346334 -0.0035145
5
-114.691     ts77     dynamics     sesquiterpene     TS     runpoint      14     runisomer      79
6 -0.1221222 0.7245707 0.0122352
1 -0.4122603 1.1637386 0.9977912
1 -0.0634476 1.0470197 -0.8807845
1 0.8388423 -1.3611960 -0.2346833
8 0.0407744 -0.7342047 -0.0017493
5
-114.672     ts77     dynamics     sesquiterpene     TS     runpoint      15     runisomer      79
6 -0.1283975 0.7352983 0.0141499
1 -0.4317487 1.1108957 0.9755523
1 -0.0590531 1.0694402 -0.9051393
1 0.7488949 -1.4612186 -0.2445002
8 0.0520996 -0.7340335 0.0003702
5
-114.67     ts77     dynamics     sesquiterpene     TS     runpoint      16     runisomer      79
6 -0.1333164 0.7411656 0.0187898
1 -0.4519820 1.0595092 0.9504609
1 -0.0540743 1.1171705 -0.9691438
1 0.6473841 -1.5254857 -0.2516349
8 0.0631462 -0.7341569 0.0029539
5
-114.669     ts77     dynamics     sesquiterpene     TS     runpoint      17     runisomer      79
6 -0.1361513 0.7426879 0.0217350
1 -0.4785067 1.0158348 0.9373144
1 -0.0514576 1.1750779 -1.0351942
1 0.5411053 -1.5560353 -0.2589584
8 0.0734752 -0.7342710 0.0061978
5
-114.661     ts77     dynamics     sesquiterpene     TS     runpoint      18     runisomer      79
6 -0.1364728 0.7403692 0.0202309
1 -0.5155905 0.9830057 0.9446870
1 -0.0532699 1.2314825 -1.0789497
1 0.4376034 -1.5626473 -0.2715938
8 0.0826878 -0.7336004 0.0104169
5
-114.653     ts77     dynamics     sesquiterpene     TS     runpoint      19     runisomer      79
6 -0.1345034 0.7347890 0.0139801
1 -0.5620338 0.9596533 0.9663918
1 -0.0603512 1.2791731 -1.0901653
1 0.3427763 -1.5619847 -0.2971084
8 0.0905568 -0.7309888 0.0160554
