5
-114.654160 ts77 dynamics sesquiterpene TS runpoint 1  runisomer  142
6 -0.0531318 0.6417112 0.0135439
1 -0.2308942 1.2747128 0.9350956
1 -0.1113396 1.1011224 -0.9287985
1 0.9780081 -0.0644208 -0.1096991
8 -0.0281525 -0.7641563 -0.0036468
5
-114.647 ts77 dynamics sesquiterpene TS runpoint 2  runisomer  142
6 -0.0546161 0.638984 0.0132834
1 -0.217562 1.25387 0.926926
1 -0.0709961 1.02715 -0.886491
1 0.935794 -0.0372916 -0.12583
8 -0.0277613 -0.757845 -0.00458603
5
-114.638     ts77     dynamics     sesquiterpene     TS     runpoint      3     runisomer      142
6 -0.0554547 0.6350307 0.0165017
1 -0.2050618 1.2248351 0.9120886
1 -0.0389748 0.9786467 -0.8875838
1 0.9025157 -0.0103742 -0.1382354
8 -0.0278394 -0.7516892 -0.0052156
5
-114.632     ts77     dynamics     sesquiterpene     TS     runpoint      4     runisomer      142
6 -0.0559964 0.6296545 0.0231548
1 -0.1950852 1.1938906 0.8972581
1 -0.0155058 0.9607857 -0.9397372
1 0.8881015 0.0150897 -0.1470279
8 -0.0286310 -0.7461839 -0.0054329
5
-114.635     ts77     dynamics     sesquiterpene     TS     runpoint      5     runisomer      142
6 -0.0562628 0.6234213 0.0300277
1 -0.1896791 1.1689938 0.8919575
1 -0.0013966 0.9650936 -1.0153844
1 0.8988037 0.0396852 -0.1524155
8 -0.0303335 -0.7417587 -0.0051495
5
-114.636     ts77     dynamics     sesquiterpene     TS     runpoint      6     runisomer      142
6 -0.0557961 0.6166710 0.0339115
1 -0.1904677 1.1563064 0.9033440
1 0.0019607 0.9821796 -1.0844751
1 0.9343787 0.0670736 -0.1540428
8 -0.0330871 -0.7386973 -0.0043256
5
-114.634     ts77     dynamics     sesquiterpene     TS     runpoint      7     runisomer      142
6 -0.0538287 0.6095398 0.0334099
1 -0.1976888 1.1561066 0.9297842
1 -0.0062019 1.0060087 -1.1299011
1 0.9887417 0.1037272 -0.1506771
8 -0.0370182 -0.7371445 -0.0029656
5
-114.636     ts77     dynamics     sesquiterpene     TS     runpoint      8     runisomer      142
6 -0.0495361 0.6022336 0.0286675
1 -0.2100899 1.1631047 0.9612728
1 -0.0259301 1.0326923 -1.1443977
1 1.0533328 0.1569165 -0.1407719
8 -0.0422834 -0.7371367 -0.0011036
5
-114.642     ts77     dynamics     sesquiterpene     TS     runpoint      9     runisomer      142
6 -0.0422772 0.5950163 0.0205125
1 -0.2256832 1.1705346 0.9860300
1 -0.0566279 1.0592552 -1.1261036
1 1.1198563 0.2316719 -0.1233000
8 -0.0490025 -0.7385737 0.0012001
5
-114.652     ts77     dynamics     sesquiterpene     TS     runpoint      10     runisomer      142
6 -0.0317446 0.5881922 0.0099445
1 -0.2424898 1.1731020 0.9954407
1 -0.0970495 1.0832266 -1.0768413
1 1.1807997 0.3285467 -0.0981870
8 -0.0571381 -0.7412308 0.0038489
5
-114.666     ts77     dynamics     sesquiterpene     TS     runpoint      11     runisomer      142
6 -0.0179186 0.5821160 -0.0019122
1 -0.2589433 1.1676294 0.9853308
1 -0.1455029 1.1031096 -1.0027964
1 1.2292184 0.4439156 -0.0663633
8 -0.0664716 -0.7448502 0.0067109
5
-114.68     ts77     dynamics     sesquiterpene     TS     runpoint      12     runisomer      142
6 -0.0009013 0.5770664 -0.0136621
1 -0.2740238 1.1528117 0.9558291
1 -0.2006245 1.1198267 -0.9164781
1 1.2591127 0.5716852 -0.0296950
8 -0.0766996 -0.7492321 0.0096362
5
-114.689     ts77     dynamics     sesquiterpene     TS     runpoint      13     runisomer      142
6 0.0192686 0.5730560 -0.0236782
1 -0.2873532 1.1290234 0.9114054
1 -0.2628581 1.1381143 -0.8367662
1 1.2661235 0.7047455 0.0091748
8 -0.0875129 -0.7542613 0.0124779
5
-114.692     ts77     dynamics     sesquiterpene     TS     runpoint      14     runisomer      142
6 0.0426542 0.5699614 -0.0308678
1 -0.2994243 1.0982968 0.8612072
1 -0.3346193 1.1636916 -0.7810901
1 1.2481417 0.8358984 0.0472761
8 -0.0986424 -0.7598788 0.0151264
5
-114.692     ts77     dynamics     sesquiterpene     TS     runpoint      15     runisomer      142
6 0.0692092 0.5680237 -0.0359281
1 -0.3123515 1.0636130 0.8185144
1 -0.4161617 1.1952244 -0.7524515
1 1.2056925 0.9591845 0.0824696
8 -0.1099374 -0.7659957 0.0175900
5
-114.692     ts77     dynamics     sesquiterpene     TS     runpoint      16     runisomer      142
6 0.0986497 0.5676866 -0.0406528
1 -0.3328643 1.0278428 0.7949733
1 -0.5019725 1.2233810 -0.7393894
1 1.1431354 1.0704883 0.1119331
8 -0.1213831 -0.7722769 0.0199382
5
-114.689     ts77     dynamics     sesquiterpene     TS     runpoint      17     runisomer      142
6 0.1290855 0.5694417 -0.0460189
1 -0.3649810 0.9929796 0.7950279
1 -0.5812490 1.2386896 -0.7309501
1 1.0702148 1.1649817 0.1329200
8 -0.1326027 -0.7783157 0.0221055
5
-114.654160 ts77 dynamics sesquiterpene TS runpoint 1  runisomer  142
6 -0.0531318 0.6417112 0.0135439
1 -0.2308942 1.2747128 0.9350956
1 -0.1113396 1.1011224 -0.9287985
1 0.9780081 -0.0644208 -0.1096991
8 -0.0281525 -0.7641563 -0.0036468
5
-114.647 ts77 dynamics sesquiterpene TS runpoint 2  runisomer  142
6 -0.0507843 0.644229 0.0149914
1 -0.243941 1.2837 0.933701
1 -0.157617 1.18306 -0.982625
1 1.01911 -0.0901779 -0.0900803
8 -0.0287652 -0.770152 -0.00248929
5
-114.645     ts77     dynamics     sesquiterpene     TS     runpoint      3     runisomer      142
6 -0.0475788 0.6473371 0.0157171
1 -0.2561384 1.2796814 0.9229064
1 -0.2057921 1.2571509 -1.0237219
1 1.0509829 -0.1135053 -0.0675306
8 -0.0293729 -0.7754286 -0.0011846
5
-114.637     ts77     dynamics     sesquiterpene     TS     runpoint      4     runisomer      142
6 -0.0436379 0.6512900 0.0146839
1 -0.2674737 1.2637950 0.9055442
1 -0.2520677 1.3138869 -1.0408817
1 1.0680925 -0.1342798 -0.0428214
8 -0.0297768 -0.7796601 0.0002081
5
-114.629     ts77     dynamics     sesquiterpene     TS     runpoint      5     runisomer      142
6 -0.0391576 0.6559887 0.0113005
1 -0.2785203 1.2392466 0.8869299
1 -0.2934381 1.3483007 -1.0307005
1 1.0673509 -0.1535672 -0.0168284
8 -0.0297882 -0.7825919 0.0016398
5
-114.627     ts77     dynamics     sesquiterpene     TS     runpoint      6     runisomer      142
6 -0.0344286 0.6612024 0.0051819
1 -0.2903060 1.2105123 0.8740485
1 -0.3276047 1.3581352 -0.9938751
1 1.0478890 -0.1738707 0.0095556
8 -0.0292138 -0.7840333 0.0030601
5
-114.632     ts77     dynamics     sesquiterpene     TS     runpoint      7     runisomer      142
6 -0.0298823 0.6667667 -0.0037445
1 -0.3037018 1.1816113 0.8732456
1 -0.3530629 1.3433083 -0.9342340
1 1.0110111 -0.1994646 0.0355543
8 -0.0278532 -0.7838403 0.0044121
5
-114.643     ts77     dynamics     sesquiterpene     TS     runpoint      8     runisomer      142
6 -0.0261107 0.6726705 -0.0148638
1 -0.3183304 1.1541700 0.8869156
1 -0.3699093 1.3070190 -0.8600646
1 0.9604775 -0.2366580 0.0607434
8 -0.0255146 -0.7819098 0.0056320
5
-114.655     ts77     dynamics     sesquiterpene     TS     runpoint      9     runisomer      142
6 -0.0236801 0.6787811 -0.0264786
1 -0.3319619 1.1272265 0.9119203
1 -0.3820989 1.2588028 -0.7875566
1 0.9034076 -0.2932027 0.0854831
8 -0.0221158 -0.7781951 0.0066426
5
-114.659     ts77     dynamics     sesquiterpene     TS     runpoint      10     runisomer      142
6 -0.0226242 0.6843012 -0.0357760
1 -0.3412588 1.0991349 0.9414234
1 -0.4006511 1.2173261 -0.7433305
1 0.8528940 -0.3749413 0.1116201
8 -0.0179707 -0.7728023 0.0073254
5
-114.654     ts77     dynamics     sesquiterpene     TS     runpoint      11     runisomer      142
6 -0.0223671 0.6880772 -0.0401049
1 -0.3432621 1.0694260 0.9681773
1 -0.4398979 1.2013890 -0.7521373
1 0.8325225 -0.4799315 0.1434916
8 -0.0142813 -0.7661429 0.0074332
5
-114.661     ts77     dynamics     sesquiterpene     TS     runpoint      12     runisomer      142
6 -0.0229280 0.6901915 -0.0395376
1 -0.3365677 1.0392949 0.9869012
1 -0.4999259 1.2078427 -0.8077810
1 0.8674920 -0.6014744 0.1872057
8 -0.0127029 -0.7585788 0.0065786
5
-114.687     ts77     dynamics     sesquiterpene     TS     runpoint      13     runisomer      142
6 -0.0250660 0.6916005 -0.0362929
1 -0.3216687 1.0112098 0.9952280
1 -0.5658012 1.2180602 -0.8802235
1 0.9422953 -0.7403778 0.2418731
8 -0.0126004 -0.7497570 0.0047392
5
-114.702     ts77     dynamics     sesquiterpene     TS     runpoint      14     runisomer      142
6 -0.0292161 0.6928165 -0.0323663
1 -0.3005178 0.9883719 0.9939237
1 -0.6240062 1.2185327 -0.9444752
1 1.0102995 -0.8921524 0.2969927
8 -0.0114363 -0.7396955 0.0024497
5
-114.693     ts77     dynamics     sesquiterpene     TS     runpoint      15     runisomer      142
6 -0.0353074 0.6938366 -0.0290433
1 -0.2758130 0.9742497 0.9867374
1 -0.6672176 1.2037250 -0.9869647
1 1.0419599 -1.0429022 0.3432341
8 -0.0076942 -0.7291385 0.0001733
5
-114.675     ts77     dynamics     sesquiterpene     TS     runpoint      16     runisomer      142
6 -0.0430093 0.6944115 -0.0271701
1 -0.2502575 0.9720625 0.9793316
1 -0.6922377 1.1725561 -1.0015557
1 1.0282568 -1.1785922 0.3758929
8 -0.0010846 -0.7189178 -0.0019044
5
-114.664     ts77     dynamics     sesquiterpene     TS     runpoint      17     runisomer      142
6 -0.0519202 0.6942495 -0.0272194
1 -0.2258075 0.9840334 0.9768044
1 -0.6982417 1.1261493 -0.9863937
1 0.9700875 -1.2882268 0.3932905
8 0.0081044 -0.7097173 -0.0037592
5
-114.665     ts77     dynamics     sesquiterpene     TS     runpoint      18     runisomer      142
6 -0.0616040 0.6931362 -0.0290845
1 -0.2031949 1.0105246 0.9805912
1 -0.6866564 1.0672739 -0.9433222
1 0.8721165 -1.3633548 0.3953248
8 0.0193883 -0.7021056 -0.0054396
5
-114.677     ts77     dynamics     sesquiterpene     TS     runpoint      19     runisomer      142
6 -0.0714438 0.6909025 -0.0318052
1 -0.1821481 1.0495765 0.9872705
1 -0.6628695 1.0010567 -0.8800478
1 0.7415021 -1.3981016 0.3833548
8 0.0321757 -0.6965283 -0.0070529
5
-114.692     ts77     dynamics     sesquiterpene     TS     runpoint      20     runisomer      142
6 -0.0803219 0.6872073 -0.0333283
1 -0.1620857 1.0972923 0.9905427
1 -0.6399117 0.9364165 -0.8150770
1 0.5910669 -1.3936251 0.3624295
8 0.0456052 -0.6929693 -0.0088917
5
-114.691     ts77     dynamics     sesquiterpene     TS     runpoint      21     runisomer      142
6 -0.0864841 0.6814441 -0.0306930
1 -0.1426385 1.1488900 0.9845424
1 -0.6399958 0.8853253 -0.7791387
1 0.4462993 -1.3726267 0.3482557
8 0.0581299 -0.6899986 -0.0118623
