5
-114.654160 ts77 dynamics sesquiterpene TS runpoint 1  runisomer  206
6 -0.0163961 0.6515256 -0.0153794
1 -0.3391665 1.1055451 1.0225074
1 -0.2975913 1.1740462 -0.9171079
1 0.9330680 -0.0692491 -0.0147660
8 -0.0343248 -0.7651503 0.0058278
5
-114.647 ts77 dynamics sesquiterpene TS runpoint 2  runisomer  206
6 -0.0154056 0.664073 -0.0144517
1 -0.326799 1.02981 0.979011
1 -0.325981 1.16828 -0.925477
1 0.999513 -0.057352 0.0105937
8 -0.038245 -0.770178 0.0068021
5
-114.649     ts77     dynamics     sesquiterpene     TS     runpoint      3     runisomer      206
6 -0.0145035 0.6748950 -0.0124941
1 -0.3111450 0.9593016 0.9283600
1 -0.3528147 1.1627115 -0.9333581
1 1.0653207 -0.0367668 0.0355290
8 -0.0423643 -0.7748007 0.0074495
5
-114.641     ts77     dynamics     sesquiterpene     TS     runpoint      4     runisomer      206
6 -0.0123337 0.6823473 -0.0117910
1 -0.3007518 0.9061173 0.8967522
1 -0.3763611 1.1570379 -0.9375434
1 1.1206049 -0.0007318 0.0587915
8 -0.0466471 -0.7789545 0.0077122
5
-114.629     ts77     dynamics     sesquiterpene     TS     runpoint      5     runisomer      206
6 -0.0077132 0.6852429 -0.0143612
1 -0.3037074 0.8784274 0.9082931
1 -0.3951030 1.1512606 -0.9357746
1 1.1602064 0.0571927 0.0790447
8 -0.0512421 -0.7826700 0.0075255
5
-114.631     ts77     dynamics     sesquiterpene     TS     runpoint      6     runisomer      206
6 -0.0003140 0.6832418 -0.0196244
1 -0.3191386 0.8753008 0.9582026
1 -0.4081578 1.1458981 -0.9277930
1 1.1820788 0.1422095 0.0948607
8 -0.0563763 -0.7859918 0.0068311
5
-114.645     ts77     dynamics     sesquiterpene     TS     runpoint      7     runisomer      206
6 0.0094572 0.6765898 -0.0249723
1 -0.3390142 0.8905086 1.0191444
1 -0.4154612 1.1418444 -0.9151642
1 1.1855579 0.2567306 0.1047188
8 -0.0622132 -0.7889212 0.0055876
5
-114.659     ts77     dynamics     sesquiterpene     TS     runpoint      8     runisomer      206
6 0.0210586 0.6658076 -0.0281102
1 -0.3562877 0.9176112 1.0673884
1 -0.4176774 1.1399709 -0.9001190
1 1.1711054 0.3992778 0.1073341
8 -0.0687779 -0.7914040 0.0037913
5
-114.673     ts77     dynamics     sesquiterpene     TS     runpoint      9     runisomer      206
6 0.0338094 0.6516970 -0.0278623
1 -0.3672719 0.9509915 1.0903807
1 -0.4159742 1.1406159 -0.8843511
1 1.1425532 0.5641669 0.1023859
8 -0.0759595 -0.7933515 0.0014760
5
-114.686     ts77     dynamics     sesquiterpene     TS     runpoint      10     runisomer      206
6 0.0466413 0.6352952 -0.0240537
1 -0.3707143 0.9853407 1.0837676
1 -0.4119303 1.1431801 -0.8683958
1 1.1096049 0.7430554 0.0912437
8 -0.0835494 -0.7946454 -0.0012660
5
-114.695     ts77     dynamics     sesquiterpene     TS     runpoint      11     runisomer      206
6 0.0585356 0.6176386 -0.0172556
1 -0.3671263 1.0151083 1.0484950
1 -0.4077988 1.1460782 -0.8518040
1 1.0834005 0.9285065 0.0765597
8 -0.0913081 -0.7951429 -0.0042626
5
-114.654160 ts77 dynamics sesquiterpene TS runpoint 1  runisomer  206
6 -0.0163961 0.6515256 -0.0153794
1 -0.3391665 1.1055451 1.0225074
1 -0.2975913 1.1740462 -0.9171079
1 0.9330680 -0.0692491 -0.0147660
8 -0.0343248 -0.7651503 0.0058278
5
-114.647 ts77 dynamics sesquiterpene TS runpoint 2  runisomer  206
6 -0.0186644 0.638971 -0.0139583
1 -0.343455 1.17611 1.04408
1 -0.269125 1.18012 -0.91104
1 0.880485 -0.079221 -0.0397234
8 -0.0308333 -0.759932 0.00459244
5
-114.639     ts77     dynamics     sesquiterpene     TS     runpoint      3     runisomer      206
6 -0.0231161 0.6280264 -0.0097162
1 -0.3379497 1.2340779 1.0382488
1 -0.2415201 1.1859527 -0.9086928
1 0.8567053 -0.0932673 -0.0643370
8 -0.0280800 -0.7548565 0.0031792
5
-114.634     ts77     dynamics     sesquiterpene     TS     runpoint      4     runisomer      206
6 -0.0300919 0.6199349 -0.0027261
1 -0.3228203 1.2744828 1.0049537
1 -0.2151882 1.1902118 -0.9099491
1 0.8689577 -0.1152177 -0.0893626
8 -0.0262301 -0.7502192 0.0016880
5
-114.637     ts77     dynamics     sesquiterpene     TS     runpoint      5     runisomer      206
6 -0.0392018 0.6153391 0.0065151
1 -0.2995747 1.2945969 0.9479124
1 -0.1902115 1.1910787 -0.9136656
1 0.9111789 -0.1466399 -0.1151077
8 -0.0250934 -0.7461141 0.0002047
5
-114.646     ts77     dynamics     sesquiterpene     TS     runpoint      6     runisomer      206
6 -0.0496070 0.6143530 0.0170613
1 -0.2710935 1.2948499 0.8752773
1 -0.1664962 1.1867718 -0.9184318
1 0.9671666 -0.1889496 -0.1406440
8 -0.0241024 -0.7424539 -0.0012219
5
-114.652     ts77     dynamics     sesquiterpene     TS     runpoint      7     runisomer      206
6 -0.0604780 0.6166126 0.0273973
1 -0.2419600 1.2815766 0.8021568
1 -0.1438028 1.1760568 -0.9231832
1 1.0185371 -0.2453785 -0.1642920
8 -0.0224471 -0.7390833 -0.0025810
5
-114.65     ts77     dynamics     sesquiterpene     TS     runpoint      8     runisomer      206
6 -0.0713028 0.6210570 0.0353665
1 -0.2182155 1.2702883 0.7524751
1 -0.1217511 1.1586686 -0.9274935
1 1.0501419 -0.3215162 -0.1844890
8 -0.0192013 -0.7358133 -0.0038865
5
-114.646     ts77     dynamics     sesquiterpene     TS     runpoint      9     runisomer      206
6 -0.0820779 0.6261977 0.0388967
1 -0.2044300 1.2801795 0.7505035
1 -0.0998993 1.1356057 -0.9315708
1 1.0521202 -0.4236086 -0.2002050
8 -0.0134858 -0.7324072 -0.0051650
5
-114.658     ts77     dynamics     sesquiterpene     TS     runpoint      10     runisomer      206
6 -0.0932677 0.6316260 0.0378632
1 -0.1993876 1.3131433 0.7979482
1 -0.0779904 1.1092718 -0.9361969
1 1.0211757 -0.5538630 -0.2110367
8 -0.0048381 -0.7286895 -0.0064058
5
-114.685     ts77     dynamics     sesquiterpene     TS     runpoint      11     runisomer      206
6 -0.1052676 0.6382192 0.0342125
1 -0.1982377 1.3508244 0.8717000
1 -0.0560310 1.0832915 -0.9426048
1 0.9634497 -0.7070009 -0.2178633
8 0.0063470 -0.7247249 -0.0074818
5
-114.703     ts77     dynamics     sesquiterpene     TS     runpoint      12     runisomer      206
6 -0.1180031 0.6465262 0.0299878
1 -0.1972369 1.3754906 0.9466943
1 -0.0340839 1.0617504 -0.9519139
1 0.9004630 -0.8731581 -0.2247612
8 0.0184251 -0.7206853 -0.0080174
5
-114.703     ts77     dynamics     sesquiterpene     TS     runpoint      13     runisomer      206
6 -0.1310343 0.6562723 0.0263629
1 -0.1944249 1.3782623 1.0065650
1 -0.0122032 1.0480781 -0.9640929
1 0.8613015 -1.0469657 -0.2383982
8 0.0291141 -0.7163590 -0.0074437
5
-114.697     ts77     dynamics     sesquiterpene     TS     runpoint      14     runisomer      206
6 -0.1438255 0.6668234 0.0237238
1 -0.1888885 1.3567986 1.0425967
1 0.0094023 1.0442660 -0.9771642
1 0.8435911 -1.2224943 -0.2584246
8 0.0381175 -0.7116231 -0.0056496
5
-114.689     ts77     dynamics     sesquiterpene     TS     runpoint      15     runisomer      206
6 -0.1559125 0.6775352 0.0219534
1 -0.1803855 1.3125793 1.0512312
1 0.0302173 1.0507929 -0.9875116
1 0.8214683 -1.3805606 -0.2772355
8 0.0467335 -0.7073257 -0.0030295
5
-114.676     ts77     dynamics     sesquiterpene     TS     runpoint      16     runisomer      206
6 -0.1669106 0.6877500 0.0206061
1 -0.1691953 1.2498288 1.0332982
1 0.0494322 1.0670719 -0.9911409
1 0.7807584 -1.5026852 -0.2896840
8 0.0556353 -0.7043677 0.0001215
5
-114.664     ts77     dynamics     sesquiterpene     TS     runpoint      17     runisomer      206
6 -0.1765208 0.6966901 0.0188803
1 -0.1559315 1.1758120 0.9955414
1 0.0661726 1.0919599 -0.9850067
1 0.7191296 -1.5785852 -0.2944161
8 0.0648379 -0.7031986 0.0037058
5
-114.658     ts77     dynamics     sesquiterpene     TS     runpoint      18     runisomer      206
6 -0.1846028 0.7033730 0.0153953
1 -0.1410822 1.1014707 0.9539070
1 0.0799076 1.1241208 -0.9679036
1 0.6382741 -1.6035589 -0.2920718
8 0.0741955 -0.7039833 0.0077167
5
-114.657     ts77     dynamics     sesquiterpene     TS     runpoint      19     runisomer      206
6 -0.1912845 0.7066894 0.0082604
1 -0.1242630 1.0396090 0.9333144
1 0.0908504 1.1622923 -0.9409665
1 0.5414450 -1.5778926 -0.2848857
8 0.0835616 -0.7065971 0.0122155
5
-114.662     ts77     dynamics     sesquiterpene     TS     runpoint      20     runisomer      206
6 -0.1969228 0.7059144 -0.0035436
1 -0.1045167 0.9975440 0.9517639
1 0.1001657 1.2055559 -0.9078649
1 0.4365873 -1.5143818 -0.2790676
8 0.0925685 -0.7100949 0.0174552
5
-114.669     ts77     dynamics     sesquiterpene     TS     runpoint      21     runisomer      206
6 -0.2018229 0.7011368 -0.0185108
1 -0.0826798 0.9722262 0.9998164
1 0.1098178 1.2534321 -0.8740214
1 0.3414449 -1.4557685 -0.2921320
8 0.1002571 -0.7116276 0.0243446
5
-114.66     ts77     dynamics     sesquiterpene     TS     runpoint      22     runisomer      206
6 -0.2061103 0.6929016 -0.0338604
1 -0.0617980 0.9568856 1.0520310
1 0.1217263 1.3051581 -0.8440786
1 0.2718418 -1.4656609 -0.3546606
8 0.1057941 -0.7071212 0.0346222
5
-114.671     ts77     dynamics     sesquiterpene     TS     runpoint      23     runisomer      206
6 -0.2098313 0.6820345 -0.0476285
1 -0.0449641 0.9469095 1.0882450
1 0.1365624 1.3582405 -0.8192627
1 0.2116523 -1.5204428 -0.4626459
8 0.1103841 -0.6982339 0.0479086
5
-114.683     ts77     dynamics     sesquiterpene     TS     runpoint      24     runisomer      206
6 -0.2129913 0.6696218 -0.0590332
1 -0.0342813 0.9399720 1.0983945
1 0.1533281 1.4077113 -0.7974945
1 0.1465209 -1.5574647 -0.5818992
8 0.1151306 -0.6892700 0.0619661
5
-114.675     ts77     dynamics     sesquiterpene     TS     runpoint      25     runisomer      206
6 -0.2155519 0.6567883 -0.0679256
1 -0.0310218 0.9350571 1.0797760
1 0.1701368 1.4473228 -0.7759082
1 0.0760404 -1.5509329 -0.6893436
8 0.1202307 -0.6822410 0.0752188
