5
-114.654160 ts77 dynamics sesquiterpene TS runpoint 1  runisomer  165
6 -0.0428990 0.6360644 -0.0046468
1 -0.2846964 1.1397674 0.9051052
1 -0.1406710 1.1560402 -0.8310761
1 0.9749088 -0.0735521 -0.1171007
8 -0.0303960 -0.7543020 0.0061999
5
-114.643 ts77 dynamics sesquiterpene TS runpoint 2  runisomer  165
6 -0.0367233 0.63665 -0.0126843
1 -0.318836 1.16602 0.949296
1 -0.178402 1.20526 -0.822289
1 1.03724 -0.0503476 -0.0993915
8 -0.0344275 -0.760959 0.00777623
5
-114.643     ts77     dynamics     sesquiterpene     TS     runpoint      3     runisomer      165
6 -0.0291571 0.6354793 -0.0167841
1 -0.3481757 1.1846627 0.9839303
1 -0.2241220 1.2700816 -0.8493409
1 1.0929570 -0.0159369 -0.0781838
8 -0.0388856 -0.7675075 0.0090382
5
-114.643     ts77     dynamics     sesquiterpene     TS     runpoint      4     runisomer      165
6 -0.0201944 0.6334833 -0.0181123
1 -0.3687439 1.1908005 1.0004937
1 -0.2726500 1.3326885 -0.8886528
1 1.1377742 0.0382261 -0.0540579
8 -0.0440806 -0.7737554 0.0099478
5
-114.641     ts77     dynamics     sesquiterpene     TS     runpoint      5     runisomer      165
6 -0.0099895 0.6312850 -0.0177976
1 -0.3781866 1.1826196 0.9956927
1 -0.3178155 1.3785018 -0.9221907
1 1.1694353 0.1183056 -0.0279502
8 -0.0502914 -0.7795231 0.0104834
5
-114.643     ts77     dynamics     sesquiterpene     TS     runpoint      6     runisomer      165
6 0.0013093 0.6290971 -0.0165172
1 -0.3757060 1.1603881 0.9698852
1 -0.3549186 1.3998085 -0.9408471
1 1.1862539 0.2268362 -0.0009745
8 -0.0576469 -0.7846617 0.0106240
5
-114.652     ts77     dynamics     sesquiterpene     TS     runpoint      7     runisomer      165
6 0.0136046 0.6269832 -0.0147806
1 -0.3625019 1.1264109 0.9272019
1 -0.3809806 1.3935959 -0.9410992
1 1.1868861 0.3622259 0.0255420
8 -0.0661021 -0.7890750 0.0103559
5
-114.668     ts77     dynamics     sesquiterpene     TS     runpoint      8     runisomer      165
6 0.0268189 0.6249441 -0.0132830
1 -0.3427291 1.0857326 0.8771115
1 -0.3944730 1.3596629 -0.9225526
1 1.1719076 0.5189546 0.0500643
8 -0.0754680 -0.7927200 0.0096745
5
-114.684     ts77     dynamics     sesquiterpene     TS     runpoint      9     runisomer      165
6 0.0408633 0.6227847 -0.0131102
1 -0.3243662 1.0465516 0.8358877
1 -0.3954129 1.3001573 -0.8873165
1 1.1458725 0.6887253 0.0711464
8 -0.0854622 -0.7955794 0.0085947
5
-114.694     ts77     dynamics     sesquiterpene     TS     runpoint      10     runisomer      165
6 0.0557187 0.6200136 -0.0154088
1 -0.3175882 1.0175169 0.8227103
1 -0.3863688 1.2204536 -0.8410320
1 1.1165672 0.8629790 0.0880855
8 -0.0957580 -0.7976277 0.0071671
5
-114.654160 ts77 dynamics sesquiterpene TS runpoint 1  runisomer  165
6 -0.0428990 0.6360644 -0.0046468
1 -0.2846964 1.1397674 0.9051052
1 -0.1406710 1.1560402 -0.8310761
1 0.9749088 -0.0735521 -0.1171007
8 -0.0303960 -0.7543020 0.0061999
5
-114.643 ts77 dynamics sesquiterpene TS runpoint 2  runisomer  165
6 -0.0480833 0.633497 0.00655427
1 -0.251532 1.11549 0.867575
1 -0.111416 1.12877 -0.883721
1 0.913563 -0.0950986 -0.131527
8 -0.0265745 -0.74777 0.00438703
5
-114.644     ts77     dynamics     sesquiterpene     TS     runpoint      3     runisomer      165
6 -0.0529329 0.6297804 0.0173752
1 -0.2256298 1.1065252 0.8584806
1 -0.0880147 1.1141181 -0.9602581
1 0.8636989 -0.1244167 -0.1441969
8 -0.0229017 -0.7416458 0.0024620
5
-114.642     ts77     dynamics     sesquiterpene     TS     runpoint      4     runisomer      165
6 -0.0581940 0.6261790 0.0246485
1 -0.2096566 1.1209226 0.8890944
1 -0.0687100 1.1016218 -1.0338643
1 0.8360586 -0.1695557 -0.1579000
8 -0.0194373 -0.7362201 0.0005770
5
-114.643     ts77     dynamics     sesquiterpene     TS     runpoint      5     runisomer      165
6 -0.0646247 0.6243638 0.0280544
1 -0.2008805 1.1525872 0.9460841
1 -0.0529224 1.0863987 -1.0867249
1 0.8375202 -0.2361323 -0.1756340
8 -0.0162530 -0.7316991 -0.0011207
5
-114.647     ts77     dynamics     sesquiterpene     TS     runpoint      6     runisomer      165
6 -0.0726688 0.6257794 0.0288707
1 -0.1952852 1.1885747 1.0054747
1 -0.0404672 1.0675301 -1.1100677
1 0.8675741 -0.3277720 -0.1991178
8 -0.0132502 -0.7280650 -0.0025261
5
-114.655     ts77     dynamics     sesquiterpene     TS     runpoint      7     runisomer      165
6 -0.0823700 0.6309977 0.0282876
1 -0.1903165 1.2186996 1.0492620
1 -0.0311901 1.0462140 -1.1010154
1 0.9168559 -0.4470749 -0.2276673
8 -0.0099756 -0.7250181 -0.0036192
5
-114.668     ts77     dynamics     sesquiterpene     TS     runpoint      8     runisomer      165
6 -0.0935060 0.6397207 0.0270817
1 -0.1846761 1.2373120 1.0680232
1 -0.0248252 1.0251619 -1.0613391
1 0.9689473 -0.5936633 -0.2580190
8 -0.0056613 -0.7221716 -0.0044835
5
-114.683     ts77     dynamics     sesquiterpene     TS     runpoint      9     runisomer      165
6 -0.1056831 0.6509811 0.0259517
1 -0.1777620 1.2421227 1.0585603
1 -0.0208034 1.0088702 -0.9987274
1 1.0060480 -0.7609104 -0.2855828
8 0.0004470 -0.7193580 -0.0052483
5
-114.695     ts77     dynamics     sesquiterpene     TS     runpoint      10     runisomer      165
6 -0.1184370 0.6633127 0.0259383
1 -0.1695322 1.2334736 1.0226277
1 -0.0177705 1.0043873 -0.9299744
1 1.0148831 -0.9362733 -0.3062691
8 0.0087483 -0.7167326 -0.0060020
5
-114.697     ts77     dynamics     sesquiterpene     TS     runpoint      11     runisomer      165
6 -0.1313694 0.6748579 0.0283883
1 -0.1604676 1.2147578 0.9680271
1 -0.0130176 1.0211397 -0.8811700
1 0.9891847 -1.1048616 -0.3175689
8 0.0191977 -0.7146480 -0.0067629
5
-114.691     ts77     dynamics     sesquiterpene     TS     runpoint      12     runisomer      165
6 -0.1441504 0.6837034 0.0334616
1 -0.1513075 1.1939358 0.9116764
1 -0.0036098 1.0658360 -0.8727179
1 0.9290616 -1.2529630 -0.3186880
8 0.0314048 -0.7134565 -0.0074810
5
-114.684     ts77     dynamics     sesquiterpene     TS     runpoint      13     runisomer      165
6 -0.1563392 0.6885604 0.0382765
1 -0.1422260 1.1839219 0.8799473
1 0.0100792 1.1339271 -0.8976506
1 0.8392545 -1.3701094 -0.3102956
8 0.0447736 -0.7133799 -0.0080515
5
-114.678     ts77     dynamics     sesquiterpene     TS     runpoint      14     runisomer      165
6 -0.1674827 0.6892262 0.0390224
1 -0.1320361 1.1946333 0.8934477
1 0.0244475 1.2118567 -0.9316669
1 0.7277822 -1.4504807 -0.2944750
8 0.0586113 -0.7144019 -0.0083155
5
-114.677     ts77     dynamics     sesquiterpene     TS     runpoint      15     runisomer      165
6 -0.1773225 0.6868685 0.0347309
1 -0.1194840 1.2201538 0.9442537
1 0.0361862 1.2862965 -0.9552006
1 0.6054940 -1.4953327 -0.2752139
8 0.0721677 -0.7161070 -0.0080295
5
-114.674     ts77     dynamics     sesquiterpene     TS     runpoint      16     runisomer      165
6 -0.1857687 0.6831955 0.0268340
1 -0.1049013 1.2447540 1.0062159
1 0.0436503 1.3477849 -0.9584579
1 0.4855726 -1.5171800 -0.2593002
8 0.0846711 -0.7173997 -0.0068083
5
-114.663     ts77     dynamics     sesquiterpene     TS     runpoint      17     runisomer      165
6 -0.1928804 0.6793763 0.0169851
1 -0.0895779 1.2562722 1.0577487
1 0.0464690 1.3904160 -0.9385201
1 0.3790846 -1.5399081 -0.2558525
8 0.0955724 -0.7165150 -0.0041404
5
-114.652     ts77     dynamics     sesquiterpene     TS     runpoint      18     runisomer      165
6 -0.1988422 0.6759568 0.0063955
1 -0.0749295 1.2488577 1.0870515
1 0.0450349 1.4112159 -0.8969224
1 0.2854022 -1.5800683 -0.2710024
8 0.1051148 -0.7122638 0.0002913
5
-114.652     ts77     dynamics     sesquiterpene     TS     runpoint      19     runisomer      165
6 -0.2039422 0.6730960 -0.0039972
1 -0.0622970 1.2208951 1.0892307
1 0.0403954 1.4103406 -0.8390424
1 0.1934359 -1.6256992 -0.3023113
8 0.1142322 -0.7054264 0.0062765
