5
-114.654160 ts77 dynamics sesquiterpene TS runpoint 1  runisomer  187
6 -0.0234149 0.6484583 -0.0218881
1 -0.2503903 1.0337207 1.0434951
1 -0.3150002 1.1780697 -0.9525782
1 0.9327855 -0.0652031 0.0806521
8 -0.0335382 -0.7588318 0.0056118
5
-114.646 ts77 dynamics sesquiterpene TS runpoint 2  runisomer  187
6 -0.0195328 0.656423 -0.0164994
1 -0.280117 1.00025 1.04513
1 -0.337472 1.20715 -1.02466
1 0.984773 -0.0662793 0.0588435
8 -0.0364377 -0.764463 0.00738158
5
-114.64     ts77     dynamics     sesquiterpene     TS     runpoint      3     runisomer      187
6 -0.0163510 0.6640400 -0.0108906
1 -0.3072587 0.9717867 1.0275647
1 -0.3528591 1.2255264 -1.0723848
1 1.0382780 -0.0616609 0.0353266
8 -0.0395178 -0.7698326 0.0087710
5
-114.631     ts77     dynamics     sesquiterpene     TS     runpoint      4     runisomer      187
6 -0.0134074 0.6705375 -0.0061164
1 -0.3322182 0.9518216 0.9963079
1 -0.3589238 1.2303595 -1.0885746
1 1.0844640 -0.0463815 0.0103752
8 -0.0426829 -0.7747171 0.0097510
5
-114.625     ts77     dynamics     sesquiterpene     TS     runpoint      5     runisomer      187
6 -0.0101318 0.6750785 -0.0031636
1 -0.3564614 0.9439054 0.9605603
1 -0.3547725 1.2211703 -1.0712470
1 1.1178361 -0.0152910 -0.0151543
8 -0.0459779 -0.7790043 0.0103058
5
-114.627     ts77     dynamics     sesquiterpene     TS     runpoint      6     runisomer      187
6 -0.0059134 0.6768730 -0.0028510
1 -0.3820120 0.9509037 0.9307229
1 -0.3404686 1.1989596 -1.0223281
1 1.1360085 0.0369084 -0.0400575
8 -0.0495805 -0.7826796 0.0104385
5
-114.637     ts77     dynamics     sesquiterpene     TS     runpoint      7     runisomer      187
6 -0.0002047 0.6752457 -0.0052542
1 -0.4096341 0.9736757 0.9133165
1 -0.3176638 1.1668369 -0.9492085
1 1.1389763 0.1150990 -0.0629120
8 -0.0537485 -0.7857961 0.0101725
5
-114.652     ts77     dynamics     sesquiterpene     TS     runpoint      8     runisomer      187
6 0.0073813 0.6696236 -0.0090148
1 -0.4368977 1.0098909 0.9071474
1 -0.2914508 1.1322168 -0.8690848
1 1.1285224 0.2222501 -0.0820744
8 -0.0587178 -0.7884289 0.0095437
5
-114.664     ts77     dynamics     sesquiterpene     TS     runpoint      9     runisomer      187
6 0.0171162 0.6594041 -0.0112184
1 -0.4587720 1.0543905 0.9054406
1 -0.2724216 1.1091811 -0.8123554
1 1.1087715 0.3574141 -0.0957239
8 -0.0646006 -0.7906295 0.0085919
5
-114.67     ts77     dynamics     sesquiterpene     TS     runpoint      10     runisomer      187
6 0.0287673 0.6443902 -0.0090046
1 -0.4703307 1.1009238 0.9010749
1 -0.2726339 1.1119364 -0.8082802
1 1.0886233 0.5146792 -0.1022595
8 -0.0713343 -0.7923802 0.0073638
5
-114.683     ts77     dynamics     sesquiterpene     TS     runpoint      11     runisomer      187
6 0.0407094 0.6260229 -0.0025483
1 -0.4688577 1.1436412 0.8895339
1 -0.2928087 1.1361813 -0.8518947
1 1.0817554 0.6855674 -0.1011266
8 -0.0786857 -0.7935865 0.0059260
5
-114.698     ts77     dynamics     sesquiterpene     TS     runpoint      12     runisomer      187
6 0.0511823 0.6066982 0.0057752
1 -0.4546022 1.1777805 0.8691054
1 -0.3230838 1.1630045 -0.9136302
1 1.0943220 0.8631439 -0.0930779
8 -0.0863298 -0.7941189 0.0043539
5
-114.654160 ts77 dynamics sesquiterpene TS runpoint 1  runisomer  187
6 -0.0234149 0.6484583 -0.0218881
1 -0.2503903 1.0337207 1.0434951
1 -0.3150002 1.1780697 -0.9525782
1 0.9327855 -0.0652031 0.0806521
8 -0.0335382 -0.7588318 0.0056118
5
-114.646 ts77 dynamics sesquiterpene TS runpoint 2  runisomer  187
6 -0.0282097 0.640577 -0.025638
1 -0.218577 1.0691 1.0213
1 -0.290317 1.14605 -0.87271
1 0.893307 -0.0631099 0.101241
8 -0.031013 -0.753263 0.00349384
5
-114.644     ts77     dynamics     sesquiterpene     TS     runpoint      3     runisomer      187
6 -0.0336491 0.6324622 -0.0256360
1 -0.1858662 1.1040481 0.9814448
1 -0.2720304 1.1266421 -0.8147559
1 0.8761152 -0.0638473 0.1216130
8 -0.0290628 -0.7481078 0.0010687
5
-114.635     ts77     dynamics     sesquiterpene     TS     runpoint      4     runisomer      187
6 -0.0391244 0.6233639 -0.0201279
1 -0.1539901 1.1375704 0.9313151
1 -0.2683747 1.1365527 -0.8087519
1 0.8854560 -0.0696417 0.1424223
8 -0.0277828 -0.7436543 -0.0015939
5
-114.637     ts77     dynamics     sesquiterpene     TS     runpoint      5     runisomer      187
6 -0.0444208 0.6137241 -0.0104493
1 -0.1249925 1.1708502 0.8824985
1 -0.2775722 1.1725825 -0.8518111
1 0.9179663 -0.0807841 0.1631331
8 -0.0271054 -0.7400870 -0.0043712
5
-114.647     ts77     dynamics     sesquiterpene     TS     runpoint      6     runisomer      187
6 -0.0496007 0.6050182 -0.0002030
1 -0.1006112 1.2069143 0.8474280
1 -0.2909557 1.2144955 -0.9144767
1 0.9642746 -0.0960535 0.1820550
8 -0.0268298 -0.7375069 -0.0070913
5
-114.645     ts77     dynamics     sesquiterpene     TS     runpoint      7     runisomer      187
6 -0.0544889 0.5983825 0.0079100
1 -0.0816348 1.2474557 0.8329935
1 -0.3022789 1.2458790 -0.9722507
1 1.0129334 -0.1135454 0.1971583
8 -0.0267114 -0.7359590 -0.0095787
5
-114.635     ts77     dynamics     sesquiterpene     TS     runpoint      8     runisomer      187
6 -0.0587641 0.5946235 0.0129284
1 -0.0680316 1.2892896 0.8370942
1 -0.3088895 1.2587878 -1.0122798
1 1.0539323 -0.1314347 0.2068412
8 -0.0265277 -0.7354605 -0.0116897
5
-114.626     ts77     dynamics     sesquiterpene     TS     runpoint      9     runisomer      187
6 -0.0621549 0.5944469 0.0149536
1 -0.0595405 1.3253420 0.8520381
1 -0.3100464 1.2505473 -1.0288805
1 1.0800779 -0.1486582 0.2101690
8 -0.0260940 -0.7359953 -0.0133151
5
-114.621     ts77     dynamics     sesquiterpene     TS     runpoint      10     runisomer      187
6 -0.0645567 0.5983562 0.0144170
1 -0.0558955 1.3485728 0.8698715
1 -0.3058609 1.2213699 -1.0202127
1 1.0867180 -0.1656841 0.2067421
8 -0.0252044 -0.7374800 -0.0143658
5
-114.623     ts77     dynamics     sesquiterpene     TS     runpoint      11     runisomer      187
6 -0.0660962 0.6065136 0.0117955
1 -0.0566980 1.3544683 0.8849347
1 -0.2970704 1.1738527 -0.9876510
1 1.0711502 -0.1853349 0.1965383
8 -0.0235720 -0.7397392 -0.0147571
5
-114.632     ts77     dynamics     sesquiterpene     TS     runpoint      12     runisomer      187
6 -0.0671230 0.6186067 0.0077560
1 -0.0612837 1.3415860 0.8941843
1 -0.2854862 1.1140274 -0.9378254
1 1.0327012 -0.2132569 0.1799548
8 -0.0208200 -0.7424701 -0.0144029
5
-114.646     ts77     dynamics     sesquiterpene     TS     runpoint      13     runisomer      187
6 -0.0680808 0.6336476 0.0035755
1 -0.0687327 1.3114768 0.8970293
1 -0.2751615 1.0534440 -0.8874264
1 0.9738134 -0.2575729 0.1580782
8 -0.0165724 -0.7452462 -0.0132426
5
-114.655     ts77     dynamics     sesquiterpene     TS     runpoint      14     runisomer      187
6 -0.0692884 0.6499609 0.0013890
1 -0.0780528 1.2686886 0.8955741
1 -0.2731834 1.0089655 -0.8659435
1 0.9027155 -0.3267525 0.1331430
8 -0.0107239 -0.7476254 -0.0112926
5
-114.66     ts77     dynamics     sesquiterpene     TS     runpoint      15     runisomer      187
6 -0.0709756 0.6659467 0.0026472
1 -0.0885532 1.2207279 0.8954081
1 -0.2856161 0.9925705 -0.8974780
1 0.8402984 -0.4235716 0.1093058
8 -0.0040798 -0.7494606 -0.0087376
5
-114.665     ts77     dynamics     sesquiterpene     TS     runpoint      16     runisomer      187
6 -0.0735651 0.6808844 0.0055324
1 -0.1002460 1.1769101 0.9054102
1 -0.3099213 1.0000239 -0.9689768
1 0.8303440 -0.5380288 0.0931045
8 0.0007576 -0.7511626 -0.0060076
5
-114.672     ts77     dynamics     sesquiterpene     TS     runpoint      17     runisomer      187
6 -0.0772717 0.6942777 0.0067409
1 -0.1138646 1.1446466 0.9328518
1 -0.3384539 1.0203678 -1.0464384
1 0.9064321 -0.6621647 0.0878930
8 0.0014008 -0.7526376 -0.0034361
5
-114.693     ts77     dynamics     sesquiterpene     TS     runpoint      18     runisomer      187
6 -0.0818784 0.7057254 0.0045734
1 -0.1302261 1.1253937 0.9756364
1 -0.3654583 1.0457854 -1.1047462
1 1.0176596 -0.8011153 0.0871595
8 0.0005811 -0.7528585 -0.0007865
5
-114.695     ts77     dynamics     sesquiterpene     TS     runpoint      19     runisomer      187
6 -0.0870579 0.7151844 -0.0007848
1 -0.1495306 1.1156058 1.0220280
1 -0.3879569 1.0717818 -1.1316647
1 1.1063347 -0.9467562 0.0854064
8 0.0015142 -0.7518001 0.0021143
5
-114.678     ts77     dynamics     sesquiterpene     TS     runpoint      20     runisomer      187
6 -0.0925360 0.7227300 -0.0083213
1 -0.1713141 1.1109039 1.0583231
1 -0.4046237 1.0956705 -1.1231592
1 1.1497706 -1.0855614 0.0810062
8 0.0053097 -0.7499241 0.0052200
5
-114.662     ts77     dynamics     sesquiterpene     TS     runpoint      21     runisomer      187
6 -0.0980614 0.7283462 -0.0169195
1 -0.1947610 1.1082686 1.0746083
1 -0.4152061 1.1159292 -1.0805838
1 1.1439391 -1.2064808 0.0738532
8 0.0119673 -0.7476287 0.0084107
5
-114.656     ts77     dynamics     sesquiterpene     TS     runpoint      22     runisomer      187
6 -0.1033233 0.7318910 -0.0254426
1 -0.2189952 1.1061150 1.0660878
1 -0.4208365 1.1325031 -1.0109618
1 1.0910038 -1.3010679 0.0641671
8 0.0211325 -0.7452376 0.0115630
5
-114.661     ts77     dynamics     sesquiterpene     TS     runpoint      23     runisomer      187
6 -0.1078177 0.7330221 -0.0324936
1 -0.2432808 1.1038748 1.0329513
1 -0.4251883 1.1481310 -0.9295840
1 0.9950392 -1.3622830 0.0521460
8 0.0323572 -0.7430737 0.0145678
5
-114.671     ts77     dynamics     sesquiterpene     TS     runpoint      24     runisomer      187
6 -0.1107340 0.7310038 -0.0363673
1 -0.2672456 1.1018924 0.9808754
1 -0.4355406 1.1699114 -0.8611953
1 0.8634356 -1.3853837 0.0379539
8 0.0449999 -0.7413528 0.0173375
5
-114.68     ts77     dynamics     sesquiterpene     TS     runpoint      25     runisomer      187
6 -0.1111863 0.7248546 -0.0360717
1 -0.2912930 1.1018308 0.9223074
1 -0.4598111 1.2059156 -0.8292654
1 0.7149925 -1.3754199 0.0218156
8 0.0577378 -0.7396332 0.0198098
5
-114.677     ts77     dynamics     sesquiterpene     TS     runpoint      26     runisomer      187
6 -0.1089318 0.7142544 -0.0330747
1 -0.3171532 1.1071030 0.8758611
1 -0.4977757 1.2536544 -0.8349204
1 0.5961212 -1.3694338 0.0033410
8 0.0675596 -0.7353980 0.0220063
5
-114.651     ts77     dynamics     sesquiterpene     TS     runpoint      27     runisomer      187
6 -0.1044975 0.6999543 -0.0303600
1 -0.3472760 1.1210548 0.8580130
1 -0.5402098 1.2989969 -0.8600038
1 0.5615333 -1.4359720 -0.0215443
8 0.0709856 -0.7242144 0.0242398
5
-114.66     ts77     dynamics     sesquiterpene     TS     runpoint      28     runisomer      187
6 -0.0986787 0.6834872 -0.0296223
1 -0.3817671 1.1420972 0.8699431
1 -0.5775543 1.3285035 -0.8872809
1 0.5759364 -1.5440621 -0.0552004
8 0.0702403 -0.7082351 0.0267720
5
-114.666     ts77     dynamics     sesquiterpene     TS     runpoint      29     runisomer      187
6 -0.0923175 0.6667881 -0.0307221
1 -0.4167662 1.1626628 0.8980820
1 -0.6039314 1.3347881 -0.9071151
1 0.5935583 -1.6284795 -0.0940561
8 0.0682252 -0.6920805 0.0295204
5
-114.65     ts77     dynamics     sesquiterpene     TS     runpoint      30     runisomer      187
6 -0.0861435 0.6516404 -0.0329152
1 -0.4470239 1.1744590 0.9269282
1 -0.6164818 1.3152664 -0.9153280
1 0.5989976 -1.6623120 -0.1350602
8 0.0659476 -0.6780997 0.0324467
5
-114.638     ts77     dynamics     sesquiterpene     TS     runpoint      31     runisomer      187
6 -0.0806702 0.6393716 -0.0356120
1 -0.4684579 1.1722693 0.9461021
1 -0.6143108 1.2704346 -0.9108955
1 0.5891178 -1.6390115 -0.1764272
8 0.0636780 -0.6674033 0.0355877
5
-114.643     ts77     dynamics     sesquiterpene     TS     runpoint      32     runisomer      187
6 -0.0761810 0.6308322 -0.0384135
1 -0.4788906 1.1542747 0.9503636
1 -0.5983606 1.2034119 -0.8953832
1 0.5639922 -1.5597975 -0.2169569
8 0.0615462 -0.6606321 0.0389961
5
-114.663     ts77     dynamics     sesquiterpene     TS     runpoint      33     runisomer      187
6 -0.0726965 0.6262883 -0.0408819
1 -0.4778311 1.1213959 0.9381755
1 -0.5721000 1.1206613 -0.8741686
1 0.5274655 -1.4347824 -0.2572810
8 0.0595121 -0.6578162 0.0428177
5
-114.684     ts77     dynamics     sesquiterpene     TS     runpoint      34     runisomer      187
6 -0.0698471 0.6252198 -0.0423024
1 -0.4663176 1.0770482 0.9113251
1 -0.5427615 1.0329605 -0.8588957
1 0.4968116 -1.2969482 -0.3073810
8 0.0567312 -0.6573808 0.0477682
5
-114.68     ts77     dynamics     sesquiterpene     TS     runpoint      35     runisomer      187
6 -0.0668353 0.6264821 -0.0418198
1 -0.4476157 1.0275155 0.8760434
1 -0.5208817 0.9536603 -0.8671332
1 0.5112788 -1.2061262 -0.4003482
8 0.0510026 -0.6559346 0.0560045
5
-114.684     ts77     dynamics     sesquiterpene     TS     runpoint      36     runisomer      187
6 -0.0629168 0.6291461 -0.0395780
1 -0.4283616 0.9823837 0.8448835
1 -0.5134151 0.8915979 -0.9106821
1 0.5726949 -1.1592852 -0.5463095
8 0.0425102 -0.6541330 0.0682260
5
-114.703     ts77     dynamics     sesquiterpene     TS     runpoint      37     runisomer      187
6 -0.0580075 0.6328643 -0.0377440
1 -0.4177910 0.9526929 0.8349496
1 -0.5164936 0.8468596 -0.9807141
1 0.6344833 -1.1073962 -0.6982374
8 0.0344612 -0.6555045 0.0814603
5
-114.693     ts77     dynamics     sesquiterpene     TS     runpoint      38     runisomer      187
6 -0.0526057 0.6374653 -0.0387646
1 -0.4221800 0.9451698 0.8559219
1 -0.5210497 0.8164116 -1.0558282
1 0.6726016 -1.0374115 -0.8233560
8 0.0285689 -0.6609770 0.0935194
5
-114.675     ts77     dynamics     sesquiterpene     TS     runpoint      39     runisomer      187
6 -0.0475957 0.6429418 -0.0430757
1 -0.4394009 0.9581008 0.8983680
1 -0.5206198 0.7983633 -1.1180821
1 0.6813258 -0.9540004 -0.9086901
8 0.0253174 -0.6700220 0.1033759
5
-114.661     ts77     dynamics     sesquiterpene     TS     runpoint      40     runisomer      187
6 -0.0439115 0.6493550 -0.0495405
1 -0.4621488 0.9849870 0.9422045
1 -0.5124354 0.7918723 -1.1572005
1 0.6609859 -0.8652107 -0.9494092
8 0.0247504 -0.6817157 0.1104921
5
-114.653     ts77     dynamics     sesquiterpene     TS     runpoint      41     runisomer      187
6 -0.0421920 0.6566589 -0.0568237
1 -0.4837319 1.0196179 0.9706184
1 -0.4960514 0.7964689 -1.1686925
1 0.6134732 -0.7790336 -0.9433193
8 0.0267786 -0.6951005 0.1145031
5
-114.655     ts77     dynamics     sesquiterpene     TS     runpoint      42     runisomer      187
6 -0.0427420 0.6646945 -0.0638427
1 -0.4997699 1.0576470 0.9739443
1 -0.4723765 0.8117288 -1.1522625
1 0.5418815 -0.7034613 -0.8903523
8 0.0312194 -0.7092526 0.1151833
5
-114.669     ts77     dynamics     sesquiterpene     TS     runpoint      43     runisomer      187
6 -0.0456092 0.6732699 -0.0696022
1 -0.5077260 1.0962146 0.9483244
1 -0.4434229 0.8371076 -1.1120518
1 0.4527755 -0.6471589 -0.7972119
8 0.0376591 -0.7232666 0.1127121
5
-114.685     ts77     dynamics     sesquiterpene     TS     runpoint      44     runisomer      187
6 -0.0505787 0.6822411 -0.0729153
1 -0.5065644 1.1334235 0.8946140
1 -0.4125945 0.8719443 -1.0584537
1 0.3623528 -0.6181973 -0.6929140
8 0.0450669 -0.7363657 0.1086294
5
-114.674     ts77     dynamics     sesquiterpene     TS     runpoint      45     runisomer      187
6 -0.0570532 0.6913868 -0.0724008
1 -0.4972421 1.1686854 0.8191484
1 -0.3849787 0.9158890 -1.0095137
1 0.3037609 -0.6152702 -0.6575591
8 0.0512861 -0.7484069 0.1076830
5
-114.653     ts77     dynamics     sesquiterpene     TS     runpoint      46     runisomer      187
6 -0.0639936 0.6999288 -0.0673272
1 -0.4840834 1.2044898 0.7360836
1 -0.3657717 0.9696447 -0.9858332
1 0.2929531 -0.6300808 -0.7519108
8 0.0551323 -0.7595295 0.1135591
