5
-114.654160 ts77 dynamics sesquiterpene TS runpoint 1  runisomer  99
6 -0.0326658 0.6187730 0.0135779
1 -0.2358359 1.1622532 0.9283315
1 -0.2701608 1.0482155 -0.9963551
1 0.9671515 -0.0822707 0.0164946
8 -0.0325047 -0.7354026 -0.0069403
5
-114.651 ts77 dynamics sesquiterpene TS runpoint 2  runisomer  99
6 -0.0300183 0.614049 0.0169303
1 -0.261338 1.11279 0.952105
1 -0.282121 1.07167 -1.07583
1 1.025 -0.0767168 -0.00864039
8 -0.0357752 -0.73057 -0.00436184
5
-114.642     ts77     dynamics     sesquiterpene     TS     runpoint      3     runisomer      99
6 -0.0269803 0.6104689 0.0176855
1 -0.2886399 1.0670118 0.9744546
1 -0.2893066 1.0916360 -1.1266816
1 1.0797910 -0.0622798 -0.0336017
8 -0.0393328 -0.7271664 -0.0015611
5
-114.632     ts77     dynamics     sesquiterpene     TS     runpoint      4     runisomer      99
6 -0.0230175 0.6077209 0.0156432
1 -0.3167107 1.0269996 0.9924261
1 -0.2906738 1.1056452 -1.1425161
1 1.1249496 -0.0323400 -0.0574059
8 -0.0432956 -0.7253514 0.0013364
5
-114.628     ts77     dynamics     sesquiterpene     TS     runpoint      5     runisomer      99
6 -0.0177355 0.6053930 0.0110239
1 -0.3436775 0.9941868 1.0027008
1 -0.2859771 1.1126992 -1.1219290
1 1.1576742 0.0194511 -0.0789491
8 -0.0479179 -0.7252433 0.0042133
5
-114.633     ts77     dynamics     sesquiterpene     TS     runpoint      6     runisomer      99
6 -0.0109167 0.6030864 0.0042645
1 -0.3671768 0.9696130 1.0025364
1 -0.2755122 1.1126190 -1.0668430
1 1.1776432 0.0979115 -0.0971349
8 -0.0534716 -0.7269011 0.0069684
5
-114.647     ts77     dynamics     sesquiterpene     TS     runpoint      7     runisomer      99
6 -0.0024448 0.6005020 -0.0039381
1 -0.3849376 0.9540114 0.9905869
1 -0.2607395 1.1065990 -0.9837791
1 1.1850962 0.2049259 -0.1107849
8 -0.0601107 -0.7303414 0.0095002
5
-114.665     ts77     dynamics     sesquiterpene     TS     runpoint      8     runisomer      99
6 0.0078546 0.5973454 -0.0123259
1 -0.3953206 0.9477639 0.9674761
1 -0.2457921 1.0993640 -0.8879305
1 1.1801506 0.3386854 -0.1185491
8 -0.0678159 -0.7355495 0.0116976
5
-114.679     ts77     dynamics     sesquiterpene     TS     runpoint      9     runisomer      99
6 0.0203450 0.5930111 -0.0187485
1 -0.3977185 0.9508448 0.9361393
1 -0.2394295 1.1025021 -0.8073094
1 1.1641050 0.4936629 -0.1191006
8 -0.0764267 -0.7424544 0.0134446
5
-114.682     ts77     dynamics     sesquiterpene     TS     runpoint      10     runisomer      99
6 0.0353718 0.5867289 -0.0209970
1 -0.3928644 0.9627791 0.9018639
1 -0.2533187 1.1311115 -0.7727904
1 1.1412748 0.6616293 -0.1116160
8 -0.0856948 -0.7508776 0.0146434
5
-114.689     ts77     dynamics     sesquiterpene     TS     runpoint      11     runisomer      99
6 0.0524745 0.5790410 -0.0193749
1 -0.3829533 0.9824883 0.8715138
1 -0.2909577 1.1839976 -0.7870408
1 1.1182164 0.8338198 -0.0961547
8 -0.0953278 -0.7605329 0.0152605
5
-114.654160 ts77 dynamics sesquiterpene TS runpoint 1  runisomer  99
6 -0.0326658 0.6187730 0.0135779
1 -0.2358359 1.1622532 0.9283315
1 -0.2701608 1.0482155 -0.9963551
1 0.9671515 -0.0822707 0.0164946
8 -0.0325047 -0.7354026 -0.0069403
5
-114.651 ts77 dynamics sesquiterpene TS runpoint 2  runisomer  99
6 -0.0354196 0.624673 0.00874956
1 -0.212349 1.21241 0.905148
1 -0.256569 1.02726 -0.904848
1 0.916242 -0.085186 0.0412441
8 -0.0295671 -0.741485 -0.00918236
5
-114.648     ts77     dynamics     sesquiterpene     TS     runpoint      3     runisomer      99
6 -0.0384029 0.6311403 0.0050641
1 -0.1906207 1.2596489 0.8837634
1 -0.2485620 1.0215345 -0.8349579
1 0.8828209 -0.0908451 0.0657061
8 -0.0270965 -0.7485959 -0.0110141
5
-114.633     ts77     dynamics     sesquiterpene     TS     runpoint      4     runisomer      99
6 -0.0413011 0.6370374 0.0056749
1 -0.1703889 1.3005208 0.8652707
1 -0.2553181 1.0468823 -0.8263340
1 0.8735150 -0.1032276 0.0903604
8 -0.0251857 -0.7564124 -0.0124038
5
-114.632     ts77     dynamics     sesquiterpene     TS     runpoint      5     runisomer      99
6 -0.0441945 0.6423395 0.0103532
1 -0.1517015 1.3325598 0.8512272
1 -0.2764732 1.1013310 -0.8783454
1 0.8878707 -0.1248593 0.1153134
8 -0.0237647 -0.7644764 -0.0133239
5
-114.646     ts77     dynamics     sesquiterpene     TS     runpoint      6     runisomer      99
6 -0.0476335 0.6482530 0.0157511
1 -0.1348872 1.3545207 0.8432129
1 -0.3022298 1.1645018 -0.9528261
1 0.9185436 -0.1576053 0.1398006
8 -0.0225557 -0.7722118 -0.0137190
5
-114.648     ts77     dynamics     sesquiterpene     TS     runpoint      7     runisomer      99
6 -0.0519137 0.6555679 0.0192216
1 -0.1202773 1.3660991 0.8421147
1 -0.3248666 1.2195615 -1.0189453
1 0.9542460 -0.2039434 0.1623729
8 -0.0210908 -0.7789780 -0.0135098
5
-114.642     ts77     dynamics     sesquiterpene     TS     runpoint      8     runisomer      99
6 -0.0571462 0.6644821 0.0194998
1 -0.1079381 1.3675603 0.8480446
1 -0.3409399 1.2581115 -1.0615776
1 0.9833635 -0.2679521 0.1814463
8 -0.0187673 -0.7841525 -0.0126076
5
-114.639     ts77     dynamics     sesquiterpene     TS     runpoint      9     runisomer      99
6 -0.0635222 0.6749817 0.0161073
1 -0.0975318 1.3594197 0.8604751
1 -0.3494014 1.2767135 -1.0745628
1 0.9963773 -0.3551329 0.1957728
8 -0.0149277 -0.7871957 -0.0109307
5
-114.646     ts77     dynamics     sesquiterpene     TS     runpoint      10     runisomer      99
6 -0.0713076 0.6869439 0.0089979
1 -0.0884007 1.3422585 0.8782478
1 -0.3502944 1.2744247 -1.0562348
1 0.9875849 -0.4699674 0.2048036
8 -0.0090540 -0.7877087 -0.0084420
5
-114.665     ts77     dynamics     sesquiterpene     TS     runpoint      11     runisomer      99
6 -0.0805815 0.6999660 -0.0014458
1 -0.0798392 1.3167074 0.8994722
1 -0.3444498 1.2523426 -1.0085929
1 0.9581008 -0.6115372 0.2093397
8 -0.0011489 -0.7855567 -0.0052324
5
-114.69     ts77     dynamics     sesquiterpene     TS     runpoint      12     runisomer      99
6 -0.0909763 0.7131515 -0.0141359
1 -0.0713318 1.2835847 0.9214430
1 -0.3342088 1.2150306 -0.9399686
1 0.9210405 -0.7718275 0.2128337
8 0.0078003 -0.7809114 -0.0016405
5
-114.704     ts77     dynamics     sesquiterpene     TS     runpoint      13     runisomer      99
6 -0.1015493 0.7248723 -0.0267078
1 -0.0626985 1.2442100 0.9408516
1 -0.3252819 1.1741000 -0.8718947
1 0.8998082 -0.9418250 0.2212764
8 0.0159611 -0.7739318 0.0017456
5
-114.699     ts77     dynamics     sesquiterpene     TS     runpoint      14     runisomer      99
6 -0.1108366 0.7327431 -0.0352413
1 -0.0541855 1.2008062 0.9545901
1 -0.3280712 1.1503657 -0.8438022
1 0.8995387 -1.1157591 0.2363386
8 0.0225825 -0.7646470 0.0045624
5
-114.686     ts77     dynamics     sesquiterpene     TS     runpoint      15     runisomer      99
6 -0.1176625 0.7350579 -0.0368905
1 -0.0463354 1.1567763 0.9613071
1 -0.3502664 1.1584618 -0.8843515
1 0.8970485 -1.2799930 0.2519479
8 0.0287620 -0.7537710 0.0069469
5
-114.683     ts77     dynamics     sesquiterpene     TS     runpoint      16     runisomer      99
6 -0.1222285 0.7325495 -0.0337096
1 -0.0396351 1.1165789 0.9628024
1 -0.3849964 1.1857130 -0.9680696
1 0.8735349 -1.4164670 0.2622740
8 0.0354322 -0.7424738 0.0090892
5
-114.675     ts77     dynamics     sesquiterpene     TS     runpoint      17     runisomer      99
6 -0.1253054 0.7266360 -0.0294351
1 -0.0343381 1.0849334 0.9632601
1 -0.4203480 1.2123284 -1.0526977
1 0.8240250 -1.5125456 0.2648706
8 0.0427500 -0.7316657 0.0110200
5
-114.657     ts77     dynamics     sesquiterpene     TS     runpoint      18     runisomer      99
6 -0.1273889 0.7181051 -0.0263818
1 -0.0305749 1.0655843 0.9666479
1 -0.4488642 1.2274100 -1.1132981
1 0.7506854 -1.5616407 0.2593393
8 0.0504911 -0.7219033 0.0126812
5
-114.644     ts77     dynamics     sesquiterpene     TS     runpoint      19     runisomer      99
6 -0.1287057 0.7073982 -0.0254324
1 -0.0286255 1.0602235 0.9739233
1 -0.4671871 1.2267119 -1.1394647
1 0.6582352 -1.5614976 0.2463479
8 0.0583325 -0.7134973 0.0139755
5
-114.645     ts77     dynamics     sesquiterpene     TS     runpoint      20     runisomer      99
6 -0.1293662 0.6949328 -0.0265631
1 -0.0290539 1.0681337 0.9820848
1 -0.4742400 1.2089675 -1.1280614
1 0.5544716 -1.5169552 0.2283039
8 0.0658348 -0.7063317 0.0147275
5
-114.656     ts77     dynamics     sesquiterpene     TS     runpoint      21     runisomer      99
6 -0.1294563 0.6811395 -0.0292450
1 -0.0324897 1.0866816 0.9857823
1 -0.4703196 1.1745421 -1.0801745
1 0.4563987 -1.4529975 0.2126340
8 0.0720492 -0.6990128 0.0144766
5
-114.656     ts77     dynamics     sesquiterpene     TS     runpoint      22     runisomer      99
6 -0.1290085 0.6664038 -0.0325615
1 -0.0392599 1.1122587 0.9799102
1 -0.4572828 1.1259757 -1.0021087
1 0.3941432 -1.4312992 0.2163332
8 0.0752385 -0.6878754 0.0121830
5
-114.655     ts77     dynamics     sesquiterpene     TS     runpoint      23     runisomer      99
6 -0.1278329 0.6510317 -0.0349145
1 -0.0491904 1.1413199 0.9616088
1 -0.4403518 1.0705128 -0.9104975
1 0.3765719 -1.4877111 0.2509569
8 0.0750202 -0.6711229 0.0071464
5
-114.672     ts77     dynamics     sesquiterpene     TS     runpoint      24     runisomer      99
6 -0.1252592 0.6351198 -0.0334941
1 -0.0616164 1.1711937 0.9312977
1 -0.4312212 1.0237063 -0.8393419
1 0.3739794 -1.5609629 0.3015264
8 0.0734573 -0.6535013 0.0003186
5
-114.658     ts77     dynamics     sesquiterpene     TS     runpoint      25     runisomer      99
6 -0.1203775 0.6187869 -0.0252595
1 -0.0754825 1.2004719 0.8929624
1 -0.4452411 1.0042065 -0.8288368
1 0.3676573 -1.6008223 0.3536721
8 0.0719473 -0.6393502 -0.0073919
