5
-114.654160 ts77 dynamics sesquiterpene TS runpoint 1  runisomer  82
6 -0.0268581 0.6100545 0.0070168
1 -0.3344395 1.1229683 0.8779677
1 -0.2107611 1.2177758 -0.9396601
1 0.9055788 -0.0728186 -0.1289365
8 -0.0305117 -0.7376663 0.0067467
5
-114.646 ts77 dynamics sesquiterpene TS runpoint 2  runisomer  82
6 -0.0322722 0.599008 0.0145402
1 -0.307094 1.1735 0.876328
1 -0.21614 1.25048 -1.00022
1 0.955171 -0.0676918 -0.113882
8 -0.0309583 -0.734946 0.00407268
5
-114.642     ts77     dynamics     sesquiterpene     TS     runpoint      3     runisomer      82
6 -0.0379384 0.5910390 0.0195841
1 -0.2804218 1.2236791 0.8824980
1 -0.2188471 1.2650287 -1.0399360
1 1.0168434 -0.0578368 -0.0975599
8 -0.0321017 -0.7336680 0.0013737
5
-114.635     ts77     dynamics     sesquiterpene     TS     runpoint      4     runisomer      82
6 -0.0428809 0.5863890 0.0220007
1 -0.2536979 1.2672895 0.8905632
1 -0.2186702 1.2589980 -1.0538987
1 1.0790595 -0.0361668 -0.0790991
8 -0.0340078 -0.7339134 -0.0012309
5
-114.631     ts77     dynamics     sesquiterpene     TS     runpoint      5     runisomer      82
6 -0.0461496 0.5849412 0.0219222
1 -0.2265833 1.2987519 0.8955495
1 -0.2159391 1.2324492 -1.0408369
1 1.1339659 0.0043469 -0.0581739
8 -0.0368952 -0.7356894 -0.0036277
5
-114.634     ts77     dynamics     sesquiterpene     TS     runpoint      6     runisomer      82
6 -0.0469594 0.5861965 0.0195954
1 -0.1993393 1.3144806 0.8947194
1 -0.2112879 1.1873456 -1.0023316
1 1.1778625 0.0692527 -0.0349624
8 -0.0410626 -0.7388698 -0.0057194
5
-114.644     ts77     dynamics     sesquiterpene     TS     runpoint      7     runisomer      82
6 -0.0447225 0.5893346 0.0155237
1 -0.1728698 1.3132374 0.8876613
1 -0.2059650 1.1284474 -0.9445317
1 1.2089624 0.1608282 -0.0100261
8 -0.0467030 -0.7432044 -0.0074334
5
-114.657     ts77     dynamics     sesquiterpene     TS     runpoint      8     runisomer      82
6 -0.0389089 0.5931832 0.0108493
1 -0.1488347 1.2961508 0.8761256
1 -0.2027811 1.0656014 -0.8825928
1 1.2250911 0.2775573 0.0156678
8 -0.0537961 -0.7484089 -0.0087206
5
-114.665     ts77     dynamics     sesquiterpene     TS     runpoint      9     runisomer      82
6 -0.0288642 0.5961365 0.0076855
1 -0.1297425 1.2667284 0.8639300
1 -0.2073618 1.0152159 -0.8446639
1 1.2236611 0.4147876 0.0406284
8 -0.0621560 -0.7542425 -0.0095423
5
-114.667     ts77     dynamics     sesquiterpene     TS     runpoint      10     runisomer      82
6 -0.0139814 0.5967995 0.0080029
1 -0.1189738 1.2305855 0.8568442
1 -0.2266077 0.9923058 -0.8585429
1 1.2033603 0.5655490 0.0628394
8 -0.0715079 -0.7605181 -0.0098582
5
-114.678     ts77     dynamics     sesquiterpene     TS     runpoint      11     runisomer      82
6 0.0055148 0.5953028 0.0108222
1 -0.1206446 1.1942279 0.8616808
1 -0.2609444 0.9946794 -0.9176528
1 1.1663682 0.7214773 0.0800534
8 -0.0815344 -0.7670774 -0.0096377
5
-114.692     ts77     dynamics     sesquiterpene     TS     runpoint      12     runisomer      82
6 0.0283091 0.5928536 0.0131462
1 -0.1388996 1.1620730 0.8829087
1 -0.3028264 1.0088255 -0.9888432
1 1.1195039 0.8743983 0.0903011
8 -0.0918919 -0.7737387 -0.0088795
5
-114.654160 ts77 dynamics sesquiterpene TS runpoint 1  runisomer  82
6 -0.0268581 0.6100545 0.0070168
1 -0.3344395 1.1229683 0.8779677
1 -0.2107611 1.2177758 -0.9396601
1 0.9055788 -0.0728186 -0.1289365
8 -0.0305117 -0.7376663 0.0067467
5
-114.646 ts77 dynamics sesquiterpene TS runpoint 2  runisomer  82
6 -0.0224617 0.623507 -0.00202323
1 -0.362736 1.0768 0.89118
1 -0.204374 1.17432 -0.870483
1 0.879232 -0.0794321 -0.143781
8 -0.0307699 -0.741695 0.00927304
5
-114.645     ts77     dynamics     sesquiterpene     TS     runpoint      3     runisomer      82
6 -0.0193004 0.6378741 -0.0101135
1 -0.3907703 1.0369736 0.9145356
1 -0.2017821 1.1362548 -0.8180697
1 0.8810185 -0.0918478 -0.1588534
8 -0.0316519 -0.7467841 0.0115183
5
-114.635     ts77     dynamics     sesquiterpene     TS     runpoint      4     runisomer      82
6 -0.0169349 0.6509164 -0.0137230
1 -0.4159600 1.0038020 0.9418435
1 -0.2108128 1.1253552 -0.8166934
1 0.9067160 -0.1120269 -0.1734655
8 -0.0328896 -0.7525211 0.0133382
5
-114.633     ts77     dynamics     sesquiterpene     TS     runpoint      5     runisomer      82
6 -0.0150398 0.6615493 -0.0115576
1 -0.4357532 0.9776366 0.9658930
1 -0.2341667 1.1467053 -0.8738512
1 0.9457091 -0.1405841 -0.1861561
8 -0.0340509 -0.7583966 0.0145983
5
-114.643     ts77     dynamics     sesquiterpene     TS     runpoint      6     runisomer      82
6 -0.0139947 0.6705802 -0.0058935
1 -0.4487804 0.9593420 0.9815214
1 -0.2646196 1.1825759 -0.9571214
1 0.9856993 -0.1784269 -0.1953686
8 -0.0346164 -0.7638970 0.0151894
5
-114.645     ts77     dynamics     sesquiterpene     TS     runpoint      7     runisomer      82
6 -0.0143059 0.6788965 0.0006981
1 -0.4551239 0.9499895 0.9864132
1 -0.2939564 1.2159839 -1.0333957
1 1.0157474 -0.2280080 -0.1999357
8 -0.0340288 -0.7685296 0.0150267
5
-114.639     ts77     dynamics     sesquiterpene     TS     runpoint      8     runisomer      82
6 -0.0163179 0.6868965 0.0067084
1 -0.4562085 0.9505586 0.9810242
1 -0.3174180 1.2384842 -1.0847262
1 1.0273953 -0.2939223 -0.1992759
8 -0.0317081 -0.7718334 0.0140480
5
-114.636     ts77     dynamics     sesquiterpene     TS     runpoint      9     runisomer      82
6 -0.0202802 0.6947395 0.0113087
1 -0.4545126 0.9617894 0.9682527
1 -0.3327702 1.2468869 -1.1035670
1 1.0149844 -0.3822610 -0.1934340
8 -0.0270942 -0.7733884 0.0122179
5
-114.646     ts77     dynamics     sesquiterpene     TS     runpoint      10     runisomer      82
6 -0.0263380 0.7024478 0.0139506
1 -0.4529720 0.9840915 0.9526954
1 -0.3390286 1.2404394 -1.0876987
1 0.9769812 -0.4977979 -0.1832075
8 -0.0198582 -0.7728898 0.0095703
5
-114.667     ts77     dynamics     sesquiterpene     TS     runpoint      11     runisomer      82
6 -0.0344109 0.7098158 0.0142918
1 -0.4540183 1.0172507 0.9391118
1 -0.3360274 1.2199076 -1.0385055
1 0.9213906 -0.6393711 -0.1709776
8 -0.0104226 -0.7702929 0.0062979
5
-114.689     ts77     dynamics     sesquiterpene     TS     runpoint      12     runisomer      82
6 -0.0440836 0.7163131 0.0124813
1 -0.4585791 1.0597287 0.9303187
1 -0.3249129 1.1881829 -0.9625120
1 0.8762135 -0.7988940 -0.1625212
8 -0.0007336 -0.7657935 0.0028875
5
-114.7     ts77     dynamics     sesquiterpene     TS     runpoint      13     runisomer      82
6 -0.0545459 0.7210080 0.0097324
1 -0.4656319 1.1080198 0.9259333
1 -0.3097492 1.1526152 -0.8766741
1 0.8780371 -0.9716762 -0.1647373
8 0.0064872 -0.7592318 -0.0000440
5
-114.706     ts77     dynamics     sesquiterpene     TS     runpoint      14     runisomer      82
6 -0.0645873 0.7225297 0.0088826
1 -0.4727886 1.1570478 0.9232574
1 -0.2994515 1.1283334 -0.8151468
1 0.9097137 -1.1522757 -0.1740640
8 0.0118245 -0.7505543 -0.0025291
5
-114.692     ts77     dynamics     sesquiterpene     TS     runpoint      15     runisomer      82
6 -0.0730150 0.7195819 0.0131934
1 -0.4775652 1.2015679 0.9194723
1 -0.3040738 1.1327478 -0.8165886
1 0.9288447 -1.3189293 -0.1819934
8 0.0175334 -0.7409252 -0.0049354
5
-114.676     ts77     dynamics     sesquiterpene     TS     runpoint      16     runisomer      82
6 -0.0797197 0.7126681 0.0222308
1 -0.4783771 1.2373863 0.9133326
1 -0.3216849 1.1630389 -0.8769308
1 0.9173502 -1.4518170 -0.1844461
8 0.0244465 -0.7315303 -0.0073735
5
-114.669     ts77     dynamics     sesquiterpene     TS     runpoint      17     runisomer      82
6 -0.0853856 0.7036713 0.0324631
1 -0.4746751 1.2618499 0.9052547
1 -0.3413122 1.1994271 -0.9564996
1 0.8740191 -1.5402544 -0.1804439
8 0.0324298 -0.7230421 -0.0097819
5
-114.657     ts77     dynamics     sesquiterpene     TS     runpoint      18     runisomer      82
6 -0.0904294 0.6939680 0.0410802
1 -0.4667450 1.2738489 0.8966736
1 -0.3554178 1.2270977 -1.0247808
1 0.8029222 -1.5791376 -0.1700353
8 0.0410811 -0.7158119 -0.0120617
5
-114.647     ts77     dynamics     sesquiterpene     TS     runpoint      19     runisomer      82
6 -0.0948879 0.6842322 0.0466054
1 -0.4556766 1.2735722 0.8896764
1 -0.3611812 1.2393288 -1.0672250
1 0.7089788 -1.5660757 -0.1536023
8 0.0500099 -0.7100841 -0.0141299
5
-114.65     ts77     dynamics     sesquiterpene     TS     runpoint      20     runisomer      82
6 -0.0986621 0.6747622 0.0483217
1 -0.4431556 1.2621664 0.8866913
1 -0.3581913 1.2337593 -1.0781296
1 0.5999242 -1.5048114 -0.1324238
8 0.0587343 -0.7057701 -0.0158800
5
-114.659     ts77     dynamics     sesquiterpene     TS     runpoint      21     runisomer      82
6 -0.1017059 0.6656253 0.0459325
1 -0.4307804 1.2413063 0.8899745
1 -0.3469496 1.2101067 -1.0560967
1 0.4971220 -1.4231028 -0.1110315
8 0.0660055 -0.7012592 -0.0170330
5
-114.648     ts77     dynamics     sesquiterpene     TS     runpoint      22     runisomer      82
6 -0.1040628 0.6567931 0.0395539
1 -0.4193767 1.2125930 0.9007923
1 -0.3284883 1.1698359 -1.0032375
1 0.4492076 -1.4032796 -0.1001348
8 0.0689103 -0.6915356 -0.0169483
5
-114.643     ts77     dynamics     sesquiterpene     TS     runpoint      23     runisomer      82
6 -0.1057617 0.6483755 0.0300209
1 -0.4088406 1.1772522 0.9185770
1 -0.3050139 1.1178002 -0.9279924
1 0.4723408 -1.4869994 -0.1034458
8 0.0665823 -0.6744409 -0.0154510
5
-114.677     ts77     dynamics     sesquiterpene     TS     runpoint      24     runisomer      82
6 -0.1066460 0.6405241 0.0194665
1 -0.3983884 1.1363902 0.9407522
1 -0.2813426 1.0659192 -0.8519879
1 0.5152463 -1.5816557 -0.1099210
8 0.0623896 -0.6567427 -0.0133127
5
-114.663     ts77     dynamics     sesquiterpene     TS     runpoint      25     runisomer      82
6 -0.1062425 0.6327496 0.0116673
1 -0.3869970 1.0914642 0.9635027
1 -0.2656527 1.0356549 -0.8152268
1 0.5523108 -1.6344965 -0.1142437
8 0.0580438 -0.6428441 -0.0109406
5
-114.634     ts77     dynamics     sesquiterpene     TS     runpoint      26     runisomer      82
6 -0.1041638 0.6246148 0.0096480
1 -0.3740090 1.0448821 0.9833294
1 -0.2638979 1.0445353 -0.8491059
1 0.5780806 -1.6321699 -0.1154858
8 0.0539295 -0.6345123 -0.0084650
5
-114.639     ts77     dynamics     sesquiterpene     TS     runpoint      27     runisomer      82
6 -0.1008034 0.6176102 0.0116882
1 -0.3598330 1.0000751 0.9985145
1 -0.2716712 1.0826784 -0.9299384
1 0.5924148 -1.5748825 -0.1140180
8 0.0501006 -0.6324467 -0.0059542
5
-114.657     ts77     dynamics     sesquiterpene     TS     runpoint      28     runisomer      82
6 -0.0967453 0.6138375 0.0143120
1 -0.3460803 0.9608802 1.0090716
1 -0.2817074 1.1292757 -1.0144626
1 0.5957814 -1.4678784 -0.1107777
8 0.0466096 -0.6368262 -0.0034685
5
-114.67     ts77     dynamics     sesquiterpene     TS     runpoint      29     runisomer      82
6 -0.0922545 0.6142572 0.0154466
1 -0.3347588 0.9308968 1.0159694
1 -0.2900321 1.1708812 -1.0767804
1 0.5973987 -1.3314438 -0.1086323
8 0.0429501 -0.6464696 -0.0009663
5
-114.665     ts77     dynamics     sesquiterpene     TS     runpoint      30     runisomer      82
6 -0.0873885 0.6187117 0.0142585
1 -0.3274295 0.9129009 1.0202764
1 -0.2949597 1.2009712 -1.1059591
1 0.6365113 -1.2183892 -0.1161561
8 0.0366825 -0.6576984 0.0019647
5
-114.651     ts77     dynamics     sesquiterpene     TS     runpoint      31     runisomer      82
6 -0.0821862 0.6266513 0.0105668
1 -0.3248781 0.9085353 1.0223474
1 -0.2957116 1.2167756 -1.0985743
1 0.7606264 -1.1668666 -0.1434699
8 0.0248451 -0.6676217 0.0058587
5
-114.679     ts77     dynamics     sesquiterpene     TS     runpoint      32     runisomer      82
6 -0.0767741 0.6375561 0.0045979
1 -0.3270330 0.9182484 1.0214557
1 -0.2919160 1.2177994 -1.0554624
1 0.9188620 -1.1271668 -0.1808095
8 0.0107103 -0.6789822 0.0100286
5
-114.693     ts77     dynamics     sesquiterpene     TS     runpoint      33     runisomer      82
6 -0.0713688 0.6506501 -0.0029980
1 -0.3329043 0.9411331 1.0159730
1 -0.2837031 1.2056796 -0.9819199
1 1.0551143 -1.0710165 -0.2162845
8 -0.0020788 -0.6930227 0.0136740
5
-114.688     ts77     dynamics     sesquiterpene     TS     runpoint      34     runisomer      82
6 -0.0661447 0.6646976 -0.0108614
1 -0.3408502 0.9750972 1.0041533
1 -0.2727372 1.1862675 -0.8917045
1 1.1479338 -0.9980654 -0.2445887
8 -0.0120385 -0.7090765 0.0164165
5
-114.676     ts77     dynamics     sesquiterpene     TS     runpoint      35     runisomer      82
6 -0.0609661 0.6778351 -0.0164281
1 -0.3491744 1.0172676 0.9851960
1 -0.2643652 1.1740008 -0.8139574
1 1.1911602 -0.9147560 -0.2635625
8 -0.0186530 -0.7260676 0.0180849
5
-114.657     ts77     dynamics     sesquiterpene     TS     runpoint      36     runisomer      82
6 -0.0552884 0.6877924 -0.0164035
1 -0.3567532 1.0645293 0.9602040
1 -0.2677028 1.1906292 -0.7887215
1 1.1825880 -0.8278621 -0.2719843
8 -0.0216864 -0.7430408 0.0185821
5
-114.655     ts77     dynamics     sesquiterpene     TS     runpoint      37     runisomer      82
6 -0.0489603 0.6939191 -0.0102342
1 -0.3634621 1.1141597 0.9326411
1 -0.2855723 1.2407641 -0.8263065
1 1.1213495 -0.7438623 -0.2690076
8 -0.0210271 -0.7592188 0.0178703
5
-114.677     ts77     dynamics     sesquiterpene     TS     runpoint      38     runisomer      82
6 -0.0427314 0.6979172 -0.0011075
1 -0.3700115 1.1642189 0.9072409
1 -0.3090934 1.3017834 -0.8942219
1 1.0110213 -0.6696330 -0.2548854
8 -0.0168542 -0.7738970 0.0160123
5
-114.693     ts77     dynamics     sesquiterpene     TS     runpoint      39     runisomer      82
6 -0.0374399 0.7014649 0.0079520
1 -0.3771626 1.2131536 0.8875891
1 -0.3290957 1.3520186 -0.9608252
1 0.8698740 -0.6121348 -0.2337619
8 -0.0102193 -0.7864328 0.0133176
5
-114.683     ts77     dynamics     sesquiterpene     TS     runpoint      40     runisomer      82
6 -0.0337561 0.7055442 0.0154777
1 -0.3849875 1.2589561 0.8746397
1 -0.3407045 1.3807525 -1.0097995
1 0.7559917 -0.5716219 -0.2215206
8 -0.0045827 -0.7967451 0.0108016
5
-114.637     ts77     dynamics     sesquiterpene     TS     runpoint      41     runisomer      82
6 -0.0321943 0.7107894 0.0210379
1 -0.3928010 1.2988700 0.8671094
1 -0.3419087 1.3841074 -1.0343933
1 0.7637951 -0.5288108 -0.2479677
8 -0.0056784 -0.8061068 0.0103212
5
-114.639     ts77     dynamics     sesquiterpene     TS     runpoint      42     runisomer      82
6 -0.0329143 0.7173937 0.0245916
1 -0.3996072 1.3299693 0.8629424
1 -0.3322164 1.3615661 -1.0323690
1 0.8605887 -0.4889225 -0.3058378
8 -0.0114180 -0.8141179 0.0114361
5
-114.659     ts77     dynamics     sesquiterpene     TS     runpoint      43     runisomer      82
6 -0.0356764 0.7250228 0.0261741
1 -0.4045597 1.3499263 0.8605501
1 -0.3121459 1.3147447 -1.0042602
1 0.9651462 -0.4719936 -0.3677036
8 -0.0168855 -0.8192185 0.0125267
5
-114.657     ts77     dynamics     sesquiterpene     TS     runpoint      44     runisomer      82
6 -0.0400426 0.7330424 0.0260216
1 -0.4072846 1.3575480 0.8593130
1 -0.2833914 1.2478493 -0.9545220
1 1.0420864 -0.4818945 -0.4196465
8 -0.0200977 -0.8208803 0.0128583
5
-114.651     ts77     dynamics     sesquiterpene     TS     runpoint      45     runisomer      82
6 -0.0454905 0.7405052 0.0250404
1 -0.4079982 1.3529803 0.8595327
1 -0.2496676 1.1697966 -0.8960360
1 1.0796041 -0.5167285 -0.4561053
8 -0.0204553 -0.8190820 0.0121927
5
-114.646     ts77     dynamics     sesquiterpene     TS     runpoint      46     runisomer      82
6 -0.0513390 0.7459311 0.0253991
1 -0.4075033 1.3377341 0.8620824
1 -0.2176083 1.0963844 -0.8568265
1 1.0737220 -0.5742140 -0.4746721
8 -0.0177486 -0.8139481 0.0104624
5
-114.643     ts77     dynamics     sesquiterpene     TS     runpoint      47     runisomer      82
6 -0.0569033 0.7477274 0.0298961
1 -0.4072010 1.3145899 0.8681523
1 -0.1939260 1.0444625 -0.8726882
1 1.0230881 -0.6519599 -0.4741051
8 -0.0118960 -0.8056708 0.0076689
5
-114.66     ts77     dynamics     sesquiterpene     TS     runpoint      48     runisomer      82
6 -0.0620241 0.7455196 0.0383738
1 -0.4091049 1.2872283 0.8794604
1 -0.1780281 1.0159371 -0.9453034
1 0.9304415 -0.7460328 -0.4550010
8 -0.0030987 -0.7945701 0.0039675
5
-114.69     ts77     dynamics     sesquiterpene     TS     runpoint      49     runisomer      82
6 -0.0668117 0.7398540 0.0473105
1 -0.4153389 1.2590964 0.8977141
1 -0.1648369 1.0016315 -1.0369356
1 0.8125352 -0.8500484 -0.4248377
8 0.0074830 -0.7810950 -0.0000132
5
-114.696     ts77     dynamics     sesquiterpene     TS     runpoint      50     runisomer      82
6 -0.0711268 0.7310890 0.0536469
1 -0.4269747 1.2316694 0.9225687
1 -0.1518141 0.9952476 -1.1138643
1 0.7217769 -0.9611453 -0.4107212
8 0.0163503 -0.7653923 -0.0023739
5
-114.673     ts77     dynamics     sesquiterpene     TS     runpoint      51     runisomer      82
6 -0.0746795 0.7194606 0.0559604
1 -0.4433130 1.2037749 0.9503230
1 -0.1389020 0.9943988 -1.1589672
1 0.7157089 -1.0932726 -0.4474284
8 0.0196119 -0.7465350 -0.0007026
5
-114.682     ts77     dynamics     sesquiterpene     TS     runpoint      52     runisomer      82
6 -0.0772675 0.7054644 0.0539571
1 -0.4623159 1.1729255 0.9749310
1 -0.1269376 0.9984109 -1.1658195
1 0.7440307 -1.2328365 -0.5076761
8 0.0202104 -0.7255525 0.0034774
5
-114.681     ts77     dynamics     sesquiterpene     TS     runpoint      53     runisomer      82
6 -0.0788513 0.6898501 0.0479283
1 -0.4814909 1.1370726 0.9903302
1 -0.1168005 1.0071343 -1.1337713
1 0.7579750 -1.3484461 -0.5589018
8 0.0210861 -0.7048489 0.0082378
5
-114.668     ts77     dynamics     sesquiterpene     TS     runpoint      54     runisomer      82
6 -0.0795024 0.6734404 0.0385029
1 -0.4985570 1.0955214 0.9923269
1 -0.1091770 1.0208069 -1.0668084
1 0.7449347 -1.4243049 -0.5901485
8 0.0229888 -0.6860056 0.0129325
5
-114.662     ts77     dynamics     sesquiterpene     TS     runpoint      55     runisomer      82
6 -0.0793454 0.6569717 0.0267829
1 -0.5119423 1.0491428 0.9795309
1 -0.1045369 1.0410244 -0.9760056
1 0.7052598 -1.4551765 -0.5995516
8 0.0259204 -0.6700621 0.0174034
5
-114.664     ts77     dynamics     sesquiterpene     TS     runpoint      56     runisomer      82
6 -0.0784943 0.6409329 0.0146962
1 -0.5214495 1.0001870 0.9537425
1 -0.1031296 1.0733188 -0.8842032
1 0.6413179 -1.4391283 -0.5873548
8 0.0298190 -0.6579948 0.0215428
5
-114.669     ts77     dynamics     sesquiterpene     TS     runpoint      57     runisomer      82
6 -0.0770270 0.6253839 0.0047719
1 -0.5289016 0.9520138 0.9201817
1 -0.1048510 1.1289814 -0.8235151
1 0.5553214 -1.3757873 -0.5547223
8 0.0347130 -0.6507970 0.0252230
5
-114.681     ts77     dynamics     sesquiterpene     TS     runpoint      58     runisomer      82
6 -0.0750305 0.6106243 -0.0019792
1 -0.5380454 0.9089562 0.8873046
1 -0.1087701 1.2142396 -0.8094291
1 0.4546014 -1.2737209 -0.5089047
8 0.0403825 -0.6488184 0.0285852
5
-114.692     ts77     dynamics     sesquiterpene     TS     runpoint      59     runisomer      82
6 -0.0726511 0.5984028 -0.0072698
1 -0.5533800 0.8755958 0.8644679
1 -0.1129597 1.3143193 -0.8244200
1 0.3662122 -1.1735616 -0.4833210
8 0.0453952 -0.6501685 0.0333259
5
-114.658     ts77     dynamics     sesquiterpene     TS     runpoint      60     runisomer      82
6 -0.0701305 0.5910246 -0.0129596
1 -0.5776268 0.8550753 0.8567772
1 -0.1156450 1.4060998 -0.8450425
1 0.3386101 -1.1581470 -0.5592092
8 0.0469381 -0.6500996 0.0441602
