5
-114.654160 ts77 dynamics sesquiterpene TS runpoint 1  runisomer  90
6 -0.0143177 0.5930201 0.0182767
1 -0.3564983 1.2545452 0.8521293
1 -0.3321359 1.0776816 -0.9115281
1 0.9591084 -0.1038948 -0.0361012
8 -0.0342548 -0.7223921 -0.0076953
5
-114.644 ts77 dynamics sesquiterpene TS runpoint 2  runisomer  90
6 -0.0185057 0.586927 0.0206067
1 -0.330565 1.25248 0.857897
1 -0.348228 1.14126 -0.978265
1 1.0127 -0.10502 -0.0113135
8 -0.0351094 -0.721626 -0.00716347
5
-114.64     ts77     dynamics     sesquiterpene     TS     runpoint      3     runisomer      90
6 -0.0233865 0.5849415 0.0209409
1 -0.3008895 1.2399684 0.8654381
1 -0.3551799 1.1941198 -1.0287737
1 1.0683629 -0.0988464 0.0135912
8 -0.0363856 -0.7230680 -0.0062772
5
-114.632     ts77     dynamics     sesquiterpene     TS     runpoint      4     runisomer      90
6 -0.0280502 0.5866438 0.0186525
1 -0.2694405 1.2192004 0.8755414
1 -0.3516833 1.2307699 -1.0548542
1 1.1168314 -0.0795510 0.0381902
8 -0.0381433 -0.7265611 -0.0051040
5
-114.628     ts77     dynamics     sesquiterpene     TS     runpoint      5     runisomer      90
6 -0.0316210 0.5911406 0.0135312
1 -0.2381005 1.1933305 0.8895636
1 -0.3378977 1.2487403 -1.0533049
1 1.1529941 -0.0414964 0.0617418
8 -0.0405854 -0.7318342 -0.0037269
5
-114.63     ts77     dynamics     sesquiterpene     TS     runpoint      6     runisomer      90
6 -0.0333910 0.5973633 0.0056798
1 -0.2084117 1.1653921 0.9084257
1 -0.3145989 1.2472631 -1.0237179
1 1.1752202 0.0200521 0.0832669
8 -0.0439955 -0.7385261 -0.0022463
5
-114.64     ts77     dynamics     sesquiterpene     TS     runpoint      7     runisomer      90
6 -0.0328089 0.6043031 -0.0043452
1 -0.1816537 1.1372946 0.9313489
1 -0.2832829 1.2274035 -0.9687963
1 1.1834870 0.1079068 0.1014850
8 -0.0486126 -0.7462460 -0.0007777
5
-114.656     ts77     dynamics     sesquiterpene     TS     runpoint      8     runisomer      90
6 -0.0293585 0.6110187 -0.0152643
1 -0.1592094 1.1096477 0.9553837
1 -0.2470832 1.1939603 -0.8972593
1 1.1777666 0.2222281 0.1147640
8 -0.0545367 -0.7546377 0.0005552
5
-114.669     ts77     dynamics     sesquiterpene     TS     runpoint      9     runisomer      90
6 -0.0224251 0.6162850 -0.0247092
1 -0.1428611 1.0824602 0.9763157
1 -0.2123712 1.1595143 -0.8294957
1 1.1581244 0.3601410 0.1213684
8 -0.0617195 -0.7633945 0.0016362
5
-114.673     ts77     dynamics     sesquiterpene     TS     runpoint      10     runisomer      90
6 -0.0113895 0.6183685 -0.0293318
1 -0.1347564 1.0559398 0.9903805
1 -0.1892185 1.1460368 -0.7988837
1 1.1266945 0.5155916 0.1201552
8 -0.0699897 -0.7722327 0.0023653
5
-114.673     ts77     dynamics     sesquiterpene     TS     runpoint      11     runisomer      90
6 0.0036427 0.6163521 -0.0272161
1 -0.1371040 1.0307577 0.9958797
1 -0.1855188 1.1677527 -0.8259100
1 1.0905946 0.6801484 0.1114798
8 -0.0790806 -0.7808698 0.0026799
5
-114.686     ts77     dynamics     sesquiterpene     TS     runpoint      12     runisomer      90
6 0.0212700 0.6116552 -0.0204163
1 -0.1518617 1.0077205 0.9938753
1 -0.1998661 1.2104268 -0.8891179
1 1.0618195 0.8457320 0.0973350
8 -0.0886606 -0.7890169 0.0025783
5
-114.654160 ts77 dynamics sesquiterpene TS runpoint 1  runisomer  90
6 -0.0143177 0.5930201 0.0182767
1 -0.3564983 1.2545452 0.8521293
1 -0.3321359 1.0776816 -0.9115281
1 0.9591084 -0.1038948 -0.0361012
8 -0.0342548 -0.7223921 -0.0076953
5
-114.644 ts77 dynamics sesquiterpene TS runpoint 2  runisomer  90
6 -0.0114394 0.602828 0.0154179
1 -0.377058 1.24563 0.848221
1 -0.311866 1.01453 -0.847114
1 0.919262 -0.100919 -0.0608066
8 -0.0338856 -0.725396 -0.00780641
5
-114.637     ts77     dynamics     sesquiterpene     TS     runpoint      3     runisomer      90
6 -0.0097550 0.6149300 0.0147010
1 -0.3913924 1.2270151 0.8469564
1 -0.2980706 0.9695058 -0.8181226
1 0.9026146 -0.1003619 -0.0858375
8 -0.0340665 -0.7305003 -0.0074380
5
-114.627     ts77     dynamics     sesquiterpene     TS     runpoint      4     runisomer      90
6 -0.0087097 0.6276834 0.0183302
1 -0.3998378 1.2017251 0.8497556
1 -0.3004691 0.9558950 -0.8525623
1 0.9114622 -0.1045571 -0.1114667
8 -0.0347259 -0.7373517 -0.0065525
5
-114.635     ts77     dynamics     sesquiterpene     TS     runpoint      5     runisomer      90
6 -0.0083908 0.6405136 0.0247498
1 -0.4041389 1.1741268 0.8589461
1 -0.3143965 0.9678261 -0.9346358
1 0.9399211 -0.1139842 -0.1372642
8 -0.0356109 -0.7453965 -0.0051524
5
-114.646     ts77     dynamics     sesquiterpene     TS     runpoint      6     runisomer      90
6 -0.0091130 0.6531880 0.0304767
1 -0.4068615 1.1488290 0.8769679
1 -0.3285756 0.9922103 -1.0255920
1 0.9771646 -0.1281885 -0.1619652
8 -0.0363522 -0.7539528 -0.0032968
5
-114.644     ts77     dynamics     sesquiterpene     TS     runpoint      7     runisomer      90
6 -0.0108524 0.6652160 0.0332176
1 -0.4099114 1.1288844 0.9041845
1 -0.3363121 1.0206932 -1.0983439
1 1.0118666 -0.1469499 -0.1838882
8 -0.0365549 -0.7623329 -0.0011029
5
-114.634     ts77     dynamics     sesquiterpene     TS     runpoint      8     runisomer      90
6 -0.0135224 0.6761922 0.0322345
1 -0.4133316 1.1147347 0.9371356
1 -0.3353591 1.0490838 -1.1398415
1 1.0349584 -0.1711749 -0.2014991
8 -0.0358517 -0.7699390 0.0012830
5
-114.626     ts77     dynamics     sesquiterpene     TS     runpoint      9     runisomer      90
6 -0.0172067 0.6860023 0.0277778
1 -0.4155858 1.1049134 0.9692476
1 -0.3255723 1.0750769 -1.1449561
1 1.0402490 -0.2034653 -0.2137393
8 -0.0338963 -0.7762838 0.0036975
5
-114.625     ts77     dynamics     sesquiterpene     TS     runpoint      10     runisomer      90
6 -0.0221573 0.6947817 0.0205772
1 -0.4148012 1.0975401 0.9934000
1 -0.3077276 1.0972351 -1.1130027
1 1.0240624 -0.2484892 -0.2201091
8 -0.0303366 -0.7809663 0.0059675
5
-114.635     ts77     dynamics     sesquiterpene     TS     runpoint      11     runisomer      90
6 -0.0286948 0.7027810 0.0116300
1 -0.4097515 1.0913138 1.0042008
1 -0.2833436 1.1150639 -1.0475599
1 0.9850757 -0.3128875 -0.2206962
8 -0.0248310 -0.7836408 0.0079146
5
-114.655     ts77     dynamics     sesquiterpene     TS     runpoint      12     runisomer      90
6 -0.0370461 0.7101106 0.0023375
1 -0.4001809 1.0858109 0.9991961
1 -0.2552349 1.1303716 -0.9595584
1 0.9258580 -0.4034941 -0.2164802
8 -0.0172096 -0.7840491 0.0093931
5
-114.675     ts77     dynamics     sesquiterpene     TS     runpoint      13     runisomer      90
6 -0.0470434 0.7162521 -0.0051128
1 -0.3868240 1.0814982 0.9795538
1 -0.2285235 1.1505020 -0.8731306
1 0.8595953 -0.5219289 -0.2109008
8 -0.0080604 -0.7821904 0.0104252
5
-114.677     ts77     dynamics     sesquiterpene     TS     runpoint      14     runisomer      90
6 -0.0579422 0.7196300 -0.0079375
1 -0.3715910 1.0797000 0.9507920
1 -0.2098741 1.1904148 -0.8248554
1 0.8244891 -0.6588501 -0.2139733
8 0.0001934 -0.7784983 0.0115097
5
-114.67     ts77     dynamics     sesquiterpene     TS     runpoint      15     runisomer      90
6 -0.0688844 0.7186981 -0.0053617
1 -0.3578063 1.0825723 0.9232234
1 -0.2010887 1.2595085 -0.8337308
1 0.8670117 -0.8063455 -0.2393998
8 0.0043000 -0.7730392 0.0134772
5
-114.695     ts77     dynamics     sesquiterpene     TS     runpoint      16     runisomer      90
6 -0.0794046 0.7138600 -0.0004615
1 -0.3494269 1.0927413 0.9096388
1 -0.1965077 1.3434683 -0.8769443
1 0.9500446 -0.9656047 -0.2783403
8 0.0061439 -0.7653048 0.0158339
5
-114.705     ts77     dynamics     sesquiterpene     TS     runpoint      17     runisomer      90
6 -0.0892590 0.7065734 0.0033549
1 -0.3485021 1.1112995 0.9176746
1 -0.1908129 1.4200997 -0.9233522
1 1.0147415 -1.1217675 -0.3135253
8 0.0090425 -0.7559960 0.0176061
5
-114.685     ts77     dynamics     sesquiterpene     TS     runpoint      18     runisomer      90
6 -0.0984046 0.6981491 0.0047765
1 -0.3533107 1.1352246 0.9433794
1 -0.1818045 1.4751186 -0.9551998
1 1.0391061 -1.2581820 -0.3373951
8 0.0141042 -0.7460548 0.0184315
5
-114.661     ts77     dynamics     sesquiterpene     TS     runpoint      19     runisomer      90
6 -0.1069761 0.6896012 0.0040678
1 -0.3597548 1.1582505 0.9748669
1 -0.1689900 1.5018565 -0.9652579
1 1.0214442 -1.3645947 -0.3484055
8 0.0212449 -0.7360727 0.0183092
5
-114.644     ts77     dynamics     sesquiterpene     TS     runpoint      20     runisomer      90
6 -0.1151146 0.6816512 0.0019524
1 -0.3639411 1.1741514 1.0004165
1 -0.1525041 1.4979301 -0.9516339
1 0.9661647 -1.4351725 -0.3470535
8 0.0300582 -0.7264168 0.0173442
5
-114.642     ts77     dynamics     sesquiterpene     TS     runpoint      21     runisomer      90
6 -0.1228677 0.6747911 -0.0009272
1 -0.3635036 1.1786530 1.0124839
1 -0.1327282 1.4637052 -0.9156215
1 0.8780222 -1.4654409 -0.3342525
8 0.0401533 -0.7174914 0.0156690
5
-114.655     ts77     dynamics     sesquiterpene     TS     runpoint      22     runisomer      90
6 -0.1301931 0.6692327 -0.0040029
1 -0.3577438 1.1696875 1.0080232
1 -0.1101277 1.4029084 -0.8623086
1 0.7616208 -1.4515738 -0.3114063
8 0.0511942 -0.7097997 0.0134600
5
-114.678     ts77     dynamics     sesquiterpene     TS     runpoint      23     runisomer      90
6 -0.1370469 0.6644947 -0.0064446
1 -0.3473442 1.1474015 0.9880585
1 -0.0849034 1.3255866 -0.8039853
1 0.6271662 -1.3968154 -0.2830389
8 0.0625614 -0.7034201 0.0110884
5
-114.688     ts77     dynamics     sesquiterpene     TS     runpoint      24     runisomer      90
6 -0.1435091 0.6588864 -0.0067344
1 -0.3340696 1.1145347 0.9578812
1 -0.0558586 1.2519729 -0.7650057
1 0.5061086 -1.3344344 -0.2657428
8 0.0723680 -0.6964339 0.0096611
5
-114.653     ts77     dynamics     sesquiterpene     TS     runpoint      25     runisomer      90
6 -0.1498619 0.6501328 -0.0033275
1 -0.3205376 1.0769319 0.9278447
1 -0.0191617 1.2063825 -0.7752520
1 0.4565296 -1.3524591 -0.2995044
8 0.0770908 -0.6834900 0.0117713
5
-114.656     ts77     dynamics     sesquiterpene     TS     runpoint      26     runisomer      90
6 -0.1562449 0.6380293 0.0024822
1 -0.3097140 1.0433313 0.9128427
1 0.0273100 1.1922132 -0.8368006
1 0.4612708 -1.4430808 -0.3847627
8 0.0779685 -0.6656899 0.0176074
5
-114.684     ts77     dynamics     sesquiterpene     TS     runpoint      27     runisomer      90
6 -0.1623402 0.6247910 0.0066877
1 -0.3032982 1.0218803 0.9253223
1 0.0785366 1.1916996 -0.9182162
1 0.4693500 -1.5195832 -0.4810576
8 0.0783989 -0.6495550 0.0248621
5
-114.672     ts77     dynamics     sesquiterpene     TS     runpoint      28     runisomer      90
6 -0.1679396 0.6129675 0.0066444
1 -0.2999514 1.0144050 0.9635926
1 0.1274561 1.1903793 -0.9898964
1 0.4642644 -1.5475358 -0.5680739
8 0.0796256 -0.6383700 0.0324821
5
-114.653     ts77     dynamics     sesquiterpene     TS     runpoint      29     runisomer      90
6 -0.1732308 0.6046586 0.0021464
1 -0.2963065 1.0162714 1.0120219
1 0.1693872 1.1821663 -1.0361360
1 0.4428975 -1.5199725 -0.6378935
8 0.0820684 -0.6334735 0.0401167
5
-114.646     ts77     dynamics     sesquiterpene     TS     runpoint      30     runisomer      90
6 -0.1785414 0.6011523 -0.0059350
1 -0.2895925 1.0215136 1.0530157
1 0.2021132 1.1655398 -1.0506116
1 0.4047716 -1.4382714 -0.6861392
8 0.0859672 -0.6352748 0.0475477
5
-114.657     ts77     dynamics     sesquiterpene     TS     runpoint      31     runisomer      90
6 -0.1840478 0.6027264 -0.0165820
1 -0.2785851 1.0261467 1.0743378
1 0.2247658 1.1410991 -1.0322033
1 0.3510986 -1.3087533 -0.7104734
8 0.0913574 -0.6433702 0.0545650
5
-114.682     ts77     dynamics     sesquiterpene     TS     runpoint      32     runisomer      90
6 -0.1897167 0.6087674 -0.0287189
1 -0.2633603 1.0285986 1.0696677
1 0.2374265 1.1110182 -0.9839190
1 0.2871035 -1.1473843 -0.7166865
8 0.0978826 -0.6563307 0.0613134
5
-114.704     ts77     dynamics     sesquiterpene     TS     runpoint      33     runisomer      90
6 -0.1954957 0.6180142 -0.0409412
1 -0.2450097 1.0293566 1.0377267
1 0.2423389 1.0799320 -0.9147054
1 0.2239828 -0.9860352 -0.7354527
8 0.1047276 -0.6715261 0.0693154
5
-114.705     ts77     dynamics     sesquiterpene     TS     runpoint      34     runisomer      90
6 -0.2016751 0.6288011 -0.0512504
1 -0.2253937 1.0309679 0.9826404
1 0.2467210 1.0568049 -0.8430956
1 0.1702711 -0.8512573 -0.8119651
8 0.1112339 -0.6867574 0.0808281
5
-114.706     ts77     dynamics     sesquiterpene     TS     runpoint      35     runisomer      90
6 -0.2090685 0.6392140 -0.0575169
1 -0.2068217 1.0383021 0.9156784
1 0.2641979 1.0548553 -0.7960306
1 0.1222727 -0.7378477 -0.9196986
8 0.1175318 -0.7020560 0.0935704
5
-114.692     ts77     dynamics     sesquiterpene     TS     runpoint      36     runisomer      90
6 -0.2182222 0.6476300 -0.0594624
1 -0.1914432 1.0586030 0.8564547
1 0.3053248 1.0820359 -0.7899580
1 0.0789531 -0.6456193 -1.0088372
8 0.1235661 -0.7171748 0.1039934
5
-114.672     ts77     dynamics     sesquiterpene     TS     runpoint      37     runisomer      90
6 -0.2282579 0.6536108 -0.0597261
1 -0.1803851 1.0996579 0.8269231
1 0.3630920 1.1302285 -0.8129170
1 0.0417654 -0.5795028 -1.0584645
8 0.1290998 -0.7314533 0.1106239
5
-114.658     ts77     dynamics     sesquiterpene     TS     runpoint      38     runisomer      90
6 -0.2375854 0.6577725 -0.0607403
1 -0.1739780 1.1627048 0.8336063
1 0.4211417 1.1841000 -0.8426552
1 0.0117882 -0.5423279 -1.0639099
8 0.1339232 -0.7442858 0.1131793
5
-114.651     ts77     dynamics     sesquiterpene     TS     runpoint      39     runisomer      90
6 -0.2449479 0.6613725 -0.0625332
1 -0.1730892 1.2376981 0.8613199
1 0.4671779 1.2319206 -0.8646198
1 -0.0101011 -0.5351165 -1.0260954
8 0.1378675 -0.7551805 0.1117779
5
-114.65     ts77     dynamics     sesquiterpene     TS     runpoint      40     runisomer      90
6 -0.2496223 0.6657362 -0.0640031
1 -0.1787764 1.3103468 0.8900333
1 0.4947120 1.2667176 -0.8723811
1 -0.0228496 -0.5585101 -0.9494896
8 0.1408001 -0.7637519 0.1067326
5
-114.654     ts77     dynamics     sesquiterpene     TS     runpoint      41     runisomer      90
6 -0.2512969 0.6718492 -0.0641861
1 -0.1913755 1.3694068 0.9066813
1 0.5008488 1.2845097 -0.8640120
1 -0.0259834 -0.6127450 -0.8466149
8 0.1426599 -0.7697650 0.0988111
5
-114.658     ts77     dynamics     sesquiterpene     TS     runpoint      42     runisomer      90
6 -0.2499271 0.6802386 -0.0625490
1 -0.2104801 1.4080057 0.9054607
1 0.4849650 1.2833088 -0.8400823
1 -0.0232997 -0.6947088 -0.7528378
8 0.1436664 -0.7732528 0.0902422
5
-114.65     ts77     dynamics     sesquiterpene     TS     runpoint      43     runisomer      90
6 -0.2456537 0.6907629 -0.0590060
1 -0.2352412 1.4227339 0.8855799
1 0.4488441 1.2634884 -0.8034572
1 -0.0286992 -0.7979592 -0.7413402
8 0.1446347 -0.7743234 0.0858034
5
-114.66     ts77     dynamics     sesquiterpene     TS     runpoint      44     runisomer      90
6 -0.2389214 0.7024605 -0.0537786
1 -0.2646092 1.4132573 0.8504602
1 0.3981471 1.2293562 -0.7607721
1 -0.0478475 -0.9243877 -0.8256361
8 0.1458338 -0.7723861 0.0867146
