5
-114.654160 ts77 dynamics sesquiterpene TS runpoint 1  runisomer  93
6 -0.0544386 0.6195262 0.0015439
1 -0.0911438 1.0914238 0.8752528
1 -0.1730258 1.1493472 -0.9389831
1 0.8702242 -0.0411566 0.0616710
8 -0.0252997 -0.7404677 -0.0010283
5
-114.639 ts77 dynamics sesquiterpene TS runpoint 2  runisomer  93
6 -0.0555759 0.618933 -0.00986369
1 -0.0811638 1.05043 0.915401
1 -0.167719 1.11353 -0.890358
1 0.915595 -0.0189311 0.0838621
8 -0.0282683 -0.736584 0.000538615
5
-114.641     ts77     dynamics     sesquiterpene     TS     runpoint      3     runisomer      93
6 -0.0560082 0.6175506 -0.0208209
1 -0.0790003 1.0264168 0.9774240
1 -0.1693056 1.0930776 -0.8650880
1 0.9797508 0.0042674 0.1044801
8 -0.0320215 -0.7342066 0.0019600
5
-114.638     ts77     dynamics     sesquiterpene     TS     runpoint      4     runisomer      93
6 -0.0543361 0.6143594 -0.0275075
1 -0.0846823 1.0125662 1.0388593
1 -0.1811242 1.1003639 -0.8824497
1 1.0492510 0.0364277 0.1216720
8 -0.0365521 -0.7334254 0.0031162
5
-114.638     ts77     dynamics     sesquiterpene     TS     runpoint      5     runisomer      93
6 -0.0495766 0.6093435 -0.0289805
1 -0.0981168 1.0047821 1.0832539
1 -0.2024889 1.1315226 -0.9336076
1 1.1147034 0.0858513 0.1335379
8 -0.0420532 -0.7342491 0.0038986
5
-114.644     ts77     dynamics     sesquiterpene     TS     runpoint      6     runisomer      93
6 -0.0413830 0.6032378 -0.0265613
1 -0.1188522 1.0011786 1.1022139
1 -0.2289421 1.1714205 -0.9916010
1 1.1711699 0.1585576 0.1386672
8 -0.0487843 -0.7365354 0.0042193
5
-114.647     ts77     dynamics     sesquiterpene     TS     runpoint      7     runisomer      93
6 -0.0298388 0.5967062 -0.0216973
1 -0.1460518 1.0008072 1.0930605
1 -0.2556375 1.2069803 -1.0349030
1 1.2153359 0.2560351 0.1361916
8 -0.0568307 -0.7399926 0.0040305
5
-114.652     ts77     dynamics     sesquiterpene     TS     runpoint      8     runisomer      93
6 -0.0151913 0.5902594 -0.0154204
1 -0.1787612 1.0031669 1.0573846
1 -0.2790468 1.2305310 -1.0525184
1 1.2434909 0.3755915 0.1257028
8 -0.0660577 -0.7443218 0.0033408
5
-114.662     ts77     dynamics     sesquiterpene     TS     runpoint      9     runisomer      93
6 0.0022973 0.5843954 -0.0086261
1 -0.2163269 1.0083747 1.0010882
1 -0.2970067 1.2381512 -1.0405920
1 1.2518992 0.5118480 0.1073723
8 -0.0762090 -0.7493165 0.0021953
5
-114.675     ts77     dynamics     sesquiterpene     TS     runpoint      10     runisomer      93
6 0.0223710 0.5796119 -0.0023505
1 -0.2590115 1.0176363 0.9349143
1 -0.3084616 1.2281577 -0.9997385
1 1.2382426 0.6577725 0.0822173
8 -0.0869973 -0.7548778 0.0006675
5
-114.689     ts77     dynamics     sesquiterpene     TS     runpoint      11     runisomer      93
6 0.0447400 0.5763177 0.0023020
1 -0.3084267 1.0331706 0.8730414
1 -0.3135092 1.2007245 -0.9345578
1 1.2031897 0.8054302 0.0523193
8 -0.0981383 -0.7609614 -0.0011473
5
-114.698     ts77     dynamics     sesquiterpene     TS     runpoint      12     runisomer      93
6 0.0689428 0.5747806 0.0047899
1 -0.3662294 1.0559605 0.8270926
1 -0.3141241 1.1586685 -0.8549837
1 1.1515165 0.9470915 0.0207686
8 -0.1093583 -0.7675198 -0.0031438
5
-114.654160 ts77 dynamics sesquiterpene TS runpoint 1  runisomer  93
6 -0.0544386 0.6195262 0.0015439
1 -0.0911438 1.0914238 0.8752528
1 -0.1730258 1.1493472 -0.9389831
1 0.8702242 -0.0411566 0.0616710
8 -0.0252997 -0.7404677 -0.0010283
5
-114.639 ts77 dynamics sesquiterpene TS runpoint 2  runisomer  93
6 -0.053787 0.620536 0.00995931
1 -0.108741 1.1535 0.870663
1 -0.181388 1.18534 -0.986723
1 0.855635 -0.0684171 0.0389666
8 -0.0232337 -0.745687 -0.0026143
5
-114.639     ts77     dynamics     sesquiterpene     TS     runpoint      3     runisomer      93
6 -0.0541875 0.6232254 0.0146806
1 -0.1327630 1.2292458 0.8929562
1 -0.1902826 1.2117291 -1.0186052
1 0.8747971 -0.1039077 0.0158331
8 -0.0220666 -0.7519033 -0.0040951
5
-114.642     ts77     dynamics     sesquiterpene     TS     runpoint      4     runisomer      93
6 -0.0556293 0.6286511 0.0166701
1 -0.1608180 1.3035195 0.9226565
1 -0.1983762 1.2236912 -1.0279604
1 0.9189574 -0.1492022 -0.0079717
8 -0.0214911 -0.7585531 -0.0053695
5
-114.643     ts77     dynamics     sesquiterpene     TS     runpoint      5     runisomer      93
6 -0.0578713 0.6372980 0.0169627
1 -0.1903122 1.3632915 0.9448326
1 -0.2050645 1.2196601 -1.0132877
1 0.9722273 -0.2066254 -0.0323020
8 -0.0208857 -0.7649338 -0.0063791
5
-114.643     ts77     dynamics     sesquiterpene     TS     runpoint      6     runisomer      93
6 -0.0608037 0.6491681 0.0163548
1 -0.2191409 1.4008061 0.9518812
1 -0.2102607 1.2006623 -0.9772493
1 1.0181863 -0.2805042 -0.0565294
8 -0.0194382 -0.7703507 -0.0071115
5
-114.647     ts77     dynamics     sesquiterpene     TS     runpoint      7     runisomer      93
6 -0.0645540 0.6638741 0.0156984
1 -0.2458015 1.4126168 0.9413719
1 -0.2145372 1.1708837 -0.9279264
1 1.0437948 -0.3765965 -0.0798219
8 -0.0162894 -0.7741973 -0.0075981
5
-114.658     ts77     dynamics     sesquiterpene     TS     runpoint      8     runisomer      93
6 -0.0692703 0.6804475 0.0162333
1 -0.2694054 1.3986438 0.9145675
1 -0.2196388 1.1388245 -0.8813841
1 1.0410066 -0.4991540 -0.1013808
8 -0.0107663 -0.7760082 -0.0078858
5
-114.672     ts77     dynamics     sesquiterpene     TS     runpoint      9     runisomer      93
6 -0.0747626 0.6971988 0.0194395
1 -0.2900017 1.3625009 0.8767703
1 -0.2286418 1.1162341 -0.8606306
1 1.0086357 -0.6466432 -0.1207014
8 -0.0027400 -0.7755804 -0.0080017
5
-114.687     ts77     dynamics     sesquiterpene     TS     runpoint      10     runisomer      93
6 -0.0804485 0.7122076 0.0256125
1 -0.3095482 1.3130215 0.8394922
1 -0.2438252 1.1105475 -0.8812333
1 0.9565821 -0.8108074 -0.1383354
8 0.0069938 -0.7730189 -0.0078761
5
-114.698     ts77     dynamics     sesquiterpene     TS     runpoint      11     runisomer      93
6 -0.0855719 0.7239504 0.0322473
1 -0.3331531 1.2648974 0.8221139
1 -0.2635988 1.1179568 -0.9338692
1 0.9079559 -0.9823144 -0.1569253
8 0.0166345 -0.7684550 -0.0072712
5
-114.698     ts77     dynamics     sesquiterpene     TS     runpoint      12     runisomer      93
6 -0.0893516 0.7314831 0.0355837
1 -0.3675823 1.2317724 0.8437152
1 -0.2840554 1.1296262 -0.9942082
1 0.8788864 -1.1563887 -0.1790790
8 0.0247609 -0.7617851 -0.0059384
5
-114.695     ts77     dynamics     sesquiterpene     TS     runpoint      13     runisomer      93
6 -0.0914742 0.7350857 0.0339946
1 -0.4141264 1.2127709 0.9024113
1 -0.3021576 1.1392276 -1.0419510
1 0.8556091 -1.3222093 -0.2024655
8 0.0318934 -0.7534461 -0.0039624
5
-114.687     ts77     dynamics     sesquiterpene     TS     runpoint      14     runisomer      93
6 -0.0923131 0.7359360 0.0284805
1 -0.4660744 1.1955385 0.9747273
1 -0.3164575 1.1437633 -1.0659546
1 0.8188099 -1.4612565 -0.2226280
8 0.0390154 -0.7445207 -0.0015982
5
-114.669     ts77     dynamics     sesquiterpene     TS     runpoint      15     runisomer      93
6 -0.0924070 0.7349525 0.0206975
1 -0.5152428 1.1701780 1.0369268
1 -0.3266537 1.1423481 -1.0622528
1 0.7611216 -1.5590635 -0.2371226
8 0.0464606 -0.7359318 0.0010032
5
-114.653     ts77     dynamics     sesquiterpene     TS     runpoint      16     runisomer      93
6 -0.0921133 0.7324896 0.0119975
1 -0.5560288 1.1328599 1.0745226
1 -0.3333272 1.1355921 -1.0323413
1 0.6831346 -1.6079850 -0.2455939
8 0.0541450 -0.7282227 0.0038116
5
-114.648     ts77     dynamics     sesquiterpene     TS     runpoint      17     runisomer      93
6 -0.0915932 0.7284729 0.0035711
1 -0.5853908 1.0836751 1.0807168
1 -0.3381005 1.1258018 -0.9833271
1 0.5886372 -1.6058227 -0.2491048
8 0.0618604 -0.7216279 0.0068786
5
-114.655     ts77     dynamics     sesquiterpene     TS     runpoint      18     runisomer      93
6 -0.0908580 0.7224582 -0.0032175
1 -0.6020011 1.0248880 1.0538074
1 -0.3440577 1.1177087 -0.9291340
1 0.4844854 -1.5582942 -0.2507819
8 0.0692930 -0.7158946 0.0103607
5
-114.666     ts77     dynamics     sesquiterpene     TS     runpoint      19     runisomer      93
6 -0.0897677 0.7136870 -0.0068978
1 -0.6060859 0.9603521 0.9967369
1 -0.3556356 1.1183589 -0.8890598
1 0.3843052 -1.4897260 -0.2594399
8 0.0757741 -0.7096087 0.0147402
5
-114.665     ts77     dynamics     sesquiterpene     TS     runpoint      20     runisomer      93
6 -0.0880801 0.7014988 -0.0069470
1 -0.6007824 0.8955716 0.9192693
1 -0.3761746 1.1333190 -0.8777035
1 0.3082259 -1.4538909 -0.2959210
8 0.0802609 -0.6995831 0.0212427
