5
-114.654160 ts77 dynamics sesquiterpene TS runpoint 1  runisomer  103
6 -0.0172283 0.6267026 -0.0102744
1 -0.3838998 0.9877713 0.9476193
1 -0.2749443 1.2003914 -0.9281055
1 1.0015631 -0.0994239 -0.0968545
8 -0.0366241 -0.7388653 0.0125816
5
-114.648 ts77 dynamics sesquiterpene TS runpoint 2  runisomer  103
6 -0.0175115 0.641758 -0.00427811
1 -0.388134 0.927678 0.894846
1 -0.275537 1.18242 -0.941771
1 1.0589 -0.0921248 -0.115303
8 -0.0397201 -0.745702 0.0134315
5
-114.639     ts77     dynamics     sesquiterpene     TS     runpoint      3     runisomer      103
6 -0.0167495 0.6553779 -0.0004786
1 -0.3992884 0.8888203 0.8675068
1 -0.2741342 1.1608664 -0.9488998
1 1.1049433 -0.0765346 -0.1299187
8 -0.0425795 -0.7530967 0.0136741
5
-114.627     ts77     dynamics     sesquiterpene     TS     runpoint      4     runisomer      103
6 -0.0137630 0.6660592 -0.0004880
1 -0.4256378 0.8778589 0.8841574
1 -0.2712388 1.1382878 -0.9499451
1 1.1340976 -0.0483872 -0.1393842
8 -0.0451815 -0.7607719 0.0132933
5
-114.627     ts77     dynamics     sesquiterpene     TS     runpoint      5     runisomer      103
6 -0.0085019 0.6731173 -0.0032305
1 -0.4624132 0.8916572 0.9333738
1 -0.2680639 1.1178563 -0.9477397
1 1.1447462 -0.0031438 -0.1427001
8 -0.0476848 -0.7685016 0.0123185
5
-114.633     ts77     dynamics     sesquiterpene     TS     runpoint      6     runisomer      103
6 -0.0016040 0.6762657 -0.0062624
1 -0.4968646 0.9227432 0.9883526
1 -0.2663322 1.1026572 -0.9464222
1 1.1380649 0.0640014 -0.1391079
8 -0.0503797 -0.7760982 0.0108190
5
-114.639     ts77     dynamics     sesquiterpene     TS     runpoint      7     runisomer      103
6 0.0063877 0.6753824 -0.0077975
1 -0.5187540 0.9642309 1.0288001
1 -0.2677385 1.0946469 -0.9490058
1 1.1172548 0.1572545 -0.1279587
8 -0.0535991 -0.7834221 0.0088823
5
-114.647     ts77     dynamics     sesquiterpene     TS     runpoint      8     runisomer      103
6 0.0149891 0.6706760 -0.0071511
1 -0.5226627 1.0105733 1.0443096
1 -0.2733191 1.0937880 -0.9552502
1 1.0878591 0.2783585 -0.1087414
8 -0.0576039 -0.7903898 0.0066009
5
-114.659     ts77     dynamics     sesquiterpene     TS     runpoint      9     runisomer      103
6 0.0233130 0.6628561 -0.0044025
1 -0.5068321 1.0571484 1.0310442
1 -0.2831534 1.0980139 -0.9616595
1 1.0601885 0.4243059 -0.0815017
8 -0.0624856 -0.7969222 0.0040615
5
-114.674     ts77     dynamics     sesquiterpene     TS     runpoint      10     runisomer      103
6 0.0298071 0.6529409 -0.0000063
1 -0.4724623 1.1000329 0.9895285
1 -0.2965259 1.1039806 -0.9635892
1 1.0512294 0.5877084 -0.0473227
8 -0.0681193 -0.8028592 0.0013464
5
-114.689     ts77     dynamics     sesquiterpene     TS     runpoint      11     runisomer      103
6 0.0333546 0.6416761 0.0053511
1 -0.4241307 1.1363382 0.9247546
1 -0.3122527 1.1080154 -0.9575824
1 1.0730621 0.7620952 -0.0078690
8 -0.0742130 -0.8079391 -0.0014572
5
-114.654160 ts77 dynamics sesquiterpene TS runpoint 1  runisomer  103
6 -0.0172283 0.6267026 -0.0102744
1 -0.3838998 0.9877713 0.9476193
1 -0.2749443 1.2003914 -0.9281055
1 1.0015631 -0.0994239 -0.0968545
8 -0.0366241 -0.7388653 0.0125816
5
-114.648 ts77 dynamics sesquiterpene TS runpoint 2  runisomer  103
6 -0.0173586 0.612236 -0.0160513
1 -0.376255 1.05682 0.999282
1 -0.272486 1.21309 -0.909473
1 0.9435 -0.102838 -0.0761192
8 -0.0335044 -0.732948 0.01118
5
-114.646     ts77     dynamics     sesquiterpene     TS     runpoint      3     runisomer      103
6 -0.0190639 0.6003337 -0.0199510
1 -0.3597709 1.1237204 1.0330564
1 -0.2687686 1.2198513 -0.8887927
1 0.8995203 -0.1069785 -0.0545105
8 -0.0307269 -0.7284009 0.0093130
5
-114.636     ts77     dynamics     sesquiterpene     TS     runpoint      4     runisomer      103
6 -0.0230632 0.5925723 -0.0211252
1 -0.3330946 1.1806070 1.0418669
1 -0.2647285 1.2210834 -0.8698610
1 0.8838642 -0.1158224 -0.0327665
8 -0.0286761 -0.7256842 0.0070755
5
-114.631     ts77     dynamics     sesquiterpene     TS     runpoint      5     runisomer      103
6 -0.0294303 0.5898241 -0.0192298
1 -0.2970352 1.2223063 1.0243407
1 -0.2614736 1.2180622 -0.8568474
1 0.9019107 -0.1314821 -0.0107698
8 -0.0275136 -0.7250743 0.0045528
5
-114.633     ts77     dynamics     sesquiterpene     TS     runpoint      6     runisomer      103
6 -0.0375574 0.5921696 -0.0142722
1 -0.2535502 1.2458133 0.9826117
1 -0.2600128 1.2123119 -0.8534476
1 0.9458225 -0.1543079 0.0117825
8 -0.0270158 -0.7265157 0.0018280
5
-114.641     ts77     dynamics     sesquiterpene     TS     runpoint      7     runisomer      103
6 -0.0465287 0.5991525 -0.0066876
1 -0.2054016 1.2506714 0.9223918
1 -0.2608994 1.2046267 -0.8616666
1 0.9992997 -0.1845729 0.0346162
8 -0.0266329 -0.7296708 -0.0009879
5
-114.648     ts77     dynamics     sesquiterpene     TS     runpoint      8     runisomer      103
6 -0.0555914 0.6099803 0.0023742
1 -0.1559949 1.2409104 0.8551292
1 -0.2640411 1.1944331 -0.8807684
1 1.0455832 -0.2241100 0.0568604
8 -0.0256661 -0.7340467 -0.0037464
5
-114.649     ts77     dynamics     sesquiterpene     TS     runpoint      9     runisomer      103
6 -0.0644443 0.6233706 0.0107641
1 -0.1086509 1.2282867 0.8011015
1 -0.2688555 1.1801809 -0.9071744
1 1.0717435 -0.2773211 0.0774563
8 -0.0233523 -0.7390487 -0.0062698
5
-114.645     ts77     dynamics     sesquiterpene     TS     runpoint      10     runisomer      103
6 -0.0734175 0.6375438 0.0156946
1 -0.0643293 1.2311089 0.7861428
1 -0.2745918 1.1605476 -0.9355457
1 1.0694830 -0.3509970 0.0954429
8 -0.0189084 -0.7439822 -0.0083720
5
-114.651     ts77     dynamics     sesquiterpene     TS     runpoint      11     runisomer      103
6 -0.0833169 0.6513505 0.0156930
1 -0.0201988 1.2582175 0.8205675
1 -0.2806306 1.1355688 -0.9606321
1 1.0354498 -0.4514628 0.1101648
8 -0.0117369 -0.7481454 -0.0098860
5
-114.675     ts77     dynamics     sesquiterpene     TS     runpoint      12     runisomer      103
6 -0.0946431 0.6651238 0.0119802
1 0.0258205 1.2973170 0.8849506
1 -0.2867390 1.1070622 -0.9790294
1 0.9737155 -0.5798268 0.1217967
8 -0.0018646 -0.7510578 -0.0107303
5
-114.698     ts77     dynamics     sesquiterpene     TS     runpoint      13     runisomer      103
6 -0.1071373 0.6793278 0.0068075
1 0.0720085 1.3310915 0.9512134
1 -0.2931430 1.0782634 -0.9900736
1 0.9047283 -0.7293158 0.1330084
8 0.0093487 -0.7526092 -0.0110342
5
-114.699     ts77     dynamics     sesquiterpene     TS     runpoint      14     runisomer      103
6 -0.1200311 0.6936297 0.0020244
1 0.1151965 1.3495092 0.9999169
1 -0.3003659 1.0529499 -0.9957847
1 0.8732573 -0.8917013 0.1514630
8 0.0187399 -0.7526727 -0.0113157
5
-114.692     ts77     dynamics     sesquiterpene     TS     runpoint      15     runisomer      103
6 -0.1324221 0.7072200 -0.0010624
1 0.1526464 1.3492775 1.0209052
1 -0.3089103 1.0344284 -0.9998004
1 0.8967993 -1.0665469 0.1822665
8 0.0247322 -0.7506706 -0.0120101
5
-114.694     ts77     dynamics     sesquiterpene     TS     runpoint      16     runisomer      103
6 -0.1435784 0.7193621 -0.0016332
1 0.1824355 1.3309643 1.0101603
1 -0.3189539 1.0247496 -1.0053481
1 0.9292687 -1.2386378 0.2173350
8 0.0298124 -0.7471742 -0.0127633
5
-114.683     ts77     dynamics     sesquiterpene     TS     runpoint      17     runisomer      103
6 -0.1530516 0.7295020 0.0005320
1 0.2036321 1.2975327 0.9682834
1 -0.3301619 1.0243253 -1.0131619
1 0.9375118 -1.3854198 0.2486478
8 0.0357711 -0.7434002 -0.0132277
5
-114.667     ts77     dynamics     sesquiterpene     TS     runpoint      18     runisomer      103
6 -0.1607140 0.7371037 0.0049042
1 0.2171454 1.2546936 0.9014716
1 -0.3417146 1.0320594 -1.0208840
1 0.9133432 -1.4932152 0.2730794
8 0.0429186 -0.7400995 -0.0133500
5
-114.656     ts77     dynamics     sesquiterpene     TS     runpoint      19     runisomer      103
6 -0.1668779 0.7414008 0.0100362
1 0.2279647 1.2127066 0.8249091
1 -0.3526018 1.0458873 -1.0244280
1 0.8581730 -1.5554158 0.2899964
8 0.0510242 -0.7376309 -0.0132177
5
-114.648     ts77     dynamics     sesquiterpene     TS     runpoint      20     runisomer      103
6 -0.1724787 0.7412352 0.0136107
1 0.2478537 1.1874327 0.7645708
1 -0.3620141 1.0633625 -1.0202163
1 0.7754189 -1.5683927 0.2996287
8 0.0597801 -0.7361983 -0.0129697
5
-114.646     ts77     dynamics     sesquiterpene     TS     runpoint      21     runisomer      103
6 -0.1786494 0.7355931 0.0137682
1 0.2905542 1.1927648 0.7433590
1 -0.3696540 1.0821748 -1.0070881
1 0.6698374 -1.5314633 0.3030942
8 0.0688525 -0.7358141 -0.0127963
5
-114.664     ts77     dynamics     sesquiterpene     TS     runpoint      22     runisomer      103
6 -0.1853022 0.7248185 0.0113491
1 0.3549571 1.2249705 0.7550659
1 -0.3758553 1.1006022 -0.9871748
1 0.5528417 -1.4548741 0.3054081
8 0.0775495 -0.7357472 -0.0131187
5
-114.677     ts77     dynamics     sesquiterpene     TS     runpoint      23     runisomer      103
6 -0.1911381 0.7102560 0.0089598
1 0.4252207 1.2669717 0.7747010
1 -0.3813928 1.1176612 -0.9650432
1 0.4547851 -1.3822792 0.3267133
8 0.0840297 -0.7331166 -0.0153003
5
-114.656     ts77     dynamics     sesquiterpene     TS     runpoint      24     runisomer      103
6 -0.1949837 0.6931297 0.0086927
1 0.4866626 1.3040879 0.7838124
1 -0.3870656 1.1327833 -0.9455049
1 0.4152007 -1.3886622 0.4102325
8 0.0858969 -0.7231577 -0.0221664
5
-114.67     ts77     dynamics     sesquiterpene     TS     runpoint      25     runisomer      103
6 -0.1962805 0.6745635 0.0116272
1 0.5310837 1.3281733 0.7745340
1 -0.3933123 1.1452126 -0.9313850
1 0.4067511 -1.4380631 0.5445360
8 0.0849982 -0.7084170 -0.0331334
5
-114.685     ts77     dynamics     sesquiterpene     TS     runpoint      26     runisomer      103
6 -0.1949649 0.6557824 0.0180269
1 0.5550987 1.3354688 0.7454129
1 -0.4001663 1.1533309 -0.9224415
1 0.3946683 -1.4635377 0.6830111
8 0.0836915 -0.6936922 -0.0453866
