5
-114.654160 ts77 dynamics sesquiterpene TS runpoint 1  runisomer  104
6 -0.0472676 0.6597060 0.0152901
1 -0.2533355 1.0785244 0.9135451
1 -0.1378571 1.1547996 -1.0359195
1 1.0123655 -0.0696971 -0.1350624
8 -0.0316327 -0.7683440 0.0047490
5
-114.64 ts77 dynamics sesquiterpene TS runpoint 2  runisomer  104
6 -0.047184 0.649198 0.0144272
1 -0.234022 1.11904 0.977033
1 -0.126469 1.12506 -1.06219
1 0.9628 -0.0406042 -0.120178
8 -0.030507 -0.762973 0.00211345
5
-114.644     ts77     dynamics     sesquiterpene     TS     runpoint      3     runisomer      104
6 -0.0463784 0.6381764 0.0115187
1 -0.2165899 1.1631202 1.0361787
1 -0.1190233 1.0911367 -1.0632313
1 0.9163362 -0.0078709 -0.1020556
8 -0.0297510 -0.7574069 -0.0005067
5
-114.64     ts77     dynamics     sesquiterpene     TS     runpoint      4     runisomer      104
6 -0.0456004 0.6279120 0.0081499
1 -0.1986639 1.2008534 1.0731669
1 -0.1165551 1.0558491 -1.0408178
1 0.8880746 0.0288347 -0.0820172
8 -0.0298380 -0.7521741 -0.0029844
5
-114.634     ts77     dynamics     sesquiterpene     TS     runpoint      5     runisomer      104
6 -0.0453875 0.6191534 0.0054653
1 -0.1800520 1.2266718 1.0802112
1 -0.1203394 1.0236408 -1.0017679
1 0.8919983 0.0703533 -0.0607529
8 -0.0311779 -0.7478169 -0.0052132
5
-114.633     ts77     dynamics     sesquiterpene     TS     runpoint      6     runisomer      104
6 -0.0456538 0.6118905 0.0045350
1 -0.1617172 1.2379212 1.0556675
1 -0.1320094 1.0006945 -0.9586020
1 0.9336655 0.1199922 -0.0380128
8 -0.0340234 -0.7447600 -0.0071207
5
-114.64     ts77     dynamics     sesquiterpene     TS     runpoint      7     runisomer      104
6 -0.0453695 0.6053518 0.0063776
1 -0.1453947 1.2341280 1.0023334
1 -0.1534516 0.9938776 -0.9274741
1 1.0059638 0.1841921 -0.0133946
8 -0.0384684 -0.7432312 -0.0086549
5
-114.654     ts77     dynamics     sesquiterpene     TS     runpoint      8     runisomer      104
6 -0.0429624 0.5985622 0.0112296
1 -0.1334972 1.2175580 0.9283577
1 -0.1858517 1.0070318 -0.9194014
1 1.0933995 0.2687538 0.0124599
8 -0.0444909 -0.7432501 -0.0097708
5
-114.669     ts77     dynamics     sesquiterpene     TS     runpoint      9     runisomer      104
6 -0.0371387 0.5908971 0.0175306
1 -0.1291132 1.1953411 0.8501389
1 -0.2278944 1.0369071 -0.9310481
1 1.1799147 0.3743205 0.0377556
8 -0.0519373 -0.7446339 -0.0104286
5
-114.676     ts77     dynamics     sesquiterpene     TS     runpoint      10     runisomer      104
6 -0.0272806 0.5818969 0.0221250
1 -0.1360948 1.1815174 0.7933970
1 -0.2752504 1.0746035 -0.9489462
1 1.2531688 0.4961832 0.0603522
8 -0.0605239 -0.7470648 -0.0105956
5
-114.671     ts77     dynamics     sesquiterpene     TS     runpoint      11     runisomer      104
6 -0.0133107 0.5713317 0.0221560
1 -0.1582785 1.1902119 0.7811938
1 -0.3223127 1.1107459 -0.9605498
1 1.3051840 0.6270810 0.0784733
8 -0.0699186 -0.7502119 -0.0102606
5
-114.669     ts77     dynamics     sesquiterpene     TS     runpoint      12     runisomer      104
6 0.0043124 0.5603847 0.0173483
1 -0.1958286 1.2179321 0.8113923
1 -0.3640055 1.1383777 -0.9588429
1 1.3314903 0.7594683 0.0909447
8 -0.0798053 -0.7538286 -0.0094503
5
-114.672     ts77     dynamics     sesquiterpene     TS     runpoint      13     runisomer      104
6 0.0246158 0.5513742 0.0094729
1 -0.2431789 1.2460225 0.8619707
1 -0.3965557 1.1532105 -0.9414255
1 1.3299527 0.8863686 0.0972076
8 -0.0899065 -0.7577698 -0.0082208
5
-114.67     ts77     dynamics     sesquiterpene     TS     runpoint      14     runisomer      104
6 0.0465375 0.5461753 0.0002815
1 -0.2927668 1.2589648 0.9132989
1 -0.4178506 1.1532744 -0.9087946
1 1.2999010 1.0015116 0.0974556
8 -0.0999940 -0.7619451 -0.0066311
5
-114.666     ts77     dynamics     sesquiterpene     TS     runpoint      15     runisomer      104
6 0.0694232 0.5456983 -0.0092149
1 -0.3388054 1.2498038 0.9544449
1 -0.4285084 1.1389205 -0.8632212
1 1.2416703 1.0993480 0.0930608
8 -0.1099221 -0.7662712 -0.0046929
5
-114.666     ts77     dynamics     sesquiterpene     TS     runpoint      16     runisomer      104
6 0.0934087 0.5501480 -0.0179527
1 -0.3807517 1.2163283 0.9787683
1 -0.4332578 1.1122201 -0.8093342
1 1.1587001 1.1753737 0.0838944
8 -0.1197470 -0.7706091 -0.0024878
5
-114.669     ts77     dynamics     sesquiterpene     TS     runpoint      17     runisomer      104
6 0.1178218 0.5588259 -0.0252026
1 -0.4169194 1.1599305 0.9845789
1 -0.4387790 1.0800165 -0.7562622
1 1.0595468 1.2254412 0.0715605
8 -0.1291881 -0.7746923 0.0000176
5
-114.671     ts77     dynamics     sesquiterpene     TS     runpoint      18     runisomer      104
6 0.1415009 0.5705051 -0.0299362
1 -0.4457151 1.0831856 0.9714585
1 -0.4538854 1.0505150 -0.7163324
1 0.9602402 1.2508378 0.0573755
8 -0.1379290 -0.7783603 0.0027735
5
-114.654160 ts77 dynamics sesquiterpene TS runpoint 1  runisomer  104
6 -0.0472676 0.6597060 0.0152901
1 -0.2533355 1.0785244 0.9135451
1 -0.1378571 1.1547996 -1.0359195
1 1.0123655 -0.0696971 -0.1350624
8 -0.0316327 -0.7683440 0.0047490
5
-114.64 ts77 dynamics sesquiterpene TS runpoint 2  runisomer  104
6 -0.0458112 0.66814 0.012072
1 -0.280115 1.05516 0.873941
1 -0.152329 1.17915 -0.987485
1 1.05319 -0.0957256 -0.145417
8 -0.032698 -0.773094 0.00725949
5
-114.633     ts77     dynamics     sesquiterpene     TS     runpoint      3     runisomer      104
6 -0.0422148 0.6733545 0.0039184
1 -0.3197707 1.0573926 0.8787869
1 -0.1693983 1.1992404 -0.9258905
1 1.0776661 -0.1195906 -0.1503918
8 -0.0333633 -0.7769098 0.0095049
5
-114.634     ts77     dynamics     sesquiterpene     TS     runpoint      4     runisomer      104
6 -0.0366943 0.6752955 -0.0067663
1 -0.3693517 1.0788471 0.9172279
1 -0.1894905 1.2197971 -0.8669823
1 1.0818582 -0.1426072 -0.1496907
8 -0.0333778 -0.7795632 0.0113431
5
-114.637     ts77     dynamics     sesquiterpene     TS     runpoint      5     runisomer      104
6 -0.0300762 0.6743741 -0.0160060
1 -0.4192360 1.1062758 0.9625629
1 -0.2142468 1.2482977 -0.8291141
1 1.0645713 -0.1669076 -0.1434919
8 -0.0325496 -0.7808642 0.0126426
5
-114.635     ts77     dynamics     sesquiterpene     TS     runpoint      6     runisomer      104
6 -0.0233023 0.6712062 -0.0212658
1 -0.4609414 1.1298329 0.9955834
1 -0.2447522 1.2881882 -0.8210614
1 1.0269984 -0.1960855 -0.1323472
8 -0.0307137 -0.7806465 0.0132999
5
-114.636     ts77     dynamics     sesquiterpene     TS     runpoint      7     runisomer      104
6 -0.0174923 0.6671140 -0.0222388
1 -0.4894934 1.1442127 1.0073951
1 -0.2787326 1.3326746 -0.8356642
1 0.9730987 -0.2358142 -0.1171911
8 -0.0277356 -0.7787834 0.0132517
5
-114.641     ts77     dynamics     sesquiterpene     TS     runpoint      8     runisomer      104
6 -0.0139364 0.6638888 -0.0197342
1 -0.5026556 1.1469595 0.9954159
1 -0.3113466 1.3697282 -0.8591475
1 0.9107928 -0.2937653 -0.0994882
8 -0.0235928 -0.7752196 0.0124929
5
-114.647     ts77     dynamics     sesquiterpene     TS     runpoint      9     runisomer      104
6 -0.0137669 0.6631223 -0.0146829
1 -0.5002247 1.1375110 0.9609496
1 -0.3380410 1.3897509 -0.8806841
1 0.8548910 -0.3766566 -0.0815225
8 -0.0186681 -0.7700885 0.0111014
5
-114.653     ts77     dynamics     sesquiterpene     TS     runpoint      10     runisomer      104
6 -0.0175124 0.6656391 -0.0080265
1 -0.4842270 1.1174475 0.9093649
1 -0.3558455 1.3877916 -0.8942498
1 0.8325785 -0.4833914 -0.0666974
8 -0.0143377 -0.7638656 0.0092788
5
-114.66     ts77     dynamics     sesquiterpene     TS     runpoint      11     runisomer      104
6 -0.0247244 0.6710547 -0.0010385
1 -0.4602767 1.0918264 0.8526247
1 -0.3633445 1.3627582 -0.8974586
1 0.8752976 -0.6066838 -0.0580741
8 -0.0126547 -0.7569702 0.0072706
5
-114.68     ts77     dynamics     sesquiterpene     TS     runpoint      12     runisomer      104
6 -0.0339623 0.6778293 0.0043824
1 -0.4392102 1.0706507 0.8123442
1 -0.3605756 1.3166352 -0.8908641
1 0.9665919 -0.7479149 -0.0540916
8 -0.0129778 -0.7489142 0.0050759
5
-114.694     ts77     dynamics     sesquiterpene     TS     runpoint      13     runisomer      104
6 -0.0434172 0.6840195 0.0062855
1 -0.4337465 1.0658648 0.8138832
1 -0.3492434 1.2545809 -0.8784783
1 1.0522999 -0.9025148 -0.0511077
8 -0.0123425 -0.7396067 0.0025829
5
-114.693     ts77     dynamics     sesquiterpene     TS     runpoint      14     runisomer      104
6 -0.0520918 0.6883829 0.0048313
1 -0.4462988 1.0799950 0.8623175
1 -0.3331393 1.1854218 -0.8691824
1 1.0995477 -1.0558193 -0.0474113
8 -0.0090354 -0.7297543 -0.0001952
5
-114.688     ts77     dynamics     sesquiterpene     TS     runpoint      15     runisomer      104
6 -0.0600219 0.6906021 0.0029385
1 -0.4664814 1.1034513 0.9345001
1 -0.3178998 1.1206305 -0.8765062
1 1.0988899 -1.1936704 -0.0425870
8 -0.0027322 -0.7201291 -0.0031648
5
-114.678     ts77     dynamics     sesquiterpene     TS     runpoint      16     runisomer      104
6 -0.0674164 0.6907146 0.0036020
1 -0.4835730 1.1259038 1.0033689
1 -0.3082641 1.0691170 -0.9110091
1 1.0515269 -1.3054527 -0.0365727
8 0.0062704 -0.7113397 -0.0062056
5
-114.67     ts77     dynamics     sesquiterpene     TS     runpoint      17     runisomer      104
6 -0.0744506 0.6891602 0.0077069
1 -0.4920601 1.1413907 1.0518048
1 -0.3046452 1.0318756 -0.9681673
1 0.9622540 -1.3831698 -0.0292854
8 0.0174800 -0.7039065 -0.0091945
5
-114.669     ts77     dynamics     sesquiterpene     TS     runpoint      18     runisomer      104
6 -0.0812683 0.6866439 0.0142913
1 -0.4903548 1.1471865 1.0716861
1 -0.3043743 1.0047800 -1.0301957
1 0.8378539 -1.4209351 -0.0205475
8 0.0303088 -0.6982988 -0.0120293
5
-114.673     ts77     dynamics     sesquiterpene     TS     runpoint      19     runisomer      104
6 -0.0878741 0.6837006 0.0219227
1 -0.4790529 1.1424362 1.0607335
1 -0.3050512 0.9841320 -1.0790850
1 0.6906750 -1.4189071 -0.0101245
8 0.0438701 -0.6946196 -0.0146405
5
-114.677     ts77     dynamics     sesquiterpene     TS     runpoint      20     runisomer      104
6 -0.0941738 0.6804530 0.0293487
1 -0.4601938 1.1279525 1.0214427
1 -0.3054584 0.9682275 -1.1032273
1 0.5485000 -1.3985990 0.0025994
8 0.0563928 -0.6915496 -0.0170170
5
-114.661     ts77     dynamics     sesquiterpene     TS     runpoint      21     runisomer      104
6 -0.0999825 0.6766052 0.0353582
1 -0.4375515 1.1071662 0.9626164
1 -0.3050938 0.9567914 -1.0973823
1 0.4570436 -1.4237751 0.0205575
8 0.0650645 -0.6850484 -0.0193183
5
-114.651     ts77     dynamics     sesquiterpene     TS     runpoint      22     runisomer      104
6 -0.1049061 0.6716291 0.0384718
1 -0.4176828 1.0879630 0.9024824
1 -0.3039491 0.9505085 -1.0617881
1 0.4202557 -1.5235005 0.0483584
8 0.0697533 -0.6734271 -0.0218591
5
-114.664     ts77     dynamics     sesquiterpene     TS     runpoint      23     runisomer      104
6 -0.1083211 0.6649692 0.0371665
1 -0.4094519 1.0824965 0.8672011
1 -0.3027102 0.9509816 -1.0028314
1 0.3974079 -1.6298733 0.0843207
8 0.0731588 -0.6614151 -0.0246367
5
-114.655     ts77     dynamics     sesquiterpene     TS     runpoint      24     runisomer      104
6 -0.1098279 0.6564598 0.0315386
1 -0.4179335 1.0987533 0.8733386
1 -0.3032867 0.9610923 -0.9353735
1 0.3694729 -1.6958449 0.1251044
8 0.0766214 -0.6525373 -0.0276205
5
-114.646     ts77     dynamics     sesquiterpene     TS     runpoint      25     runisomer      104
6 -0.1096971 0.6468324 0.0248030
1 -0.4383522 1.1306974 0.9101429
1 -0.3094098 0.9858973 -0.8833783
1 0.3319227 -1.7052533 0.1686108
8 0.0805616 -0.6482983 -0.0309034
5
-114.645     ts77     dynamics     sesquiterpene     TS     runpoint      26     runisomer      104
6 -0.1085312 0.6371621 0.0209664
1 -0.4616008 1.1648376 0.9544848
1 -0.3250655 1.0305337 -0.8680353
1 0.2843407 -1.6560760 0.2134430
8 0.0851378 -0.6491070 -0.0346092
5
-114.658     ts77     dynamics     sesquiterpene     TS     runpoint      27     runisomer      104
6 -0.1070655 0.6286521 0.0214361
1 -0.4809617 1.1903005 0.9895488
1 -0.3495920 1.0919183 -0.8866747
1 0.2286454 -1.5581446 0.2599990
8 0.0903144 -0.6543667 -0.0389292
5
-114.674     ts77     dynamics     sesquiterpene     TS     runpoint      28     runisomer      104
6 -0.1061090 0.6226563 0.0252428
1 -0.4929149 1.2007717 1.0070850
1 -0.3772194 1.1572675 -0.9176018
1 0.1701444 -1.4449408 0.3171704
8 0.0957765 -0.6617809 -0.0445427
5
-114.669     ts77     dynamics     sesquiterpene     TS     runpoint      29     runisomer      104
6 -0.1062640 0.6201835 0.0310860
1 -0.4960868 1.1934053 1.0044446
1 -0.4019497 1.2132729 -0.9413169
1 0.1138942 -1.3801057 0.4150023
8 0.1011966 -0.6670780 -0.0534296
5
-114.671     ts77     dynamics     sesquiterpene     TS     runpoint      30     runisomer      104
6 -0.1078367 0.6218083 0.0380307
1 -0.4907212 1.1681948 0.9830394
1 -0.4199934 1.2514268 -0.9473332
1 0.0547091 -1.3702528 0.5688092
8 0.1069062 -0.6697347 -0.0666033
5
-114.694     ts77     dynamics     sesquiterpene     TS     runpoint      31     runisomer      104
6 -0.1108238 0.6275976 0.0452201
1 -0.4788713 1.1282585 0.9488688
1 -0.4295577 1.2679382 -0.9319278
1 -0.0084205 -1.3541375 0.7350003
8 0.1129815 -0.6736202 -0.0812850
5
-114.695     ts77     dynamics     sesquiterpene     TS     runpoint      32     runisomer      104
6 -0.1148333 0.6367820 0.0514383
1 -0.4652227 1.0807286 0.9147391
1 -0.4301818 1.2625358 -0.8957551
1 -0.0695955 -1.3058240 0.8764185
8 0.1190251 -0.6802209 -0.0949889
5
-114.684     ts77     dynamics     sesquiterpene     TS     runpoint      33     runisomer      104
6 -0.1190516 0.6477822 0.0550642
1 -0.4575107 1.0363256 0.9010667
1 -0.4227047 1.2383971 -0.8436186
1 -0.1233774 -1.2255297 0.9762802
8 0.1246229 -0.6892161 -0.1064248
5
-114.673     ts77     dynamics     sesquiterpene     TS     runpoint      34     runisomer      104
6 -0.1225329 0.6587915 0.0551768
1 -0.4626652 1.0034513 0.9258705
1 -0.4101923 1.2035486 -0.7866362
1 -0.1656743 -1.1209405 1.0276115
8 0.1294370 -0.6998006 -0.1148971
5
-114.67     ts77     dynamics     sesquiterpene     TS     runpoint      35     runisomer      104
6 -0.1247224 0.6683904 0.0534697
1 -0.4795330 0.9809218 0.9855531
1 -0.3993246 1.1726311 -0.7451117
1 -0.1931723 -1.0013994 1.0271489
8 0.1331913 -0.7111685 -0.1199634
5
-114.67     ts77     dynamics     sesquiterpene     TS     runpoint      36     runisomer      104
6 -0.1254615 0.6755185 0.0535595
1 -0.5004081 0.9625310 1.0574413
1 -0.3989110 1.1628966 -0.7428565
1 -0.2031986 -0.8772600 0.9739090
8 0.1356678 -0.7225695 -0.1213462
5
-114.677     ts77     dynamics     sesquiterpene     TS     runpoint      37     runisomer      104
6 -0.1250149 0.6800908 0.0573068
1 -0.5185401 0.9444738 1.1198454
1 -0.4118491 1.1791560 -0.7838756
1 -0.1947825 -0.7605351 0.8722468
8 0.1367607 -0.7332442 -0.1190972
5
-114.689     ts77     dynamics     sesquiterpene     TS     runpoint      38     runisomer      104
6 -0.1241019 0.6833382 0.0634467
1 -0.5304988 0.9254941 1.1602267
1 -0.4319964 1.2094559 -0.8449109
1 -0.1727147 -0.6649523 0.7434398
8 0.1367094 -0.7424184 -0.1142839
5
-114.677     ts77     dynamics     sesquiterpene     TS     runpoint      39     runisomer      104
6 -0.1233459 0.6868142 0.0697580
1 -0.5350540 0.9049994 1.1732608
1 -0.4518171 1.2397715 -0.8997397
1 -0.1571993 -0.6001506 0.6499893
8 0.1367005 -0.7497300 -0.1104949
5
-114.635     ts77     dynamics     sesquiterpene     TS     runpoint      40     runisomer      104
6 -0.1230289 0.6916471 0.0745521
1 -0.5323445 0.8831898 1.1583630
1 -0.4666349 1.2616215 -0.9325209
1 -0.1792574 -0.5597901 0.6743468
8 0.1386169 -0.7559040 -0.1126203
5
-114.64     ts77     dynamics     sesquiterpene     TS     runpoint      41     runisomer      104
6 -0.1231524 0.6979769 0.0768974
1 -0.5242088 0.8631103 1.1196149
1 -0.4743680 1.2712869 -0.9363947
1 -0.2244790 -0.5493334 0.7750133
8 0.1415345 -0.7606579 -0.1180348
5
-114.655     ts77     dynamics     sesquiterpene     TS     runpoint      42     runisomer      104
6 -0.1234940 0.7050570 0.0762438
1 -0.5144495 0.8499141 1.0665695
1 -0.4744966 1.2679973 -0.9103592
1 -0.2652560 -0.5776473 0.8792265
8 0.1437558 -0.7631492 -0.1224079
5
-114.655     ts77     dynamics     sesquiterpene     TS     runpoint      43     runisomer      104
6 -0.1236002 0.7118965 0.0720320
1 -0.5087050 0.8482902 1.0143524
1 -0.4676181 1.2533712 -0.8586297
1 -0.2890584 -0.6423264 0.9531933
8 0.1445419 -0.7631831 -0.1238762
5
-114.653     ts77     dynamics     sesquiterpene     TS     runpoint      44     runisomer      104
6 -0.1227684 0.7174422 0.0640097
1 -0.5132243 0.8607575 0.9803424
1 -0.4562481 1.2325355 -0.7927872
1 -0.2914951 -0.7366056 0.9842984
8 0.1436422 -0.7608771 -0.1218213
5
-114.657     ts77     dynamics     sesquiterpene     TS     runpoint      45     runisomer      104
6 -0.1202303 0.7203704 0.0534727
1 -0.5308801 0.8868341 0.9739816
1 -0.4467354 1.2164279 -0.7351449
1 -0.2714915 -0.8516542 0.9680000
8 0.1409931 -0.7564546 -0.1161175
5
-114.666     ts77     dynamics     sesquiterpene     TS     runpoint      46     runisomer      104
6 -0.1155004 0.7192393 0.0436491
1 -0.5577408 0.9228708 0.9889408
1 -0.4488265 1.2202111 -0.7144484
1 -0.2300810 -0.9769783 0.9041581
8 0.1366620 -0.7502214 -0.1069696
5
-114.684     ts77     dynamics     sesquiterpene     TS     runpoint      47     runisomer      104
6 -0.1089176 0.7136396 0.0370972
1 -0.5859652 0.9633399 1.0102496
1 -0.4665114 1.2489845 -0.7418550
1 -0.1714506 -1.1017417 0.8000136
8 0.1309246 -0.7425238 -0.0951066
5
-114.706     ts77     dynamics     sesquiterpene     TS     runpoint      48     runisomer      104
6 -0.1018190 0.7048663 0.0337642
1 -0.6085684 1.0029093 1.0248277
1 -0.4913753 1.2883708 -0.7984511
1 -0.1051053 -1.2202523 0.6776612
8 0.1244123 -0.7334512 -0.0822485
5
-114.708     ts77     dynamics     sesquiterpene     TS     runpoint      49     runisomer      104
6 -0.0955807 0.6945736 0.0326845
1 -0.6211277 1.0376659 1.0248775
1 -0.5123236 1.3197746 -0.8592910
1 -0.0439600 -1.3414354 0.5728192
8 0.1179929 -0.7222642 -0.0710022
5
-114.694     ts77     dynamics     sesquiterpene     TS     runpoint      50     runisomer      104
6 -0.0910229 0.6839231 0.0331981
1 -0.6216512 1.0652180 1.0074130
1 -0.5227315 1.3316774 -0.9087154
1 0.0075826 -1.4736443 0.4993238
8 0.1120167 -0.7084302 -0.0625403
5
-114.683     ts77     dynamics     sesquiterpene     TS     runpoint      51     runisomer      104
6 -0.0884545 0.6736974 0.0348253
1 -0.6102705 1.0844754 0.9735019
1 -0.5200113 1.3193830 -0.9393460
1 0.0534109 -1.5950510 0.4382313
8 0.1063164 -0.6935486 -0.0558433
5
-114.669     ts77     dynamics     sesquiterpene     TS     runpoint      52     runisomer      104
6 -0.0878328 0.6644569 0.0369963
1 -0.5892341 1.0958899 0.9281898
1 -0.5037814 1.2823335 -0.9485961
1 0.0946042 -1.6791309 0.3752755
8 0.1009072 -0.6797057 -0.0500658
5
-114.658     ts77     dynamics     sesquiterpene     TS     runpoint      53     runisomer      104
6 -0.0888183 0.6565037 0.0389209
1 -0.5631363 1.1021099 0.8809031
1 -0.4749043 1.2226460 -0.9370521
1 0.1298075 -1.7121987 0.3073814
8 0.0959655 -0.6682889 -0.0449789
5
-114.655     ts77     dynamics     sesquiterpene     TS     runpoint      54     runisomer      104
6 -0.0907698 0.6497644 0.0396943
1 -0.5386421 1.1082118 0.8448570
1 -0.4355212 1.1452532 -0.9090358
1 0.1577316 -1.6903001 0.2362449
8 0.0916482 -0.6601227 -0.0405699
5
-114.661     ts77     dynamics     sesquiterpene     TS     runpoint      55     runisomer      104
6 -0.0928441 0.6437626 0.0388893
1 -0.5220156 1.1197643 0.8325013
1 -0.3899702 1.0592168 -0.8753433
1 0.1783597 -1.6181991 0.1656914
8 0.0879885 -0.6554732 -0.0368645
5
-114.669     ts77     dynamics     sesquiterpene     TS     runpoint      56     runisomer      104
6 -0.0942872 0.6378530 0.0375292
1 -0.5148703 1.1383503 0.8471980
1 -0.3456802 0.9785412 -0.8564452
1 0.1942544 -1.5198516 0.1024641
8 0.0848318 -0.6533260 -0.0339778
5
-114.659     ts77     dynamics     sesquiterpene     TS     runpoint      57     runisomer      104
6 -0.0947581 0.6317576 0.0378723
1 -0.5134155 1.1596162 0.8802990
1 -0.3105383 0.9177032 -0.8762439
1 0.2144322 -1.4593811 0.0568841
8 0.0816110 -0.6500722 -0.0322021
5
-114.639     ts77     dynamics     sesquiterpene     TS     runpoint      58     runisomer      104
6 -0.0945725 0.6262693 0.0408874
1 -0.5124990 1.1769100 0.9181980
1 -0.2861847 0.8820237 -0.9376832
1 0.2522878 -1.4997755 0.0329613
8 0.0774972 -0.6422524 -0.0314742
5
-114.654     ts77     dynamics     sesquiterpene     TS     runpoint      59     runisomer      104
6 -0.0943812 0.6230601 0.0452292
1 -0.5087448 1.1852651 0.9497512
1 -0.2686131 0.8680099 -1.0165108
1 0.3015583 -1.5835610 0.0218075
8 0.0729072 -0.6342105 -0.0310508
5
-114.653     ts77     dynamics     sesquiterpene     TS     runpoint      60     runisomer      104
6 -0.0945384 0.6235007 0.0491653
1 -0.5008409 1.1824535 0.9684216
1 -0.2543726 0.8710044 -1.0862769
1 0.3495611 -1.6450352 0.0183655
8 0.0686074 -0.6306820 -0.0305688
5
-114.637     ts77     dynamics     sesquiterpene     TS     runpoint      61     runisomer      104
6 -0.0950002 0.6280546 0.0515950
1 -0.4888724 1.1686676 0.9718686
1 -0.2419189 0.8874977 -1.1309382
1 0.3904465 -1.6586381 0.0214068
8 0.0648408 -0.6334138 -0.0299882
5
-114.63     ts77     dynamics     sesquiterpene     TS     runpoint      62     runisomer      104
6 -0.0954859 0.6362770 0.0518301
1 -0.4739991 1.1462040 0.9615292
1 -0.2306199 0.9146954 -1.1428945
1 0.4230435 -1.6198007 0.0304448
8 0.0615051 -0.6423297 -0.0293301
5
-114.641     ts77     dynamics     sesquiterpene     TS     runpoint      63     runisomer      104
6 -0.0956000 0.6470643 0.0492689
1 -0.4586309 1.1193455 0.9427339
1 -0.2202363 0.9500740 -1.1196194
1 0.4494225 -1.5366161 0.0451129
8 0.0583082 -0.6562036 -0.0286162
5
-114.66     ts77     dynamics     sesquiterpene     TS     runpoint      64     runisomer      104
6 -0.0948624 0.6589506 0.0433941
1 -0.4463100 1.0938668 0.9244544
1 -0.2107519 0.9913354 -1.0629226
1 0.4804068 -1.4363752 0.0665665
8 0.0544307 -0.6724352 -0.0279816
5
-114.668     ts77     dynamics     sesquiterpene     TS     runpoint      65     runisomer      104
6 -0.0927874 0.6704450 0.0342472
1 -0.4405317 1.0752595 0.9165337
1 -0.2025204 1.0371933 -0.9812864
1 0.5454462 -1.3701890 0.1007115
8 0.0478966 -0.6869480 -0.0279172
5
-114.675     ts77     dynamics     sesquiterpene     TS     runpoint      66     runisomer      104
6 -0.0890498 0.6803237 0.0233212
1 -0.4425078 1.0659908 0.9239006
1 -0.1967393 1.0897919 -0.8943976
1 0.6648678 -1.3535243 0.1530282
8 0.0373324 -0.6981420 -0.0289565
5
-114.693     ts77     dynamics     sesquiterpene     TS     runpoint      67     runisomer      104
6 -0.0836001 0.6875220 0.0137659
1 -0.4499446 1.0644084 0.9431538
1 -0.1956271 1.1573645 -0.8327173
1 0.8049788 -1.3372844 0.2141640
8 0.0248166 -0.7087256 -0.0307419
5
-114.692     ts77     dynamics     sesquiterpene     TS     runpoint      68     runisomer      104
6 -0.0767288 0.6913085 0.0082202
1 -0.4585846 1.0666091 0.9660644
1 -0.2004166 1.2475512 -0.8162325
1 0.9293215 -1.2918557 0.2719695
8 0.0126769 -0.7202530 -0.0327077
5
-114.686     ts77     dynamics     sesquiterpene     TS     runpoint      69     runisomer      104
6 -0.0691306 0.6923886 0.0064417
1 -0.4645257 1.0688325 0.9848673
1 -0.2083804 1.3513850 -0.8322443
1 1.0196355 -1.2133806 0.3192156
8 0.0021653 -0.7326925 -0.0345290
5
-114.68     ts77     dynamics     sesquiterpene     TS     runpoint      70     runisomer      104
6 -0.0615914 0.6923933 0.0068403
1 -0.4652753 1.0685129 0.9944551
1 -0.2150921 1.4489417 -0.8557919
1 1.0677541 -1.1075554 0.3520147
8 -0.0060505 -0.7454934 -0.0360169
5
-114.672     ts77     dynamics     sesquiterpene     TS     runpoint      71     runisomer      104
6 -0.0546573 0.6926239 0.0082469
1 -0.4598823 1.0644554 0.9927109
1 -0.2177481 1.5245978 -0.8707940
1 1.0695795 -0.9828449 0.3680334
8 -0.0115377 -0.7580376 -0.0370290
5
-114.667     ts77     dynamics     sesquiterpene     TS     runpoint      72     runisomer      104
6 -0.0486149 0.6937925 0.0099650
1 -0.4488181 1.0567807 0.9806076
1 -0.2153631 1.5700434 -0.8704210
1 1.0241069 -0.8491639 0.3661835
8 -0.0140506 -0.7697202 -0.0374645
5
-114.671     ts77     dynamics     sesquiterpene     TS     runpoint      73     runisomer      104
6 -0.0435878 0.6961689 0.0114124
1 -0.4338012 1.0468268 0.9623293
1 -0.2079001 1.5819312 -0.8529402
1 0.9370535 -0.7179195 0.3480416
8 -0.0137516 -0.7798959 -0.0373602
5
-114.677     ts77     dynamics     sesquiterpene     TS     runpoint      74     runisomer      104
6 -0.0396512 0.6997376 0.0119640
1 -0.4174832 1.0368692 0.9449561
1 -0.1956981 1.5602383 -0.8196167
1 0.8297009 -0.6002936 0.3216092
8 -0.0117365 -0.7879925 -0.0371164
5
-114.673     ts77     dynamics     sesquiterpene     TS     runpoint      75     runisomer      104
6 -0.0369395 0.7043209 0.0111115
1 -0.4026692 1.0293679 0.9367033
1 -0.1794854 1.5086305 -0.7750225
1 0.7473966 -0.4999055 0.3058257
8 -0.0105388 -0.7940344 -0.0377742
5
-114.658     ts77     dynamics     sesquiterpene     TS     runpoint      76     runisomer      104
6 -0.0356296 0.7094208 0.0090345
1 -0.3910037 1.0257999 0.9431517
1 -0.1609643 1.4372307 -0.7297550
1 0.7313578 -0.4094981 0.3199629
8 -0.0124125 -0.7988345 -0.0403667
5
-114.654     ts77     dynamics     sesquiterpene     TS     runpoint      77     runisomer      104
6 -0.0356952 0.7135712 0.0073862
1 -0.3821632 1.0261355 0.9636271
1 -0.1434908 1.3666026 -0.7047250
1 0.7666605 -0.3337081 0.3583788
8 -0.0162463 -0.8022969 -0.0444196
5
-114.648     ts77     dynamics     sesquiterpene     TS     runpoint      78     runisomer      104
6 -0.0367824 0.7144428 0.0090336
1 -0.3746026 1.0295467 0.9915002
1 -0.1310928 1.3227531 -0.7273484
1 0.8196613 -0.2831260 0.4044138
8 -0.0200266 -0.8035922 -0.0488898
5
-114.643     ts77     dynamics     sesquiterpene     TS     runpoint      79     runisomer      104
6 -0.0385631 0.7112150 0.0152454
1 -0.3670214 1.0352936 1.0182578
1 -0.1242746 1.3109393 -0.8028984
1 0.8696608 -0.2591780 0.4464068
8 -0.0227480 -0.8022986 -0.0531238
5
-114.648     ts77     dynamics     sesquiterpene     TS     runpoint      80     runisomer      104
6 -0.0409211 0.7052818 0.0242090
1 -0.3590112 1.0429771 1.0372016
1 -0.1199332 1.3109150 -0.9021600
1 0.9062660 -0.2585010 0.4778383
8 -0.0240630 -0.7983750 -0.0567715
5
-114.645     ts77     dynamics     sesquiterpene     TS     runpoint      81     runisomer      104
6 -0.0437501 0.6980609 0.0335451
1 -0.3508474 1.0524433 1.0447151
1 -0.1158736 1.3047562 -0.9934226
1 0.9240747 -0.2784022 0.4952061
8 -0.0238321 -0.7919138 -0.0595968
5
-114.638     ts77     dynamics     sesquiterpene     TS     runpoint      82     runisomer      104
6 -0.0469832 0.6903341 0.0415997
1 -0.3431506 1.0637545 1.0402473
1 -0.1116266 1.2850674 -1.0581648
1 0.9200919 -0.3189700 0.4967375
8 -0.0219071 -0.7830350 -0.0613790
5
-114.638     ts77     dynamics     sesquiterpene     TS     runpoint      83     runisomer      104
6 -0.0506936 0.6826046 0.0472360
1 -0.3366596 1.0772218 1.0258763
1 -0.1075306 1.2506065 -1.0879821
1 0.8930989 -0.3831325 0.4819485
8 -0.0180884 -0.7718726 -0.0618944
5
-114.648     ts77     dynamics     sesquiterpene     TS     runpoint      84     runisomer      104
6 -0.0550888 0.6753096 0.0495684
1 -0.3320479 1.0933835 1.0055350
1 -0.1041355 1.2028918 -1.0801571
1 0.8452146 -0.4747481 0.4524617
8 -0.0122771 -0.7586411 -0.0610000
5
-114.668     ts77     dynamics     sesquiterpene     TS     runpoint      85     runisomer      104
6 -0.0603488 0.6687391 0.0480508
1 -0.3297610 1.1127649 0.9837414
1 -0.1019941 1.1452231 -1.0362277
1 0.7879746 -0.5940038 0.4156800
8 -0.0050022 -0.7437862 -0.0589419
5
-114.687     ts77     dynamics     sesquiterpene     TS     runpoint      86     runisomer      104
6 -0.0664106 0.6628028 0.0429195
1 -0.3298323 1.1353793 0.9639469
1 -0.1017784 1.0834495 -0.9641598
1 0.7531241 -0.7347930 0.3915410
8 0.0017336 -0.7279956 -0.0568680
5
-114.696     ts77     dynamics     sesquiterpene     TS     runpoint      87     runisomer      104
6 -0.0728881 0.6568310 0.0359103
1 -0.3317391 1.1602435 0.9473257
1 -0.1045949 1.0282437 -0.8849650
1 0.7738720 -0.8952393 0.4014465
8 0.0055850 -0.7114961 -0.0561787
5
-114.705     ts77     dynamics     sesquiterpene     TS     runpoint      88     runisomer      104
6 -0.0792474 0.6497016 0.0307024
1 -0.3344983 1.1853935 0.9330521
1 -0.1121308 0.9968575 -0.8389494
1 0.8188560 -1.0696160 0.4283982
8 0.0081717 -0.6947688 -0.0559735
5
-114.694     ts77     dynamics     sesquiterpene     TS     runpoint      89     runisomer      104
6 -0.0850755 0.6407794 0.0306785
1 -0.3370999 1.2085427 0.9199756
1 -0.1257338 1.0033562 -0.8621355
1 0.8451343 -1.2346897 0.4477925
8 0.0119120 -0.6795436 -0.0548975
5
-114.683     ts77     dynamics     sesquiterpene     TS     runpoint      90     runisomer      104
6 -0.0902671 0.6313003 0.0345477
1 -0.3389402 1.2278977 0.9080701
1 -0.1441533 1.0392452 -0.9364258
1 0.8392976 -1.3718378 0.4515924
8 0.0174524 -0.6672745 -0.0526128
5
-114.674     ts77     dynamics     sesquiterpene     TS     runpoint      91     runisomer      104
6 -0.0949441 0.6231892 0.0387721
1 -0.3397589 1.2423798 0.8980793
1 -0.1639821 1.0849799 -1.0184764
1 0.8040174 -1.4726896 0.4405444
8 0.0244862 -0.6586328 -0.0492906
5
-114.657     ts77     dynamics     sesquiterpene     TS     runpoint      92     runisomer      104
6 -0.0992411 0.6176476 0.0411260
1 -0.3394404 1.2514452 0.8906935
1 -0.1821381 1.1271405 -1.0810371
1 0.7460234 -1.5345771 0.4175556
8 0.0324890 -0.6538075 -0.0452058
5
-114.643     ts77     dynamics     sesquiterpene     TS     runpoint      93     runisomer      104
6 -0.1032128 0.6153923 0.0407630
1 -0.3380031 1.2548379 0.8862993
1 -0.1968780 1.1587654 -1.1126658
1 0.6700518 -1.5547664 0.3847750
8 0.0410951 -0.6530538 -0.0406030
5
-114.641     ts77     dynamics     sesquiterpene     TS     runpoint      94     runisomer      104
6 -0.1068616 0.6170251 0.0375584
1 -0.3356846 1.2524461 0.8851004
1 -0.2077780 1.1760368 -1.1096578
1 0.5775660 -1.5280687 0.3433455
8 0.0502015 -0.6569032 -0.0357071
5
-114.655     ts77     dynamics     sesquiterpene     TS     runpoint      95     runisomer      104
6 -0.1102116 0.6227034 0.0316270
1 -0.3328699 1.2443232 0.8874709
1 -0.2152429 1.1769114 -1.0720874
1 0.4723032 -1.4557851 0.2969541
8 0.0596417 -0.6652651 -0.0308559
5
-114.673     ts77     dynamics     sesquiterpene     TS     runpoint      96     runisomer      104
6 -0.1133022 0.6317287 0.0232505
1 -0.3298664 1.2307000 0.8940072
1 -0.2198199 1.1614168 -1.0038090
1 0.3740858 -1.3733065 0.2621911
8 0.0682493 -0.6754030 -0.0271003
5
-114.655     ts77     dynamics     sesquiterpene     TS     runpoint      97     runisomer      104
6 -0.1161149 0.6427343 0.0134002
1 -0.3267412 1.2119703 0.9049921
1 -0.2223955 1.1335689 -0.9164600
1 0.3276926 -1.3865086 0.2842937
8 0.0732490 -0.6798970 -0.0273026
5
-114.659     ts77     dynamics     sesquiterpene     TS     runpoint      98     runisomer      104
6 -0.1184840 0.6539838 0.0046478
1 -0.3234184 1.1889833 0.9198664
1 -0.2255914 1.1060365 -0.8377802
1 0.3244895 -1.4992725 0.3688002
8 0.0752211 -0.6780530 -0.0319612
5
-114.676     ts77     dynamics     sesquiterpene     TS     runpoint      99     runisomer      104
6 -0.1200080 0.6633174 0.0012444
1 -0.3198746 1.1632103 0.9372155
1 -0.2348311 1.1014584 -0.8127026
1 0.3237263 -1.6024105 0.4678488
8 0.0767723 -0.6766484 -0.0383264
5
-114.656     ts77     dynamics     sesquiterpene     TS     runpoint      100     runisomer      104
6 -0.1204140 0.6696032 0.0053424
1 -0.3163717 1.1366492 0.9556342
1 -0.2535641 1.1302794 -0.8613770
1 0.3134635 -1.6543880 0.5590105
8 0.0786834 -0.6782357 -0.0452429
