5
-114.654160 ts77 dynamics sesquiterpene TS runpoint 1  runisomer  109
6 -0.0490577 0.6477604 -0.0057607
1 -0.2408338 1.1183015 1.0031381
1 -0.1485637 1.1431898 -0.9398699
1 1.0288241 -0.0783437 -0.0714319
8 -0.0314396 -0.7606122 0.0048362
5
-114.647 ts77 dynamics sesquiterpene TS runpoint 2  runisomer  109
6 -0.0484931 0.645711 -0.00487538
1 -0.256837 1.10565 0.997565
1 -0.132204 1.05817 -0.899263
1 1.07971 -0.0566396 -0.0926794
8 -0.0350917 -0.754288 0.00330319
5
-114.637     ts77     dynamics     sesquiterpene     TS     runpoint      3     runisomer      109
6 -0.0457728 0.6408973 0.0000393
1 -0.2722686 1.0933067 0.9782967
1 -0.1252888 0.9972368 -0.8953735
1 1.1158111 -0.0246038 -0.1100311
8 -0.0388702 -0.7480768 0.0016789
5
-114.631     ts77     dynamics     sesquiterpene     TS     runpoint      4     runisomer      109
6 -0.0401937 0.6325207 0.0093044
1 -0.2878154 1.0845784 0.9503828
1 -0.1297827 0.9672893 -0.9406370
1 1.1360875 0.0238403 -0.1222505
8 -0.0430700 -0.7424080 0.0001089
5
-114.64     ts77     dynamics     sesquiterpene     TS     runpoint      5     runisomer      109
6 -0.0314279 0.6209918 0.0198649
1 -0.3049536 1.0837470 0.9224109
1 -0.1440721 0.9602695 -1.0110999
1 1.1422581 0.0941138 -0.1280830
8 -0.0480548 -0.7376912 -0.0012442
5
-114.65     ts77     dynamics     sesquiterpene     TS     runpoint      6     runisomer      109
6 -0.0194465 0.6070120 0.0281806
1 -0.3252963 1.0944202 0.9025449
1 -0.1650940 0.9661433 -1.0762745
1 1.1371845 0.1896558 -0.1262617
8 -0.0541178 -0.7342645 -0.0022386
5
-114.658     ts77     dynamics     sesquiterpene     TS     runpoint      7     runisomer      109
6 -0.0045769 0.5914663 0.0323879
1 -0.3490442 1.1166800 0.8928030
1 -0.1900738 0.9783258 -1.1184078
1 1.1243195 0.3107755 -0.1158952
8 -0.0613935 -0.7324036 -0.0027795
5
-114.667     ts77     dynamics     sesquiterpene     TS     runpoint      8     runisomer      109
6 0.0123046 0.5757050 0.0323118
1 -0.3741390 1.1458098 0.8878802
1 -0.2167512 0.9924969 -1.1306069
1 1.1090587 0.4539860 -0.0971480
8 -0.0698364 -0.7323317 -0.0028254
5
-114.678     ts77     dynamics     sesquiterpene     TS     runpoint      9     runisomer      109
6 0.0298201 0.5613526 0.0286993
1 -0.3975592 1.1744963 0.8799377
1 -0.2431666 1.0051294 -1.1119852
1 1.0996857 0.6130609 -0.0716364
8 -0.0792460 -0.7341915 -0.0023946
5
-114.686     ts77     dynamics     sesquiterpene     TS     runpoint      10     runisomer      109
6 0.0467720 0.5497952 0.0225973
1 -0.4173173 1.1960272 0.8632989
1 -0.2676350 1.0128075 -1.0653400
1 1.1023751 0.7816571 -0.0418126
8 -0.0893471 -0.7379853 -0.0015872
5
-114.654160 ts77 dynamics sesquiterpene TS runpoint 1  runisomer  109
6 -0.0490577 0.6477604 -0.0057607
1 -0.2408338 1.1183015 1.0031381
1 -0.1485637 1.1431898 -0.9398699
1 1.0288241 -0.0783437 -0.0714319
8 -0.0314396 -0.7606122 0.0048362
5
-114.647 ts77 dynamics sesquiterpene TS runpoint 2  runisomer  109
6 -0.0484166 0.648761 -0.00489716
1 -0.224348 1.12926 0.99404
1 -0.170188 1.23393 -0.986136
1 0.968131 -0.0957965 -0.0476543
8 -0.0277728 -0.766672 0.00617881
5
-114.649     ts77     dynamics     sesquiterpene     TS     runpoint      3     runisomer      109
6 -0.0475773 0.6502584 -0.0040967
1 -0.2080446 1.1379290 0.9727939
1 -0.1932600 1.3144344 -1.0167474
1 0.9069342 -0.1152768 -0.0227884
8 -0.0241206 -0.7721857 0.0072803
5
-114.643     ts77     dynamics     sesquiterpene     TS     runpoint      4     runisomer      109
6 -0.0474981 0.6533209 -0.0044743
1 -0.1929356 1.1451465 0.9450167
1 -0.2150897 1.3749310 -1.0226452
1 0.8576690 -0.1432983 0.0020453
8 -0.0206529 -0.7769854 0.0081207
5
-114.636     ts77     dynamics     sesquiterpene     TS     runpoint      5     runisomer      109
6 -0.0489277 0.6585896 -0.0068274
1 -0.1800712 1.1529736 0.9186579
1 -0.2339534 1.4101565 -1.0018199
1 0.8321865 -0.1857289 0.0265704
8 -0.0175971 -0.7809769 0.0086910
5
-114.635     ts77     dynamics     sesquiterpene     TS     runpoint      6     runisomer      109
6 -0.0522279 0.6662365 -0.0117051
1 -0.1700834 1.1637001 0.9018883
1 -0.2489471 1.4177949 -0.9562362
1 0.8369446 -0.2466937 0.0514845
8 -0.0151060 -0.7840292 0.0089667
5
-114.644     ts77     dynamics     sesquiterpene     TS     runpoint      7     runisomer      109
6 -0.0573812 0.6759778 -0.0190845
1 -0.1627121 1.1780091 0.8996093
1 -0.2601643 1.3985464 -0.8916270
1 0.8702180 -0.3290971 0.0778968
8 -0.0130945 -0.7858327 0.0089136
5
-114.661     ts77     dynamics     sesquiterpene     TS     runpoint      8     runisomer      109
6 -0.0640906 0.6870536 -0.0279062
1 -0.1567413 1.1937591 0.9109345
1 -0.2694577 1.3584669 -0.8199926
1 0.9221401 -0.4356726 0.1063892
8 -0.0111242 -0.7858935 0.0085113
5
-114.676     ts77     dynamics     sesquiterpene     TS     runpoint      9     runisomer      109
6 -0.0717114 0.6978878 -0.0357457
1 -0.1505609 1.2069510 0.9301254
1 -0.2820901 1.3135200 -0.7641695
1 0.9772836 -0.5672844 0.1363212
8 -0.0084758 -0.7837279 0.0077817
5
-114.678     ts77     dynamics     sesquiterpene     TS     runpoint      10     runisomer      109
6 -0.0791648 0.7060811 -0.0392547
1 -0.1429305 1.2139814 0.9497941
1 -0.3072762 1.2885735 -0.7558988
1 1.0193763 -0.7199207 0.1658307
8 -0.0044307 -0.7791279 0.0067961
5
-114.68     ts77     dynamics     sesquiterpene     TS     runpoint      11     runisomer      109
6 -0.0855968 0.7104228 -0.0367898
1 -0.1334035 1.2131207 0.9638076
1 -0.3502730 1.2934988 -0.8076832
1 1.0356615 -0.8842500 0.1924640
8 0.0014758 -0.7722869 0.0056496
5
-114.693     ts77     dynamics     sesquiterpene     TS     runpoint      12     runisomer      109
6 -0.0911367 0.7121412 -0.0302383
1 -0.1222876 1.2047661 0.9689156
1 -0.4037883 1.3089841 -0.8930279
1 1.0190643 -1.0477625 0.2139861
8 0.0093482 -0.7637221 0.0044358
5
-114.698     ts77     dynamics     sesquiterpene     TS     runpoint      13     runisomer      109
6 -0.0962224 0.7125769 -0.0223573
1 -0.1103382 1.1911497 0.9652143
1 -0.4568223 1.3142285 -0.9785381
1 0.9684088 -1.1975649 0.2289816
8 0.0189421 -0.7540821 0.0032019
5
-114.689     ts77     dynamics     sesquiterpene     TS     runpoint      14     runisomer      109
6 -0.1010370 0.7121084 -0.0150950
1 -0.0984199 1.1759254 0.9560221
1 -0.5020460 1.2997825 -1.0437013
1 0.8875038 -1.3227164 0.2371443
8 0.0297494 -0.7439745 0.0019269
5
-114.677     ts77     dynamics     sesquiterpene     TS     runpoint      15     runisomer      109
6 -0.1055710 0.7105256 -0.0097014
1 -0.0872520 1.1634314 0.9469080
1 -0.5356603 1.2635676 -1.0785588
1 0.7838001 -1.4159317 0.2394091
8 0.0410975 -0.7338454 0.0005109
5
-114.668     ts77     dynamics     sesquiterpene     TS     runpoint      16     runisomer      109
6 -0.1097707 0.7074731 -0.0069279
1 -0.0773031 1.1574111 0.9432752
1 -0.5559805 1.2068155 -1.0789484
1 0.6671748 -1.4751917 0.2381472
8 0.0522495 -0.7238649 -0.0012337
5
-114.666     ts77     dynamics     sesquiterpene     TS     runpoint      17     runisomer      109
6 -0.1136087 0.7026850 -0.0069363
1 -0.0688942 1.1594985 0.9471600
1 -0.5628781 1.1326402 -1.0445542
1 0.5487275 -1.5057193 0.2375057
8 0.0624963 -0.7138067 -0.0035968
5
-114.671     ts77     dynamics     sesquiterpene     TS     runpoint      18     runisomer      109
6 -0.1170278 0.6960294 -0.0090771
1 -0.0623874 1.1685991 0.9557259
1 -0.5584111 1.0464616 -0.9801335
1 0.4384268 -1.5207424 0.2435066
8 0.0713181 -0.7030104 -0.0069650
5
-114.676     ts77     dynamics     sesquiterpene     TS     runpoint      19     runisomer      109
6 -0.1197127 0.6873582 -0.0116294
1 -0.0582496 1.1818264 0.9630014
1 -0.5492941 0.9575907 -0.9004947
1 0.3405499 -1.5354678 0.2625176
8 0.0786626 -0.6908104 -0.0117217
