5
-114.654160 ts77 dynamics sesquiterpene TS runpoint 1  runisomer  95
6 -0.0603848 0.6131591 -0.0016818
1 -0.1898295 1.1318145 0.9754673
1 -0.0860151 1.1393161 -0.9336101
1 0.9896149 -0.0740316 -0.0870130
8 -0.0276254 -0.7355326 0.0041067
5
-114.648 ts77 dynamics sesquiterpene TS runpoint 2  runisomer  95
6 -0.0556085 0.614835 0.00152504
1 -0.192503 1.09091 0.989246
1 -0.0815417 1.18123 -1.00892
1 0.931662 -0.0308595 -0.106715
8 -0.027671 -0.739573 0.00681895
5
-114.645     ts77     dynamics     sesquiterpene     TS     runpoint      3     runisomer      95
6 -0.0503688 0.6183775 0.0040393
1 -0.1974486 1.0521675 0.9945456
1 -0.0831316 1.2157139 -1.0661216
1 0.8879129 0.0147366 -0.1247174
8 -0.0284351 -0.7448347 0.0093374
5
-114.635     ts77     dynamics     sesquiterpene     TS     runpoint      4     runisomer      95
6 -0.0453333 0.6237717 0.0049115
1 -0.2050144 1.0197578 0.9941157
1 -0.0909481 1.2375188 -1.0947775
1 0.8740025 0.0639287 -0.1423997
8 -0.0303685 -0.7513119 0.0116285
5
-114.628     ts77     dynamics     sesquiterpene     TS     runpoint      5     runisomer      95
6 -0.0408391 0.6304796 0.0036277
1 -0.2155568 0.9973082 0.9916096
1 -0.1053198 1.2448594 -1.0912023
1 0.8987875 0.1191526 -0.1605070
8 -0.0337337 -0.7588707 0.0136663
5
-114.633     ts77     dynamics     sesquiterpene     TS     runpoint      6     runisomer      95
6 -0.0364781 0.6374576 -0.0000871
1 -0.2291673 0.9871324 0.9898466
1 -0.1267826 1.2378486 -1.0557214
1 0.9590946 0.1857651 -0.1776736
8 -0.0385973 -0.7672190 0.0154105
5
-114.648     ts77     dynamics     sesquiterpene     TS     runpoint      7     runisomer      95
6 -0.0311900 0.6434468 -0.0061125
1 -0.2453207 0.9896584 0.9892063
1 -0.1561290 1.2183801 -0.9927440
1 1.0414246 0.2699878 -0.1905925
8 -0.0448861 -0.7759499 0.0168185
5
-114.665     ts77     dynamics     sesquiterpene     TS     runpoint      8     runisomer      95
6 -0.0237885 0.6473123 -0.0135353
1 -0.2627477 1.0033504 0.9873766
1 -0.1947315 1.1914807 -0.9134953
1 1.1288317 0.3745357 -0.1958926
8 -0.0524171 -0.7846038 0.0178441
5
-114.676     ts77     dynamics     sesquiterpene     TS     runpoint      9     runisomer      95
6 -0.0132440 0.6480075 -0.0203388
1 -0.2796543 1.0251754 0.9808613
1 -0.2458341 1.1676780 -0.8397042
1 1.2061895 0.4972155 -0.1917574
8 -0.0609188 -0.7927301 0.0184499
5
-114.677     ts77     dynamics     sesquiterpene     TS     runpoint      10     runisomer      95
6 0.0013805 0.6446474 -0.0240272
1 -0.2941296 1.0513474 0.9671715
1 -0.3157456 1.1608487 -0.7983524
1 1.2619449 0.6325641 -0.1783075
8 -0.0700884 -0.7999542 0.0186276
5
-114.678     ts77     dynamics     sesquiterpene     TS     runpoint      11     runisomer      95
6 0.0204453 0.6375917 -0.0238808
1 -0.3045461 1.0780392 0.9462891
1 -0.4072341 1.1734884 -0.7969704
1 1.2883127 0.7735531 -0.1571134
8 -0.0796322 -0.8060213 0.0184132
5
-114.687     ts77     dynamics     sesquiterpene     TS     runpoint      12     runisomer      95
6 0.0429515 0.6288195 -0.0216553
1 -0.3099263 1.1017970 0.9205147
1 -0.5097285 1.1909439 -0.8160889
1 1.2813300 0.9124645 -0.1304552
8 -0.0892811 -0.8107872 0.0178934
5
-114.689     ts77     dynamics     sesquiterpene     TS     runpoint      13     runisomer      95
6 0.0673393 0.6203380 -0.0195187
1 -0.3105841 1.1191146 0.8935261
1 -0.6073812 1.1985699 -0.8343240
1 1.2408510 1.0420553 -0.1004758
8 -0.0988328 -0.8141580 0.0172519
5
-114.684     ts77     dynamics     sesquiterpene     TS     runpoint      14     runisomer      95
6 0.0926967 0.6131756 -0.0185576
1 -0.3107838 1.1277657 0.8677958
1 -0.6896402 1.1887254 -0.8393644
1 1.1708041 1.1568892 -0.0707581
8 -0.1082490 -0.8159423 0.0165980
5
-114.675     ts77     dynamics     sesquiterpene     TS     runpoint      15     runisomer      95
6 0.1173903 0.6078280 -0.0188666
1 -0.3132505 1.1275944 0.8457984
1 -0.7493005 1.1596922 -0.8277931
1 1.0808838 1.2506891 -0.0455804
8 -0.1171952 -0.8159967 0.0159008
5
-114.665     ts77     dynamics     sesquiterpene     TS     runpoint      16     runisomer      95
6 0.1396676 0.6043303 -0.0203325
1 -0.3204989 1.1185217 0.8300444
1 -0.7826598 1.1127108 -0.7995809
1 0.9854921 1.3212497 -0.0286232
8 -0.1253401 -0.8142842 0.0151476
5
-114.654160 ts77 dynamics sesquiterpene TS runpoint 1  runisomer  95
6 -0.0603848 0.6131591 -0.0016818
1 -0.1898295 1.1318145 0.9754673
1 -0.0860151 1.1393161 -0.9336101
1 0.9896149 -0.0740316 -0.0870130
8 -0.0276254 -0.7355326 0.0041067
5
-114.648 ts77 dynamics sesquiterpene TS runpoint 2  runisomer  95
6 -0.0640996 0.612771 -0.00377692
1 -0.189226 1.17097 0.952513
1 -0.0966097 1.10163 -0.862674
1 1.04588 -0.116167 -0.0648533
8 -0.0277539 -0.732679 0.00125897
5
-114.638     ts77     dynamics     sesquiterpene     TS     runpoint      3     runisomer      95
6 -0.0663739 0.6125240 -0.0021440
1 -0.1906609 1.2054140 0.9222447
1 -0.1139168 1.0862074 -0.8303823
1 1.0878549 -0.1593140 -0.0403746
8 -0.0275120 -0.7309729 -0.0016361
5
-114.628     ts77     dynamics     sesquiterpene     TS     runpoint      4     runisomer      95
6 -0.0671217 0.6119152 0.0044074
1 -0.1942610 1.2337462 0.8891321
1 -0.1386161 1.1027407 -0.8564460
1 1.1067834 -0.2067524 -0.0143021
8 -0.0263609 -0.7303537 -0.0044652
5
-114.635     ts77     dynamics     sesquiterpene     TS     runpoint      5     runisomer      95
6 -0.0667647 0.6122577 0.0135231
1 -0.2003027 1.2563914 0.8595160
1 -0.1690367 1.1382571 -0.9202812
1 1.0972139 -0.2638110 0.0123729
8 -0.0237293 -0.7306806 -0.0070968
5
-114.646     ts77     dynamics     sesquiterpene     TS     runpoint      6     runisomer      95
6 -0.0661872 0.6152216 0.0218553
1 -0.2091332 1.2750364 0.8396354
1 -0.2013889 1.1738359 -0.9893402
1 1.0568631 -0.3381264 0.0384772
8 -0.0190258 -0.7316387 -0.0093893
5
-114.656     ts77     dynamics     sesquiterpene     TS     runpoint      7     runisomer      95
6 -0.0663733 0.6216722 0.0272330
1 -0.2209367 1.2911846 0.8334176
1 -0.2322427 1.1981662 -1.0428489
1 0.9885172 -0.4374937 0.0628681
8 -0.0118927 -0.7327678 -0.0111976
5
-114.668     ts77     dynamics     sesquiterpene     TS     runpoint      8     runisomer      95
6 -0.0680228 0.6317686 0.0286933
1 -0.2354633 1.3046692 0.8411944
1 -0.2593903 1.2066211 -1.0709091
1 0.9071395 -0.5643465 0.0854930
8 -0.0029028 -0.7337329 -0.0124417
5
-114.675     ts77     dynamics     sesquiterpene     TS     runpoint      9     runisomer      95
6 -0.0712942 0.6451563 0.0260795
1 -0.2518678 1.3133261 0.8598756
1 -0.2816434 1.1981162 -1.0695806
1 0.8554686 -0.7116199 0.1105873
8 0.0052416 -0.7345071 -0.0133244
5
-114.676     ts77     dynamics     sesquiterpene     TS     runpoint      10     runisomer      95
6 -0.0758148 0.6609917 0.0198169
1 -0.2687867 1.3140631 0.8843495
1 -0.2986226 1.1736271 -1.0388020
1 0.8841322 -0.8752920 0.1473968
8 0.0089629 -0.7345786 -0.0144264
5
-114.7     ts77     dynamics     sesquiterpene     TS     runpoint      11     runisomer      95
6 -0.0809816 0.6781900 0.0109011
1 -0.2846874 1.3044047 0.9091590
1 -0.3110213 1.1364997 -0.9835387
1 0.9512420 -1.0511999 0.1923501
8 0.0103930 -0.7334505 -0.0156146
5
-114.71     ts77     dynamics     sesquiterpene     TS     runpoint      12     runisomer      95
6 -0.0861503 0.6954667 0.0011214
1 -0.2982473 1.2834921 0.9297147
1 -0.3217276 1.0942240 -0.9181207
1 0.9987888 -1.2172932 0.2346746
8 0.0128027 -0.7319669 -0.0163623
5
-114.69     ts77     dynamics     sesquiterpene     TS     runpoint      13     runisomer      95
6 -0.0904668 0.7110926 -0.0066305
1 -0.3086376 1.2523471 0.9430007
1 -0.3377905 1.0600070 -0.8713069
1 1.0077719 -1.3556383 0.2691186
8 0.0171420 -0.7308555 -0.0165039
5
-114.66     ts77     dynamics     sesquiterpene     TS     runpoint      14     runisomer      95
6 -0.0929009 0.7233114 -0.0093362
1 -0.3158236 1.2137788 0.9483138
1 -0.3690299 1.0472022 -0.8758057
1 0.9775396 -1.4568085 0.2942001
8 0.0232934 -0.7304123 -0.0161068
5
-114.647     ts77     dynamics     sesquiterpene     TS     runpoint      15     runisomer      95
6 -0.0930904 0.7316173 -0.0070988
1 -0.3208831 1.1721023 0.9482047
1 -0.4170183 1.0547258 -0.9307048
1 0.9116928 -1.5154384 0.3096456
8 0.0309255 -0.7307987 -0.0152934
5
-114.655     ts77     dynamics     sesquiterpene     TS     runpoint      16     runisomer      95
6 -0.0915707 0.7365612 -0.0030851
1 -0.3260645 1.1324045 0.9482792
1 -0.4720156 1.0698928 -1.0018987
1 0.8139161 -1.5272829 0.3154176
8 0.0397386 -0.7322180 -0.0141873
5
-114.664     ts77     dynamics     sesquiterpene     TS     runpoint      17     runisomer      95
6 -0.0889247 0.7385611 -0.0001512
1 -0.3340927 1.0990746 0.9545665
1 -0.5239206 1.0825758 -1.0595411
1 0.6895588 -1.4905975 0.3122942
8 0.0493655 -0.7347310 -0.0129555
5
-114.672     ts77     dynamics     sesquiterpene     TS     runpoint      18     runisomer      95
6 -0.0855561 0.7377046 0.0003397
1 -0.3467517 1.0742140 0.9694450
1 -0.5666129 1.0878614 -1.0882973
1 0.5534910 -1.4162881 0.3060602
8 0.0588998 -0.7375392 -0.0120574
5
-114.666     ts77     dynamics     sesquiterpene     TS     runpoint      19     runisomer      95
6 -0.0818735 0.7339822 -0.0017011
1 -0.3637843 1.0573192 0.9894675
1 -0.5968271 1.0838269 -1.0824443
1 0.4474841 -1.3572872 0.3226074
8 0.0657940 -0.7371463 -0.0131986
5
-114.634     ts77     dynamics     sesquiterpene     TS     runpoint      20     runisomer      95
6 -0.0783247 0.7274992 -0.0055430
1 -0.3831404 1.0466024 1.0074631
1 -0.6130780 1.0700425 -1.0418900
1 0.4193790 -1.3979465 0.4120852
8 0.0671457 -0.7281778 -0.0196439
