5
-114.654160 ts77 dynamics sesquiterpene TS runpoint 1  runisomer  38
6 -0.0367143 0.6237152 -0.0106130
1 -0.2199719 1.2024558 0.9421680
1 -0.2899268 1.1567958 -0.8574147
1 1.0118217 -0.0926262 0.0842247
8 -0.0320354 -0.7478332 -0.0026845
5
-114.649 ts77 dynamics sesquiterpene TS runpoint 2  runisomer  38
6 -0.0279254 0.613043 -0.0110729
1 -0.230647 1.21888 1.00316
1 -0.315453 1.10703 -0.888639
1 0.964136 -0.0558508 0.104315
8 -0.0333438 -0.740043 -0.00548118
5
-114.645     ts77     dynamics     sesquiterpene     TS     runpoint      3     runisomer      38
6 -0.0191627 0.6038313 -0.0086831
1 -0.2384418 1.2210741 1.0433126
1 -0.3436075 1.0649162 -0.9330721
1 0.9264474 -0.0126065 0.1227035
8 -0.0352788 -0.7333418 -0.0081621
5
-114.639     ts77     dynamics     sesquiterpene     TS     runpoint      4     runisomer      38
6 -0.0115798 0.5971679 -0.0042089
1 -0.2428442 1.2078069 1.0568839
1 -0.3699241 1.0278481 -0.9778620
1 0.9149152 0.0389022 0.1404557
8 -0.0383075 -0.7284178 -0.0106692
5
-114.634     ts77     dynamics     sesquiterpene     TS     runpoint      5     runisomer      38
6 -0.0060829 0.5935701 0.0013784
1 -0.2443305 1.1801279 1.0426288
1 -0.3897187 0.9943921 -1.0116363
1 0.9412410 0.1014259 0.1581798
8 -0.0427521 -0.7258071 -0.0129504
5
-114.639     ts77     dynamics     sesquiterpene     TS     runpoint      6     runisomer      38
6 -0.0026657 0.5926384 0.0073193
1 -0.2444220 1.1410321 1.0030500
1 -0.3996324 0.9650073 -1.0274191
1 1.0051838 0.1802636 0.1745527
8 -0.0487165 -0.7257615 -0.0149496
5
-114.654     ts77     dynamics     sesquiterpene     TS     runpoint      7     runisomer      38
6 -0.0002154 0.5932212 0.0129387
1 -0.2461230 1.0961744 0.9459680
1 -0.3980667 0.9413490 -1.0225741
1 1.0932108 0.2810237 0.1862165
8 -0.0560963 -0.7282328 -0.0166091
5
-114.669     ts77     dynamics     sesquiterpene     TS     runpoint      8     runisomer      38
6 0.0029837 0.5938954 0.0171908
1 -0.2546386 1.0551336 0.8876705
1 -0.3852156 0.9255440 -0.9983095
1 1.1858215 0.4045381 0.1897018
8 -0.0646065 -0.7329417 -0.0178732
5
-114.676     ts77     dynamics     sesquiterpene     TS     runpoint      9     runisomer      38
6 0.0086810 0.5933030 0.0186064
1 -0.2774010 1.0305999 0.8522552
1 -0.3631061 0.9198846 -0.9599517
1 1.2656585 0.5458255 0.1832406
8 -0.0738729 -0.7395004 -0.0187119
5
-114.675     ts77     dynamics     sesquiterpene     TS     runpoint      10     runisomer      38
6 0.0181700 0.5907406 0.0166975
1 -0.3197838 1.0300841 0.8557750
1 -0.3357069 0.9268977 -0.9177232
1 1.3208278 0.6968236 0.1670353
8 -0.0835265 -0.7475033 -0.0191408
5
-114.679     ts77     dynamics     sesquiterpene     TS     runpoint      11     runisomer      38
6 0.0317100 0.5867322 0.0134508
1 -0.3776334 1.0471615 0.8881853
1 -0.3085026 0.9492668 -0.8856299
1 1.3446915 0.8487447 0.1425935
8 -0.0932609 -0.7565548 -0.0192280
5
-114.681     ts77     dynamics     sesquiterpene     TS     runpoint      12     runisomer      38
6 0.0487404 0.5824553 0.0117069
1 -0.4398272 1.0688757 0.9265020
1 -0.2865394 0.9877661 -0.8746811
1 1.3344339 0.9933375 0.1121212
8 -0.1028597 -0.7662528 -0.0191024
5
-114.678     ts77     dynamics     sesquiterpene     TS     runpoint      13     runisomer      38
6 0.0692916 0.5793525 0.0133867
1 -0.4993430 1.0850213 0.9516218
1 -0.2744150 1.0354549 -0.8847582
1 1.2893584 1.1244554 0.0769066
8 -0.1124559 -0.7762112 -0.0190895
5
-114.672     ts77     dynamics     sesquiterpene     TS     runpoint      14     runisomer      38
6 0.0908152 0.5784728 0.0167983
1 -0.5450857 1.0893986 0.9586351
1 -0.2667880 1.0885316 -0.9032616
1 1.2145752 1.2328968 0.0435975
8 -0.1214933 -0.7860051 -0.0188250
5
-114.664     ts77     dynamics     sesquiterpene     TS     runpoint      15     runisomer      38
6 0.1119435 0.5808387 0.0211018
1 -0.5730156 1.0800783 0.9447588
1 -0.2610998 1.1368493 -0.9191850
1 1.1166957 1.3129228 0.0153690
8 -0.1297790 -0.7952805 -0.0183963
5
-114.658     ts77     dynamics     sesquiterpene     TS     runpoint      16     runisomer      38
6 0.1314000 0.5869754 0.0254960
1 -0.5815885 1.0566461 0.9103944
1 -0.2566225 1.1728156 -0.9259742
1 1.0060660 1.3616125 -0.0045353
8 -0.1371499 -0.8037439 -0.0178436
5
-114.657     ts77     dynamics     sesquiterpene     TS     runpoint      17     runisomer      38
6 0.1480846 0.5966059 0.0300636
1 -0.5742738 1.0219997 0.8561315
1 -0.2575172 1.1898849 -0.9211834
1 0.9005145 1.3802386 -0.0154749
8 -0.1434245 -0.8110373 -0.0174630
5
-114.654160 ts77 dynamics sesquiterpene TS runpoint 1  runisomer  38
6 -0.0367143 0.6237152 -0.0106130
1 -0.2199719 1.2024558 0.9421680
1 -0.2899268 1.1567958 -0.8574147
1 1.0118217 -0.0926262 0.0842247
8 -0.0320354 -0.7478332 -0.0026845
5
-114.649 ts77 dynamics sesquiterpene TS runpoint 2  runisomer  38
6 -0.0446452 0.634644 -0.00764498
1 -0.208353 1.17714 0.873572
1 -0.268971 1.21445 -0.846919
1 1.05502 -0.125007 0.0619243
8 -0.0308597 -0.75603 0.000154781
5
-114.645     ts77     dynamics     sesquiterpene     TS     runpoint      3     runisomer      38
6 -0.0511993 0.6446913 -0.0043166
1 -0.1997634 1.1549211 0.8216470
1 -0.2514044 1.2746992 -0.8548107
1 1.0832230 -0.1557130 0.0376066
8 -0.0293681 -0.7640289 0.0029598
5
-114.634     ts77     dynamics     sesquiterpene     TS     runpoint      4     runisomer      38
6 -0.0561457 0.6528755 -0.0037451
1 -0.1990908 1.1515652 0.8154250
1 -0.2349373 1.3287613 -0.8724170
1 1.0897061 -0.1885153 0.0119277
8 -0.0271453 -0.7712978 0.0056509
5
-114.629     ts77     dynamics     sesquiterpene     TS     runpoint      5     runisomer      38
6 -0.0597676 0.6593819 -0.0071911
1 -0.2074096 1.1705373 0.8616022
1 -0.2179989 1.3687108 -0.8908417
1 1.0708841 -0.2286985 -0.0142425
8 -0.0237851 -0.7773599 0.0081375
5
-114.639     ts77     dynamics     sesquiterpene     TS     runpoint      6     runisomer      38
6 -0.0629299 0.6658025 -0.0130155
1 -0.2205681 1.1978707 0.9352686
1 -0.2000406 1.3895977 -0.9039110
1 1.0260722 -0.2833423 -0.0399396
8 -0.0188920 -0.7817725 0.0103099
5
-114.652     ts77     dynamics     sesquiterpene     TS     runpoint      7     runisomer      38
6 -0.0666482 0.6736504 -0.0189651
1 -0.2339485 1.2190264 1.0075773
1 -0.1811774 1.3896713 -0.9085998
1 0.9587135 -0.3605376 -0.0642660
8 -0.0122041 -0.7841344 0.0120463
5
-114.662     ts77     dynamics     sesquiterpene     TS     runpoint      8     runisomer      38
6 -0.0717164 0.6835714 -0.0234035
1 -0.2448350 1.2266475 1.0604608
1 -0.1618849 1.3703391 -0.9051003
1 0.8819949 -0.4649374 -0.0871929
8 -0.0040972 -0.7842618 0.0132686
5
-114.667     ts77     dynamics     sesquiterpene     TS     runpoint      9     runisomer      38
6 -0.0784319 0.6952550 -0.0251619
1 -0.2520798 1.2186874 1.0849318
1 -0.1428455 1.3363075 -0.8972196
1 0.8330776 -0.5894201 -0.1123984
8 0.0032811 -0.7825392 0.0141384
5
-114.662     ts77     dynamics     sesquiterpene     TS     runpoint      10     runisomer      38
6 -0.0865180 0.7074819 -0.0232824
1 -0.2554867 1.1959785 1.0775659
1 -0.1246492 1.2953217 -0.8924952
1 0.8689208 -0.7212482 -0.1499656
8 0.0061574 -0.7793930 0.0152618
5
-114.681     ts77     dynamics     sesquiterpene     TS     runpoint      11     runisomer      38
6 -0.0953904 0.7186327 -0.0171925
1 -0.2555857 1.1614140 1.0396646
1 -0.1073569 1.2560989 -0.8999831
1 0.9651027 -0.8644525 -0.1993735
8 0.0056696 -0.7740866 0.0166674
5
-114.701     ts77     dynamics     sesquiterpene     TS     runpoint      12     runisomer      38
6 -0.1044737 0.7273857 -0.0074058
1 -0.2539312 1.1206630 0.9797256
1 -0.0904327 1.2240113 -0.9242111
1 1.0513070 -1.0117316 -0.2475600
8 0.0058832 -0.7667848 0.0176639
5
-114.693     ts77     dynamics     sesquiterpene     TS     runpoint      13     runisomer      38
6 -0.1131626 0.7327274 0.0036333
1 -0.2539065 1.0840349 0.9190626
1 -0.0733973 1.1987599 -0.9600270
1 1.0965659 -1.1480529 -0.2867458
8 0.0084750 -0.7583045 0.0179301
5
-114.669     ts77     dynamics     sesquiterpene     TS     runpoint      14     runisomer      38
6 -0.1206889 0.7335791 0.0117316
1 -0.2610197 1.0664493 0.8931195
1 -0.0565467 1.1772569 -0.9957077
1 1.0952907 -1.2622475 -0.3143589
8 0.0135879 -0.7492875 0.0174766
5
-114.647     ts77     dynamics     sesquiterpene     TS     runpoint      15     runisomer      38
6 -0.1264355 0.7293222 0.0138373
1 -0.2790015 1.0771994 0.9249164
1 -0.0407831 1.1572812 -1.0204714
1 1.0500919 -1.3470042 -0.3298837
8 0.0208868 -0.7401748 0.0164330
5
-114.649     ts77     dynamics     sesquiterpene     TS     runpoint      16     runisomer      38
6 -0.1304349 0.7207428 0.0110753
1 -0.3043958 1.1081775 0.9930046
1 -0.0269780 1.1384985 -1.0285643
1 0.9650847 -1.3966701 -0.3333560
8 0.0299732 -0.7313801 0.0149436
5
-114.663     ts77     dynamics     sesquiterpene     TS     runpoint      17     runisomer      38
6 -0.1330623 0.7092039 0.0062982
1 -0.3305908 1.1444068 1.0606327
1 -0.0155823 1.1220308 -1.0193416
1 0.8449109 -1.4063751 -0.3251714
8 0.0404480 -0.7233587 0.0131701
5
-114.674     ts77     dynamics     sesquiterpene     TS     runpoint      18     runisomer      38
6 -0.1346618 0.6956893 0.0015928
1 -0.3527878 1.1750537 1.1045616
1 -0.0064647 1.1100053 -0.9964082
1 0.6989751 -1.3757105 -0.3079162
8 0.0516672 -0.7163276 0.0113999
5
-114.681     ts77     dynamics     sesquiterpene     TS     runpoint      19     runisomer      38
6 -0.1355507 0.6806933 -0.0017367
1 -0.3683818 1.1939460 1.1147165
1 0.0011294 1.1052329 -0.9667599
1 0.5545259 -1.3248569 -0.2937875
8 0.0619385 -0.7091747 0.0105003
5
-114.659     ts77     dynamics     sesquiterpene     TS     runpoint      20     runisomer      38
6 -0.1360619 0.6644695 -0.0028580
1 -0.3761521 1.1976929 1.0885008
1 0.0084311 1.1106343 -0.9389058
1 0.4699568 -1.3248254 -0.3200937
8 0.0676797 -0.6975855 0.0128951
5
-114.649     ts77     dynamics     sesquiterpene     TS     runpoint      21     runisomer      38
6 -0.1364990 0.6475516 -0.0015805
1 -0.3759114 1.1849711 1.0284333
1 0.0166099 1.1279944 -0.9191885
1 0.4536447 -1.4071592 -0.4076736
8 0.0685047 -0.6800013 0.0199970
5
-114.685     ts77     dynamics     sesquiterpene     TS     runpoint      22     runisomer      38
6 -0.1370350 0.6311003 0.0012162
1 -0.3688780 1.1573686 0.9433048
1 0.0260624 1.1561421 -0.9084055
1 0.4485060 -1.4885467 -0.5134024
8 0.0681921 -0.6625676 0.0292440
5
-114.684     ts77     dynamics     sesquiterpene     TS     runpoint      23     runisomer      38
6 -0.1375850 0.6164004 0.0033675
1 -0.3589204 1.1220581 0.8523109
1 0.0362791 1.1902784 -0.9024280
1 0.4324103 -1.5259871 -0.6097628
8 0.0683474 -0.6491105 0.0390574
5
-114.664     ts77     dynamics     sesquiterpene     TS     runpoint      24     runisomer      38
6 -0.1377255 0.6040627 0.0015466
1 -0.3541358 1.0953441 0.7885280
1 0.0465092 1.2238505 -0.8961089
1 0.4012415 -1.5093271 -0.6861273
8 0.0694697 -0.6413416 0.0488549
5
-114.646     ts77     dynamics     sesquiterpene     TS     runpoint      25     runisomer      38
6 -0.1370210 0.5941736 -0.0071554
1 -0.3637332 1.0952574 0.7837202
1 0.0565902 1.2510877 -0.8863149
1 0.3547045 -1.4390023 -0.7371472
8 0.0718423 -0.6400692 0.0582839
5
-114.656     ts77     dynamics     sesquiterpene     TS     runpoint      26     runisomer      38
6 -0.1358840 0.5879643 -0.0220348
1 -0.3870383 1.1180861 0.8316477
1 0.0671281 1.2684193 -0.8728145
1 0.2940411 -1.3202706 -0.7592216
8 0.0756149 -0.6454262 0.0669676
5
-114.687     ts77     dynamics     sesquiterpene     TS     runpoint      27     runisomer      38
6 -0.1353890 0.5871930 -0.0396217
1 -0.4145745 1.1439567 0.8981179
1 0.0792284 1.2749591 -0.8579594
1 0.2233795 -1.1655583 -0.7537831
8 0.0806677 -0.6566424 0.0746953
