5
-114.654160 ts77 dynamics sesquiterpene TS runpoint 1  runisomer  44
6 -0.0420964 0.6339703 -0.0007689
1 -0.2928719 1.0745602 0.9341549
1 -0.1459373 1.0569742 -0.8750840
1 1.0258410 -0.0887067 -0.1231935
8 -0.0333607 -0.7414250 0.0046167
5
-114.639 ts77 dynamics sesquiterpene TS runpoint 2  runisomer  44
6 -0.0373395 0.637375 -0.00897594
1 -0.323117 1.08647 0.954454
1 -0.178252 1.09196 -0.84196
1 1.07703 -0.0848188 -0.106301
8 -0.036213 -0.747179 0.00634372
5
-114.633     ts77     dynamics     sesquiterpene     TS     runpoint      3     runisomer      44
6 -0.0306103 0.6377822 -0.0121405
1 -0.3510907 1.1004989 0.9691082
1 -0.2226166 1.1576796 -0.8631613
1 1.1136658 -0.0721013 -0.0854673
8 -0.0390123 -0.7533102 0.0078183
5
-114.641     ts77     dynamics     sesquiterpene     TS     runpoint      4     runisomer      44
6 -0.0221858 0.6362131 -0.0119705
1 -0.3732807 1.1124098 0.9721735
1 -0.2736147 1.2366217 -0.9107247
1 1.1335678 -0.0449154 -0.0614187
8 -0.0419743 -0.7595699 0.0089784
5
-114.644     ts77     dynamics     sesquiterpene     TS     runpoint      5     runisomer      44
6 -0.0126425 0.6338810 -0.0105994
1 -0.3872379 1.1196943 0.9614731
1 -0.3226412 1.3082965 -0.9557038
1 1.1373085 0.0021487 -0.0350489
8 -0.0454006 -0.7657606 0.0097947
5
-114.641     ts77     dynamics     sesquiterpene     TS     runpoint      6     runisomer      44
6 -0.0024073 0.6313028 -0.0092238
1 -0.3917521 1.1213472 0.9378961
1 -0.3632078 1.3605403 -0.9835509
1 1.1274104 0.0739053 -0.0073180
8 -0.0496163 -0.7717440 0.0102556
5
-114.641     ts77     dynamics     sesquiterpene     TS     runpoint      7     runisomer      44
6 0.0082403 0.6285545 -0.0084839
1 -0.3871837 1.1178217 0.9051952
1 -0.3913784 1.3877233 -0.9892314
1 1.1080259 0.1736492 0.0207215
8 -0.0548953 -0.7774574 0.0103520
5
-114.649     ts77     dynamics     sesquiterpene     TS     runpoint      8     runisomer      44
6 0.0189594 0.6256585 -0.0088718
1 -0.3759104 1.1110694 0.8699310
1 -0.4049288 1.3875629 -0.9721313
1 1.0856292 0.3013810 0.0479030
8 -0.0613822 -0.7828958 0.0100744
5
-114.661     ts77     dynamics     sesquiterpene     TS     runpoint      9     runisomer      44
6 0.0290926 0.6227554 -0.0108834
1 -0.3623997 1.1042316 0.8408059
1 -0.4029485 1.3596361 -0.9339514
1 1.0706933 0.4523560 0.0731727
8 -0.0690195 -0.7880389 0.0094193
5
-114.676     ts77     dynamics     sesquiterpene     TS     runpoint      10     runisomer      44
6 0.0377849 0.6199327 -0.0148624
1 -0.3521050 1.1002793 0.8263157
1 -0.3862247 1.3055464 -0.8788252
1 1.0755486 0.6190561 0.0960563
8 -0.0775496 -0.7927674 0.0084013
5
-114.692     ts77     dynamics     sesquiterpene     TS     runpoint      11     runisomer      44
6 0.0450848 0.6169727 -0.0204592
1 -0.3489829 1.0996822 0.8308356
1 -0.3588640 1.2309006 -0.8156648
1 1.1018277 0.7947193 0.1162337
8 -0.0866036 -0.7968723 0.0070635
5
-114.654160 ts77 dynamics sesquiterpene TS runpoint 1  runisomer  44
6 -0.0420964 0.6339703 -0.0007689
1 -0.2928719 1.0745602 0.9341549
1 -0.1459373 1.0569742 -0.8750840
1 1.0258410 -0.0887067 -0.1231935
8 -0.0333607 -0.7414250 0.0046167
5
-114.639 ts77 dynamics sesquiterpene TS runpoint 2  runisomer  44
6 -0.0453105 0.628304 0.0105969
1 -0.264539 1.07062 0.918212
1 -0.123447 1.04859 -0.951913
1 0.965948 -0.089501 -0.135915
8 -0.0303782 -0.736348 0.00273646
5
-114.647     ts77     dynamics     sesquiterpene     TS     runpoint      3     runisomer      44
6 -0.0477263 0.6220200 0.0211473
1 -0.2416514 1.0804391 0.9170637
1 -0.1070518 1.0522676 -1.0367132
1 0.9073045 -0.0929890 -0.1453115
8 -0.0273466 -0.7322635 0.0008296
5
-114.643     ts77     dynamics     sesquiterpene     TS     runpoint      4     runisomer      44
6 -0.0501874 0.6166200 0.0284283
1 -0.2252997 1.1057744 0.9337282
1 -0.0950991 1.0585808 -1.1032320
1 0.8627838 -0.1047637 -0.1536114
8 -0.0244793 -0.7294652 -0.0009681
5
-114.634     ts77     dynamics     sesquiterpene     TS     runpoint      5     runisomer      44
6 -0.0535360 0.6135219 0.0321014
1 -0.2140539 1.1422079 0.9606418
1 -0.0870350 1.0634166 -1.1390198
1 0.8439810 -0.1296791 -0.1637100
8 -0.0219986 -0.7281713 -0.0025282
5
-114.629     ts77     dynamics     sesquiterpene     TS     runpoint      6     runisomer      44
6 -0.0582783 0.6138730 0.0328456
1 -0.2057499 1.1818971 0.9857564
1 -0.0825952 1.0651932 -1.1395538
1 0.8549868 -0.1715593 -0.1775576
8 -0.0199382 -0.7284079 -0.0037627
5
-114.633     ts77     dynamics     sesquiterpene     TS     runpoint      7     runisomer      44
6 -0.0644804 0.6182608 0.0314446
1 -0.1988143 1.2174923 0.9993012
1 -0.0815129 1.0635941 -1.1046602
1 0.8893018 -0.2341570 -0.1949918
8 -0.0179522 -0.7298975 -0.0046651
5
-114.645     ts77     dynamics     sesquiterpene     TS     runpoint      8     runisomer      44
6 -0.0720425 0.6267154 0.0286194
1 -0.1924134 1.2438770 0.9960830
1 -0.0833715 1.0595814 -1.0383590
1 0.9330325 -0.3221666 -0.2140845
8 -0.0153195 -0.7321052 -0.0053164
5
-114.663     ts77     dynamics     sesquiterpene     TS     runpoint      9     runisomer      44
6 -0.0809305 0.6386743 0.0253508
1 -0.1861930 1.2584315 0.9754379
1 -0.0875351 1.0566106 -0.9520399
1 0.9712507 -0.4395243 -0.2323426
8 -0.0111904 -0.7344129 -0.0058512
5
-114.681     ts77     dynamics     sesquiterpene     TS     runpoint      10     runisomer      44
6 -0.0910673 0.6526632 0.0233563
1 -0.1801512 1.2612153 0.9412341
1 -0.0932168 1.0631717 -0.8701993
1 0.9930139 -0.5853641 -0.2476818
8 -0.0049797 -0.7363082 -0.0063887
5
-114.689     ts77     dynamics     sesquiterpene     TS     runpoint      11     runisomer      44
6 -0.1021343 0.6662138 0.0248681
1 -0.1747087 1.2555092 0.9025460
1 -0.0995660 1.0931697 -0.8289533
1 0.9932204 -0.7521675 -0.2589059
8 0.0033667 -0.7374952 -0.0069770
5
-114.694     ts77     dynamics     sesquiterpene     TS     runpoint      12     runisomer      44
6 -0.1136001 0.6771171 0.0300796
1 -0.1706105 1.2481497 0.8739096
1 -0.1057274 1.1532791 -0.8460008
1 0.9718908 -0.9282763 -0.2657508
8 0.0134432 -0.7379023 -0.0075768
5
-114.703     ts77     dynamics     sesquiterpene     TS     runpoint      13     runisomer      44
6 -0.1248766 0.6848917 0.0355877
1 -0.1682661 1.2473408 0.8710706
1 -0.1112921 1.2299571 -0.8978019
1 0.9316850 -1.1013813 -0.2684567
8 0.0246392 -0.7376080 -0.0080953
5
-114.704     ts77     dynamics     sesquiterpene     TS     runpoint      14     runisomer      44
6 -0.1355023 0.6901830 0.0380859
1 -0.1669684 1.2559538 0.8998467
1 -0.1163218 1.3040145 -0.9520072
1 0.8750544 -1.2601260 -0.2671594
8 0.0364133 -0.7367837 -0.0084475
5
-114.693     ts77     dynamics     sesquiterpene     TS     runpoint      15     runisomer      44
6 -0.1452204 0.6940321 0.0367238
1 -0.1651886 1.2677325 0.9502136
1 -0.1208474 1.3629678 -0.9892251
1 0.8037154 -1.3944559 -0.2618635
8 0.0483714 -0.7356643 -0.0085876
5
-114.676     ts77     dynamics     sesquiterpene     TS     runpoint      16     runisomer      44
6 -0.1539235 0.6973966 0.0322180
1 -0.1616318 1.2730153 1.0049286
1 -0.1246876 1.4006382 -1.0010009
1 0.7199390 -1.4965390 -0.2529708
8 0.0601963 -0.7344621 -0.0084730
5
-114.66     ts77     dynamics     sesquiterpene     TS     runpoint      17     runisomer      44
6 -0.1615906 0.7008088 0.0255972
1 -0.1557274 1.2648793 1.0494612
1 -0.1275260 1.4145081 -0.9849453
1 0.6272136 -1.5620863 -0.2416990
8 0.0715954 -0.7332521 -0.0080334
5
-114.652     ts77     dynamics     sesquiterpene     TS     runpoint      18     runisomer      44
6 -0.1682600 0.7043295 0.0177840
1 -0.1475786 1.2403193 1.0748463
1 -0.1290109 1.4045400 -0.9426971
1 0.5300605 -1.5917804 -0.2303583
8 0.0822977 -0.7318456 -0.0071469
5
-114.652     ts77     dynamics     sesquiterpene     TS     runpoint      19     runisomer      44
6 -0.1740268 0.7075415 0.0097152
1 -0.1377969 1.1993283 1.0770385
1 -0.1287870 1.3738795 -0.8807191
1 0.4337705 -1.5935881 -0.2227712
8 0.0920592 -0.7296258 -0.0056143
5
-114.657     ts77     dynamics     sesquiterpene     TS     runpoint      20     runisomer      44
6 -0.1790561 0.7093759 0.0026668
1 -0.1272618 1.1442754 1.0564195
1 -0.1262589 1.3317096 -0.8137098
1 0.3434161 -1.5846892 -0.2247050
8 0.1006998 -0.7254354 -0.0031265
5
-114.658     ts77     dynamics     sesquiterpene     TS     runpoint      21     runisomer      44
6 -0.1836333 0.7079156 -0.0015663
1 -0.1167463 1.0800007 1.0186973
1 -0.1199969 1.2964012 -0.7678110
1 0.2602577 -1.5854295 -0.2428098
8 0.1083146 -0.7180163 0.0006750
5
-114.654     ts77     dynamics     sesquiterpene     TS     runpoint      22     runisomer      44
6 -0.1882016 0.7010738 -0.0017687
1 -0.1063480 1.0141881 0.9770156
1 -0.1077675 1.2883065 -0.7700016
1 0.1786271 -1.6007490 -0.2802546
8 0.1154589 -0.7072583 0.0059514
5
-114.66     ts77     dynamics     sesquiterpene     TS     runpoint      23     runisomer      44
6 -0.1931904 0.6885741 0.0001768
1 -0.0948878 0.9567578 0.9521517
1 -0.0891871 1.3073499 -0.8183743
1 0.0911727 -1.6139321 -0.3335574
8 0.1228174 -0.6946279 0.0124643
5
-114.671     ts77     dynamics     sesquiterpene     TS     runpoint      24     runisomer      44
6 -0.1988349 0.6720653 0.0004056
1 -0.0803512 0.9162182 0.9621454
1 -0.0670629 1.3345399 -0.8844651
1 -0.0045508 -1.6043317 -0.3955612
8 0.1307718 -0.6820037 0.0197339
5
-114.678     ts77     dynamics     sesquiterpene     TS     runpoint      25     runisomer      44
6 -0.2051630 0.6535955 -0.0028358
1 -0.0623113 0.8948877 1.0039921
1 -0.0446490 1.3534747 -0.9430414
1 -0.1060962 -1.5597647 -0.4590735
8 0.1393672 -0.6708027 0.0272223
5
-114.683     ts77     dynamics     sesquiterpene     TS     runpoint      26     runisomer      44
6 -0.2119840 0.6349788 -0.0086579
1 -0.0430147 0.8899842 1.0561538
1 -0.0241126 1.3559321 -0.9807873
1 -0.2083074 -1.4771324 -0.5180221
8 0.1484130 -0.6618861 0.0343955
5
-114.686     ts77     dynamics     sesquiterpene     TS     runpoint      27     runisomer      44
6 -0.2190118 0.6176692 -0.0154423
1 -0.0255242 0.8978249 1.0974193
1 -0.0067618 1.3390385 -0.9925737
1 -0.3049594 -1.3601833 -0.5676830
8 0.1575783 -0.6556957 0.0407577
5
-114.689     ts77     dynamics     sesquiterpene     TS     runpoint      28     runisomer      44
6 -0.2259472 0.6028380 -0.0218339
1 -0.0123200 0.9155480 1.1150894
1 0.0065390 1.3030010 -0.9780251
1 -0.3900608 -1.2179608 -0.6050882
8 0.1664709 -0.6523746 0.0458809
5
-114.691     ts77     dynamics     sesquiterpene     TS     runpoint      29     runisomer      44
6 -0.2324943 0.5914171 -0.0267351
1 -0.0051879 0.9411298 1.1038474
1 0.0153471 1.2506203 -0.9406049
1 -0.4590381 -1.0633302 -0.6294726
8 0.1747228 -0.6518597 0.0494457
5
-114.692     ts77     dynamics     sesquiterpene     TS     runpoint      30     runisomer      44
6 -0.2384208 0.5839743 -0.0290372
1 -0.0053933 0.9731651 1.0635575
1 0.0202369 1.1883256 -0.8890080
1 -0.5094403 -0.9106976 -0.6421868
8 0.1820485 -0.6539857 0.0512629
5
-114.689     ts77     dynamics     sesquiterpene     TS     runpoint      31     runisomer      44
6 -0.2437056 0.5804365 -0.0274252
1 -0.0135982 1.0108765 0.9987015
1 0.0240590 1.1278668 -0.8398780
1 -0.5410703 -0.7733633 -0.6460281
8 0.1882817 -0.6585515 0.0512880
5
-114.678     ts77     dynamics     sesquiterpene     TS     runpoint      32     runisomer      44
6 -0.2486530 0.5799801 -0.0206571
1 -0.0293402 1.0547309 0.9195618
1 0.0324478 1.0848545 -0.8167509
1 -0.5559963 -0.6615200 -0.6446460
8 0.1933961 -0.6653090 0.0496543
5
-114.664     ts77     dynamics     sesquiterpene     TS     runpoint      33     runisomer      44
6 -0.2535971 0.5816563 -0.0089675
1 -0.0502301 1.1080159 0.8436515
1 0.0494523 1.0682812 -0.8352663
1 -0.5581787 -0.5815681 -0.6421004
8 0.1974864 -0.6739172 0.0466748
5
-114.657     ts77     dynamics     sesquiterpene     TS     runpoint      34     runisomer      44
6 -0.2583423 0.5851214 0.0049267
1 -0.0722125 1.1773566 0.7917699
1 0.0712044 1.0715593 -0.8866154
1 -0.5520041 -0.5368099 -0.6421892
8 0.2006700 -0.6839124 0.0427621
5
-114.656     ts77     dynamics     sesquiterpene     TS     runpoint      35     runisomer      44
6 -0.2622301 0.5905238 0.0180591
1 -0.0925772 1.2658525 0.7737420
1 0.0894792 1.0818375 -0.9486811
1 -0.5403971 -0.5284307 -0.6476168
8 0.2029859 -0.6947166 0.0382999
5
-114.657     ts77     dynamics     sesquiterpene     TS     runpoint      36     runisomer      44
6 -0.2645582 0.5985559 0.0293608
1 -0.1118919 1.3640181 0.7806620
1 0.0980596 1.0900624 -1.0032665
1 -0.5238588 -0.5559823 -0.6593223
8 0.2043658 -0.7057102 0.0335633
5
-114.658     ts77     dynamics     sesquiterpene     TS     runpoint      37     runisomer      44
6 -0.2649123 0.6100270 0.0389291
1 -0.1313485 1.4552843 0.7971202
1 0.0938642 1.0918436 -1.0395625
1 -0.5010115 -0.6174406 -0.6764524
8 0.2046817 -0.7163059 0.0287152
5
-114.659     ts77     dynamics     sesquiterpene     TS     runpoint      38     runisomer      44
6 -0.2632255 0.6252171 0.0468956
1 -0.1508401 1.5260441 0.8120785
1 0.0759346 1.0857021 -1.0519834
1 -0.4703534 -0.7088223 -0.6972271
8 0.2038424 -0.7260155 0.0238883
5
-114.663     ts77     dynamics     sesquiterpene     TS     runpoint      39     runisomer      44
6 -0.2596661 0.6437472 0.0531616
1 -0.1693436 1.5683726 0.8200443
1 0.0446887 1.0719723 -1.0385533
1 -0.4317359 -0.8237904 -0.7198480
8 0.2018716 -0.7344762 0.0192656
5
-114.672     ts77     dynamics     sesquiterpene     TS     runpoint      40     runisomer      44
6 -0.2545499 0.6647250 0.0575480
1 -0.1856129 1.5789924 0.8194129
1 0.0017251 1.0526126 -1.0010369
1 -0.3859016 -0.9540149 -0.7420622
8 0.1988773 -0.7414586 0.0150528
5
-114.682     ts77     dynamics     sesquiterpene     TS     runpoint      41     runisomer      44
6 -0.2483260 0.6868583 0.0601044
1 -0.1985071 1.5585177 0.8116447
1 -0.0499761 1.0316866 -0.9471241
1 -0.3328338 -1.0896151 -0.7596362
8 0.1949328 -0.7469121 0.0113368
5
-114.689     ts77     dynamics     sesquiterpene     TS     runpoint      42     runisomer      44
6 -0.2415492 0.7084031 0.0614525
1 -0.2070987 1.5120546 0.8017982
1 -0.1060263 1.0161394 -0.8942133
1 -0.2718659 -1.2193436 -0.7666097
8 0.1900795 -0.7509952 0.0080532
5
-114.683     ts77     dynamics     sesquiterpene     TS     runpoint      43     runisomer      44
6 -0.2347240 0.7271111 0.0626774
1 -0.2106746 1.4505602 0.8000913
1 -0.1622828 1.0151194 -0.8690720
1 -0.2034739 -1.3319628 -0.7580359
8 0.1844202 -0.7539961 0.0051196
5
-114.671     ts77     dynamics     sesquiterpene     TS     runpoint      44     runisomer      44
6 -0.2279963 0.7407498 0.0638196
1 -0.2087682 1.3897421 0.8219532
1 -0.2183490 1.0345049 -0.8898559
1 -0.1301164 -1.4185012 -0.7322377
8 0.1781626 -0.7561656 0.0025714
5
-114.666     ts77     dynamics     sesquiterpene     TS     runpoint      45     runisomer      44
6 -0.2212137 0.7483420 0.0627399
1 -0.2014135 1.3408060 0.8794748
1 -0.2764718 1.0710803 -0.9440105
1 -0.0556613 -1.4739588 -0.6913492
8 0.1715825 -0.7575894 0.0005948
5
-114.67     ts77     dynamics     sesquiterpene     TS     runpoint      46     runisomer      44
6 -0.2143205 0.7507008 0.0576055
1 -0.1894845 1.2998501 0.9660903
1 -0.3364390 1.1164678 -1.0027237
1 0.0155784 -1.4985363 -0.6412959
8 0.1649498 -0.7580898 -0.0004625
5
-114.672     ts77     dynamics     sesquiterpene     TS     runpoint      47     runisomer      44
6 -0.2073571 0.7493243 0.0485985
1 -0.1746319 1.2550339 1.0590510
1 -0.3955620 1.1630054 -1.0438080
1 0.0798050 -1.4990417 -0.5920387
8 0.1584682 -0.7571342 -0.0000754
5
-114.665     ts77     dynamics     sesquiterpene     TS     runpoint      48     runisomer      44
6 -0.2003275 0.7452490 0.0368301
1 -0.1588394 1.1988710 1.1362363
1 -0.4508347 1.2051361 -1.0559315
1 0.1350209 -1.4890095 -0.5568730
8 0.1522029 -0.7538253 0.0024422
5
-114.655     ts77     dynamics     sesquiterpene     TS     runpoint      49     runisomer      44
6 -0.1931750 0.7389588 0.0234083
1 -0.1440280 1.1301256 1.1836677
1 -0.4999580 1.2390143 -1.0353597
1 0.1822125 -1.4821811 -0.5474167
8 0.1460249 -0.7473394 0.0076335
5
-114.653     ts77     dynamics     sesquiterpene     TS     runpoint      50     runisomer      44
6 -0.1857896 0.7306537 0.0092813
1 -0.1318741 1.0513376 1.1946572
1 -0.5416761 1.2622426 -0.9834216
1 0.2240481 -1.4798657 -0.5651896
8 0.1397111 -0.7377528 0.0153902
