5
-114.654160 ts77 dynamics sesquiterpene TS runpoint 1  runisomer  99
6 -0.0262191 0.6422155 -0.0168070
1 -0.2335569 1.0904945 0.8916782
1 -0.2941833 1.2285649 -0.8375882
1 0.8774612 -0.0530209 0.0686061
8 -0.0303199 -0.7616754 0.0048791
5
-114.644 ts77 dynamics sesquiterpene TS runpoint 2  runisomer  99
6 -0.0328137 0.633659 -0.0209633
1 -0.205678 1.1406 0.894213
1 -0.27402 1.20444 -0.774916
1 0.931779 -0.027941 0.0909683
8 -0.0318214 -0.758474 0.0024797
5
-114.639     ts77     dynamics     sesquiterpene     TS     runpoint      3     runisomer      99
6 -0.0384743 0.6230166 -0.0216451
1 -0.1802746 1.1925530 0.9088525
1 -0.2653705 1.2024192 -0.7600528
1 1.0019957 0.0028020 0.1117268
8 -0.0341436 -0.7555747 -0.0001745
5
-114.638     ts77     dynamics     sesquiterpene     TS     runpoint      4     runisomer      99
6 -0.0418776 0.6100651 -0.0174392
1 -0.1567815 1.2381515 0.9258055
1 -0.2698274 1.2265317 -0.7989906
1 1.0752800 0.0480003 0.1287596
8 -0.0374070 -0.7531000 -0.0030180
5
-114.647     ts77     dynamics     sesquiterpene     TS     runpoint      5     runisomer      99
6 -0.0424950 0.5964333 -0.0097362
1 -0.1358649 1.2708782 0.9375080
1 -0.2801154 1.2585744 -0.8668039
1 1.1430490 0.1151388 0.1403043
8 -0.0418836 -0.7511862 -0.0059884
5
-114.652     ts77     dynamics     sesquiterpene     TS     runpoint      6     runisomer      99
6 -0.0401123 0.5837530 -0.0004392
1 -0.1188445 1.2867396 0.9396387
1 -0.2890829 1.2800476 -0.9364575
1 1.2003383 0.2073694 0.1452602
8 -0.0477888 -0.7498386 -0.0090196
5
-114.652     ts77     dynamics     sesquiterpene     TS     runpoint      7     runisomer      99
6 -0.0346273 0.5729592 0.0091165
1 -0.1072593 1.2841929 0.9309512
1 -0.2929899 1.2817384 -0.9916016
1 1.2433619 0.3224725 0.1429858
8 -0.0550987 -0.7489418 -0.0120230
5
-114.653     ts77     dynamics     sesquiterpene     TS     runpoint      8     runisomer      99
6 -0.0260047 0.5645442 0.0179821
1 -0.1027459 1.2641109 0.9131786
1 -0.2904657 1.2610340 -1.0240384
1 1.2686104 0.4546690 0.1331348
8 -0.0636023 -0.7483910 -0.0148886
5
-114.658     ts77     dynamics     sesquiterpene     TS     runpoint      9     runisomer      99
6 -0.0142599 0.5587529 0.0252844
1 -0.1070726 1.2300415 0.8912892
1 -0.2814153 1.2187426 -1.0300629
1 1.2734382 0.5965949 0.1157324
8 -0.0730157 -0.7481801 -0.0175115
5
-114.666     ts77     dynamics     sesquiterpene     TS     runpoint      10     runisomer      99
6 0.0005486 0.5556018 0.0300959
1 -0.1222688 1.1883318 0.8736078
1 -0.2666345 1.1577509 -1.0089214
1 1.2568178 0.7404485 0.0913263
8 -0.0830532 -0.7484111 -0.0198025
5
-114.675     ts77     dynamics     sesquiterpene     TS     runpoint      11     runisomer      99
6 0.0183289 0.5548963 0.0316378
1 -0.1507398 1.1467457 0.8701069
1 -0.2480568 1.0831196 -0.9634169
1 1.2198224 0.8786226 0.0610745
8 -0.0934379 -0.7492670 -0.0217008
5
-114.683     ts77     dynamics     sesquiterpene     TS     runpoint      12     runisomer      99
6 0.0389600 0.5563603 0.0300553
1 -0.1946851 1.1104667 0.8867993
1 -0.2296646 1.0031689 -0.9030333
1 1.1658826 1.0043112 0.0265591
8 -0.1039076 -0.7509637 -0.0231959
5
-114.687     ts77     dynamics     sesquiterpene     TS     runpoint      13     runisomer      99
6 0.0624003 0.5596931 0.0275809
1 -0.2546160 1.0788619 0.9193486
1 -0.2195346 0.9299351 -0.8492363
1 1.1006588 1.1124844 -0.0110533
8 -0.1142467 -0.7536774 -0.0244115
5
-114.68     ts77     dynamics     sesquiterpene     TS     runpoint      14     runisomer      99
6 0.0885700 0.5644899 0.0277710
1 -0.3269047 1.0469867 0.9549566
1 -0.2321718 0.8764185 -0.8326496
1 1.0327135 1.2005694 -0.0489301
8 -0.1242495 -0.7574479 -0.0254580
5
-114.654160 ts77 dynamics sesquiterpene TS runpoint 1  runisomer  99
6 -0.0262191 0.6422155 -0.0168070
1 -0.2335569 1.0904945 0.8916782
1 -0.2941833 1.2285649 -0.8375882
1 0.8774612 -0.0530209 0.0686061
8 -0.0303199 -0.7616754 0.0048791
5
-114.644 ts77 dynamics sesquiterpene TS runpoint 2  runisomer  99
6 -0.0203848 0.650268 -0.012358
1 -0.265292 1.04929 0.908655
1 -0.316925 1.25565 -0.918174
1 0.851931 -0.0802637 0.0462529
8 -0.0296566 -0.765111 0.00695758
5
-114.642     ts77     dynamics     sesquiterpene     TS     runpoint      3     runisomer      99
6 -0.0164443 0.6589994 -0.0096026
1 -0.3010205 1.0195559 0.9435755
1 -0.3349357 1.2720373 -0.9911117
1 0.8606287 -0.1149938 0.0243703
8 -0.0297767 -0.7686327 0.0086654
5
-114.639     ts77     dynamics     sesquiterpene     TS     runpoint      4     runisomer      99
6 -0.0148208 0.6687652 -0.0087667
1 -0.3383214 0.9998184 0.9856301
1 -0.3447063 1.2722800 -1.0420858
1 0.8975173 -0.1602168 0.0026901
8 -0.0303546 -0.7718837 0.0099653
5
-114.638     ts77     dynamics     sesquiterpene     TS     runpoint      5     runisomer      99
6 -0.0155573 0.6793665 -0.0092472
1 -0.3735158 0.9877498 1.0216592
1 -0.3451987 1.2555807 -1.0644854
1 0.9482274 -0.2188469 -0.0188931
8 -0.0307511 -0.7743328 0.0108255
5
-114.639     ts77     dynamics     sesquiterpene     TS     runpoint      6     runisomer      99
6 -0.0186304 0.6904359 -0.0103480
1 -0.4035533 0.9819225 1.0417428
1 -0.3367626 1.2234955 -1.0564160
1 0.9963459 -0.2953193 -0.0399910
8 -0.0301177 -0.7754318 0.0112072
5
-114.645     ts77     dynamics     sesquiterpene     TS     runpoint      7     runisomer      99
6 -0.0240650 0.7015888 -0.0114274
1 -0.4267981 0.9818611 1.0406072
1 -0.3208612 1.1795021 -1.0202389
1 1.0279346 -0.3949912 -0.0599460
8 -0.0275697 -0.7747449 0.0110657
5
-114.658     ts77     dynamics     sesquiterpene     TS     runpoint      8     runisomer      99
6 -0.0317697 0.7122424 -0.0116822
1 -0.4430663 0.9876993 1.0173509
1 -0.3005468 1.1299033 -0.9648277
1 1.0336463 -0.5212987 -0.0781446
8 -0.0224063 -0.7720235 0.0103781
5
-114.676     ts77     dynamics     sesquiterpene     TS     runpoint      9     runisomer      99
6 -0.0411929 0.7212900 -0.0098126
1 -0.4536814 1.0000639 0.9755506
1 -0.2814203 1.0852521 -0.9099815
1 1.0104943 -0.6721940 -0.0943223
8 -0.0144159 -0.7672727 0.0091728
5
-114.689     ts77     dynamics     sesquiterpene     TS     runpoint      10     runisomer      99
6 -0.0511742 0.7271466 -0.0041677
1 -0.4620693 1.0202492 0.9241712
1 -0.2710554 1.0589351 -0.8858988
1 0.9647727 -0.8396997 -0.1090843
8 -0.0041733 -0.7607290 0.0075877
5
-114.695     ts77     dynamics     sesquiterpene     TS     runpoint      11     runisomer      99
6 -0.0604142 0.7285858 0.0053609
1 -0.4743576 1.0504831 0.8778982
1 -0.2730923 1.0577925 -0.9111434
1 0.9125693 -1.0144639 -0.1243556
8 0.0069500 -0.7526324 0.0059075
5
-114.702     ts77     dynamics     sesquiterpene     TS     runpoint      12     runisomer      99
6 -0.0681073 0.7255374 0.0158122
1 -0.4976679 1.0931213 0.8522694
1 -0.2826780 1.0749310 -0.9695057
1 0.8662568 -1.1895738 -0.1419065
8 0.0177114 -0.7430798 0.0044657
5
-114.703     ts77     dynamics     sesquiterpene     TS     runpoint      13     runisomer      99
6 -0.0740536 0.7187846 0.0239915
1 -0.5342807 1.1467984 0.8516706
1 -0.2927443 1.0986445 -1.0310957
1 0.8194464 -1.3536741 -0.1605087
8 0.0280616 -0.7325532 0.0034205
5
-114.693     ts77     dynamics     sesquiterpene     TS     runpoint      14     runisomer      99
6 -0.0786359 0.7095893 0.0288055
1 -0.5783734 1.2034270 0.8654476
1 -0.2989628 1.1204473 -1.0754013
1 0.7602367 -1.4895269 -0.1771174
8 0.0383989 -0.7220380 0.0027812
5
-114.673     ts77     dynamics     sesquiterpene     TS     runpoint      15     runisomer      99
6 -0.0824551 0.6992898 0.0304773
1 -0.6209721 1.2520603 0.8790645
1 -0.2995149 1.1355458 -1.0928522
1 0.6841229 -1.5830359 -0.1895185
8 0.0487776 -0.7124373 0.0025518
5
-114.654     ts77     dynamics     sesquiterpene     TS     runpoint      16     runisomer      99
6 -0.0859857 0.6889604 0.0294691
1 -0.6552059 1.2839481 0.8827496
1 -0.2939632 1.1415015 -1.0807120
1 0.5923984 -1.6266471 -0.1968714
8 0.0590126 -0.7043258 0.0027760
5
-114.647     ts77     dynamics     sesquiterpene     TS     runpoint      17     runisomer      99
6 -0.0895348 0.6793102 0.0262217
1 -0.6774703 1.2939616 0.8722259
1 -0.2826560 1.1375348 -1.0408489
1 0.4887317 -1.6192838 -0.1996352
8 0.0688970 -0.6979338 0.0035394
5
-114.653     ts77     dynamics     sesquiterpene     TS     runpoint      18     runisomer      99
6 -0.0933136 0.6706386 0.0213083
1 -0.6866734 1.2801601 0.8471761
1 -0.2665517 1.1248647 -0.9801517
1 0.3793042 -1.5705354 -0.2005348
8 0.0781911 -0.6928348 0.0050375
5
-114.664     ts77     dynamics     sesquiterpene     TS     runpoint      19     runisomer      99
6 -0.0974101 0.6627099 0.0157017
1 -0.6836493 1.2434308 0.8105636
1 -0.2473743 1.1081295 -0.9131481
1 0.2747055 -1.5121504 -0.2076416
8 0.0864545 -0.6871989 0.0077786
5
-114.661     ts77     dynamics     sesquiterpene     TS     runpoint      20     runisomer      99
6 -0.1016614 0.6546686 0.0108690
1 -0.6718051 1.1879269 0.7692013
1 -0.2277363 1.0970136 -0.8639288
1 0.1834994 -1.4990215 -0.2367705
8 0.0934071 -0.6777982 0.0127476
5
-114.658     ts77     dynamics     sesquiterpene     TS     runpoint      21     runisomer      99
6 -0.1056549 0.6454522 0.0078808
1 -0.6586979 1.1220960 0.7348994
1 -0.2097221 1.1030967 -0.8571844
1 0.0964681 -1.5412385 -0.2949888
8 0.0999257 -0.6644606 0.0203972
5
-114.669     ts77     dynamics     sesquiterpene     TS     runpoint      22     runisomer      99
6 -0.1089513 0.6348735 0.0055793
1 -0.6561019 1.0580285 0.7233672
1 -0.1924667 1.1284361 -0.8951771
1 0.0034179 -1.5855236 -0.3679306
8 0.1070109 -0.6512967 0.0298430
5
-114.674     ts77     dynamics     sesquiterpene     TS     runpoint      23     runisomer      99
6 -0.1114307 0.6240621 0.0012314
1 -0.6735659 1.0055618 0.7452354
1 -0.1737532 1.1628228 -0.9555541
1 -0.0945835 -1.5950068 -0.4408430
8 0.1149676 -0.6414514 0.0401277
5
-114.674     ts77     dynamics     sesquiterpene     TS     runpoint      24     runisomer      99
6 -0.1137706 0.6148069 -0.0064546
1 -0.7085140 0.9656980 0.7939481
1 -0.1529177 1.1944394 -1.0140787
1 -0.1926458 -1.5593378 -0.5053055
8 0.1237914 -0.6362376 0.0505764
5
-114.675     ts77     dynamics     sesquiterpene     TS     runpoint      25     runisomer      99
6 -0.1171315 0.6086922 -0.0168065
1 -0.7489420 0.9342403 0.8503010
1 -0.1308098 1.2155248 -1.0556209
1 -0.2851582 -1.4800357 -0.5561719
8 0.1332950 -0.6359964 0.0606155
5
-114.675     ts77     dynamics     sesquiterpene     TS     runpoint      26     runisomer      99
6 -0.1223621 0.6066241 -0.0285413
1 -0.7837349 0.9082507 0.8965208
1 -0.1089043 1.2221196 -1.0730391
1 -0.3661036 -1.3626776 -0.5892929
8 0.1431302 -0.6406197 0.0696934
5
-114.678     ts77     dynamics     sesquiterpene     TS     runpoint      27     runisomer      99
6 -0.1297581 0.6088530 -0.0404727
1 -0.8064562 0.8871885 0.9216498
1 -0.0886877 1.2130512 -1.0645372
1 -0.4299022 -1.2162600 -0.6018040
8 0.1528555 -0.6496223 0.0773154
5
-114.684     ts77     dynamics     sesquiterpene     TS     runpoint      28     runisomer      99
6 -0.1392061 0.6150831 -0.0514994
1 -0.8144264 0.8718766 0.9204607
1 -0.0712111 1.1898597 -1.0328355
1 -0.4740841 -1.0548634 -0.5946538
8 0.1621287 -0.6620420 0.0832152
5
-114.69     ts77     dynamics     sesquiterpene     TS     runpoint      29     runisomer      99
6 -0.1503542 0.6245238 -0.0603778
1 -0.8075630 0.8637546 0.8918974
1 -0.0565731 1.1578131 -0.9865154
1 -0.5029105 -0.8967420 -0.5753825
8 0.1709543 -0.6765595 0.0875440
5
-114.689     ts77     dynamics     sesquiterpene     TS     runpoint      30     runisomer      99
6 -0.1627267 0.6359016 -0.0656046
1 -0.7883913 0.8646564 0.8391588
1 -0.0431497 1.1272224 -0.9423794
1 -0.5269088 -0.7583050 -0.5560855
8 0.1796945 -0.6919510 0.0907920
5
-114.678     ts77     dynamics     sesquiterpene     TS     runpoint      31     runisomer      99
6 -0.1757016 0.6475944 -0.0659063
1 -0.7635476 0.8771245 0.7720277
1 -0.0271042 1.1116046 -0.9229567
1 -0.5541281 -0.6483397 -0.5444025
8 0.1885677 -0.7074563 0.0932884
5
-114.665     ts77     dynamics     sesquiterpene     TS     runpoint      32     runisomer      99
6 -0.1881670 0.6581896 -0.0619475
1 -0.7462425 0.9054708 0.7103905
1 -0.0045735 1.1183678 -0.9404189
1 -0.5841102 -0.5694839 -0.5392363
8 0.1972989 -0.7225888 0.0949769
5
-114.654     ts77     dynamics     sesquiterpene     TS     runpoint      33     runisomer      99
6 -0.1983572 0.6669563 -0.0571139
1 -0.7540610 0.9560052 0.6802435
1 0.0240967 1.1418251 -0.9829375
1 -0.6125873 -0.5212653 -0.5361815
8 0.2054246 -0.7368688 0.0957365
5
-114.649     ts77     dynamics     sesquiterpene     TS     runpoint      34     runisomer      99
6 -0.2052654 0.6738477 -0.0542733
1 -0.7925626 1.0305476 0.6901040
1 0.0549713 1.1707455 -1.0282693
1 -0.6360895 -0.5013297 -0.5317411
8 0.2125701 -0.7498177 0.0955615
5
-114.651     ts77     dynamics     sesquiterpene     TS     runpoint      35     runisomer      99
6 -0.2097138 0.6796806 -0.0534293
1 -0.8458801 1.1188743 0.7202154
1 0.0839914 1.1963650 -1.0597094
1 -0.6522829 -0.5068814 -0.5236590
8 0.2184597 -0.7610268 0.0945047
5
-114.649     ts77     dynamics     sesquiterpene     TS     runpoint      36     runisomer      99
6 -0.2129600 0.6855491 -0.0535441
1 -0.8944702 1.2060456 0.7473963
1 0.1083303 1.2136238 -1.0686155
1 -0.6590498 -0.5360692 -0.5103357
8 0.2228506 -0.7701734 0.0926021
5
-114.643     ts77     dynamics     sesquiterpene     TS     runpoint      37     runisomer      99
6 -0.2157091 0.6922483 -0.0538621
1 -0.9265797 1.2807184 0.7587926
1 0.1264219 1.2202306 -1.0522824
1 -0.6542763 -0.5886357 -0.4906886
8 0.2254973 -0.7770108 0.0898572
5
-114.64     ts77     dynamics     sesquiterpene     TS     runpoint      38     runisomer      99
6 -0.2182049 0.7001916 -0.0538691
1 -0.9371908 1.3360387 0.7497427
1 0.1380440 1.2161401 -1.0125964
1 -0.6369445 -0.6654067 -0.4647199
8 0.2262149 -0.7813643 0.0862973
5
-114.647     ts77     dynamics     sesquiterpene     TS     runpoint      39     runisomer      99
6 -0.2205473 0.7093480 -0.0530241
1 -0.9251842 1.3682717 0.7201144
1 0.1449054 1.2038811 -0.9563043
1 -0.6097897 -0.7665813 -0.4348097
8 0.2250735 -0.7831192 0.0820999
5
-114.659     ts77     dynamics     sesquiterpene     TS     runpoint      40     runisomer      99
6 -0.2229265 0.7190489 -0.0506075
1 -0.8922295 1.3761322 0.6728854
1 0.1516719 1.1893723 -0.8961971
1 -0.5819493 -0.8903936 -0.4067784
8 0.2226040 -0.7821789 0.0777109
5
-114.672     ts77     dynamics     sesquiterpene     TS     runpoint      41     runisomer      99
6 -0.2256072 0.7279081 -0.0458915
1 -0.8436778 1.3616947 0.6149146
1 0.1662509 1.1814677 -0.8500884
1 -0.5644736 -1.0340543 -0.3866910
8 0.2195373 -0.7783680 0.0736555
5
-114.681     ts77     dynamics     sesquiterpene     TS     runpoint      42     runisomer      99
6 -0.2283700 0.7341008 -0.0390718
1 -0.7913593 1.3334851 0.5596924
1 0.1962296 1.1871150 -0.8319677
1 -0.5554472 -1.1915671 -0.3722198
8 0.2158569 -0.7716699 0.0699667
5
-114.682     ts77     dynamics     sesquiterpene     TS     runpoint      43     runisomer      99
6 -0.2297005 0.7357973 -0.0324108
1 -0.7558238 1.3099010 0.5294125
1 0.2418483 1.2046886 -0.8398298
1 -0.5397175 -1.3481448 -0.3533733
8 0.2107521 -0.7627003 0.0661868
5
-114.673     ts77     dynamics     sesquiterpene     TS     runpoint      44     runisomer      99
6 -0.2275104 0.7317840 -0.0290708
1 -0.7566698 1.3104433 0.5446054
1 0.2953091 1.2258624 -0.8586670
1 -0.5056606 -1.4852674 -0.3226596
8 0.2036482 -0.7524198 0.0619771
5
-114.668     ts77     dynamics     sesquiterpene     TS     runpoint      45     runisomer      99
6 -0.2215868 0.7229340 -0.0299729
1 -0.7897295 1.3310045 0.5999447
1 0.3472068 1.2426597 -0.8733997
1 -0.4508014 -1.5884961 -0.2781957
8 0.1945615 -0.7416324 0.0572947
5
-114.67     ts77     dynamics     sesquiterpene     TS     runpoint      46     runisomer      99
6 -0.2134318 0.7114256 -0.0338445
1 -0.8332070 1.3500743 0.6704481
1 0.3906507 1.2502492 -0.8745980
1 -0.3785404 -1.6492487 -0.2216515
8 0.1838940 -0.7308517 0.0522714
5
-114.666     ts77     dynamics     sesquiterpene     TS     runpoint      47     runisomer      99
6 -0.2044681 0.6987982 -0.0392717
1 -0.8694767 1.3521151 0.7352520
1 0.4218889 1.2466048 -0.8581014
1 -0.2951088 -1.6640483 -0.1563418
8 0.1722303 -0.7203467 0.0471052
5
-114.664     ts77     dynamics     sesquiterpene     TS     runpoint      48     runisomer      99
6 -0.1956612 0.6857178 -0.0452506
1 -0.8892278 1.3310136 0.7828379
1 0.4401172 1.2319687 -0.8237805
1 -0.2087134 -1.6356233 -0.0864156
8 0.1602760 -0.7100755 0.0420238
5
-114.666     ts77     dynamics     sesquiterpene     TS     runpoint      49     runisomer      99
6 -0.1877702 0.6723362 -0.0509480
1 -0.8882906 1.2859889 0.8077718
1 0.4476556 1.2089389 -0.7751070
1 -0.1303838 -1.5791990 -0.0164195
8 0.1488876 -0.6993065 0.0372499
5
-114.667     ts77     dynamics     sesquiterpene     TS     runpoint      50     runisomer      99
6 -0.1815694 0.6584919 -0.0554523
1 -0.8654766 1.2190182 0.8080915
1 0.4505454 1.1830598 -0.7193857
1 -0.0740424 -1.5318606 0.0509427
8 0.1390681 -0.6860565 0.0328540
5
-114.665     ts77     dynamics     sesquiterpene     TS     runpoint      51     runisomer      99
6 -0.1779160 0.6438778 -0.0578159
1 -0.8224363 1.1344577 0.7849286
1 0.4583913 1.1627467 -0.6669869
1 -0.0483206 -1.5340929 0.1197533
8 0.1315021 -0.6683482 0.0284502
5
-114.674     ts77     dynamics     sesquiterpene     TS     runpoint      52     runisomer      99
6 -0.1774059 0.6283897 -0.0576449
1 -0.7654492 1.0403293 0.7448473
1 0.4805960 1.1561547 -0.6268163
1 -0.0465454 -1.5709392 0.1952162
8 0.1260193 -0.6480636 0.0235614
5
-114.682     ts77     dynamics     sesquiterpene     TS     runpoint      53     runisomer      99
6 -0.1794966 0.6124733 -0.0560914
1 -0.7089792 0.9504762 0.7053274
1 0.5189911 1.1652326 -0.5998196
1 -0.0585744 -1.5977015 0.2740976
8 0.1223694 -0.6293505 0.0182140
5
-114.669     ts77     dynamics     sesquiterpene     TS     runpoint      54     runisomer      99
6 -0.1822196 0.5970654 -0.0560812
1 -0.6763078 0.8837920 0.6978101
1 0.5658561 1.1843824 -0.5791531
1 -0.0788339 -1.5876137 0.3505984
8 0.1206773 -0.6154366 0.0125579
