5
-114.654160 ts77 dynamics sesquiterpene TS runpoint 1  runisomer  94
6 -0.0498343 0.6343178 -0.0032478
1 -0.1547312 1.1823932 0.8882667
1 -0.2636271 1.2270781 -0.9156821
1 1.0571121 -0.0934890 0.0950079
8 -0.0308136 -0.7588976 -0.0018219
5
-114.646 ts77 dynamics sesquiterpene TS runpoint 2  runisomer  94
6 -0.0476051 0.625398 -0.00405
1 -0.182304 1.21437 0.872111
1 -0.255532 1.17459 -0.843557
1 1.10391 -0.0672062 0.0732667
8 -0.0342066 -0.75257 -0.00337694
5
-114.642     ts77     dynamics     sesquiterpene     TS     runpoint      3     runisomer      94
6 -0.0428434 0.6150605 -0.0036038
1 -0.2130562 1.2453603 0.8680434
1 -0.2528040 1.1303957 -0.7969238
1 1.1344211 -0.0275176 0.0487189
8 -0.0379357 -0.7464844 -0.0048471
5
-114.634     ts77     dynamics     sesquiterpene     TS     runpoint      4     runisomer      94
6 -0.0346519 0.6024094 0.0006373
1 -0.2448784 1.2696017 0.8711125
1 -0.2617669 1.1107837 -0.8028427
1 1.1494759 0.0329562 0.0222334
8 -0.0424595 -0.7410946 -0.0061808
5
-114.641     ts77     dynamics     sesquiterpene     TS     runpoint      5     runisomer      94
6 -0.0230086 0.5881922 0.0085572
1 -0.2753625 1.2820870 0.8761210
1 -0.2813176 1.1133855 -0.8570838
1 1.1518984 0.1195802 -0.0051068
8 -0.0481953 -0.7368386 -0.0072989
5
-114.659     ts77     dynamics     sesquiterpene     TS     runpoint      6     runisomer      94
6 -0.0087393 0.5744432 0.0177774
1 -0.3023541 1.2795404 0.8790480
1 -0.3035243 1.1218734 -0.9301604
1 1.1449752 0.2340316 -0.0319763
8 -0.0553647 -0.7341114 -0.0081044
5
-114.671     ts77     dynamics     sesquiterpene     TS     runpoint      7     runisomer      94
6 0.0071382 0.5629433 0.0261712
1 -0.3244172 1.2606873 0.8774188
1 -0.3217520 1.1240576 -0.9969406
1 1.1324856 0.3735751 -0.0569894
8 -0.0639512 -0.7332270 -0.0085160
5
-114.678     ts77     dynamics     sesquiterpene     TS     runpoint      8     runisomer      94
6 0.0236070 0.5548078 0.0325438
1 -0.3413046 1.2263915 0.8705447
1 -0.3329894 1.1149531 -1.0440599
1 1.1198293 0.5319007 -0.0792091
8 -0.0737371 -0.7343665 -0.0084960
5
-114.683     ts77     dynamics     sesquiterpene     TS     runpoint      9     runisomer      94
6 0.0398364 0.5504572 0.0363572
1 -0.3544508 1.1798325 0.8597869
1 -0.3365988 1.0934472 -1.0660519
1 1.1124955 0.7016407 -0.0986311
8 -0.0843950 -0.7375111 -0.0080704
5
-114.654160 ts77 dynamics sesquiterpene TS runpoint 1  runisomer  94
6 -0.0498343 0.6343178 -0.0032478
1 -0.1547312 1.1823932 0.8882667
1 -0.2636271 1.2270781 -0.9156821
1 1.0571121 -0.0934890 0.0950079
8 -0.0308136 -0.7588976 -0.0018219
5
-114.646 ts77 dynamics sesquiterpene TS runpoint 2  runisomer  94
6 -0.0506144 0.642889 -0.00362298
1 -0.131614 1.1537 0.918194
1 -0.271179 1.27162 -0.984904
1 0.996548 -0.114454 0.113344
8 -0.0273937 -0.765005 -0.000219682
5
-114.645     ts77     dynamics     sesquiterpene     TS     runpoint      3     runisomer      94
6 -0.0509972 0.6519080 -0.0062043
1 -0.1132413 1.1293996 0.9578679
1 -0.2751403 1.2996204 -1.0342694
1 0.9286557 -0.1386950 0.1282670
8 -0.0237373 -0.7704770 0.0013870
5
-114.641     ts77     dynamics     sesquiterpene     TS     runpoint      4     runisomer      94
6 -0.0520178 0.6620894 -0.0109568
1 -0.0992117 1.1082614 0.9987100
1 -0.2743649 1.3078879 -1.0557019
1 0.8636397 -0.1752572 0.1408639
8 -0.0198074 -0.7750002 0.0029364
5
-114.64     ts77     dynamics     sesquiterpene     TS     runpoint      5     runisomer      94
6 -0.0545728 0.6740320 -0.0174002
1 -0.0887893 1.0887570 1.0313714
1 -0.2687950 1.2962468 -1.0465154
1 0.8143431 -0.2320620 0.1537454
8 -0.0157917 -0.7784180 0.0043212
5
-114.643     ts77     dynamics     sesquiterpene     TS     runpoint      6     runisomer      94
6 -0.0591574 0.6878893 -0.0248863
1 -0.0811401 1.0703380 1.0487411
1 -0.2592908 1.2670359 -1.0085169
1 0.7949975 -0.3120352 0.1710933
8 -0.0122148 -0.7807737 0.0053553
5
-114.653     ts77     dynamics     sesquiterpene     TS     runpoint      7     runisomer      94
6 -0.0656667 0.7029219 -0.0324339
1 -0.0755723 1.0537038 1.0471703
1 -0.2480438 1.2264502 -0.9502615
1 0.8185711 -0.4116688 0.1977726
8 -0.0098762 -0.7821691 0.0057645
5
-114.668     ts77     dynamics     sesquiterpene     TS     runpoint      8     runisomer      94
6 -0.0733945 0.7172777 -0.0382617
1 -0.0716990 1.0407536 1.0269162
1 -0.2394889 1.1872713 -0.8923977
1 0.8836567 -0.5288536 0.2355040
8 -0.0089629 -0.7822708 0.0053899
5
-114.678     ts77     dynamics     sesquiterpene     TS     runpoint      9     runisomer      94
6 -0.0812615 0.7283530 -0.0397822
1 -0.0693770 1.0344435 0.9928419
1 -0.2403036 1.1685628 -0.8687898
1 0.9635860 -0.6655036 0.2786751
8 -0.0081932 -0.7803932 0.0044696
5
-114.68     ts77     dynamics     sesquiterpene     TS     runpoint      10     runisomer      94
6 -0.0884552 0.7343075 -0.0359300
1 -0.0684434 1.0386823 0.9555112
1 -0.2543604 1.1811118 -0.9008702
1 1.0261707 -0.8173526 0.3183766
8 -0.0059138 -0.7763498 0.0034524
5
-114.685     ts77     dynamics     sesquiterpene     TS     runpoint      11     runisomer      94
6 -0.0949453 0.7353152 -0.0295956
1 -0.0685058 1.0580760 0.9301110
1 -0.2772931 1.2131750 -0.9681330
1 1.0519781 -0.9731792 0.3480135
8 -0.0012227 -0.7705289 0.0026709
5
-114.684     ts77     dynamics     sesquiterpene     TS     runpoint      12     runisomer      94
6 -0.1010004 0.7323140 -0.0245364
1 -0.0690461 1.0958787 0.9279879
1 -0.3019580 1.2464117 -1.0363379
1 1.0342124 -1.1200765 0.3642712
8 0.0060266 -0.7634975 0.0022819
5
-114.677     ts77     dynamics     sesquiterpene     TS     runpoint      13     runisomer      94
6 -0.1067162 0.7262034 -0.0222243
1 -0.0698293 1.1500813 0.9458557
1 -0.3234793 1.2690768 -1.0840121
1 0.9737968 -1.2464319 0.3662160
8 0.0155274 -0.7557955 0.0023035
5
-114.672     ts77     dynamics     sesquiterpene     TS     runpoint      14     runisomer      94
6 -0.1120084 0.7179586 -0.0221107
1 -0.0710135 1.2127695 0.9685819
1 -0.3392770 1.2754359 -1.1019980
1 0.8763658 -1.3429938 0.3546874
8 0.0267063 -0.7478780 0.0026478
5
-114.672     ts77     dynamics     sesquiterpene     TS     runpoint      15     runisomer      94
6 -0.1167313 0.7085331 -0.0230674
1 -0.0727917 1.2740783 0.9811195
1 -0.3481803 1.2630655 -1.0881411
1 0.7518835 -1.4043994 0.3325802
8 0.0387657 -0.7400215 0.0030964
5
-114.674     ts77     dynamics     sesquiterpene     TS     runpoint      16     runisomer      94
6 -0.1207611 0.6986329 -0.0240989
1 -0.0751332 1.3255777 0.9745692
1 -0.3500946 1.2317170 -1.0449110
1 0.6164039 -1.4338237 0.3063773
8 0.0505943 -0.7320114 0.0032110
5
-114.675     ts77     dynamics     sesquiterpene     TS     runpoint      17     runisomer      94
6 -0.1240056 0.6885642 -0.0242877
1 -0.0777698 1.3613313 0.9461553
1 -0.3463278 1.1838823 -0.9803014
1 0.4926094 -1.4512360 0.2882734
8 0.0607571 -0.7225993 0.0022134
5
-114.67     ts77     dynamics     sesquiterpene     TS     runpoint      18     runisomer      94
6 -0.1263325 0.6781086 -0.0223797
1 -0.0802264 1.3781634 0.8980168
1 -0.3405324 1.1268638 -0.9115768
1 0.3976227 -1.4883856 0.2925956
8 0.0682765 -0.7098827 -0.0007880
5
-114.668     ts77     dynamics     sesquiterpene     TS     runpoint      19     runisomer      94
6 -0.1274791 0.6665409 -0.0165308
1 -0.0817931 1.3763978 0.8368714
1 -0.3395199 1.0740562 -0.8678524
1 0.3234388 -1.5474857 0.3210152
8 0.0738458 -0.6940424 -0.0058693
5
-114.666     ts77     dynamics     sesquiterpene     TS     runpoint      20     runisomer      94
6 -0.1273001 0.6532189 -0.0055242
1 -0.0814552 1.3613306 0.7745865
1 -0.3501716 1.0376220 -0.8760819
1 0.2527579 -1.5974140 0.3628403
8 0.0788152 -0.6776564 -0.0123189
5
-114.665     ts77     dynamics     sesquiterpene     TS     runpoint      21     runisomer      94
6 -0.1264118 0.6385214 0.0086829
1 -0.0778449 1.3445071 0.7279662
1 -0.3717132 1.0150985 -0.9306438
1 0.1772301 -1.6128467 0.4087313
8 0.0840373 -0.6631773 -0.0194935
5
-114.666     ts77     dynamics     sesquiterpene     TS     runpoint      22     runisomer      94
6 -0.1260200 0.6233891 0.0220385
1 -0.0694967 1.3402624 0.7131168
1 -0.3969854 0.9957934 -1.0007696
1 0.0952396 -1.5841019 0.4538092
8 0.0899749 -0.6521516 -0.0270002
5
-114.667     ts77     dynamics     sesquiterpene     TS     runpoint      23     runisomer      94
6 -0.1271631 0.6090786 0.0318604
1 -0.0556155 1.3538703 0.7338005
1 -0.4197481 0.9735278 -1.0602961
1 0.0080336 -1.5126904 0.4961952
8 0.0968867 -0.6453702 -0.0345914
5
-114.673     ts77     dynamics     sesquiterpene     TS     runpoint      24     runisomer      94
6 -0.1304462 0.5975292 0.0377117
1 -0.0367637 1.3756022 0.7782574
1 -0.4364956 0.9474570 -1.0950072
1 -0.0823294 -1.4084573 0.5370373
8 0.1049114 -0.6429989 -0.0421683
5
-114.679     ts77     dynamics     sesquiterpene     TS     runpoint      25     runisomer      94
6 -0.1361108 0.5906404 0.0401774
1 -0.0144795 1.3908840 0.8299327
1 -0.4455624 0.9194735 -1.0988919
1 -0.1751892 -1.2881478 0.5819450
8 0.1141790 -0.6446112 -0.0498577
5
-114.684     ts77     dynamics     sesquiterpene     TS     runpoint      26     runisomer      94
6 -0.1441086 0.5894985 0.0398690
1 0.0095151 1.3896257 0.8759825
1 -0.4465373 0.8929192 -1.0712344
1 -0.2716194 -1.1675889 0.6374641
8 0.1248044 -0.6495986 -0.0577692
5
-114.689     ts77     dynamics     sesquiterpene     TS     runpoint      27     runisomer      94
6 -0.1540850 0.5942232 0.0373300
1 0.0336455 1.3676461 0.9086253
1 -0.4404640 0.8724141 -1.0165162
1 -0.3677882 -1.0512614 0.6989443
8 0.1364439 -0.6577962 -0.0652421
5
-114.692     ts77     dynamics     sesquiterpene     TS     runpoint      28     runisomer      94
6 -0.1653373 0.6040296 0.0334510
1 0.0565105 1.3252926 0.9241385
1 -0.4307259 0.8642005 -0.9470347
1 -0.4521124 -0.9387709 0.7507187
8 0.1481441 -0.6690551 -0.0709491
5
-114.687     ts77     dynamics     sesquiterpene     TS     runpoint      29     runisomer      94
6 -0.1768311 0.6173279 0.0299778
1 0.0770975 1.2664992 0.9223921
1 -0.4240060 0.8765197 -0.8865904
1 -0.5134643 -0.8335641 0.7797484
8 0.1589119 -0.6827319 -0.0738703
5
-114.675     ts77     dynamics     sesquiterpene     TS     runpoint      30     runisomer      94
6 -0.1874848 0.6319700 0.0290496
1 0.0955035 1.1987017 0.9076846
1 -0.4284502 0.9179643 -0.8648331
1 -0.5461493 -0.7412014 0.7805647
8 0.1680843 -0.6978759 -0.0736681
5
-114.668     ts77     dynamics     sesquiterpene     TS     runpoint      31     runisomer      94
6 -0.1969355 0.6460355 0.0307018
1 0.1140885 1.1327129 0.8902874
1 -0.4460413 0.9899935 -0.8897489
1 -0.5497782 -0.6667978 0.7537243
8 0.1753395 -0.7134969 -0.0705484
5
-114.672     ts77     dynamics     sesquiterpene     TS     runpoint      32     runisomer      94
6 -0.2057966 0.6586363 0.0319171
1 0.1377247 1.0803710 0.8849631
1 -0.4697271 1.0819175 -0.9368149
1 -0.5285637 -0.6149576 0.7047146
8 0.1806535 -0.7287101 -0.0650685
5
-114.673     ts77     dynamics     sesquiterpene     TS     runpoint      33     runisomer      94
6 -0.2147194 0.6699027 0.0297091
1 0.1703904 1.0485761 0.9013658
1 -0.4911618 1.1789351 -0.9777254
1 -0.4918451 -0.5902178 0.6448961
8 0.1843263 -0.7428307 -0.0580978
5
-114.667     ts77     dynamics     sesquiterpene     TS     runpoint      34     runisomer      94
6 -0.2236313 0.6806975 0.0232921
1 0.2099568 1.0355667 0.9340438
1 -0.5050855 1.2693560 -0.9963798
1 -0.4561733 -0.5955950 0.5935804
8 0.1871485 -0.7554679 -0.0509329
5
-114.656     ts77     dynamics     sesquiterpene     TS     runpoint      35     runisomer      94
6 -0.2319060 0.6919386 0.0135833
1 0.2490490 1.0351773 0.9676897
1 -0.5089705 1.3454837 -0.9868930
1 -0.4443618 -0.6298113 0.5755543
8 0.1903949 -0.7665167 -0.0452302
5
-114.649     ts77     dynamics     sesquiterpene     TS     runpoint      36     runisomer      94
6 -0.2388882 0.7039647 0.0020281
1 0.2801959 1.0421055 0.9884730
1 -0.5020657 1.4026474 -0.9494789
1 -0.4679388 -0.6897695 0.6020604
8 0.1947216 -0.7757989 -0.0418973
5
-114.656     ts77     dynamics     sesquiterpene     TS     runpoint      37     runisomer      94
6 -0.2441132 0.7164907 -0.0099099
1 0.2984720 1.0531604 0.9883430
1 -0.4850041 1.4388815 -0.8887827
1 -0.5092906 -0.7735664 0.6541811
8 0.1990220 -0.7828953 -0.0400400
5
-114.665     ts77     dynamics     sesquiterpene     TS     runpoint      38     runisomer      94
6 -0.2472601 0.7288355 -0.0207895
1 0.3015758 1.0664766 0.9646437
1 -0.4599820 1.4560267 -0.8144259
1 -0.5423038 -0.8753781 0.7042556
8 0.2016921 -0.7876593 -0.0382239
5
-114.667     ts77     dynamics     sesquiterpene     TS     runpoint      39     runisomer      94
6 -0.2480657 0.7398916 -0.0290856
1 0.2896559 1.0809504 0.9194905
1 -0.4312036 1.4621617 -0.7425680
1 -0.5511017 -0.9858310 0.7344558
8 0.2017897 -0.7902903 -0.0355853
5
-114.662     ts77     dynamics     sesquiterpene     TS     runpoint      40     runisomer      94
6 -0.2464081 0.7480047 -0.0333439
1 0.2659032 1.0964744 0.8604375
1 -0.4044222 1.4723378 -0.6947590
1 -0.5299803 -1.0950916 0.7368060
8 0.1990256 -0.7911088 -0.0318296
5
-114.657     ts77     dynamics     sesquiterpene     TS     runpoint      41     runisomer      94
6 -0.2426612 0.7516076 -0.0331735
1 0.2376988 1.1150045 0.8020280
1 -0.3839562 1.4992621 -0.6875881
1 -0.4797777 -1.1943737 0.7097308
8 0.1935410 -0.7904176 -0.0270233
5
-114.658     ts77     dynamics     sesquiterpene     TS     runpoint      42     runisomer      94
6 -0.2379257 0.7503895 -0.0302549
1 0.2161807 1.1415643 0.7646226
1 -0.3696015 1.5378991 -0.7195022
1 -0.4064961 -1.2772243 0.6569758
8 0.1858241 -0.7883891 -0.0215212
5
-114.663     ts77     dynamics     sesquiterpene     TS     runpoint      43     runisomer      94
6 -0.2333531 0.7451443 -0.0270078
1 0.2099728 1.1812754 0.7633682
1 -0.3583200 1.5699228 -0.7754407
1 -0.3220255 -1.3424618 0.5890217
8 0.1767525 -0.7848600 -0.0160716
5
-114.666     ts77     dynamics     sesquiterpene     TS     runpoint      44     runisomer      94
6 -0.2291871 0.7371117 -0.0242736
1 0.2169461 1.2316584 0.7937401
1 -0.3472037 1.5792913 -0.8398460
1 -0.2439493 -1.3988635 0.5240747
8 0.1675701 -0.7790423 -0.0118872
5
-114.662     ts77     dynamics     sesquiterpene     TS     runpoint      45     runisomer      94
6 -0.2249681 0.7276094 -0.0213853
1 0.2276109 1.2825483 0.8370988
1 -0.3342962 1.5573645 -0.9014086
1 -0.1873813 -1.4622032 0.4797645
8 0.1593570 -0.7697437 -0.0101158
5
-114.658     ts77     dynamics     sesquiterpene     TS     runpoint      46     runisomer      94
6 -0.2202582 0.7175877 -0.0175334
1 0.2337529 1.3237913 0.8762071
1 -0.3184493 1.5013996 -0.9525015
1 -0.1525059 -1.5336489 0.4564515
8 0.1522425 -0.7567937 -0.0107820
5
-114.658     ts77     dynamics     sesquiterpene     TS     runpoint      47     runisomer      94
6 -0.2148731 0.7075228 -0.0123170
1 0.2310244 1.3490930 0.9006697
1 -0.2991742 1.4127148 -0.9881684
1 -0.1303988 -1.5944431 0.4417077
8 0.1457701 -0.7414159 -0.0130605
5
-114.66     ts77     dynamics     sesquiterpene     TS     runpoint      48     runisomer      94
6 -0.2088117 0.6974956 -0.0056433
1 0.2179790 1.3557584 0.9057181
1 -0.2765770 1.2960024 -1.0061030
1 -0.1146509 -1.6261331 0.4260487
8 0.1396309 -0.7249597 -0.0162698
5
-114.667     ts77     dynamics     sesquiterpene     TS     runpoint      49     runisomer      94
6 -0.2021834 0.6872603 0.0024919
1 0.1950834 1.3438861 0.8905931
1 -0.2513168 1.1594952 -1.0077968
1 -0.1027331 -1.6196741 0.4062195
8 0.1337604 -0.7083360 -0.0200645
5
-114.68     ts77     dynamics     sesquiterpene     TS     runpoint      50     runisomer      94
6 -0.1952117 0.6762822 0.0121236
1 0.1645350 1.3165084 0.8584357
1 -0.2244968 1.0149267 -1.0002118
1 -0.0943762 -1.5752597 0.3835645
8 0.1282404 -0.6920621 -0.0243162
5
-114.691     ts77     dynamics     sesquiterpene     TS     runpoint      51     runisomer      94
6 -0.1883225 0.6638546 0.0231109
1 0.1307542 1.2809164 0.8178181
1 -0.1973958 0.8757424 -0.9951798
1 -0.0912961 -1.5035988 0.3640152
8 0.1232996 -0.6762391 -0.0290852
5
-114.69     ts77     dynamics     sesquiterpene     TS     runpoint      52     runisomer      94
6 -0.1822137 0.6492941 0.0344230
1 0.1007058 1.2501684 0.7844463
1 -0.1711870 0.7539593 -1.0027715
1 -0.0983371 -1.4295233 0.3600123
8 0.1194037 -0.6603689 -0.0347387
5
-114.674     ts77     dynamics     sesquiterpene     TS     runpoint      53     runisomer      94
6 -0.1776949 0.6322842 0.0439105
1 0.0817372 1.2400194 0.7769377
1 -0.1469852 0.6591529 -1.0236058
1 -0.1225110 -1.3836599 0.3880240
8 0.1172088 -0.6438819 -0.0418366
5
-114.661     ts77     dynamics     sesquiterpene     TS     runpoint      54     runisomer      94
6 -0.1752140 0.6137889 0.0499060
1 0.0759127 1.2564113 0.8014774
1 -0.1258932 0.5991954 -1.0508727
1 -0.1637301 -1.3681918 0.4511566
8 0.1169847 -0.6282338 -0.0501414
5
-114.66     ts77     dynamics     sesquiterpene     TS     runpoint      55     runisomer      94
6 -0.1747172 0.5964380 0.0524957
1 0.0786220 1.2885186 0.8447671
1 -0.1086775 0.5793336 -1.0769526
1 -0.2111872 -1.3561473 0.5325782
8 0.1183493 -0.6167452 -0.0582988
5
-114.655     ts77     dynamics     sesquiterpene     TS     runpoint      56     runisomer      94
6 -0.1760288 0.5831707 0.0525417
1 0.0842240 1.3202544 0.8884168
1 -0.0955763 0.6008433 -1.0957758
1 -0.2536456 -1.3270956 0.6135333
8 0.1208320 -0.6119746 -0.0649988
5
-114.648     ts77     dynamics     sesquiterpene     TS     runpoint      57     runisomer      94
6 -0.1790042 0.5759867 0.0506687
1 0.0892907 1.3402679 0.9199475
1 -0.0864534 0.6609410 -1.1023787
1 -0.2840379 -1.2747183 0.6814867
8 0.1240869 -0.6149312 -0.0694462
5
-114.65     ts77     dynamics     sesquiterpene     TS     runpoint      58     runisomer      94
6 -0.1834180 0.5756856 0.0471401
1 0.0921578 1.3428394 0.9333051
1 -0.0810186 0.7534858 -1.0926356
1 -0.2984769 -1.2005922 0.7288884
8 0.1277874 -0.6253663 -0.0712405
5
-114.665     ts77     dynamics     sesquiterpene     TS     runpoint      59     runisomer      94
6 -0.1888941 0.5820801 0.0420310
1 0.0919643 1.3261069 0.9268910
1 -0.0789479 0.8698442 -1.0639066
1 -0.2954766 -1.1105414 0.7523080
8 0.1315897 -0.6421115 -0.0702901
5
-114.687     ts77     dynamics     sesquiterpene     TS     runpoint      60     runisomer      94
6 -0.1949416 0.5942647 0.0353471
1 0.0883701 1.2911876 0.9029362
1 -0.0799409 1.0000222 -1.0162379
1 -0.2769282 -1.0142757 0.7547408
8 0.1352494 -0.6633188 -0.0669233
5
-114.707     ts77     dynamics     sesquiterpene     TS     runpoint      61     runisomer      94
6 -0.2011010 0.6108306 0.0269801
1 0.0820422 1.2425753 0.8685818
1 -0.0836830 1.1341508 -0.9532103
1 -0.2499988 -0.9250742 0.7501142
8 0.1388087 -0.6867536 -0.0621611
5
-114.713     ts77     dynamics     sesquiterpene     TS     runpoint      62     runisomer      94
6 -0.2071404 0.6300185 0.0165275
1 0.0756042 1.1888968 0.8376846
1 -0.0897178 1.2639740 -0.8815050
1 -0.2260118 -0.8552308 0.7625534
8 0.1426160 -0.7103455 -0.0576742
5
-114.705     ts77     dynamics     sesquiterpene     TS     runpoint      63     runisomer      94
6 -0.2131494 0.6499869 0.0032867
1 0.0736962 1.1411868 0.8295035
1 -0.0973729 1.3836704 -0.8090137
1 -0.2106924 -0.8082554 0.8064695
8 0.1467635 -0.7328202 -0.0545586
5
-114.696     ts77     dynamics     sesquiterpene     TS     runpoint      64     runisomer      94
6 -0.2192593 0.6694782 -0.0129677
1 0.0795004 1.1055345 0.8574928
1 -0.1057722 1.4895379 -0.7424484
1 -0.1976914 -0.7804351 0.8683071
8 0.1506951 -0.7536177 -0.0522178
5
-114.688     ts77     dynamics     sesquiterpene     TS     runpoint      65     runisomer      94
6 -0.2252061 0.6883093 -0.0309543
1 0.0900289 1.0777960 0.9153329
1 -0.1138803 1.5789612 -0.6859184
1 -0.1782098 -0.7682959 0.9242207
8 0.1537794 -0.7723954 -0.0494534
5
-114.678     ts77     dynamics     sesquiterpene     TS     runpoint      66     runisomer      94
6 -0.2304640 0.7067760 -0.0484289
1 0.0982724 1.0505694 0.9827623
1 -0.1205664 1.6497388 -0.6411167
1 -0.1478505 -0.7698370 0.9578081
8 0.1557151 -0.7888944 -0.0455298
5
-114.664     ts77     dynamics     sesquiterpene     TS     runpoint      67     runisomer      94
6 -0.2346436 0.7249618 -0.0634411
1 0.0983833 1.0202889 1.0409897
1 -0.1246898 1.7002793 -0.6084230
1 -0.1062323 -0.7834040 0.9623280
8 0.1564834 -0.8029568 -0.0402807
5
-114.651     ts77     dynamics     sesquiterpene     TS     runpoint      68     runisomer      94
6 -0.2375967 0.7426197 -0.0747236
1 0.0872160 0.9871872 1.0783618
1 -0.1251690 1.7301956 -0.5879387
1 -0.0556512 -0.8070280 0.9398057
8 0.1562465 -0.8145127 -0.0340425
5
-114.644     ts77     dynamics     sesquiterpene     TS     runpoint      69     runisomer      94
6 -0.2393422 0.7592535 -0.0815368
1 0.0636522 0.9532896 1.0892480
1 -0.1210017 1.7407670 -0.5800834
1 -0.0005125 -0.8382626 0.9027967
8 0.1553060 -0.8235518 -0.0277813
5
-114.639     ts77     dynamics     sesquiterpene     TS     runpoint      70     runisomer      94
6 -0.2399996 0.7741868 -0.0834919
1 0.0279080 0.9212891 1.0723986
1 -0.1112613 1.7349838 -0.5857845
1 0.0537763 -0.8747457 0.8762440
8 0.1540189 -0.8300730 -0.0232207
5
-114.636     ts77     dynamics     sesquiterpene     TS     runpoint      71     runisomer      94
6 -0.2397716 0.7866537 -0.0805771
1 -0.0186422 0.8942884 1.0309897
1 -0.0951142 1.7169332 -0.6062690
1 0.1044014 -0.9152737 0.8850661
8 0.1525751 -0.8340309 -0.0220646
5
-114.642     ts77     dynamics     sesquiterpene     TS     runpoint      72     runisomer      94
6 -0.2389459 0.7959670 -0.0734622
1 -0.0732737 0.8758122 0.9750377
1 -0.0719893 1.6902449 -0.6422168
1 0.1530320 -0.9583501 0.9252962
8 0.1508775 -0.8354551 -0.0241481
5
-114.649     ts77     dynamics     sesquiterpene     TS     runpoint      73     runisomer      94
6 -0.2378618 0.8016714 -0.0640032
1 -0.1319673 0.8695491 0.9255521
1 -0.0419312 1.6561635 -0.6923201
1 0.2009563 -0.9998640 0.9693342
8 0.1488509 -0.8345738 -0.0277449
5
-114.648     ts77     dynamics     sesquiterpene     TS     runpoint      74     runisomer      94
6 -0.2367112 0.8035568 -0.0551562
1 -0.1913252 0.8789002 0.9124557
1 -0.0059417 1.6130051 -0.7521756
1 0.2469392 -1.0349572 0.9941716
8 0.1465643 -0.8316449 -0.0313513
5
-114.646     ts77     dynamics     sesquiterpene     TS     runpoint      75     runisomer      94
6 -0.2352699 0.8015757 -0.0488779
1 -0.2517600 0.9059648 0.9506321
1 0.0340779 1.5579232 -0.8149413
1 0.2888502 -1.0600178 0.9888936
8 0.1441298 -0.8268116 -0.0341794
5
-114.657     ts77     dynamics     sesquiterpene     TS     runpoint      76     runisomer      94
6 -0.2331661 0.7958494 -0.0442048
1 -0.3147917 0.9494612 1.0193631
1 0.0757463 1.4891775 -0.8733172
1 0.3249291 -1.0731560 0.9518523
8 0.1416259 -0.8200945 -0.0360034
5
-114.67     ts77     dynamics     sesquiterpene     TS     runpoint      77     runisomer      94
6 -0.2302937 0.7866263 -0.0391099
1 -0.3784529 1.0046017 1.0860284
1 0.1165659 1.4070972 -0.9210817
1 0.3546972 -1.0745956 0.8895912
8 0.1390363 -0.8113859 -0.0370931
5
-114.675     ts77     dynamics     sesquiterpene     TS     runpoint      78     runisomer      94
6 -0.2267257 0.7741306 -0.0323464
1 -0.4386910 1.0653832 1.1286849
1 0.1542075 1.3140689 -0.9538674
1 0.3805323 -1.0680120 0.8191849
8 0.1361560 -0.8003931 -0.0383527
5
-114.674     ts77     dynamics     sesquiterpene     TS     runpoint      79     runisomer      94
6 -0.2225555 0.7585132 -0.0235032
1 -0.4916262 1.1261227 1.1370239
1 0.1867622 1.2142355 -0.9695828
1 0.4094178 -1.0616216 0.7683633
8 0.1324922 -0.7866136 -0.0413197
5
-114.671     ts77     dynamics     sesquiterpene     TS     runpoint      80     runisomer      94
6 -0.2178705 0.7399188 -0.0126125
1 -0.5343181 1.1818687 1.1078811
1 0.2129651 1.1131439 -0.9686804
1 0.4490020 -1.0631932 0.7576126
8 0.1275220 -0.7697065 -0.0470334
5
-114.679     ts77     dynamics     sesquiterpene     TS     runpoint      81     runisomer      94
6 -0.2127625 0.7185945 0.0000782
1 -0.5649852 1.2285026 1.0426645
1 0.2323757 1.0173320 -0.9542718
1 0.4966229 -1.0703007 0.7753771
8 0.1213982 -0.7501612 -0.0544720
5
-114.689     ts77     dynamics     sesquiterpene     TS     runpoint      82     runisomer      94
6 -0.2072973 0.6949340 0.0141026
1 -0.5834720 1.2632224 0.9471954
1 0.2454139 0.9337536 -0.9319106
1 0.5414311 -1.0743262 0.7948825
8 0.1148170 -0.7290760 -0.0616161
5
-114.693     ts77     dynamics     sesquiterpene     TS     runpoint      83     runisomer      94
6 -0.2013943 0.6694190 0.0285787
1 -0.5924132 1.2861329 0.8331433
1 0.2531169 0.8690753 -0.9086656
1 0.5742735 -1.0693104 0.7981120
8 0.1083970 -0.7076165 -0.0669574
5
-114.69     ts77     dynamics     sesquiterpene     TS     runpoint      84     runisomer      94
6 -0.1946518 0.6424776 0.0420226
1 -0.5988547 1.3029494 0.7188417
1 0.2565825 0.8288973 -0.8913599
1 0.5905166 -1.0535896 0.7783458
8 0.1025029 -0.6869221 -0.0696846
5
-114.681     ts77     dynamics     sesquiterpene     TS     runpoint      85     runisomer      94
6 -0.1863528 0.6145877 0.0526817
1 -0.6137125 1.3247519 0.6241683
1 0.2563555 0.8169093 -0.8844573
1 0.5896404 -1.0289012 0.7369946
8 0.0972824 -0.6681704 -0.0695444
5
-114.672     ts77     dynamics     sesquiterpene     TS     runpoint      86     runisomer      94
6 -0.1760281 0.5872167 0.0595518
1 -0.6450286 1.3575424 0.5583168
1 0.2521887 0.8340184 -0.8885784
1 0.5758456 -1.0003793 0.6829983
8 0.0926403 -0.6525743 -0.0668848
5
-114.665     ts77     dynamics     sesquiterpene     TS     runpoint      87     runisomer      94
6 -0.1640126 0.5636028 0.0627222
1 -0.6915843 1.3923243 0.5166249
1 0.2432798 0.8776092 -0.9002527
1 0.5602008 -0.9776982 0.6346225
8 0.0881055 -0.6412226 -0.0628507
5
-114.654     ts77     dynamics     sesquiterpene     TS     runpoint      88     runisomer      94
6 -0.1511028 0.5477120 0.0626251
1 -0.7469211 1.4135679 0.4909738
1 0.2288863 0.9413691 -0.9132195
1 0.5590412 -0.9734946 0.6155763
8 0.0828867 -0.6349196 -0.0591434
5
-114.645     ts77     dynamics     sesquiterpene     TS     runpoint      89     runisomer      94
6 -0.1380202 0.5426736 0.0596434
1 -0.8050953 1.4100998 0.4760395
1 0.2090937 1.0163761 -0.9209662
1 0.5789384 -0.9922459 0.6334958
8 0.0767304 -0.6344643 -0.0566043
5
-114.649     ts77     dynamics     sesquiterpene     TS     runpoint      90     runisomer      94
6 -0.1252436 0.5498567 0.0541440
1 -0.8618733 1.3770777 0.4691655
1 0.1852122 1.0932517 -0.9189085
1 0.6076395 -1.0237520 0.6699414
8 0.0704180 -0.6406283 -0.0544694
5
-114.66     ts77     dynamics     sesquiterpene     TS     runpoint      91     runisomer      94
6 -0.1130548 0.5685926 0.0465186
1 -0.9141409 1.3143926 0.4690341
1 0.1595814 1.1641903 -0.9052117
1 0.6297135 -1.0548287 0.7032362
8 0.0647899 -0.6532430 -0.0516985
5
-114.675     ts77     dynamics     sesquiterpene     TS     runpoint      92     runisomer      94
6 -0.1016373 0.5965954 0.0372458
1 -0.9597471 1.2254879 0.4747925
1 0.1350466 1.2242017 -0.8808173
1 0.6362366 -1.0768514 0.7208707
8 0.0602317 -0.6710400 -0.0477510
5
-114.691     ts77     dynamics     sesquiterpene     TS     runpoint      93     runisomer      94
6 -0.0911589 0.6307498 0.0270040
1 -0.9978367 1.1167697 0.4856422
1 0.1144495 1.2718122 -0.8495183
1 0.6243899 -1.0857455 0.7183414
8 0.0568150 -0.6922504 -0.0425612
5
-114.705     ts77     dynamics     sesquiterpene     TS     runpoint      94     runisomer      94
6 -0.0818404 0.6677898 0.0167536
1 -1.0286235 0.9965969 0.5005051
1 0.1003065 1.3095007 -0.8181476
1 0.5967993 -1.0816168 0.6980600
8 0.0543930 -0.7150980 -0.0365037
5
-114.711     ts77     dynamics     sesquiterpene     TS     runpoint      95     runisomer      94
6 -0.0740401 0.7047275 0.0077222
1 -1.0518539 0.8737767 0.5173986
1 0.0945089 1.3433006 -0.7959348
1 0.5629545 -1.0696505 0.6714610
8 0.0525029 -0.7379511 -0.0305138
5
-114.702     ts77     dynamics     sesquiterpene     TS     runpoint      96     runisomer      94
6 -0.0682559 0.7391900 0.0011304
1 -1.0654648 0.7568225 0.5330537
1 0.0977687 1.3799735 -0.7912575
1 0.5397739 -1.0599998 0.6604372
8 0.0502767 -0.7593510 -0.0261533
5
-114.685     ts77     dynamics     sesquiterpene     TS     runpoint      97     runisomer      94
6 -0.0649002 0.7697494 -0.0023580
1 -1.0666005 0.6539522 0.5437694
1 0.1089549 1.4219477 -0.8061601
1 0.5415579 -1.0605793 0.6842720
8 0.0470142 -0.7784000 -0.0247723
5
-114.673     ts77     dynamics     sesquiterpene     TS     runpoint      98     runisomer      94
6 -0.0640613 0.7960134 -0.0029460
1 -1.0538202 0.5724774 0.5468612
1 0.1251173 1.4649788 -0.8342389
1 0.5627999 -1.0671656 0.7350817
8 0.0432231 -0.7952632 -0.0259558
5
-114.663     ts77     dynamics     sesquiterpene     TS     runpoint      99     runisomer      94
6 -0.0654748 0.8182391 -0.0014091
1 -1.0282299 0.5177158 0.5414747
1 0.1425687 1.5014954 -0.8649728
1 0.5864002 -1.0703040 0.7880149
8 0.0400852 -0.8105867 -0.0281664
5
-114.649     ts77     dynamics     sesquiterpene     TS     runpoint      100     runisomer      94
6 -0.0686024 0.8368697 0.0013448
1 -0.9937251 0.4922685 0.5287889
1 0.1580567 1.5249728 -0.8890103
1 0.5998174 -1.0645668 0.8243086
8 0.0384361 -0.8247984 -0.0302024
5
-114.637     ts77     dynamics     sesquiterpene     TS     runpoint      101     runisomer      94
6 -0.0726592 0.8523225 0.0044615
1 -0.9573276 0.4957105 0.5121785
1 0.1692834 1.5317588 -0.9003776
1 0.5975361 -1.0488517 0.8353975
8 0.0386233 -0.8380216 -0.0314728
5
-114.632     ts77     dynamics     sesquiterpene     TS     runpoint      102     runisomer      94
6 -0.0766163 0.8649332 0.0071599
1 -0.9295240 0.5245642 0.4973546
1 0.1750276 1.5211855 -0.8967133
1 0.5792372 -1.0246512 0.8205571
8 0.0406313 -0.8501553 -0.0318555
5
-114.631     ts77     dynamics     sesquiterpene     TS     runpoint      103     runisomer      94
6 -0.0793518 0.8748408 0.0088297
1 -0.9226476 0.5733276 0.4914085
1 0.1753168 1.4954976 -0.8794349
1 0.5495268 -0.9952569 0.7868367
8 0.0441042 -0.8608901 -0.0316951
5
-114.634     ts77     dynamics     sesquiterpene     TS     runpoint      104     runisomer      94
6 -0.0802201 0.8817131 0.0094181
1 -0.9445498 0.6376069 0.4991621
1 0.1717983 1.4600857 -0.8545972
1 0.5192853 -0.9653832 0.7517352
8 0.0482623 -0.8697424 -0.0319748
5
-114.635     ts77     dynamics     sesquiterpene     TS     runpoint      105     runisomer      94
6 -0.0797317 0.8845985 0.0098618
1 -0.9908175 0.7165924 0.5187042
1 0.1679740 1.4233800 -0.8334868
1 0.5039221 -0.9395727 0.7412245
8 0.0520194 -0.8761922 -0.0342043
5
-114.637     ts77     dynamics     sesquiterpene     TS     runpoint      106     runisomer      94
6 -0.0793642 0.8824287 0.0117750
1 -1.0462684 0.8105007 0.5422551
1 0.1682039 1.3943996 -0.8296036
1 0.5103567 -0.9192297 0.7683448
8 0.0548159 -0.8799312 -0.0390733
5
-114.645     ts77     dynamics     sesquiterpene     TS     runpoint      107     runisomer      94
6 -0.0805339 0.8748530 0.0162430
1 -1.0943660 0.9168513 0.5614381
1 0.1748371 1.3770715 -0.8495471
1 0.5280066 -0.9032334 0.8159024
8 0.0571934 -0.8808584 -0.0453701
5
-114.652     ts77     dynamics     sesquiterpene     TS     runpoint      108     runisomer      94
6 -0.0839163 0.8625338 0.0229936
1 -1.1233522 1.0301387 0.5706125
1 0.1862110 1.3671020 -0.8864343
1 0.5424442 -0.8909898 0.8583740
8 0.0599292 -0.8788907 -0.0513608
5
-114.655     ts77     dynamics     sesquiterpene     TS     runpoint      109     runisomer      94
6 -0.0895176 0.8466440 0.0308598
1 -1.1270610 1.1433222 0.5672494
1 0.1984100 1.3563128 -0.9258046
1 0.5452122 -0.8827076 0.8797863
8 0.0634208 -0.8739371 -0.0559148
5
-114.656     ts77     dynamics     sesquiterpene     TS     runpoint      110     runisomer      94
6 -0.0969984 0.8282968 0.0386037
1 -1.1038786 1.2491628 0.5513072
1 0.2080035 1.3379579 -0.9548614
1 0.5335745 -0.8788138 0.8742476
8 0.0676997 -0.8659237 -0.0585365
5
-114.659     ts77     dynamics     sesquiterpene     TS     runpoint      111     runisomer      94
6 -0.1058377 0.8083443 0.0452574
1 -1.0558078 1.3411619 0.5247263
1 0.2131225 1.3082910 -0.9659968
1 0.5090569 -0.8797759 0.8439932
8 0.0725245 -0.8548154 -0.0592422
5
-114.665     ts77     dynamics     sesquiterpene     TS     runpoint      112     runisomer      94
6 -0.1153848 0.7873504 0.0501262
1 -0.9879848 1.4143893 0.4912034
1 0.2134618 1.2661439 -0.9566611
1 0.4776066 -0.8862906 0.8005181
8 0.0773737 -0.8406063 -0.0586283
5
-114.671     ts77     dynamics     sesquiterpene     TS     runpoint      113     runisomer      94
6 -0.1248736 0.7655593 0.0527671
1 -0.9083661 1.4664518 0.4561126
1 0.2101934 1.2124725 -0.9289492
1 0.4500774 -0.8999407 0.7667510
8 0.0814162 -0.8232900 -0.0580134
5
-114.672     ts77     dynamics     sesquiterpene     TS     runpoint      114     runisomer      94
6 -0.1335136 0.7428284 0.0530509
1 -0.8269580 1.4984161 0.4262488
1 0.2061297 1.1504381 -0.8900784
1 0.4372337 -0.9236315 0.7676794
8 0.0838327 -0.8028430 -0.0588481
5
-114.675     ts77     dynamics     sesquiterpene     TS     runpoint      115     runisomer      94
6 -0.1406920 0.7186597 0.0512909
1 -0.7538749 1.5147449 0.4089597
1 0.2059482 1.0857048 -0.8530428
1 0.4376898 -0.9583744 0.8027399
8 0.0845952 -0.7794661 -0.0609768
5
-114.677     ts77     dynamics     sesquiterpene     TS     runpoint      116     runisomer      94
6 -0.1461982 0.6925373 0.0481843
1 -0.6962696 1.5209782 0.4104332
1 0.2153965 1.0256860 -0.8343292
1 0.4395509 -0.9995104 0.8459831
8 0.0843827 -0.7538805 -0.0626390
5
-114.675     ts77     dynamics     sesquiterpene     TS     runpoint      117     runisomer      94
6 -0.1501604 0.6645835 0.0442147
1 -0.6559308 1.5197878 0.4336916
1 0.2378141 0.9764444 -0.8448722
1 0.4329257 -1.0399786 0.8740880
8 0.0838184 -0.7271761 -0.0622295
5
-114.674     ts77     dynamics     sesquiterpene     TS     runpoint      118     runisomer      94
6 -0.1526816 0.6360315 0.0389691
1 -0.6296635 1.5089977 0.4776881
1 0.2700115 0.9398446 -0.8807240
1 0.4133952 -1.0740538 0.8758088
8 0.0832559 -0.7006158 -0.0589125
5
-114.677     ts77     dynamics     sesquiterpene     TS     runpoint      119     runisomer      94
6 -0.1537646 0.6089885 0.0314624
1 -0.6118787 1.4834890 0.5380943
1 0.3037581 0.9149491 -0.9271557
1 0.3805146 -1.0982816 0.8493621
8 0.0828921 -0.6756182 -0.0524926
5
-114.679     ts77     dynamics     sesquiterpene     TS     runpoint      120     runisomer      94
6 -0.1535566 0.5859469 0.0209688
1 -0.5969918 1.4385713 0.6088855
1 0.3309345 0.9006931 -0.9695146
1 0.3366359 -1.1119754 0.8004276
8 0.0828487 -0.6537329 -0.0433267
5
-114.677     ts77     dynamics     sesquiterpene     TS     runpoint      121     runisomer      94
6 -0.1524801 0.5694047 0.0073181
1 -0.5805603 1.3722430 0.6837163
1 0.3462505 0.8966307 -0.9980847
1 0.2866241 -1.1192000 0.7432967
8 0.0831906 -0.6364251 -0.0323986
5
-114.672     ts77     dynamics     sesquiterpene     TS     runpoint      122     runisomer      94
6 -0.1511504 0.5614071 -0.0092256
1 -0.5595740 1.2860560 0.7568355
1 0.3473542 0.9026270 -1.0079270
1 0.2369718 -1.1315426 0.7019262
8 0.0839294 -0.6245871 -0.0213662
5
-114.667     ts77     dynamics     sesquiterpene     TS     runpoint      123     runisomer      94
6 -0.1502116 0.5629528 -0.0280582
1 -0.5325248 1.1851468 0.8236532
1 0.3344189 0.9186617 -0.9980542
1 0.1913830 -1.1625015 0.6984271
8 0.0852073 -0.6184410 -0.0118477
5
-114.672     ts77     dynamics     sesquiterpene     TS     runpoint      124     runisomer      94
6 -0.1502347 0.5736011 -0.0481527
1 -0.4993753 1.0776251 0.8809834
1 0.3102023 0.9451496 -0.9717208
1 0.1468420 -1.2085126 0.7293196
8 0.0874662 -0.6184173 -0.0039891
5
-114.682     ts77     dynamics     sesquiterpene     TS     runpoint      125     runisomer      94
6 -0.1517440 0.5914681 -0.0679213
1 -0.4612180 0.9731886 0.9269214
1 0.2805212 0.9837377 -0.9376233
1 0.0991571 -1.2501218 0.7720813
8 0.0910667 -0.6250432 0.0031056
5
-114.686     ts77     dynamics     sesquiterpene     TS     runpoint      126     runisomer      94
6 -0.1552781 0.6136544 -0.0852766
1 -0.4196769 0.8813464 0.9603703
1 0.2539463 1.0378627 -0.9095730
1 0.0473187 -1.2708342 0.8081532
8 0.0960400 -0.6379987 0.0099806
5
-114.682     ts77     dynamics     sesquiterpene     TS     runpoint      127     runisomer      94
6 -0.1612054 0.6370927 -0.0983316
1 -0.3764686 0.8100630 0.9807953
1 0.2383316 1.1106587 -0.8998356
1 -0.0076623 -1.2633261 0.8286648
8 0.1022110 -0.6561448 0.0165838
5
-114.681     ts77     dynamics     sesquiterpene     TS     runpoint      128     runisomer      94
6 -0.1693158 0.6595702 -0.1065000
1 -0.3332609 0.7650990 0.9885529
1 0.2352006 1.1992521 -0.9081885
1 -0.0644516 -1.2281286 0.8327338
8 0.1093478 -0.6779678 0.0224946
5
-114.684     ts77     dynamics     sesquiterpene     TS     runpoint      129     runisomer      94
6 -0.1788349 0.6801110 -0.1106124
1 -0.2915467 0.7497271 0.9853203
1 0.2395452 1.2930062 -0.9221890
1 -0.1228847 -1.1721259 0.8268273
8 0.1172679 -0.7018393 0.0270402
5
-114.684     ts77     dynamics     sesquiterpene     TS     runpoint      130     runisomer      94
6 -0.1888722 0.6985061 -0.1120076
1 -0.2524821 0.7646559 0.9742061
1 0.2450484 1.3793364 -0.9283379
1 -0.1854489 -1.1061826 0.8238286
8 0.1259309 -0.7261679 0.0293657
5
-114.682     ts77     dynamics     sesquiterpene     TS     runpoint      131     runisomer      94
6 -0.1986994 0.7148113 -0.1119275
1 -0.2167888 0.8081656 0.9594706
1 0.2472568 1.4487392 -0.9185872
1 -0.2558373 -1.0388445 0.8347359
8 0.1353498 -0.7497515 0.0289344
5
-114.68     ts77     dynamics     sesquiterpene     TS     runpoint      132     runisomer      94
6 -0.2077820 0.7291593 -0.1113316
1 -0.1847820 0.8764809 0.9455217
1 0.2438379 1.4957900 -0.8905998
1 -0.3321468 -0.9715666 0.8554261
8 0.1451708 -0.7720187 0.0262996
