5
-114.654160 ts77 dynamics sesquiterpene TS runpoint 1  runisomer  140
6 -0.0383526 0.6454928 0.0035178
1 -0.2740601 1.2125244 0.9769928
1 -0.2320967 1.1209294 -0.9509206
1 1.0501558 -0.0925590 -0.0330979
8 -0.0334579 -0.7625498 -0.0021968
5
-114.647 ts77 dynamics sesquiterpene TS runpoint 2  runisomer  140
6 -0.0401715 0.637145 0.00688167
1 -0.255715 1.16456 0.991818
1 -0.202751 1.15597 -1.02712
1 1.01692 -0.0575484 -0.0570612
8 -0.0330042 -0.757679 0.000656688
5
-114.647     ts77     dynamics     sesquiterpene     TS     runpoint      3     runisomer      140
6 -0.0412724 0.6291300 0.0095347
1 -0.2360739 1.1111621 0.9918768
1 -0.1734831 1.1839738 -1.0822604
1 0.9793881 -0.0140683 -0.0792218
8 -0.0328952 -0.7528054 0.0035344
5
-114.642     ts77     dynamics     sesquiterpene     TS     runpoint      4     runisomer      140
6 -0.0416913 0.6217231 0.0103788
1 -0.2172433 1.0583669 0.9818719
1 -0.1452196 1.2006603 -1.1068386
1 0.9478777 0.0400668 -0.0994949
8 -0.0335618 -0.7483836 0.0063580
5
-114.637     ts77     dynamics     sesquiterpene     TS     runpoint      5     runisomer      140
6 -0.0414904 0.6149431 0.0085976
1 -0.2015559 1.0131444 0.9699325
1 -0.1199333 1.2045587 -1.0978726
1 0.9340681 0.1070462 -0.1182004
8 -0.0354235 -0.7449142 0.0090611
5
-114.637     ts77     dynamics     sesquiterpene     TS     runpoint      6     runisomer      140
6 -0.0407000 0.6086642 0.0036737
1 -0.1910513 0.9817002 0.9647387
1 -0.1002222 1.1959481 -1.0565428
1 0.9478925 0.1888443 -0.1355626
8 -0.0387912 -0.7428338 0.0115734
5
-114.646     ts77     dynamics     sesquiterpene     TS     runpoint      7     runisomer      140
6 -0.0390937 0.6026278 -0.0042120
1 -0.1867528 0.9672806 0.9704566
1 -0.0893157 1.1770773 -0.9885840
1 0.9926190 0.2869779 -0.1508028
8 -0.0437716 -0.7423917 0.0138080
5
-114.662     ts77     dynamics     sesquiterpene     TS     runpoint      8     runisomer      140
6 -0.0359455 0.5963792 -0.0137167
1 -0.1883574 0.9691337 0.9837565
1 -0.0910362 1.1538588 -0.9072290
1 1.0611605 0.4015459 -0.1616596
8 -0.0502434 -0.7435772 0.0156594
5
-114.674     ts77     dynamics     sesquiterpene     TS     runpoint      9     runisomer      140
6 -0.0301506 0.5891500 -0.0221885
1 -0.1946293 0.9835537 0.9965402
1 -0.1096308 1.1386424 -0.8368926
1 1.1387622 0.5294558 -0.1654767
8 -0.0579137 -0.7461634 0.0170179
5
-114.674     ts77     dynamics     sesquiterpene     TS     runpoint      10     runisomer      140
6 -0.0206583 0.5800543 -0.0265307
1 -0.2039951 1.0057043 1.0011458
1 -0.1495452 1.1478638 -0.8068193
1 1.2102497 0.6643806 -0.1609391
8 -0.0664356 -0.7498175 0.0178040
5
-114.673     ts77     dynamics     sesquiterpene     TS     runpoint      11     runisomer      140
6 -0.0069760 0.5694571 -0.0257779
1 -0.2148415 1.0308661 0.9934738
1 -0.2125384 1.1841397 -0.8234997
1 1.2647079 0.7987821 -0.1485237
8 -0.0754802 -0.7542084 0.0179907
5
-114.679     ts77     dynamics     sesquiterpene     TS     runpoint      12     runisomer      140
6 0.0103849 0.5594924 -0.0217886
1 -0.2256719 1.0550292 0.9732591
1 -0.2923837 1.2286332 -0.8636362
1 1.2959928 0.9255939 -0.1297390
8 -0.0847631 -0.7590491 0.0176168
5
-114.678     ts77     dynamics     sesquiterpene     TS     runpoint      13     runisomer      140
6 0.0303092 0.5522470 -0.0167890
1 -0.2353984 1.0751988 0.9431237
1 -0.3779897 1.2616214 -0.9030500
1 1.3014256 1.0387964 -0.1063593
8 -0.0940467 -0.7640966 0.0167746
5
-114.668     ts77     dynamics     sesquiterpene     TS     runpoint      14     runisomer      140
6 0.0517617 0.5488920 -0.0123172
1 -0.2438116 1.0895385 0.9078278
1 -0.4596063 1.2729584 -0.9287944
1 1.2803092 1.1332626 -0.0800138
8 -0.1031391 -0.7691514 0.0156063
5
-114.657     ts77     dynamics     sesquiterpene     TS     runpoint      15     runisomer      140
6 0.0746986 0.5502134 -0.0094852
1 -0.2543532 1.0963115 0.8730359
1 -0.5318291 1.2593541 -0.9348289
1 1.2314514 1.2039894 -0.0525780
8 -0.1120540 -0.7741694 0.0143252
5
-114.65     ts77     dynamics     sesquiterpene     TS     runpoint      16     runisomer      140
6 0.0980889 0.5560459 -0.0074203
1 -0.2702847 1.0992118 0.8430161
1 -0.5877545 1.2205647 -0.9226515
1 1.1594300 1.2473386 -0.0315774
8 -0.1205365 -0.7790160 0.0125769
5
-114.651     ts77     dynamics     sesquiterpene     TS     runpoint      17     runisomer      140
6 0.1207568 0.5662206 -0.0069192
1 -0.2915386 1.0988023 0.8246334
1 -0.6232477 1.1590746 -0.8928301
1 1.0702754 1.2612024 -0.0172499
8 -0.1283508 -0.7836233 0.0105780
5
-114.665     ts77     dynamics     sesquiterpene     TS     runpoint      18     runisomer      140
6 0.1421016 0.5796954 -0.0085138
1 -0.3252048 1.0944873 0.8186689
1 -0.6402466 1.0787943 -0.8431715
1 0.9788736 1.2475152 -0.0099429
8 -0.1354138 -0.7875394 0.0085613
5
-114.654160 ts77 dynamics sesquiterpene TS runpoint 1  runisomer  140
6 -0.0383526 0.6454928 0.0035178
1 -0.2740601 1.2125244 0.9769928
1 -0.2320967 1.1209294 -0.9509206
1 1.0501558 -0.0925590 -0.0330979
8 -0.0334579 -0.7625498 -0.0021968
5
-114.647 ts77 dynamics sesquiterpene TS runpoint 2  runisomer  140
6 -0.0356921 0.653444 0.00116055
1 -0.289457 1.2507 0.946771
1 -0.263118 1.08809 -0.874286
1 1.07139 -0.1213 -0.007893
8 -0.0338668 -0.767041 -0.00494085
5
-114.639     ts77     dynamics     sesquiterpene     TS     runpoint      3     runisomer      140
6 -0.0318152 0.6597993 0.0021489
1 -0.3008545 1.2768764 0.9045027
1 -0.3018006 1.0715475 -0.8290351
1 1.0756884 -0.1463116 0.0176776
8 -0.0338907 -0.7708391 -0.0074810
5
-114.631     ts77     dynamics     sesquiterpene     TS     runpoint      4     runisomer      140
6 -0.0264356 0.6637550 0.0075647
1 -0.3080893 1.2914313 0.8574384
1 -0.3541761 1.0795941 -0.8360492
1 1.0608259 -0.1709017 0.0426576
8 -0.0332343 -0.7736816 -0.0097102
5
-114.637     ts77     dynamics     sesquiterpene     TS     runpoint      5     runisomer      140
6 -0.0202413 0.6658618 0.0152024
1 -0.3122854 1.2977247 0.8160276
1 -0.4153675 1.1033033 -0.8805851
1 1.0272548 -0.1995837 0.0662116
8 -0.0316460 -0.7753463 -0.0115077
5
-114.645     ts77     dynamics     sesquiterpene     TS     runpoint      6     runisomer      140
6 -0.0145799 0.6671332 0.0216304
1 -0.3157413 1.3012115 0.7911940
1 -0.4734228 1.1280494 -0.9340501
1 0.9782147 -0.2385770 0.0877859
8 -0.0289270 -0.7756217 -0.0127563
5
-114.646     ts77     dynamics     sesquiterpene     TS     runpoint      7     runisomer      140
6 -0.0107226 0.6683812 0.0245240
1 -0.3205012 1.3062307 0.7897666
1 -0.5192383 1.1447531 -0.9770311
1 0.9203112 -0.2957238 0.1073967
8 -0.0249854 -0.7743268 -0.0133644
5
-114.647     ts77     dynamics     sesquiterpene     TS     runpoint      8     runisomer      140
6 -0.0097377 0.6704714 0.0230172
1 -0.3264463 1.3124588 0.8110024
1 -0.5483182 1.1496599 -0.9999742
1 0.8655529 -0.3780398 0.1263245
8 -0.0200665 -0.7714110 -0.0133178
5
-114.65     ts77     dynamics     sesquiterpene     TS     runpoint      9     runisomer      140
6 -0.0123655 0.6742344 0.0172830
1 -0.3311515 1.3151902 0.8475762
1 -0.5592028 1.1418551 -0.9989046
1 0.8357304 -0.4859485 0.1485192
8 -0.0152345 -0.7671166 -0.0127861
5
-114.658     ts77     dynamics     sesquiterpene     TS     runpoint      10     runisomer      140
6 -0.0187377 0.6799412 0.0080791
1 -0.3315444 1.3088683 0.8897189
1 -0.5524804 1.1220430 -0.9733532
1 0.8585062 -0.6130392 0.1809226
8 -0.0122898 -0.7617460 -0.0121876
5
-114.679     ts77     dynamics     sesquiterpene     TS     runpoint      11     runisomer      140
6 -0.0282888 0.6871197 -0.0034167
1 -0.3253765 1.2898490 0.9285438
1 -0.5312149 1.0926670 -0.9270567
1 0.9277517 -0.7582591 0.2249439
8 -0.0112177 -0.7549341 -0.0117006
5
-114.703     ts77     dynamics     sesquiterpene     TS     runpoint      12     runisomer      140
6 -0.0398768 0.6948009 -0.0154364
1 -0.3116839 1.2572501 0.9574307
1 -0.5028308 1.0593516 -0.8715514
1 0.9972684 -0.9169435 0.2710772
8 -0.0095578 -0.7465463 -0.0109085
5
-114.703     ts77     dynamics     sesquiterpene     TS     runpoint      13     runisomer      140
6 -0.0517971 0.7015818 -0.0253144
1 -0.2906755 1.2127893 0.9724315
1 -0.4813969 1.0327566 -0.8309481
1 1.0334507 -1.0741451 0.3101678
8 -0.0055716 -0.7372521 -0.0094652
5
-114.684     ts77     dynamics     sesquiterpene     TS     runpoint      14     runisomer      140
6 -0.0621352 0.7058823 -0.0301476
1 -0.2636719 1.1604297 0.9728135
1 -0.4836338 1.0253926 -0.8352686
1 1.0252236 -1.2146108 0.3377787
8 0.0011393 -0.7278654 -0.0073304
5
-114.672     ts77     dynamics     sesquiterpene     TS     runpoint      15     runisomer      140
6 -0.0701670 0.7070223 -0.0296251
1 -0.2331132 1.1061593 0.9622974
1 -0.5119302 1.0386895 -0.8883781
1 0.9730590 -1.3268502 0.3524695
8 0.0103064 -0.7190674 -0.0046390
5
-114.675     ts77     dynamics     sesquiterpene     TS     runpoint      16     runisomer      140
6 -0.0765838 0.7053945 -0.0266859
1 -0.2023174 1.0575581 0.9498843
1 -0.5516389 1.0613008 -0.9610145
1 0.8817300 -1.4025341 0.3541816
8 0.0214331 -0.7114402 -0.0015929
5
-114.676     ts77     dynamics     sesquiterpene     TS     runpoint      17     runisomer      140
6 -0.0820929 0.7014527 -0.0245326
1 -0.1745791 1.0222091 0.9473913
1 -0.5885881 1.0822156 -1.0238798
1 0.7582224 -1.4359856 0.3438350
8 0.0339250 -0.7054651 0.0015614
5
-114.675     ts77     dynamics     sesquiterpene     TS     runpoint      18     runisomer      140
6 -0.0870326 0.6954862 -0.0249203
1 -0.1519058 1.0047749 0.9620213
1 -0.6152885 1.0952948 -1.0607051
1 0.6141483 -1.4277511 0.3248665
8 0.0469590 -0.7012326 0.0044444
5
-114.675     ts77     dynamics     sesquiterpene     TS     runpoint      19     runisomer      140
6 -0.0916203 0.6878088 -0.0279185
1 -0.1346726 1.0051195 0.9898209
1 -0.6287895 1.0977724 -1.0648248
1 0.4730073 -1.3984359 0.3088237
8 0.0590545 -0.6974984 0.0062114
5
-114.66     ts77     dynamics     sesquiterpene     TS     runpoint      20     runisomer      140
6 -0.0960427 0.6788114 -0.0324818
1 -0.1224555 1.0195892 1.0186971
1 -0.6286018 1.0888091 -1.0353616
1 0.3703483 -1.4071176 0.3229450
8 0.0680565 -0.6905474 0.0050668
