5
-114.654160 ts77 dynamics sesquiterpene TS runpoint 1  runisomer  100
6 -0.0461151 0.6104032 -0.0037325
1 -0.1737933 1.0671219 0.8661189
1 -0.2489431 1.1865981 -0.9132552
1 1.0264425 -0.0964152 0.0591726
8 -0.0313956 -0.7309579 0.0020423
5
-114.643 ts77 dynamics sesquiterpene TS runpoint 2  runisomer  100
6 -0.0446074 0.606026 -0.0120052
1 -0.21556 1.07136 0.876925
1 -0.246197 1.19244 -0.843797
1 1.08754 -0.102943 0.0342014
8 -0.0339172 -0.727898 0.00476488
5
-114.64     ts77     dynamics     sesquiterpene     TS     runpoint      3     runisomer      100
6 -0.0408740 0.6013656 -0.0203269
1 -0.2630879 1.0896858 0.9142562
1 -0.2480555 1.2044133 -0.7944911
1 1.1333787 -0.1001766 0.0079121
8 -0.0364928 -0.7264856 0.0072069
5
-114.634     ts77     dynamics     sesquiterpene     TS     runpoint      4     runisomer      100
6 -0.0345918 0.5963650 -0.0255759
1 -0.3107229 1.1104916 0.9576326
1 -0.2577168 1.2313578 -0.7808269
1 1.1607172 -0.0827358 -0.0189764
8 -0.0393174 -0.7268422 0.0092461
5
-114.632     ts77     dynamics     sesquiterpene     TS     runpoint      5     runisomer      100
6 -0.0259269 0.5914986 -0.0266408
1 -0.3528343 1.1255355 0.9918084
1 -0.2741112 1.2704499 -0.8002362
1 1.1701033 -0.0452714 -0.0457633
8 -0.0427216 -0.7289629 0.0108032
5
-114.635     ts77     dynamics     sesquiterpene     TS     runpoint      6     runisomer      100
6 -0.0154109 0.5876977 -0.0241768
1 -0.3851022 1.1306323 1.0086293
1 -0.2923124 1.3086448 -0.8370457
1 1.1642965 0.0168067 -0.0716907
8 -0.0470648 -0.7327503 0.0118479
5
-114.64     ts77     dynamics     sesquiterpene     TS     runpoint      7     runisomer      100
6 -0.0036388 0.5856868 -0.0192798
1 -0.4045007 1.1242429 1.0047572
1 -0.3074101 1.3335163 -0.8759503
1 1.1468783 0.1065691 -0.0958032
8 -0.0526251 -0.7380609 0.0123889
5
-114.648     ts77     dynamics     sesquiterpene     TS     runpoint      8     runisomer      100
6 0.0088300 0.5857850 -0.0129230
1 -0.4092325 1.1066111 0.9801390
1 -0.3165442 1.3379153 -0.9070206
1 1.1221208 0.2247220 -0.1168861
8 -0.0595455 -0.7447448 0.0124574
5
-114.661     ts77     dynamics     sesquiterpene     TS     runpoint      9     runisomer      100
6 0.0213427 0.5880580 -0.0059850
1 -0.3991870 1.0797762 0.9380237
1 -0.3190074 1.3192266 -0.9249338
1 1.0964706 0.3683944 -0.1336874
8 -0.0677949 -0.7526342 0.0120928
5
-114.677     ts77     dynamics     sesquiterpene     TS     runpoint      10     runisomer      100
6 0.0330773 0.5923042 0.0005674
1 -0.3771673 1.0484032 0.8865289
1 -0.3159233 1.2779367 -0.9276356
1 1.0800838 0.5310558 -0.1454816
8 -0.0771474 -0.7614899 0.0113354
5
-114.69     ts77     dynamics     sesquiterpene     TS     runpoint      11     runisomer      100
6 0.0435616 0.5977372 0.0054632
1 -0.3505634 1.0208444 0.8409353
1 -0.3099708 1.2169346 -0.9159608
1 1.0825752 0.7051996 -0.1521832
8 -0.0872207 -0.7709584 0.0102206
5
-114.654160 ts77 dynamics sesquiterpene TS runpoint 1  runisomer  100
6 -0.0461151 0.6104032 -0.0037325
1 -0.1737933 1.0671219 0.8661189
1 -0.2489431 1.1865981 -0.9132552
1 1.0264425 -0.0964152 0.0591726
8 -0.0313956 -0.7309579 0.0020423
5
-114.643 ts77 dynamics sesquiterpene TS runpoint 2  runisomer  100
6 -0.0461799 0.614832 0.00164911
1 -0.140404 1.0844 0.893291
1 -0.252428 1.1772 -0.982095
1 0.958308 -0.0857279 0.0822267
8 -0.0289387 -0.735451 -0.000822477
5
-114.645     ts77     dynamics     sesquiterpene     TS     runpoint      3     runisomer      100
6 -0.0459375 0.6202163 0.0036373
1 -0.1143369 1.1185468 0.9470724
1 -0.2541138 1.1594039 -1.0348857
1 0.8963429 -0.0757847 0.1033214
8 -0.0267534 -0.7411468 -0.0037063
5
-114.643     ts77     dynamics     sesquiterpene     TS     runpoint      4     runisomer      100
6 -0.0464991 0.6276657 0.0032281
1 -0.0939955 1.1582511 1.0046504
1 -0.2527771 1.1324727 -1.0630475
1 0.8556352 -0.0711444 0.1233631
8 -0.0251336 -0.7478336 -0.0065156
5
-114.636     ts77     dynamics     sesquiterpene     TS     runpoint      5     runisomer      100
6 -0.0485318 0.6377554 0.0014694
1 -0.0787716 1.1941519 1.0479394
1 -0.2481830 1.0982516 -1.0634769
1 0.8462442 -0.0753483 0.1437091
8 -0.0242669 -0.7552448 -0.0091798
5
-114.633     ts77     dynamics     sesquiterpene     TS     runpoint      6     runisomer      100
6 -0.0520133 0.6501995 -0.0007903
1 -0.0686710 1.2208882 1.0669494
1 -0.2410184 1.0605604 -1.0381260
1 0.8671269 -0.0901855 0.1647717
8 -0.0240602 -0.7629570 -0.0116084
5
-114.636     ts77     dynamics     sesquiterpene     TS     runpoint      7     runisomer      100
6 -0.0563555 0.6640089 -0.0025729
1 -0.0638071 1.2361108 1.0576474
1 -0.2330863 1.0253225 -0.9953570
1 0.9071369 -0.1164087 0.1852756
8 -0.0241302 -0.7704041 -0.0136715
5
-114.639     ts77     dynamics     sesquiterpene     TS     runpoint      8     runisomer      100
6 -0.0608089 0.6778536 -0.0025379
1 -0.0641124 1.2396566 1.0205017
1 -0.2275449 1.0006099 -0.9518905
1 0.9514272 -0.1555115 0.2029717
8 -0.0239109 -0.7769936 -0.0152126
5
-114.64     ts77     dynamics     sesquiterpene     TS     runpoint      9     runisomer      100
6 -0.0648222 0.6904059 0.0006359
1 -0.0691758 1.2338272 0.9612869
1 -0.2282946 0.9947869 -0.9297792
1 0.9867944 -0.2108197 0.2157737
8 -0.0227635 -0.7821922 -0.0160644
5
-114.642     ts77     dynamics     sesquiterpene     TS     runpoint      10     runisomer      100
6 -0.0683401 0.7006279 0.0066973
1 -0.0782114 1.2250674 0.8941787
1 -0.2374029 1.0113656 -0.9413634
1 1.0036135 -0.2874008 0.2223432
8 -0.0200428 -0.7855284 -0.0160679
5
-114.649     ts77     dynamics     sesquiterpene     TS     runpoint      11     runisomer      100
6 -0.0718514 0.7077714 0.0126120
1 -0.0903371 1.2258007 0.8439389
1 -0.2529877 1.0456615 -0.9768185
1 0.9960884 -0.3905830 0.2221575
8 -0.0151902 -0.7865927 -0.0150956
5
-114.66     ts77     dynamics     sesquiterpene     TS     runpoint      12     runisomer      100
6 -0.0759535 0.7112899 0.0144900
1 -0.1051332 1.2494198 0.8352384
1 -0.2711786 1.0888150 -1.0156545
1 0.9636425 -0.5225992 0.2157421
8 -0.0079906 -0.7851223 -0.0131071
5
-114.677     ts77     dynamics     sesquiterpene     TS     runpoint      13     runisomer      100
6 -0.0809326 0.7116332 0.0110428
1 -0.1222737 1.2947519 0.8674787
1 -0.2888201 1.1327222 -1.0419238
1 0.9166010 -0.6787342 0.2060391
8 0.0008977 -0.7811643 -0.0102872
5
-114.694     ts77     dynamics     sesquiterpene     TS     runpoint      14     runisomer      100
6 -0.0867019 0.7101939 0.0037477
1 -0.1406035 1.3452879 0.9165316
1 -0.3041025 1.1713676 -1.0475437
1 0.8837293 -0.8492429 0.2003682
8 0.0094131 -0.7749597 -0.0071944
5
-114.696     ts77     dynamics     sesquiterpene     TS     runpoint      15     runisomer      100
6 -0.0928995 0.7081116 -0.0054021
1 -0.1585390 1.3850224 0.9595869
1 -0.3161942 1.2006298 -1.0305942
1 0.8898561 -1.0297300 0.2051469
8 0.0155662 -0.7663727 -0.0044119
5
-114.698     ts77     dynamics     sesquiterpene     TS     runpoint      16     runisomer      100
6 -0.0990762 0.7059462 -0.0147950
1 -0.1746818 1.4048413 0.9839185
1 -0.3249981 1.2184102 -0.9941717
1 0.9107090 -1.2108570 0.2148751
8 0.0204548 -0.7557045 -0.0018067
5
-114.689     ts77     dynamics     sesquiterpene     TS     runpoint      17     runisomer      100
6 -0.1048176 0.7038003 -0.0230588
1 -0.1879651 1.4010167 0.9844278
1 -0.3312865 1.2253116 -0.9463987
1 0.9137665 -1.3712453 0.2215468
8 0.0258006 -0.7441838 0.0009293
5
-114.671     ts77     dynamics     sesquiterpene     TS     runpoint      18     runisomer      100
6 -0.1097387 0.7013364 -0.0288490
1 -0.1976176 1.3732009 0.9608469
1 -0.3369495 1.2253043 -0.9004710
1 0.8878704 -1.4941894 0.2219053
8 0.0320870 -0.7328369 0.0038409
5
-114.656     ts77     dynamics     sesquiterpene     TS     runpoint      19     runisomer      100
6 -0.1134574 0.6978421 -0.0310271
1 -0.2032444 1.3239467 0.9172490
1 -0.3447134 1.2248022 -0.8720620
1 0.8340438 -1.5711859 0.2155215
8 0.0391092 -0.7222305 0.0068331
5
-114.65     ts77     dynamics     sesquiterpene     TS     runpoint      20     runisomer      100
6 -0.1156781 0.6925512 -0.0294803
1 -0.2051959 1.2599309 0.8640330
1 -0.3564867 1.2281801 -0.8715127
1 0.7564410 -1.5980510 0.2028181
8 0.0465274 -0.7127501 0.0097903
5
-114.654     ts77     dynamics     sesquiterpene     TS     runpoint      21     runisomer      100
6 -0.1162992 0.6849015 -0.0260420
1 -0.2052954 1.1941467 0.8214224
1 -0.3714669 1.2330321 -0.8962984
1 0.6593557 -1.5727366 0.1844950
8 0.0540576 -0.7047688 0.0126104
5
-114.662     ts77     dynamics     sesquiterpene     TS     runpoint      22     runisomer      100
6 -0.1153723 0.6744271 -0.0240479
1 -0.2070188 1.1441163 0.8170098
1 -0.3867500 1.2322969 -0.9338449
1 0.5504559 -1.5008877 0.1624809
8 0.0612938 -0.6982406 0.0151431
5
-114.669     ts77     dynamics     sesquiterpene     TS     runpoint      23     runisomer      100
6 -0.1131218 0.6613283 -0.0256716
1 -0.2130470 1.1183198 0.8630963
1 -0.3994213 1.2198782 -0.9703863
1 0.4524905 -1.4173638 0.1434396
8 0.0669549 -0.6912711 0.0169575
5
-114.653     ts77     dynamics     sesquiterpene     TS     runpoint      24     runisomer      100
6 -0.1100019 0.6470789 -0.0299570
1 -0.2225829 1.1079762 0.9388375
1 -0.4077009 1.1930143 -0.9961931
1 0.4117156 -1.4125462 0.1427945
8 0.0683041 -0.6785424 0.0170654
5
-114.651     ts77     dynamics     sesquiterpene     TS     runpoint      25     runisomer      100
6 -0.1064547 0.6336133 -0.0347025
1 -0.2333698 1.1011647 1.0137076
1 -0.4111840 1.1522508 -1.0065076
1 0.4284581 -1.5028197 0.1628881
8 0.0654849 -0.6597558 0.0152896
5
-114.669     ts77     dynamics     sesquiterpene     TS     runpoint      26     runisomer      100
6 -0.1027160 0.6227135 -0.0382148
1 -0.2438983 1.0918817 1.0677397
1 -0.4107800 1.1009732 -1.0012185
1 0.4573944 -1.5939798 0.1876904
8 0.0614924 -0.6420213 0.0126221
5
-114.652     ts77     dynamics     sesquiterpene     TS     runpoint      27     runisomer      100
6 -0.0987872 0.6156734 -0.0393489
1 -0.2534604 1.0786924 1.0917171
1 -0.4085604 1.0448568 -0.9847212
1 0.4799029 -1.6399738 0.2092155
8 0.0575863 -0.6294756 0.0095638
5
-114.633     ts77     dynamics     sesquiterpene     TS     runpoint      28     runisomer      100
6 -0.0944740 0.6131058 -0.0371697
1 -0.2617339 1.0623244 1.0828544
1 -0.4076783 0.9912365 -0.9656382
1 0.4928261 -1.6295098 0.2254058
8 0.0539991 -0.6238019 0.0062628
5
-114.632     ts77     dynamics     sesquiterpene     TS     runpoint      29     runisomer      100
6 -0.0895075 0.6150451 -0.0309753
1 -0.2688391 1.0446713 1.0427514
1 -0.4122239 0.9473383 -0.9543383
1 0.4959907 -1.5627796 0.2363541
8 0.0508050 -0.6255855 0.0027384
5
-114.65     ts77     dynamics     sesquiterpene     TS     runpoint      30     runisomer      100
6 -0.0836925 0.6210465 -0.0208909
1 -0.2756537 1.0291158 0.9785104
1 -0.4253583 0.9175367 -0.9569607
1 0.4908995 -1.4483223 0.2441280
8 0.0480168 -0.6344456 -0.0011066
5
-114.673     ts77     dynamics     sesquiterpene     TS     runpoint      31     runisomer      100
6 -0.0769500 0.6299765 -0.0086671
1 -0.2846199 1.0220624 0.9068562
1 -0.4466161 0.9020731 -0.9704719
1 0.4922419 -1.3190082 0.2582691
8 0.0447749 -0.6478774 -0.0058055
5
-114.668     ts77     dynamics     sesquiterpene     TS     runpoint      32     runisomer      100
6 -0.0691450 0.6400272 0.0023180
1 -0.3012312 1.0343041 0.8566106
1 -0.4722396 0.8985346 -0.9851830
1 0.5448892 -1.2432580 0.3068540
8 0.0382603 -0.6607406 -0.0130191
5
-114.667     ts77     dynamics     sesquiterpene     TS     runpoint      33     runisomer      100
6 -0.0601128 0.6496302 0.0089726
1 -0.3318421 1.0754380 0.8530648
1 -0.4977739 0.9040782 -0.9916530
1 0.6636125 -1.2251464 0.4020621
8 0.0275373 -0.6720307 -0.0233826
5
-114.699     ts77     dynamics     sesquiterpene     TS     runpoint      34     runisomer      100
6 -0.0503097 0.6586658 0.0112791
1 -0.3746153 1.1400502 0.8889254
1 -0.5198930 0.9163379 -0.9847006
1 0.7904833 -1.2021042 0.5074430
8 0.0162732 -0.6851087 -0.0344540
5
-114.702     ts77     dynamics     sesquiterpene     TS     runpoint      35     runisomer      100
6 -0.0407921 0.6678721 0.0112813
1 -0.4195240 1.2109187 0.9362660
1 -0.5367661 0.9335757 -0.9635107
1 0.8898366 -1.1539845 0.5976756
8 0.0067608 -0.7006026 -0.0444628
5
-114.685     ts77     dynamics     sesquiterpene     TS     runpoint      36     runisomer      100
6 -0.0324651 0.6776679 0.0107125
1 -0.4572908 1.2733328 0.9741421
1 -0.5480525 0.9548314 -0.9306801
1 0.9497525 -1.0830262 0.6626837
8 -0.0001744 -0.7176989 -0.0525917
5
-114.667     ts77     dynamics     sesquiterpene     TS     runpoint      37     runisomer      100
6 -0.0258127 0.6879941 0.0106173
1 -0.4823731 1.3188699 0.9928677
1 -0.5549378 0.9799588 -0.8915248
1 0.9667589 -0.9961920 0.6983172
8 -0.0042254 -0.7353736 -0.0584163
5
-114.657     ts77     dynamics     sesquiterpene     TS     runpoint      38     runisomer      100
6 -0.0209874 0.6985578 0.0116629
1 -0.4919278 1.3434443 0.9895631
1 -0.5598723 1.0094817 -0.8532241
1 0.9398814 -0.9009190 0.7023099
8 -0.0052420 -0.7527152 -0.0616611
5
-114.659     ts77     dynamics     sesquiterpene     TS     runpoint      39     runisomer      100
6 -0.0179857 0.7090106 0.0142358
1 -0.4847305 1.3454983 0.9651348
1 -0.5655019 1.0440785 -0.8230145
1 0.8700598 -0.8050571 0.6737982
8 -0.0031959 -0.7689103 -0.0621625
5
-114.672     ts77     dynamics     sesquiterpene     TS     runpoint      40     runisomer      100
6 -0.0168326 0.7190453 0.0182377
1 -0.4610001 1.3255368 0.9236666
1 -0.5728870 1.0835925 -0.8055325
1 0.7635740 -0.7175770 0.6161373
8 0.0016152 -0.7831855 -0.0600246
5
-114.687     ts77     dynamics     sesquiterpene     TS     runpoint      41     runisomer      100
6 -0.0176212 0.7284069 0.0227859
1 -0.4232708 1.2871239 0.8738885
1 -0.5803486 1.1261634 -0.8010465
1 0.6430303 -0.6474161 0.5470872
8 0.0078910 -0.7948965 -0.0562365
5
-114.676     ts77     dynamics     sesquiterpene     TS     runpoint      42     runisomer      100
6 -0.0202927 0.7367097 0.0259696
1 -0.3781843 1.2392142 0.8325763
1 -0.5843065 1.1684742 -0.8061277
1 0.5659491 -0.5934295 0.5194316
8 0.0121572 -0.8041793 -0.0539642
5
-114.641     ts77     dynamics     sesquiterpene     TS     runpoint      43     runisomer      100
6 -0.0243427 0.7431339 0.0250064
1 -0.3367732 1.1968467 0.8258549
1 -0.5813215 1.2070152 -0.8157717
1 0.5799820 -0.5407088 0.5850070
8 0.0115097 -0.8120833 -0.0563458
5
-114.654     ts77     dynamics     sesquiterpene     TS     runpoint      44     runisomer      100
6 -0.0292086 0.7468823 0.0179072
1 -0.3068335 1.1713656 0.8734132
1 -0.5696360 1.2391349 -0.8253459
1 0.6329375 -0.5039691 0.6924001
8 0.0091969 -0.8176320 -0.0601849
5
-114.666     ts77     dynamics     sesquiterpene     TS     runpoint      45     runisomer      100
6 -0.0350097 0.7482581 0.0058483
1 -0.2842126 1.1572953 0.9617065
1 -0.5496951 1.2635425 -0.8319373
1 0.6813614 -0.4966542 0.7916227
8 0.0078118 -0.8197804 -0.0625429
