5
-114.654160 ts77 dynamics sesquiterpene TS runpoint 1  runisomer  73
6 -0.0381208 0.6067912 -0.0057659
1 -0.3091817 1.0728998 0.9734222
1 -0.1722385 1.2464916 -0.9639320
1 0.9849493 -0.0889523 -0.1251399
8 -0.0310817 -0.7328561 0.0116127
5
-114.646 ts77 dynamics sesquiterpene TS runpoint 2  runisomer  73
6 -0.0464466 0.603414 0.00183899
1 -0.266552 1.08203 0.893764
1 -0.167387 1.25872 -0.958684
1 1.05045 -0.0868052 -0.107838
8 -0.0319538 -0.731804 0.00950548
5
-114.642     ts77     dynamics     sesquiterpene     TS     runpoint      3     runisomer      73
6 -0.0531646 0.6015986 0.0069741
1 -0.2287914 1.1019257 0.8314396
1 -0.1636706 1.2560742 -0.9390624
1 1.1063833 -0.0762677 -0.0874344
8 -0.0330511 -0.7321930 0.0070588
5
-114.632     ts77     dynamics     sesquiterpene     TS     runpoint      4     runisomer      73
6 -0.0570272 0.5998246 0.0075431
1 -0.2014414 1.1450142 0.8132914
1 -0.1614795 1.2391667 -0.9089136
1 1.1464547 -0.0521170 -0.0641484
8 -0.0345393 -0.7340332 0.0044093
5
-114.631     ts77     dynamics     sesquiterpene     TS     runpoint      5     runisomer      73
6 -0.0574462 0.5974265 0.0040880
1 -0.1834560 1.2092821 0.8393514
1 -0.1618049 1.2116003 -0.8763057
1 1.1692354 -0.0090498 -0.0386181
8 -0.0367718 -0.7372592 0.0016959
5
-114.641     ts77     dynamics     sesquiterpene     TS     runpoint      6     runisomer      73
6 -0.0542408 0.5947432 -0.0005072
1 -0.1705516 1.2769242 0.8861323
1 -0.1662522 1.1802922 -0.8529751
1 1.1762780 0.0573740 -0.0116784
8 -0.0401526 -0.7417192 -0.0009715
5
-114.646     ts77     dynamics     sesquiterpene     TS     runpoint      7     runisomer      73
6 -0.0472533 0.5919705 -0.0034510
1 -0.1601861 1.3314796 0.9320324
1 -0.1768201 1.1536174 -0.8508378
1 1.1695634 0.1494268 0.0157728
8 -0.0449595 -0.7471948 -0.0035199
5
-114.65     ts77     dynamics     sesquiterpene     TS     runpoint      8     runisomer      73
6 -0.0364051 0.5892130 -0.0033213
1 -0.1519040 1.3640537 0.9647719
1 -0.1949483 1.1360815 -0.8744942
1 1.1505616 0.2665929 0.0427208
8 -0.0512810 -0.7534547 -0.0058878
5
-114.66     ts77     dynamics     sesquiterpene     TS     runpoint      9     runisomer      73
6 -0.0219969 0.5870327 -0.0002635
1 -0.1465195 1.3711367 0.9786689
1 -0.2201490 1.1248811 -0.9163250
1 1.1217212 0.4050762 0.0679516
8 -0.0590247 -0.7602846 -0.0080116
5
-114.672     ts77     dynamics     sesquiterpene     TS     runpoint      10     runisomer      73
6 -0.0049450 0.5863020 0.0046483
1 -0.1457385 1.3522953 0.9720455
1 -0.2499040 1.1135658 -0.9617129
1 1.0894014 0.5579911 0.0901243
8 -0.0679565 -0.7674707 -0.0098181
5
-114.681     ts77     dynamics     sesquiterpene     TS     runpoint      11     runisomer      73
6 0.0132758 0.5876160 0.0101668
1 -0.1520928 1.3093557 0.9464174
1 -0.2808962 1.0970977 -0.9972867
1 1.0649517 0.7173644 0.1079864
8 -0.0777343 -0.7747551 -0.0112286
5
-114.654160 ts77 dynamics sesquiterpene TS runpoint 1  runisomer  73
6 -0.0381208 0.6067912 -0.0057659
1 -0.3091817 1.0728998 0.9734222
1 -0.1722385 1.2464916 -0.9639320
1 0.9849493 -0.0889523 -0.1251399
8 -0.0310817 -0.7328561 0.0116127
5
-114.646 ts77 dynamics sesquiterpene TS runpoint 2  runisomer  73
6 -0.0297058 0.612766 -0.0134042
1 -0.349355 1.06431 1.04357
1 -0.178372 1.22137 -0.954962
1 0.921499 -0.0879563 -0.139809
8 -0.03048 -0.735277 0.0132822
5
-114.641     ts77     dynamics     sesquiterpene     TS     runpoint      3     runisomer      73
6 -0.0226002 0.6215915 -0.0192389
1 -0.3816969 1.0523462 1.0886660
1 -0.1865137 1.1879584 -0.9361396
1 0.8750566 -0.0892413 -0.1531384
8 -0.0303341 -0.7389580 0.0144721
5
-114.632     ts77     dynamics     sesquiterpene     TS     runpoint      4     runisomer      73
6 -0.0177638 0.6328790 -0.0218098
1 -0.4030300 1.0367045 1.1017503
1 -0.1981725 1.1534736 -0.9163316
1 0.8578705 -0.0977083 -0.1667066
8 -0.0308007 -0.7437334 0.0151828
5
-114.628     ts77     dynamics     sesquiterpene     TS     runpoint      5     runisomer      73
6 -0.0154373 0.6456678 -0.0199387
1 -0.4118419 1.0186922 1.0810045
1 -0.2155268 1.1261885 -0.9071092
1 0.8723755 -0.1163905 -0.1811791
8 -0.0318124 -0.7492953 0.0154167
5
-114.633     ts77     dynamics     sesquiterpene     TS     runpoint      6     runisomer      73
6 -0.0152385 0.6587822 -0.0132236
1 -0.4082659 1.0006453 1.0289532
1 -0.2400995 1.1114033 -0.9163355
1 0.9098077 -0.1464209 -0.1956320
8 -0.0329964 -0.7551715 0.0151504
5
-114.643     ts77     dynamics     sesquiterpene     TS     runpoint      7     runisomer      73
6 -0.0165944 0.6713252 -0.0027863
1 -0.3951429 0.9864849 0.9549205
1 -0.2707315 1.1081943 -0.9412554
1 0.9554929 -0.1888577 -0.2081526
8 -0.0337544 -0.7608134 0.0143421
5
-114.65     ts77     dynamics     sesquiterpene     TS     runpoint      8     runisomer      73
6 -0.0188663 0.6826271 0.0084853
1 -0.3805518 0.9833852 0.8806026
1 -0.3035243 1.1114499 -0.9704728
1 0.9948559 -0.2464042 -0.2168867
8 -0.0333819 -0.7656752 0.0129591
5
-114.645     ts77     dynamics     sesquiterpene     TS     runpoint      9     runisomer      73
6 -0.0211997 0.6918637 0.0165428
1 -0.3791311 1.0026692 0.8413013
1 -0.3339421 1.1161086 -0.9920757
1 1.0164497 -0.3237535 -0.2206657
8 -0.0311638 -0.7692385 0.0109882
5
-114.642     ts77     dynamics     sesquiterpene     TS     runpoint      10     runisomer      73
6 -0.0231821 0.6984911 0.0188151
1 -0.4014964 1.0517552 0.8596436
1 -0.3585697 1.1190299 -0.9986962
1 1.0128433 -0.4260956 -0.2191145
8 -0.0264882 -0.7710385 0.0084457
5
-114.662     ts77     dynamics     sesquiterpene     TS     runpoint      11     runisomer      73
6 -0.0258166 0.7032035 0.0167986
1 -0.4394275 1.1212391 0.9150198
1 -0.3757201 1.1189525 -0.9882772
1 0.9817747 -0.5557656 -0.2126553
8 -0.0190824 -0.7707771 0.0054050
5
-114.688     ts77     dynamics     sesquiterpene     TS     runpoint      12     runisomer      73
6 -0.0303160 0.7070885 0.0134340
1 -0.4776852 1.1938084 0.9734282
1 -0.3854939 1.1161983 -0.9631611
1 0.9306286 -0.7088478 -0.2032895
8 -0.0094567 -0.7684440 0.0020759
5
-114.699     ts77     dynamics     sesquiterpene     TS     runpoint      13     runisomer      73
6 -0.0369664 0.7105624 0.0107958
1 -0.5065505 1.2564372 1.0142814
1 -0.3898208 1.1126093 -0.9295824
1 0.8835873 -0.8767460 -0.1961865
8 0.0005885 -0.7641898 -0.0010829
5
-114.694     ts77     dynamics     sesquiterpene     TS     runpoint      14     runisomer      73
6 -0.0452298 0.7133969 0.0101982
1 -0.5217306 1.3014309 1.0291513
1 -0.3923137 1.1113604 -0.8972639
1 0.8680653 -1.0549532 -0.1969450
8 0.0088817 -0.7578440 -0.0035607
5
-114.691     ts77     dynamics     sesquiterpene     TS     runpoint      15     runisomer      73
6 -0.0542464 0.7151918 0.0125113
1 -0.5218519 1.3245102 1.0162012
1 -0.3970999 1.1159337 -0.8770436
1 0.8712858 -1.2354729 -0.2022261
8 0.0157541 -0.7495579 -0.0054230
5
-114.684     ts77     dynamics     sesquiterpene     TS     runpoint      16     runisomer      73
6 -0.0633140 0.7157550 0.0179530
1 -0.5071340 1.3237245 0.9775144
1 -0.4063404 1.1278215 -0.8753672
1 0.8628666 -1.3968480 -0.2046569
8 0.0227442 -0.7405112 -0.0070220
5
-114.673     ts77     dynamics     sesquiterpene     TS     runpoint      17     runisomer      73
6 -0.0720710 0.7151630 0.0257022
1 -0.4793847 1.2996964 0.9192383
1 -0.4184735 1.1446168 -0.8899371
1 0.8294635 -1.5202638 -0.2006772
8 0.0304362 -0.7318340 -0.0084979
5
-114.663     ts77     dynamics     sesquiterpene     TS     runpoint      18     runisomer      73
6 -0.0802401 0.7133956 0.0338410
1 -0.4433798 1.2577835 0.8544709
1 -0.4294665 1.1611507 -0.9120304
1 0.7704754 -1.5954391 -0.1896894
8 0.0387069 -0.7241715 -0.0098251
5
-114.655     ts77     dynamics     sesquiterpene     TS     runpoint      19     runisomer      73
6 -0.0871899 0.7097463 0.0394415
1 -0.4091018 1.2118319 0.8079690
1 -0.4355196 1.1723604 -0.9321440
1 0.6895824 -1.6176789 -0.1721957
8 0.0472410 -0.7178428 -0.0109329
5
-114.646     ts77     dynamics     sesquiterpene     TS     runpoint      20     runisomer      73
6 -0.0919829 0.7028726 0.0392041
1 -0.3896766 1.1817985 0.8120537
1 -0.4346177 1.1750295 -0.9433261
1 0.5921370 -1.5869423 -0.1493415
8 0.0556972 -0.7128986 -0.0117485
5
-114.654     ts77     dynamics     sesquiterpene     TS     runpoint      21     runisomer      73
6 -0.0944925 0.6925141 0.0322218
1 -0.3880801 1.1731246 0.8749412
1 -0.4266761 1.1681005 -0.9421918
1 0.4887988 -1.5155034 -0.1240274
8 0.0634909 -0.7086454 -0.0121414
5
-114.669     ts77     dynamics     sesquiterpene     TS     runpoint      22     runisomer      73
6 -0.0956710 0.6800653 0.0212243
1 -0.3938156 1.1701456 0.9664477
1 -0.4132341 1.1526153 -0.9293877
1 0.4052996 -1.4506816 -0.1035213
8 0.0691512 -0.7022260 -0.0117559
5
-114.653     ts77     dynamics     sesquiterpene     TS     runpoint      23     runisomer      73
6 -0.0962961 0.6667800 0.0096164
1 -0.3972135 1.1586424 1.0530658
1 -0.3972530 1.1319422 -0.9099123
1 0.3758708 -1.4762093 -0.0979740
8 0.0706819 -0.6886230 -0.0100834
5
-114.656     ts77     dynamics     sesquiterpene     TS     runpoint      24     runisomer      73
6 -0.0965759 0.6534233 -0.0000669
1 -0.3941104 1.1335610 1.1152953
1 -0.3828258 1.1118615 -0.8926772
1 0.3830747 -1.5683127 -0.1037678
8 0.0693341 -0.6699531 -0.0074618
5
-114.659     ts77     dynamics     sesquiterpene     TS     runpoint      25     runisomer      73
6 -0.0964376 0.6407120 -0.0061988
1 -0.3836500 1.0953156 1.1444785
1 -0.3739880 1.0989191 -0.8873356
1 0.3950908 -1.6477300 -0.1124221
8 0.0672576 -0.6521873 -0.0044935
5
-114.643     ts77     dynamics     sesquiterpene     TS     runpoint      26     runisomer      73
6 -0.0958560 0.6295910 -0.0081548
1 -0.3663363 1.0466205 1.1379307
1 -0.3726440 1.0968717 -0.8982037
1 0.4001738 -1.6789946 -0.1207505
8 0.0653261 -0.6386760 -0.0014070
5
-114.634     ts77     dynamics     sesquiterpene     TS     runpoint      27     runisomer      73
6 -0.0949906 0.6212541 -0.0064079
1 -0.3434122 0.9915528 1.0970551
1 -0.3775357 1.1043622 -0.9206791
1 0.3960962 -1.6528847 -0.1283068
8 0.0637980 -0.6310684 0.0017475
5
-114.643     ts77     dynamics     sesquiterpene     TS     runpoint      28     runisomer      73
6 -0.0940731 0.6167384 -0.0023160
1 -0.3173653 0.9361033 1.0288697
1 -0.3855774 1.1165167 -0.9447395
1 0.3836654 -1.5724482 -0.1358036
8 0.0627583 -0.6300199 0.0049606
5
-114.661     ts77     dynamics     sesquiterpene     TS     runpoint      29     runisomer      73
6 -0.0931189 0.6162741 0.0019072
1 -0.2930458 0.8896401 0.9515718
1 -0.3936807 1.1281815 -0.9608070
1 0.3686444 -1.4579699 -0.1463650
8 0.0619669 -0.6346923 0.0083391
5
-114.658     ts77     dynamics     sesquiterpene     TS     runpoint      30     runisomer      73
6 -0.0916951 0.6189482 0.0029064
1 -0.2785274 0.8655233 0.9003376
1 -0.3996663 1.1358232 -0.9628363
1 0.3728823 -1.3701144 -0.1719785
8 0.0600939 -0.6411955 0.0125571
5
-114.629     ts77     dynamics     sesquiterpene     TS     runpoint      31     runisomer      73
6 -0.0891888 0.6235049 -0.0023491
1 -0.2813062 0.8746344 0.9097958
1 -0.4026665 1.1382087 -0.9493593
1 0.4312443 -1.3837201 -0.2359669
8 0.0549006 -0.6444820 0.0190838
5
-114.658     ts77     dynamics     sesquiterpene     TS     runpoint      32     runisomer      73
6 -0.0855807 0.6298718 -0.0128148
1 -0.2990826 0.9129391 0.9693025
1 -0.4034563 1.1367565 -0.9242115
1 0.5230453 -1.4391853 -0.3294055
8 0.0475796 -0.6480859 0.0274871
5
-114.685     ts77     dynamics     sesquiterpene     TS     runpoint      33     runisomer      73
6 -0.0812197 0.6383963 -0.0246450
1 -0.3226899 0.9662469 1.0389725
1 -0.4045114 1.1354123 -0.8962539
1 0.6129772 -1.4693380 -0.4276895
8 0.0401957 -0.6558555 0.0364011
5
-114.678     ts77     dynamics     sesquiterpene     TS     runpoint      34     runisomer      73
6 -0.0762276 0.6486386 -0.0346140
1 -0.3446710 1.0224859 1.0903424
1 -0.4095687 1.1396648 -0.8771555
1 0.6852793 -1.4548366 -0.5169032
8 0.0335989 -0.6682664 0.0450586
5
-114.666     ts77     dynamics     sesquiterpene     TS     runpoint      35     runisomer      73
6 -0.0705893 0.6597010 -0.0408645
1 -0.3608975 1.0741760 1.1105459
1 -0.4218508 1.1535122 -0.8759451
1 0.7334585 -1.3952436 -0.5895953
8 0.0281293 -0.6844496 0.0529771
5
-114.662     ts77     dynamics     sesquiterpene     TS     runpoint      36     runisomer      73
6 -0.0644685 0.6710064 -0.0429146
1 -0.3694779 1.1168281 1.0954306
1 -0.4413209 1.1756616 -0.8927202
1 0.7533152 -1.2951272 -0.6402673
8 0.0240535 -0.7033237 0.0597143
5
-114.673     ts77     dynamics     sesquiterpene     TS     runpoint      37     runisomer      73
6 -0.0583169 0.6824755 -0.0413359
1 -0.3697819 1.1478326 1.0456373
1 -0.4641255 1.1997299 -0.9190855
1 0.7420338 -1.1617814 -0.6645854
8 0.0216055 -0.7238020 0.0648571
5
-114.692     ts77     dynamics     sesquiterpene     TS     runpoint      38     runisomer      73
6 -0.0526823 0.6941442 -0.0371980
1 -0.3622368 1.1665910 0.9663673
1 -0.4849577 1.2182728 -0.9446605
1 0.7008312 -1.0067232 -0.6618075
8 0.0208125 -0.7446769 0.0681802
5
-114.709     ts77     dynamics     sesquiterpene     TS     runpoint      39     runisomer      73
6 -0.0479562 0.7057548 -0.0319140
1 -0.3492462 1.1761823 0.8703631
1 -0.4992955 1.2258042 -0.9619153
1 0.6406914 -0.8466474 -0.6412682
8 0.0211430 -0.7645538 0.0700541
5
-114.707     ts77     dynamics     sesquiterpene     TS     runpoint      40     runisomer      73
6 -0.0441235 0.7164770 -0.0275626
1 -0.3372887 1.1867813 0.7828404
1 -0.5042369 1.2194290 -0.9673677
1 0.5866978 -0.6979405 -0.6292769
8 0.0212290 -0.7822349 0.0718883
5
-114.682     ts77     dynamics     sesquiterpene     TS     runpoint      41     runisomer      73
6 -0.0406863 0.7249288 -0.0266865
1 -0.3370326 1.2160850 0.7383126
1 -0.4987211 1.1985622 -0.9613101
1 0.5599780 -0.5660721 -0.6510321
8 0.0199708 -0.7974174 0.0750206
5
-114.665     ts77     dynamics     sesquiterpene     TS     runpoint      42     runisomer      73
6 -0.0373769 0.7304173 -0.0299476
1 -0.3532367 1.2730860 0.7512380
1 -0.4839184 1.1649036 -0.9475763
1 0.5523147 -0.4553523 -0.6963372
8 0.0180609 -0.8099821 0.0786376
5
-114.663     ts77     dynamics     sesquiterpene     TS     runpoint      43     runisomer      73
6 -0.0347384 0.7339113 -0.0347654
1 -0.3767140 1.3434154 0.7986719
1 -0.4637576 1.1227315 -0.9334804
1 0.5484726 -0.3748652 -0.7426088
8 0.0165339 -0.8194496 0.0812864
5
-114.655     ts77     dynamics     sesquiterpene     TS     runpoint      44     runisomer      73
6 -0.0332128 0.7364963 -0.0379635
1 -0.3959860 1.4074148 0.8512790
1 -0.4445786 1.0784325 -0.9289215
1 0.5416195 -0.3297440 -0.7767115
8 0.0158292 -0.8254751 0.0822280
5
-114.639     ts77     dynamics     sesquiterpene     TS     runpoint      45     runisomer      73
6 -0.0328051 0.7385831 -0.0374753
1 -0.4048581 1.4532117 0.8911744
1 -0.4325149 1.0381197 -0.9425794
1 0.5301200 -0.3214367 -0.7930996
8 0.0160479 -0.8279111 0.0812358
5
-114.629     ts77     dynamics     sesquiterpene     TS     runpoint      46     runisomer      73
6 -0.0335306 0.7403854 -0.0326332
1 -0.4014518 1.4754900 0.9098554
1 -0.4294105 1.0045503 -0.9751809
1 0.5138677 -0.3506759 -0.7900745
8 0.0172078 -0.8267106 0.0782855
5
-114.633     ts77     dynamics     sesquiterpene     TS     runpoint      47     runisomer      73
6 -0.0356503 0.7421877 -0.0240149
1 -0.3862627 1.4725070 0.9042737
1 -0.4317808 0.9770086 -1.0174142
1 0.4933445 -0.4177887 -0.7690566
8 0.0192849 -0.8219133 0.0735049
5
-114.648     ts77     dynamics     sesquiterpene     TS     runpoint      48     runisomer      73
6 -0.0394289 0.7441098 -0.0128876
1 -0.3612496 1.4451075 0.8754230
1 -0.4340338 0.9538751 -1.0559768
1 0.4713591 -0.5198950 -0.7373783
8 0.0220731 -0.8137385 0.0674046
5
-114.666     ts77     dynamics     sesquiterpene     TS     runpoint      49     runisomer      73
6 -0.0448158 0.7456933 -0.0009125
1 -0.3300059 1.3979096 0.8296604
1 -0.4316495 0.9343837 -1.0799096
1 0.4573215 -0.6473545 -0.7150978
8 0.0248816 -0.8026953 0.0614044
5
-114.676     ts77     dynamics     sesquiterpene     TS     runpoint      50     runisomer      73
6 -0.0512452 0.7455435 0.0096037
1 -0.2988527 1.3425518 0.7828927
1 -0.4222892 0.9190552 -1.0828018
1 0.4659903 -0.7891545 -0.7317841
8 0.0266084 -0.7891958 0.0576898
5
-114.683     ts77     dynamics     sesquiterpene     TS     runpoint      51     runisomer      73
6 -0.0576804 0.7414138 0.0155519
1 -0.2771022 1.2995952 0.7634247
1 -0.4057679 0.9095387 -1.0629342
1 0.4936096 -0.9422717 -0.7827833
8 0.0272859 -0.7731447 0.0564118
5
-114.687     ts77     dynamics     sesquiterpene     TS     runpoint      52     runisomer      73
6 -0.0631997 0.7316098 0.0146373
1 -0.2712463 1.2856614 0.7955845
1 -0.3838666 0.9080721 -1.0239053
1 0.5178478 -1.0958937 -0.8290603
8 0.0281529 -0.7551411 0.0555248
5
-114.688     ts77     dynamics     sesquiterpene     TS     runpoint      53     runisomer      73
6 -0.0676691 0.7168646 0.0082840
1 -0.2770597 1.2916319 0.8684790
1 -0.3605258 0.9174177 -0.9765148
1 0.5246800 -1.2328654 -0.8458893
8 0.0299729 -0.7364144 0.0537689
5
-114.685     ts77     dynamics     sesquiterpene     TS     runpoint      54     runisomer      73
6 -0.0712068 0.6990549 0.0004611
1 -0.2858840 1.2960289 0.9502841
1 -0.3416875 0.9415082 -0.9390328
1 0.5103541 -1.3399643 -0.8265851
8 0.0329009 -0.7180995 0.0509019
5
-114.672     ts77     dynamics     sesquiterpene     TS     runpoint      55     runisomer      73
6 -0.0737614 0.6795038 -0.0054916
1 -0.2921357 1.2850776 1.0172063
1 -0.3326350 0.9846693 -0.9287527
1 0.4757073 -1.4088010 -0.7724606
8 0.0368259 -0.7011251 0.0470894
5
-114.667     ts77     dynamics     sesquiterpene     TS     runpoint      56     runisomer      73
6 -0.0754773 0.6593348 -0.0085789
1 -0.2934706 1.2535974 1.0574443
1 -0.3334080 1.0467313 -0.9457954
1 0.4231807 -1.4342502 -0.6878298
8 0.0415584 -0.6863174 0.0426064
5
-114.675     ts77     dynamics     sesquiterpene     TS     runpoint      57     runisomer      73
6 -0.0768202 0.6401189 -0.0097838
1 -0.2894059 1.2012240 1.0665918
1 -0.3390374 1.1194954 -0.9728342
1 0.3566696 -1.4155852 -0.5803314
8 0.0468572 -0.6743614 0.0378589
5
-114.687     ts77     dynamics     sesquiterpene     TS     runpoint      58     runisomer      73
6 -0.0782724 0.6235965 -0.0104089
1 -0.2805086 1.1306352 1.0447934
1 -0.3442550 1.1910999 -0.9916919
1 0.2846336 -1.3660024 -0.4675424
8 0.0522558 -0.6651531 0.0337779
5
-114.682     ts77     dynamics     sesquiterpene     TS     runpoint      59     runisomer      73
6 -0.0801494 0.6111050 -0.0114085
1 -0.2682215 1.0477218 0.9972246
1 -0.3457910 1.2513662 -0.9919000
1 0.2251184 -1.3367013 -0.3898814
8 0.0567396 -0.6561995 0.0326400
5
-114.656     ts77     dynamics     sesquiterpene     TS     runpoint      60     runisomer      73
6 -0.0825488 0.6033968 -0.0138873
1 -0.2554906 0.9629606 0.9379731
1 -0.3421829 1.2936235 -0.9698925
1 0.1913310 -1.3957749 -0.3876593
8 0.0596429 -0.6440163 0.0367009
5
-114.665     ts77     dynamics     sesquiterpene     TS     runpoint      61     runisomer      73
6 -0.0853259 0.6008696 -0.0197888
1 -0.2475938 0.8917720 0.8944447
1 -0.3332973 1.3148344 -0.9268441
1 0.1661704 -1.4930806 -0.4271197
8 0.0622573 -0.6328387 0.0436405
