5
-114.654160 ts77 dynamics sesquiterpene TS runpoint 1  runisomer  38
6 -0.0300217 0.6042892 -0.0201581
1 -0.2415986 1.1253729 0.9288382
1 -0.3035097 1.2272847 -0.8317647
1 0.9554559 -0.0885083 0.0795385
8 -0.0312863 -0.7331034 0.0039960
5
-114.648 ts77 dynamics sesquiterpene TS runpoint 2  runisomer  38
6 -0.0301159 0.601025 -0.0228685
1 -0.249316 1.14716 0.91451
1 -0.321469 1.17963 -0.76691
1 1.02806 -0.0958614 0.100504
8 -0.0341723 -0.728562 0.00152486
5
-114.638     ts77     dynamics     sesquiterpene     TS     runpoint      3     runisomer      38
6 -0.0287596 0.5981221 -0.0215072
1 -0.2547984 1.1641517 0.9009956
1 -0.3506400 1.1514500 -0.7456114
1 1.0959528 -0.0963255 0.1188634
8 -0.0372831 -0.7256509 -0.0011442
5
-114.629     ts77     dynamics     sesquiterpene     TS     runpoint      4     runisomer      38
6 -0.0248927 0.5947672 -0.0153774
1 -0.2572740 1.1755764 0.8903258
1 -0.3955409 1.1498582 -0.7782099
1 1.1499376 -0.0843015 0.1331542
8 -0.0406003 -0.7245125 -0.0039166
5
-114.633     ts77     dynamics     sesquiterpene     TS     runpoint      5     runisomer      38
6 -0.0187632 0.5917510 -0.0064344
1 -0.2564755 1.1816940 0.8843448
1 -0.4468543 1.1604433 -0.8436716
1 1.1868089 -0.0538822 0.1424592
8 -0.0443386 -0.7252214 -0.0067107
5
-114.638     ts77     dynamics     sesquiterpene     TS     runpoint      6     runisomer      38
6 -0.0110838 0.5897777 0.0028994
1 -0.2526890 1.1834339 0.8841683
1 -0.4912667 1.1673334 -0.9148476
1 1.2071028 0.0002088 0.1462674
8 -0.0488189 -0.7276941 -0.0094572
5
-114.64     ts77     dynamics     sesquiterpene     TS     runpoint      7     runisomer      38
6 -0.0023062 0.5888331 0.0110792
1 -0.2467872 1.1818368 0.8899699
1 -0.5199853 1.1630477 -0.9741456
1 1.2123850 0.0813771 0.1441003
8 -0.0542996 -0.7317300 -0.0120868
5
-114.642     ts77     dynamics     sesquiterpene     TS     runpoint      8     runisomer      38
6 0.0074148 0.5886331 0.0173564
1 -0.2401686 1.1775176 0.9009325
1 -0.5287357 1.1458455 -1.0123054
1 1.2036038 0.1906452 0.1352344
8 -0.0609055 -0.7371101 -0.0145246
5
-114.651     ts77     dynamics     sesquiterpene     TS     runpoint      9     runisomer      38
6 0.0179995 0.5890314 0.0214512
1 -0.2345642 1.1703999 0.9153328
1 -0.5160122 1.1165146 -1.0246716
1 1.1816754 0.3262199 0.1188248
8 -0.0686207 -0.7436559 -0.0166925
5
-114.666     ts77     dynamics     sesquiterpene     TS     runpoint      10     runisomer      38
6 0.0291676 0.5901533 0.0233402
1 -0.2318266 1.1598155 0.9308850
1 -0.4822577 1.0770324 -1.0092957
1 1.1499027 0.4829749 0.0943684
8 -0.0772973 -0.7512218 -0.0185197
5
-114.684     ts77     dynamics     sesquiterpene     TS     runpoint      11     runisomer      38
6 0.0402460 0.5922412 0.0232017
1 -0.2336974 1.1448657 0.9452492
1 -0.4302706 1.0305401 -0.9671565
1 1.1165717 0.6531189 0.0622220
8 -0.0866658 -0.7596398 -0.0199531
5
-114.699     ts77     dynamics     sesquiterpene     TS     runpoint      12     runisomer      38
6 0.0505335 0.5952614 0.0216540
1 -0.2415556 1.1248859 0.9563842
1 -0.3668480 0.9821670 -0.9050289
1 1.0925269 0.8288031 0.0236506
8 -0.0963702 -0.7686711 -0.0209794
5
-114.654160 ts77 dynamics sesquiterpene TS runpoint 1  runisomer  38
6 -0.0300217 0.6042892 -0.0201581
1 -0.2415986 1.1253729 0.9288382
1 -0.3035097 1.2272847 -0.8317647
1 0.9554559 -0.0885083 0.0795385
8 -0.0312863 -0.7331034 0.0039960
5
-114.648 ts77 dynamics sesquiterpene TS runpoint 2  runisomer  38
6 -0.030125 0.609673 -0.0156886
1 -0.232786 1.10073 0.942427
1 -0.287255 1.27452 -0.911325
1 0.893484 -0.0794731 0.0576735
8 -0.028884 -0.739135 0.0061773
5
-114.645     ts77     dynamics     sesquiterpene     TS     runpoint      3     runisomer      38
6 -0.0317216 0.6183023 -0.0113498
1 -0.2241965 1.0761034 0.9547159
1 -0.2674938 1.3072334 -0.9826297
1 0.8593354 -0.0733478 0.0360924
8 -0.0273214 -0.7465047 0.0079993
5
-114.636     ts77     dynamics     sesquiterpene     TS     runpoint      4     runisomer      38
6 -0.0353612 0.6302711 -0.0082325
1 -0.2171360 1.0547485 0.9661757
1 -0.2430142 1.3194240 -1.0326811
1 0.8627876 -0.0729509 0.0148292
8 -0.0267962 -0.7549330 0.0094304
5
-114.633     ts77     dynamics     sesquiterpene     TS     runpoint      5     runisomer      38
6 -0.0407027 0.6447569 -0.0068897
1 -0.2126661 1.0396199 0.9776385
1 -0.2145672 1.3098741 -1.0550115
1 0.8995377 -0.0782826 -0.0067282
8 -0.0271782 -0.7639106 0.0104634
5
-114.635     ts77     dynamics     sesquiterpene     TS     runpoint      6     runisomer      38
6 -0.0468360 0.6604486 -0.0075011
1 -0.2113683 1.0327022 0.9891908
1 -0.1837860 1.2800948 -1.0473417
1 0.9546701 -0.0875198 -0.0286995
8 -0.0280720 -0.7727902 0.0110923
5
-114.64     ts77     dynamics     sesquiterpene     TS     runpoint      7     runisomer      38
6 -0.0527959 0.6760047 -0.0098235
1 -0.2132325 1.0347145 0.9994035
1 -0.1528083 1.2340655 -1.0116877
1 1.0114651 -0.0989304 -0.0503424
8 -0.0290138 -0.7809686 0.0113053
5
-114.641     ts77     dynamics     sesquiterpene     TS     runpoint      8     runisomer      38
6 -0.0578551 0.6901385 -0.0129453
1 -0.2177914 1.0452815 1.0055627
1 -0.1241980 1.1795129 -0.9572742
1 1.0570016 -0.1118717 -0.0704675
8 -0.0296036 -0.7879862 0.0110948
5
-114.637     ts77     dynamics     sesquiterpene     TS     runpoint      9     runisomer      38
6 -0.0615715 0.7014131 -0.0149125
1 -0.2244103 1.0633988 1.0047898
1 -0.1007092 1.1298885 -0.9057425
1 1.0831267 -0.1270474 -0.0879076
8 -0.0295255 -0.7935030 0.0104688
5
-114.625     ts77     dynamics     sesquiterpene     TS     runpoint      10     runisomer      38
6 -0.0638131 0.7083060 -0.0129614
1 -0.2326044 1.0879396 0.9954962
1 -0.0842093 1.1023183 -0.8897911
1 1.0854000 -0.1465765 -0.1017170
8 -0.0285127 -0.7972531 0.0094523
5
-114.618     ts77     dynamics     sesquiterpene     TS     runpoint      11     runisomer      38
6 -0.0647960 0.7102604 -0.0059039
1 -0.2422731 1.1180700 0.9786469
1 -0.0743929 1.1042328 -0.9258822
1 1.0620206 -0.1741060 -0.1112374
8 -0.0263134 -0.7990039 0.0080900
5
-114.63     ts77     dynamics     sesquiterpene     TS     runpoint      12     runisomer      38
6 -0.0649835 0.7083282 0.0039857
1 -0.2537990 1.1534177 0.9578778
1 -0.0697627 1.1253786 -0.9918526
1 1.0134610 -0.2150486 -0.1162290
8 -0.0226794 -0.7985350 0.0064472
5
-114.647     ts77     dynamics     sesquiterpene     TS     runpoint      13     runisomer      38
6 -0.0649863 0.7040596 0.0135763
1 -0.2678397 1.1936443 0.9375554
1 -0.0689542 1.1514894 -1.0555047
1 0.9433715 -0.2765554 -0.1172454
8 -0.0174285 -0.7956376 0.0046041
5
-114.658     ts77     dynamics     sesquiterpene     TS     runpoint      14     runisomer      38
6 -0.0655235 0.6988143 0.0209835
1 -0.2848561 1.2374335 0.9201267
1 -0.0707241 1.1731943 -1.0968693
1 0.8627987 -0.3649472 -0.1163706
8 -0.0107667 -0.7902604 0.0026925
5
-114.662     ts77     dynamics     sesquiterpene     TS     runpoint      15     runisomer      38
6 -0.0671999 0.6936886 0.0255651
1 -0.3047093 1.2817019 0.9049985
1 -0.0739885 1.1854845 -1.1074019
1 0.8024411 -0.4769426 -0.1189068
8 -0.0042521 -0.7829221 0.0010302
5
-114.654     ts77     dynamics     sesquiterpene     TS     runpoint      16     runisomer      38
6 -0.0701597 0.6892953 0.0273395
1 -0.3266156 1.3218547 0.8896605
1 -0.0779716 1.1860384 -1.0853172
1 0.8238153 -0.5947899 -0.1352411
8 -0.0017492 -0.7747651 0.0003000
5
-114.666     ts77     dynamics     sesquiterpene     TS     runpoint      17     runisomer      38
6 -0.0740669 0.6856643 0.0266039
1 -0.3493666 1.3528881 0.8717902
1 -0.0821740 1.1747362 -1.0336502
1 0.9342692 -0.7198045 -0.1679333
8 -0.0040815 -0.7654074 0.0007803
5
-114.698     ts77     dynamics     sesquiterpene     TS     runpoint      18     runisomer      38
6 -0.0784731 0.6825899 0.0239729
1 -0.3717574 1.3706805 0.8507982
1 -0.0861343 1.1542015 -0.9614720
1 1.0525416 -0.8574610 -0.2032503
8 -0.0065712 -0.7542543 0.0017514
5
-114.697     ts77     dynamics     sesquiterpene     TS     runpoint      19     runisomer      38
6 -0.0830734 0.6795715 0.0207336
1 -0.3929252 1.3729288 0.8283185
1 -0.0892033 1.1315701 -0.8875844
1 1.1322930 -0.9959198 -0.2318661
8 -0.0066200 -0.7419804 0.0027422
5
-114.676     ts77     dynamics     sesquiterpene     TS     runpoint      20     runisomer      38
6 -0.0876708 0.6754907 0.0189824
1 -0.4125786 1.3596044 0.8079848
1 -0.0905115 1.1198382 -0.8418228
1 1.1626697 -1.1229700 -0.2507125
8 -0.0037660 -0.7293327 0.0036386
5
-114.653     ts77     dynamics     sesquiterpene     TS     runpoint      21     runisomer      38
6 -0.0920889 0.6691461 0.0202901
1 -0.4312186 1.3329410 0.7947918
1 -0.0890310 1.1306837 -0.8487108
1 1.1460871 -1.2302855 -0.2594062
8 0.0016721 -0.7168132 0.0044678
5
-114.647     ts77     dynamics     sesquiterpene     TS     runpoint      22     runisomer      38
6 -0.0960821 0.6606260 0.0234644
1 -0.4501879 1.2967631 0.7938926
1 -0.0840342 1.1601488 -0.8997409
1 1.0878734 -1.3119526 -0.2583059
8 0.0092135 -0.7048509 0.0052865
5
-114.657     ts77     dynamics     sesquiterpene     TS     runpoint      23     runisomer      38
6 -0.0992988 0.6511636 0.0257012
1 -0.4711076 1.2548612 0.8084557
1 -0.0759080 1.1936668 -0.9650321
1 0.9923211 -1.3622993 -0.2477139
8 0.0184521 -0.6940503 0.0061351
5
-114.668     ts77     dynamics     sesquiterpene     TS     runpoint      24     runisomer      38
6 -0.1013961 0.6421867 0.0250627
1 -0.4948237 1.2090485 0.8374240
1 -0.0660293 1.2197775 -1.0204051
1 0.8627195 -1.3750443 -0.2279669
8 0.0290609 -0.6852687 0.0070307
5
-114.679     ts77     dynamics     sesquiterpene     TS     runpoint      25     runisomer      38
6 -0.1022274 0.6349529 0.0209896
1 -0.5206421 1.1587666 0.8749953
1 -0.0560651 1.2326977 -1.0528215
1 0.7074182 -1.3481779 -0.2012238
8 0.0404670 -0.6791786 0.0080749
5
-114.687     ts77     dynamics     sesquiterpene     TS     runpoint      26     runisomer      38
6 -0.1019372 0.6302697 0.0138375
1 -0.5464484 1.1028232 0.9125774
1 -0.0474835 1.2302303 -1.0566955
1 0.5569300 -1.3042697 -0.1772232
8 0.0508152 -0.6747501 0.0098029
5
-114.66     ts77     dynamics     sesquiterpene     TS     runpoint      27     runisomer      38
6 -0.1008663 0.6283848 0.0043893
1 -0.5695656 1.0413461 0.9417595
1 -0.0413270 1.2125452 -1.0312986
1 0.4812689 -1.3285771 -0.1833758
8 0.0558458 -0.6668144 0.0138389
5
-114.651     ts77     dynamics     sesquiterpene     TS     runpoint      28     runisomer      38
6 -0.0993760 0.6293498 -0.0063755
1 -0.5878816 0.9766705 0.9564812
1 -0.0381406 1.1828276 -0.9810948
1 0.4832401 -1.4472460 -0.2292192
8 0.0555557 -0.6541107 0.0207110
5
-114.68     ts77     dynamics     sesquiterpene     TS     runpoint      29     runisomer      38
6 -0.0977507 0.6330750 -0.0171829
1 -0.6005458 0.9129854 0.9539929
1 -0.0377863 1.1492105 -0.9187046
1 0.4976368 -1.5621951 -0.2868278
8 0.0542038 -0.6435296 0.0286722
5
-114.665     ts77     dynamics     sesquiterpene     TS     runpoint      30     runisomer      38
6 -0.0961857 0.6386541 -0.0261283
1 -0.6081288 0.8552514 0.9350335
1 -0.0390888 1.1266729 -0.8686219
1 0.5022184 -1.6290679 -0.3425126
8 0.0532995 -0.6384425 0.0369283
5
-114.64     ts77     dynamics     sesquiterpene     TS     runpoint      31     runisomer      38
6 -0.0947409 0.6444775 -0.0311338
1 -0.6130073 0.8085017 0.9039301
1 -0.0403258 1.1330096 -0.8606770
1 0.4932539 -1.6377555 -0.3922194
8 0.0531648 -0.6397171 0.0452723
5
-114.635     ts77     dynamics     sesquiterpene     TS     runpoint      32     runisomer      38
6 -0.0931738 0.6497355 -0.0323004
1 -0.6199358 0.7774366 0.8685996
1 -0.0413124 1.1716065 -0.9010326
1 0.4702706 -1.5878168 -0.4340518
8 0.0539351 -0.6472809 0.0535490
5
-114.655     ts77     dynamics     sesquiterpene     TS     runpoint      33     runisomer      38
6 -0.0909435 0.6549590 -0.0324013
1 -0.6352866 0.7658652 0.8388583
1 -0.0437943 1.2261110 -0.9642152
1 0.4339065 -1.4833478 -0.4665959
8 0.0556753 -0.6604853 0.0615281
