5
-114.654160 ts77 dynamics sesquiterpene TS runpoint 1  runisomer  117
6 -0.0365200 0.6161980 0.0070819
1 -0.3128893 1.1321822 0.8972097
1 -0.1478953 1.0623808 -0.8721122
1 0.9475293 -0.0769123 -0.1476763
8 -0.0312252 -0.7328064 0.0024097
5
-114.643 ts77 dynamics sesquiterpene TS runpoint 2  runisomer  117
6 -0.0317283 0.618556 -0.00055313
1 -0.352037 1.1379 0.901667
1 -0.163195 1.08797 -0.817656
1 1.02123 -0.0452382 -0.155047
8 -0.0360329 -0.738544 0.00489027
5
-114.635     ts77     dynamics     sesquiterpene     TS     runpoint      3     runisomer      117
6 -0.0253290 0.6187609 -0.0034710
1 -0.3883749 1.1430590 0.9075398
1 -0.1910153 1.1463822 -0.8242502
1 1.0927730 -0.0031786 -0.1572129
8 -0.0412983 -0.7453549 0.0072607
5
-114.643     ts77     dynamics     sesquiterpene     TS     runpoint      4     runisomer      117
6 -0.0169402 0.6169619 -0.0030393
1 -0.4180444 1.1442930 0.9107907
1 -0.2280514 1.2243611 -0.8715705
1 1.1555441 0.0590877 -0.1530210
8 -0.0473429 -0.7529209 0.0094497
5
-114.652     ts77     dynamics     sesquiterpene     TS     runpoint      5     runisomer      117
6 -0.0067969 0.6142680 -0.0018011
1 -0.4378379 1.1395899 0.9088928
1 -0.2664840 1.2987925 -0.9266704
1 1.2054928 0.1476698 -0.1418891
8 -0.0544303 -0.7608760 0.0114116
5
-114.654     ts77     dynamics     sesquiterpene     TS     runpoint      6     runisomer      117
6 0.0048332 0.6113897 -0.0012521
1 -0.4457849 1.1282633 0.9007258
1 -0.3003333 1.3546948 -0.9701798
1 1.2386345 0.2637709 -0.1235184
8 -0.0626090 -0.7688417 0.0130997
5
-114.656     ts77     dynamics     sesquiterpene     TS     runpoint      7     runisomer      117
6 0.0178360 0.6087000 -0.0020302
1 -0.4416066 1.1108969 0.8867868
1 -0.3264116 1.3851836 -0.9940757
1 1.2507224 0.4043274 -0.0980147
8 -0.0717452 -0.7765082 0.0144621
5
-114.662     ts77     dynamics     sesquiterpene     TS     runpoint      8     runisomer      117
6 0.0321637 0.6065221 -0.0044207
1 -0.4269840 1.0892783 0.8694638
1 -0.3432968 1.3876142 -0.9957898
1 1.2389005 0.5629849 -0.0661712
8 -0.0816058 -0.7836628 0.0154499
5
-114.673     ts77     dynamics     sesquiterpene     TS     runpoint      9     runisomer      117
6 0.0476508 0.6052279 -0.0086090
1 -0.4055706 1.0661001 0.8530595
1 -0.3505957 1.3614051 -0.9752730
1 1.2040311 0.7310661 -0.0295702
8 -0.0919159 -0.7901722 0.0160278
5
-114.685     ts77     dynamics     sesquiterpene     TS     runpoint      10     runisomer      117
6 0.0639040 0.6051478 -0.0147341
1 -0.3825487 1.0440068 0.8430684
1 -0.3489818 1.3076322 -0.9343288
1 1.1521610 0.8993190 0.0097906
8 -0.1023925 -0.7959340 0.0161942
5
-114.654160 ts77 dynamics sesquiterpene TS runpoint 1  runisomer  117
6 -0.0365200 0.6161980 0.0070819
1 -0.3128893 1.1321822 0.8972097
1 -0.1478953 1.0623808 -0.8721122
1 0.9475293 -0.0769123 -0.1476763
8 -0.0312252 -0.7328064 0.0024097
5
-114.643 ts77 dynamics sesquiterpene TS runpoint 2  runisomer  117
6 -0.0408815 0.613597 0.0170009
1 -0.274759 1.13024 0.899438
1 -0.141042 1.05845 -0.96363
1 0.882767 -0.109312 -0.137384
8 -0.0267074 -0.728443 -5.45316e-05
5
-114.647     ts77     dynamics     sesquiterpene     TS     runpoint      3     runisomer      117
6 -0.0460630 0.6129218 0.0258110
1 -0.2404038 1.1356963 0.9124281
1 -0.1380419 1.0610154 -1.0549651
1 0.8409553 -0.1525702 -0.1276393
8 -0.0225400 -0.7257167 -0.0023431
5
-114.64     ts77     dynamics     sesquiterpene     TS     runpoint      4     runisomer      117
6 -0.0528975 0.6155121 0.0316815
1 -0.2107231 1.1493010 0.9357570
1 -0.1365320 1.0625784 -1.1229394
1 0.8334669 -0.2137448 -0.1218719
8 -0.0189068 -0.7247618 -0.0042984
5
-114.637     ts77     dynamics     sesquiterpene     TS     runpoint      5     runisomer      117
6 -0.0616832 0.6218949 0.0341890
1 -0.1850960 1.1684353 0.9639421
1 -0.1355267 1.0607441 -1.1569636
1 0.8627604 -0.2967753 -0.1217869
8 -0.0158412 -0.7254099 -0.0058163
5
-114.644     ts77     dynamics     sesquiterpene     TS     runpoint      6     runisomer      117
6 -0.0723310 0.6319538 0.0335794
1 -0.1623516 1.1887764 0.9892354
1 -0.1346412 1.0553493 -1.1531749
1 0.9191643 -0.4050193 -0.1266581
8 -0.0128964 -0.7270787 -0.0068840
5
-114.661     ts77     dynamics     sesquiterpene     TS     runpoint      7     runisomer      117
6 -0.0845811 0.6450875 0.0303253
1 -0.1413916 1.2062981 1.0048426
1 -0.1337502 1.0474088 -1.1118198
1 0.9833823 -0.5404841 -0.1339269
8 -0.0091293 -0.7290015 -0.0075742
5
-114.681     ts77     dynamics     sesquiterpene     TS     runpoint      8     runisomer      117
6 -0.0980435 0.6602762 0.0250962
1 -0.1214124 1.2183703 1.0066508
1 -0.1329649 1.0393678 -1.0381654
1 1.0346559 -0.6993756 -0.1405526
8 -0.0035683 -0.7306403 -0.0079886
5
-114.697     ts77     dynamics     sesquiterpene     TS     runpoint      9     runisomer      117
6 -0.1121753 0.6760740 0.0191499
1 -0.1020025 1.2240970 0.9938039
1 -0.1327614 1.0366365 -0.9473379
1 1.0578186 -0.8712347 -0.1441240
8 0.0043383 -0.7318534 -0.0082171
5
-114.701     ts77     dynamics     sesquiterpene     TS     runpoint      10     runisomer      117
6 -0.1263410 0.6905158 0.0149383
1 -0.0830655 1.2243638 0.9690398
1 -0.1338555 1.0502530 -0.8715156
1 1.0453256 -1.0421986 -0.1432686
8 0.0146285 -0.7327910 -0.0083287
5
-114.688     ts77     dynamics     sesquiterpene     TS     runpoint      11     runisomer      117
6 -0.1399954 0.7013285 0.0153468
1 -0.0644562 1.2218583 0.9391486
1 -0.1363524 1.0948593 -0.8513430
1 0.9963992 -1.1985685 -0.1376211
8 0.0269408 -0.7337035 -0.0083802
5
-114.682     ts77     dynamics     sesquiterpene     TS     runpoint      12     runisomer      117
6 -0.1528146 0.7074703 0.0198464
1 -0.0453985 1.2208995 0.9147278
1 -0.1393855 1.1707023 -0.8902748
1 0.9155975 -1.3292307 -0.1276290
8 0.0406411 -0.7347977 -0.0083940
5
-114.687     ts77     dynamics     sesquiterpene     TS     runpoint      13     runisomer      117
6 -0.1646407 0.7097086 0.0244912
1 -0.0242603 1.2258310 0.9062432
1 -0.1424822 1.2580917 -0.9510771
1 0.8116407 -1.4274476 -0.1143882
8 0.0549269 -0.7361072 -0.0083485
5
-114.681     ts77     dynamics     sesquiterpene     TS     runpoint      14     runisomer      117
6 -0.1754025 0.7091635 0.0264493
1 0.0004108 1.2374300 0.9167263
1 -0.1455625 1.3377458 -1.0023797
1 0.6965089 -1.4929801 -0.0996008
8 0.0688950 -0.7373191 -0.0081795
5
-114.667     ts77     dynamics     sesquiterpene     TS     runpoint      15     runisomer      117
6 -0.1850469 0.7067704 0.0251386
1 0.0284111 1.2512524 0.9393115
1 -0.1484262 1.3984275 -1.0296707
1 0.5839938 -1.5345934 -0.0855219
8 0.0816358 -0.7375958 -0.0077899
5
-114.652     ts77     dynamics     sesquiterpene     TS     runpoint      16     runisomer      117
6 -0.1935167 0.7032634 0.0211895
1 0.0578597 1.2604900 0.9627239
1 -0.1507752 1.4344618 -1.0283185
1 0.4855079 -1.5691470 -0.0744897
8 0.0924884 -0.7356412 -0.0070846
5
-114.64     ts77     dynamics     sesquiterpene     TS     runpoint      17     runisomer      117
6 -0.2007914 0.6991482 0.0155006
1 0.0862730 1.2595417 0.9773896
1 -0.1523866 1.4431857 -0.9984797
1 0.4032534 -1.6102652 -0.0679099
8 0.1014391 -0.7304538 -0.0060375
5
-114.639     ts77     dynamics     sesquiterpene     TS     runpoint      18     runisomer      117
6 -0.2069104 0.6947004 0.0089123
1 0.1114071 1.2453847 0.9777728
1 -0.1531961 1.4241964 -0.9435905
1 0.3294942 -1.6548046 -0.0657910
8 0.1091444 -0.7222233 -0.0047134
5
-114.645     ts77     dynamics     sesquiterpene     TS     runpoint      19     runisomer      117
6 -0.2119966 0.6898797 0.0022968
1 0.1316504 1.2175066 0.9624539
1 -0.1532521 1.3804838 -0.8716280
1 0.2547182 -1.6879858 -0.0676029
8 0.1163993 -0.7120061 -0.0032071
5
-114.653     ts77     dynamics     sesquiterpene     TS     runpoint      20     runisomer      117
6 -0.2162964 0.6840280 -0.0030928
1 0.1463210 1.1776867 0.9339472
1 -0.1524149 1.3219305 -0.7991139
1 0.1728300 -1.6969476 -0.0730733
8 0.1238060 -0.7008532 -0.0015935
5
-114.656     ts77     dynamics     sesquiterpene     TS     runpoint      21     runisomer      117
6 -0.2202504 0.6755018 -0.0053030
1 0.1561639 1.1301145 0.8988261
1 -0.1496708 1.2692456 -0.7551426
1 0.0809067 -1.6766892 -0.0823085
8 0.1317708 -0.6894161 0.0000857
5
-114.654     ts77     dynamics     sesquiterpene     TS     runpoint      22     runisomer      117
6 -0.2245030 0.6624392 -0.0026700
1 0.1639610 1.0815536 0.8675945
1 -0.1433448 1.2449964 -0.7694522
1 -0.0223907 -1.6303886 -0.0957472
8 0.1405802 -0.6779455 0.0018245
5
-114.666     ts77     dynamics     sesquiterpene     TS     runpoint      23     runisomer      117
6 -0.2296044 0.6451439 0.0034233
1 0.1743434 1.0404964 0.8524268
1 -0.1342564 1.2467695 -0.8374534
1 -0.1384209 -1.5673010 -0.1141968
8 0.1504908 -0.6664713 0.0036548
5
-114.686     ts77     dynamics     sesquiterpene     TS     runpoint      24     runisomer      117
6 -0.2357360 0.6258400 0.0095719
1 0.1910238 1.0140162 0.8604442
1 -0.1260090 1.2534358 -0.9255387
1 -0.2686192 -1.4964448 -0.1385593
8 0.1617244 -0.6552050 0.0056202
5
-114.697     ts77     dynamics     sesquiterpene     TS     runpoint      25     runisomer      117
6 -0.2426306 0.6068110 0.0138290
1 0.2128326 1.0041506 0.8871908
1 -0.1216589 1.2502153 -1.0056126
1 -0.4097822 -1.4178827 -0.1684041
8 0.1741425 -0.6450548 0.0076649
5
-114.697     ts77     dynamics     sesquiterpene     TS     runpoint      26     runisomer      117
6 -0.2496471 0.5900043 0.0161067
1 0.2340735 1.0083345 0.9198368
1 -0.1229036 1.2317857 -1.0629660
1 -0.5492995 -1.3245378 -0.2008874
8 0.1869375 -0.6374306 0.0095579
5
-114.689     ts77     dynamics     sesquiterpene     TS     runpoint      27     runisomer      117
6 -0.2560710 0.5769927 0.0170372
1 0.2484934 1.0225623 0.9456982
1 -0.1306066 1.1977573 -1.0913622
1 -0.6698455 -1.2131858 -0.2320871
8 0.1989301 -0.6334393 0.0109843
5
-114.676     ts77     dynamics     sesquiterpene     TS     runpoint      28     runisomer      117
6 -0.2613352 0.5689089 0.0172459
1 0.2517707 1.0433778 0.9565182
1 -0.1451582 1.1499261 -1.0889922
1 -0.7572920 -1.0884278 -0.2588558
8 0.2090997 -0.6335335 0.0116810
5
-114.666     ts77     dynamics     sesquiterpene     TS     runpoint      29     runisomer      117
6 -0.2650750 0.5663813 0.0172150
1 0.2418211 1.0683601 0.9485202
1 -0.1666025 1.0915951 -1.0571633
1 -0.8039129 -0.9595277 -0.2794578
8 0.2168221 -0.6376594 0.0114990
5
-114.664     ts77     dynamics     sesquiterpene     TS     runpoint      30     runisomer      117
6 -0.2671243 0.5694155 0.0174380
1 0.2184109 1.0961438 0.9215726
1 -0.1946351 1.0282175 -1.0016392
1 -0.8087012 -0.8368304 -0.2935809
8 0.2219029 -0.6454250 0.0104192
5
-114.667     ts77     dynamics     sesquiterpene     TS     runpoint      31     runisomer      117
6 -0.2674755 0.5772295 0.0187843
1 0.1830445 1.1265472 0.8790523
1 -0.2285286 0.9688842 -0.9368792
1 -0.7779344 -0.7302700 -0.3025660
8 0.2245929 -0.6561790 0.0085719
5
-114.667     ts77     dynamics     sesquiterpene     TS     runpoint      32     runisomer      117
6 -0.2662159 0.5882727 0.0228590
1 0.1394372 1.1611618 0.8284325
1 -0.2675660 0.9268304 -0.8904308
1 -0.7258094 -0.6496080 -0.3101487
8 0.2255712 -0.6690777 0.0062533
5
-114.657     ts77     dynamics     sesquiterpene     TS     runpoint      33     runisomer      117
6 -0.2634320 0.6008135 0.0311407
1 0.0939446 1.2043917 0.7815309
1 -0.3126747 0.9133702 -0.8921446
1 -0.6730316 -0.6039489 -0.3231902
8 0.2258659 -0.6832395 0.0039223
5
-114.652     ts77     dynamics     sesquiterpene     TS     runpoint      34     runisomer      117
6 -0.2593040 0.6138890 0.0424423
1 0.0540574 1.2628497 0.7515128
1 -0.3655774 0.9263006 -0.9410117
1 -0.6400348 -0.5988380 -0.3503275
8 0.2265369 -0.6978701 0.0021212
5
-114.659     ts77     dynamics     sesquiterpene     TS     runpoint      35     runisomer      117
6 -0.2542539 0.6272753 0.0536264
1 0.0240901 1.3393389 0.7444194
1 -0.4242474 0.9533708 -1.0062890
1 -0.6342900 -0.6341968 -0.3964900
8 0.2279717 -0.7122106 0.0011957
5
-114.67     ts77     dynamics     sesquiterpene     TS     runpoint      36     runisomer      117
6 -0.2486865 0.6411237 0.0627257
1 0.0030694 1.4260890 0.7539600
1 -0.4837456 0.9840513 -1.0602159
1 -0.6440105 -0.7056528 -0.4574784
8 0.2294817 -0.7254988 0.0010056
5
-114.675     ts77     dynamics     sesquiterpene     TS     runpoint      37     runisomer      117
6 -0.2429217 0.6557752 0.0692349
1 -0.0119100 1.5085365 0.7683672
1 -0.5393348 1.0121822 -1.0879187
1 -0.6485956 -0.8054872 -0.5221797
8 0.2298925 -0.7371690 0.0010349
5
-114.672     ts77     dynamics     sesquiterpene     TS     runpoint      38     runisomer      117
6 -0.2372802 0.6714349 0.0731431
1 -0.0227038 1.5736171 0.7785163
1 -0.5875100 1.0343601 -1.0832661
1 -0.6318838 -0.9232732 -0.5790414
8 0.2283237 -0.7469953 0.0007508
5
-114.668     ts77     dynamics     sesquiterpene     TS     runpoint      39     runisomer      117
6 -0.2320778 0.6880263 0.0744694
1 -0.0298946 1.6131128 0.7799290
1 -0.6259868 1.0486557 -1.0450216
1 -0.5865041 -1.0474150 -0.6198465
8 0.2244404 -0.7550105 -0.0001739
5
-114.668     ts77     dynamics     sesquiterpene     TS     runpoint      40     runisomer      117
6 -0.2275715 0.7051765 0.0732400
1 -0.0332902 1.6234295 0.7719409
1 -0.6538592 1.0542680 -0.9758097
1 -0.5127381 -1.1667483 -0.6405899
8 0.2183819 -0.7613640 -0.0018053
5
-114.674     ts77     dynamics     sesquiterpene     TS     runpoint      41     runisomer      117
6 -0.2238543 0.7221720 0.0696787
1 -0.0320733 1.6050838 0.7570685
1 -0.6726427 1.0520597 -0.8837197
1 -0.4165844 -1.2721215 -0.6415682
8 0.2106416 -0.7661807 -0.0039394
5
-114.681     ts77     dynamics     sesquiterpene     TS     runpoint      42     runisomer      117
6 -0.2206411 0.7377665 0.0645277
1 -0.0245444 1.5630686 0.7412651
1 -0.6889508 1.0460706 -0.7862450
1 -0.3080199 -1.3582157 -0.6275146
8 0.2019453 -0.7694324 -0.0061076
5
-114.676     ts77     dynamics     sesquiterpene     TS     runpoint      43     runisomer      117
6 -0.2170138 0.7500135 0.0591803
1 -0.0077011 1.5074430 0.7344781
1 -0.7177989 1.0448572 -0.7121447
1 -0.1984871 -1.4249845 -0.6070266
8 0.1930795 -0.7708318 -0.0076302
5
-114.662     ts77     dynamics     sesquiterpene     TS     runpoint      44     runisomer      117
6 -0.2118856 0.7568194 0.0544860
1 0.0225087 1.4512502 0.7491851
1 -0.7765993 1.0570150 -0.6855562
1 -0.0969976 -1.4764657 -0.5897797
8 0.1846405 -0.7699197 -0.0077991
5
-114.659     ts77     dynamics     sesquiterpene     TS     runpoint      45     runisomer      117
6 -0.2055840 0.7575282 0.0489837
1 0.0685892 1.4025489 0.7930565
1 -0.8636781 1.0806178 -0.6975269
1 -0.0070791 -1.5156553 -0.5818749
8 0.1768321 -0.7664024 -0.0061810
