5
-114.654160 ts77 dynamics sesquiterpene TS runpoint 1  runisomer  26
6 -0.0213254 0.6060152 -0.0064496
1 -0.2818148 1.1718066 0.9561163
1 -0.4040816 1.1921043 -0.9507836
1 1.0773478 -0.1274155 0.1148555
8 -0.0366200 -0.7326558 -0.0027337
5
-114.641 ts77 dynamics sesquiterpene TS runpoint 2  runisomer  26
6 -0.0226522 0.600327 -0.0093108
1 -0.259039 1.2013 1.01383
1 -0.382514 1.13707 -0.947581
1 1.04816 -0.0915715 0.130126
8 -0.0365797 -0.729037 -0.00538779
5
-114.64     ts77     dynamics     sesquiterpene     TS     runpoint      3     runisomer      26
6 -0.0240434 0.5973862 -0.0110941
1 -0.2316695 1.2170853 1.0494492
1 -0.3542176 1.0765184 -0.9334824
1 1.0125403 -0.0456885 0.1418441
8 -0.0367996 -0.7269010 -0.0079209
5
-114.639     ts77     dynamics     sesquiterpene     TS     runpoint      4     runisomer      26
6 -0.0252217 0.5968317 -0.0106806
1 -0.2011735 1.2175083 1.0579850
1 -0.3236437 1.0196112 -0.9179966
1 0.9797246 0.0128189 0.1501693
8 -0.0376967 -0.7266124 -0.0102691
5
-114.638     ts77     dynamics     sesquiterpene     TS     runpoint      5     runisomer      26
6 -0.0259013 0.5979791 -0.0069595
1 -0.1700180 1.2030606 1.0383901
1 -0.2958533 0.9763767 -0.9145517
1 0.9604969 0.0866297 0.1554236
8 -0.0396912 -0.7284880 -0.0123745
5
-114.641     ts77     dynamics     sesquiterpene     TS     runpoint      6     runisomer      26
6 -0.0259522 0.6001231 0.0005171
1 -0.1416312 1.1763124 0.9935808
1 -0.2738576 0.9533427 -0.9324114
1 0.9650550 0.1779197 0.1576700
8 -0.0431151 -0.7327110 -0.0141783
5
-114.652     ts77     dynamics     sesquiterpene     TS     runpoint      7     runisomer      26
6 -0.0253617 0.6026147 0.0106040
1 -0.1206591 1.1431572 0.9328777
1 -0.2568434 0.9503387 -0.9676323
1 0.9990584 0.2874192 0.1561144
8 -0.0480944 -0.7392007 -0.0156041
5
-114.666     ts77     dynamics     sesquiterpene     TS     runpoint      8     runisomer      26
6 -0.0237182 0.6044506 0.0205087
1 -0.1130070 1.1150288 0.8759831
1 -0.2422533 0.9626402 -1.0061224
1 1.0588017 0.4139443 0.1488925
8 -0.0544934 -0.7475525 -0.0165702
5
-114.672     ts77     dynamics     sesquiterpene     TS     runpoint      9     runisomer      26
6 -0.0199170 0.6042125 0.0267571
1 -0.1248987 1.1079314 0.8510952
1 -0.2285365 0.9847218 -1.0338687
1 1.1307576 0.5537978 0.1341479
8 -0.0619932 -0.7571299 -0.0170121
5
-114.674     ts77     dynamics     sesquiterpene     TS     runpoint      10     runisomer      26
6 -0.0127596 0.6013002 0.0274158
1 -0.1599183 1.1295333 0.8726792
1 -0.2156304 1.0117871 -1.0423533
1 1.1982628 0.7003596 0.1116512
8 -0.0702224 -0.7672453 -0.0169142
5
-114.681     ts77     dynamics     sesquiterpene     TS     runpoint      11     runisomer      26
6 -0.0018029 0.5969445 0.0236925
1 -0.2151006 1.1676114 0.9227539
1 -0.2043025 1.0398788 -1.0288951
1 1.2484649 0.8454135 0.0830113
8 -0.0788417 -0.7772856 -0.0163188
5
-114.684     ts77     dynamics     sesquiterpene     TS     runpoint      12     runisomer      26
6 0.0125667 0.5929419 0.0180209
1 -0.2821518 1.2036173 0.9733593
1 -0.1957087 1.0659582 -0.9955860
1 1.2743267 0.9810045 0.0507404
8 -0.0875687 -0.7867374 -0.0153172
5
-114.676     ts77     dynamics     sesquiterpene     TS     runpoint      13     runisomer      26
6 0.0296225 0.5904582 0.0123809
1 -0.3521733 1.2254714 1.0064945
1 -0.1914374 1.0883234 -0.9486735
1 1.2734468 1.1004098 0.0174658
8 -0.0961663 -0.7951822 -0.0140321
5
-114.664     ts77     dynamics     sesquiterpene     TS     runpoint      14     runisomer      26
6 0.0486697 0.5900003 0.0082687
1 -0.4180145 1.2277931 1.0142295
1 -0.1938949 1.1070486 -0.8980970
1 1.2462711 1.1981915 -0.0144125
8 -0.1044389 -0.8023247 -0.0126114
5
-114.654     ts77     dynamics     sesquiterpene     TS     runpoint      15     runisomer      26
6 0.0693840 0.5918500 0.0068279
1 -0.4748476 1.2087900 0.9943327
1 -0.2074566 1.1231967 -0.8553951
1 1.1945976 1.2697616 -0.0423651
8 -0.1122872 -0.8080418 -0.0112041
5
-114.651     ts77     dynamics     sesquiterpene     TS     runpoint      16     runisomer      26
6 0.0911186 0.5960535 0.0087172
1 -0.5191443 1.1693859 0.9477885
1 -0.2357670 1.1389802 -0.8294336
1 1.1231892 1.3109396 -0.0646283
8 -0.1195178 -0.8123013 -0.0099200
5
-114.652     ts77     dynamics     sesquiterpene     TS     runpoint      17     runisomer      26
6 0.1129096 0.6029418 0.0123346
1 -0.5468693 1.1096108 0.8811656
1 -0.2811436 1.1531535 -0.8202477
1 1.0402315 1.3206432 -0.0738625
8 -0.1260318 -0.8152053 -0.0084316
5
-114.666     ts77     dynamics     sesquiterpene     TS     runpoint      18     runisomer      26
6 0.1333415 0.6121990 0.0173426
1 -0.5590565 1.0358909 0.8009677
1 -0.3404654 1.1596552 -0.8238153
1 0.9577570 1.3018263 -0.0718403
8 -0.1316569 -0.8167272 -0.0070369
5
-114.654160 ts77 dynamics sesquiterpene TS runpoint 1  runisomer  26
6 -0.0213254 0.6060152 -0.0064496
1 -0.2818148 1.1718066 0.9561163
1 -0.4040816 1.1921043 -0.9507836
1 1.0773478 -0.1274155 0.1148555
8 -0.0366200 -0.7326558 -0.0027337
5
-114.641 ts77 dynamics sesquiterpene TS runpoint 2  runisomer  26
6 -0.0202118 0.614275 -0.00370114
1 -0.300307 1.13379 0.887399
1 -0.416033 1.23516 -0.93906
1 1.09318 -0.155879 0.0962083
8 -0.0365348 -0.737376 -2.95914e-05
5
-114.638     ts77     dynamics     sesquiterpene     TS     runpoint      3     runisomer      26
6 -0.0192195 0.6242802 -0.0026864
1 -0.3182746 1.0977036 0.8280336
1 -0.4169649 1.2625391 -0.9127212
1 1.0911364 -0.1802667 0.0746856
8 -0.0359603 -0.7427964 0.0026462
5
-114.633     ts77     dynamics     sesquiterpene     TS     runpoint      4     runisomer      26
6 -0.0180080 0.6347782 -0.0052552
1 -0.3432466 1.0771960 0.8044165
1 -0.4068532 1.2732235 -0.8754990
1 1.0690324 -0.2051053 0.0510384
8 -0.0345408 -0.7484871 0.0052068
5
-114.633     ts77     dynamics     sesquiterpene     TS     runpoint      5     runisomer      26
6 -0.0165415 0.6450628 -0.0117683
1 -0.3796211 1.0776645 0.8287783
1 -0.3873640 1.2692448 -0.8345987
1 1.0273024 -0.2365335 0.0261712
8 -0.0319488 -0.7540005 0.0075491
5
-114.646     ts77     dynamics     sesquiterpene     TS     runpoint      6     runisomer      26
6 -0.0156400 0.6554266 -0.0198614
1 -0.4212372 1.0902120 0.8851177
1 -0.3625358 1.2566955 -0.8012508
1 0.9696792 -0.2823882 0.0010740
8 -0.0279386 -0.7588861 0.0095520
5
-114.657     ts77     dynamics     sesquiterpene     TS     runpoint      7     runisomer      26
6 -0.0163420 0.6661472 -0.0261126
1 -0.4579956 1.1033515 0.9479635
1 -0.3386410 1.2456423 -0.7897146
1 0.9049380 -0.3509159 -0.0233991
8 -0.0225244 -0.7627412 0.0110986
5
-114.659     ts77     dynamics     sesquiterpene     TS     runpoint      8     runisomer      26
6 -0.0193264 0.6771029 -0.0279603
1 -0.4832648 1.1107060 0.9987857
1 -0.3210451 1.2451543 -0.8109416
1 0.8516635 -0.4458767 -0.0473247
8 -0.0164463 -0.7654086 0.0121290
5
-114.659     ts77     dynamics     sesquiterpene     TS     runpoint      9     runisomer      26
6 -0.0249573 0.6882468 -0.0246597
1 -0.4944349 1.1101405 1.0272328
1 -0.3096819 1.2551498 -0.8625371
1 0.8435181 -0.5611435 -0.0734363
8 -0.0117210 -0.7671000 0.0127583
5
-114.667     ts77     dynamics     sesquiterpene     TS     runpoint      10     runisomer      26
6 -0.0332451 0.6996004 -0.0171250
1 -0.4915843 1.1017040 1.0286455
1 -0.3000178 1.2669452 -0.9287999
1 0.9027324 -0.6910453 -0.1061704
8 -0.0100232 -0.7676435 0.0132547
5
-114.689     ts77     dynamics     sesquiterpene     TS     runpoint      11     runisomer      26
6 -0.0437585 0.7109543 -0.0069771
1 -0.4768156 1.0868192 1.0031056
1 -0.2878175 1.2715550 -0.9915270
1 0.9908059 -0.8367434 -0.1434640
8 -0.0093845 -0.7663346 0.0135546
5
-114.699     ts77     dynamics     sesquiterpene     TS     runpoint      12     runisomer      26
6 -0.0557377 0.7218165 0.0039553
1 -0.4545490 1.0687099 0.9568700
1 -0.2710629 1.2640834 -1.0372104
1 1.0586873 -0.9886739 -0.1789947
8 -0.0071353 -0.7633001 0.0133856
5
-114.69     ts77     dynamics     sesquiterpene     TS     runpoint      13     runisomer      26
6 -0.0681091 0.7313328 0.0134656
1 -0.4326210 1.0536158 0.9058466
1 -0.2494563 1.2434261 -1.0579870
1 1.0841932 -1.1322340 -0.2085325
8 -0.0022052 -0.7591409 0.0126381
5
-114.672     ts77     dynamics     sesquiterpene     TS     runpoint      14     runisomer      26
6 -0.0795112 0.7382890 0.0188739
1 -0.4222711 1.0509929 0.8763188
1 -0.2237463 1.2110688 -1.0508590
1 1.0627124 -1.2551600 -0.2301559
8 0.0054298 -0.7544101 0.0113569
5
-114.659     ts77     dynamics     sesquiterpene     TS     runpoint      15     runisomer      26
6 -0.0888308 0.7416059 0.0183977
1 -0.4316860 1.0679589 0.8891306
1 -0.1954400 1.1706027 -1.0180423
1 0.9966886 -1.3482274 -0.2431389
8 0.0153913 -0.7495535 0.0096598
5
-114.665     ts77     dynamics     sesquiterpene     TS     runpoint      16     runisomer      26
6 -0.0959649 0.7410301 0.0134151
1 -0.4568803 1.1005186 0.9353175
1 -0.1667096 1.1282283 -0.9693390
1 0.8916208 -1.4045435 -0.2474988
8 0.0271396 -0.7449553 0.0076970
5
-114.677     ts77     dynamics     sesquiterpene     TS     runpoint      17     runisomer      26
6 -0.1014318 0.7366949 0.0077532
1 -0.4867775 1.1372873 0.9874397
1 -0.1400184 1.0935705 -0.9250177
1 0.7571028 -1.4210120 -0.2445878
8 0.0399187 -0.7407979 0.0056872
5
-114.68     ts77     dynamics     sesquiterpene     TS     runpoint      18     runisomer      26
6 -0.1057112 0.7284452 0.0052674
1 -0.5126317 1.1684774 1.0238267
1 -0.1169057 1.0777187 -0.9111982
1 0.6132320 -1.4066049 -0.2399451
8 0.0523669 -0.7364829 0.0040982
5
-114.667     ts77     dynamics     sesquiterpene     TS     runpoint      19     runisomer      26
6 -0.1091919 0.7163204 0.0075709
1 -0.5298259 1.1881369 1.0337685
1 -0.0970088 1.0851338 -0.9381246
1 0.4988103 -1.4011445 -0.2499683
8 0.0620175 -0.7294369 0.0040733
5
-114.65     ts77     dynamics     sesquiterpene     TS     runpoint      20     runisomer      26
6 -0.1121339 0.7011961 0.0132068
1 -0.5366756 1.1931939 1.0144426
1 -0.0795697 1.1089900 -0.9875859
1 0.4430493 -1.4572445 -0.2966825
8 0.0670714 -0.7163781 0.0071243
5
-114.666     ts77     dynamics     sesquiterpene     TS     runpoint      21     runisomer      26
6 -0.1145797 0.6844456 0.0195459
1 -0.5337091 1.1829802 0.9686399
1 -0.0647994 1.1386766 -1.0336485
1 0.4153896 -1.5410141 -0.3698510
8 0.0695306 -0.6997606 0.0127686
5
-114.673     ts77     dynamics     sesquiterpene     TS     runpoint      22     runisomer      26
6 -0.1163797 0.6673374 0.0242153
1 -0.5239264 1.1597696 0.9048240
1 -0.0532751 1.1661367 -1.0593927
1 0.3870073 -1.5981869 -0.4475164
8 0.0713269 -0.6835915 0.0198049
5
-114.664     ts77     dynamics     sesquiterpene     TS     runpoint      23     runisomer      26
6 -0.1171681 0.6507131 0.0250837
1 -0.5138942 1.1302412 0.8386763
1 -0.0452963 1.1864043 -1.0575342
1 0.3485876 -1.6053633 -0.5177447
8 0.0732040 -0.6700859 0.0276312
