5
-114.654160 ts77 dynamics sesquiterpene TS runpoint 1  runisomer  80
6 -0.0414229 0.6154741 0.0114806
1 -0.2372884 1.1720039 0.8315898
1 -0.2188350 1.1973414 -0.9298438
1 0.9834672 -0.0851137 -0.0394124
8 -0.0301043 -0.7427600 0.0000608
5
-114.647 ts77 dynamics sesquiterpene TS runpoint 2  runisomer  80
6 -0.038762 0.613992 0.0195246
1 -0.242282 1.23383 0.831214
1 -0.210866 1.23092 -0.978093
1 0.925878 -0.0529405 -0.062723
8 -0.0286596 -0.749687 -0.00144179
5
-114.642     ts77     dynamics     sesquiterpene     TS     runpoint      3     runisomer      80
6 -0.0362777 0.6143066 0.0242624
1 -0.2515745 1.2985550 0.8506639
1 -0.2009673 1.2485620 -1.0099576
1 0.8863892 -0.0176537 -0.0858185
8 -0.0280747 -0.7573375 -0.0027595
5
-114.635     ts77     dynamics     sesquiterpene     TS     runpoint      4     runisomer      80
6 -0.0349145 0.6175812 0.0264219
1 -0.2612863 1.3533709 0.8752790
1 -0.1892380 1.2472858 -1.0202733
1 0.8791022 0.0210588 -0.1095787
8 -0.0287674 -0.7656081 -0.0037860
5
-114.63     ts77     dynamics     sesquiterpene     TS     runpoint      5     runisomer      80
6 -0.0349672 0.6240796 0.0266669
1 -0.2684633 1.3889809 0.8947605
1 -0.1768206 1.2270665 -1.0078180
1 0.9089546 0.0657142 -0.1339893
8 -0.0309405 -0.7742679 -0.0044455
5
-114.634     ts77     dynamics     sesquiterpene     TS     runpoint      6     runisomer      80
6 -0.0357749 0.6330005 0.0254183
1 -0.2714366 1.4007981 0.9037280
1 -0.1657719 1.1904690 -0.9749835
1 0.9688789 0.1221834 -0.1569302
8 -0.0346213 -0.7829581 -0.0046995
5
-114.645     ts77     dynamics     sesquiterpene     TS     runpoint      7     runisomer      80
6 -0.0360077 0.6428301 0.0231348
1 -0.2695940 1.3879861 0.9004104
1 -0.1591416 1.1432797 -0.9294915
1 1.0446129 0.1971864 -0.1746895
8 -0.0397539 -0.7912779 -0.0045282
5
-114.655     ts77     dynamics     sesquiterpene     TS     runpoint      8     runisomer      80
6 -0.0341938 0.6517311 0.0207357
1 -0.2633396 1.3528753 0.8861137
1 -0.1610825 1.0954098 -0.8872838
1 1.1214876 0.2942785 -0.1836988
8 -0.0462327 -0.7988458 -0.0039215
5
-114.66     ts77     dynamics     sesquiterpene     TS     runpoint      9     runisomer      80
6 -0.0290227 0.6578216 0.0195369
1 -0.2544234 1.3012157 0.8658371
1 -0.1765485 1.0592627 -0.8711996
1 1.1875782 0.4123219 -0.1817717
8 -0.0538668 -0.8053215 -0.0028824
5
-114.663     ts77     dynamics     sesquiterpene     TS     runpoint      10     runisomer      80
6 -0.0194930 0.6597581 0.0198512
1 -0.2464125 1.2425640 0.8493918
1 -0.2091965 1.0418203 -0.8951847
1 1.2340096 0.5466180 -0.1683931
8 -0.0623929 -0.8104429 -0.0014156
5
-114.671     ts77     dynamics     sesquiterpene     TS     runpoint      11     runisomer      80
6 -0.0051650 0.6572885 0.0196709
1 -0.2445634 1.1884711 0.8500371
1 -0.2576170 1.0385710 -0.9473609
1 1.2547676 0.6905260 -0.1445111
8 -0.0715190 -0.8140461 0.0004584
5
-114.68     ts77     dynamics     sesquiterpene     TS     runpoint      12     runisomer      80
6 0.0136926 0.6511239 0.0164565
1 -0.2536260 1.1461355 0.8759756
1 -0.3154657 1.0402801 -1.0027082
1 1.2468104 0.8364742 -0.1122985
8 -0.0809522 -0.8160578 0.0026898
5
-114.686     ts77     dynamics     sesquiterpene     TS     runpoint      13     runisomer      80
6 0.0361191 0.6426924 0.0095447
1 -0.2744619 1.1133040 0.9207914
1 -0.3753201 1.0399456 -1.0420098
1 1.2105015 0.9766801 -0.0749885
8 -0.0904074 -0.8164778 0.0051749
5
-114.687     ts77     dynamics     sesquiterpene     TS     runpoint      14     runisomer      80
6 0.0606538 0.6336482 0.0000532
1 -0.3041406 1.0826639 0.9678818
1 -0.4311795 1.0335201 -1.0555309
1 1.1500253 1.1040047 -0.0365885
8 -0.0996159 -0.8153816 0.0077589
5
-114.684     ts77     dynamics     sesquiterpene     TS     runpoint      15     runisomer      80
6 0.0859985 0.6253002 -0.0103793
1 -0.3400147 1.0479016 1.0021147
1 -0.4803127 1.0170940 -1.0400319
1 1.0735911 1.2141486 -0.0011340
8 -0.1084604 -0.8128359 0.0102157
5
-114.654160 ts77 dynamics sesquiterpene TS runpoint 1  runisomer  80
6 -0.0414229 0.6154741 0.0114806
1 -0.2372884 1.1720039 0.8315898
1 -0.2188350 1.1973414 -0.9298438
1 0.9834672 -0.0851137 -0.0394124
8 -0.0301043 -0.7427600 0.0000608
5
-114.647 ts77 dynamics sesquiterpene TS runpoint 2  runisomer  80
6 -0.0432498 0.617422 0.000305752
1 -0.239273 1.12269 0.862769
1 -0.226385 1.15541 -0.876802
1 1.04306 -0.114 -0.0154048
8 -0.0318875 -0.736651 0.00162547
5
-114.646     ts77     dynamics     sesquiterpene     TS     runpoint      3     runisomer      80
6 -0.0435316 0.6188850 -0.0116534
1 -0.2471669 1.0855521 0.9199226
1 -0.2376135 1.1190309 -0.8398055
1 1.0916648 -0.1394664 0.0090349
8 -0.0335356 -0.7315118 0.0031266
5
-114.637     ts77     dynamics     sesquiterpene     TS     runpoint      4     runisomer      80
6 -0.0418498 0.6192374 -0.0206854
1 -0.2572894 1.0548741 0.9849766
1 -0.2585778 1.1042958 -0.8424386
1 1.1207661 -0.1617044 0.0331643
8 -0.0346746 -0.7275134 0.0044512
5
-114.631     ts77     dynamics     sesquiterpene     TS     runpoint      5     runisomer      80
6 -0.0382801 0.6187523 -0.0248745
1 -0.2663496 1.0268279 1.0401263
1 -0.2915753 1.1148366 -0.8875725
1 1.1256313 -0.1817060 0.0561363
8 -0.0350120 -0.7247856 0.0055169
5
-114.633     ts77     dynamics     sesquiterpene     TS     runpoint      6     runisomer      80
6 -0.0335989 0.6187698 -0.0251292
1 -0.2725193 1.0006727 1.0742576
1 -0.3315017 1.1386259 -0.9518432
1 1.1044730 -0.2018680 0.0772493
8 -0.0342884 -0.7233800 0.0062774
5
-114.634     ts77     dynamics     sesquiterpene     TS     runpoint      7     runisomer      80
6 -0.0288873 0.6206110 -0.0231034
1 -0.2751260 0.9773948 1.0824644
1 -0.3711544 1.1623084 -1.0098742
1 1.0581636 -0.2267150 0.0960822
8 -0.0322440 -0.7232211 0.0067109
5
-114.636     ts77     dynamics     sesquiterpene     TS     runpoint      8     runisomer      80
6 -0.0252394 0.6251040 -0.0200694
1 -0.2742669 0.9588353 1.0646077
1 -0.4053397 1.1780432 -1.0464472
1 0.9909875 -0.2633405 0.1127016
8 -0.0286494 -0.7241061 0.0068187
5
-114.642     ts77     dynamics     sesquiterpene     TS     runpoint      9     runisomer      80
6 -0.0237052 0.6327112 -0.0170668
1 -0.2707200 0.9475573 1.0251447
1 -0.4310467 1.1824016 -1.0546702
1 0.9127683 -0.3205849 0.1281384
8 -0.0234757 -0.7257703 0.0066006
5
-114.651     ts77     dynamics     sesquiterpene     TS     runpoint      10     runisomer      80
6 -0.0250809 0.6435356 -0.0152677
1 -0.2662098 0.9471165 0.9742383
1 -0.4467550 1.1745322 -1.0326568
1 0.8435746 -0.4045476 0.1454722
8 -0.0173793 -0.7280768 0.0059816
5
-114.657     ts77     dynamics     sesquiterpene     TS     runpoint      11     runisomer      80
6 -0.0294861 0.6569858 -0.0160434
1 -0.2636784 0.9621389 0.9283434
1 -0.4523480 1.1555221 -0.9825540
1 0.8197704 -0.5112179 0.1718060
8 -0.0123820 -0.7311948 0.0046415
5
-114.666     ts77     dynamics     sesquiterpene     TS     runpoint      12     runisomer      80
6 -0.0361612 0.6715419 -0.0202805
1 -0.2663233 0.9968578 0.9051200
1 -0.4501930 1.1290388 -0.9124943
1 0.8704912 -0.6339802 0.2153950
8 -0.0105396 -0.7348989 0.0021265
5
-114.693     ts77     dynamics     sesquiterpene     TS     runpoint      13     runisomer      80
6 -0.0437780 0.6852718 -0.0268879
1 -0.2745406 1.0511634 0.9106691
1 -0.4477542 1.1032845 -0.8413350
1 0.9582513 -0.7749936 0.2703105
8 -0.0099919 -0.7381131 -0.0012066
5
-114.703     ts77     dynamics     sesquiterpene     TS     runpoint      14     runisomer      80
6 -0.0507706 0.6964623 -0.0322616
1 -0.2846105 1.1183169 0.9343268
1 -0.4595582 1.0919549 -0.8004409
1 1.0291269 -0.9259673 0.3226869
8 -0.0078345 -0.7405127 -0.0045404
5
-114.688     ts77     dynamics     sesquiterpene     TS     runpoint      15     runisomer      80
6 -0.0559355 0.7042379 -0.0329664
1 -0.2918139 1.1884884 0.9597201
1 -0.4983212 1.1047094 -0.8134926
1 1.0584344 -1.0722240 0.3639167
8 -0.0029126 -0.7423564 -0.0073843
5
-114.679     ts77     dynamics     sesquiterpene     TS     runpoint      16     runisomer      80
6 -0.0596493 0.7094121 -0.0291159
1 -0.2930789 1.2529576 0.9747888
1 -0.5575245 1.1325875 -0.8665102
1 1.0407208 -1.2011184 0.3904606
8 0.0047964 -0.7439347 -0.0095506
5
-114.675     ts77     dynamics     sesquiterpene     TS     runpoint      17     runisomer      80
6 -0.0631231 0.7134329 -0.0228168
1 -0.2872118 1.3054791 0.9733944
1 -0.6196998 1.1587558 -0.9280118
1 0.9779826 -1.3030028 0.4012742
8 0.0149006 -0.7454900 -0.0109923
5
-114.669     ts77     dynamics     sesquiterpene     TS     runpoint      18     runisomer      80
6 -0.0671287 0.7171859 -0.0157531
1 -0.2743363 1.3422652 0.9540231
1 -0.6720363 1.1722912 -0.9762130
1 0.8752049 -1.3704393 0.3966837
8 0.0268663 -0.7472270 -0.0117417
5
-114.667     ts77     dynamics     sesquiterpene     TS     runpoint      19     runisomer      80
6 -0.0719011 0.7209008 -0.0089839
1 -0.2554236 1.3619893 0.9190044
1 -0.7081085 1.1685195 -1.0005972
1 0.7411177 -1.3993201 0.3791223
8 0.0399735 -0.7491992 -0.0119681
5
-114.672     ts77     dynamics     sesquiterpene     TS     runpoint      20     runisomer      80
6 -0.0774155 0.7242687 -0.0033755
1 -0.2320109 1.3662616 0.8746790
1 -0.7252006 1.1462482 -0.9970713
1 0.5938795 -1.3959824 0.3570516
8 0.0529881 -0.7508012 -0.0122115
5
-114.67     ts77     dynamics     sesquiterpene     TS     runpoint      21     runisomer      80
6 -0.0835663 0.7264857 0.0001354
1 -0.2059320 1.3604484 0.8318952
1 -0.7227196 1.1062631 -0.9653479
1 0.4686178 -1.3945052 0.3539543
8 0.0636926 -0.7496704 -0.0139523
5
-114.654     ts77     dynamics     sesquiterpene     TS     runpoint      22     runisomer      80
6 -0.0901758 0.7264257 0.0007043
1 -0.1787504 1.3533593 0.8046227
1 -0.7025018 1.0512371 -0.9091842
1 0.3939632 -1.4464538 0.4023322
8 0.0703671 -0.7424361 -0.0192459
5
-114.669     ts77     dynamics     sesquiterpene     TS     runpoint      23     runisomer      80
6 -0.0968359 0.7231272 -0.0015781
1 -0.1508615 1.3529948 0.8035563
1 -0.6713062 0.9868030 -0.8395993
1 0.3440752 -1.5259860 0.4899333
8 0.0747817 -0.7308651 -0.0273692
5
-114.68     ts77     dynamics     sesquiterpene     TS     runpoint      24     runisomer      80
6 -0.1025037 0.7161904 -0.0045504
1 -0.1214860 1.3599221 0.8277435
1 -0.6452073 0.9229039 -0.7804290
1 0.2935732 -1.5809203 0.5845194
8 0.0787186 -0.7186079 -0.0363492
5
-114.666     ts77     dynamics     sesquiterpene     TS     runpoint      25     runisomer      80
6 -0.1054459 0.7057756 -0.0043789
1 -0.0902791 1.3673607 0.8652966
1 -0.6484887 0.8716562 -0.7653425
1 0.2359525 -1.5890997 0.6679380
8 0.0827952 -0.7075175 -0.0450478
5
-114.656     ts77     dynamics     sesquiterpene     TS     runpoint      26     runisomer      80
6 -0.1051083 0.6927539 0.0008031
1 -0.0582341 1.3674984 0.9025569
1 -0.6902705 0.8381407 -0.8043886
1 0.1717194 -1.5462205 0.7315198
8 0.0872002 -0.6983458 -0.0528273
5
-114.668     ts77     dynamics     sesquiterpene     TS     runpoint      27     runisomer      80
6 -0.1032573 0.6784447 0.0090607
1 -0.0270236 1.3552986 0.9301791
1 -0.7511179 0.8192360 -0.8679425
1 0.1034274 -1.4548704 0.7702758
8 0.0919796 -0.6914055 -0.0591978
5
-114.682     ts77     dynamics     sesquiterpene     TS     runpoint      28     runisomer      80
6 -0.1018340 0.6639038 0.0178294
1 0.0017357 1.3288454 0.9437490
1 -0.8089455 0.8118008 -0.9244907
1 0.0345099 -1.3219468 0.7818313
8 0.0970847 -0.6867358 -0.0637941
5
-114.691     ts77     dynamics     sesquiterpene     TS     runpoint      29     runisomer      80
6 -0.1019389 0.6498548 0.0253823
1 0.0269143 1.2889612 0.9429998
1 -0.8515279 0.8143743 -0.9572364
1 -0.0316591 -1.1612698 0.7705124
8 0.1024282 -0.6839681 -0.0666350
5
-114.694     ts77     dynamics     sesquiterpene     TS     runpoint      30     runisomer      80
6 -0.1040991 0.6368507 0.0304610
1 0.0482008 1.2390998 0.9314473
1 -0.8736929 0.8261716 -0.9595128
1 -0.0949225 -0.9967091 0.7569704
8 0.1080884 -0.6821811 -0.0687189
5
-114.686     ts77     dynamics     sesquiterpene     TS     runpoint      31     runisomer      80
6 -0.1085721 0.6254166 0.0318679
1 0.0663659 1.1852606 0.9162452
1 -0.8738753 0.8465241 -0.9297602
1 -0.1618406 -0.8523716 0.7754588
8 0.1145252 -0.6805856 -0.0718546
5
-114.681     ts77     dynamics     sesquiterpene     TS     runpoint      32     runisomer      80
6 -0.1154328 0.6161192 0.0285625
1 0.0831854 1.1350878 0.9067503
1 -0.8529547 0.8747339 -0.8698129
1 -0.2340957 -0.7337924 0.8276124
8 0.1218448 -0.6796968 -0.0758388
5
-114.681     ts77     dynamics     sesquiterpene     TS     runpoint      33     runisomer      80
6 -0.1244252 0.6094559 0.0203540
1 0.1006813 1.0952011 0.9101076
1 -0.8153654 0.9104365 -0.7862282
1 -0.3007986 -0.6407895 0.8812214
8 0.1293210 -0.6802934 -0.0785348
5
-114.675     ts77     dynamics     sesquiterpene     TS     runpoint      34     runisomer      80
6 -0.1345423 0.6056558 0.0087608
1 0.1197954 1.0680516 0.9261386
1 -0.7728066 0.9555141 -0.6945069
1 -0.3523844 -0.5756004 0.9136908
8 0.1362737 -0.6826776 -0.0786712
5
-114.662     ts77     dynamics     sesquiterpene     TS     runpoint      35     runisomer      80
6 -0.1436667 0.6042647 -0.0029050
1 0.1397585 1.0519044 0.9476258
1 -0.7476673 1.0180222 -0.6216732
1 -0.3846513 -0.5391364 0.9165535
8 0.1423093 -0.6868516 -0.0760403
5
-114.647     ts77     dynamics     sesquiterpene     TS     runpoint      36     runisomer      80
6 -0.1496904 0.6043596 -0.0115896
1 0.1588934 1.0434621 0.9658782
1 -0.7601992 1.1085844 -0.5900110
1 -0.3965514 -0.5312625 0.8888188
8 0.1471598 -0.6925923 -0.0709198
5
-114.652     ts77     dynamics     sesquiterpene     TS     runpoint      37     runisomer      80
6 -0.1528630 0.6064163 -0.0172348
1 0.1755344 1.0397464 0.9748666
1 -0.8017729 1.2194437 -0.5909577
1 -0.3890017 -0.5524617 0.8345312
8 0.1506343 -0.6995484 -0.0637694
5
-114.665     ts77     dynamics     sesquiterpene     TS     runpoint      38     runisomer      80
6 -0.1547107 0.6121329 -0.0213600
1 0.1882695 1.0386012 0.9716556
1 -0.8486001 1.3273469 -0.6028566
1 -0.3662956 -0.6038908 0.7646224
8 0.1527357 -0.7073215 -0.0553153
5
-114.668     ts77     dynamics     sesquiterpene     TS     runpoint      39     runisomer      80
6 -0.1561515 0.6225503 -0.0250484
1 0.1961935 1.0388905 0.9560055
1 -0.8849919 1.4141346 -0.6125604
1 -0.3409747 -0.6852103 0.7026275
8 0.1540132 -0.7154989 -0.0470418
5
-114.661     ts77     dynamics     sesquiterpene     TS     runpoint      40     runisomer      80
6 -0.1575217 0.6374846 -0.0287621
1 0.1994726 1.0409099 0.9304809
1 -0.9043456 1.4705729 -0.6148867
1 -0.3363049 -0.7942510 0.6846222
8 0.1557569 -0.7235152 -0.0413636
5
-114.661     ts77     dynamics     sesquiterpene     TS     runpoint      41     runisomer      80
6 -0.1589909 0.6558398 -0.0326547
1 0.1997837 1.0467259 0.9004835
1 -0.9049179 1.4929211 -0.6084312
1 -0.3602573 -0.9293979 0.7186650
8 0.1583822 -0.7305429 -0.0391031
5
-114.676     ts77     dynamics     sesquiterpene     TS     runpoint      42     runisomer      80
6 -0.1607157 0.6762036 -0.0368675
1 0.2001438 1.0594160 0.8734985
1 -0.8876312 1.4806969 -0.5937366
1 -0.3889542 -1.0781619 0.7648727
8 0.1603695 -0.7364747 -0.0380777
5
-114.681     ts77     dynamics     sesquiterpene     TS     runpoint      43     runisomer      80
6 -0.1627192 0.6971677 -0.0414611
1 0.2038949 1.0814677 0.8566201
1 -0.8560360 1.4367092 -0.5734546
1 -0.4028272 -1.2209202 0.7909815
8 0.1605175 -0.7418238 -0.0364903
5
-114.676     ts77     dynamics     sesquiterpene     TS     runpoint      44     runisomer      80
6 -0.1645285 0.7172303 -0.0459333
1 0.2129646 1.1132636 0.8526554
1 -0.8185855 1.3693686 -0.5541123
1 -0.3957633 -1.3425647 0.7853721
8 0.1584976 -0.7469694 -0.0337485
5
-114.668     ts77     dynamics     sesquiterpene     TS     runpoint      45     runisomer      80
6 -0.1647327 0.7345205 -0.0487729
1 0.2266087 1.1526184 0.8581575
1 -0.7926694 1.2960083 -0.5491109
1 -0.3682593 -1.4334956 0.7467199
8 0.1544235 -0.7520669 -0.0298434
5
-114.657     ts77     dynamics     sesquiterpene     TS     runpoint      46     runisomer      80
6 -0.1612351 0.7470888 -0.0477948
1 0.2418853 1.1959382 0.8657654
1 -0.8020724 1.2381137 -0.5768978
1 -0.3232932 -1.4877127 0.6777997
8 0.1485951 -0.7571592 -0.0249610
5
-114.66     ts77     dynamics     sesquiterpene     TS     runpoint      47     runisomer      80
6 -0.1534399 0.7545789 -0.0421167
1 0.2553312 1.2397378 0.8684367
1 -0.8526413 1.1995186 -0.6416389
1 -0.2657603 -1.5030213 0.5846712
8 0.1414595 -0.7621391 -0.0194406
5
-114.677     ts77     dynamics     sesquiterpene     TS     runpoint      48     runisomer      80
6 -0.1433005 0.7582472 -0.0332728
1 0.2643989 1.2813031 0.8620916
1 -0.9209311 1.1648749 -0.7225606
1 -0.2048325 -1.4865553 0.4802074
8 0.1337446 -0.7663619 -0.0139945
5
-114.679     ts77     dynamics     sesquiterpene     TS     runpoint      49     runisomer      80
6 -0.1330431 0.7589400 -0.0233672
1 0.2679814 1.3187929 0.8459309
1 -0.9814448 1.1229361 -0.7960498
1 -0.1587434 -1.4690677 0.3906614
8 0.1267314 -0.7677010 -0.0101355
5
-114.653     ts77     dynamics     sesquiterpene     TS     runpoint      50     runisomer      80
6 -0.1240604 0.7567260 -0.0139631
1 0.2663779 1.3513938 0.8218336
1 -1.0198828 1.0712975 -0.8479566
1 -0.1501343 -1.5040346 0.3470915
8 0.1219712 -0.7626348 -0.0096571
5
-114.645     ts77     dynamics     sesquiterpene     TS     runpoint      51     runisomer      80
6 -0.1171707 0.7513843 -0.0061158
1 0.2609375 1.3795078 0.7934264
1 -1.0303057 1.0120213 -0.8718031
1 -0.1746984 -1.5858469 0.3413758
8 0.1193486 -0.7515068 -0.0118916
5
-114.651     ts77     dynamics     sesquiterpene     TS     runpoint      52     runisomer      80
6 -0.1129004 0.7427088 -0.0005121
1 0.2534658 1.4043644 0.7647802
1 -1.0112893 0.9488004 -0.8655450
1 -0.2118116 -1.6599842 0.3466777
8 0.1177552 -0.7379081 -0.0150202
5
-114.65     ts77     dynamics     sesquiterpene     TS     runpoint      53     runisomer      80
6 -0.1115097 0.7306104 0.0025326
1 0.2455678 1.4268802 0.7389542
1 -0.9645128 0.8859915 -0.8303457
1 -0.2496890 -1.6953087 0.3503158
8 0.1166480 -0.7240646 -0.0181243
5
-114.652     ts77     dynamics     sesquiterpene     TS     runpoint      54     runisomer      80
6 -0.1128306 0.7151823 0.0032403
1 0.2381899 1.4464777 0.7170104
1 -0.8961205 0.8286374 -0.7719157
1 -0.2834187 -1.6819767 0.3485949
8 0.1159185 -0.7109502 -0.0208449
5
-114.661     ts77     dynamics     sesquiterpene     TS     runpoint      55     runisomer      80
6 -0.1158625 0.6967430 0.0027454
1 0.2316334 1.4607908 0.6981588
1 -0.8215090 0.7828622 -0.7053005
1 -0.3108234 -1.6193776 0.3408290
8 0.1156310 -0.6990770 -0.0229943
5
-114.666     ts77     dynamics     sesquiterpene     TS     runpoint      56     runisomer      80
6 -0.1183148 0.6757784 0.0035247
1 0.2259941 1.4666418 0.6808987
1 -0.7712360 0.7559913 -0.6610556
1 -0.3318673 -1.5132588 0.3280777
8 0.1159827 -0.6887093 -0.0244760
5
-114.665     ts77     dynamics     sesquiterpene     TS     runpoint      57     runisomer      80
6 -0.1177855 0.6529242 0.0081592
1 0.2217831 1.4616890 0.6644737
1 -0.7771880 0.7545165 -0.6717721
1 -0.3528536 -1.3818934 0.3159719
8 0.1175473 -0.6794342 -0.0254798
5
-114.675     ts77     dynamics     sesquiterpene     TS     runpoint      58     runisomer      80
6 -0.1153289 0.6293162 0.0156051
1 0.2203998 1.4457644 0.6498606
1 -0.8300474 0.7782474 -0.7283041
1 -0.3958252 -1.2641414 0.3203833
8 0.1218271 -0.6696324 -0.0268618
5
-114.683     ts77     dynamics     sesquiterpene     TS     runpoint      59     runisomer      80
6 -0.1140705 0.6067603 0.0225561
1 0.2237822 1.4209976 0.6391745
1 -0.8951217 0.8193480 -0.7947608
1 -0.4870362 -1.1906557 0.3572395
8 0.1305152 -0.6583677 -0.0295391
5
-114.692     ts77     dynamics     sesquiterpene     TS     runpoint      60     runisomer      80
6 -0.1160182 0.5873201 0.0268325
1 0.2336225 1.3909660 0.6344748
1 -0.9496953 0.8687593 -0.8473366
1 -0.6050635 -1.1382694 0.4105929
8 0.1422287 -0.6483043 -0.0325007
5
-114.683     ts77     dynamics     sesquiterpene     TS     runpoint      61     runisomer      80
6 -0.1219134 0.5727981 0.0275837
1 0.2508611 1.3593305 0.6370230
1 -0.9842042 0.9193849 -0.8761858
1 -0.7116431 -1.0837670 0.4568921
8 0.1544535 -0.6420386 -0.0343247
5
-114.662     ts77     dynamics     sesquiterpene     TS     runpoint      62     runisomer      80
6 -0.1317737 0.5644680 0.0246689
1 0.2753467 1.3285193 0.6467385
1 -0.9952691 0.9659899 -0.8782403
1 -0.7868434 -1.0241910 0.4854391
8 0.1657432 -0.6405377 -0.0344199
5
-114.647     ts77     dynamics     sesquiterpene     TS     runpoint      63     runisomer      80
6 -0.1452051 0.5630826 0.0183402
1 0.3056594 1.2990880 0.6618128
1 -0.9820604 1.0045800 -0.8533251
1 -0.8234407 -0.9641738 0.4933340
8 0.1753816 -0.6438569 -0.0326895
5
-114.647     ts77     dynamics     sesquiterpene     TS     runpoint      64     runisomer      80
6 -0.1615779 0.5689394 0.0092044
1 0.3392625 1.2701768 0.6787953
1 -0.9454928 1.0322783 -0.8033741
1 -0.8182080 -0.9083531 0.4798540
8 0.1829132 -0.6516909 -0.0292053
5
-114.66     ts77     dynamics     sesquiterpene     TS     runpoint      65     runisomer      80
6 -0.1799434 0.5816674 -0.0016986
1 0.3729142 1.2406887 0.6934674
1 -0.8897564 1.0482986 -0.7340299
1 -0.7705993 -0.8601645 0.4455457
8 0.1880579 -0.6634279 -0.0241587
5
-114.681     ts77     dynamics     sesquiterpene     TS     runpoint      66     runisomer      80
6 -0.1984768 0.5998666 -0.0126922
1 0.4030508 1.2102548 0.7021326
1 -0.8270358 1.0572100 -0.6592157
1 -0.6885777 -0.8249914 0.3953301
8 0.1909427 -0.6779423 -0.0180092
5
-114.687     ts77     dynamics     sesquiterpene     TS     runpoint      67     runisomer      80
6 -0.2140006 0.6209135 -0.0210468
1 0.4265135 1.1796458 0.7024476
1 -0.7838029 1.0748806 -0.6073448
1 -0.6003713 -0.8132716 0.3438807
8 0.1928282 -0.6936546 -0.0117888
5
-114.66     ts77     dynamics     sesquiterpene     TS     runpoint      68     runisomer      80
6 -0.2232171 0.6415867 -0.0238818
1 0.4416710 1.1509408 0.6939490
1 -0.7902249 1.1237201 -0.6104959
1 -0.5675894 -0.8395872 0.3197959
8 0.1971250 -0.7087745 -0.0074124
5
-114.653     ts77     dynamics     sesquiterpene     TS     runpoint      69     runisomer      80
6 -0.2264507 0.6607879 -0.0216747
1 0.4496444 1.1277172 0.6786881
1 -0.8396827 1.1996457 -0.6626578
1 -0.6229267 -0.9097455 0.3357153
8 0.2056505 -0.7220801 -0.0058243
5
-114.689     ts77     dynamics     sesquiterpene     TS     runpoint      70     runisomer      80
6 -0.2267242 0.6792087 -0.0174144
1 0.4545795 1.1147690 0.6611280
1 -0.8997843 1.2765060 -0.7303682
1 -0.7044132 -1.0065044 0.3633461
8 0.2144653 -0.7338299 -0.0053901
5
-114.689     ts77     dynamics     sesquiterpene     TS     runpoint      71     runisomer      80
6 -0.2264298 0.6970183 -0.0134102
1 0.4621951 1.1167066 0.6465615
1 -0.9483734 1.3364668 -0.7900405
1 -0.7628057 -1.1094913 0.3814437
8 0.2205042 -0.7446017 -0.0048574
5
-114.666     ts77     dynamics     sesquiterpene     TS     runpoint      72     runisomer      80
6 -0.2268053 0.7138617 -0.0108108
1 0.4765968 1.1357962 0.6381465
1 -0.9757200 1.3723418 -0.8307909
1 -0.7806649 -1.2054845 0.3826344
8 0.2227250 -0.7546535 -0.0037846
5
-114.648     ts77     dynamics     sesquiterpene     TS     runpoint      73     runisomer      80
6 -0.2281933 0.7294167 -0.0098746
1 0.4972521 1.1703965 0.6344828
1 -0.9784051 1.3820835 -0.8483051
1 -0.7544523 -1.2860625 0.3654109
8 0.2209814 -0.7640408 -0.0020689
5
-114.646     ts77     dynamics     sesquiterpene     TS     runpoint      74     runisomer      80
6 -0.2303572 0.7435719 -0.0103000
1 0.5192750 1.2154434 0.6304767
1 -0.9560375 1.3658175 -0.8414481
1 -0.6861779 -1.3451988 0.3305087
8 0.2155043 -0.7727480 0.0002680
5
-114.658     ts77     dynamics     sesquiterpene     TS     runpoint      75     runisomer      80
6 -0.2327841 0.7562781 -0.0115267
1 0.5365275 1.2644151 0.6205037
1 -0.9106739 1.3253183 -0.8117020
1 -0.5831202 -1.3796674 0.2806029
8 0.2068843 -0.7806427 0.0030856
5
-114.677     ts77     dynamics     sesquiterpene     TS     runpoint      76     runisomer      80
6 -0.2347574 0.7672363 -0.0127587
1 0.5443536 1.3111377 0.6008267
1 -0.8485382 1.2654221 -0.7653320
1 -0.4640331 -1.3947131 0.2222974
8 0.1964510 -0.7870867 0.0060008
5
-114.681     ts77     dynamics     sesquiterpene     TS     runpoint      77     runisomer      80
6 -0.2350822 0.7755023 -0.0125496
1 0.5407863 1.3508193 0.5704118
1 -0.7843651 1.1973705 -0.7191877
1 -0.3691704 -1.4182324 0.1686171
8 0.1868977 -0.7900201 0.0082339
5
-114.656     ts77     dynamics     sesquiterpene     TS     runpoint      78     runisomer      80
6 -0.2318845 0.7793428 -0.0083716
1 0.5269871 1.3808105 0.5309106
1 -0.7443306 1.1403475 -0.7060719
1 -0.3392933 -1.4930310 0.1300546
8 0.1809627 -0.7864862 0.0091901
5
-114.65     ts77     dynamics     sesquiterpene     TS     runpoint      79     runisomer      80
6 -0.2242119 0.7775076 0.0015548
1 0.5077184 1.4015376 0.4864767
1 -0.7478019 1.1068622 -0.7530358
1 -0.3533447 -1.5983742 0.0984259
8 0.1775236 -0.7776681 0.0094926
5
-114.666     ts77     dynamics     sesquiterpene     TS     runpoint      80     runisomer      80
6 -0.2143755 0.7705795 0.0148603
1 0.4913567 1.4170095 0.4431227
1 -0.7794076 1.0861544 -0.8401755
1 -0.3764401 -1.6848711 0.0659319
8 0.1746212 -0.7666901 0.0097794
5
-114.665     ts77     dynamics     sesquiterpene     TS     runpoint      81     runisomer      80
6 -0.2056195 0.7593163 0.0276970
1 0.4870721 1.4330812 0.4063195
1 -0.8134102 1.0644981 -0.9296207
1 -0.3938209 -1.7273604 0.0314706
8 0.1715579 -0.7552101 0.0102726
5
-114.652     ts77     dynamics     sesquiterpene     TS     runpoint      82     runisomer      80
6 -0.1997783 0.7440403 0.0377897
1 0.4993090 1.4525682 0.3777971
1 -0.8354656 1.0366896 -0.9982324
1 -0.4011908 -1.7175902 -0.0038847
8 0.1682568 -0.7438407 0.0110479
5
-114.646     ts77     dynamics     sesquiterpene     TS     runpoint      83     runisomer      80
6 -0.1972052 0.7252790 0.0443611
1 0.5248460 1.4716326 0.3550533
1 -0.8403314 1.0023515 -1.0361651
1 -0.3979073 -1.6548610 -0.0388427
8 0.1648162 -0.7327562 0.0121430
5
-114.655     ts77     dynamics     sesquiterpene     TS     runpoint      84     runisomer      80
6 -0.1974238 0.7038810 0.0473344
1 0.5557960 1.4822320 0.3341504
1 -0.8270950 0.9627022 -1.0401991
1 -0.3865917 -1.5455879 -0.0725631
8 0.1614819 -0.7217572 0.0136071
5
-114.673     ts77     dynamics     sesquiterpene     TS     runpoint      85     runisomer      80
6 -0.1996832 0.6807655 0.0468558
1 0.5842018 1.4769863 0.3122703
1 -0.7971401 0.9194812 -1.0105985
1 -0.3793469 -1.4119658 -0.1062544
8 0.1590419 -0.7097803 0.0156007
5
-114.683     ts77     dynamics     sesquiterpene     TS     runpoint      86     runisomer      80
6 -0.2031612 0.6568142 0.0432621
1 0.6043131 1.4517551 0.2883876
1 -0.7542388 0.8750018 -0.9513285
1 -0.4095100 -1.3020336 -0.1478750
8 0.1595807 -0.6943440 0.0186891
