5
-114.654160 ts77 dynamics sesquiterpene TS runpoint 1  runisomer  195
6 -0.0286395 0.5937638 0.0024550
1 -0.2500326 1.1663724 0.9198661
1 -0.2880992 1.1648355 -0.9505604
1 0.9193636 -0.0816644 0.0284291
8 -0.0304891 -0.7242864 -0.0016991
5
-114.646 ts77 dynamics sesquiterpene TS runpoint 2  runisomer  195
6 -0.0198858 0.596113 0.010639
1 -0.249095 1.15604 0.917712
1 -0.332607 1.14493 -1.02401
1 0.889132 -0.0472073 0.0540078
8 -0.0324067 -0.726314 -0.00468714
5
-114.636     ts77     dynamics     sesquiterpene     TS     runpoint      3     runisomer      195
6 -0.0133538 0.6024537 0.0165613
1 -0.2490593 1.1444837 0.9162406
1 -0.3686312 1.1143688 -1.0735034
1 0.8969849 -0.0116659 0.0796161
8 -0.0355355 -0.7306569 -0.0075325
5
-114.632     ts77     dynamics     sesquiterpene     TS     runpoint      4     runisomer      195
6 -0.0091382 0.6117079 0.0193559
1 -0.2515396 1.1349986 0.9183514
1 -0.3930706 1.0746714 -1.0926341
1 0.9441720 0.0290210 0.1050033
8 -0.0399771 -0.7370641 -0.0101578
5
-114.636     ts77     dynamics     sesquiterpene     TS     runpoint      5     runisomer      195
6 -0.0063665 0.6221025 0.0187330
1 -0.2579281 1.1299456 0.9257559
1 -0.4041573 1.0291017 -1.0793912
1 1.0189848 0.0832126 0.1287614
8 -0.0456702 -0.7450869 -0.0124896
5
-114.647     ts77     dynamics     sesquiterpene     TS     runpoint      6     runisomer      195
6 -0.0037378 0.6318528 0.0150611
1 -0.2687288 1.1297091 0.9373513
1 -0.4014082 0.9819972 -1.0356612
1 1.1047608 0.1597760 0.1486122
8 -0.0525411 -0.7542422 -0.0144734
5
-114.659     ts77     dynamics     sesquiterpene     TS     runpoint      7     runisomer      195
6 -0.0000274 0.6396170 0.0094844
1 -0.2833851 1.1326736 0.9491600
1 -0.3865485 0.9390345 -0.9693030
1 1.1863743 0.2632135 0.1621657
8 -0.0604814 -0.7640631 -0.0160696
5
-114.669     ts77     dynamics     sesquiterpene     TS     runpoint      8     runisomer      195
6 0.0059028 0.6444857 0.0041064
1 -0.3007108 1.1362018 0.9560804
1 -0.3656998 0.9081024 -0.8987180
1 1.2518538 0.3921407 0.1674252
8 -0.0692783 -0.7741113 -0.0172523
5
-114.669     ts77     dynamics     sesquiterpene     TS     runpoint      9     runisomer      195
6 0.0153283 0.6457895 0.0019384
1 -0.3195050 1.1377446 0.9540527
1 -0.3508509 0.8992467 -0.8546338
1 1.2922870 0.5409040 0.1630886
8 -0.0786485 -0.7839999 -0.0180044
5
-114.667     ts77     dynamics     sesquiterpene     TS     runpoint      10     runisomer      195
6 0.0291853 0.6433415 0.0051859
1 -0.3390151 1.1355284 0.9415789
1 -0.3527390 0.9192932 -0.8613644
1 1.3019245 0.7015319 0.1488137
8 -0.0883051 -0.7934055 -0.0183329
5
-114.678     ts77     dynamics     sesquiterpene     TS     runpoint      11     runisomer      195
6 0.0469896 0.6380498 0.0127120
1 -0.3592836 1.1288424 0.9201788
1 -0.3675641 0.9629644 -0.9070950
1 1.2786207 0.8648721 0.1253619
8 -0.0979840 -0.8020561 -0.0182735
5
-114.692     ts77     dynamics     sesquiterpene     TS     runpoint      12     runisomer      195
6 0.0673977 0.6315522 0.0216987
1 -0.3817350 1.1180456 0.8931638
1 -0.3832590 1.0161293 -0.9611003
1 1.2243577 1.0215559 0.0939337
8 -0.1074726 -0.8097212 -0.0179331
5
-114.694     ts77     dynamics     sesquiterpene     TS     runpoint      13     runisomer      195
6 0.0895876 0.6251521 0.0301367
1 -0.4099619 1.1037893 0.8639566
1 -0.3933835 1.0643450 -1.0014781
1 1.1453971 1.1646213 0.0563959
8 -0.1167295 -0.8160716 -0.0175154
5
-114.686     ts77     dynamics     sesquiterpene     TS     runpoint      14     runisomer      195
6 0.1118262 0.6197242 0.0364161
1 -0.4442092 1.0861121 0.8368557
1 -0.3941621 1.1015356 -1.0181629
1 1.0527764 1.2865699 0.0164731
8 -0.1253721 -0.8209117 -0.0169526
5
-114.654160 ts77 dynamics sesquiterpene TS runpoint 1  runisomer  195
6 -0.0286395 0.5937638 0.0024550
1 -0.2500326 1.1663724 0.9198661
1 -0.2880992 1.1648355 -0.9505604
1 0.9193636 -0.0816644 0.0284291
8 -0.0304891 -0.7242864 -0.0016991
5
-114.646 ts77 dynamics sesquiterpene TS runpoint 2  runisomer  195
6 -0.0386367 0.595448 -0.00651473
1 -0.250626 1.17246 0.920341
1 -0.239975 1.17656 -0.866711
1 0.97349 -0.115918 0.0027155
8 -0.0293937 -0.724515 0.0013374
5
-114.649     ts77     dynamics     sesquiterpene     TS     runpoint      3     runisomer      195
6 -0.0485822 0.6001463 -0.0140441
1 -0.2502901 1.1722841 0.9182551
1 -0.1946999 1.1901661 -0.7962819
1 1.0325942 -0.1506396 -0.0229026
8 -0.0285305 -0.7266997 0.0042930
5
-114.639     ts77     dynamics     sesquiterpene     TS     runpoint      4     runisomer      195
6 -0.0575044 0.6061504 -0.0176884
1 -0.2492019 1.1651752 0.9144201
1 -0.1574502 1.2219194 -0.7673749
1 1.0804638 -0.1876998 -0.0477357
8 -0.0272691 -0.7304245 0.0070115
5
-114.631     ts77     dynamics     sesquiterpene     TS     runpoint      5     runisomer      195
6 -0.0652620 0.6126557 -0.0167857
1 -0.2482265 1.1519413 0.9111213
1 -0.1277188 1.2769768 -0.7885075
1 1.1058580 -0.2308193 -0.0708989
8 -0.0249832 -0.7352271 0.0093341
5
-114.636     ts77     dynamics     sesquiterpene     TS     runpoint      6     runisomer      195
6 -0.0723790 0.6206247 -0.0131089
1 -0.2485881 1.1348432 0.9115343
1 -0.1016380 1.3395104 -0.8403284
1 1.1017300 -0.2861973 -0.0915121
8 -0.0210035 -0.7405815 0.0111130
5
-114.645     ts77     dynamics     sesquiterpene     TS     runpoint      7     runisomer      195
6 -0.0795776 0.6312063 -0.0088423
1 -0.2513949 1.1171299 0.9188012
1 -0.0768036 1.3904834 -0.8985250
1 1.0646666 -0.3620085 -0.1088571
8 -0.0146559 -0.7458422 0.0122136
5
-114.657     ts77     dynamics     sesquiterpene     TS     runpoint      8     runisomer      195
6 -0.0874939 0.6447206 -0.0053962
1 -0.2572895 1.1019458 0.9347351
1 -0.0526153 1.4188694 -0.9467063
1 0.9963754 -0.4650689 -0.1226917
8 -0.0055672 -0.7503222 0.0125327
5
-114.673     ts77     dynamics     sesquiterpene     TS     runpoint      9     runisomer      195
6 -0.0964180 0.6608002 -0.0033757
1 -0.2662977 1.0911023 0.9583648
1 -0.0294087 1.4205600 -0.9757217
1 0.9108116 -0.5953049 -0.1344600
8 0.0056245 -0.7536049 0.0120988
5
-114.683     ts77     dynamics     sesquiterpene     TS     runpoint      10     runisomer      195
6 -0.1061914 0.6786291 -0.0028005
1 -0.2778429 1.0846630 0.9855195
1 -0.0078576 1.3956499 -0.9811340
1 0.8524281 -0.7430925 -0.1512687
8 0.0160058 -0.7556965 0.0113570
5
-114.68     ts77     dynamics     sesquiterpene     TS     runpoint      11     runisomer      195
6 -0.1163059 0.6970254 -0.0033248
1 -0.2909107 1.0815475 1.0101913
1 0.0115266 1.3475301 -0.9624343
1 0.8803281 -0.9039928 -0.1860841
8 0.0214393 -0.7561355 0.0112111
5
-114.7     ts77     dynamics     sesquiterpene     TS     runpoint      12     runisomer      195
6 -0.1262278 0.7146455 -0.0042824
1 -0.3043625 1.0805366 1.0267162
1 0.0289109 1.2837143 -0.9245948
1 0.9522860 -1.0752041 -0.2328052
8 0.0241013 -0.7544872 0.0114477
5
-114.705     ts77     dynamics     sesquiterpene     TS     runpoint      13     runisomer      195
6 -0.1356918 0.7299891 -0.0044549
1 -0.3172753 1.0810016 1.0314473
1 0.0461357 1.2171822 -0.8816541
1 1.0064448 -1.2347691 -0.2768715
8 0.0275168 -0.7517847 0.0113511
5
-114.681     ts77     dynamics     sesquiterpene     TS     runpoint      14     runisomer      195
6 -0.1447860 0.7413252 -0.0020226
1 -0.3291493 1.0831810 1.0237235
1 0.0679639 1.1651830 -0.8577859
1 1.0228413 -1.3654606 -0.3118612
8 0.0326794 -0.7489200 0.0107139
5
-114.652     ts77     dynamics     sesquiterpene     TS     runpoint      15     runisomer      195
6 -0.1536980 0.7473985 0.0041456
1 -0.3400459 1.0882411 1.0066262
1 0.0998189 1.1397784 -0.8725662
1 1.0005659 -1.4587473 -0.3361493
8 0.0394478 -0.7463210 0.0096253
5
-114.64     ts77     dynamics     sesquiterpene     TS     runpoint      16     runisomer      195
6 -0.1620722 0.7482405 0.0125106
1 -0.3506381 1.0981497 0.9871401
1 0.1405841 1.1379880 -0.9175871
1 0.9431318 -1.5100421 -0.3494762
8 0.0474483 -0.7442357 0.0082540
5
-114.642     ts77     dynamics     sesquiterpene     TS     runpoint      17     runisomer      195
6 -0.1690422 0.7445724 0.0199120
1 -0.3618899 1.1149698 0.9738738
1 0.1827640 1.1491955 -0.9667056
1 0.8539936 -1.5156048 -0.3517395
8 0.0563449 -0.7429029 0.0067754
5
-114.65     ts77     dynamics     sesquiterpene     TS     runpoint      18     runisomer      195
6 -0.1738880 0.7370491 0.0239627
1 -0.3741619 1.1392008 0.9718704
1 0.2191975 1.1649104 -0.9991605
1 0.7375798 -1.4733856 -0.3435589
8 0.0657935 -0.7424403 0.0053917
5
-114.665     ts77     dynamics     sesquiterpene     TS     runpoint      19     runisomer      195
6 -0.1763421 0.7262099 0.0238303
1 -0.3864346 1.1681727 0.9787306
1 0.2456692 1.1800323 -1.0046427
1 0.6070594 -1.3922321 -0.3304934
8 0.0749651 -0.7422038 0.0045819
5
-114.667     ts77     dynamics     sesquiterpene     TS     runpoint      20     runisomer      195
6 -0.1765170 0.7125816 0.0198261
1 -0.3966193 1.1963998 0.9865629
1 0.2604687 1.1915667 -0.9802765
1 0.5046091 -1.3203313 -0.3386639
8 0.0812613 -0.7390193 0.0060723
5
-114.636     ts77     dynamics     sesquiterpene     TS     runpoint      21     runisomer      195
6 -0.1747486 0.6967571 0.0127627
1 -0.4026116 1.2177127 0.9871348
1 0.2639445 1.1982073 -0.9284887
1 0.4909538 -1.3451556 -0.4242811
8 0.0809535 -0.7273471 0.0134666
5
-114.673     ts77     dynamics     sesquiterpene     TS     runpoint      22     runisomer      195
6 -0.1715521 0.6795143 0.0036276
1 -0.4031274 1.2273338 0.9753566
1 0.2589126 1.2011792 -0.8571629
1 0.5165361 -1.4066624 -0.5579394
8 0.0772936 -0.7113323 0.0249909
5
-114.693     ts77     dynamics     sesquiterpene     TS     runpoint      23     runisomer      195
6 -0.1676806 0.6615321 -0.0063556
1 -0.3980750 1.2225404 0.9503027
1 0.2516626 1.2054394 -0.7807644
1 0.5352241 -1.4381988 -0.6886806
8 0.0733514 -0.6958239 0.0374848
5
-114.679     ts77     dynamics     sesquiterpene     TS     runpoint      24     runisomer      195
6 -0.1641271 0.6430966 -0.0157888
1 -0.3887088 1.2028859 0.9152024
1 0.2519895 1.2200576 -0.7187698
1 0.5350139 -1.4233347 -0.7955166
8 0.0700875 -0.6826160 0.0495998
5
-114.665     ts77     dynamics     sesquiterpene     TS     runpoint      25     runisomer      195
6 -0.1617314 0.6244529 -0.0239112
1 -0.3776940 1.1705790 0.8773027
1 0.2685089 1.2527158 -0.6856172
1 0.5141196 -1.3626940 -0.8701186
8 0.0678733 -0.6724748 0.0606941
5
-114.664     ts77     dynamics     sesquiterpene     TS     runpoint      26     runisomer      195
6 -0.1605802 0.6066582 -0.0315094
1 -0.3688168 1.1306653 0.8470979
1 0.3012210 1.2993285 -0.6794449
1 0.4727828 -1.2611582 -0.9072409
8 0.0669947 -0.6659478 0.0702488
5
-114.673     ts77     dynamics     sesquiterpene     TS     runpoint      27     runisomer      195
6 -0.1601817 0.5914925 -0.0401817
1 -0.3658630 1.0899303 0.8352668
1 0.3428095 1.3457106 -0.6877489
1 0.4122090 -1.1259336 -0.9026025
8 0.0677077 -0.6634502 0.0777334
5
-114.688     ts77     dynamics     sesquiterpene     TS     runpoint      28     runisomer      195
6 -0.1601559 0.5806883 -0.0508153
1 -0.3709065 1.0537696 0.8468302
1 0.3855835 1.3784965 -0.6990641
1 0.3361890 -0.9689415 -0.8563062
8 0.0701025 -0.6650264 0.0827785
5
-114.7     ts77     dynamics     sesquiterpene     TS     runpoint      29     runisomer      195
6 -0.1605277 0.5756138 -0.0628598
1 -0.3833788 1.0237690 0.8768302
1 0.4244315 1.3898071 -0.7064317
1 0.2546666 -0.8112508 -0.7866722
8 0.0738585 -0.6699804 0.0860033
5
-114.69     ts77     dynamics     sesquiterpene     TS     runpoint      30     runisomer      195
6 -0.1616006 0.5771966 -0.0746459
1 -0.4009229 0.9991659 0.9132337
1 0.4565864 1.3766327 -0.7064420
1 0.1850434 -0.6802220 -0.7545186
8 0.0781323 -0.6770454 0.0905271
5
-114.663     ts77     dynamics     sesquiterpene     TS     runpoint      31     runisomer      195
6 -0.1636660 0.5857523 -0.0842595
1 -0.4209918 0.9795064 0.9438238
1 0.4809653 1.3399612 -0.6981703
1 0.1344994 -0.5857766 -0.8137704
8 0.0825960 -0.6858667 0.0990250
5
-114.667     ts77     dynamics     sesquiterpene     TS     runpoint      32     runisomer      195
6 -0.1667706 0.6004999 -0.0903788
1 -0.4417854 0.9654745 0.9602501
1 0.4982791 1.2850081 -0.6828299
1 0.0946054 -0.5282782 -0.9141100
8 0.0876597 -0.6962100 0.1079369
5
-114.667     ts77     dynamics     sesquiterpene     TS     runpoint      33     runisomer      195
6 -0.1708568 0.6195040 -0.0924202
1 -0.4623610 0.9584361 0.9584943
1 0.5121686 1.2211538 -0.6639721
1 0.0609986 -0.5083007 -1.0050421
8 0.0932657 -0.7072615 0.1141208
5
-114.658     ts77     dynamics     sesquiterpene     TS     runpoint      34     runisomer      195
6 -0.1760414 0.6403806 -0.0902127
1 -0.4824104 0.9599613 0.9386246
1 0.5297910 1.1603248 -0.6476195
1 0.0323873 -0.5222910 -1.0649264
8 0.0991130 -0.7183088 0.1164606
5
-114.65     ts77     dynamics     sesquiterpene     TS     runpoint      35     runisomer      195
6 -0.1824933 0.6610557 -0.0839638
1 -0.5023009 0.9717682 0.9051553
1 0.5589046 1.1127224 -0.6399738
1 0.0090221 -0.5660231 -1.0851681
8 0.1048469 -0.7288114 0.1146761
5
-114.651     ts77     dynamics     sesquiterpene     TS     runpoint      36     runisomer      195
6 -0.1898259 0.6802070 -0.0746639
1 -0.5235717 0.9959430 0.8675123
1 0.6009081 1.0820021 -0.6423235
1 -0.0077643 -0.6359718 -1.0617498
8 0.1101021 -0.7383608 0.1087437
5
-114.663     ts77     dynamics     sesquiterpene     TS     runpoint      37     runisomer      195
6 -0.1968192 0.6971285 -0.0641215
1 -0.5490642 1.0348054 0.8382979
1 0.6479484 1.0657990 -0.6494582
1 -0.0162862 -0.7284477 -0.9935786
8 0.1145299 -0.7466591 0.0988303
5
-114.68     ts77     dynamics     sesquiterpene     TS     runpoint      38     runisomer      195
6 -0.2020335 0.7113795 -0.0541031
1 -0.5811176 1.0892518 0.8266786
1 0.6886356 1.0602906 -0.6540517
1 -0.0158379 -0.8382636 -0.8874385
8 0.1178722 -0.7535160 0.0856473
5
-114.695     ts77     dynamics     sesquiterpene     TS     runpoint      39     runisomer      195
6 -0.2045842 0.7227569 -0.0454229
1 -0.6184108 1.1558151 0.8310478
1 0.7140960 1.0628097 -0.6506489
1 -0.0097072 -0.9605255 -0.7732875
8 0.1201463 -0.7587018 0.0714524
5
-114.688     ts77     dynamics     sesquiterpene     TS     runpoint      40     runisomer      195
6 -0.2043263 0.7313261 -0.0380418
1 -0.6557286 1.2261325 0.8409100
1 0.7198605 1.0720694 -0.6365062
1 -0.0089175 -1.1027683 -0.7166210
8 0.1218927 -0.7611837 0.0608306
5
-114.681     ts77     dynamics     sesquiterpene     TS     runpoint      41     runisomer      195
6 -0.2016374 0.7373365 -0.0316836
1 -0.6872099 1.2903223 0.8452568
1 0.7057618 1.0877216 -0.6113300
1 -0.0193434 -1.2731526 -0.7318497
8 0.1234070 -0.7599900 0.0551596
5
-114.689     ts77     dynamics     sesquiterpene     TS     runpoint      42     runisomer      195
6 -0.1972201 0.7411057 -0.0260473
1 -0.7089557 1.3403703 0.8372875
1 0.6758529 1.1100803 -0.5774932
1 -0.0332597 -1.4386363 -0.7566844
8 0.1242274 -0.7569541 0.0508657
5
-114.674     ts77     dynamics     sesquiterpene     TS     runpoint      43     runisomer      195
6 -0.1919989 0.7427790 -0.0207559
1 -0.7197118 1.3711409 0.8146285
1 0.6385617 1.1403730 -0.5403684
1 -0.0463467 -1.5697239 -0.7592782
8 0.1241641 -0.7537981 0.0461486
5
-114.652     ts77     dynamics     sesquiterpene     TS     runpoint      44     runisomer      195
6 -0.1869745 0.7421972 -0.0154058
1 -0.7207621 1.3802555 0.7785487
1 0.6054797 1.1808738 -0.5075546
1 -0.0581187 -1.6539341 -0.7337347
8 0.1232888 -0.7511828 0.0407320
5
-114.639     ts77     dynamics     sesquiterpene     TS     runpoint      45     runisomer      195
6 -0.1827831 0.7389972 -0.0098822
1 -0.7159455 1.3681674 0.7338037
1 0.5863308 1.2331785 -0.4855900
1 -0.0691514 -1.6868826 -0.6819068
8 0.1217441 -0.7492417 0.0347579
5
-114.64     ts77     dynamics     sesquiterpene     TS     runpoint      46     runisomer      195
6 -0.1791279 0.7329144 -0.0047861
1 -0.7119073 1.3386980 0.6889318
1 0.5824928 1.2944588 -0.4756807
1 -0.0800490 -1.6668454 -0.6071410
8 0.1196776 -0.7479476 0.0284275
5
-114.652     ts77     dynamics     sesquiterpene     TS     runpoint      47     runisomer      195
6 -0.1748322 0.7238899 -0.0013777
1 -0.7177673 1.2990712 0.6554530
1 0.5873043 1.3564281 -0.4736448
1 -0.0916951 -1.5955675 -0.5145336
8 0.1172571 -0.7470793 0.0220182
5
-114.668     ts77     dynamics     sesquiterpene     TS     runpoint      48     runisomer      195
6 -0.1686025 0.7119961 -0.0008547
1 -0.7421818 1.2569030 0.6434836
1 0.5923900 1.4091569 -0.4737579
1 -0.1081325 -1.4897515 -0.4175308
8 0.1148391 -0.7454909 0.0162753
5
-114.667     ts77     dynamics     sesquiterpene     TS     runpoint      49     runisomer      195
6 -0.1599268 0.6976733 -0.0034934
1 -0.7871276 1.2142740 0.6544171
1 0.5918474 1.4448201 -0.4715475
1 -0.1475774 -1.4104502 -0.3528686
8 0.1136829 -0.7393058 0.0133521
5
-114.647     ts77     dynamics     sesquiterpene     TS     runpoint      50     runisomer      195
6 -0.1494477 0.6818940 -0.0084721
1 -0.8449197 1.1668631 0.6790631
1 0.5829435 1.4590040 -0.4645017
1 -0.2439882 -1.4343068 -0.3599109
8 0.1160998 -0.7238741 0.0155346
5
-114.683     ts77     dynamics     sesquiterpene     TS     runpoint      51     runisomer      195
6 -0.1385505 0.6658492 -0.0145122
1 -0.9034490 1.1101500 0.7045181
1 0.5657539 1.4510074 -0.4520578
1 -0.3736080 -1.4906280 -0.3967783
8 0.1208641 -0.7042133 0.0200023
5
-114.695     ts77     dynamics     sesquiterpene     TS     runpoint      52     runisomer      195
6 -0.1287153 0.6503896 -0.0204057
1 -0.9524727 1.0433021 0.7205512
1 0.5429958 1.4239001 -0.4356580
1 -0.5004230 -1.5179400 -0.4284743
8 0.1259994 -0.6849765 0.0243778
5
-114.681     ts77     dynamics     sesquiterpene     TS     runpoint      53     runisomer      195
6 -0.1212451 0.6357534 -0.0251152
1 -0.9857814 0.9688996 0.7211854
1 0.5202544 1.3850214 -0.4189325
1 -0.6084331 -1.5024165 -0.4450520
8 0.1307330 -0.6678393 0.0278623
5
-114.668     ts77     dynamics     sesquiterpene     TS     runpoint      54     runisomer      195
6 -0.1172482 0.6216577 -0.0277559
1 -1.0009954 0.8916260 0.7041477
1 0.5057311 1.3457599 -0.4073060
1 -0.6919238 -1.4472309 -0.4452982
8 0.1348698 -0.6534015 0.0302001
5
-114.66     ts77     dynamics     sesquiterpene     TS     runpoint      55     runisomer      195
6 -0.1174945 0.6079051 -0.0277834
1 -0.9993218 0.8173967 0.6704068
1 0.5073778 1.3177217 -0.4057185
1 -0.7479677 -1.3588171 -0.4295536
8 0.1383783 -0.6422143 0.0312548
5
-114.661     ts77     dynamics     sesquiterpene     TS     runpoint      56     runisomer      195
6 -0.1219488 0.5952248 -0.0253656
1 -0.9862065 0.7529266 0.6244076
1 0.5270555 1.3053985 -0.4147231
1 -0.7726617 -1.2427942 -0.3972865
8 0.1412097 -0.6351755 0.0308747
5
-114.67     ts77     dynamics     sesquiterpene     TS     runpoint      57     runisomer      195
6 -0.1294110 0.5854015 -0.0215443
1 -0.9726706 0.7052559 0.5746113
1 0.5580973 1.3037295 -0.4291397
1 -0.7613093 -1.1053738 -0.3474852
8 0.1432849 -0.6333590 0.0289166
5
-114.679     ts77     dynamics     sesquiterpene     TS     runpoint      58     runisomer      195
6 -0.1377690 0.5803036 -0.0178177
1 -0.9747555 0.6805503 0.5323176
1 0.5899817 1.3042315 -0.4415541
1 -0.7158654 -0.9587773 -0.2822377
8 0.1448153 -0.6372486 0.0254586
5
-114.68     ts77     dynamics     sesquiterpene     TS     runpoint      59     runisomer      195
6 -0.1448530 0.5810150 -0.0153143
1 -1.0056352 0.6818846 0.5057185
1 0.6137022 1.3009442 -0.4462825
1 -0.6647459 -0.8275570 -0.2133334
8 0.1473604 -0.6459303 0.0212144
5
-114.661     ts77     dynamics     sesquiterpene     TS     runpoint      60     runisomer      195
6 -0.1496221 0.5878466 -0.0141081
1 -1.0630952 0.7075682 0.4927606
1 0.6240107 1.2919074 -0.4407355
1 -0.6778579 -0.7408262 -0.1615046
8 0.1547353 -0.6575717 0.0175119
5
-114.657     ts77     dynamics     sesquiterpene     TS     runpoint      61     runisomer      195
6 -0.1525181 0.6003864 -0.0135383
1 -1.1303116 0.7525702 0.4841211
1 0.6200048 1.2787518 -0.4251647
1 -0.7703169 -0.7012920 -0.1260969
8 0.1672212 -0.6714799 0.0144183
5
-114.675     ts77     dynamics     sesquiterpene     TS     runpoint      62     runisomer      195
6 -0.1547948 0.6172241 -0.0128822
1 -1.1889033 0.8113234 0.4715269
1 0.6052823 1.2662468 -0.4022836
1 -0.8750471 -0.6991351 -0.0930000
8 0.1801474 -0.6871657 0.0111938
5
-114.673     ts77     dynamics     sesquiterpene     TS     runpoint      63     runisomer      195
6 -0.1578124 0.6363773 -0.0115440
1 -1.2264037 0.8783010 0.4504280
1 0.5877129 1.2616300 -0.3767770
1 -0.9497876 -0.7266665 -0.0579439
8 0.1905893 -0.7037337 0.0077053
5
-114.663     ts77     dynamics     sesquiterpene     TS     runpoint      64     runisomer      195
6 -0.1626437 0.6559916 -0.0090844
1 -1.2366438 0.9480339 0.4191652
1 0.5772988 1.2723989 -0.3538299
1 -0.9787287 -0.7777811 -0.0211297
8 0.1973380 -0.7203054 0.0040654
5
-114.66     ts77     dynamics     sesquiterpene     TS     runpoint      65     runisomer      195
6 -0.1696443 0.6748548 -0.0053994
1 -1.2188563 1.0153230 0.3781857
1 0.5805360 1.3016662 -0.3363376
1 -0.9570630 -0.8474013 0.0163630
8 0.1998988 -0.7361572 0.0004194
5
-114.67     ts77     dynamics     sesquiterpene     TS     runpoint      66     runisomer      195
6 -0.1780589 0.6925753 -0.0008697
1 -1.1779082 1.0759309 0.3299195
1 0.5956161 1.3446457 -0.3231466
1 -0.8852780 -0.9305255 0.0532762
8 0.1981581 -0.7507438 -0.0030938
5
-114.688     ts77     dynamics     sesquiterpene     TS     runpoint      67     runisomer      195
6 -0.1861638 0.7091786 0.0037801
1 -1.1255152 1.1281172 0.2788422
1 0.6148407 1.3910978 -0.3107611
1 -0.7712006 -1.0222792 0.0884628
8 0.1925372 -0.7636379 -0.0063612
5
-114.7     ts77     dynamics     sesquiterpene     TS     runpoint      68     runisomer      195
6 -0.1917965 0.7244458 0.0077913
1 -1.0803032 1.1744414 0.2307584
1 0.6306480 1.4306541 -0.2961372
1 -0.6402492 -1.1215047 0.1225992
8 0.1846656 -0.7742541 -0.0094123
5
-114.691     ts77     dynamics     sesquiterpene     TS     runpoint      69     runisomer      195
6 -0.1931934 0.7377071 0.0107051
1 -1.0615723 1.2206331 0.1901734
1 0.6389455 1.4558633 -0.2778620
1 -0.5430026 -1.2405914 0.1626112
8 0.1778821 -0.7812014 -0.0127129
5
-114.677     ts77     dynamics     sesquiterpene     TS     runpoint      70     runisomer      195
6 -0.1901206 0.7484567 0.0126250
1 -1.0758735 1.2686273 0.1572115
1 0.6395364 1.4629284 -0.2560435
1 -0.5019490 -1.3912508 0.2162738
8 0.1738533 -0.7832448 -0.0168320
5
-114.682     ts77     dynamics     sesquiterpene     TS     runpoint      71     runisomer      195
6 -0.1841029 0.7568591 0.0140708
1 -1.1124445 1.3121120 0.1286167
1 0.6355390 1.4518475 -0.2318973
1 -0.4777583 -1.5428325 0.2749087
8 0.1703686 -0.7820420 -0.0213303
