5
-114.654160 ts77 dynamics sesquiterpene TS runpoint 1  runisomer  22
6 -0.0270454 0.6404327 0.0181134
1 -0.2149091 1.1388425 0.9272760
1 -0.2971364 0.9855775 -1.0286425
1 0.9092747 -0.0595453 0.0534663
8 -0.0326943 -0.7476620 -0.0105717
5
-114.645 ts77 dynamics sesquiterpene TS runpoint 2  runisomer  22
6 -0.0195252 0.625851 0.0216644
1 -0.246926 1.12747 0.926031
1 -0.314667 1.02919 -1.0761
1 0.878103 -0.0433568 0.0295241
8 -0.0332503 -0.739774 -0.00865865
5
-114.636     ts77     dynamics     sesquiterpene     TS     runpoint      3     runisomer      22
6 -0.0139808 0.6126711 0.0217694
1 -0.2828316 1.1227349 0.9316371
1 -0.3251129 1.0723548 -1.0948816
1 0.8828669 -0.0280099 0.0050963
8 -0.0347894 -0.7332744 -0.0063688
5
-114.631     ts77     dynamics     sesquiterpene     TS     runpoint      4     runisomer      22
6 -0.0108657 0.6019406 0.0187222
1 -0.3200627 1.1215092 0.9389522
1 -0.3268470 1.1103068 -1.0817568
1 0.9281047 -0.0108693 -0.0199933
8 -0.0375216 -0.7286177 -0.0037909
5
-114.636     ts77     dynamics     sesquiterpene     TS     runpoint      5     runisomer      22
6 -0.0096536 0.5939341 0.0132122
1 -0.3552193 1.1202745 0.9423278
1 -0.3195887 1.1398385 -1.0381061
1 1.0039873 0.0155143 -0.0453341
8 -0.0414558 -0.7260563 -0.0010247
5
-114.646     ts77     dynamics     sesquiterpene     TS     runpoint      6     runisomer      22
6 -0.0091531 0.5883402 0.0060213
1 -0.3848954 1.1163817 0.9380278
1 -0.3041376 1.1593028 -0.9691445
1 1.0937180 0.0609814 -0.0695220
8 -0.0465907 -0.7257052 0.0018181
5
-114.655     ts77     dynamics     sesquiterpene     TS     runpoint      7     runisomer      22
6 -0.0080757 0.5845165 -0.0018833
1 -0.4062194 1.1083956 0.9250989
1 -0.2827109 1.1697285 -0.8853863
1 1.1824922 0.1331171 -0.0907957
8 -0.0530008 -0.7275352 0.0046238
5
-114.662     ts77     dynamics     sesquiterpene     TS     runpoint      8     runisomer      22
6 -0.0053259 0.5815132 -0.0090866
1 -0.4173164 1.0959969 0.9053802
1 -0.2598190 1.1771557 -0.8050477
1 1.2598215 0.2337092 -0.1076077
8 -0.0606818 -0.7313057 0.0072667
5
-114.662     ts77     dynamics     sesquiterpene     TS     runpoint      9     runisomer      22
6 0.0000429 0.5780944 -0.0138229
1 -0.4177153 1.0798731 0.8830929
1 -0.2422842 1.1935323 -0.7523765
1 1.3179302 0.3588667 -0.1186604
8 -0.0694532 -0.7366429 0.0096005
5
-114.66     ts77     dynamics     sesquiterpene     TS     runpoint      10     runisomer      22
6 0.0086933 0.5734547 -0.0151015
1 -0.4084360 1.0616888 0.8640189
1 -0.2353817 1.2280555 -0.7437464
1 1.3508799 0.5015333 -0.1228547
8 -0.0790404 -0.7431813 0.0114815
5
-114.665     ts77     dynamics     sesquiterpene     TS     runpoint      11     runisomer      22
6 0.0206969 0.5682728 -0.0138273
1 -0.3916874 1.0438814 0.8539855
1 -0.2382015 1.2739599 -0.7732538
1 1.3547273 0.6533905 -0.1194232
8 -0.0891676 -0.7506314 0.0128000
5
-114.673     ts77     dynamics     sesquiterpene     TS     runpoint      12     runisomer      22
6 0.0357265 0.5641384 -0.0118136
1 -0.3702104 1.0289524 0.8567689
1 -0.2463432 1.3146341 -0.8222364
1 1.3277596 0.8057193 -0.1081763
8 -0.0995868 -0.7587484 0.0134912
5
-114.677     ts77     dynamics     sesquiterpene     TS     runpoint      13     runisomer      22
6 0.0533562 0.5624079 -0.0103686
1 -0.3465733 1.0182340 0.8723508
1 -0.2564926 1.3371388 -0.8742209
1 1.2708342 0.9498960 -0.0897134
8 -0.1100779 -0.7672761 0.0135359
5
-114.676     ts77     dynamics     sesquiterpene     TS     runpoint      14     runisomer      22
6 0.0739368 0.5640762 -0.0102579
1 -0.3252618 1.0093391 0.8962829
1 -0.2699658 1.3354412 -0.9172240
1 1.1867547 1.0790321 -0.0648772
8 -0.1207167 -0.7759956 0.0130881
5
-114.672     ts77     dynamics     sesquiterpene     TS     runpoint      15     runisomer      22
6 0.0963482 0.5694003 -0.0106325
1 -0.3097316 1.0027113 0.9208096
1 -0.2858386 1.3069072 -0.9449206
1 1.0865176 1.1866183 -0.0389633
8 -0.1311955 -0.7845533 0.0119344
5
-114.668     ts77     dynamics     sesquiterpene     TS     runpoint      16     runisomer      22
6 0.1185699 0.5783033 -0.0107897
1 -0.2997410 0.9972227 0.9403097
1 -0.3028650 1.2522047 -0.9553324
1 0.9855355 1.2692649 -0.0152321
8 -0.1410645 -0.7926469 0.0099814
5
-114.654160 ts77 dynamics sesquiterpene TS runpoint 1  runisomer  22
6 -0.0270454 0.6404327 0.0181134
1 -0.2149091 1.1388425 0.9272760
1 -0.2971364 0.9855775 -1.0286425
1 0.9092747 -0.0595453 0.0534663
8 -0.0326943 -0.7476620 -0.0105717
5
-114.645 ts77 dynamics sesquiterpene TS runpoint 2  runisomer  22
6 -0.0354047 0.654888 0.011894
1 -0.187816 1.15774 0.936652
1 -0.276357 0.948585 -0.964138
1 0.960866 -0.076101 0.0766292
8 -0.0326898 -0.756323 -0.0120202
5
-114.646     ts77     dynamics     sesquiterpene     TS     runpoint      3     runisomer      22
6 -0.0432234 0.6676224 0.0054826
1 -0.1654071 1.1821360 0.9502843
1 -0.2594556 0.9284337 -0.9083921
1 1.0155377 -0.0921315 0.0979755
8 -0.0327470 -0.7651343 -0.0129255
5
-114.634     ts77     dynamics     sesquiterpene     TS     runpoint      4     runisomer      22
6 -0.0492285 0.6772624 0.0024363
1 -0.1471093 1.2083961 0.9616962
1 -0.2551922 0.9362382 -0.8968155
1 1.0599682 -0.1073816 0.1162028
8 -0.0324632 -0.7735519 -0.0132365
5
-114.624     ts77     dynamics     sesquiterpene     TS     runpoint      5     runisomer      22
6 -0.0529347 0.6833182 0.0041201
1 -0.1326254 1.2330583 0.9657114
1 -0.2657898 0.9744631 -0.9398219
1 1.0859561 -0.1223042 0.1302142
8 -0.0315660 -0.7811181 -0.0129266
5
-114.629     ts77     dynamics     sesquiterpene     TS     runpoint      6     runisomer      22
6 -0.0548214 0.6864431 0.0082469
1 -0.1219529 1.2537999 0.9603549
1 -0.2841679 1.0326086 -1.0076006
1 1.0893411 -0.1380980 0.1392916
8 -0.0298796 -0.7874384 -0.0119875
5
-114.633     ts77     dynamics     sesquiterpene     TS     runpoint      7     runisomer      22
6 -0.0556012 0.6875840 0.0120009
1 -0.1151894 1.2695686 0.9465465
1 -0.3025721 1.0972302 -1.0671413
1 1.0687328 -0.1571088 0.1430702
8 -0.0272639 -0.7921615 -0.0104217
5
-114.631     ts77     dynamics     sesquiterpene     TS     runpoint      8     runisomer      22
6 -0.0559156 0.6874980 0.0136255
1 -0.1123434 1.2804359 0.9272844
1 -0.3165353 1.1583233 -1.1003617
1 1.0250144 -0.1834025 0.1415399
8 -0.0235739 -0.7949754 -0.0082386
5
-114.632     ts77     dynamics     sesquiterpene     TS     runpoint      9     runisomer      22
6 -0.0564372 0.6868326 0.0121820
1 -0.1131754 1.2872450 0.9067978
1 -0.3240525 1.2092963 -1.1004435
1 0.9618287 -0.2231788 0.1352115
8 -0.0186771 -0.7956105 -0.0054622
5
-114.639     ts77     dynamics     sesquiterpene     TS     runpoint      10     runisomer      22
6 -0.0579471 0.6862995 0.0072117
1 -0.1170747 1.2909680 0.8894984
1 -0.3245070 1.2457618 -1.0667833
1 0.8875292 -0.2840777 0.1255336
8 -0.0125894 -0.7939062 -0.0021552
5
-114.651     ts77     dynamics     sesquiterpene     TS     runpoint      11     runisomer      22
6 -0.0611997 0.6866561 -0.0012880
1 -0.1230766 1.2918933 0.8787937
1 -0.3183338 1.2651499 -1.0032002
1 0.8205522 -0.3705106 0.1157750
8 -0.0059402 -0.7900068 0.0015045
5
-114.659     ts77     dynamics     sesquiterpene     TS     runpoint      12     runisomer      22
6 -0.0665218 0.6882941 -0.0126286
1 -0.1300578 1.2891506 0.8762303
1 -0.3074358 1.2678231 -0.9192113
1 0.7995042 -0.4741751 0.1122716
8 -0.0008689 -0.7846999 0.0051033
5
-114.662     ts77     dynamics     sesquiterpene     TS     runpoint      13     runisomer      22
6 -0.0734521 0.6905847 -0.0250153
1 -0.1369253 1.2810044 0.8812914
1 -0.2963059 1.2604045 -0.8339653
1 0.8669866 -0.5819409 0.1215943
8 -0.0001916 -0.7786478 0.0081175
5
-114.68     ts77     dynamics     sesquiterpene     TS     runpoint      14     runisomer      22
6 -0.0808365 0.6916967 -0.0353948
1 -0.1427237 1.2656961 0.8919402
1 -0.2928775 1.2596025 -0.7786648
1 0.9873986 -0.7024976 0.1392767
8 -0.0020910 -0.7708710 0.0106359
5
-114.686     ts77     dynamics     sesquiterpene     TS     runpoint      15     runisomer      22
6 -0.0875588 0.6897607 -0.0409563
1 -0.1467985 1.2423054 0.9055737
1 -0.3044574 1.2836476 -0.7808520
1 1.0951870 -0.8362380 0.1565548
8 -0.0028552 -0.7610326 0.0129985
5
-114.681     ts77     dynamics     sesquiterpene     TS     runpoint      16     runisomer      22
6 -0.0934399 0.6850119 -0.0418901
1 -0.1489193 1.2113395 0.9198326
1 -0.3286070 1.3274158 -0.8331276
1 1.1596314 -0.9717789 0.1689252
8 -0.0008501 -0.7497365 0.0153167
5
-114.677     ts77     dynamics     sesquiterpene     TS     runpoint      17     runisomer      22
6 -0.0989471 0.6791180 -0.0404463
1 -0.1492707 1.1748761 0.9330067
1 -0.3560954 1.3686826 -0.9049066
1 1.1738020 -1.0976802 0.1748523
8 0.0041411 -0.7376854 0.0175544
5
-114.667     ts77     dynamics     sesquiterpene     TS     runpoint      18     runisomer      22
6 -0.1044154 0.6732034 -0.0384768
1 -0.1483541 1.1362396 0.9442832
1 -0.3795860 1.3911895 -0.9716680
1 1.1399197 -1.2050464 0.1739824
8 0.0117990 -0.7254663 0.0196287
5
-114.659     ts77     dynamics     sesquiterpene     TS     runpoint      19     runisomer      22
6 -0.1098875 0.6676868 -0.0370114
1 -0.1468841 1.0993130 0.9537444
1 -0.3952857 1.3881021 -1.0199273
1 1.0624501 -1.2865663 0.1663016
8 0.0216811 -0.7136697 0.0214594
5
-114.658     ts77     dynamics     sesquiterpene     TS     runpoint      20     runisomer      22
6 -0.1152205 0.6627625 -0.0365535
1 -0.1457236 1.0677267 0.9618654
1 -0.4017390 1.3579731 -1.0431526
1 0.9463337 -1.3355360 0.1519141
8 0.0333295 -0.7030014 0.0229753
5
-114.668     ts77     dynamics     sesquiterpene     TS     runpoint      21     runisomer      22
6 -0.1201942 0.6585943 -0.0372712
1 -0.1457905 1.0442205 0.9687622
1 -0.3989306 1.3021627 -1.0389195
1 0.8003916 -1.3480964 0.1315288
8 0.0460821 -0.6940837 0.0240967
5
-114.682     ts77     dynamics     sesquiterpene     TS     runpoint      22     runisomer      22
6 -0.1245945 0.6551618 -0.0389792
1 -0.1478933 1.0303453 0.9736938
1 -0.3881158 1.2245390 -1.0086877
1 0.6481196 -1.3349284 0.1080906
8 0.0584271 -0.6865733 0.0246408
5
-114.678     ts77     dynamics     sesquiterpene     TS     runpoint      23     runisomer      22
6 -0.1282005 0.6520143 -0.0409298
1 -0.1525533 1.0265942 0.9751609
1 -0.3724072 1.1330923 -0.9606734
1 0.5411941 -1.3475284 0.0887123
8 0.0671708 -0.6774186 0.0242092
5
-114.658     ts77     dynamics     sesquiterpene     TS     runpoint      24     runisomer      22
6 -0.1306269 0.6482728 -0.0413980
1 -0.1599942 1.0329164 0.9716001
1 -0.3581702 1.0424303 -0.9156978
1 0.5101359 -1.4411078 0.0773336
8 0.0705173 -0.6634016 0.0226686
5
-114.666     ts77     dynamics     sesquiterpene     TS     runpoint      25     runisomer      22
6 -0.1312705 0.6431592 -0.0377793
1 -0.1702730 1.0492683 0.9623818
1 -0.3549591 0.9715261 -0.9072485
1 0.5066636 -1.5568497 0.0673826
8 0.0716611 -0.6488356 0.0206310
5
-114.655     ts77     dynamics     sesquiterpene     TS     runpoint      26     runisomer      22
6 -0.1298823 0.6369705 -0.0290320
1 -0.1833488 1.0755876 0.9486269
1 -0.3681173 0.9292677 -0.9529296
1 0.5002057 -1.6386979 0.0555968
8 0.0726758 -0.6380325 0.0185580
5
-114.645     ts77     dynamics     sesquiterpene     TS     runpoint      27     runisomer      22
6 -0.1270733 0.6312253 -0.0177500
1 -0.1990893 1.1115099 0.9330560
1 -0.3921404 0.9084433 -1.0287620
1 0.4836864 -1.6667521 0.0420781
8 0.0741124 -0.6329069 0.0167066
5
-114.642     ts77     dynamics     sesquiterpene     TS     runpoint      28     runisomer      22
6 -0.1236761 0.6272679 -0.0072925
1 -0.2173604 1.1556678 0.9181168
1 -0.4185915 0.8999622 -1.1007131
1 0.4568745 -1.6371367 0.0278852
8 0.0760679 -0.6340536 0.0152327
5
-114.645     ts77     dynamics     sesquiterpene     TS     runpoint      29     runisomer      22
6 -0.1202711 0.6257625 0.0003531
1 -0.2380433 1.2048721 0.9041502
1 -0.4421972 0.8987707 -1.1482618
1 0.4214003 -1.5555916 0.0142287
8 0.0785366 -0.6410896 0.0142352
5
-114.653     ts77     dynamics     sesquiterpene     TS     runpoint      30     runisomer      22
6 -0.1171719 0.6267701 0.0043971
1 -0.2606208 1.2541311 0.8894363
1 -0.4602695 0.9022595 -1.1625886
1 0.3871254 -1.4515586 0.0019446
8 0.0809307 -0.6517260 0.0138066
5
-114.642     ts77     dynamics     sesquiterpene     TS     runpoint      31     runisomer      22
6 -0.1145117 0.6300103 0.0046736
1 -0.2840141 1.2977445 0.8717404
1 -0.4713840 0.9087773 -1.1413432
1 0.3850378 -1.4069141 -0.0099656
8 0.0812389 -0.6601306 0.0141284
5
-114.626     ts77     dynamics     sesquiterpene     TS     runpoint      32     runisomer      22
6 -0.1122956 0.6352759 0.0013660
1 -0.3068761 1.3308600 0.8499170
1 -0.4751371 0.9173585 -1.0868209
1 0.4410719 -1.4794592 -0.0247552
8 0.0777204 -0.6621404 0.0154833
5
-114.66     ts77     dynamics     sesquiterpene     TS     runpoint      33     runisomer      22
6 -0.1103456 0.6425954 -0.0049501
1 -0.3278587 1.3505813 0.8248032
1 -0.4728205 0.9281735 -1.0073954
1 0.5200202 -1.5761408 -0.0403776
8 0.0724556 -0.6634654 0.0177855
5
-114.665     ts77     dynamics     sesquiterpene     TS     runpoint      34     runisomer      22
6 -0.1081445 0.6516270 -0.0129800
1 -0.3456176 1.3561613 0.7994340
1 -0.4689750 0.9434476 -0.9214216
1 0.5953245 -1.6355891 -0.0539567
8 0.0669333 -0.6678112 0.0208496
5
-114.65     ts77     dynamics     sesquiterpene     TS     runpoint      35     runisomer      22
6 -0.1046889 0.6612563 -0.0204629
1 -0.3590360 1.3489089 0.7787624
1 -0.4733518 0.9690703 -0.8598460
1 0.6582559 -1.6406703 -0.0645986
8 0.0614927 -0.6758742 0.0245597
5
-114.639     ts77     dynamics     sesquiterpene     TS     runpoint      36     runisomer      22
6 -0.0988775 0.6700054 -0.0253819
1 -0.3679149 1.3316671 0.7688030
1 -0.4967237 1.0116050 -0.8510333
1 0.7056650 -1.5895698 -0.0723884
8 0.0561747 -0.6872532 0.0288161
5
-114.651     ts77     dynamics     sesquiterpene     TS     runpoint      37     runisomer      22
6 -0.0906876 0.6772956 -0.0284474
1 -0.3732469 1.3076595 0.7747835
1 -0.5369857 1.0671313 -0.8897277
1 0.7358186 -1.4859496 -0.0776966
8 0.0509999 -0.7012394 0.0335142
5
-114.678     ts77     dynamics     sesquiterpene     TS     runpoint      38     runisomer      22
6 -0.0811302 0.6834996 -0.0320564
1 -0.3763706 1.2789921 0.7983396
1 -0.5804838 1.1225260 -0.9467612
1 0.7531068 -1.3423590 -0.0818361
8 0.0456742 -0.7166258 0.0385948
5
-114.694     ts77     dynamics     sesquiterpene     TS     runpoint      39     runisomer      22
6 -0.0712598 0.6890521 -0.0376852
1 -0.3777815 1.2458495 0.8357975
1 -0.6154270 1.1671193 -0.9982095
1 0.7808651 -1.1872181 -0.0892797
8 0.0388070 -0.7312891 0.0441721
5
-114.69     ts77     dynamics     sesquiterpene     TS     runpoint      40     runisomer      22
6 -0.0619698 0.6942530 -0.0454764
1 -0.3767488 1.2074692 0.8792745
1 -0.6354521 1.1956820 -1.0312688
1 0.8593955 -1.0495026 -0.1076678
8 0.0280819 -0.7432507 0.0505229
5
-114.694     ts77     dynamics     sesquiterpene     TS     runpoint      41     runisomer      22
6 -0.0540805 0.6993575 -0.0548333
1 -0.3719170 1.1638896 0.9197363
1 -0.6379056 1.2066244 -1.0404001
1 0.9757564 -0.9213818 -0.1347974
8 0.0146775 -0.7530982 0.0572822
5
-114.695     ts77     dynamics     sesquiterpene     TS     runpoint      42     runisomer      22
6 -0.0482405 0.7044788 -0.0649412
1 -0.3620934 1.1166585 0.9497306
1 -0.6224243 1.2003375 -1.0243695
1 1.0786774 -0.7943953 -0.1601655
8 0.0022130 -0.7615697 0.0635677
5
-114.682     ts77     dynamics     sesquiterpene     TS     runpoint      43     runisomer      22
6 -0.0447562 0.7094668 -0.0749540
1 -0.3466944 1.0686167 0.9646726
1 -0.5907725 1.1788453 -0.9856755
1 1.1411301 -0.6743404 -0.1774202
8 -0.0073053 -0.7684962 0.0687920
5
-114.667     ts77     dynamics     sesquiterpene     TS     runpoint      44     runisomer      22
6 -0.0434454 0.7138460 -0.0838756
1 -0.3258942 1.0235248 0.9632110
1 -0.5480608 1.1468966 -0.9324881
1 1.1561433 -0.5687749 -0.1842657
8 -0.0132398 -0.7735790 0.0726616
5
-114.656     ts77     dynamics     sesquiterpene     TS     runpoint      45     runisomer      22
6 -0.0434579 0.7166725 -0.0902421
1 -0.3006342 0.9857093 0.9474704
1 -0.5050544 1.1141046 -0.8827008
1 1.1247078 -0.4829764 -0.1802404
8 -0.0155546 -0.7766570 0.0750434
5
-114.646     ts77     dynamics     sesquiterpene     TS     runpoint      46     runisomer      22
6 -0.0433588 0.7165676 -0.0921354
1 -0.2726483 0.9597498 0.9234543
1 -0.4779238 1.0948960 -0.8641077
1 1.0515022 -0.4203589 -0.1657916
8 -0.0144936 -0.7776773 0.0758987
5
-114.645     ts77     dynamics     sesquiterpene     TS     runpoint      47     runisomer      22
6 -0.0422568 0.7126511 -0.0888641
1 -0.2444604 0.9501665 0.9011608
1 -0.4763867 1.0984428 -0.8944605
1 0.9465376 -0.3836433 -0.1424946
8 -0.0105847 -0.7766708 0.0752987
5
-114.657     ts77     dynamics     sesquiterpene     TS     runpoint      48     runisomer      22
6 -0.0410134 0.7056295 -0.0827212
1 -0.2188083 0.9608447 0.8922372
1 -0.4916085 1.1177608 -0.9581286
1 0.8326091 -0.3739896 -0.1144708
8 -0.0050016 -0.7739010 0.0735034
5
-114.657     ts77     dynamics     sesquiterpene     TS     runpoint      49     runisomer      22
6 -0.0413000 0.6971041 -0.0767306
1 -0.1971048 0.9934920 0.9028056
1 -0.5086000 1.1396514 -1.0257942
1 0.7569601 -0.3841012 -0.0907434
8 -0.0003221 -0.7703029 0.0711158
5
-114.638     ts77     dynamics     sesquiterpene     TS     runpoint      50     runisomer      22
6 -0.0443296 0.6885116 -0.0722499
1 -0.1785859 1.0456014 0.9273274
1 -0.5180744 1.1551128 -1.0771217
1 0.7791909 -0.3953306 -0.0823257
8 -0.0000247 -0.7674060 0.0689172
5
-114.643     ts77     dynamics     sesquiterpene     TS     runpoint      51     runisomer      22
6 -0.0503870 0.6806080 -0.0691422
1 -0.1616671 1.1105237 0.9523946
1 -0.5164162 1.1597675 -1.1022614
1 0.8880958 -0.4125575 -0.0857307
8 -0.0035189 -0.7647737 0.0668085
5
-114.665     ts77     dynamics     sesquiterpene     TS     runpoint      52     runisomer      22
6 -0.0590077 0.6736377 -0.0668024
1 -0.1453799 1.1798802 0.9652498
1 -0.5031862 1.1519792 -1.0978905
1 1.0178523 -0.4531702 -0.0895213
8 -0.0070928 -0.7608643 0.0642119
5
-114.669     ts77     dynamics     sesquiterpene     TS     runpoint      53     runisomer      22
6 -0.0695456 0.6678364 -0.0646728
1 -0.1294553 1.2457710 0.9580778
1 -0.4797582 1.1319080 -1.0651994
1 1.1245114 -0.5200167 -0.0879316
8 -0.0083935 -0.7551853 0.0609116
5
-114.665     ts77     dynamics     sesquiterpene     TS     runpoint      54     runisomer      22
6 -0.0814769 0.6634206 -0.0621840
1 -0.1138075 1.3018691 0.9282477
1 -0.4491977 1.1018409 -1.0105995
1 1.1886832 -0.6094400 -0.0793067
8 -0.0064048 -0.7478769 0.0569459
5
-114.667     ts77     dynamics     sesquiterpene     TS     runpoint      55     runisomer      22
6 -0.0942532 0.6602026 -0.0584173
1 -0.0981527 1.3439688 0.8775762
1 -0.4171084 1.0676551 -0.9489093
1 1.2032795 -0.7159975 -0.0636768
8 -0.0007551 -0.7392456 0.0524464
5
-114.672     ts77     dynamics     sesquiterpene     TS     runpoint      56     runisomer      22
6 -0.1070591 0.6573340 -0.0518917
1 -0.0819579 1.3706822 0.8120868
1 -0.3921613 1.0398615 -0.9058390
1 1.1667068 -0.8324573 -0.0418555
8 0.0085577 -0.7296862 0.0475934
5
-114.679     ts77     dynamics     sesquiterpene     TS     runpoint      57     runisomer      22
6 -0.1190808 0.6537186 -0.0414740
1 -0.0643993 1.3845787 0.7422708
1 -0.3820872 1.0286759 -0.9076237
1 1.0812355 -0.9497881 -0.0151466
8 0.0212150 -0.7197500 0.0426102
5
-114.694     ts77     dynamics     sesquiterpene     TS     runpoint      58     runisomer      22
6 -0.1302579 0.6489110 -0.0285380
1 -0.0439127 1.3932066 0.6824317
1 -0.3857081 1.0326642 -0.9544951
1 0.9576798 -1.0591267 0.0146679
8 0.0363162 -0.7100466 0.0377544
5
-114.705     ts77     dynamics     sesquiterpene     TS     runpoint      59     runisomer      22
6 -0.1411758 0.6430438 -0.0165114
1 -0.0178330 1.4068981 0.6461293
1 -0.3952101 1.0405262 -1.0210407
1 0.8261480 -1.1593115 0.0457885
8 0.0517432 -0.7006893 0.0332547
5
-114.694     ts77     dynamics     sesquiterpene     TS     runpoint      60     runisomer      22
6 -0.1523665 0.6364812 -0.0079580
1 0.0165668 1.4306845 0.6380625
1 -0.4041292 1.0427883 -1.0822107
1 0.7331802 -1.2684020 0.0788690
8 0.0643836 -0.6905312 0.0291210
5
-114.679     ts77     dynamics     sesquiterpene     TS     runpoint      61     runisomer      22
6 -0.1640495 0.6301820 -0.0035058
1 0.0597957 1.4586289 0.6513241
1 -0.4091089 1.0351854 -1.1232341
1 0.6866897 -1.3966468 0.1170374
8 0.0736607 -0.6790045 0.0251297
5
-114.674     ts77     dynamics     sesquiterpene     TS     runpoint      62     runisomer      22
6 -0.1761720 0.6254976 -0.0025964
1 0.1094794 1.4793602 0.6738987
1 -0.4087844 1.0170944 -1.1374579
1 0.6534736 -1.5152219 0.1590553
8 0.0816901 -0.6681843 0.0212786
5
-114.661     ts77     dynamics     sesquiterpene     TS     runpoint      63     runisomer      22
6 -0.1885133 0.6234933 -0.0043164
1 0.1617291 1.4838188 0.6953343
1 -0.4029589 0.9899492 -1.1234554
1 0.6135853 -1.5965550 0.2015015
8 0.0897956 -0.6601240 0.0176677
5
-114.649     ts77     dynamics     sesquiterpene     TS     runpoint      64     runisomer      22
6 -0.2007712 0.6246288 -0.0076447
1 0.2125155 1.4676375 0.7087575
1 -0.3924851 0.9566384 -1.0843117
1 0.5614208 -1.6279658 0.2421515
8 0.0984126 -0.6558769 0.0142979
5
-114.648     ts77     dynamics     sesquiterpene     TS     runpoint      65     runisomer      22
6 -0.2126188 0.6287066 -0.0112699
1 0.2584274 1.4304022 0.7105259
1 -0.3796233 0.9217308 -1.0293651
1 0.4958812 -1.6057036 0.2803612
8 0.1077218 -0.6557916 0.0110425
5
-114.659     ts77     dynamics     sesquiterpene     TS     runpoint      66     runisomer      22
6 -0.2236574 0.6347693 -0.0133152
1 0.2970560 1.3748227 0.6997731
1 -0.3683961 0.8921416 -0.9774512
1 0.4187148 -1.5355770 0.3177857
8 0.1177180 -0.6593909 0.0076323
