5
-114.654160 ts77 dynamics sesquiterpene TS runpoint 1  runisomer  179
6 -0.0294241 0.6320691 0.0083866
1 -0.3303198 1.1329718 0.9475219
1 -0.1941356 1.0474521 -0.9345969
1 0.9580779 -0.0767361 -0.1236551
8 -0.0332022 -0.7438333 0.0006844
5
-114.65 ts77 dynamics sesquiterpene TS runpoint 2  runisomer  179
6 -0.0211457 0.635549 -0.00123816
1 -0.35222 1.12726 0.926204
1 -0.216104 1.05594 -0.842583
1 0.923305 -0.0464021 -0.107781
8 -0.0344578 -0.74853 0.0024508
5
-114.638     ts77     dynamics     sesquiterpene     TS     runpoint      3     runisomer      179
6 -0.0128302 0.6373657 -0.0061613
1 -0.3697841 1.1207770 0.9013911
1 -0.2516475 1.0936906 -0.8048002
1 0.9070648 -0.0133481 -0.0901050
8 -0.0363279 -0.7539474 0.0042143
5
-114.633     ts77     dynamics     sesquiterpene     TS     runpoint      4     runisomer      179
6 -0.0046546 0.6370185 -0.0060859
1 -0.3823194 1.1143151 0.8787127
1 -0.3032589 1.1627984 -0.8282971
1 0.9187073 0.0254583 -0.0713519
8 -0.0391538 -0.7600789 0.0058861
5
-114.646     ts77     dynamics     sesquiterpene     TS     runpoint      5     runisomer      179
6 0.0025300 0.6356512 -0.0042499
1 -0.3901650 1.1093022 0.8643216
1 -0.3597139 1.2415367 -0.8793176
1 0.9612607 0.0754849 -0.0518285
8 -0.0431752 -0.7668504 0.0074003
5
-114.653     ts77     dynamics     sesquiterpene     TS     runpoint      6     runisomer      179
6 0.0083817 0.6339506 -0.0033222
1 -0.3939938 1.1069204 0.8619233
1 -0.4088932 1.3094919 -0.9289587
1 1.0293489 0.1445014 -0.0315535
8 -0.0485162 -0.7740544 0.0087054
5
-114.654     ts77     dynamics     sesquiterpene     TS     runpoint      7     runisomer      179
6 0.0133707 0.6317988 -0.0043454
1 -0.3939362 1.1070551 0.8711194
1 -0.4440928 1.3562175 -0.9634817
1 1.1107092 0.2391977 -0.0107464
8 -0.0551713 -0.7813578 0.0097572
5
-114.657     ts77     dynamics     sesquiterpene     TS     runpoint      8     runisomer      179
6 0.0182623 0.6290311 -0.0073141
1 -0.3893874 1.1079871 0.8878747
1 -0.4624985 1.3773769 -0.9774937
1 1.1901872 0.3610372 0.0098085
8 -0.0629753 -0.7883494 0.0105163
5
-114.661     ts77     dynamics     sesquiterpene     TS     runpoint      9     runisomer      179
6 0.0237229 0.6258488 -0.0117522
1 -0.3795781 1.1070934 0.9065477
1 -0.4633189 1.3713689 -0.9692329
1 1.2537189 0.5054599 0.0288281
8 -0.0716413 -0.7946254 0.0109499
5
-114.667     ts77     dynamics     sesquiterpene     TS     runpoint      10     runisomer      179
6 0.0302167 0.6227657 -0.0170663
1 -0.3642455 1.1018597 0.9220597
1 -0.4470524 1.3381332 -0.9389539
1 1.2909736 0.6639954 0.0449010
8 -0.0808507 -0.7998752 0.0110389
5
-114.676     ts77     dynamics     sesquiterpene     TS     runpoint      11     runisomer      179
6 0.0380672 0.6203391 -0.0226710
1 -0.3439763 1.0905191 0.9312408
1 -0.4158662 1.2796341 -0.8893808
1 1.2963160 0.8266804 0.0569263
8 -0.0903188 -0.8039021 0.0107846
5
-114.685     ts77     dynamics     sesquiterpene     TS     runpoint      12     runisomer      179
6 0.0476897 0.6187856 -0.0278771
1 -0.3203685 1.0721119 0.9333437
1 -0.3754613 1.2021651 -0.8283683
1 1.2685740 0.9838437 0.0645230
8 -0.0998235 -0.8065960 0.0102359
5
-114.688     ts77     dynamics     sesquiterpene     TS     runpoint      13     runisomer      179
6 0.0600341 0.6175398 -0.0313126
1 -0.2967804 1.0462264 0.9294882
1 -0.3386498 1.1201489 -0.7746111
1 1.2106818 1.1274902 0.0675171
8 -0.1092431 -0.8079107 0.0094814
5
-114.678     ts77     dynamics     sesquiterpene     TS     runpoint      14     runisomer      179
6 0.0761777 0.6151843 -0.0305192
1 -0.2770316 1.0146357 0.9223661
1 -0.3259299 1.0564706 -0.7608272
1 1.1298121 1.2497875 0.0658661
8 -0.1183049 -0.8078443 0.0085698
5
-114.665     ts77     dynamics     sesquiterpene     TS     runpoint      15     runisomer      179
6 0.0963663 0.6111031 -0.0244446
1 -0.2654443 0.9798661 0.9164089
1 -0.3511346 1.0230000 -0.8060136
1 1.0361835 1.3452126 0.0600668
8 -0.1266935 -0.8064926 0.0076011
5
-114.669     ts77     dynamics     sesquiterpene     TS     runpoint      16     runisomer      179
6 0.1185157 0.6066868 -0.0157680
1 -0.2664061 0.9448705 0.9165373
1 -0.4024395 1.0056183 -0.8846190
1 0.9421185 1.4118094 0.0503885
8 -0.1340920 -0.8040736 0.0066458
5
-114.654160 ts77 dynamics sesquiterpene TS runpoint 1  runisomer  179
6 -0.0294241 0.6320691 0.0083866
1 -0.3303198 1.1329718 0.9475219
1 -0.1941356 1.0474521 -0.9345969
1 0.9580779 -0.0767361 -0.1236551
8 -0.0332022 -0.7438333 0.0006844
5
-114.65 ts77 dynamics sesquiterpene TS runpoint 2  runisomer  179
6 -0.0377362 0.628459 0.0192905
1 -0.30571 1.13794 0.96211
1 -0.177553 1.05127 -1.03917
1 0.999304 -0.106105 -0.136786
8 -0.0321593 -0.739828 -0.000999083
5
-114.647     ts77     dynamics     sesquiterpene     TS     runpoint      3     runisomer      179
6 -0.0458036 0.6256321 0.0287411
1 -0.2804029 1.1428267 0.9691504
1 -0.1626373 1.0568261 -1.1247945
1 1.0354361 -0.1360942 -0.1462862
8 -0.0309174 -0.7364756 -0.0025385
5
-114.634     ts77     dynamics     sesquiterpene     TS     runpoint      4     runisomer      179
6 -0.0533000 0.6239829 0.0353319
1 -0.2563157 1.1486169 0.9696214
1 -0.1487443 1.0602567 -1.1767834
1 1.0573180 -0.1691336 -0.1515560
8 -0.0290649 -0.7337386 -0.0039060
5
-114.624     ts77     dynamics     sesquiterpene     TS     runpoint      5     runisomer      179
6 -0.0601463 0.6238117 0.0384223
1 -0.2349239 1.1563160 0.9654899
1 -0.1360762 1.0604882 -1.1896697
1 1.0585464 -0.2094928 -0.1524167
8 -0.0261521 -0.7315681 -0.0050983
5
-114.623     ts77     dynamics     sesquiterpene     TS     runpoint      6     runisomer      179
6 -0.0666467 0.6255134 0.0377864
1 -0.2170169 1.1665517 0.9588567
1 -0.1248203 1.0573763 -1.1622798
1 1.0354436 -0.2639749 -0.1491746
8 -0.0216565 -0.7298611 -0.0061336
5
-114.636     ts77     dynamics     sesquiterpene     TS     runpoint      7     runisomer      179
6 -0.0734564 0.6295249 0.0335569
1 -0.2025906 1.1792353 0.9512883
1 -0.1149580 1.0513962 -1.0966250
1 0.9880371 -0.3411345 -0.1427089
8 -0.0150920 -0.7284323 -0.0070295
5
-114.661     ts77     dynamics     sesquiterpene     TS     runpoint      8     runisomer      179
6 -0.0812996 0.6360481 0.0264163
1 -0.1910129 1.1934410 0.9435811
1 -0.1063876 1.0445803 -1.0004672
1 0.9240010 -0.4471579 -0.1348163
8 -0.0064422 -0.7271116 -0.0077447
5
-114.684     ts77     dynamics     sesquiterpene     TS     runpoint      9     runisomer      179
6 -0.0905462 0.6445348 0.0181586
1 -0.1814651 1.2075994 0.9360055
1 -0.0991407 1.0434720 -0.8947351
1 0.8691390 -0.5791052 -0.1294684
8 0.0028932 -0.7259885 -0.0080736
5
-114.684     ts77     dynamics     sesquiterpene     TS     runpoint      10     runisomer      179
6 -0.1009992 0.6531015 0.0123572
1 -0.1733118 1.2199255 0.9289026
1 -0.0931000 1.0639469 -0.8220383
1 0.8734611 -0.7270811 -0.1337724
8 0.0095684 -0.7251602 -0.0075850
5
-114.678     ts77     dynamics     sesquiterpene     TS     runpoint      11     runisomer      179
6 -0.1121677 0.6592956 0.0123890
1 -0.1661515 1.2290549 0.9235536
1 -0.0868402 1.1241891 -0.8237981
1 0.9429829 -0.8901469 -0.1486655
8 0.0127205 -0.7239039 -0.0062246
5
-114.702     ts77     dynamics     sesquiterpene     TS     runpoint      12     runisomer      179
6 -0.1235579 0.6630892 0.0165278
1 -0.1596392 1.2345890 0.9225014
1 -0.0789435 1.2144298 -0.8818770
1 1.0165433 -1.0572715 -0.1649528
8 0.0157229 -0.7222547 -0.0045804
5
-114.706     ts77     dynamics     sesquiterpene     TS     runpoint      13     runisomer      179
6 -0.1346811 0.6660813 0.0207915
1 -0.1532645 1.2368091 0.9278988
1 -0.0701225 1.3072738 -0.9508544
1 1.0578632 -1.2093471 -0.1766406
8 0.0205066 -0.7209088 -0.0030380
5
-114.682     ts77     dynamics     sesquiterpene     TS     runpoint      14     runisomer      179
6 -0.1451465 0.6691783 0.0229362
1 -0.1464180 1.2358761 0.9398291
1 -0.0616273 1.3843975 -1.0038247
1 1.0595542 -1.3337522 -0.1820789
8 0.0272854 -0.7201963 -0.0017196
5
-114.655     ts77     dynamics     sesquiterpene     TS     runpoint      15     runisomer      179
6 -0.1546682 0.6725857 0.0222782
1 -0.1386395 1.2312774 0.9561203
1 -0.0543350 1.4375191 -1.0301295
1 1.0246000 -1.4239906 -0.1813690
8 0.0356803 -0.7201255 -0.0006424
5
-114.639     ts77     dynamics     sesquiterpene     TS     runpoint      16     runisomer      179
6 -0.1630279 0.6763499 0.0188769
1 -0.1297788 1.2219061 0.9732273
1 -0.0487332 1.4633134 -1.0265069
1 0.9571960 -1.4757267 -0.1750197
8 0.0452868 -0.7207266 0.0002016
5
-114.638     ts77     dynamics     sesquiterpene     TS     runpoint      17     runisomer      179
6 -0.1700783 0.6805706 0.0130795
1 -0.1199915 1.2065679 0.9874675
1 -0.0449682 1.4606563 -0.9930267
1 0.8605827 -1.4846519 -0.1636721
8 0.0558092 -0.7221994 0.0008282
5
-114.653     ts77     dynamics     sesquiterpene     TS     runpoint      18     runisomer      179
6 -0.1757458 0.6852441 0.0053912
1 -0.1097444 1.1844998 0.9960548
1 -0.0428653 1.4301688 -0.9325177
1 0.7406991 -1.4496923 -0.1488720
8 0.0668360 -0.7245977 0.0013090
5
-114.674     ts77     dynamics     sesquiterpene     TS     runpoint      19     runisomer      179
6 -0.1800485 0.6898773 -0.0033594
1 -0.0998074 1.1557455 0.9977108
1 -0.0416928 1.3760743 -0.8529410
1 0.6180588 -1.3873737 -0.1357907
8 0.0770905 -0.7267822 0.0019299
5
-114.67     ts77     dynamics     sesquiterpene     TS     runpoint      20     runisomer      179
6 -0.1831708 0.6930319 -0.0115138
1 -0.0911057 1.1214243 0.9929719
1 -0.0389686 1.3115756 -0.7736309
1 0.5483425 -1.3635878 -0.1398298
8 0.0831052 -0.7244229 0.0036029
5
-114.637     ts77     dynamics     sesquiterpene     TS     runpoint      21     runisomer      179
6 -0.1856428 0.6920772 -0.0161179
1 -0.0844358 1.0840027 0.9843424
1 -0.0281948 1.2650879 -0.7316982
1 0.5716498 -1.4412845 -0.1776313
8 0.0823906 -0.7135258 0.0073394
5
-114.654     ts77     dynamics     sesquiterpene     TS     runpoint      22     runisomer      179
6 -0.1881328 0.6848976 -0.0148287
1 -0.0801291 1.0473901 0.9763757
1 -0.0015196 1.2634753 -0.7602241
1 0.6246885 -1.5383727 -0.2326578
8 0.0789639 -0.6996159 0.0121367
5
-114.663     ts77     dynamics     sesquiterpene     TS     runpoint      23     runisomer      179
6 -0.1904448 0.6729793 -0.0099523
1 -0.0777799 1.0162296 0.9749735
1 0.0379446 1.2934327 -0.8393416
1 0.6691389 -1.5985139 -0.2901377
8 0.0752620 -0.6868109 0.0171721
5
-114.66     ts77     dynamics     sesquiterpene     TS     runpoint      24     runisomer      179
6 -0.1918143 0.6591761 -0.0055349
1 -0.0765515 0.9945901 0.9842900
1 0.0798552 1.3261603 -0.9265919
1 0.6949638 -1.6068288 -0.3440256
8 0.0719428 -0.6766325 0.0221628
5
-114.65     ts77     dynamics     sesquiterpene     TS     runpoint      25     runisomer      179
6 -0.1917531 0.6453739 -0.0037156
1 -0.0759618 0.9844105 1.0031369
1 0.1169947 1.3456946 -0.9960658
1 0.7002474 -1.5621136 -0.3913661
8 0.0691863 -0.6696880 0.0269697
5
-114.646     ts77     dynamics     sesquiterpene     TS     runpoint      26     runisomer      179
6 -0.1901482 0.6328248 -0.0048880
1 -0.0762440 0.9849963 1.0249516
1 0.1461214 1.3461869 -1.0367671
1 0.6838550 -1.4662325 -0.4298118
8 0.0671964 -0.6663852 0.0314606
5
-114.656     ts77     dynamics     sesquiterpene     TS     runpoint      27     runisomer      179
6 -0.1871109 0.6225301 -0.0086538
1 -0.0781081 0.9939816 1.0412339
1 0.1661224 1.3260664 -1.0448679
1 0.6463337 -1.3252436 -0.4585483
8 0.0661375 -0.6668459 0.0355807
5
-114.676     ts77     dynamics     sesquiterpene     TS     runpoint      28     runisomer      179
6 -0.1828354 0.6152140 -0.0143828
1 -0.0823782 1.0086630 1.0449359
1 0.1767512 1.2855704 -1.0199934
1 0.5988132 -1.1588040 -0.4856217
8 0.0655230 -0.6702207 0.0397837
5
-114.686     ts77     dynamics     sesquiterpene     TS     runpoint      29     runisomer      179
6 -0.1775883 0.6112626 -0.0213263
1 -0.0897508 1.0268220 1.0321173
1 0.1785039 1.2266753 -0.9649496
1 0.5767383 -1.0066800 -0.5447565
8 0.0633312 -0.6742781 0.0460582
5
-114.691     ts77     dynamics     sesquiterpene     TS     runpoint      30     runisomer      179
6 -0.1718755 0.6106910 -0.0283865
1 -0.1006730 1.0472673 1.0025563
1 0.1739271 1.1552764 -0.8888488
1 0.6040727 -0.8854978 -0.6662022
8 0.0582990 -0.6782766 0.0560743
5
-114.713     ts77     dynamics     sesquiterpene     TS     runpoint      31     runisomer      179
6 -0.1666494 0.6127210 -0.0336568
1 -0.1153212 1.0701192 0.9600413
1 0.1707602 1.0860015 -0.8142043
1 0.6410458 -0.7753517 -0.8028806
8 0.0531698 -0.6838183 0.0666140
5
-114.696     ts77     dynamics     sesquiterpene     TS     runpoint      32     runisomer      179
6 -0.1634371 0.6153379 -0.0342156
1 -0.1336576 1.0968655 0.9123604
1 0.1849938 1.0439143 -0.7809796
1 0.6596826 -0.6755950 -0.9122438
8 0.0498442 -0.6911031 0.0748335
5
-114.662     ts77     dynamics     sesquiterpene     TS     runpoint      33     runisomer      179
6 -0.1633405 0.6170014 -0.0287621
1 -0.1554732 1.1304841 0.8705420
1 0.2286857 1.0441258 -0.8148126
1 0.6535423 -0.5936038 -0.9793208
8 0.0487796 -0.6996514 0.0797342
5
-114.655     ts77     dynamics     sesquiterpene     TS     runpoint      34     runisomer      179
6 -0.1653313 0.6185626 -0.0206251
1 -0.1804617 1.1743971 0.8452338
1 0.2892996 1.0714799 -0.8873963
1 0.6231363 -0.5357832 -1.0003210
8 0.0499439 -0.7089589 0.0811192
5
-114.657     ts77     dynamics     sesquiterpene     TS     runpoint      35     runisomer      179
6 -0.1677894 0.6213262 -0.0134597
1 -0.2081237 1.2287778 0.8396108
1 0.3478727 1.1064199 -0.9599203
1 0.5702100 -0.5063928 -0.9744131
8 0.0531754 -0.7185143 0.0790333
5
-114.66     ts77     dynamics     sesquiterpene     TS     runpoint      36     runisomer      179
6 -0.1698522 0.6260950 -0.0085138
1 -0.2373874 1.2878205 0.8470580
1 0.3941702 1.1383014 -1.0119073
1 0.4977221 -0.5079020 -0.9035677
8 0.0582168 -0.7277280 0.0736626
5
-114.668     ts77     dynamics     sesquiterpene     TS     runpoint      37     runisomer      179
6 -0.1712727 0.6334484 -0.0055165
1 -0.2666370 1.3422603 0.8571352
1 0.4242366 1.1615227 -1.0353977
1 0.4133473 -0.5411571 -0.7996639
8 0.0645479 -0.7360449 0.0657105
5
-114.671     ts77     dynamics     sesquiterpene     TS     runpoint      38     runisomer      179
6 -0.1720373 0.6437910 -0.0038413
1 -0.2942422 1.3836643 0.8616417
1 0.4365784 1.1723268 -1.0276924
1 0.3376921 -0.6009731 -0.7073982
8 0.0708501 -0.7433278 0.0578689
5
-114.643     ts77     dynamics     sesquiterpene     TS     runpoint      39     runisomer      179
6 -0.1720515 0.6570662 -0.0031362
1 -0.3189780 1.4066110 0.8565124
1 0.4307775 1.1685769 -0.9887839
1 0.3081244 -0.6707078 -0.7333984
8 0.0746481 -0.7501059 0.0568487
5
-114.656     ts77     dynamics     sesquiterpene     TS     runpoint      40     runisomer      179
6 -0.1710709 0.6725141 -0.0035155
1 -0.3403291 1.4091720 0.8417470
1 0.4077434 1.1515135 -0.9216060
1 0.3153592 -0.7535327 -0.8712426
8 0.0762524 -0.7555662 0.0625157
5
-114.697     ts77     dynamics     sesquiterpene     TS     runpoint      41     runisomer      179
6 -0.1690428 0.6889160 -0.0050728
1 -0.3588332 1.3928687 0.8211773
1 0.3716371 1.1261478 -0.8345040
1 0.3245117 -0.8499577 -1.0091739
8 0.0775938 -0.7591730 0.0681817
5
-114.692     ts77     dynamics     sesquiterpene     TS     runpoint      42     runisomer      179
6 -0.1665982 0.7044959 -0.0070428
1 -0.3763249 1.3625688 0.8022537
1 0.3345616 1.1028849 -0.7478314
1 0.3243800 -0.9494703 -1.1029221
8 0.0792057 -0.7612192 0.0712971
5
-114.664     ts77     dynamics     sesquiterpene     TS     runpoint      43     runisomer      179
6 -0.1653782 0.7166325 -0.0073325
1 -0.3958488 1.3257504 0.7951017
1 0.3208572 1.1006303 -0.6987983
1 0.3133786 -1.0428591 -1.1429551
8 0.0810776 -0.7619804 0.0713967
5
-114.638     ts77     dynamics     sesquiterpene     TS     runpoint      44     runisomer      179
6 -0.1666637 0.7231441 -0.0045889
1 -0.4206071 1.2897020 0.8091561
1 0.3500732 1.1343459 -0.7143404
1 0.2920311 -1.1231429 -1.1288809
8 0.0831072 -0.7616611 0.0685441
5
-114.649     ts77     dynamics     sesquiterpene     TS     runpoint      45     runisomer      179
6 -0.1690337 0.7245609 -0.0011550
1 -0.4516596 1.2572692 0.8471415
1 0.4069415 1.1924754 -0.7704712
1 0.2611211 -1.1844336 -1.0620349
8 0.0852058 -0.7604830 0.0628978
5
-114.672     ts77     dynamics     sesquiterpene     TS     runpoint      46     runisomer      179
6 -0.1704914 0.7227299 0.0003509
1 -0.4861775 1.2252321 0.9012100
1 0.4650464 1.2545524 -0.8292025
1 0.2217212 -1.2214689 -0.9454963
8 0.0872957 -0.7586702 0.0547180
5
-114.688     ts77     dynamics     sesquiterpene     TS     runpoint      47     runisomer      179
6 -0.1702258 0.7190294 -0.0007518
1 -0.5187349 1.1880967 0.9573149
1 0.5091398 1.3080260 -0.8690442
1 0.1761349 -1.2323674 -0.7907130
8 0.0892429 -0.7562379 0.0447669
5
-114.691     ts77     dynamics     sesquiterpene     TS     runpoint      48     runisomer      179
6 -0.1682017 0.7141185 -0.0041083
1 -0.5440890 1.1423202 1.0024462
1 0.5330531 1.3468515 -0.8813328
1 0.1295035 -1.2328150 -0.6390105
8 0.0907537 -0.7520895 0.0356560
5
-114.656     ts77     dynamics     sesquiterpene     TS     runpoint      49     runisomer      179
6 -0.1646290 0.7081875 -0.0091772
1 -0.5587420 1.0874114 1.0279957
1 0.5348934 1.3680677 -0.8635143
1 0.0867524 -1.2858274 -0.5852359
8 0.0915749 -0.7421786 0.0333373
5
-114.651     ts77     dynamics     sesquiterpene     TS     runpoint      50     runisomer      179
6 -0.1598122 0.7013309 -0.0155236
1 -0.5612135 1.0255013 1.0301044
1 0.5150003 1.3705456 -0.8162670
1 0.0412762 -1.4040803 -0.6299062
8 0.0922363 -0.7258406 0.0378023
5
-114.684     ts77     dynamics     sesquiterpene     TS     runpoint      51     runisomer      179
6 -0.1541588 0.6936755 -0.0227969
1 -0.5520809 0.9605897 1.0094172
1 0.4760384 1.3553491 -0.7435485
1 -0.0069066 -1.5127134 -0.6870472
8 0.0929104 -0.7082073 0.0435788
5
-114.683     ts77     dynamics     sesquiterpene     TS     runpoint      52     runisomer      179
6 -0.1482735 0.6850319 -0.0305091
1 -0.5343062 0.8978625 0.9713904
1 0.4251064 1.3280080 -0.6549913
1 -0.0538255 -1.5786253 -0.7253154
8 0.0935396 -0.6918952 0.0485908
5
-114.671     ts77     dynamics     sesquiterpene     TS     runpoint      53     runisomer      179
6 -0.1432652 0.6743549 -0.0377403
1 -0.5136195 0.8432917 0.9271911
1 0.3780481 1.3038677 -0.5699423
1 -0.0967242 -1.5951923 -0.7387952
8 0.0941465 -0.6778824 0.0522905
5
-114.651     ts77     dynamics     sesquiterpene     TS     runpoint      54     runisomer      179
6 -0.1407961 0.6596879 -0.0433151
1 -0.4979816 0.8028917 0.8931747
1 0.3593427 1.3099478 -0.5151133
1 -0.1334528 -1.5630705 -0.7273030
8 0.0948025 -0.6667404 0.0544378
5
-114.643     ts77     dynamics     sesquiterpene     TS     runpoint      55     runisomer      179
6 -0.1415508 0.6404780 -0.0473651
1 -0.4946686 0.7814507 0.8849693
1 0.3806393 1.3601082 -0.5009995
1 -0.1616882 -1.4839103 -0.6910179
8 0.0955985 -0.6591257 0.0548179
5
-114.665     ts77     dynamics     sesquiterpene     TS     runpoint      56     runisomer      179
6 -0.1443406 0.6196583 -0.0513491
1 -0.5054985 0.7812391 0.9060062
1 0.4254981 1.4314644 -0.5107294
1 -0.1794433 -1.3620828 -0.6316670
8 0.0966675 -0.6556659 0.0533549
5
-114.69     ts77     dynamics     sesquiterpene     TS     runpoint      57     runisomer      179
6 -0.1481815 0.6009270 -0.0555395
1 -0.5256560 0.8010845 0.9436732
1 0.4738741 1.4946609 -0.5259262
1 -0.1895756 -1.2162000 -0.5627949
8 0.0984109 -0.6560387 0.0507437
5
-114.682     ts77     dynamics     sesquiterpene     TS     runpoint      58     runisomer      179
6 -0.1528557 0.5868582 -0.0590294
1 -0.5482127 0.8367206 0.9800629
1 0.5145949 1.5332057 -0.5371451
1 -0.2155075 -1.1023484 -0.5383271
8 0.1024078 -0.6573331 0.0502344
5
-114.644     ts77     dynamics     sesquiterpene     TS     runpoint      59     runisomer      179
6 -0.1583383 0.5790815 -0.0608412
1 -0.5679400 0.8824884 1.0017983
1 0.5425278 1.5406510 -0.5407797
1 -0.2945092 -1.0715151 -0.6235259
8 0.1109827 -0.6567956 0.0558215
5
-114.669     ts77     dynamics     sesquiterpene     TS     runpoint      60     runisomer      179
6 -0.1645635 0.5785408 -0.0604566
1 -0.5820478 0.9329163 1.0020535
1 0.5554373 1.5158671 -0.5360414
1 -0.3887615 -1.0685338 -0.7445319
8 0.1216693 -0.6581949 0.0628441
5
-114.672     ts77     dynamics     sesquiterpene     TS     runpoint      61     runisomer      179
6 -0.1713114 0.5852243 -0.0577537
1 -0.5897479 0.9832127 0.9789736
1 0.5526424 1.4605849 -0.5236067
1 -0.4643064 -1.0625322 -0.8444368
8 0.1321531 -0.6632743 0.0677818
5
-114.663     ts77     dynamics     sesquiterpene     TS     runpoint      62     runisomer      179
6 -0.1782285 0.5982206 -0.0528089
1 -0.5919793 1.0297168 0.9345982
1 0.5354591 1.3796770 -0.5057434
1 -0.5106467 -1.0483175 -0.9067049
8 0.1414868 -0.6717535 0.0696662
5
-114.663     ts77     dynamics     sesquiterpene     TS     runpoint      63     runisomer      179
6 -0.1851224 0.6157724 -0.0458158
1 -0.5914951 1.0707079 0.8751984
1 0.5099214 1.2837434 -0.4877944
1 -0.5254993 -1.0267555 -0.9277534
8 0.1491738 -0.6828198 0.0683574
5
-114.666     ts77     dynamics     sesquiterpene     TS     runpoint      64     runisomer      179
6 -0.1923934 0.6351945 -0.0370075
1 -0.5931861 1.1076692 0.8122655
1 0.4913045 1.1919073 -0.4807681
1 -0.5081910 -0.9990724 -0.9064481
8 0.1548195 -0.6956800 0.0639281
5
-114.667     ts77     dynamics     sesquiterpene     TS     runpoint      65     runisomer      179
6 -0.2009185 0.6533706 -0.0266777
1 -0.6039230 1.1461524 0.7616643
1 0.5021382 1.1262232 -0.5000979
1 -0.4588226 -0.9666381 -0.8428684
8 0.1581015 -0.7096472 0.0565770
5
-114.677     ts77     dynamics     sesquiterpene     TS     runpoint      66     runisomer      179
6 -0.2103225 0.6685782 -0.0158422
1 -0.6298065 1.1932310 0.7371197
1 0.5488933 1.0923699 -0.5504763
1 -0.3816167 -0.9331551 -0.7433917
8 0.1589792 -0.7240000 0.0468992
5
-114.696     ts77     dynamics     sesquiterpene     TS     runpoint      67     runisomer      179
6 -0.2184761 0.6811626 -0.0060871
1 -0.6706141 1.2501363 0.7398362
1 0.6101500 1.0785619 -0.6166464
1 -0.2973739 -0.9096671 -0.6391938
8 0.1585007 -0.7376380 0.0370119
5
-114.672     ts77     dynamics     sesquiterpene     TS     runpoint      68     runisomer      179
6 -0.2237600 0.6921643 0.0018388
1 -0.7184533 1.3089473 0.7579771
1 0.6616432 1.0741120 -0.6798112
1 -0.2681190 -0.9222871 -0.6235556
8 0.1603936 -0.7485225 0.0329162
5
-114.648     ts77     dynamics     sesquiterpene     TS     runpoint      69     runisomer      179
6 -0.2257637 0.7023747 0.0079142
1 -0.7633511 1.3588270 0.7774375
1 0.6896868 1.0742177 -0.7279369
1 -0.3150952 -0.9794325 -0.7312063
8 0.1659215 -0.7557338 0.0369461
5
-114.675     ts77     dynamics     sesquiterpene     TS     runpoint      70     runisomer      179
6 -0.2246731 0.7121822 0.0122313
1 -0.7978747 1.3918349 0.7886387
1 0.6888994 1.0773281 -0.7550039
1 -0.3692179 -1.0477465 -0.8539313
8 0.1707414 -0.7610646 0.0424381
5
-114.658     ts77     dynamics     sesquiterpene     TS     runpoint      71     runisomer      179
6 -0.2207917 0.7216450 0.0148753
1 -0.8179886 1.4038291 0.7867651
1 0.6584097 1.0830275 -0.7587683
1 -0.4027381 -1.1089219 -0.9439729
8 0.1731319 -0.7654268 0.0464811
5
-114.639     ts77     dynamics     sesquiterpene     TS     runpoint      72     runisomer      179
6 -0.2144575 0.7305696 0.0159821
1 -0.8225294 1.3937202 0.7704903
1 0.6006194 1.0915620 -0.7400678
1 -0.4104655 -1.1563671 -0.9900145
8 0.1727961 -0.7690361 0.0483965
5
-114.636     ts77     dynamics     sesquiterpene     TS     runpoint      73     runisomer      179
6 -0.2061824 0.7384551 0.0158640
1 -0.8130314 1.3631184 0.7415867
1 0.5225422 1.1045010 -0.7042878
1 -0.3926950 -1.1872344 -0.9904148
8 0.1697904 -0.7718957 0.0480756
5
-114.645     ts77     dynamics     sesquiterpene     TS     runpoint      74     runisomer      179
6 -0.1968833 0.7442789 0.0152269
1 -0.7944472 1.3167647 0.7057622
1 0.4390006 1.1267026 -0.6650777
1 -0.3506144 -1.1993728 -0.9453708
8 0.1642568 -0.7739809 0.0455010
5
-114.658     ts77     dynamics     sesquiterpene     TS     runpoint      75     runisomer      179
6 -0.1877825 0.7462496 0.0152039
1 -0.7763893 1.2631194 0.6739886
1 0.3725908 1.1683779 -0.6461451
1 -0.2863014 -1.1911243 -0.8568554
8 0.1564259 -0.7752271 0.0407487
5
-114.672     ts77     dynamics     sesquiterpene     TS     runpoint      76     runisomer      179
6 -0.1791377 0.7424571 0.0161867
1 -0.7723677 1.2128029 0.6613410
1 0.3380911 1.2385761 -0.6661747
1 -0.2065604 -1.1649691 -0.7364164
8 0.1468379 -0.7752840 0.0344811
5
-114.685     ts77     dynamics     sesquiterpene     TS     runpoint      77     runisomer      179
6 -0.1694431 0.7328111 0.0165837
1 -0.7920480 1.1720607 0.6780780
1 0.3255066 1.3289574 -0.7152116
1 -0.1343610 -1.1420725 -0.6319814
8 0.1370500 -0.7726196 0.0296374
5
-114.659     ts77     dynamics     sesquiterpene     TS     runpoint      78     runisomer      179
6 -0.1577094 0.7191701 0.0149369
1 -0.8309050 1.1369732 0.7185909
1 0.3167423 1.4190696 -0.7689478
1 -0.1126952 -1.1805961 -0.6504335
8 0.1298843 -0.7634282 0.0328676
5
-114.677     ts77     dynamics     sesquiterpene     TS     runpoint      79     runisomer      179
6 -0.1445008 0.7037444 0.0113295
1 -0.8741732 1.0993120 0.7662877
1 0.3013421 1.4924390 -0.8104297
1 -0.1224056 -1.2636207 -0.7567710
8 0.1242850 -0.7488759 0.0418826
5
-114.693     ts77     dynamics     sesquiterpene     TS     runpoint      80     runisomer      179
6 -0.1308922 0.6881554 0.0065253
1 -0.9083629 1.0542199 0.8060503
1 0.2757628 1.5398392 -0.8319986
1 -0.1313294 -1.3350814 -0.8598480
8 0.1184051 -0.7328262 0.0508364
5
-114.67     ts77     dynamics     sesquiterpene     TS     runpoint      81     runisomer      179
6 -0.1177799 0.6733635 0.0012804
1 -0.9255654 1.0011384 0.8287383
1 0.2399665 1.5568042 -0.8313790
1 -0.1314001 -1.3759106 -0.9297833
8 0.1119135 -0.7168832 0.0577082
5
-114.65     ts77     dynamics     sesquiterpene     TS     runpoint      82     runisomer      179
6 -0.1058182 0.6598887 -0.0037852
1 -0.9226030 0.9422530 0.8303842
1 0.1957067 1.5418677 -0.8092972
1 -0.1222576 -1.3836472 -0.9613316
8 0.1049682 -0.7016366 0.0620000
5
-114.646     ts77     dynamics     sesquiterpene     TS     runpoint      83     runisomer      179
6 -0.0955070 0.6480133 -0.0081427
1 -0.8997732 0.8813687 0.8110794
1 0.1460455 1.4966182 -0.7693333
1 -0.1048081 -1.3597914 -0.9549809
8 0.0978256 -0.6875454 0.0635667
5
-114.658     ts77     dynamics     sesquiterpene     TS     runpoint      84     runisomer      179
6 -0.0872194 0.6378364 -0.0112353
1 -0.8607572 0.8234627 0.7751099
1 0.0954322 1.4279175 -0.7199654
1 -0.0793902 -1.3053088 -0.9108317
8 0.0907401 -0.6753677 0.0622602
5
-114.676     ts77     dynamics     sesquiterpene     TS     runpoint      85     runisomer      179
6 -0.0810738 0.6288863 -0.0122274
1 -0.8138717 0.7746361 0.7322769
1 0.0498197 1.3523917 -0.6786777
1 -0.0459287 -1.2215233 -0.8296591
8 0.0839438 -0.6661001 0.0579866
5
-114.686     ts77     dynamics     sesquiterpene     TS     runpoint      86     runisomer      179
6 -0.0766557 0.6197717 -0.0099395
1 -0.7734053 0.7418852 0.6988837
1 0.0151963 1.2972644 -0.6731698
1 -0.0058196 -1.1178944 -0.7239807
8 0.0777366 -0.6602573 0.0513691
5
-114.673     ts77     dynamics     sesquiterpene     TS     runpoint      87     runisomer      179
6 -0.0728512 0.6097623 -0.0040393
1 -0.7562313 0.7316856 0.6935071
1 -0.0071704 1.2797549 -0.7228863
1 0.0352297 -1.0317215 -0.6516878
8 0.0726261 -0.6564334 0.0458578
5
-114.637     ts77     dynamics     sesquiterpene     TS     runpoint      88     runisomer      179
6 -0.0687874 0.6009147 0.0038398
1 -0.7690150 0.7471137 0.7231773
1 -0.0219014 1.2841719 -0.8131560
1 0.0740392 -1.0241938 -0.7231833
8 0.0688688 -0.6515221 0.0482702
5
-114.678     ts77     dynamics     sesquiterpene     TS     runpoint      89     runisomer      179
6 -0.0649512 0.5963916 0.0120956
1 -0.8004810 0.7855246 0.7752636
1 -0.0339373 1.2857523 -0.9133358
1 0.1181093 -1.0537557 -0.8657661
8 0.0659591 -0.6487872 0.0540906
5
-114.694     ts77     dynamics     sesquiterpene     TS     runpoint      90     runisomer      179
6 -0.0623641 0.5981528 0.0201549
1 -0.8332105 0.8397096 0.8299059
1 -0.0461308 1.2713842 -1.0006102
1 0.1645277 -1.0779349 -0.9910659
8 0.0639277 -0.6510945 0.0579967
5
-114.672     ts77     dynamics     sesquiterpene     TS     runpoint      91     runisomer      179
6 -0.0616442 0.6065700 0.0278176
1 -0.8548853 0.9015596 0.8722771
1 -0.0597767 1.2378309 -1.0622778
1 0.2087211 -1.0857993 -1.0720272
8 0.0628329 -0.6586987 0.0585664
5
-114.652     ts77     dynamics     sesquiterpene     TS     runpoint      92     runisomer      179
6 -0.0629422 0.6208994 0.0348872
1 -0.8592577 0.9642865 0.8943711
1 -0.0753640 1.1867142 -1.0920724
1 0.2476499 -1.0760379 -1.1025121
8 0.0626159 -0.6707978 0.0556693
5
-114.649     ts77     dynamics     sesquiterpene     TS     runpoint      93     runisomer      179
6 -0.0661364 0.6398272 0.0411252
1 -0.8439287 1.0227637 0.8930731
1 -0.0930433 1.1220477 -1.0878954
1 0.2793295 -1.0490467 -1.0807256
8 0.0631689 -0.6863116 0.0494352
5
-114.665     ts77     dynamics     sesquiterpene     TS     runpoint      94     runisomer      179
6 -0.0709605 0.6617354 0.0463478
1 -0.8092005 1.0735344 0.8688734
1 -0.1126616 1.0497691 -1.0517958
1 0.3022582 -1.0059306 -1.0067840
8 0.0643966 -0.7041128 0.0401079
5
-114.694     ts77     dynamics     sesquiterpene     TS     runpoint      95     runisomer      179
6 -0.0769678 0.6847609 0.0506187
1 -0.7585563 1.1152701 0.8262534
1 -0.1338790 0.9780541 -0.9925193
1 0.3163335 -0.9503950 -0.8883059
8 0.0661672 -0.7230016 0.0283895
5
-114.716     ts77     dynamics     sesquiterpene     TS     runpoint      96     runisomer      179
6 -0.0833229 0.7067856 0.0544938
1 -0.7003227 1.1501286 0.7757050
1 -0.1567624 0.9171170 -0.9301832
1 0.3294051 -0.8937043 -0.7619014
8 0.0678882 -0.7414582 0.0167766
5
-114.684     ts77     dynamics     sesquiterpene     TS     runpoint      97     runisomer      179
6 -0.0886205 0.7255434 0.0588877
1 -0.6488939 1.1857304 0.7355212
1 -0.1826601 0.8765609 -0.8963444
1 0.3755104 -0.8576617 -0.7313331
8 0.0673529 -0.7574924 0.0119561
5
-114.653     ts77     dynamics     sesquiterpene     TS     runpoint      98     runisomer      179
6 -0.0913381 0.7393050 0.0637901
1 -0.6198798 1.2334354 0.7263429
1 -0.2137047 0.8603468 -0.9133288
1 0.4737324 -0.8415295 -0.8253601
8 0.0633345 -0.7708205 0.0158532
5
-114.682     ts77     dynamics     sesquiterpene     TS     runpoint      99     runisomer      179
6 -0.0912300 0.7478694 0.0676126
1 -0.6163378 1.2966386 0.7536234
1 -0.2497410 0.8658441 -0.9688917
1 0.5780464 -0.8297744 -0.9309344
8 0.0587331 -0.7823193 0.0214210
5
-114.679     ts77     dynamics     sesquiterpene     TS     runpoint      100     runisomer      179
6 -0.0895837 0.7524940 0.0690916
1 -0.6258871 1.3637584 0.8019418
1 -0.2877158 0.8880807 -1.0328850
1 0.6632286 -0.8193700 -1.0002742
8 0.0551294 -0.7920781 0.0256703
