5
-114.654160 ts77 dynamics sesquiterpene TS runpoint 1  runisomer  185
6 -0.0262597 0.6570964 -0.0054549
1 -0.2449205 1.0869078 0.9714928
1 -0.3503687 1.0332029 -0.9354490
1 1.0658327 -0.0999399 0.1061806
8 -0.0379028 -0.7573469 -0.0048686
5
-114.644 ts77 dynamics sesquiterpene TS runpoint 2  runisomer  185
6 -0.0286246 0.667474 -0.0138003
1 -0.24179 1.06441 0.983982
1 -0.307276 1.02129 -0.873158
1 1.04163 -0.0746647 0.084972
8 -0.0375165 -0.764557 -0.00198286
5
-114.635     ts77     dynamics     sesquiterpene     TS     runpoint      3     runisomer      185
6 -0.0289664 0.6740295 -0.0175387
1 -0.2396103 1.0474510 0.9900386
1 -0.2790073 1.0367421 -0.8566864
1 1.0063272 -0.0423943 0.0605808
8 -0.0369553 -0.7714137 0.0009400
5
-114.631     ts77     dynamics     sesquiterpene     TS     runpoint      4     runisomer      185
6 -0.0271030 0.6759368 -0.0153619
1 -0.2385888 1.0369877 0.9889994
1 -0.2692497 1.0853754 -0.8997780
1 0.9668264 -0.0014164 0.0338660
8 -0.0365429 -0.7778315 0.0037712
5
-114.644     ts77     dynamics     sesquiterpene     TS     runpoint      5     runisomer      185
6 -0.0240656 0.6741892 -0.0100763
1 -0.2394127 1.0341558 0.9828294
1 -0.2686027 1.1523425 -0.9703811
1 0.9335039 0.0505491 0.0057000
8 -0.0367112 -0.7838364 0.0064179
5
-114.65     ts77     dynamics     sesquiterpene     TS     runpoint      6     runisomer      185
6 -0.0209785 0.6701676 -0.0048747
1 -0.2429699 1.0399129 0.9748309
1 -0.2684117 1.2193977 -1.0335991
1 0.9190159 0.1157530 -0.0233854
8 -0.0379027 -0.7895154 0.0088364
5
-114.646     ts77     dynamics     sesquiterpene     TS     runpoint      7     runisomer      185
6 -0.0186101 0.6647362 -0.0014979
1 -0.2498877 1.0544861 0.9676487
1 -0.2652523 1.2750596 -1.0713754
1 0.9349246 0.1959190 -0.0533101
8 -0.0404468 -0.7949158 0.0110208
5
-114.644     ts77     dynamics     sesquiterpene     TS     runpoint      8     runisomer      185
6 -0.0171829 0.6582005 -0.0005564
1 -0.2601350 1.0768214 0.9617982
1 -0.2589155 1.3132782 -1.0773110
1 0.9853720 0.2927562 -0.0838855
8 -0.0444509 -0.7999295 0.0129840
5
-114.653     ts77     dynamics     sesquiterpene     TS     runpoint      9     runisomer      185
6 -0.0160499 0.6505228 -0.0020670
1 -0.2729347 1.1043556 0.9555227
1 -0.2507410 1.3308671 -1.0508926
1 1.0612401 0.4078855 -0.1136836
8 -0.0497913 -0.8042667 0.0147264
5
-114.668     ts77     dynamics     sesquiterpene     TS     runpoint      10     runisomer      185
6 -0.0139019 0.6417906 -0.0057500
1 -0.2869677 1.1332939 0.9459358
1 -0.2428453 1.3263019 -0.9952372
1 1.1434107 0.5397210 -0.1397606
8 -0.0561945 -0.8075580 0.0162295
5
-114.68     ts77     dynamics     sesquiterpene     TS     runpoint      11     runisomer      185
6 -0.0095121 0.6324552 -0.0110199
1 -0.3006498 1.1593069 0.9306109
1 -0.2379167 1.3000594 -0.9175304
1 1.2133693 0.6816989 -0.1589714
8 -0.0633466 -0.8094849 0.0174640
5
-114.685     ts77     dynamics     sesquiterpene     TS     runpoint      12     runisomer      185
6 -0.0021245 0.6229442 -0.0167688
1 -0.3124371 1.1784153 0.9088502
1 -0.2396703 1.2569013 -0.8317417
1 1.2596664 0.8247252 -0.1693101
8 -0.0709554 -0.8098460 0.0183946
5
-114.679     ts77     dynamics     sesquiterpene     TS     runpoint      13     runisomer      185
6 0.0087418 0.6130497 -0.0211094
1 -0.3211758 1.1877625 0.8822446
1 -0.2542864 1.2096267 -0.7620694
1 1.2776256 0.9600731 -0.1702783
8 -0.0787697 -0.8085613 0.0189994
5
-114.664     ts77     dynamics     sesquiterpene     TS     runpoint      14     runisomer      185
6 0.0235779 0.6019820 -0.0218374
1 -0.3264345 1.1861180 0.8544734
1 -0.2908188 1.1767732 -0.7377053
1 1.2666176 1.0804907 -0.1626111
8 -0.0865757 -0.8056705 0.0192777
5
-114.657     ts77     dynamics     sesquiterpene     TS     runpoint      15     runisomer      185
6 0.0425982 0.5900941 -0.0186166
1 -0.3292289 1.1740501 0.8303134
1 -0.3537994 1.1625975 -0.7667500
1 1.2275706 1.1802974 -0.1476197
8 -0.0942433 -0.8013873 0.0192709
5
-114.666     ts77     dynamics     sesquiterpene     TS     runpoint      16     runisomer      185
6 0.0656174 0.5794062 -0.0136550
1 -0.3353302 1.1526184 0.8122455
1 -0.4367287 1.1506789 -0.8245305
1 1.1632422 1.2550435 -0.1276745
8 -0.1018521 -0.7959766 0.0190716
5
-114.67     ts77     dynamics     sesquiterpene     TS     runpoint      17     runisomer      185
6 0.0894753 0.5717140 -0.0096969
1 -0.3414798 1.1242802 0.8069594
1 -0.5195877 1.1270834 -0.8875005
1 1.0795108 1.3001472 -0.1032484
8 -0.1088696 -0.7897760 0.0188654
5
-114.673     ts77     dynamics     sesquiterpene     TS     runpoint      18     runisomer      185
6 0.1133832 0.5676181 -0.0074360
1 -0.3561259 1.0907811 0.8117591
1 -0.5947555 1.0857103 -0.9376889
1 0.9864689 1.3139827 -0.0796145
8 -0.1152883 -0.7828575 0.0185402
5
-114.667     ts77     dynamics     sesquiterpene     TS     runpoint      19     runisomer      185
6 0.1352686 0.5668179 -0.0069519
1 -0.3807020 1.0534137 0.8247395
1 -0.6556507 1.0275516 -0.9678112
1 0.8995943 1.3010654 -0.0605893
8 -0.1208510 -0.7754256 0.0180586
5
-114.654160 ts77 dynamics sesquiterpene TS runpoint 1  runisomer  185
6 -0.0262597 0.6570964 -0.0054549
1 -0.2449205 1.0869078 0.9714928
1 -0.3503687 1.0332029 -0.9354490
1 1.0658327 -0.0999399 0.1061806
8 -0.0379028 -0.7573469 -0.0048686
5
-114.644 ts77 dynamics sesquiterpene TS runpoint 2  runisomer  185
6 -0.0228926 0.64462 0.00392145
1 -0.249171 1.1141 0.955154
1 -0.395381 1.05664 -1.00512
1 1.07522 -0.119328 0.123577
8 -0.037916 -0.749955 -0.0075797
5
-114.642     ts77     dynamics     sesquiterpene     TS     runpoint      3     runisomer      185
6 -0.0193553 0.6314452 0.0118266
1 -0.2547457 1.1448570 0.9376519
1 -0.4325827 1.0805728 -1.0566792
1 1.0687009 -0.1337698 0.1368106
8 -0.0374640 -0.7426066 -0.0099925
5
-114.635     ts77     dynamics     sesquiterpene     TS     runpoint      4     runisomer      185
6 -0.0161942 0.6186920 0.0171068
1 -0.2615082 1.1772699 0.9204808
1 -0.4570665 1.0993593 -1.0794359
1 1.0475235 -0.1445200 0.1458220
8 -0.0365317 -0.7355881 -0.0120057
5
-114.631     ts77     dynamics     sesquiterpene     TS     runpoint      5     runisomer      185
6 -0.0138874 0.6074873 0.0193880
1 -0.2688052 1.2084525 0.9037840
1 -0.4666960 1.1101298 -1.0705829
1 1.0152063 -0.1535639 0.1508810
8 -0.0351593 -0.7292555 -0.0135416
5
-114.631     ts77     dynamics     sesquiterpene     TS     runpoint      6     runisomer      185
6 -0.0129610 0.5990564 0.0186737
1 -0.2755806 1.2349646 0.8871727
1 -0.4608017 1.1113820 -1.0312680
1 0.9775083 -0.1639565 0.1526723
8 -0.0334219 -0.7240264 -0.0145497
5
-114.635     ts77     dynamics     sesquiterpene     TS     runpoint      7     runisomer      185
6 -0.0139640 0.5946130 0.0151971
1 -0.2806468 1.2536074 0.8707908
1 -0.4400334 1.1028158 -0.9659141
1 0.9418326 -0.1799665 0.1523372
8 -0.0314102 -0.7203196 -0.0150064
5
-114.641     ts77     dynamics     sesquiterpene     TS     runpoint      8     runisomer      185
6 -0.0172706 0.5950460 0.0095452
1 -0.2829657 1.2622013 0.8559863
1 -0.4073827 1.0865312 -0.8842917
1 0.9154950 -0.2068769 0.1513466
8 -0.0291798 -0.7184659 -0.0149135
5
-114.646     ts77     dynamics     sesquiterpene     TS     runpoint      9     runisomer      185
6 -0.0227350 0.6003903 0.0031021
1 -0.2818917 1.2600914 0.8453658
1 -0.3705510 1.0701773 -0.8065055
1 0.9031433 -0.2504582 0.1511407
8 -0.0266903 -0.7185675 -0.0143000
5
-114.644     ts77     dynamics     sesquiterpene     TS     runpoint      10     runisomer      185
6 -0.0294641 0.6093617 -0.0015987
1 -0.2773613 1.2482633 0.8422400
1 -0.3434097 1.0701065 -0.7662970
1 0.9051193 -0.3163075 0.1527268
8 -0.0237609 -0.7204022 -0.0132106
5
-114.643     ts77     dynamics     sesquiterpene     TS     runpoint      11     runisomer      185
6 -0.0365544 0.6201930 -0.0024466
1 -0.2700121 1.2290669 0.8497027
1 -0.3371355 1.1012917 -0.7912937
1 0.9182781 -0.4088236 0.1565034
8 -0.0201283 -0.7234556 -0.0117096
5
-114.664     ts77     dynamics     sesquiterpene     TS     runpoint      12     runisomer      185
6 -0.0442880 0.6326318 -0.0007427
1 -0.2610920 1.2056442 0.8696656
1 -0.3459687 1.1550430 -0.8665111
1 0.9380134 -0.5293878 0.1622695
8 -0.0155734 -0.7271045 -0.0098725
5
-114.69     ts77     dynamics     sesquiterpene     TS     runpoint      13     runisomer      185
6 -0.0532714 0.6471247 0.0006216
1 -0.2519071 1.1809657 0.9016582
1 -0.3575599 1.2105574 -0.9548330
1 0.9589378 -0.6747998 0.1692660
8 -0.0099986 -0.7307611 -0.0077910
5
-114.703     ts77     dynamics     sesquiterpene     TS     runpoint      14     runisomer      185
6 -0.0635275 0.6634432 -0.0000285
1 -0.2431755 1.1567799 0.9419015
1 -0.3647293 1.2541388 -1.0296608
1 0.9738609 -0.8373438 0.1761150
8 -0.0033414 -0.7339860 -0.0055579
5
-114.703     ts77     dynamics     sesquiterpene     TS     runpoint      15     runisomer      185
6 -0.0746801 0.6808812 -0.0030104
1 -0.2349304 1.1334665 0.9837094
1 -0.3648488 1.2798619 -1.0774578
1 0.9738028 -1.0057108 0.1809317
8 0.0045189 -0.7366142 -0.0032503
5
-114.695     ts77     dynamics     sesquiterpene     TS     runpoint      16     runisomer      185
6 -0.0862338 0.6986464 -0.0079197
1 -0.2269257 1.1109222 1.0193702
1 -0.3573907 1.2859412 -1.0923854
1 0.9511696 -1.1664844 0.1819443
8 0.0136406 -0.7387768 -0.0009391
5
-114.686     ts77     dynamics     sesquiterpene     TS     runpoint      17     runisomer      185
6 -0.0977036 0.7159750 -0.0141055
1 -0.2190487 1.0894332 1.0423352
1 -0.3428048 1.2728413 -1.0732093
1 0.9029258 -1.3067598 0.1781369
8 0.0238723 -0.7407625 0.0012838
5
-114.679     ts77     dynamics     sesquiterpene     TS     runpoint      18     runisomer      185
6 -0.1086213 0.7320782 -0.0207829
1 -0.2114646 1.0699688 1.0486169
1 -0.3224468 1.2432362 -1.0233849
1 0.8310007 -1.4166140 0.1694138
8 0.0348352 -0.7428339 0.0033052
5
-114.676     ts77     dynamics     sesquiterpene     TS     runpoint      19     runisomer      185
6 -0.1184777 0.7459430 -0.0267912
1 -0.2046073 1.0540856 1.0374972
1 -0.2992417 1.2037021 -0.9546854
1 0.7411796 -1.4906355 0.1564719
8 0.0459965 -0.7450837 0.0049972
5
-114.671     ts77     dynamics     sesquiterpene     TS     runpoint      20     runisomer      185
6 -0.1266494 0.7560236 -0.0300868
1 -0.1991061 1.0438076 1.0121215
1 -0.2786103 1.1676370 -0.8938650
1 0.6424299 -1.5296804 0.1407918
8 0.0567047 -0.7472704 0.0062214
5
-114.656     ts77     dynamics     sesquiterpene     TS     runpoint      21     runisomer      185
6 -0.1325002 0.7603334 -0.0280377
1 -0.1956967 1.0416728 0.9802985
1 -0.2671522 1.1533660 -0.8800047
1 0.5469350 -1.5440483 0.1248778
8 0.0661773 -0.7485670 0.0068146
5
-114.644     ts77     dynamics     sesquiterpene     TS     runpoint      22     runisomer      185
6 -0.1359291 0.7579146 -0.0206122
1 -0.1951112 1.0508451 0.9546170
1 -0.2660449 1.1664992 -0.9266746
1 0.4682421 -1.5551157 0.1122101
8 0.0736034 -0.7474640 0.0065977
5
-114.646     ts77     dynamics     sesquiterpene     TS     runpoint      23     runisomer      185
6 -0.1374648 0.7496005 -0.0116847
1 -0.1978497 1.0743664 0.9479658
1 -0.2696662 1.1922773 -1.0017820
1 0.4134034 -1.5837220 0.1055413
8 0.0786130 -0.7425331 0.0054693
5
-114.65     ts77     dynamics     sesquiterpene     TS     runpoint      24     runisomer      185
6 -0.1376671 0.7366578 -0.0045889
1 -0.2037231 1.1123660 0.9631421
1 -0.2728434 1.2150335 -1.0697513
1 0.3764095 -1.6275882 0.1046138
8 0.0816674 -0.7338894 0.0035268
5
-114.649     ts77     dynamics     sesquiterpene     TS     runpoint      25     runisomer      185
6 -0.1369522 0.7203259 -0.0001083
1 -0.2116351 1.1598280 0.9892129
1 -0.2730769 1.2263315 -1.1114012
1 0.3462517 -1.6656739 0.1074065
8 0.0835455 -0.7229407 0.0009679
5
-114.645     ts77     dynamics     sesquiterpene     TS     runpoint      26     runisomer      185
6 -0.1356544 0.7018539 0.0023707
1 -0.2200587 1.2085596 1.0107327
1 -0.2694977 1.2226584 -1.1193626
1 0.3156540 -1.6797281 0.1125288
8 0.0848076 -0.7110383 -0.0020714
5
-114.643     ts77     dynamics     sesquiterpene     TS     runpoint      27     runisomer      185
6 -0.1340577 0.6824163 0.0036591
1 -0.2276260 1.2506511 1.0164291
1 -0.2620331 1.2030665 -1.0925988
1 0.2816859 -1.6624080 0.1198569
8 0.0857597 -0.6989659 -0.0055466
5
-114.649     ts77     dynamics     sesquiterpene     TS     runpoint      28     runisomer      185
6 -0.1324078 0.6630422 0.0044459
1 -0.2333504 1.2801570 1.0011711
1 -0.2511378 1.1685661 -1.0347149
1 0.2443150 -1.6179049 0.1306493
8 0.0865535 -0.6869227 -0.0095059
