5
-114.654160 ts77 dynamics sesquiterpene TS runpoint 1  runisomer  228
6 -0.0447357 0.6045635 0.0065489
1 -0.2163878 1.2411771 1.0068106
1 -0.2402232 1.0753557 -0.9915628
1 1.0538288 -0.1052265 0.0256103
8 -0.0320220 -0.7299792 -0.0074880
5
-114.641 ts77 dynamics sesquiterpene TS runpoint 2  runisomer  228
6 -0.0399616 0.603278 0.0166194
1 -0.235174 1.21036 0.993267
1 -0.252449 1.05365 -1.06077
1 1.08804 -0.0739212 0.00114323
8 -0.0358055 -0.727678 -0.00828796
5
-114.637     ts77     dynamics     sesquiterpene     TS     runpoint      3     runisomer      228
6 -0.0338898 0.6040125 0.0255670
1 -0.2532038 1.1690241 0.9616290
1 -0.2623113 1.0304495 -1.1050169
1 1.1102773 -0.0282940 -0.0230705
8 -0.0400057 -0.7270379 -0.0086945
5
-114.637     ts77     dynamics     sesquiterpene     TS     runpoint      4     runisomer      228
6 -0.0261252 0.6056498 0.0318809
1 -0.2717499 1.1248550 0.9215407
1 -0.2683524 1.0063124 -1.1178657
1 1.1214345 0.0381518 -0.0459536
8 -0.0449863 -0.7281489 -0.0086558
5
-114.64     ts77     dynamics     sesquiterpene     TS     runpoint      5     runisomer      228
6 -0.0162347 0.6067943 0.0339794
1 -0.2938563 1.0883450 0.8884069
1 -0.2700079 0.9829429 -1.0977788
1 1.1235765 0.1302072 -0.0662077
8 -0.0510443 -0.7310350 -0.0081334
5
-114.649     ts77     dynamics     sesquiterpene     TS     runpoint      6     runisomer      228
6 -0.0038775 0.6063310 0.0307299
1 -0.3233369 1.0685640 0.8768263
1 -0.2677710 0.9625457 -1.0474823
1 1.1192053 0.2497866 -0.0823534
8 -0.0583235 -0.7356910 -0.0071188
5
-114.666     ts77     dynamics     sesquiterpene     TS     runpoint      7     runisomer      228
6 0.0107857 0.6040546 0.0226692
1 -0.3605191 1.0664242 0.8883630
1 -0.2639406 0.9480959 -0.9757548
1 1.1118727 0.3947147 -0.0929511
8 -0.0667631 -0.7420700 -0.0056515
5
-114.687     ts77     dynamics     sesquiterpene     TS     runpoint      8     runisomer      228
6 0.0269532 0.6004612 0.0124171
1 -0.4001302 1.0747886 0.9105357
1 -0.2640382 0.9444280 -0.9008950
1 1.1074025 0.5589400 -0.0970498
8 -0.0761096 -0.7500175 -0.0038184
5
-114.695     ts77     dynamics     sesquiterpene     TS     runpoint      9     runisomer      228
6 0.0438520 0.5958638 0.0036353
1 -0.4351702 1.0852144 0.9287749
1 -0.2775326 0.9586508 -0.8500584
1 1.1115778 0.7349827 -0.0944403
8 -0.0859947 -0.7592151 -0.0017482
5
-114.654160 ts77 dynamics sesquiterpene TS runpoint 1  runisomer  228
6 -0.0447357 0.6045635 0.0065489
1 -0.2163878 1.2411771 1.0068106
1 -0.2402232 1.0753557 -0.9915628
1 1.0538288 -0.1052265 0.0256103
8 -0.0320220 -0.7299792 -0.0074880
5
-114.641 ts77 dynamics sesquiterpene TS runpoint 2  runisomer  228
6 -0.04858 0.60841 -0.00298984
1 -0.196605 1.25698 0.998402
1 -0.228286 1.09791 -0.911421
1 1.00894 -0.129769 0.049532
8 -0.0283079 -0.733735 -0.00635852
5
-114.643     ts77     dynamics     sesquiterpene     TS     runpoint      3     runisomer      228
6 -0.0518384 0.6145928 -0.0099645
1 -0.1760098 1.2558931 0.9687902
1 -0.2207756 1.1287838 -0.8436753
1 0.9575679 -0.1559103 0.0725435
8 -0.0243975 -0.7386035 -0.0049795
5
-114.643     ts77     dynamics     sesquiterpene     TS     runpoint      4     runisomer      228
6 -0.0549141 0.6223712 -0.0126873
1 -0.1550394 1.2387137 0.9232986
1 -0.2218257 1.1778824 -0.8125296
1 0.9069196 -0.1924627 0.0949289
8 -0.0201542 -0.7441480 -0.0034453
5
-114.647     ts77     dynamics     sesquiterpene     TS     runpoint      5     runisomer      228
6 -0.0584716 0.6314801 -0.0116709
1 -0.1344441 1.2100021 0.8732077
1 -0.2316806 1.2449736 -0.8225870
1 0.8665760 -0.2475651 0.1178093
8 -0.0156194 -0.7499290 -0.0018597
5
-114.655     ts77     dynamics     sesquiterpene     TS     runpoint      6     runisomer      228
6 -0.0632733 0.6422311 -0.0098992
1 -0.1152354 1.1796918 0.8371034
1 -0.2464242 1.3156915 -0.8569712
1 0.8473387 -0.3263399 0.1432521
8 -0.0110858 -0.7555781 -0.0003520
5
-114.659     ts77     dynamics     sesquiterpene     TS     runpoint      7     runisomer      228
6 -0.0697295 0.6544166 -0.0108073
1 -0.0979718 1.1607809 0.8363978
1 -0.2620043 1.3744145 -0.8961712
1 0.8590206 -0.4290259 0.1740582
8 -0.0070838 -0.7607591 0.0009019
5
-114.665     ts77     dynamics     sesquiterpene     TS     runpoint      8     runisomer      228
6 -0.0778249 0.6675662 -0.0160219
1 -0.0818355 1.1585651 0.8783585
1 -0.2759751 1.4116347 -0.9271516
1 0.9028382 -0.5535489 0.2119863
8 -0.0039084 -0.7649837 0.0017322
5
-114.681     ts77     dynamics     sesquiterpene     TS     runpoint      9     runisomer      228
6 -0.0872239 0.6816644 -0.0244984
1 -0.0656419 1.1654025 0.9458674
1 -0.2870735 1.4233060 -0.9430566
1 0.9618133 -0.6980134 0.2544000
8 -0.0008935 -0.7676254 0.0021665
5
-114.693     ts77     dynamics     sesquiterpene     TS     runpoint      10     runisomer      228
6 -0.0973913 0.6966716 -0.0340422
1 -0.0494017 1.1711141 1.0135562
1 -0.2947420 1.4092685 -0.9417166
1 1.0094296 -0.8559153 0.2947663
8 0.0031930 -0.7684108 0.0024344
5
-114.692     ts77     dynamics     sesquiterpene     TS     runpoint      11     runisomer      228
6 -0.1077074 0.7120394 -0.0426436
1 -0.0340635 1.1702286 1.0628385
1 -0.2991727 1.3730211 -0.9255221
1 1.0264773 -1.0149730 0.3269299
8 0.0091711 -0.7675787 0.0027346
5
-114.683     ts77     dynamics     sesquiterpene     TS     runpoint      12     runisomer      228
6 -0.1175077 0.7266757 -0.0485331
1 -0.0207950 1.1615372 1.0836503
1 -0.3017970 1.3225468 -0.9028733
1 1.0052454 -1.1615805 0.3472741
8 0.0171908 -0.7655953 0.0031328
5
-114.673     ts77     dynamics     sesquiterpene     TS     runpoint      13     runisomer      228
6 -0.1260815 0.7390840 -0.0498896
1 -0.0106263 1.1462440 1.0721052
1 -0.3057055 1.2704306 -0.8894797
1 0.9461200 -1.2840929 0.3545681
8 0.0269540 -0.7629376 0.0035748
5
-114.665     ts77     dynamics     sesquiterpene     TS     runpoint      14     runisomer      228
6 -0.1327852 0.7478084 -0.0452238
1 -0.0042016 1.1271500 1.0296018
1 -0.3145812 1.2289725 -0.9030763
1 0.8544081 -1.3740932 0.3495015
8 0.0379156 -0.7599980 0.0039283
5
-114.668     ts77     dynamics     sesquiterpene     TS     runpoint      15     runisomer      228
6 -0.1373831 0.7521678 -0.0348947
1 -0.0012407 1.1090663 0.9649037
1 -0.3293063 1.2004455 -0.9474648
1 0.7395772 -1.4279059 0.3349503
8 0.0493423 -0.7569423 0.0039686
5
-114.675     ts77     dynamics     sesquiterpene     TS     runpoint      16     runisomer      228
6 -0.1402646 0.7520613 -0.0220317
1 0.0005449 1.1004064 0.8988946
1 -0.3466544 1.1768621 -1.0063652
1 0.6167462 -1.4508615 0.3174981
8 0.0602237 -0.7533845 0.0032883
5
-114.668     ts77     dynamics     sesquiterpene     TS     runpoint      17     runisomer      228
6 -0.1422420 0.7470145 -0.0112276
1 0.0061284 1.1137893 0.8641875
1 -0.3623352 1.1500020 -1.0584430
1 0.5070818 -1.4639581 0.3095908
8 0.0692531 -0.7479260 0.0011479
5
-114.651     ts77     dynamics     sesquiterpene     TS     runpoint      18     runisomer      228
6 -0.1440306 0.7365574 -0.0053948
1 0.0196141 1.1577247 0.8800820
1 -0.3733631 1.1160696 -1.0893057
1 0.4262932 -1.4965342 0.3258988
8 0.0755301 -0.7386591 -0.0033136
5
-114.655     ts77     dynamics     sesquiterpene     TS     runpoint      19     runisomer      228
6 -0.1457327 0.7215251 -0.0034273
1 0.0386206 1.2238434 0.9267222
1 -0.3783436 1.0748177 -1.0929083
1 0.3666600 -1.5485447 0.3682175
8 0.0796796 -0.7256724 -0.0101700
5
-114.668     ts77     dynamics     sesquiterpene     TS     runpoint      20     runisomer      228
6 -0.1471241 0.7036030 -0.0025838
1 0.0576140 1.2947098 0.9717728
1 -0.3772173 1.0282356 -1.0697555
1 0.3112030 -1.5904962 0.4249948
8 0.0829497 -0.7111140 -0.0186788
