5
-114.654160 ts77 dynamics sesquiterpene TS runpoint 1  runisomer  24
6 -0.0526295 0.6374221 -0.0247773
1 -0.1991386 1.0476984 1.0112304
1 -0.1719167 1.1684633 -0.8582960
1 1.0615738 -0.0906652 0.0093445
8 -0.0319788 -0.7492237 0.0083645
5
-114.638 ts77 dynamics sesquiterpene TS runpoint 2  runisomer  24
6 -0.042771 0.635288 -0.0295365
1 -0.226795 1.08369 1.04256
1 -0.21708 1.21377 -0.861109
1 1.03019 -0.0702327 0.0338263
8 -0.0328094 -0.754033 0.00859605
5
-114.642     ts77     dynamics     sesquiterpene     TS     runpoint      3     runisomer      24
6 -0.0316184 0.6322381 -0.0299307
1 -0.2526790 1.1160391 1.0509750
1 -0.2685602 1.2684290 -0.8845761
1 0.9912857 -0.0422863 0.0571940
8 -0.0338490 -0.7589881 0.0083662
5
-114.644     ts77     dynamics     sesquiterpene     TS     runpoint      4     runisomer      24
6 -0.0201984 0.6296628 -0.0272832
1 -0.2745661 1.1405990 1.0338173
1 -0.3204618 1.3170353 -0.9099232
1 0.9553194 -0.0045606 0.0790471
8 -0.0354995 -0.7640432 0.0076793
5
-114.642     ts77     dynamics     sesquiterpene     TS     runpoint      5     runisomer      24
6 -0.0096769 0.6285544 -0.0227887
1 -0.2911075 1.1550442 0.9928585
1 -0.3664801 1.3484571 -0.9249494
1 0.9349654 0.0450582 0.0993753
8 -0.0381679 -0.7692275 0.0065523
5
-114.639     ts77     dynamics     sesquiterpene     TS     runpoint      6     runisomer      24
6 -0.0010363 0.6292792 -0.0174179
1 -0.3022209 1.1590737 0.9339452
1 -0.4016052 1.3570646 -0.9245144
1 0.9419881 0.1088239 0.1183084
8 -0.0421788 -0.7745867 0.0050120
5
-114.642     ts77     dynamics     sesquiterpene     TS     runpoint      7     runisomer      24
6 0.0053445 0.6314572 -0.0121560
1 -0.3099075 1.1553113 0.8680219
1 -0.4224098 1.3411362 -0.9080706
1 0.9820520 0.1898608 0.1354157
8 -0.0476942 -0.7800874 0.0031017
5
-114.653     ts77     dynamics     sesquiterpene     TS     runpoint      8     runisomer      24
6 0.0101076 0.6339078 -0.0081328
1 -0.3190770 1.1501949 0.8118389
1 -0.4272017 1.3017951 -0.8783225
1 1.0500134 0.2919315 0.1490615
8 -0.0546683 -0.7855565 0.0008875
5
-114.666     ts77     dynamics     sesquiterpene     TS     runpoint      9     runisomer      24
6 0.0148356 0.6350739 -0.0062756
1 -0.3364302 1.1520516 0.7836855
1 -0.4166173 1.2431006 -0.8414490
1 1.1306884 0.4166161 0.1567946
8 -0.0628698 -0.7907076 -0.0015438
5
-114.679     ts77     dynamics     sesquiterpene     TS     runpoint      10     runisomer      24
6 0.0212536 0.6338917 -0.0062671
1 -0.3653687 1.1639425 0.7913438
1 -0.3948023 1.1730559 -0.8085406
1 1.2056534 0.5605893 0.1566313
8 -0.0719574 -0.7952296 -0.0040985
5
-114.654160 ts77 dynamics sesquiterpene TS runpoint 1  runisomer  24
6 -0.0526295 0.6374221 -0.0247773
1 -0.1991386 1.0476984 1.0112304
1 -0.1719167 1.1684633 -0.8582960
1 1.0615738 -0.0906652 0.0093445
8 -0.0319788 -0.7492237 0.0083645
5
-114.638 ts77 dynamics sesquiterpene TS runpoint 2  runisomer  24
6 -0.060611 0.637605 -0.0154349
1 -0.172703 1.01462 0.966398
1 -0.135282 1.14284 -0.889127
1 1.07823 -0.106065 -0.0155271
8 -0.0310141 -0.744692 0.00768987
5
-114.638     ts77     dynamics     sesquiterpene     TS     runpoint      3     runisomer      24
6 -0.0665893 0.6357882 -0.0039507
1 -0.1509507 0.9940680 0.9270567
1 -0.1055881 1.1336059 -0.9450767
1 1.0760273 -0.1193390 -0.0399170
8 -0.0296312 -0.7406148 0.0066141
5
-114.635     ts77     dynamics     sesquiterpene     TS     runpoint      4     runisomer      24
6 -0.0706780 0.6323945 0.0056792
1 -0.1365961 0.9968358 0.9173117
1 -0.0811805 1.1309702 -1.0043976
1 1.0534623 -0.1342378 -0.0629944
8 -0.0275829 -0.7371384 0.0051936
5
-114.633     ts77     dynamics     sesquiterpene     TS     runpoint      5     runisomer      24
6 -0.0732963 0.6281781 0.0110736
1 -0.1298322 1.0270936 0.9460277
1 -0.0615843 1.1278314 -1.0491255
1 1.0116784 -0.1558028 -0.0841719
8 -0.0246460 -0.7343233 0.0034890
5
-114.639     ts77     dynamics     sesquiterpene     TS     runpoint      6     runisomer      24
6 -0.0752403 0.6245959 0.0128106
1 -0.1285975 1.0770488 0.9956784
1 -0.0467098 1.1209571 -1.0696684
1 0.9552407 -0.1906661 -0.1033420
8 -0.0206451 -0.7321521 0.0015593
5
-114.646     ts77     dynamics     sesquiterpene     TS     runpoint      7     runisomer      24
6 -0.0775510 0.6233741 0.0126559
1 -0.1305137 1.1338326 1.0416138
1 -0.0362785 1.1095893 -1.0628298
1 0.8935387 -0.2465926 -0.1212683
8 -0.0155586 -0.7305715 -0.0005211
5
-114.651     ts77     dynamics     sesquiterpene     TS     runpoint      8     runisomer      24
6 -0.0812550 0.6258354 0.0121353
1 -0.1338257 1.1868211 1.0675245
1 -0.0296198 1.0947281 -1.0302532
1 0.8432107 -0.3292323 -0.1403801
8 -0.0098190 -0.7296130 -0.0026119
5
-114.655     ts77     dynamics     sesquiterpene     TS     runpoint      9     runisomer      24
6 -0.0869619 0.6324101 0.0124718
1 -0.1375145 1.2291459 1.0661013
1 -0.0256709 1.0794321 -0.9789280
1 0.8304891 -0.4362129 -0.1658686
8 -0.0047514 -0.7295075 -0.0044038
5
-114.663     ts77     dynamics     sesquiterpene     TS     runpoint      10     runisomer      24
6 -0.0946227 0.6423286 0.0148847
1 -0.1411571 1.2569991 1.0361816
1 -0.0229746 1.0696994 -0.9229337
1 0.8771063 -0.5611324 -0.2037577
8 -0.0018802 -0.7302199 -0.0054706
5
-114.684     ts77     dynamics     sesquiterpene     TS     runpoint      11     runisomer      24
6 -0.1037688 0.6539093 0.0205581
1 -0.1446853 1.2692989 0.9817360
1 -0.0195464 1.0740745 -0.8824647
1 0.9602395 -0.7049141 -0.2510872
8 -0.0002493 -0.7308988 -0.0058654
5
-114.7     ts77     dynamics     sesquiterpene     TS     runpoint      12     runisomer      24
6 -0.1138702 0.6653491 0.0296945
1 -0.1483037 1.2687939 0.9134359
1 -0.0133729 1.0986528 -0.8733248
1 1.0335618 -0.8620908 -0.2970895
8 0.0025497 -0.7310952 -0.0060941
5
-114.699     ts77     dynamics     sesquiterpene     TS     runpoint      13     runisomer      24
6 -0.1243400 0.6752262 0.0401384
1 -0.1524992 1.2646863 0.8515042
1 -0.0041647 1.1403723 -0.8927417
1 1.0704123 -1.0186794 -0.3337715
8 0.0077690 -0.7310086 -0.0064924
5
-114.686     ts77     dynamics     sesquiterpene     TS     runpoint      14     runisomer      24
6 -0.1345185 0.6823154 0.0479607
1 -0.1577457 1.2726364 0.8231129
1 0.0062130 1.1889940 -0.9235741
1 1.0634259 -1.1609524 -0.3575741
8 0.0155240 -0.7309283 -0.0071298
5
-114.669     ts77     dynamics     sesquiterpene     TS     runpoint      15     runisomer      24
6 -0.1438669 0.6860632 0.0503559
1 -0.1637476 1.3020449 0.8432351
1 0.0154031 1.2344948 -0.9492587
1 1.0141174 -1.2783063 -0.3674478
8 0.0254446 -0.7310662 -0.0079543
5
-114.665     ts77     dynamics     sesquiterpene     TS     runpoint      16     runisomer      24
6 -0.1520816 0.6875177 0.0475351
1 -0.1692521 1.3422865 0.8981967
1 0.0217923 1.2702341 -0.9598399
1 0.9271557 -1.3627227 -0.3635553
8 0.0370332 -0.7316263 -0.0088792
5
-114.669     ts77     dynamics     sesquiterpene     TS     runpoint      17     runisomer      24
6 -0.1590349 0.6882919 0.0412097
1 -0.1729725 1.3747913 0.9628185
1 0.0247391 1.2926844 -0.9511689
1 0.8093189 -1.4086188 -0.3472087
8 0.0497241 -0.7327775 -0.0097813
5
-114.672     ts77     dynamics     sesquiterpene     TS     runpoint      18     runisomer      24
6 -0.1647144 0.6893164 0.0329508
1 -0.1741846 1.3869952 1.0184406
1 0.0244769 1.3008298 -0.9235726
1 0.6728443 -1.4167606 -0.3227210
8 0.0626780 -0.7343163 -0.0103703
5
-114.672     ts77     dynamics     sesquiterpene     TS     runpoint      19     runisomer      24
6 -0.1692227 0.6906440 0.0240320
1 -0.1727547 1.3733368 1.0547280
1 0.0220972 1.2962805 -0.8817985
1 0.5430827 -1.4072637 -0.3026025
8 0.0742979 -0.7347641 -0.0098636
5
-114.656     ts77     dynamics     sesquiterpene     TS     runpoint      20     runisomer      24
6 -0.1727949 0.6916541 0.0157399
1 -0.1689930 1.3326276 1.0667596
1 0.0197601 1.2841897 -0.8358628
1 0.4564658 -1.4321196 -0.3118458
8 0.0823468 -0.7306293 -0.0067123
5
-114.649     ts77     dynamics     sesquiterpene     TS     runpoint      21     runisomer      24
6 -0.1757948 0.6913602 0.0094369
1 -0.1634618 1.2666715 1.0534731
1 0.0208171 1.2737951 -0.8007155
1 0.4129686 -1.5111541 -0.3609586
8 0.0869244 -0.7206182 -0.0002649
5
-114.666     ts77     dynamics     sesquiterpene     TS     runpoint      22     runisomer      24
6 -0.1786228 0.6888330 0.0059738
1 -0.1568015 1.1803563 1.0183797
1 0.0286787 1.2749956 -0.7904054
1 0.3792401 -1.5911928 -0.4284089
8 0.0902564 -0.7083161 0.0081458
5
-114.67     ts77     dynamics     sesquiterpene     TS     runpoint      23     runisomer      24
6 -0.1814985 0.6836539 0.0045535
1 -0.1495036 1.0826718 0.9726950
1 0.0441002 1.2904205 -0.8072568
1 0.3386357 -1.6329787 -0.4963410
8 0.0935403 -0.6966146 0.0174339
5
-114.668     ts77     dynamics     sesquiterpene     TS     runpoint      24     runisomer      24
6 -0.1844161 0.6759235 0.0023181
1 -0.1415160 0.9872970 0.9391033
1 0.0642293 1.3131528 -0.8396782
1 0.2870359 -1.6226589 -0.5563997
8 0.0972075 -0.6868888 0.0270570
5
-114.665     ts77     dynamics     sesquiterpene     TS     runpoint      25     runisomer      24
6 -0.1873537 0.6660058 -0.0041289
1 -0.1320537 0.9079765 0.9448133
1 0.0851134 1.3335214 -0.8722320
1 0.2245952 -1.5585805 -0.6044532
8 0.1014341 -0.6797713 0.0366147
5
-114.672     ts77     dynamics     sesquiterpene     TS     runpoint      26     runisomer      24
6 -0.1903270 0.6547976 -0.0156704
1 -0.1209128 0.8496090 0.9938294
1 0.1039875 1.3445087 -0.8938337
1 0.1535416 -1.4463558 -0.6390060
8 0.1062497 -0.6754478 0.0457256
5
-114.691     ts77     dynamics     sesquiterpene     TS     runpoint      27     runisomer      24
6 -0.1932786 0.6434453 -0.0300390
1 -0.1097581 0.8104002 1.0604225
1 0.1196829 1.3425704 -0.8993200
1 0.0775406 -1.3010693 -0.6647520
8 0.1115612 -0.6734923 0.0542808
