5
-114.654160 ts77 dynamics sesquiterpene TS runpoint 1  runisomer  95
6 -0.0422759 0.6225507 0.0028076
1 -0.1818693 1.1156907 0.8720803
1 -0.2784341 1.1465946 -0.9382084
1 1.0355449 -0.0962711 0.0747757
8 -0.0324827 -0.7406199 -0.0026510
5
-114.646 ts77 dynamics sesquiterpene TS runpoint 2  runisomer  95
6 -0.0362605 0.629459 -0.000262426
1 -0.204545 1.1523 0.957949
1 -0.310418 1.09995 -0.964046
1 1.0732 -0.0783565 0.0957621
8 -0.0359244 -0.746299 -0.00545267
5
-114.648     ts77     dynamics     sesquiterpene     TS     runpoint      3     runisomer      95
6 -0.0290292 0.6361584 -0.0034233
1 -0.2289768 1.1874935 1.0381774
1 -0.3404449 1.0541496 -0.9826540
1 1.0980147 -0.0499546 0.1133588
8 -0.0394817 -0.7524474 -0.0080729
5
-114.64     ts77     dynamics     sesquiterpene     TS     runpoint      4     runisomer      95
6 -0.0206325 0.6423062 -0.0052472
1 -0.2515828 1.2126207 1.0936890
1 -0.3673430 1.0123518 -0.9922236
1 1.1090089 -0.0056379 0.1266639
8 -0.0433550 -0.7588020 -0.0104377
5
-114.633     ts77     dynamics     sesquiterpene     TS     runpoint      5     runisomer      95
6 -0.0111167 0.6472681 -0.0051021
1 -0.2703368 1.2243551 1.1164186
1 -0.3898979 0.9773879 -0.9922153
1 1.1073895 0.0596978 0.1348262
8 -0.0477901 -0.7651784 -0.0124940
5
-114.633     ts77     dynamics     sesquiterpene     TS     runpoint      6     runisomer      95
6 -0.0005854 0.6504745 -0.0027222
1 -0.2841660 1.2216981 1.1039475
1 -0.4069718 0.9515663 -0.9831877
1 1.0961133 0.1502721 0.1370424
8 -0.0530341 -0.7714965 -0.0142022
5
-114.643     ts77     dynamics     sesquiterpene     TS     runpoint      7     runisomer      95
6 0.0106882 0.6516335 0.0019356
1 -0.2928423 1.2048422 1.0573687
1 -0.4177543 0.9365484 -0.9666282
1 1.0800287 0.2678667 0.1326439
8 -0.0592523 -0.7777678 -0.0155275
5
-114.661     ts77     dynamics     sesquiterpene     TS     runpoint      8     runisomer      95
6 0.0220919 0.6507647 0.0085834
1 -0.2974743 1.1754860 0.9819849
1 -0.4220345 0.9332668 -0.9447883
1 1.0672834 0.4099151 0.1213858
8 -0.0664430 -0.7840100 -0.0164320
5
-114.681     ts77     dynamics     sesquiterpene     TS     runpoint      9     runisomer      95
6 0.0327305 0.6478935 0.0162911
1 -0.3019076 1.1386184 0.8907299
1 -0.4203858 0.9417855 -0.9205380
1 1.0698447 0.5699061 0.1036415
8 -0.0744104 -0.7901504 -0.0168752
5
-114.693     ts77     dynamics     sesquiterpene     TS     runpoint      10     runisomer      95
6 0.0424079 0.6424481 0.0231562
1 -0.3152780 1.1054509 0.8089594
1 -0.4141835 0.9609816 -0.8971857
1 1.0952835 0.7413549 0.0798452
8 -0.0828205 -0.7959861 -0.0168453
5
-114.654160 ts77 dynamics sesquiterpene TS runpoint 1  runisomer  95
6 -0.0422759 0.6225507 0.0028076
1 -0.1818693 1.1156907 0.8720803
1 -0.2784341 1.1465946 -0.9382084
1 1.0355449 -0.0962711 0.0747757
8 -0.0324827 -0.7406199 -0.0026510
5
-114.646 ts77 dynamics sesquiterpene TS runpoint 2  runisomer  95
6 -0.0470037 0.615119 0.00318561
1 -0.166333 1.09486 0.815168
1 -0.245644 1.19103 -0.908283
1 0.988845 -0.10942 0.0513566
8 -0.0290379 -0.735703 0.000241485
5
-114.636     ts77     dynamics     sesquiterpene     TS     runpoint      3     runisomer      95
6 -0.0506209 0.6068560 -0.0014357
1 -0.1619716 1.1067107 0.8197490
1 -0.2132432 1.2307847 -0.8785895
1 0.9402994 -0.1237442 0.0264788
8 -0.0255816 -0.7318546 0.0031178
5
-114.638     ts77     dynamics     sesquiterpene     TS     runpoint      4     runisomer      95
6 -0.0539399 0.5993802 -0.0097957
1 -0.1664281 1.1444634 0.8766543
1 -0.1824224 1.2643463 -0.8539273
1 0.9002687 -0.1450841 0.0010358
8 -0.0222311 -0.7293964 0.0058538
5
-114.645     ts77     dynamics     sesquiterpene     TS     runpoint      5     runisomer      95
6 -0.0580003 0.5953931 -0.0185175
1 -0.1744344 1.1862137 0.9506956
1 -0.1541198 1.2909407 -0.8380613
1 0.8794486 -0.1787832 -0.0243584
8 -0.0191518 -0.7285889 0.0083327
5
-114.643     ts77     dynamics     sesquiterpene     TS     runpoint      6     runisomer      95
6 -0.0634890 0.5966449 -0.0251708
1 -0.1825689 1.2167102 1.0159173
1 -0.1287738 1.3100494 -0.8327078
1 0.8836458 -0.2295343 -0.0495430
8 -0.0163829 -0.7294571 0.0104647
5
-114.641     ts77     dynamics     sesquiterpene     TS     runpoint      7     runisomer      95
6 -0.0706858 0.6036523 -0.0285669
1 -0.1893225 1.2294643 1.0592195
1 -0.1062126 1.3211457 -0.8376922
1 0.9100001 -0.3019511 -0.0745564
8 -0.0136404 -0.7316550 0.0121750
5
-114.645     ts77     dynamics     sesquiterpene     TS     runpoint      8     runisomer      95
6 -0.0796732 0.6160962 -0.0282403
1 -0.1941409 1.2228225 1.0746712
1 -0.0856928 1.3237365 -0.8515430
1 0.9481468 -0.4006660 -0.0991120
8 -0.0102904 -0.7345171 0.0133768
5
-114.659     ts77     dynamics     sesquiterpene     TS     runpoint      9     runisomer      95
6 -0.0904336 0.6330969 -0.0241528
1 -0.1969269 1.1977261 1.0602774
1 -0.0661496 1.3175441 -0.8719514
1 0.9851273 -0.5277967 -0.1224824
8 -0.0056024 -0.7372911 0.0139770
5
-114.679     ts77     dynamics     sesquiterpene     TS     runpoint      10     runisomer      95
6 -0.1027201 0.6532933 -0.0167123
1 -0.1980361 1.1575192 1.0179991
1 -0.0466577 1.3027133 -0.8959714
1 1.0098358 -0.6796587 -0.1438330
8 0.0009009 -0.7394076 0.0139183
5
-114.7     ts77     dynamics     sesquiterpene     TS     runpoint      11     runisomer      95
6 -0.1159577 0.6748959 -0.0070845
1 -0.1986212 1.1093832 0.9572488
1 -0.0267978 1.2799839 -0.9201136
1 1.0147040 -0.8468232 -0.1625227
8 0.0093120 -0.7406190 0.0132226
5
-114.71     ts77     dynamics     sesquiterpene     TS     runpoint      12     runisomer      95
6 -0.1293137 0.6956802 0.0022314
1 -0.2010936 1.0667045 0.9019181
1 -0.0067497 1.2508766 -0.9406250
1 0.9956121 -1.0168389 -0.1781532
8 0.0194281 -0.7409780 0.0119979
5
-114.7     ts77     dynamics     sesquiterpene     TS     runpoint      13     runisomer      95
6 -0.1418684 0.7132000 0.0074836
1 -0.2087364 1.0473140 0.8907039
1 0.0128882 1.2178995 -0.9543306
1 0.9515305 -1.1769193 -0.1905469
8 0.0308687 -0.7407378 0.0104091
5
-114.686     ts77     dynamics     sesquiterpene     TS     runpoint      14     runisomer      95
6 -0.1529941 0.7260497 0.0067693
1 -0.2226911 1.0583769 0.9422701
1 0.0316005 1.1846399 -0.9601667
1 0.8842799 -1.3159153 -0.1998435
8 0.0431548 -0.7402236 0.0086504
5
-114.685     ts77     dynamics     sesquiterpene     TS     runpoint      15     runisomer      95
6 -0.1626015 0.7345187 0.0025661
1 -0.2400412 1.0881569 1.0264222
1 0.0495295 1.1554412 -0.9601548
1 0.7981685 -1.4257327 -0.2066764
8 0.0557535 -0.7396967 0.0069307
5
-114.679     ts77     dynamics     sesquiterpene     TS     runpoint      16     runisomer      95
6 -0.1708728 0.7391989 -0.0017526
1 -0.2569960 1.1224662 1.1045470
1 0.0675479 1.1344586 -0.9582152
1 0.6993748 -1.5024111 -0.2123158
8 0.0681184 -0.7392185 0.0054819
5
-114.664     ts77     dynamics     sesquiterpene     TS     runpoint      17     runisomer      95
6 -0.1780417 0.7403513 -0.0042468
1 -0.2708978 1.1527599 1.1546970
1 0.0867370 1.1244825 -0.9575587
1 0.5951734 -1.5472916 -0.2188935
8 0.0797295 -0.7385384 0.0045663
5
-114.65     ts77     dynamics     sesquiterpene     TS     runpoint      18     runisomer      95
6 -0.1843245 0.7380951 -0.0042966
1 -0.2801751 1.1745320 1.1679744
1 0.1075834 1.1261376 -0.9583909
1 0.4929300 -1.5682492 -0.2297825
8 0.0901576 -0.7370035 0.0045048
5
-114.644     ts77     dynamics     sesquiterpene     TS     runpoint      19     runisomer      95
6 -0.1898772 0.7325989 -0.0021369
1 -0.2840375 1.1852826 1.1425148
1 0.1294693 1.1379315 -0.9576001
1 0.3980115 -1.5788095 -0.2497223
8 0.0991695 -0.7336386 0.0056946
5
-114.646     ts77     dynamics     sesquiterpene     TS     runpoint      20     runisomer      95
6 -0.1947818 0.7241190 0.0014541
1 -0.2823856 1.1839135 1.0814002
1 0.1508395 1.1570130 -0.9505632
1 0.3104701 -1.5908795 -0.2833982
8 0.1069166 -0.7276358 0.0085300
5
-114.656     ts77     dynamics     sesquiterpene     TS     runpoint      21     runisomer      95
6 -0.1990625 0.7128967 0.0051973
1 -0.2759664 1.1716377 0.9943476
1 0.1698147 1.1800763 -0.9334986
1 0.2244882 -1.6040645 -0.3322335
8 0.1139478 -0.7190690 0.0132084
5
-114.669     ts77     dynamics     sesquiterpene     TS     runpoint      22     runisomer      95
6 -0.2026878 0.6988843 0.0070607
1 -0.2667347 1.1547369 0.9025546
1 0.1848500 1.2040216 -0.9051104
1 0.1334429 -1.6059629 -0.3929273
8 0.1208769 -0.7088837 0.0196282
5
-114.674     ts77     dynamics     sesquiterpene     TS     runpoint      23     runisomer      95
6 -0.2055988 0.6814619 0.0041991
1 -0.2578089 1.1472316 0.8407400
1 0.1953024 1.2264485 -0.8673315
1 0.0345125 -1.5826982 -0.4594347
8 0.1280750 -0.6982232 0.0274794
5
-114.674     ts77     dynamics     sesquiterpene     TS     runpoint      24     runisomer      95
6 -0.2078823 0.6601476 -0.0052593
1 -0.2516249 1.1622630 0.8365519
1 0.2018705 1.2461111 -0.8253123
1 -0.0708211 -1.5258645 -0.5252452
8 0.1356230 -0.6880028 0.0363365
5
-114.688     ts77     dynamics     sesquiterpene     TS     runpoint      25     runisomer      95
6 -0.2099224 0.6362633 -0.0195411
1 -0.2480723 1.1928421 0.8782154
1 0.2066036 1.2631555 -0.7862133
1 -0.1780041 -1.4336891 -0.5843392
8 0.1433870 -0.6788960 0.0456861
5
-114.704     ts77     dynamics     sesquiterpene     TS     runpoint      26     runisomer      95
6 -0.2121735 0.6123204 -0.0350841
1 -0.2462471 1.2202823 0.9338351
1 0.2119541 1.2784266 -0.7564750
1 -0.2807791 -1.3102938 -0.6315645
8 0.1511019 -0.6714033 0.0549437
5
-114.707     ts77     dynamics     sesquiterpene     TS     runpoint      27     runisomer      95
6 -0.2149148 0.5906293 -0.0492469
1 -0.2458799 1.2319889 0.9807203
1 0.2194098 1.2919452 -0.7393485
1 -0.3725358 -1.1647510 -0.6631295
8 0.1584486 -0.6658935 0.0635248
5
-114.698     ts77     dynamics     sesquiterpene     TS     runpoint      28     runisomer      95
6 -0.2181964 0.5731380 -0.0605986
1 -0.2472050 1.2233468 1.0078343
1 0.2288622 1.3019722 -0.7345966
1 -0.4476560 -1.0097337 -0.6772563
8 0.1651340 -0.6626309 0.0709234
5
-114.685     ts77     dynamics     sesquiterpene     TS     runpoint      29     runisomer      95
6 -0.2218976 0.5614909 -0.0684361
1 -0.2507501 1.1944592 1.0107910
1 0.2390434 1.3056366 -0.7399626
1 -0.5028651 -0.8594100 -0.6747712
8 0.1709739 -0.6617800 0.0767970
5
-114.671     ts77     dynamics     sesquiterpene     TS     runpoint      30     runisomer      95
6 -0.2257907 0.5568211 -0.0724657
1 -0.2573675 1.1481651 0.9889160
1 0.2483412 1.3003631 -0.7527759
1 -0.5385542 -0.7266423 -0.6594568
8 0.1759764 -0.6633973 0.0810401
5
-114.661     ts77     dynamics     sesquiterpene     TS     runpoint      31     runisomer      95
6 -0.2295490 0.5594478 -0.0727729
1 -0.2683679 1.0897349 0.9450795
1 0.2553301 1.2849295 -0.7707638
1 -0.5594657 -0.6203752 -0.6377411
8 0.1803672 -0.6674136 0.0837963
5
-114.656     ts77     dynamics     sesquiterpene     TS     runpoint      32     runisomer      95
6 -0.2327520 0.5687123 -0.0700394
1 -0.2855401 1.0278534 0.8883350
1 0.2590160 1.2598485 -0.7921521
1 -0.5733369 -0.5448109 -0.6169636
8 0.1844950 -0.6736506 0.0853576
5
-114.651     ts77     dynamics     sesquiterpene     TS     runpoint      33     runisomer      95
6 -0.2349196 0.5829567 -0.0659873
1 -0.3111944 0.9761125 0.8389112
1 0.2589670 1.2272910 -0.8154396
1 -0.5873302 -0.5005389 -0.6024755
8 0.1886237 -0.6818209 0.0859860
5
-114.643     ts77     dynamics     sesquiterpene     TS     runpoint      34     runisomer      95
6 -0.2355620 0.5998226 -0.0633102
1 -0.3484971 0.9506421 0.8269548
1 0.2554100 1.1908364 -0.8393158
1 -0.6047346 -0.4858706 -0.5954785
8 0.1927782 -0.6915015 0.0857939
5
-114.64     ts77     dynamics     sesquiterpene     TS     runpoint      35     runisomer      95
6 -0.2343886 0.6173992 -0.0634046
1 -0.3996672 0.9579628 0.8662105
1 0.2493734 1.1551065 -0.8631256
1 -0.6241413 -0.4980218 -0.5931666
8 0.1967261 -0.7021379 0.0847456
5
-114.651     ts77     dynamics     sesquiterpene     TS     runpoint      36     runisomer      95
6 -0.2317118 0.6349927 -0.0644980
1 -0.4608874 0.9889947 0.9332018
1 0.2425311 1.1249972 -0.8873439
1 -0.6406633 -0.5345106 -0.5905386
8 0.2000478 -0.7131018 0.0827049
5
-114.659     ts77     dynamics     sesquiterpene     TS     runpoint      37     runisomer      95
6 -0.2281920 0.6524024 -0.0640098
1 -0.5237850 1.0313282 0.9955620
1 0.2362512 1.1043258 -0.9126980
1 -0.6477538 -0.5942092 -0.5823403
8 0.2022136 -0.7237719 0.0794901
5
-114.66     ts77     dynamics     sesquiterpene     TS     runpoint      38     runisomer      95
6 -0.2242844 0.6694780 -0.0604653
1 -0.5807000 1.0764746 1.0334210
1 0.2304986 1.0947342 -0.9384658
1 -0.6393489 -0.6771829 -0.5646472
8 0.2027026 -0.7336010 0.0749534
5
-114.662     ts77     dynamics     sesquiterpene     TS     runpoint      39     runisomer      95
6 -0.2201066 0.6860841 -0.0535052
1 -0.6264700 1.1192803 1.0382370
1 0.2236545 1.0956813 -0.9617332
1 -0.6127870 -0.7829395 -0.5364409
8 0.2012124 -0.7421585 0.0691161
5
-114.669     ts77     dynamics     sesquiterpene     TS     runpoint      40     runisomer      95
6 -0.2156051 0.7019764 -0.0434955
1 -0.6581927 1.1564067 1.0080184
1 0.2133492 1.1053300 -0.9783045
1 -0.5723151 -0.9086827 -0.5013981
8 0.1979338 -0.7491129 0.0623460
5
-114.68     ts77     dynamics     sesquiterpene     TS     runpoint      41     runisomer      95
6 -0.2107016 0.7167138 -0.0312587
1 -0.6750250 1.1857822 0.9453566
1 0.1975550 1.1214613 -0.9843502
1 -0.5298888 -1.0505278 -0.4679397
8 0.1936392 -0.7541066 0.0553850
5
-114.691     ts77     dynamics     sesquiterpene     TS     runpoint      42     runisomer      95
6 -0.2052747 0.7296640 -0.0180010
1 -0.6790266 1.2072443 0.8583947
1 0.1753247 1.1419689 -0.9777736
1 -0.4957178 -1.2047402 -0.4422854
8 0.1890679 -0.7567576 0.0488857
5
-114.699     ts77     dynamics     sesquiterpene     TS     runpoint      43     runisomer      95
6 -0.1989336 0.7399525 -0.0054070
1 -0.6775348 1.2246990 0.7636888
1 0.1471436 1.1650554 -0.9591382
1 -0.4656245 -1.3612316 -0.4197807
8 0.1840967 -0.7571786 0.0428118
5
-114.693     ts77     dynamics     sesquiterpene     TS     runpoint      44     runisomer      95
6 -0.1908026 0.7463347 0.0044642
1 -0.6852509 1.2482441 0.6863433
1 0.1150851 1.1894190 -0.9322527
1 -0.4290751 -1.5020047 -0.3912412
8 0.1782005 -0.7561233 0.0367868
5
-114.675     ts77     dynamics     sesquiterpene     TS     runpoint      45     runisomer      95
6 -0.1800345 0.7476533 0.0103666
1 -0.7176003 1.2880467 0.6463286
1 0.0826388 1.2145600 -0.9042028
1 -0.3812979 -1.6107003 -0.3518752
8 0.1711954 -0.7543625 0.0306315
5
-114.663     ts77     dynamics     sesquiterpene     TS     runpoint      46     runisomer      95
6 -0.1671272 0.7441088 0.0133441
1 -0.7740952 1.3388105 0.6393314
1 0.0537260 1.2407489 -0.8836647
1 -0.3236068 -1.6776184 -0.3015864
8 0.1632578 -0.7523442 0.0243769
5
-114.659     ts77     dynamics     sesquiterpene     TS     runpoint      47     runisomer      95
6 -0.1536551 0.7370544 0.0154770
1 -0.8398765 1.3830564 0.6471008
1 0.0309917 1.2677737 -0.8766623
1 -0.2603294 -1.6992380 -0.2427184
8 0.1547417 -0.7501874 0.0181370
5
-114.656     ts77     dynamics     sesquiterpene     TS     runpoint      48     runisomer      95
6 -0.1409318 0.7278103 0.0180090
1 -0.9007738 1.4066518 0.6557863
1 0.0149853 1.2930794 -0.8829106
1 -0.1974470 -1.6782732 -0.1788287
8 0.1460810 -0.7476617 0.0120586
5
-114.653     ts77     dynamics     sesquiterpene     TS     runpoint      49     runisomer      95
6 -0.1296518 0.7173283 0.0211903
1 -0.9482077 1.4026753 0.6585234
1 0.0049826 1.3117695 -0.8968100
1 -0.1432390 -1.6282630 -0.1144629
8 0.1378223 -0.7438844 0.0063206
5
-114.648     ts77     dynamics     sesquiterpene     TS     runpoint      50     runisomer      95
6 -0.1201245 0.7062334 0.0248351
1 -0.9776890 1.3690320 0.6525537
1 0.0001517 1.3186737 -0.9113562
1 -0.1094361 -1.5817613 -0.0541185
8 0.1307065 -0.7368134 0.0010775
5
-114.642     ts77     dynamics     sesquiterpene     TS     runpoint      51     runisomer      95
6 -0.1125082 0.6949091 0.0287148
1 -0.9872430 1.3065681 0.6372800
1 0.0000249 1.3103004 -0.9210625
1 -0.1067613 -1.5789420 0.0025297
8 0.1254345 -0.7240392 -0.0038270
5
-114.651     ts77     dynamics     sesquiterpene     TS     runpoint      52     runisomer      95
6 -0.1068922 0.6835928 0.0326718
1 -0.9773188 1.2187480 0.6138189
1 0.0044567 1.2857200 -0.9230112
1 -0.1323798 -1.6148064 0.0616251
8 0.1219326 -0.7062147 -0.0089168
5
-114.67     ts77     dynamics     sesquiterpene     TS     runpoint      53     runisomer      95
6 -0.1031849 0.6723580 0.0365690
1 -0.9523782 1.1124254 0.5857872
1 0.0134641 1.2466754 -0.9169806
1 -0.1740038 -1.6473528 0.1252629
8 0.1196371 -0.6865835 -0.0144630
5
-114.679     ts77     dynamics     sesquiterpene     TS     runpoint      54     runisomer      95
6 -0.1008047 0.6610025 0.0401458
1 -0.9240785 0.9987815 0.5609802
1 0.0270834 1.1973732 -0.9053391
1 -0.2219406 -1.6468698 0.1910508
8 0.1182318 -0.6678363 -0.0204610
5
-114.679     ts77     dynamics     sesquiterpene     TS     runpoint      55     runisomer      95
6 -0.0985098 0.6491642 0.0429714
1 -0.9126192 0.8917829 0.5516256
1 0.0452140 1.1440826 -0.8927238
1 -0.2703795 -1.6017034 0.2560039
8 0.1176990 -0.6517079 -0.0268775
5
-114.678     ts77     dynamics     sesquiterpene     TS     runpoint      56     runisomer      95
6 -0.0952746 0.6369143 0.0449761
1 -0.9354438 0.8013855 0.5668848
1 0.0674413 1.0941985 -0.8851017
1 -0.3157638 -1.5111749 0.3179877
8 0.1181701 -0.6393907 -0.0337291
5
-114.685     ts77     dynamics     sesquiterpene     TS     runpoint      57     runisomer      95
6 -0.0917942 0.6251288 0.0471691
1 -0.9880053 0.7294592 0.6013401
1 0.0928167 1.0544960 -0.8874607
1 -0.3569545 -1.3834349 0.3768343
8 0.1198677 -0.6315727 -0.0411041
5
-114.694     ts77     dynamics     sesquiterpene     TS     runpoint      58     runisomer      95
6 -0.0897965 0.6149961 0.0508328
1 -1.0500790 0.6752879 0.6399315
1 0.1195084 1.0291148 -0.9003511
1 -0.3975461 -1.2364935 0.4367892
8 0.1231577 -0.6282256 -0.0492494
5
-114.694     ts77     dynamics     sesquiterpene     TS     runpoint      59     runisomer      95
6 -0.0904122 0.6076613 0.0563352
1 -1.1042832 0.6389314 0.6700536
1 0.1446436 1.0188966 -0.9185389
1 -0.4453612 -1.0923529 0.5066782
8 0.1284651 -0.6288798 -0.0585315
5
-114.687     ts77     dynamics     sesquiterpene     TS     runpoint      60     runisomer      95
6 -0.0938534 0.6041168 0.0631371
1 -1.1410973 0.6208695 0.6846786
1 0.1649245 1.0225654 -0.9338417
1 -0.4991989 -0.9611645 0.5873491
8 0.1354822 -0.6335896 -0.0686751
5
-114.677     ts77     dynamics     sesquiterpene     TS     runpoint      61     runisomer      95
6 -0.0998135 0.6049384 0.0703605
1 -1.1568338 0.6217911 0.6808748
1 0.1775680 1.0381925 -0.9388980
1 -0.5426535 -0.8442523 0.6638176
8 0.1428882 -0.6426253 -0.0783539
5
-114.665     ts77     dynamics     sesquiterpene     TS     runpoint      62     runisomer      95
6 -0.1077733 0.6100727 0.0771578
1 -1.1515482 0.6420639 0.6584704
1 0.1808270 1.0639252 -0.9289697
1 -0.5608313 -0.7467346 0.7208445
8 0.1494671 -0.6555302 -0.0862596
5
-114.657     ts77     dynamics     sesquiterpene     TS     runpoint      63     runisomer      95
6 -0.1170642 0.6189664 0.0827924
1 -1.1282297 0.6809021 0.6196690
1 0.1741781 1.0981693 -0.9022223
1 -0.5480475 -0.6757725 0.7514677
8 0.1545827 -0.6712876 -0.0916567
5
-114.659     ts77     dynamics     sesquiterpene     TS     runpoint      64     runisomer      95
6 -0.1267946 0.6308329 0.0866000
1 -1.0938022 0.7359760 0.5695635
1 0.1586976 1.1396491 -0.8598164
1 -0.5051228 -0.6372780 0.7552672
8 0.1579860 -0.6887104 -0.0942682
5
-114.668     ts77     dynamics     sesquiterpene     TS     runpoint      65     runisomer      95
6 -0.1357124 0.6447937 0.0879688
1 -1.0612519 0.8037319 0.5170032
1 0.1375773 1.1876486 -0.8064222
1 -0.4372822 -0.6350437 0.7369918
8 0.1596825 -0.7066279 -0.0941957
5
-114.678     ts77     dynamics     sesquiterpene     TS     runpoint      66     runisomer      95
6 -0.1423941 0.6598142 0.0865289
1 -1.0480055 0.8805534 0.4730815
1 0.1161636 1.2425290 -0.7504657
1 -0.3549832 -0.6700529 0.7086673
8 0.1600271 -0.7239987 -0.0920891
5
-114.683     ts77     dynamics     sesquiterpene     TS     runpoint      67     runisomer      95
6 -0.1462280 0.6747510 0.0825930
1 -1.0643179 0.9625752 0.4448761
1 0.1009508 1.3056041 -0.7022848
1 -0.2756127 -0.7397673 0.6947513
8 0.1598907 -0.7399651 -0.0895176
5
-114.683     ts77     dynamics     sesquiterpene     TS     runpoint      68     runisomer      95
6 -0.1481523 0.6887862 0.0771710
1 -1.1029154 1.0431364 0.4309805
1 0.0973033 1.3767397 -0.6691747
1 -0.2160451 -0.8399786 0.7253757
8 0.1602454 -0.7537486 -0.0885907
5
-114.69     ts77     dynamics     sesquiterpene     TS     runpoint      69     runisomer      95
6 -0.1497668 0.7017771 0.0712400
1 -1.1471805 1.1135790 0.4255595
1 0.1073715 1.4508781 -0.6511448
1 -0.1716258 -0.9647168 0.7951837
8 0.1608145 -0.7647561 -0.0893347
5
-114.695     ts77     dynamics     sesquiterpene     TS     runpoint      70     runisomer      95
6 -0.1522338 0.7141325 0.0653061
1 -1.1832486 1.1667498 0.4233546
1 0.1301656 1.5184868 -0.6426054
1 -0.1261103 -1.0991052 0.8646848
8 0.1606366 -0.7731784 -0.0896621
