5
-114.654160 ts77 dynamics sesquiterpene TS runpoint 1  runisomer  10
6 -0.0465554 0.6171986 -0.0115336
1 -0.1514600 1.0415531 1.0300944
1 -0.2590765 1.2081606 -1.0457535
1 1.0176902 -0.0873437 0.0964815
8 -0.0312834 -0.7363747 0.0035612
5
-114.638 ts77 dynamics sesquiterpene TS runpoint 2  runisomer  10
6 -0.0457878 0.618131 -0.004967
1 -0.123203 1.07227 0.974047
1 -0.265032 1.22618 -1.04764
1 0.975374 -0.0497807 0.115315
8 -0.0305981 -0.742512 0.00109835
5
-114.64     ts77     dynamics     sesquiterpene     TS     runpoint      3     runisomer      10
6 -0.0445320 0.6205067 -0.0002181
1 -0.1010618 1.1094319 0.9170716
1 -0.2669953 1.2293137 -1.0211538
1 0.9375226 -0.0071056 0.1307429
8 -0.0304274 -0.7495221 -0.0015156
5
-114.641     ts77     dynamics     sesquiterpene     TS     runpoint      4     runisomer      10
6 -0.0430523 0.6237269 0.0015377
1 -0.0870530 1.1570137 0.8749932
1 -0.2646314 1.2173785 -0.9696650
1 0.9154367 0.0418823 0.1427321
8 -0.0311774 -0.7572700 -0.0041817
5
-114.644     ts77     dynamics     sesquiterpene     TS     runpoint      5     runisomer      10
6 -0.0414936 0.6271072 0.0002275
1 -0.0824342 1.2160399 0.8566011
1 -0.2588793 1.1931995 -0.9024945
1 0.9183964 0.0991332 0.1512447
8 -0.0331857 -0.7656084 -0.0068089
5
-114.649     ts77     dynamics     sesquiterpene     TS     runpoint      6     runisomer      10
6 -0.0395498 0.6299228 -0.0023866
1 -0.0876974 1.2803837 0.8584416
1 -0.2529790 1.1648325 -0.8378075
1 0.9500307 0.1681210 0.1557716
8 -0.0366782 -0.7743334 -0.0093245
5
-114.651     ts77     dynamics     sesquiterpene     TS     runpoint      7     runisomer      10
6 -0.0362485 0.6311029 -0.0031994
1 -0.1027680 1.3394993 0.8705110
1 -0.2530027 1.1463888 -0.8022308
1 1.0061096 0.2532420 0.1550607
8 -0.0417374 -0.7831428 -0.0116736
5
-114.652     ts77     dynamics     sesquiterpene     TS     runpoint      8     runisomer      10
6 -0.0303833 0.6297691 0.0002411
1 -0.1270803 1.3838778 0.8836350
1 -0.2643233 1.1488456 -0.8150824
1 1.0758404 0.3570713 0.1475437
8 -0.0482862 -0.7916342 -0.0137992
5
-114.662     ts77     dynamics     sesquiterpene     TS     runpoint      9     runisomer      10
6 -0.0213637 0.6265111 0.0076088
1 -0.1596009 1.4071810 0.8918784
1 -0.2851640 1.1661065 -0.8667019
1 1.1458056 0.4780253 0.1322252
8 -0.0560984 -0.7993654 -0.0156289
5
-114.674     ts77     dynamics     sesquiterpene     TS     runpoint      10     runisomer      10
6 -0.0092705 0.6228394 0.0168153
1 -0.1989372 1.4059946 0.8921460
1 -0.3086358 1.1827378 -0.9304608
1 1.2036831 0.6106585 0.1092108
8 -0.0648597 -0.8059388 -0.0170859
5
-114.677     ts77     dynamics     sesquiterpene     TS     runpoint      11     runisomer      10
6 0.0055899 0.6199745 0.0259558
1 -0.2435572 1.3794469 0.8835913
1 -0.3287895 1.1877742 -0.9850357
1 1.2404337 0.7474782 0.0796640
8 -0.0742435 -0.8110539 -0.0181052
5
-114.674     ts77     dynamics     sesquiterpene     TS     runpoint      12     runisomer      10
6 0.0228506 0.6185713 0.0337452
1 -0.2921856 1.3292878 0.8675709
1 -0.3422001 1.1765968 -1.0188688
1 1.2509310 0.8806118 0.0454448
8 -0.0839463 -0.8145231 -0.0186520
5
-114.673     ts77     dynamics     sesquiterpene     TS     runpoint      13     runisomer      10
6 0.0421477 0.6188018 0.0393331
1 -0.3445311 1.2602281 0.8478264
1 -0.3473039 1.1482342 -1.0272060
1 1.2335574 1.0029670 0.0085966
8 -0.0937084 -0.8162655 -0.0187539
5
-114.676     ts77     dynamics     sesquiterpene     TS     runpoint      14     runisomer      10
6 0.0633940 0.6204498 0.0422602
1 -0.4022596 1.1796823 0.8296776
1 -0.3446870 1.1026403 -1.0096378
1 1.1895424 1.1097132 -0.0286717
8 -0.1034009 -0.8162790 -0.0185661
5
-114.682     ts77     dynamics     sesquiterpene     TS     runpoint      15     runisomer      10
6 0.0861978 0.6230579 0.0422537
1 -0.4669399 1.0953645 0.8183284
1 -0.3367400 1.0419957 -0.9691756
1 1.1237400 1.1966405 -0.0631944
8 -0.1127878 -0.8145774 -0.0182213
5
-114.688     ts77     dynamics     sesquiterpene     TS     runpoint      16     runisomer      10
6 0.1095744 0.6262075 0.0396796
1 -0.5369364 1.0123135 0.8150470
1 -0.3277271 0.9708167 -0.9135197
1 1.0451730 1.2615345 -0.0913506
8 -0.1215323 -0.8113089 -0.0178160
5
-114.654160 ts77 dynamics sesquiterpene TS runpoint 1  runisomer  10
6 -0.0465554 0.6171986 -0.0115336
1 -0.1514600 1.0415531 1.0300944
1 -0.2590765 1.2081606 -1.0457535
1 1.0176902 -0.0873437 0.0964815
8 -0.0312834 -0.7363747 0.0035612
5
-114.638 ts77 dynamics sesquiterpene TS runpoint 2  runisomer  10
6 -0.0466325 0.618017 -0.018533
1 -0.183476 1.0147 1.07118
1 -0.250253 1.17762 -1.01675
1 1.05408 -0.120993 0.0745574
8 -0.032057 -0.731252 0.00577761
5
-114.637     ts77     dynamics     sesquiterpene     TS     runpoint      3     runisomer      10
6 -0.0459285 0.6205237 -0.0246042
1 -0.2169900 0.9912768 1.0886268
1 -0.2405586 1.1396898 -0.9674477
1 1.0764746 -0.1525404 0.0501792
8 -0.0324973 -0.7272789 0.0076640
5
-114.635     ts77     dynamics     sesquiterpene     TS     runpoint      4     runisomer      10
6 -0.0444346 0.6242380 -0.0281572
1 -0.2500857 0.9722592 1.0789227
1 -0.2334095 1.1036733 -0.9130371
1 1.0794515 -0.1850850 0.0242322
8 -0.0321722 -0.7245468 0.0091488
5
-114.633     ts77     dynamics     sesquiterpene     TS     runpoint      5     runisomer      10
6 -0.0422068 0.6283036 -0.0272847
1 -0.2814186 0.9593733 1.0431876
1 -0.2338495 1.0829826 -0.8774584
1 1.0601246 -0.2236136 -0.0022497
8 -0.0306254 -0.7230539 0.0101745
5
-114.635     ts77     dynamics     sesquiterpene     TS     runpoint      6     runisomer      10
6 -0.0395259 0.6320890 -0.0209097
1 -0.3107502 0.9550468 0.9879349
1 -0.2459455 1.0877645 -0.8803271
1 1.0185305 -0.2751881 -0.0282382
8 -0.0274066 -0.7226725 0.0106935
5
-114.649     ts77     dynamics     sesquiterpene     TS     runpoint      7     runisomer      10
6 -0.0371396 0.6359954 -0.0106388
1 -0.3400952 0.9628676 0.9267860
1 -0.2678444 1.1141298 -0.9163552
1 0.9590982 -0.3481112 -0.0531068
8 -0.0222254 -0.7231631 0.0106803
5
-114.667     ts77     dynamics     sesquiterpene     TS     runpoint      8     runisomer      10
6 -0.0358747 0.6409070 -0.0000263
1 -0.3747314 0.9877460 0.8793462
1 -0.2928309 1.1487362 -0.9629054
1 0.8949258 -0.4484318 -0.0775310
8 -0.0153755 -0.7242754 0.0101808
5
-114.675     ts77     dynamics     sesquiterpene     TS     runpoint      9     runisomer      10
6 -0.0360596 0.6472234 0.0080360
1 -0.4206505 1.0330356 0.8605788
1 -0.3145652 1.1800694 -1.0007848
1 0.8561944 -0.5740194 -0.1051858
8 -0.0085365 -0.7259285 0.0094464
5
-114.678     ts77     dynamics     sesquiterpene     TS     runpoint      10     runisomer      10
6 -0.0377206 0.6549589 0.0128590
1 -0.4777175 1.0945723 0.8672300
1 -0.3291150 1.2014356 -1.0198664
1 0.8808876 -0.7184491 -0.1430452
8 -0.0043377 -0.7278567 0.0089979
5
-114.695     ts77     dynamics     sesquiterpene     TS     runpoint      11     runisomer      10
6 -0.0409090 0.6641495 0.0152821
1 -0.5384857 1.1607577 0.8830274
1 -0.3346137 1.2097077 -1.0165931
1 0.9502099 -0.8803639 -0.1907414
8 -0.0021425 -0.7292424 0.0089855
5
-114.707     ts77     dynamics     sesquiterpene     TS     runpoint      12     runisomer      10
6 -0.0456592 0.6748306 0.0163116
1 -0.5941985 1.2194753 0.8934914
1 -0.3305713 1.2042761 -0.9917893
1 1.0096381 -1.0467321 -0.2382827
8 0.0009276 -0.7301299 0.0089890
5
-114.696     ts77     dynamics     sesquiterpene     TS     runpoint      13     runisomer      10
6 -0.0518666 0.6867773 0.0167488
1 -0.6385822 1.2622634 0.8910818
1 -0.3176658 1.1869913 -0.9504889
1 1.0314571 -1.1991726 -0.2780895
8 0.0061900 -0.7310944 0.0087214
5
-114.678     ts77     dynamics     sesquiterpene     TS     runpoint      14     runisomer      10
6 -0.0592134 0.6993479 0.0174670
1 -0.6682188 1.2844849 0.8737004
1 -0.2981103 1.1629214 -0.9035571
1 1.0100036 -1.3241469 -0.3068770
8 0.0136844 -0.7325342 0.0081363
5
-114.663     ts77     dynamics     sesquiterpene     TS     runpoint      15     runisomer      10
6 -0.0671277 0.7114879 0.0196863
1 -0.6821996 1.2844614 0.8427604
1 -0.2758495 1.1408436 -0.8691151
1 0.9477599 -1.4127666 -0.3235832
8 0.0230180 -0.7346651 0.0073047
5
-114.656     ts77     dynamics     sesquiterpene     TS     runpoint      16     runisomer      10
6 -0.0748788 0.7219821 0.0245488
1 -0.6823894 1.2631933 0.8026889
1 -0.2548449 1.1302496 -0.8672004
1 0.8495573 -1.4587940 -0.3281543
8 0.0337046 -0.7376299 0.0063508
5
-114.662     ts77     dynamics     sesquiterpene     TS     runpoint      17     runisomer      10
6 -0.0817692 0.7299704 0.0316535
1 -0.6746545 1.2251121 0.7618970
1 -0.2354593 1.1336825 -0.9033479
1 0.7228479 -1.4593292 -0.3218836
8 0.0451451 -0.7414061 0.0054760
5
-114.677     ts77     dynamics     sesquiterpene     TS     runpoint      18     runisomer      10
6 -0.0870219 0.7349397 0.0383852
1 -0.6702786 1.1790033 0.7338829
1 -0.2147443 1.1448071 -0.9615418
1 0.5838265 -1.4226386 -0.3108331
8 0.0562604 -0.7452420 0.0051642
5
-114.675     ts77     dynamics     sesquiterpene     TS     runpoint      19     runisomer      10
6 -0.0896683 0.7363247 0.0415036
1 -0.6833543 1.1353654 0.7335947
1 -0.1905524 1.1558031 -1.0192677
1 0.4693826 -1.3898768 -0.3162825
8 0.0647513 -0.7462883 0.0068253
5
-114.647     ts77     dynamics     sesquiterpene     TS     runpoint      20     runisomer      10
6 -0.0893476 0.7339888 0.0392783
1 -0.7195691 1.0981410 0.7646998
1 -0.1629606 1.1620303 -1.0602373
1 0.4194388 -1.4299780 -0.3760662
8 0.0681963 -0.7400548 0.0128854
