5
-114.654160 ts77 dynamics sesquiterpene TS runpoint 1  runisomer  46
6 -0.0347233 0.5964186 0.0086866
1 -0.3100676 1.1981438 0.9670656
1 -0.1548116 1.1411520 -0.9636704
1 0.8833606 -0.0654994 -0.1435416
8 -0.0282720 -0.7278061 0.0023128
5
-114.641 ts77 dynamics sesquiterpene TS runpoint 2  runisomer  46
6 -0.0392595 0.604241 0.00680352
1 -0.290876 1.23104 1.02755
1 -0.13657 1.09779 -0.973286
1 0.920119 -0.0465527 -0.13414
8 -0.0295436 -0.734209 -7.18713e-05
5
-114.639     ts77     dynamics     sesquiterpene     TS     runpoint      3     runisomer      46
6 -0.0444349 0.6151681 0.0063236
1 -0.2661862 1.2479312 1.0618816
1 -0.1233493 1.0563113 -0.9776846
1 0.9770768 -0.0258056 -0.1229880
8 -0.0316404 -0.7421646 -0.0023009
5
-114.637     ts77     dynamics     sesquiterpene     TS     runpoint      4     runisomer      46
6 -0.0489870 0.6275245 0.0077150
1 -0.2370043 1.2478336 1.0656989
1 -0.1168769 1.0223825 -0.9812726
1 1.0404705 0.0032727 -0.1080167
8 -0.0344666 -0.7511241 -0.0043025
5
-114.637     ts77     dynamics     sesquiterpene     TS     runpoint      5     runisomer      46
6 -0.0516957 0.6396712 0.0111245
1 -0.2051207 1.2319228 1.0387324
1 -0.1182517 1.0001845 -0.9877839
1 1.0993158 0.0472718 -0.0882409
8 -0.0380661 -0.7606077 -0.0059983
5
-114.64     ts77     dynamics     sesquiterpene     TS     runpoint      6     runisomer      46
6 -0.0515392 0.6501633 0.0161011
1 -0.1730476 1.2038311 0.9857098
1 -0.1278819 0.9914157 -0.9976982
1 1.1468958 0.1117552 -0.0636796
8 -0.0425971 -0.7702206 -0.0073133
5
-114.647     ts77     dynamics     sesquiterpene     TS     runpoint      7     runisomer      46
6 -0.0477118 0.6576582 0.0212423
1 -0.1443598 1.1714794 0.9198757
1 -0.1455437 0.9953918 -1.0076632
1 1.1794132 0.1999182 -0.0350775
8 -0.0482131 -0.7796124 -0.0081961
5
-114.652     ts77     dynamics     sesquiterpene     TS     runpoint      8     runisomer      46
6 -0.0396000 0.6607219 0.0240453
1 -0.1239966 1.1491641 0.8667619
1 -0.1704768 1.0099153 -1.0124584
1 1.1942306 0.3115916 -0.0038214
8 -0.0549459 -0.7884570 -0.0086196
5
-114.653     ts77     dynamics     sesquiterpene     TS     runpoint      9     runisomer      46
6 -0.0268320 0.6581631 0.0218773
1 -0.1174283 1.1528555 0.8554480
1 -0.2015283 1.0321576 -1.0077410
1 1.1896290 0.4432465 0.0279783
8 -0.0626938 -0.7964675 -0.0085821
5
-114.665     ts77     dynamics     sesquiterpene     TS     runpoint      10     runisomer      46
6 -0.0095715 0.6503958 0.0146184
1 -0.1278921 1.1831944 0.8888739
1 -0.2373875 1.0592185 -0.9917970
1 1.1663857 0.5885204 0.0575542
8 -0.0712616 -0.8034122 -0.0081113
5
-114.685     ts77     dynamics     sesquiterpene     TS     runpoint      11     runisomer      46
6 0.0112205 0.6395200 0.0048235
1 -0.1545333 1.2230884 0.9412291
1 -0.2768687 1.0883418 -0.9654715
1 1.1298416 0.7393840 0.0821144
8 -0.0803947 -0.8091079 -0.0072686
5
-114.695     ts77     dynamics     sesquiterpene     TS     runpoint      12     runisomer      46
6 0.0339445 0.6276165 -0.0050223
1 -0.1937830 1.2553190 0.9879791
1 -0.3190725 1.1168983 -0.9309077
1 1.0899173 0.8883603 0.0999689
8 -0.0897973 -0.8133956 -0.0061312
5
-114.654160 ts77 dynamics sesquiterpene TS runpoint 1  runisomer  46
6 -0.0347233 0.5964186 0.0086866
1 -0.3100676 1.1981438 0.9670656
1 -0.1548116 1.1411520 -0.9636704
1 0.8833606 -0.0654994 -0.1435416
8 -0.0282720 -0.7278061 0.0023128
5
-114.641 ts77 dynamics sesquiterpene TS runpoint 2  runisomer  46
6 -0.0317184 0.59291 0.0111841
1 -0.324361 1.15361 0.890606
1 -0.175955 1.18074 -0.946172
1 0.877439 -0.087887 -0.153539
8 -0.0279203 -0.723452 0.00478419
5
-114.642     ts77     dynamics     sesquiterpene     TS     runpoint      3     runisomer      46
6 -0.0302592 0.5937755 0.0128688
1 -0.3379309 1.1078784 0.8178862
1 -0.1978533 1.2122066 -0.9209222
1 0.9027705 -0.1166939 -0.1651791
8 -0.0283753 -0.7213881 0.0072438
5
-114.639     ts77     dynamics     sesquiterpene     TS     runpoint      4     runisomer      46
6 -0.0293746 0.5977604 0.0116141
1 -0.3602335 1.0778583 0.7784705
1 -0.2186678 1.2332588 -0.8907782
1 0.9486593 -0.1533165 -0.1774571
8 -0.0292122 -0.7215049 0.0095430
5
-114.634     ts77     dynamics     sesquiterpene     TS     runpoint      5     runisomer      46
6 -0.0279863 0.6035485 0.0061874
1 -0.3999319 1.0749758 0.7929633
1 -0.2371941 1.2439344 -0.8608024
1 0.9994499 -0.1992363 -0.1882380
8 -0.0297848 -0.7234462 0.0114913
5
-114.64     ts77     dynamics     sesquiterpene     TS     runpoint      6     runisomer      46
6 -0.0262480 0.6112632 -0.0016851
1 -0.4523956 1.0906871 0.8484601
1 -0.2531999 1.2465582 -0.8374862
1 1.0407024 -0.2571199 -0.1955624
8 -0.0293733 -0.7267417 0.0128915
5
-114.647     ts77     dynamics     sesquiterpene     TS     runpoint      7     runisomer      46
6 -0.0252164 0.6215420 -0.0088991
1 -0.5049218 1.1090319 0.9159922
1 -0.2675282 1.2450355 -0.8272761
1 1.0613847 -0.3314747 -0.1981526
8 -0.0272368 -0.7308292 0.0135686
5
-114.651     ts77     dynamics     sesquiterpene     TS     runpoint      8     runisomer      46
6 -0.0259014 0.6345218 -0.0131704
1 -0.5479787 1.1202336 0.9740543
1 -0.2814846 1.2430154 -0.8343461
1 1.0540650 -0.4281317 -0.1953475
8 -0.0226682 -0.7350555 0.0133838
5
-114.658     ts77     dynamics     sesquiterpene     TS     runpoint      9     runisomer      46
6 -0.0290090 0.6499145 -0.0134741
1 -0.5767315 1.1205769 1.0110251
1 -0.2956273 1.2416800 -0.8583575
1 1.0158290 -0.5510383 -0.1871498
8 -0.0152228 -0.7387980 0.0122795
5
-114.674     ts77     dynamics     sesquiterpene     TS     runpoint      10     runisomer      46
6 -0.0348613 0.6672067 -0.0098210
1 -0.5892004 1.1094913 1.0214033
1 -0.3090658 1.2392201 -0.8939427
1 0.9524540 -0.6980429 -0.1750925
8 -0.0052055 -0.7416550 0.0103689
5
-114.692     ts77     dynamics     sesquiterpene     TS     runpoint      11     runisomer      46
6 -0.0433248 0.6856723 -0.0029082
1 -0.5853270 1.0880011 1.0036002
1 -0.3200119 1.2324642 -0.9327336
1 0.8874777 -0.8614024 -0.1641729
8 0.0056847 -0.7434355 0.0080616
5
-114.7     ts77     dynamics     sesquiterpene     TS     runpoint      12     runisomer      46
6 -0.0537866 0.7043358 0.0061111
1 -0.5673674 1.0585422 0.9603708
1 -0.3268245 1.2188644 -0.9663029
1 0.8574994 -1.0372086 -0.1620183
8 0.0147215 -0.7436485 0.0060003
5
-114.707     ts77     dynamics     sesquiterpene     TS     runpoint      13     runisomer      46
6 -0.0651716 0.7220576 0.0155589
1 -0.5416649 1.0259662 0.9021959
1 -0.3286251 1.1975528 -0.9882106
1 0.8594550 -1.2209746 -0.1684291
8 0.0216353 -0.7419712 0.0043629
5
-114.704     ts77     dynamics     sesquiterpene     TS     runpoint      14     runisomer      46
6 -0.0759089 0.7375514 0.0229312
1 -0.5213309 0.9989152 0.8525204
1 -0.3253973 1.1695539 -0.9949721
1 0.8572789 -1.3904127 -0.1761075
8 0.0283436 -0.7394506 0.0028733
5
-114.677     ts77     dynamics     sesquiterpene     TS     runpoint      15     runisomer      46
6 -0.0841334 0.7494910 0.0253208
1 -0.5240812 0.9876115 0.8437903
1 -0.3180393 1.1375566 -0.9867615
1 0.8320038 -1.5238889 -0.1806278
8 0.0358177 -0.7372717 0.0013985
5
-114.653     ts77     dynamics     sesquiterpene     TS     runpoint      16     runisomer      46
6 -0.0890157 0.7572345 0.0221616
1 -0.5556409 0.9942253 0.8861424
1 -0.3085555 1.1056742 -0.9685721
1 0.7808033 -1.6097475 -0.1807421
8 0.0441002 -0.7360810 -0.0000367
5
-114.649     ts77     dynamics     sesquiterpene     TS     runpoint      17     runisomer      46
6 -0.0913767 0.7609729 0.0165118
1 -0.6019010 1.0105245 0.9525266
1 -0.3001448 1.0790714 -0.9507309
1 0.7065986 -1.6428616 -0.1765440
8 0.0529329 -0.7361510 -0.0013680
5
-114.65     ts77     dynamics     sesquiterpene     TS     runpoint      18     runisomer      46
6 -0.0922459 0.7609125 0.0119684
1 -0.6466030 1.0279976 1.0120201
1 -0.2964638 1.0626750 -0.9456683
1 0.6143786 -1.6225621 -0.1687867
8 0.0619816 -0.7374538 -0.0025140
5
-114.652     ts77     dynamics     sesquiterpene     TS     runpoint      19     runisomer      46
6 -0.0922735 0.7570941 0.0105340
1 -0.6803386 1.0418235 1.0470196
1 -0.2997167 1.0587483 -0.9598179
1 0.5135594 -1.5579350 -0.1597467
8 0.0706874 -0.7392858 -0.0033202
5
-114.653     ts77     dynamics     sesquiterpene     TS     runpoint      20     runisomer      46
6 -0.0919768 0.7496318 0.0123475
1 -0.6988908 1.0496474 1.0504020
1 -0.3091445 1.0654565 -0.9877591
1 0.4264551 -1.4868270 -0.1570075
8 0.0777161 -0.7390850 -0.0033042
5
-114.634     ts77     dynamics     sesquiterpene     TS     runpoint      21     runisomer      46
6 -0.0918167 0.7388301 0.0163780
1 -0.7009419 1.0502858 1.0211522
1 -0.3218249 1.0784104 -1.0166058
1 0.3889942 -1.4897219 -0.1780178
8 0.0808848 -0.7316562 -0.0013410
5
-114.638     ts77     dynamics     sesquiterpene     TS     runpoint      22     runisomer      46
6 -0.0920519 0.7252174 0.0211940
1 -0.6876090 1.0435343 0.9630091
1 -0.3345441 1.0932742 -1.0343466
1 0.3959299 -1.5705619 -0.2271281
8 0.0805860 -0.7168619 0.0029236
5
-114.664     ts77     dynamics     sesquiterpene     TS     runpoint      23     runisomer      46
6 -0.0925649 0.7094569 0.0251852
1 -0.6635863 1.0308711 0.8858600
1 -0.3447641 1.1069975 -1.0339048
1 0.4124187 -1.6482701 -0.2868122
8 0.0790625 -0.7002102 0.0085259
5
-114.663     ts77     dynamics     sesquiterpene     TS     runpoint      24     runisomer      46
6 -0.0926841 0.6920577 0.0263814
1 -0.6394640 1.0170199 0.8087227
1 -0.3506856 1.1177951 -1.0134648
1 0.4226069 -1.6808262 -0.3455400
8 0.0773644 -0.6849139 0.0149036
5
-114.652     ts77     dynamics     sesquiterpene     TS     runpoint      25     runisomer      46
6 -0.0911993 0.6732188 0.0225958
1 -0.6317836 1.0107101 0.7584086
1 -0.3512510 1.1250156 -0.9760729
1 0.4218306 -1.6558988 -0.3984501
8 0.0758512 -0.6724093 0.0218943
