5
-114.654160 ts77 dynamics sesquiterpene TS runpoint 1  runisomer  7
6 -0.0224343 0.6251511 0.0010731
1 -0.3406434 1.1706668 0.9190424
1 -0.3068468 1.1844891 -0.9236218
1 1.0309364 -0.1061186 -0.0324515
8 -0.0352839 -0.7478022 0.0015281
5
-114.65 ts77 dynamics sesquiterpene TS runpoint 2  runisomer  7
6 -0.0154916 0.635794 -0.00225266
1 -0.341337 1.16829 0.917818
1 -0.319557 1.09826 -0.861319
1 0.992322 -0.063553 -0.00743054
8 -0.0372153 -0.752886 -0.00140188
5
-114.649     ts77     dynamics     sesquiterpene     TS     runpoint      3     runisomer      7
6 -0.0084065 0.6455915 -0.0033304
1 -0.3367194 1.1610870 0.9132026
1 -0.3368288 1.0239788 -0.8236250
1 0.9573180 -0.0124926 0.0178046
8 -0.0395284 -0.7583196 -0.0042682
5
-114.639     ts77     dynamics     sesquiterpene     TS     runpoint      4     runisomer      7
6 -0.0006545 0.6529359 0.0000579
1 -0.3272719 1.1510731 0.9070609
1 -0.3699679 0.9772894 -0.8399945
1 0.9372683 0.0501816 0.0426270
8 -0.0425886 -0.7642061 -0.0069549
5
-114.64     ts77     dynamics     sesquiterpene     TS     runpoint      5     runisomer      7
6 0.0072445 0.6577044 0.0069078
1 -0.3150317 1.1412553 0.9028612
1 -0.4169167 0.9555661 -0.9030590
1 0.9433671 0.1277579 0.0663302
8 -0.0467142 -0.7706841 -0.0093489
5
-114.651     ts77     dynamics     sesquiterpene     TS     runpoint      6     runisomer      7
6 0.0139467 0.6603000 0.0139751
1 -0.3033424 1.1349076 0.9046607
1 -0.4629795 0.9478845 -0.9786639
1 0.9829299 0.2231990 0.0878452
8 -0.0520697 -0.7777616 -0.0113558
5
-114.659     ts77     dynamics     sesquiterpene     TS     runpoint      7     runisomer      7
6 0.0188784 0.6605528 0.0189322
1 -0.2956849 1.1341494 0.9146542
1 -0.4963216 0.9475869 -1.0405236
1 1.0533924 0.3390570 0.1053956
8 -0.0585921 -0.7851858 -0.0129127
5
-114.666     ts77     dynamics     sesquiterpene     TS     runpoint      8     runisomer      7
6 0.0226635 0.6580776 0.0209868
1 -0.2942393 1.1385933 0.9311328
1 -0.5114975 0.9517421 -1.0756333
1 1.1397746 0.4759911 0.1166016
8 -0.0660110 -0.7924995 -0.0139871
5
-114.673     ts77     dynamics     sesquiterpene     TS     runpoint      9     runisomer      7
6 0.0264762 0.6529574 0.0203315
1 -0.2992778 1.1453315 0.9488079
1 -0.5070807 0.9586888 -1.0788753
1 1.2213226 0.6299535 0.1193325
8 -0.0739709 -0.7992226 -0.0145767
5
-114.654160 ts77 dynamics sesquiterpene TS runpoint 1  runisomer  7
6 -0.0224343 0.6251511 0.0010731
1 -0.3406434 1.1706668 0.9190424
1 -0.3068468 1.1844891 -0.9236218
1 1.0309364 -0.1061186 -0.0324515
8 -0.0352839 -0.7478022 0.0015281
5
-114.65 ts77 dynamics sesquiterpene TS runpoint 2  runisomer  7
6 -0.02952 0.615514 0.00433718
1 -0.335351 1.16745 0.91646
1 -0.290294 1.2641 -0.981508
1 1.06329 -0.142838 -0.0566045
8 -0.0333825 -0.743072 0.00441118
5
-114.641     ts77     dynamics     sesquiterpene     TS     runpoint      3     runisomer      7
6 -0.0366197 0.6081631 0.0063000
1 -0.3269549 1.1591159 0.9110081
1 -0.2675152 1.3255256 -1.0201276
1 1.0817233 -0.1763374 -0.0792216
8 -0.0311828 -0.7387917 0.0071402
5
-114.63     ts77     dynamics     sesquiterpene     TS     runpoint      4     runisomer      7
6 -0.0435419 0.6039360 0.0063933
1 -0.3173782 1.1472349 0.9048995
1 -0.2389990 1.3629888 -1.0338363
1 1.0808898 -0.2102033 -0.0996749
8 -0.0283383 -0.7350992 0.0096071
5
-114.626     ts77     dynamics     sesquiterpene     TS     runpoint      5     runisomer      7
6 -0.0503024 0.6034840 0.0043636
1 -0.3085800 1.1340262 0.9011718
1 -0.2060737 1.3738222 -1.0212989
1 1.0575737 -0.2501551 -0.1174370
8 -0.0244263 -0.7320931 0.0116931
5
-114.631     ts77     dynamics     sesquiterpene     TS     runpoint      6     runisomer      7
6 -0.0572695 0.6073665 0.0002127
1 -0.3020764 1.1216360 0.9027133
1 -0.1701243 1.3572561 -0.9835938
1 1.0112166 -0.3046409 -0.1322015
8 -0.0189525 -0.7297484 0.0132645
5
-114.648     ts77     dynamics     sesquiterpene     TS     runpoint      7     runisomer      7
6 -0.0651114 0.6158861 -0.0056596
1 -0.2985272 1.1113973 0.9110401
1 -0.1324017 1.3150541 -0.9248321
1 0.9463160 -0.3831158 -0.1442907
8 -0.0115817 -0.7278899 0.0142056
5
-114.671     ts77     dynamics     sesquiterpene     TS     runpoint      8     runisomer      7
6 -0.0744345 0.6285831 -0.0121093
1 -0.2977437 1.1035465 0.9254209
1 -0.0941138 1.2546767 -0.8559303
1 0.8788939 -0.4901601 -0.1560323
8 -0.0028014 -0.7263717 0.0145371
5
-114.683     ts77     dynamics     sesquiterpene     TS     runpoint      9     runisomer      7
6 -0.0854090 0.6434952 -0.0166850
1 -0.2991431 1.0976277 0.9428892
1 -0.0558824 1.1950348 -0.8021298
1 0.8470154 -0.6196627 -0.1749734
8 0.0051194 -0.7252689 0.0146735
5
-114.676     ts77     dynamics     sesquiterpene     TS     runpoint      10     runisomer      7
6 -0.0978731 0.6572587 -0.0158472
1 -0.3021902 1.0932465 0.9593945
1 -0.0151011 1.1649371 -0.8024047
1 0.8877871 -0.7654283 -0.2112433
8 0.0095225 -0.7242382 0.0153091
5
-114.691     ts77     dynamics     sesquiterpene     TS     runpoint      11     runisomer      7
6 -0.1115682 0.6680873 -0.0086592
1 -0.3065520 1.0906861 0.9719887
1 0.0330205 1.1730909 -0.8678077
1 0.9628887 -0.9253498 -0.2580658
8 0.0123079 -0.7226374 0.0161952
5
-114.711     ts77     dynamics     sesquiterpene     TS     runpoint      12     runisomer      7
6 -0.1256896 0.6769470 0.0013326
1 -0.3119731 1.0909972 0.9803571
1 0.0860142 1.1980044 -0.9596099
1 1.0191179 -1.0834403 -0.3013979
8 0.0163621 -0.7209119 0.0166873
5
-114.699     ts77     dynamics     sesquiterpene     TS     runpoint      13     runisomer      7
6 -0.1391994 0.6846839 0.0104968
1 -0.3180730 1.0955224 0.9861522
1 0.1368706 1.2211922 -1.0397648
1 1.0363590 -1.2229763 -0.3340951
8 0.0225904 -0.7196703 0.0165585
5
-114.672     ts77     dynamics     sesquiterpene     TS     runpoint      14     runisomer      7
6 -0.1513118 0.6913312 0.0168367
1 -0.3242760 1.1051788 0.9913051
1 0.1801446 1.2351485 -1.0893327
1 1.0127998 -1.3332353 -0.3540063
8 0.0308256 -0.7191968 0.0158574
5
-114.65     ts77     dynamics     sesquiterpene     TS     runpoint      15     runisomer      7
6 -0.1615408 0.6966800 0.0194962
1 -0.3297931 1.1197840 0.9964582
1 0.2126525 1.2379129 -1.1012076
1 0.9518582 -1.4074212 -0.3608761
8 0.0406390 -0.7196296 0.0147197
5
-114.643     ts77     dynamics     sesquiterpene     TS     runpoint      16     runisomer      7
6 -0.1696188 0.7006381 0.0182522
1 -0.3336866 1.1377494 1.0003410
1 0.2327279 1.2295871 -1.0738007
1 0.8575274 -1.4402413 -0.3551163
8 0.0516230 -0.7211389 0.0133201
5
-114.653     ts77     dynamics     sesquiterpene     TS     runpoint      17     runisomer      7
6 -0.1754603 0.7032051 0.0132986
1 -0.3350928 1.1563492 1.0003600
1 0.2398994 1.2113253 -1.0090291
1 0.7356242 -1.4289800 -0.3385035
8 0.0633225 -0.7237960 0.0119083
5
-114.674     ts77     dynamics     sesquiterpene     TS     runpoint      18     runisomer      7
6 -0.1792027 0.7042155 0.0053113
1 -0.3335336 1.1724005 0.9938631
1 0.2356370 1.1860144 -0.9139431
1 0.6014352 -1.3826583 -0.3183720
8 0.0747564 -0.7268897 0.0110515
5
-114.682     ts77     dynamics     sesquiterpene     TS     runpoint      19     runisomer      7
6 -0.1814241 0.7029985 -0.0041626
1 -0.3291391 1.1829961 0.9794337
1 0.2263084 1.1612592 -0.8063915
1 0.4947932 -1.3467675 -0.3199634
8 0.0834521 -0.7273461 0.0123937
5
-114.652     ts77     dynamics     sesquiterpene     TS     runpoint      20     runisomer      7
6 -0.1835357 0.6980655 -0.0122760
1 -0.3227060 1.1861485 0.9579634
1 0.2283341 1.1545185 -0.7215936
1 0.4591928 -1.3939446 -0.3855447
8 0.0867458 -0.7204458 0.0186242
5
-114.66     ts77     dynamics     sesquiterpene     TS     runpoint      21     runisomer      7
6 -0.1873373 0.6878545 -0.0164435
1 -0.3156298 1.1814152 0.9334592
1 0.2629351 1.1871734 -0.6953654
1 0.4548604 -1.4762478 -0.4934841
8 0.0872442 -0.7093579 0.0284443
5
-114.676     ts77     dynamics     sesquiterpene     TS     runpoint      22     runisomer      7
6 -0.1925886 0.6732568 -0.0182241
1 -0.3095649 1.1700145 0.9127934
1 0.3268994 1.2533734 -0.7175715
1 0.4455524 -1.5298908 -0.6039630
8 0.0873573 -0.6984781 0.0394426
5
-114.678     ts77     dynamics     sesquiterpene     TS     runpoint      23     runisomer      7
6 -0.1974775 0.6569752 -0.0212154
1 -0.3057743 1.1541729 0.9027489
1 0.3973289 1.3259157 -0.7531153
1 0.4214805 -1.5341565 -0.6984137
8 0.0878634 -0.6895657 0.0505119
5
-114.668     ts77     dynamics     sesquiterpene     TS     runpoint      24     runisomer      7
6 -0.2008482 0.6411042 -0.0273970
1 -0.3047900 1.1355770 0.9060890
1 0.4579414 1.3851773 -0.7806446
1 0.3814267 -1.4865350 -0.7685321
8 0.0890321 -0.6832215 0.0610936
5
-114.662     ts77     dynamics     sesquiterpene     TS     runpoint      25     runisomer      7
6 -0.2023717 0.6269613 -0.0370237
1 -0.3065455 1.1142596 0.9199967
1 0.5016097 1.4220333 -0.7920434
1 0.3264701 -1.3902958 -0.8089414
8 0.0909951 -0.6796548 0.0707061
5
-114.669     ts77     dynamics     sesquiterpene     TS     runpoint      26     runisomer      7
6 -0.2021096 0.6154903 -0.0493686
1 -0.3106857 1.0892110 0.9377847
1 0.5257916 1.4328409 -0.7852471
1 0.2593119 -1.2525383 -0.8161896
8 0.0937646 -0.6788325 0.0788766
5
-114.686     ts77     dynamics     sesquiterpene     TS     runpoint      27     runisomer      7
6 -0.2002462 0.6074117 -0.0632562
1 -0.3169545 1.0599700 0.9520291
1 0.5298610 1.4164069 -0.7607603
1 0.1851408 -1.0876016 -0.7939964
8 0.0971766 -0.6802882 0.0854585
5
-114.7     ts77     dynamics     sesquiterpene     TS     runpoint      28     runisomer      7
6 -0.1970161 0.6032290 -0.0773028
1 -0.3255145 1.0277563 0.9570212
1 0.5145091 1.3732646 -0.7207919
1 0.1115987 -0.9215414 -0.7674565
8 0.1008927 -0.6828659 0.0914945
