5
-114.654160 ts77 dynamics sesquiterpene TS runpoint 1  runisomer  19
6 -0.0499823 0.6267520 0.0179194
1 -0.2069330 1.2721285 0.8378785
1 -0.1161263 1.0820065 -0.8680804
1 0.8817236 -0.0459149 -0.0912467
8 -0.0256566 -0.7527323 -0.0057924
5
-114.639 ts77 dynamics sesquiterpene TS runpoint 2  runisomer  19
6 -0.0434347 0.627086 0.0208333
1 -0.21451 1.27329 0.816293
1 -0.161275 1.15183 -0.913579
1 0.870165 -0.0305774 -0.0703922
8 -0.0265184 -0.758423 -0.00506551
5
-114.642     ts77     dynamics     sesquiterpene     TS     runpoint      3     runisomer      19
6 -0.0374646 0.6281484 0.0219951
1 -0.2266628 1.2767260 0.8162991
1 -0.2096211 1.2202482 -0.9650140
1 0.8907166 -0.0165363 -0.0497855
8 -0.0284798 -0.7646327 -0.0039965
5
-114.641     ts77     dynamics     sesquiterpene     TS     runpoint      4     runisomer      19
6 -0.0321059 0.6303270 0.0199654
1 -0.2430627 1.2813362 0.8368752
1 -0.2565975 1.2744959 -1.0034126
1 0.9401629 0.0011172 -0.0294141
8 -0.0316230 -0.7710901 -0.0026363
5
-114.639     ts77     dynamics     sesquiterpene     TS     runpoint      5     runisomer      19
6 -0.0269349 0.6334940 0.0147312
1 -0.2618231 1.2820719 0.8702580
1 -0.2986058 1.3082274 -1.0201251
1 1.0077059 0.0298133 -0.0089608
8 -0.0359297 -0.7774472 -0.0010499
5
-114.639     ts77     dynamics     sesquiterpene     TS     runpoint      6     runisomer      19
6 -0.0213387 0.6372343 0.0069880
1 -0.2802245 1.2733080 0.9064799
1 -0.3329775 1.3188554 -1.0121210
1 1.0807620 0.0776589 0.0114621
8 -0.0414072 -0.7833864 0.0006840
5
-114.642     ts77     dynamics     sesquiterpene     TS     runpoint      7     runisomer      19
6 -0.0147617 0.6410088 -0.0023417
1 -0.2956838 1.2514301 0.9370044
1 -0.3577479 1.3060275 -0.9796690
1 1.1487611 0.1509059 0.0310891
8 -0.0480920 -0.7886474 0.0024771
5
-114.65     ts77     dynamics     sesquiterpene     TS     runpoint      8     runisomer      19
6 -0.0067853 0.6442637 -0.0122435
1 -0.3063844 1.2154324 0.9561382
1 -0.3719546 1.2715962 -0.9263167
1 1.2035177 0.2519258 0.0486203
8 -0.0559581 -0.7930168 0.0042315
5
-114.663     ts77     dynamics     sesquiterpene     TS     runpoint      9     runisomer      19
6 0.0029922 0.6463880 -0.0214960
1 -0.3115915 1.1665781 0.9612761
1 -0.3769110 1.2210531 -0.8608611
1 1.2384624 0.3788189 0.0624403
8 -0.0648552 -0.7963435 0.0058524
5
-114.676     ts77     dynamics     sesquiterpene     TS     runpoint      10     runisomer      19
6 0.0151985 0.6465078 -0.0284399
1 -0.3117967 1.1079714 0.9529745
1 -0.3786207 1.1659073 -0.8005851
1 1.2487314 0.5263392 0.0708754
8 -0.0745398 -0.7985625 0.0072528
5
-114.682     ts77     dynamics     sesquiterpene     TS     runpoint      11     runisomer      19
6 0.0307871 0.6434938 -0.0311446
1 -0.3088490 1.0441464 0.9352320
1 -0.3890562 1.1229201 -0.7701258
1 1.2322558 0.6870249 0.0725504
8 -0.0847254 -0.7996976 0.0083730
5
-114.687     ts77     dynamics     sesquiterpene     TS     runpoint      12     runisomer      19
6 0.0503226 0.6368725 -0.0290007
1 -0.3061693 0.9802514 0.9157663
1 -0.4182929 1.1023140 -0.7838086
1 1.1911677 0.8525361 0.0669827
8 -0.0951191 -0.7998364 0.0092010
5
-114.697     ts77     dynamics     sesquiterpene     TS     runpoint      13     runisomer      19
6 0.0730858 0.6275935 -0.0242929
1 -0.3092879 0.9198004 0.9048378
1 -0.4624974 1.0971453 -0.8272632
1 1.1323356 1.0160313 0.0550873
8 -0.1055073 -0.7990422 0.0098420
5
-114.654160 ts77 dynamics sesquiterpene TS runpoint 1  runisomer  19
6 -0.0499823 0.6267520 0.0179194
1 -0.2069330 1.2721285 0.8378785
1 -0.1161263 1.0820065 -0.8680804
1 0.8817236 -0.0459149 -0.0912467
8 -0.0256566 -0.7527323 -0.0057924
5
-114.639 ts77 dynamics sesquiterpene TS runpoint 2  runisomer  19
6 -0.056654 0.626208 0.0162209
1 -0.203049 1.26997 0.874295
1 -0.0780843 1.02936 -0.858476
1 0.91869 -0.064869 -0.11144
8 -0.0256222 -0.747677 -0.00614557
5
-114.635     ts77     dynamics     sesquiterpene     TS     runpoint      3     runisomer      19
6 -0.0629913 0.6249508 0.0180046
1 -0.2017704 1.2624191 0.9150558
1 -0.0475775 1.0055432 -0.9030550
1 0.9680727 -0.0884862 -0.1293824
8 -0.0259815 -0.7432692 -0.0061136
5
-114.64     ts77     dynamics     sesquiterpene     TS     runpoint      4     runisomer      19
6 -0.0686492 0.6237880 0.0222730
1 -0.2023690 1.2466790 0.9508845
1 -0.0233845 1.0046123 -0.9821794
1 1.0160892 -0.1176812 -0.1435245
8 -0.0262491 -0.7395064 -0.0056975
5
-114.641     ts77     dynamics     sesquiterpene     TS     runpoint      5     runisomer      19
6 -0.0733484 0.6238140 0.0266556
1 -0.2044766 1.2222900 0.9758350
1 -0.0056282 1.0154188 -1.0622286
1 1.0513433 -0.1541233 -0.1528094
8 -0.0259304 -0.7363730 -0.0049303
5
-114.635     ts77     dynamics     sesquiterpene     TS     runpoint      6     runisomer      19
6 -0.0770779 0.6256879 0.0295344
1 -0.2079695 1.1908308 0.9874922
1 0.0052654 1.0308859 -1.1207339
1 1.0655083 -0.2013629 -0.1567816
8 -0.0244896 -0.7337941 -0.0038878
5
-114.63     ts77     dynamics     sesquiterpene     TS     runpoint      7     runisomer      19
6 -0.0802185 0.6297226 0.0300923
1 -0.2129227 1.1555625 0.9868296
1 0.0094679 1.0474385 -1.1469496
1 1.0531579 -0.2656393 -0.1555810
8 -0.0213080 -0.7315909 -0.0026900
5
-114.635     ts77     dynamics     sesquiterpene     TS     runpoint      8     runisomer      19
6 -0.0834358 0.6359740 0.0278803
1 -0.2196500 1.1210520 0.9780075
1 0.0076905 1.0631917 -1.1368804
1 1.0123991 -0.3547911 -0.1499327
8 -0.0157905 -0.7294805 -0.0014664
5
-114.654     ts77     dynamics     sesquiterpene     TS     runpoint      9     runisomer      19
6 -0.0873503 0.6441814 0.0226155
1 -0.2287788 1.0924351 0.9675353
1 0.0009082 1.0772531 -1.0908695
1 0.9481145 -0.4738522 -0.1414244
8 -0.0078018 -0.7272189 -0.0002928
5
-114.679     ts77     dynamics     sesquiterpene     TS     runpoint      10     runisomer      19
6 -0.0922042 0.6537074 0.0144060
1 -0.2411095 1.0739355 0.9618908
1 -0.0096990 1.0901815 -1.0145772
1 0.8820854 -0.6190930 -0.1338830
8 0.0014451 -0.7248634 0.0009388
5
-114.692     ts77     dynamics     sesquiterpene     TS     runpoint      11     runisomer      19
6 -0.0978108 0.6634318 0.0043846
1 -0.2570860 1.0670870 0.9640507
1 -0.0224351 1.1060766 -0.9233533
1 0.8644360 -0.7808894 -0.1353635
8 0.0085721 -0.7225341 0.0026660
5
-114.698     ts77     dynamics     sesquiterpene     TS     runpoint      12     runisomer      19
6 -0.1038054 0.6716550 -0.0047034
1 -0.2763141 1.0701833 0.9718905
1 -0.0345714 1.1361496 -0.8472503
1 0.9140358 -0.9588813 -0.1494063
8 0.0119195 -0.7195775 0.0050797
5
-114.704     ts77     dynamics     sesquiterpene     TS     runpoint      13     runisomer      19
6 -0.1099402 0.6765846 -0.0095695
1 -0.2976890 1.0795848 0.9804552
1 -0.0428257 1.1961182 -0.8199689
1 0.9722892 -1.1395111 -0.1667164
8 0.0147194 -0.7162659 0.0075634
5
-114.695     ts77     dynamics     sesquiterpene     TS     runpoint      14     runisomer      19
6 -0.1159612 0.6780074 -0.0098074
1 -0.3198791 1.0914883 0.9854866
1 -0.0463223 1.2854178 -0.8416274
1 1.0010995 -1.3000404 -0.1805496
8 0.0190393 -0.7135948 0.0096599
5
-114.682     ts77     dynamics     sesquiterpene     TS     runpoint      15     runisomer      19
6 -0.1215378 0.6775284 -0.0077808
1 -0.3416106 1.1029074 0.9847946
1 -0.0467381 1.3820176 -0.8816557
1 0.9931324 -1.4267922 -0.1890734
8 0.0251202 -0.7120558 0.0112426
5
-114.663     ts77     dynamics     sesquiterpene     TS     runpoint      16     runisomer      19
6 -0.1264319 0.6766376 -0.0055537
1 -0.3618151 1.1119204 0.9779777
1 -0.0455675 1.4648186 -0.9151517
1 0.9521735 -1.5138908 -0.1923281
8 0.0325710 -0.7116858 0.0123173
5
-114.645     ts77     dynamics     sesquiterpene     TS     runpoint      17     runisomer      19
6 -0.1304965 0.6761184 -0.0042179
1 -0.3798763 1.1174967 0.9661244
1 -0.0434473 1.5220144 -0.9305529
1 0.8831970 -1.5580254 -0.1907052
8 0.0409702 -0.7124711 0.0129293
5
-114.638     ts77     dynamics     sesquiterpene     TS     runpoint      18     runisomer      19
6 -0.1336230 0.6763875 -0.0043466
1 -0.3958696 1.1191607 0.9515328
1 -0.0404927 1.5482271 -0.9241260
1 0.7893644 -1.5552166 -0.1846238
8 0.0500479 -0.7146074 0.0131560
5
-114.645     ts77     dynamics     sesquiterpene     TS     runpoint      19     runisomer      19
6 -0.1357325 0.6776233 -0.0062593
1 -0.4105821 1.1167472 0.9372241
1 -0.0365908 1.5415363 -0.8960922
1 0.6749433 -1.5037813 -0.1753559
8 0.0595201 -0.7182010 0.0131409
5
-114.663     ts77     dynamics     sesquiterpene     TS     runpoint      20     runisomer      19
6 -0.1368126 0.6795894 -0.0099832
1 -0.4251575 1.1102708 0.9261900
1 -0.0314516 1.5027191 -0.8496978
1 0.5561979 -1.4194065 -0.1682504
8 0.0684049 -0.7221390 0.0132586
5
-114.663     ts77     dynamics     sesquiterpene     TS     runpoint      21     runisomer      19
6 -0.1369518 0.6815250 -0.0150438
1 -0.4405183 1.0996944 0.9204796
1 -0.0242475 1.4371303 -0.7928238
1 0.4831422 -1.3714445 -0.1829653
8 0.0736243 -0.7218150 0.0147590
5
-114.637     ts77     dynamics     sesquiterpene     TS     runpoint      22     runisomer      19
6 -0.1364092 0.6820729 -0.0201004
1 -0.4569834 1.0848983 0.9203903
1 -0.0126805 1.3596136 -0.7423160
1 0.5026197 -1.4410086 -0.2484351
8 0.0722957 -0.7120269 0.0195006
5
-114.67     ts77     dynamics     sesquiterpene     TS     runpoint      23     runisomer      19
6 -0.1356901 0.6793468 -0.0227681
1 -0.4742366 1.0661559 0.9243258
1 0.0081537 1.2976317 -0.7269301
1 0.5526387 -1.5348948 -0.3393659
8 0.0683774 -0.6989802 0.0260151
5
-114.665     ts77     dynamics     sesquiterpene     TS     runpoint      24     runisomer      19
6 -0.1353374 0.6721511 -0.0211687
1 -0.4914897 1.0443785 0.9296228
1 0.0433435 1.2731557 -0.7692804
1 0.5949757 -1.5899138 -0.4306221
8 0.0643124 -0.6872005 0.0329002
5
-114.658     ts77     dynamics     sesquiterpene     TS     runpoint      25     runisomer      19
6 -0.1352172 0.6620855 -0.0167327
1 -0.5078823 1.0213000 0.9339929
1 0.0898159 1.2750034 -0.8527790
1 0.6196543 -1.5906992 -0.5116573
8 0.0607695 -0.6782630 0.0396635
5
-114.659     ts77     dynamics     sesquiterpene     TS     runpoint      26     runisomer      19
6 -0.1346852 0.6517141 -0.0124626
1 -0.5228904 0.9992306 0.9360606
1 0.1382476 1.2797085 -0.9419245
1 0.6243369 -1.5364280 -0.5771179
8 0.0579683 -0.6728076 0.0460718
5
-114.66     ts77     dynamics     sesquiterpene     TS     runpoint      27     runisomer      19
6 -0.1332664 0.6426643 -0.0103519
1 -0.5365182 0.9805221 0.9349324
1 0.1810498 1.2739501 -1.0124713
1 0.6074865 -1.4296851 -0.6226451
8 0.0561255 -0.6712036 0.0518731
5
-114.668     ts77     dynamics     sesquiterpene     TS     runpoint      28     runisomer      19
6 -0.1307970 0.6357006 -0.0112126
1 -0.5490770 0.9672742 0.9297912
1 0.2139799 1.2532362 -1.0529102
1 0.5684896 -1.2765151 -0.6450068
8 0.0554464 -0.6734926 0.0567996
5
-114.686     ts77     dynamics     sesquiterpene     TS     runpoint      29     runisomer      19
6 -0.1273360 0.6310672 -0.0150948
1 -0.5607918 0.9613127 0.9198117
1 0.2349753 1.2172212 -1.0589640
1 0.5129212 -1.0924651 -0.6483977
8 0.0557647 -0.6789702 0.0609362
5
-114.699     ts77     dynamics     sesquiterpene     TS     runpoint      30     runisomer      19
6 -0.1231289 0.6287197 -0.0214890
1 -0.5716899 0.9642004 0.9042719
1 0.2434324 1.1676734 -1.0307930
1 0.4627256 -0.9087455 -0.6622518
8 0.0559241 -0.6858466 0.0658097
5
-114.694     ts77     dynamics     sesquiterpene     TS     runpoint      31     runisomer      19
6 -0.1186648 0.6285242 -0.0292894
1 -0.5817310 0.9772300 0.8828082
1 0.2406076 1.1088586 -0.9737194
1 0.4467800 -0.7506291 -0.7357141
8 0.0543889 -0.6927800 0.0740471
5
-114.702     ts77     dynamics     sesquiterpene     TS     runpoint      32     runisomer      19
6 -0.1147138 0.6301164 -0.0366649
1 -0.5909846 1.0011941 0.8557064
1 0.2313462 1.0503846 -0.9025101
1 0.4506829 -0.6152493 -0.8433370
8 0.0523441 -0.7003324 0.0835829
5
-114.692     ts77     dynamics     sesquiterpene     TS     runpoint      33     runisomer      19
6 -0.1123822 0.6323776 -0.0408595
1 -0.5997487 1.0359862 0.8240884
1 0.2268682 1.0099809 -0.8470428
1 0.4523239 -0.5089145 -0.9351009
8 0.0513240 -0.7083770 0.0910092
