5
-114.654160 ts77 dynamics sesquiterpene TS runpoint 1  runisomer  3
6 -0.0162949 0.6255035 0.0216500
1 -0.3127967 1.1038494 0.8312401
1 -0.3330795 1.0359828 -0.9808866
1 0.9697821 -0.0918034 -0.0150498
8 -0.0361390 -0.7354006 -0.0058658
5
-114.641 ts77 dynamics sesquiterpene TS runpoint 2  runisomer  3
6 -0.01831 0.622262 0.0263788
1 -0.296695 1.0824 0.807496
1 -0.292495 0.985307 -0.975242
1 0.931164 -0.0593463 -0.0395912
8 -0.0357658 -0.730469 -0.00672699
5
-114.631     ts77     dynamics     sesquiterpene     TS     runpoint      3     runisomer      3
6 -0.0197886 0.6174982 0.0250801
1 -0.2994273 1.0959090 0.8429545
1 -0.2496646 0.9429483 -0.9641444
1 0.9115893 -0.0240949 -0.0639501
8 -0.0359501 -0.7272980 -0.0071510
5
-114.636     ts77     dynamics     sesquiterpene     TS     runpoint      4     runisomer      3
6 -0.0212835 0.6121692 0.0203197
1 -0.3134759 1.1323654 0.9149578
1 -0.2091781 0.9154209 -0.9570589
1 0.9200516 0.0156376 -0.0878233
8 -0.0370283 -0.7263661 -0.0070586
5
-114.642     ts77     dynamics     sesquiterpene     TS     runpoint      5     runisomer      3
6 -0.0231894 0.6073716 0.0156374
1 -0.3279378 1.1727548 0.9887432
1 -0.1753665 0.9080203 -0.9632618
1 0.9584599 0.0641514 -0.1100247
8 -0.0392383 -0.7279021 -0.0064054
5
-114.642     ts77     dynamics     sesquiterpene     TS     runpoint      6     runisomer      3
6 -0.0250583 0.6032686 0.0128025
1 -0.3367263 1.2054372 1.0429050
1 -0.1508011 0.9223816 -0.9848376
1 1.0205055 0.1282544 -0.1282765
8 -0.0427392 -0.7318263 -0.0051817
5
-114.644     ts77     dynamics     sesquiterpene     TS     runpoint      7     runisomer      3
6 -0.0259594 0.5995702 0.0117808
1 -0.3374828 1.2250344 1.0679558
1 -0.1361771 0.9554950 -1.0141561
1 1.0948265 0.2141249 -0.1398727
8 -0.0476189 -0.7377819 -0.0034156
5
-114.65     ts77     dynamics     sesquiterpene     TS     runpoint      8     runisomer      3
6 -0.0249762 0.5960925 0.0117271
1 -0.3297091 1.2292625 1.0608108
1 -0.1312290 1.0011967 -1.0393169
1 1.1689442 0.3234242 -0.1426507
8 -0.0538273 -0.7452052 -0.0011652
5
-114.659     ts77     dynamics     sesquiterpene     TS     runpoint      9     runisomer      3
6 -0.0214509 0.5929397 0.0117857
1 -0.3140664 1.2175131 1.0221550
1 -0.1352641 1.0523592 -1.0504427
1 1.2316614 0.4524877 -0.1355829
8 -0.0611537 -0.7534534 0.0014822
5
-114.669     ts77     dynamics     sesquiterpene     TS     runpoint      10     runisomer      3
6 -0.0149714 0.5903846 0.0112732
1 -0.2925098 1.1910601 0.9566275
1 -0.1472613 1.1022787 -1.0420964
1 1.2744176 0.5942978 -0.1189027
8 -0.0693109 -0.7619477 0.0044185
5
-114.678     ts77     dynamics     sesquiterpene     TS     runpoint      11     runisomer      3
6 -0.0052413 0.5885889 0.0094164
1 -0.2691012 1.1548051 0.8755129
1 -0.1659468 1.1453394 -1.0132586
1 1.2919120 0.7405725 -0.0939384
8 -0.0780095 -0.7702438 0.0075331
5
-114.681     ts77     dynamics     sesquiterpene     TS     runpoint      12     runisomer      3
6 0.0080938 0.5872306 0.0049365
1 -0.2513800 1.1201203 0.8008916
1 -0.1900293 1.1774459 -0.9669204
1 1.2820544 0.8829581 -0.0627831
8 -0.0869917 -0.7780320 0.0107125
5
-114.675     ts77     dynamics     sesquiterpene     TS     runpoint      13     runisomer      3
6 0.0254928 0.5854830 -0.0037906
1 -0.2501333 1.1037045 0.7631927
1 -0.2186578 1.1965897 -0.9099321
1 1.2456340 1.0135745 -0.0279196
8 -0.0960247 -0.7851202 0.0138494
5
-114.669     ts77     dynamics     sesquiterpene     TS     runpoint      14     runisomer      3
6 0.0469525 0.5831961 -0.0168297
1 -0.2718072 1.1121503 0.7775092
1 -0.2522018 1.2035240 -0.8526695
1 1.1860750 1.1253527 0.0082583
8 -0.1048924 -0.7914137 0.0168415
5
-114.673     ts77     dynamics     sesquiterpene     TS     runpoint      15     runisomer      3
6 0.0715773 0.5818096 -0.0315553
1 -0.3109412 1.1317033 0.8264441
1 -0.2938694 1.2010537 -0.8062645
1 1.1092521 1.2124174 0.0443501
8 -0.1134332 -0.7969339 0.0196082
5
-114.676     ts77     dynamics     sesquiterpene     TS     runpoint      16     runisomer      3
6 0.0979683 0.5825747 -0.0447922
1 -0.3582545 1.1436132 0.8830304
1 -0.3474724 1.1929745 -0.7786308
1 1.0247505 1.2722457 0.0778561
8 -0.1215486 -0.8015164 0.0221213
5
-114.671     ts77     dynamics     sesquiterpene     TS     runpoint      17     runisomer      3
6 0.1243473 0.5856747 -0.0557131
1 -0.4056433 1.1381717 0.9318539
1 -0.4151013 1.1806917 -0.7694571
1 0.9443597 1.3050759 0.1107905
8 -0.1290267 -0.8047902 0.0245848
5
-114.654160 ts77 dynamics sesquiterpene TS runpoint 1  runisomer  3
6 -0.0162949 0.6255035 0.0216500
1 -0.3127967 1.1038494 0.8312401
1 -0.3330795 1.0359828 -0.9808866
1 0.9697821 -0.0918034 -0.0150498
8 -0.0361390 -0.7354006 -0.0058658
5
-114.641 ts77 dynamics sesquiterpene TS runpoint 2  runisomer  3
6 -0.0141802 0.628059 0.0122203
1 -0.340328 1.14752 0.89431
1 -0.367857 1.08891 -0.975268
1 1.01555 -0.121817 0.00956317
8 -0.0366831 -0.741513 -0.00466991
5
-114.649     ts77     dynamics     sesquiterpene     TS     runpoint      3     runisomer      3
6 -0.0127482 0.6312924 0.0009050
1 -0.3667508 1.1929305 0.9631462
1 -0.3946371 1.1391063 -0.9563136
1 1.0572242 -0.1494561 0.0339015
8 -0.0370305 -0.7482213 -0.0032461
5
-114.643     ts77     dynamics     sesquiterpene     TS     runpoint      4     runisomer      3
6 -0.0124134 0.6358885 -0.0102790
1 -0.3842992 1.2274733 1.0169122
1 -0.4125861 1.1829555 -0.9250132
1 1.0860253 -0.1753476 0.0573602
8 -0.0368600 -0.7549774 -0.0016932
5
-114.633     ts77     dynamics     sesquiterpene     TS     runpoint      5     runisomer      3
6 -0.0133017 0.6419824 -0.0200751
1 -0.3896094 1.2455640 1.0464181
1 -0.4222434 1.2185369 -0.8850745
1 1.0959271 -0.2013735 0.0792426
8 -0.0358736 -0.7612896 -0.0000976
5
-114.626     ts77     dynamics     sesquiterpene     TS     runpoint      6     runisomer      3
6 -0.0154476 0.6494618 -0.0275625
1 -0.3815581 1.2451990 1.0485701
1 -0.4255818 1.2459096 -0.8426881
1 1.0833105 -0.2312481 0.0989638
8 -0.0337663 -0.7667209 0.0014705
5
-114.627     ts77     dynamics     sesquiterpene     TS     runpoint      7     runisomer      3
6 -0.0189012 0.6581374 -0.0320012
1 -0.3601377 1.2262092 1.0235876
1 -0.4258534 1.2671039 -0.8058511
1 1.0466994 -0.2709496 0.1162187
8 -0.0302010 -0.7708667 0.0029668
5
-114.638     ts77     dynamics     sesquiterpene     TS     runpoint      8     runisomer      3
6 -0.0237828 0.6678061 -0.0329789
1 -0.3263073 1.1901339 0.9749032
1 -0.4267747 1.2851558 -0.7826198
1 0.9872657 -0.3285507 0.1311842
8 -0.0248671 -0.7733565 0.0043622
5
-114.657     ts77     dynamics     sesquiterpene     TS     runpoint      9     runisomer      3
6 -0.0302407 0.6782262 -0.0308755
1 -0.2826915 1.1416369 0.9117963
1 -0.4309868 1.3020019 -0.7782038
1 0.9116435 -0.4118794 0.1449473
8 -0.0177400 -0.7739308 0.0056150
5
-114.673     ts77     dynamics     sesquiterpene     TS     runpoint      10     runisomer      3
6 -0.0381858 0.6887849 -0.0275214
1 -0.2348984 1.0914471 0.8553068
1 -0.4387759 1.3166612 -0.7924474
1 0.8410143 -0.5217335 0.1610347
8 -0.0098500 -0.7726933 0.0065413
5
-114.67     ts77     dynamics     sesquiterpene     TS     runpoint      11     runisomer      3
6 -0.0470573 0.6981128 -0.0263448
1 -0.1908665 1.0569909 0.8409404
1 -0.4484119 1.3256350 -0.8198546
1 0.8243157 -0.6465968 0.1889789
8 -0.0043098 -0.7702188 0.0065300
5
-114.664     ts77     dynamics     sesquiterpene     TS     runpoint      12     runisomer      3
6 -0.0562982 0.7049918 -0.0298091
1 -0.1536553 1.0494316 0.8916892
1 -0.4577359 1.3250436 -0.8524777
1 0.8916566 -0.7815557 0.2374387
8 -0.0033775 -0.7663634 0.0049332
5
-114.696     ts77     dynamics     sesquiterpene     TS     runpoint      13     runisomer      3
6 -0.0657695 0.7097219 -0.0361516
1 -0.1189769 1.0608186 0.9823406
1 -0.4653914 1.3125422 -0.8834062
1 0.9821775 -0.9270411 0.2934516
8 -0.0036790 -0.7606747 0.0023987
5
-114.703     ts77     dynamics     sesquiterpene     TS     runpoint      14     runisomer      3
6 -0.0752283 0.7130104 -0.0421243
1 -0.0843395 1.0788827 1.0723587
1 -0.4709105 1.2879258 -0.9083575
1 1.0442742 -1.0690439 0.3421106
8 -0.0023312 -0.7537822 -0.0002863
5
-114.681     ts77     dynamics     sesquiterpene     TS     runpoint      15     runisomer      3
6 -0.0842382 0.7150387 -0.0456186
1 -0.0505617 1.0969338 1.1367675
1 -0.4744901 1.2529136 -0.9258130
1 1.0621043 -1.1936585 0.3769156
8 0.0014020 -0.7463840 -0.0028154
5
-114.656     ts77     dynamics     sesquiterpene     TS     runpoint      16     runisomer      3
6 -0.0923395 0.7156008 -0.0455706
1 -0.0194104 1.1122725 1.1645814
1 -0.4768953 1.2105951 -0.9366281
1 1.0351985 -1.2916799 0.3960188
8 0.0073637 -0.7389296 -0.0051255
5
-114.644     ts77     dynamics     sesquiterpene     TS     runpoint      17     runisomer      3
6 -0.0991067 0.7144098 -0.0414470
1 0.0074354 1.1239042 1.1521429
1 -0.4793492 1.1646361 -0.9432087
1 0.9671091 -1.3567410 0.3992212
8 0.0151936 -0.7317746 -0.0072237
5
-114.648     ts77     dynamics     sesquiterpene     TS     runpoint      18     runisomer      3
6 -0.1041885 0.7113053 -0.0330931
1 0.0286604 1.1316855 1.1001077
1 -0.4831557 1.1183237 -0.9481261
1 0.8620321 -1.3836297 0.3869835
8 0.0245294 -0.7253246 -0.0091324
5
-114.667     ts77     dynamics     sesquiterpene     TS     runpoint      19     runisomer      3
6 -0.1074229 0.7062257 -0.0209343
1 0.0437337 1.1367044 1.0142255
1 -0.4890451 1.0738409 -0.9525212
1 0.7269611 -1.3699097 0.3615641
8 0.0348862 -0.7198937 -0.0109639
5
-114.692     ts77     dynamics     sesquiterpene     TS     runpoint      20     runisomer      3
6 -0.1090071 0.6988980 -0.0064715
1 0.0540773 1.1434348 0.9101108
1 -0.4966813 1.0322467 -0.9553144
1 0.5812406 -1.3262669 0.3325835
8 0.0450844 -0.7149511 -0.0132519
5
-114.689     ts77     dynamics     sesquiterpene     TS     runpoint      21     runisomer      3
6 -0.1096628 0.6883449 0.0072268
1 0.0652389 1.1643241 0.8196679
1 -0.5048638 0.9940555 -0.9540517
1 0.4735466 -1.3036145 0.3318991
8 0.0521725 -0.7073723 -0.0178673
5
-114.653     ts77     dynamics     sesquiterpene     TS     runpoint      22     runisomer      3
6 -0.1104885 0.6731549 0.0167126
1 0.0865044 1.2186748 0.7797669
1 -0.5124572 0.9598736 -0.9470172
1 0.4428411 -1.3662689 0.4005664
8 0.0538644 -0.6933000 -0.0272392
5
-114.68     ts77     dynamics     sesquiterpene     TS     runpoint      23     runisomer      3
6 -0.1119889 0.6540310 0.0220746
1 0.1205713 1.3070248 0.7887953
1 -0.5193674 0.9307847 -0.9351014
1 0.4378199 -1.4509492 0.5037723
8 0.0535925 -0.6773519 -0.0390835
