5
-114.654160 ts77 dynamics sesquiterpene TS runpoint 1  runisomer  143
6 -0.0350637 0.6060018 0.0010457
1 -0.2361669 1.1440446 0.9495145
1 -0.3078013 1.1846432 -0.9982429
1 1.0510425 -0.1105172 0.0555447
8 -0.0335984 -0.7314909 -0.0012138
5
-114.644 ts77 dynamics sesquiterpene TS runpoint 2  runisomer  143
6 -0.0402552 0.597659 0.000809636
1 -0.242696 1.22214 0.984649
1 -0.275547 1.18132 -0.98275
1 1.08337 -0.108954 0.0311184
8 -0.0333607 -0.730042 -0.00268782
5
-114.639     ts77     dynamics     sesquiterpene     TS     runpoint      3     runisomer      143
6 -0.0445330 0.5924804 0.0006455
1 -0.2469211 1.2862370 1.0018037
1 -0.2401031 1.1673429 -0.9507088
1 1.1022230 -0.0971707 0.0057786
8 -0.0333067 -0.7300574 -0.0040680
5
-114.634     ts77     dynamics     sesquiterpene     TS     runpoint      4     runisomer      143
6 -0.0473661 0.5905722 0.0014558
1 -0.2478431 1.3296083 0.9964423
1 -0.2043463 1.1464849 -0.9102179
1 1.1065313 -0.0718386 -0.0195320
8 -0.0336481 -0.7316405 -0.0052940
5
-114.632     ts77     dynamics     sesquiterpene     TS     runpoint      5     runisomer      143
6 -0.0482373 0.5913977 0.0041842
1 -0.2453015 1.3488347 0.9685641
1 -0.1715882 1.1257557 -0.8744195
1 1.0976345 -0.0298647 -0.0437741
8 -0.0346580 -0.7348113 -0.0063121
5
-114.634     ts77     dynamics     sesquiterpene     TS     runpoint      6     runisomer      143
6 -0.0467300 0.5940073 0.0096940
1 -0.2396669 1.3430238 0.9212408
1 -0.1448496 1.1135540 -0.8586684
1 1.0789430 0.0316032 -0.0657948
8 -0.0366505 -0.7395068 -0.0070688
5
-114.641     ts77     dynamics     sesquiterpene     TS     runpoint      7     runisomer      143
6 -0.0426210 0.5974983 0.0179465
1 -0.2320320 1.3145005 0.8612482
1 -0.1258909 1.1140917 -0.8714757
1 1.0556407 0.1149269 -0.0842860
8 -0.0399415 -0.7456137 -0.0075081
5
-114.654     ts77     dynamics     sesquiterpene     TS     runpoint      8     runisomer      143
6 -0.0358919 0.6012036 0.0271973
1 -0.2250321 1.2713925 0.8015277
1 -0.1152501 1.1235889 -0.9073105
1 1.0344717 0.2210103 -0.0978752
8 -0.0447690 -0.7529615 -0.0075704
5
-114.664     ts77     dynamics     sesquiterpene     TS     runpoint      9     runisomer      143
6 -0.0266597 0.6041700 0.0343077
1 -0.2241659 1.2305307 0.7634403
1 -0.1131906 1.1343063 -0.9519444
1 1.0235821 0.3478685 -0.1055600
8 -0.0511945 -0.7612824 -0.0072077
5
-114.665     ts77     dynamics     sesquiterpene     TS     runpoint      10     runisomer      143
6 -0.0151777 0.6051665 0.0362325
1 -0.2370928 1.2114441 0.7693939
1 -0.1200698 1.1399951 -0.9918893
1 1.0314271 0.4905266 -0.1071899
8 -0.0590575 -0.7701750 -0.0064069
5
-114.672     ts77     dynamics     sesquiterpene     TS     runpoint      11     runisomer      143
6 -0.0019374 0.6041674 0.0322599
1 -0.2669301 1.2159686 0.8198056
1 -0.1360823 1.1371707 -1.0182989
1 1.0617383 0.6431746 -0.1030126
8 -0.0680150 -0.7791508 -0.0052010
5
-114.687     ts77     dynamics     sesquiterpene     TS     runpoint      12     runisomer      143
6 0.0126608 0.6025833 0.0241466
1 -0.3083458 1.2269270 0.8902191
1 -0.1609523 1.1242239 -1.0267801
1 1.1070375 0.7999302 -0.0926246
8 -0.0776466 -0.7877154 -0.0036700
5
-114.654160 ts77 dynamics sesquiterpene TS runpoint 1  runisomer  143
6 -0.0350637 0.6060018 0.0010457
1 -0.2361669 1.1440446 0.9495145
1 -0.3078013 1.1846432 -0.9982429
1 1.0510425 -0.1105172 0.0555447
8 -0.0335984 -0.7314909 -0.0012138
5
-114.644 ts77 dynamics sesquiterpene TS runpoint 2  runisomer  143
6 -0.0294148 0.616694 0.000142896
1 -0.230016 1.06343 0.909081
1 -0.334672 1.17639 -0.993537
1 1.00911 -0.105369 0.078297
8 -0.0338889 -0.734237 0.000281277
5
-114.645     ts77     dynamics     sesquiterpene     TS     runpoint      3     runisomer      143
6 -0.0235894 0.6283625 -0.0036686
1 -0.2293639 0.9959038 0.8864954
1 -0.3548591 1.1579751 -0.9688020
1 0.9641837 -0.0970526 0.0989462
8 -0.0341990 -0.7380993 0.0017040
5
-114.641     ts77     dynamics     sesquiterpene     TS     runpoint      4     runisomer      143
6 -0.0177865 0.6397674 -0.0116891
1 -0.2394413 0.9533563 0.9036540
1 -0.3685456 1.1331786 -0.9286956
1 0.9248553 -0.0889499 0.1175526
8 -0.0345774 -0.7429210 0.0029399
5
-114.641     ts77     dynamics     sesquiterpene     TS     runpoint      5     runisomer      143
6 -0.0124305 0.6504513 -0.0225305
1 -0.2595302 0.9350642 0.9564097
1 -0.3785769 1.1087899 -0.8841859
1 0.8994967 -0.0840496 0.1346820
8 -0.0351006 -0.7485553 0.0038655
5
-114.642     ts77     dynamics     sesquiterpene     TS     runpoint      6     runisomer      143
6 -0.0079086 0.6601308 -0.0325367
1 -0.2832950 0.9335062 1.0193071
1 -0.3913311 1.0944142 -0.8525175
1 0.8931246 -0.0845548 0.1510639
8 -0.0357926 -0.7547804 0.0043818
5
-114.636     ts77     dynamics     sesquiterpene     TS     runpoint      7     runisomer      143
6 -0.0042215 0.6682486 -0.0384815
1 -0.3046168 0.9426839 1.0698039
1 -0.4139020 1.0982814 -0.8490514
1 0.9052853 -0.0915246 0.1669431
8 -0.0365620 -0.7612514 0.0044409
5
-114.631     ts77     dynamics     sesquiterpene     TS     runpoint      8     runisomer      143
6 -0.0014652 0.6745709 -0.0393391
1 -0.3197691 0.9590357 1.0956534
1 -0.4467624 1.1200429 -0.8733502
1 0.9306827 -0.1050995 0.1816947
8 -0.0372077 -0.7675379 0.0040565
5
-114.632     ts77     dynamics     sesquiterpene     TS     runpoint      9     runisomer      143
6 -0.0001375 0.6794187 -0.0360001
1 -0.3269178 0.9802590 1.0921721
1 -0.4822850 1.1510861 -0.9098669
1 0.9615424 -0.1252163 0.1940753
8 -0.0374621 -0.7731984 0.0032924
5
-114.633     ts77     dynamics     sesquiterpene     TS     runpoint      10     runisomer      143
6 -0.0007652 0.6832415 -0.0299123
1 -0.3255373 1.0047178 1.0596842
1 -0.5114816 1.1818281 -0.9418952
1 0.9898475 -0.1524040 0.2027682
8 -0.0370251 -0.7778280 0.0022420
5
-114.633     ts77     dynamics     sesquiterpene     TS     runpoint      11     runisomer      143
6 -0.0036217 0.6863563 -0.0224769
1 -0.3164090 1.0315922 1.0033570
1 -0.5283840 1.2056121 -0.9588314
1 1.0086516 -0.1884799 0.2068186
8 -0.0355793 -0.7810800 0.0010250
5
-114.636     ts77     dynamics     sesquiterpene     TS     runpoint      12     runisomer      143
6 -0.0087184 0.6889017 -0.0152273
1 -0.3021721 1.0617882 0.9350064
1 -0.5303046 1.2186701 -0.9560187
1 1.0125055 -0.2371016 0.2058105
8 -0.0327767 -0.7826486 -0.0002209
5
-114.641     ts77     dynamics     sesquiterpene     TS     runpoint      13     runisomer      143
6 -0.0158389 0.6907793 -0.0100510
1 -0.2877060 1.0993261 0.8744188
1 -0.5171263 1.2193434 -0.9333340
1 0.9976105 -0.3039574 0.1998797
8 -0.0282403 -0.7822497 -0.0013422
5
-114.65     ts77     dynamics     sesquiterpene     TS     runpoint      14     runisomer      143
6 -0.0246759 0.6916678 -0.0086576
1 -0.2781547 1.1503640 0.8431623
1 -0.4911164 1.2079600 -0.8950006
1 0.9627736 -0.3956152 0.1897788
8 -0.0216579 -0.7796378 -0.0021964
5
-114.667     ts77     dynamics     sesquiterpene     TS     runpoint      15     runisomer      143
6 -0.0350256 0.6914229 -0.0110024
1 -0.2739576 1.2157273 0.8479490
1 -0.4575028 1.1877471 -0.8509241
1 0.9134878 -0.5154921 0.1774798
8 -0.0131725 -0.7747434 -0.0027406
5
-114.686     ts77     dynamics     sesquiterpene     TS     runpoint      16     runisomer      143
6 -0.0465471 0.6901725 -0.0146613
1 -0.2703362 1.2857240 0.8755374
1 -0.4250565 1.1662575 -0.8181613
1 0.8716901 -0.6586331 0.1679236
8 -0.0041715 -0.7678393 -0.0031958
5
-114.688     ts77     dynamics     sesquiterpene     TS     runpoint      17     runisomer      143
6 -0.0583939 0.6877725 -0.0163879
1 -0.2627061 1.3471464 0.9076540
1 -0.4037507 1.1538343 -0.8170996
1 0.8767819 -0.8165014 0.1692215
8 0.0025684 -0.7591748 -0.0040723
5
-114.692     ts77     dynamics     sesquiterpene     TS     runpoint      18     runisomer      143
6 -0.0697963 0.6841996 -0.0143225
1 -0.2491847 1.3903043 0.9313917
1 -0.3972292 1.1547681 -0.8560842
1 0.9278979 -0.9870888 0.1814562
8 0.0066348 -0.7485201 -0.0054312
5
-114.701     ts77     dynamics     sesquiterpene     TS     runpoint      19     runisomer      143
6 -0.0806886 0.6802677 -0.0090024
1 -0.2297299 1.4101010 0.9399861
1 -0.3995762 1.1616874 -0.9210969
1 0.9759076 -1.1562042 0.1948252
8 0.0107005 -0.7365934 -0.0067098
5
-114.693     ts77     dynamics     sesquiterpene     TS     runpoint      20     runisomer      143
6 -0.0913283 0.6769636 -0.0020973
1 -0.2050391 1.4050803 0.9311123
1 -0.4024692 1.1640086 -0.9894288
1 0.9921220 -1.3039194 0.2032243
8 0.0162846 -0.7246318 -0.0075543
5
-114.674     ts77     dynamics     sesquiterpene     TS     runpoint      21     runisomer      143
6 -0.1018596 0.6746870 0.0048365
1 -0.1760807 1.3770995 0.9061753
1 -0.4004253 1.1554139 -1.0437699
1 0.9713839 -1.4175378 0.2051843
8 0.0235368 -0.7134554 -0.0078832
5
-114.66     ts77     dynamics     sesquiterpene     TS     runpoint      22     runisomer      143
6 -0.1122564 0.6731352 0.0104781
1 -0.1439888 1.3321396 0.8712532
1 -0.3909914 1.1341178 -1.0743737
1 0.9174637 -1.4907759 0.2011310
8 0.0321150 -0.7034964 -0.0077296
5
-114.654     ts77     dynamics     sesquiterpene     TS     runpoint      23     runisomer      143
6 -0.1223735 0.6714624 0.0134397
1 -0.1097697 1.2815372 0.8389241
1 -0.3738469 1.1011457 -1.0770514
1 0.8352735 -1.5197616 0.1919598
8 0.0416455 -0.6951435 -0.0071675
5
-114.658     ts77     dynamics     sesquiterpene     TS     runpoint      24     runisomer      143
6 -0.1320917 0.6685584 0.0123168
1 -0.0733573 1.2403826 0.8269281
1 -0.3502512 1.0593731 -1.0521536
1 0.7292029 -1.5014926 0.1788246
8 0.0518366 -0.6888871 -0.0063099
5
-114.671     ts77     dynamics     sesquiterpene     TS     runpoint      25     runisomer      143
6 -0.1413971 0.6636414 0.0067489
1 -0.0332975 1.2185113 0.8466466
1 -0.3228358 1.0137939 -1.0059938
1 0.6079416 -1.4401074 0.1643744
8 0.0622049 -0.6848120 -0.0053723
5
-114.684     ts77     dynamics     sesquiterpene     TS     runpoint      26     runisomer      143
6 -0.1501629 0.6566774 -0.0011774
1 0.0106729 1.2121332 0.8899633
1 -0.2955711 0.9726292 -0.9547293
1 0.4985033 -1.3693107 0.1573801
8 0.0711866 -0.6810489 -0.0049430
5
-114.658     ts77     dynamics     sesquiterpene     TS     runpoint      27     runisomer      143
6 -0.1579890 0.6478637 -0.0074052
1 0.0559015 1.2105895 0.9367798
1 -0.2729816 0.9473658 -0.9258715
1 0.4545657 -1.3785725 0.1801274
8 0.0755519 -0.6721608 -0.0064704
5
-114.648     ts77     dynamics     sesquiterpene     TS     runpoint      28     runisomer      143
6 -0.1645799 0.6376893 -0.0084676
1 0.0987635 1.2061895 0.9702926
1 -0.2570730 0.9472807 -0.9423355
1 0.4699381 -1.4744463 0.2378804
8 0.0758234 -0.6582005 -0.0103841
5
-114.668     ts77     dynamics     sesquiterpene     TS     runpoint      29     runisomer      143
6 -0.1701070 0.6276266 -0.0041273
1 0.1365706 1.1960469 0.9818027
1 -0.2450759 0.9704110 -0.9954858
1 0.4935877 -1.5648983 0.3071198
8 0.0753392 -0.6457679 -0.0153779
5
-114.661     ts77     dynamics     sesquiterpene     TS     runpoint      30     runisomer      143
6 -0.1749203 0.6195678 0.0036463
1 0.1679227 1.1803394 0.9690427
1 -0.2329316 1.0063507 -1.0561122
1 0.5063106 -1.6086995 0.3742357
8 0.0754055 -0.6382335 -0.0208129
5
-114.648     ts77     dynamics     sesquiterpene     TS     runpoint      31     runisomer      143
6 -0.1792775 0.6148391 0.0129699
1 0.1926736 1.1611536 0.9344648
1 -0.2183957 1.0451982 -1.1009498
1 0.5041745 -1.5960721 0.4338341
8 0.0763328 -0.6367179 -0.0265579
5
-114.646     ts77     dynamics     sesquiterpene     TS     runpoint      32     runisomer      143
6 -0.1834268 0.6138754 0.0224665
1 0.2124969 1.1424300 0.8850840
1 -0.2011761 1.0802088 -1.1180823
1 0.4862901 -1.5269868 0.4832438
8 0.0782368 -0.6413717 -0.0326035
5
-114.66     ts77     dynamics     sesquiterpene     TS     runpoint      33     runisomer      143
6 -0.1876895 0.6162289 0.0308395
1 0.2316731 1.1303096 0.8328503
1 -0.1823130 1.1070675 -1.1029965
1 0.4532581 -1.4075027 0.5219118
8 0.0811178 -0.6515932 -0.0389798
5
-114.682     ts77     dynamics     sesquiterpene     TS     runpoint      34     runisomer      143
6 -0.1924280 0.6207959 0.0367696
1 0.2567085 1.1320227 0.7924956
1 -0.1635882 1.1232501 -1.0558821
1 0.4119417 -1.2571794 0.5580074
8 0.0845169 -0.6656162 -0.0461275
5
-114.695     ts77     dynamics     sesquiterpene     TS     runpoint      35     runisomer      143
6 -0.1978139 0.6264416 0.0395736
1 0.2926144 1.1511323 0.7738452
1 -0.1471101 1.1282919 -0.9818601
1 0.3815594 -1.1162440 0.6245802
8 0.0871699 -0.6802508 -0.0559137
5
-114.701     ts77     dynamics     sesquiterpene     TS     runpoint      36     runisomer      143
6 -0.2035298 0.6326013 0.0400334
1 0.3376802 1.1827512 0.7749557
1 -0.1348189 1.1256430 -0.8939068
1 0.3752000 -1.0059812 0.7546731
8 0.0882432 -0.6936421 -0.0700663
5
-114.719     ts77     dynamics     sesquiterpene     TS     runpoint      37     runisomer      143
6 -0.2089192 0.6388983 0.0404621
1 0.3842905 1.2165171 0.7861944
1 -0.1275497 1.1255864 -0.8165706
1 0.3740341 -0.9033017 0.9027319
8 0.0889627 -0.7069575 -0.0852968
5
-114.704     ts77     dynamics     sesquiterpene     TS     runpoint      38     runisomer      143
6 -0.2134033 0.6444689 0.0437844
1 0.4243265 1.2432158 0.7983797
1 -0.1243645 1.1439592 -0.7810425
1 0.3644652 -0.8023105 1.0200574
8 0.0902053 -0.7203389 -0.0981877
5
-114.674     ts77     dynamics     sesquiterpene     TS     runpoint      39     runisomer      143
6 -0.2165535 0.6488909 0.0511342
1 0.4523647 1.2574260 0.8058818
1 -0.1247710 1.1876163 -0.7990990
1 0.3441658 -0.7095624 1.0884494
8 0.0921049 -0.7331448 -0.1073465
5
-114.659     ts77     dynamics     sesquiterpene     TS     runpoint      40     runisomer      143
6 -0.2179600 0.6531335 0.0607152
1 0.4659752 1.2570180 0.8061558
1 -0.1309425 1.2440437 -0.8495486
1 0.3145801 -0.6323731 1.1043880
8 0.0945534 -0.7447195 -0.1123784
5
-114.653     ts77     dynamics     sesquiterpene     TS     runpoint      41     runisomer      143
6 -0.2174335 0.6583920 0.0700160
1 0.4652440 1.2423563 0.7989497
1 -0.1449160 1.2961432 -0.9043785
1 0.2779417 -0.5767891 1.0691016
8 0.0973906 -0.7545243 -0.1132240
5
-114.652     ts77     dynamics     sesquiterpene     TS     runpoint      42     runisomer      143
6 -0.2151635 0.6651943 0.0771807
1 0.4527329 1.2160814 0.7863322
1 -0.1668474 1.3332354 -0.9455397
1 0.2369039 -0.5480846 0.9864592
8 0.1004412 -0.7621157 -0.1100037
5
-114.659     ts77     dynamics     sesquiterpene     TS     runpoint      43     runisomer      143
6 -0.2117110 0.6734931 0.0808352
1 0.4338220 1.1831415 0.7733184
1 -0.1956051 1.3505264 -0.9639709
1 0.1953157 -0.5508772 0.8673417
8 0.1034716 -0.7671790 -0.1032591
5
-114.667     ts77     dynamics     sesquiterpene     TS     runpoint      44     runisomer      143
6 -0.2079311 0.6829326 0.0797773
1 0.4165042 1.1501999 0.7680165
1 -0.2294756 1.3465655 -0.9559579
1 0.1594729 -0.5857269 0.7457020
8 0.1061175 -0.7697386 -0.0949723
5
-114.652     ts77     dynamics     sesquiterpene     TS     runpoint      45     runisomer      143
6 -0.2046351 0.6929170 0.0732444
1 0.4086885 1.1233889 0.7789426
1 -0.2665199 1.3222927 -0.9218032
1 0.1371923 -0.6399544 0.7101230
8 0.1078738 -0.7705925 -0.0906700
5
-114.643     ts77     dynamics     sesquiterpene     TS     runpoint      46     runisomer      143
6 -0.2019815 0.7025033 0.0617916
1 0.4126080 1.1055208 0.8085155
1 -0.3049566 1.2819817 -0.8674548
1 0.1279755 -0.7062825 0.8183334
8 0.1086372 -0.7699390 -0.0941847
5
-114.691     ts77     dynamics     sesquiterpene     TS     runpoint      47     runisomer      143
6 -0.1992881 0.7104232 0.0479105
1 0.4225482 1.0955539 0.8493086
1 -0.3442824 1.2359018 -0.8088730
1 0.1243603 -0.7936296 0.9608700
8 0.1086931 -0.7668452 -0.0990139
5
-114.693     ts77     dynamics     sesquiterpene     TS     runpoint      48     runisomer      143
6 -0.1953992 0.7150631 0.0355685
1 0.4297158 1.0906240 0.8889312
1 -0.3875193 1.2018468 -0.7746858
1 0.1228933 -0.8937916 1.0699211
8 0.1081383 -0.7615579 -0.1012764
5
-114.667     ts77     dynamics     sesquiterpene     TS     runpoint      49     runisomer      143
6 -0.1891828 0.7151226 0.0281699
1 0.4274952 1.0886350 0.9168341
1 -0.4406779 1.1950993 -0.7900027
1 0.1222374 -0.9957407 1.1263071
8 0.1070027 -0.7546279 -0.1000703
5
-114.655     ts77     dynamics     sesquiterpene     TS     runpoint      50     runisomer      143
6 -0.1804485 0.7110676 0.0256571
1 0.4130983 1.0889054 0.9273459
1 -0.5031047 1.2099169 -0.8448419
1 0.1216905 -1.0906147 1.1270433
8 0.1053228 -0.7465575 -0.0954373
5
-114.66     ts77     dynamics     sesquiterpene     TS     runpoint      51     runisomer      143
6 -0.1700671 0.7043735 0.0256669
1 0.3870536 1.0919741 0.9198052
1 -0.5652578 1.2283040 -0.9075022
1 0.1207104 -1.1710071 1.0733198
8 0.1031507 -0.7378215 -0.0876350
5
-114.667     ts77     dynamics     sesquiterpene     TS     runpoint      52     runisomer      143
6 -0.1591318 0.6960643 0.0261006
1 0.3524708 1.0996062 0.8981816
1 -0.6177685 1.2372405 -0.9543276
1 0.1187780 -1.2300148 0.9679965
8 0.1005544 -0.7289133 -0.0770099
5
-114.678     ts77     dynamics     sesquiterpene     TS     runpoint      53     runisomer      143
6 -0.1486008 0.6865270 0.0255127
1 0.3144074 1.1149199 0.8707048
1 -0.6550629 1.2306049 -0.9738895
1 0.1154442 -1.2621405 0.8184036
8 0.0976088 -0.7202801 -0.0641776
5
-114.692     ts77     dynamics     sesquiterpene     TS     runpoint      54     runisomer      143
6 -0.1392285 0.6757761 0.0228642
1 0.2784178 1.1417459 0.8477838
1 -0.6746565 1.2062756 -0.9623099
1 0.1105397 -1.2711181 0.6477783
8 0.0943861 -0.7118054 -0.0507239
5
-114.69     ts77     dynamics     sesquiterpene     TS     runpoint      55     runisomer      143
6 -0.1314002 0.6637861 0.0177131
1 0.2477646 1.1820119 0.8366507
1 -0.6764228 1.1644773 -0.9205278
1 0.1047263 -1.2959388 0.5175494
8 0.0909185 -0.7011483 -0.0405841
5
-114.667     ts77     dynamics     sesquiterpene     TS     runpoint      56     runisomer      143
6 -0.1249534 0.6509180 0.0106750
1 0.2215790 1.2324593 0.8363807
1 -0.6632083 1.1080101 -0.8547198
1 0.0986162 -1.4009092 0.4850315
8 0.0872824 -0.6844995 -0.0373834
5
-114.693     ts77     dynamics     sesquiterpene     TS     runpoint      57     runisomer      143
6 -0.1191696 0.6380815 0.0035834
1 0.1966641 1.2850942 0.8398353
1 -0.6435019 1.0443105 -0.7795884
1 0.0899588 -1.5320772 0.4927769
8 0.0838143 -0.6659071 -0.0375008
5
-114.688     ts77     dynamics     sesquiterpene     TS     runpoint      58     runisomer      143
6 -0.1126938 0.6260723 -0.0007309
1 0.1705308 1.3311058 0.8397020
1 -0.6351930 0.9874133 -0.7218320
1 0.0771266 -1.6301028 0.4997134
8 0.0808839 -0.6500336 -0.0383314
5
-114.654     ts77     dynamics     sesquiterpene     TS     runpoint      59     runisomer      143
6 -0.1040109 0.6153538 0.0003644
1 0.1425901 1.3640235 0.8318877
1 -0.6605504 0.9524842 -0.7097877
1 0.0590917 -1.6771779 0.4971037
8 0.0788612 -0.6388996 -0.0392537
5
-114.639     ts77     dynamics     sesquiterpene     TS     runpoint      60     runisomer      143
6 -0.0934381 0.6071251 0.0065550
1 0.1138483 1.3806062 0.8159979
1 -0.7214315 0.9397817 -0.7414917
1 0.0352648 -1.6734578 0.4858495
8 0.0780740 -0.6332053 -0.0401901
5
-114.646     ts77     dynamics     sesquiterpene     TS     runpoint      61     runisomer      143
6 -0.0831856 0.6031970 0.0149984
1 0.0859517 1.3807096 0.7949066
1 -0.7962583 0.9374212 -0.7883825
1 0.0064027 -1.6209732 0.4671148
8 0.0786702 -0.6334227 -0.0410599
5
-114.657     ts77     dynamics     sesquiterpene     TS     runpoint      62     runisomer      143
6 -0.0751696 0.6045680 0.0230599
1 0.0604811 1.3673900 0.7744266
1 -0.8645702 0.9365114 -0.8272410
1 -0.0253406 -1.5217852 0.4415685
8 0.0805616 -0.6398048 -0.0417595
5
-114.668     ts77     dynamics     sesquiterpene     TS     runpoint      63     runisomer      143
6 -0.0704021 0.6107480 0.0288483
1 0.0390299 1.3471959 0.7630128
1 -0.9148862 0.9335645 -0.8468208
1 -0.0591301 -1.3939698 0.4175649
8 0.0836325 -0.6510372 -0.0426373
5
-114.663     ts77     dynamics     sesquiterpene     TS     runpoint      64     runisomer      143
6 -0.0693137 0.6201740 0.0309631
1 0.0230130 1.3285680 0.7700213
1 -0.9417590 0.9279275 -0.8428543
1 -0.1043178 -1.2978652 0.4303714
8 0.0883634 -0.6626353 -0.0457223
5
-114.646     ts77     dynamics     sesquiterpene     TS     runpoint      65     runisomer      143
6 -0.0719774 0.6313853 0.0286944
1 0.0128973 1.3167964 0.8009555
1 -0.9431783 0.9202609 -0.8146756
1 -0.1816344 -1.2902701 0.5258159
8 0.0959562 -0.6702995 -0.0537584
5
-114.681     ts77     dynamics     sesquiterpene     TS     runpoint      66     runisomer      143
6 -0.0781350 0.6438200 0.0224224
1 0.0078530 1.3096520 0.8524441
1 -0.9201634 0.9122397 -0.7645215
1 -0.2740418 -1.3064273 0.6569058
8 0.1052629 -0.6776560 -0.0637168
5
-114.698     ts77     dynamics     sesquiterpene     TS     runpoint      67     runisomer      143
6 -0.0870488 0.6572490 0.0135825
1 0.0063826 1.2997467 0.9133472
1 -0.8783849 0.9067206 -0.6988715
1 -0.3571313 -1.3019646 0.7742482
8 0.1146430 -0.6870406 -0.0724532
5
-114.689     ts77     dynamics     sesquiterpene     TS     runpoint      68     runisomer      143
6 -0.0971315 0.6710619 0.0044635
1 0.0070063 1.2803893 0.9707408
1 -0.8328635 0.9089504 -0.6322693
1 -0.4203932 -1.2695707 0.8593679
8 0.1232826 -0.6983666 -0.0787872
5
-114.668     ts77     dynamics     sesquiterpene     TS     runpoint      69     runisomer      143
6 -0.1056475 0.6840632 -0.0019653
1 0.0084285 1.2484128 1.0144432
1 -0.8118336 0.9278067 -0.5896522
1 -0.4600210 -1.2124893 0.9065001
8 0.1307506 -0.7108922 -0.0823713
5
-114.65     ts77     dynamics     sesquiterpene     TS     runpoint      70     runisomer      143
6 -0.1101822 0.6950523 -0.0035074
1 0.0095789 1.2039866 1.0386909
1 -0.8396655 0.9708818 -0.5907265
1 -0.4738296 -1.1354709 0.9129679
8 0.1367008 -0.7239054 -0.0830801
5
-114.659     ts77     dynamics     sesquiterpene     TS     runpoint      71     runisomer      143
6 -0.1114789 0.7039363 -0.0010085
1 0.0097243 1.1497713 1.0425829
1 -0.9036609 1.0327232 -0.6238105
1 -0.4598386 -1.0435745 0.8768074
8 0.1408126 -0.7368420 -0.0808349
5
-114.682     ts77     dynamics     sesquiterpene     TS     runpoint      72     runisomer      143
6 -0.1119179 0.7113030 0.0030406
1 0.0085595 1.0904637 1.0302561
1 -0.9724017 1.0994765 -0.6630253
1 -0.4179132 -0.9436729 0.7993496
8 0.1429026 -0.7491341 -0.0757438
5
-114.695     ts77     dynamics     sesquiterpene     TS     runpoint      73     runisomer      143
6 -0.1130762 0.7174463 0.0063939
1 0.0063266 1.0323715 1.0112531
1 -1.0247176 1.1602258 -0.6913463
1 -0.3560642 -0.8469251 0.6950261
8 0.1433097 -0.7600074 -0.0687029
5
-114.683     ts77     dynamics     sesquiterpene     TS     runpoint      74     runisomer      143
6 -0.1156096 0.7223823 0.0071755
1 0.0037699 0.9819687 0.9992582
1 -1.0510082 1.2086970 -0.7011757
1 -0.3074226 -0.7689421 0.6170623
8 0.1439618 -0.7685032 -0.0630004
5
-114.638     ts77     dynamics     sesquiterpene     TS     runpoint      75     runisomer      143
6 -0.1196676 0.7262249 0.0041119
1 0.0015218 0.9435257 1.0057129
1 -1.0480149 1.2414787 -0.6901190
1 -0.3281743 -0.7152693 0.6524492
8 0.1482649 -0.7744121 -0.0640323
5
-114.649     ts77     dynamics     sesquiterpene     TS     runpoint      76     runisomer      143
6 -0.1250883 0.7291886 -0.0027342
1 -0.0006513 0.9185964 1.0308980
1 -1.0161996 1.2569824 -0.6588218
1 -0.3889085 -0.6826523 0.7567280
8 0.1542886 -0.7780973 -0.0690228
5
-114.666     ts77     dynamics     sesquiterpene     TS     runpoint      77     runisomer      143
6 -0.1314018 0.7313051 -0.0119025
1 -0.0036607 0.9070317 1.0637849
1 -0.9597490 1.2555912 -0.6110445
1 -0.4425648 -0.6736499 0.8565014
8 0.1590379 -0.7794356 -0.0735114
5
-114.66     ts77     dynamics     sesquiterpene     TS     runpoint      78     runisomer      143
6 -0.1376360 0.7322376 -0.0212370
1 -0.0083247 0.9077690 1.0906567
1 -0.8892923 1.2417103 -0.5557107
1 -0.4723540 -0.6872741 0.9234423
8 0.1614449 -0.7784496 -0.0759036
5
-114.647     ts77     dynamics     sesquiterpene     TS     runpoint      79     runisomer      143
6 -0.1419251 0.7309850 -0.0282663
1 -0.0149359 0.9192721 1.1015913
1 -0.8266225 1.2278549 -0.5100624
1 -0.4739583 -0.7207919 0.9490099
8 0.1612303 -0.7752505 -0.0758047
5
-114.634     ts77     dynamics     sesquiterpene     TS     runpoint      80     runisomer      143
6 -0.1417929 0.7259265 -0.0306036
1 -0.0232628 0.9396646 1.0921587
1 -0.8013523 1.2341065 -0.4968605
1 -0.4465264 -0.7712219 0.9308558
8 0.1583332 -0.7699584 -0.0731430
5
-114.641     ts77     dynamics     sesquiterpene     TS     runpoint      81     runisomer      143
6 -0.1365785 0.7165677 -0.0276492
1 -0.0326477 0.9668593 1.0634501
1 -0.8221694 1.2674667 -0.5239345
1 -0.3910229 -0.8352036 0.8700210
8 0.1528248 -0.7627207 -0.0680102
5
-114.674     ts77     dynamics     sesquiterpene     TS     runpoint      82     runisomer      143
6 -0.1284515 0.7045301 -0.0213238
1 -0.0420889 0.9990690 1.0220342
1 -0.8648915 1.3095694 -0.5749643
1 -0.3131414 -0.9090203 0.7756912
8 0.1451049 -0.7537214 -0.0609849
5
-114.697     ts77     dynamics     sesquiterpene     TS     runpoint      83     runisomer      143
6 -0.1197515 0.6914713 -0.0141526
1 -0.0503654 1.0358039 0.9791982
1 -0.9040202 1.3399742 -0.6309273
1 -0.2317953 -0.9928439 0.6811648
8 0.1364366 -0.7428727 -0.0541823
5
-114.684     ts77     dynamics     sesquiterpene     TS     runpoint      84     runisomer      143
6 -0.1118469 0.6780675 -0.0080362
1 -0.0562769 1.0783553 0.9474914
1 -0.9261491 1.3477304 -0.6803860
1 -0.1809589 -1.1041832 0.6532954
8 0.1290678 -0.7289723 -0.0518991
5
-114.679     ts77     dynamics     sesquiterpene     TS     runpoint      85     runisomer      143
6 -0.1054195 0.6645982 -0.0038345
1 -0.0591038 1.1278229 0.9338033
1 -0.9262253 1.3288137 -0.7176978
1 -0.1584319 -1.2483801 0.6926724
8 0.1230073 -0.7117057 -0.0543169
5
-114.692     ts77     dynamics     sesquiterpene     TS     runpoint      86     runisomer      143
6 -0.1007922 0.6516923 -0.0013359
1 -0.0587461 1.1815776 0.9349566
1 -0.9033204 1.2829142 -0.7403826
1 -0.1376916 -1.3862845 0.7359307
8 0.1167597 -0.6938297 -0.0575596
5
-114.683     ts77     dynamics     sesquiterpene     TS     runpoint      87     runisomer      143
6 -0.0980877 0.6403149 0.0002857
1 -0.0552783 1.2332369 0.9415073
1 -0.8588673 1.2121241 -0.7479829
1 -0.1108127 -1.4910117 0.7555338
8 0.1100158 -0.6774912 -0.0599448
5
-114.671     ts77     dynamics     sesquiterpene     TS     runpoint      88     runisomer      143
6 -0.0972329 0.6312908 0.0019632
1 -0.0486444 1.2759557 0.9443327
1 -0.7970802 1.1214341 -0.7426590
1 -0.0788862 -1.5538796 0.7476156
8 0.1030494 -0.6637375 -0.0612170
5
-114.664     ts77     dynamics     sesquiterpene     TS     runpoint      89     runisomer      143
6 -0.0977462 0.6249582 0.0047396
1 -0.0388900 1.3048764 0.9376856
1 -0.7272945 1.0204609 -0.7320899
1 -0.0445348 -1.5735676 0.7148272
8 0.0962552 -0.6532075 -0.0614805
5
-114.661     ts77     dynamics     sesquiterpene     TS     runpoint      90     runisomer      143
6 -0.0984799 0.6212085 0.0101529
1 -0.0266812 1.3177281 0.9193261
1 -0.6662924 0.9242129 -0.7337813
1 -0.0094209 -1.5487316 0.6595272
8 0.0899773 -0.6467070 -0.0607936
5
-114.662     ts77     dynamics     sesquiterpene     TS     runpoint      91     runisomer      143
6 -0.0981201 0.6199088 0.0198256
1 -0.0132843 1.3149681 0.8903819
1 -0.6316398 0.8472722 -0.7703540
1 0.0260637 -1.4775494 0.5837830
8 0.0844405 -0.6451963 -0.0591497
5
-114.676     ts77     dynamics     sesquiterpene     TS     runpoint      92     runisomer      143
6 -0.0967854 0.6211993 0.0331559
1 0.0003864 1.3006239 0.8562825
1 -0.6228758 0.7937812 -0.8438604
1 0.0615928 -1.3692682 0.4975246
8 0.0797850 -0.6487135 -0.0569351
5
-114.685     ts77     dynamics     sesquiterpene     TS     runpoint      93     runisomer      143
6 -0.0959268 0.6246920 0.0467634
1 0.0147530 1.2833868 0.8277422
1 -0.6235319 0.7613112 -0.9297622
1 0.0964116 -1.2745053 0.4410549
8 0.0760811 -0.6541753 -0.0563742
5
-114.644     ts77     dynamics     sesquiterpene     TS     runpoint      94     runisomer      143
6 -0.0967607 0.6291801 0.0570975
1 0.0315668 1.2750206 0.8182474
1 -0.6201285 0.7481978 -1.0031970
1 0.1362687 -1.2915359 0.4944798
8 0.0729188 -0.6551171 -0.0622679
5
-114.661     ts77     dynamics     sesquiterpene     TS     runpoint      95     runisomer      143
6 -0.0998502 0.6339337 0.0623363
1 0.0524461 1.2829825 0.8350776
1 -0.6065993 0.7533647 -1.0501814
1 0.1839008 -1.3637677 0.6157395
8 0.0700649 -0.6549607 -0.0719379
5
-114.675     ts77     dynamics     sesquiterpene     TS     runpoint      96     runisomer      143
6 -0.1051884 0.6392056 0.0626788
1 0.0769517 1.3033299 0.8716075
1 -0.5812010 0.7751173 -1.0648678
1 0.2307300 -1.4159849 0.7354975
8 0.0679729 -0.6582799 -0.0811170
5
-114.664     ts77     dynamics     sesquiterpene     TS     runpoint      97     runisomer      143
6 -0.1123944 0.6456022 0.0594387
1 0.1027078 1.3250272 0.9127135
1 -0.5443770 0.8112534 -1.0463551
1 0.2711665 -1.4285560 0.8285572
8 0.0668868 -0.6659320 -0.0883056
5
-114.657     ts77     dynamics     sesquiterpene     TS     runpoint      98     runisomer      143
6 -0.1209107 0.6534067 0.0541226
1 0.1270572 1.3382148 0.9446985
1 -0.4982458 0.8597724 -0.9984006
1 0.3024463 -1.4002816 0.8866812
8 0.0668636 -0.6774586 -0.0930163
5
-114.66     ts77     dynamics     sesquiterpene     TS     runpoint      99     runisomer      143
6 -0.1300371 0.6623723 0.0483499
1 0.1480228 1.3372173 0.9592613
1 -0.4470679 0.9197561 -0.9319392
1 0.3229286 -1.3337266 0.9055876
8 0.0678734 -0.6920972 -0.0949804
5
-114.672     ts77     dynamics     sesquiterpene     TS     runpoint      100     runisomer      143
6 -0.1389134 0.6716603 0.0441702
1 0.1645745 1.3201245 0.9534799
1 -0.3976240 0.9929565 -0.8683212
1 0.3315095 -1.2328043 0.8822854
8 0.0698322 -0.7089617 -0.0940186
5
-114.689     ts77     dynamics     sesquiterpene     TS     runpoint      101     runisomer      143
6 -0.1468064 0.6798974 0.0436049
1 0.1769485 1.2880952 0.9295985
1 -0.3564501 1.0842665 -0.8336058
1 0.3283856 -1.1051316 0.8184902
8 0.0725757 -0.7269240 -0.0902570
5
-114.71     ts77     dynamics     sesquiterpene     TS     runpoint      102     runisomer      143
6 -0.1537428 0.6859440 0.0465694
1 0.1873417 1.2453497 0.8957311
1 -0.3236143 1.1939699 -0.8352018
1 0.3192492 -0.9677423 0.7348405
8 0.0756317 -0.7443390 -0.0849747
