5
-114.654160 ts77 dynamics sesquiterpene TS runpoint 1  runisomer  98
6 -0.0412916 0.6285632 -0.0208114
1 -0.1578296 1.1081960 0.9648201
1 -0.2552405 1.1786401 -0.8590591
1 0.9224488 -0.0611046 0.1145040
8 -0.0290716 -0.7488933 0.0017357
5
-114.648 ts77 dynamics sesquiterpene TS runpoint 2  runisomer  98
6 -0.0394297 0.642907 -0.01872
1 -0.154212 1.03062 0.921434
1 -0.282968 1.17777 -0.876862
1 0.983751 -0.0525714 0.130693
8 -0.032812 -0.755249 0.00300224
5
-114.646     ts77     dynamics     sesquiterpene     TS     runpoint      3     runisomer      98
6 -0.0362915 0.6551627 -0.0164520
1 -0.1575868 0.9688357 0.8992167
1 -0.3147488 1.1841782 -0.9094453
1 1.0450637 -0.0396038 0.1426541
8 -0.0368143 -0.7617712 0.0039991
5
-114.635     ts77     dynamics     sesquiterpene     TS     runpoint      4     runisomer      98
6 -0.0311315 0.6640120 -0.0168603
1 -0.1722240 0.9341469 0.9222605
1 -0.3468279 1.1922330 -0.9439509
1 1.0969974 -0.0164419 0.1484641
8 -0.0410140 -0.7681903 0.0046607
5
-114.632     ts77     dynamics     sesquiterpene     TS     runpoint      5     runisomer      98
6 -0.0237190 0.6692363 -0.0201057
1 -0.1982295 0.9250582 0.9836792
1 -0.3752657 1.1972677 -0.9691943
1 1.1347358 0.0228857 0.1469781
8 -0.0455230 -0.7743310 0.0049101
5
-114.636     ts77     dynamics     sesquiterpene     TS     runpoint      6     runisomer      98
6 -0.0142672 0.6710882 -0.0240861
1 -0.2310527 0.9333439 1.0535436
1 -0.3969449 1.1966696 -0.9785987
1 1.1565278 0.0840249 0.1375057
8 -0.0505531 -0.7800564 0.0046828
5
-114.639     ts77     dynamics     sesquiterpene     TS     runpoint      7     runisomer      98
6 -0.0030906 0.6697118 -0.0268420
1 -0.2653909 0.9519948 1.1070729
1 -0.4098733 1.1895627 -0.9698280
1 1.1621988 0.1713236 0.1196613
8 -0.0563168 -0.7852503 0.0039494
5
-114.645     ts77     dynamics     sesquiterpene     TS     runpoint      8     runisomer      98
6 0.0095227 0.6652150 -0.0272178
1 -0.2971935 0.9761784 1.1314682
1 -0.4134828 1.1764737 -0.9440147
1 1.1525373 0.2865800 0.0934844
8 -0.0629404 -0.7898357 0.0027161
5
-114.657     ts77     dynamics     sesquiterpene     TS     runpoint      9     runisomer      98
6 0.0231789 0.6578679 -0.0245984
1 -0.3236521 1.0022078 1.1221316
1 -0.4091120 1.1592768 -0.9054830
1 1.1306333 0.4277168 0.0598753
8 -0.0704130 -0.7937720 0.0010278
5
-114.675     ts77     dynamics     sesquiterpene     TS     runpoint      10     runisomer      98
6 0.0370932 0.6481547 -0.0186811
1 -0.3428620 1.0268795 1.0795229
1 -0.4004816 1.1411616 -0.8616342
1 1.1051456 0.5883404 0.0210003
8 -0.0785790 -0.7970171 -0.0010401
5
-114.691     ts77     dynamics     sesquiterpene     TS     runpoint      11     runisomer      98
6 0.0501345 0.6365638 -0.0094616
1 -0.3539383 1.0474109 1.0085046
1 -0.3935310 1.1259734 -0.8219777
1 1.0901441 0.7603921 -0.0202046
8 -0.0871578 -0.7994966 -0.0033845
5
-114.654160 ts77 dynamics sesquiterpene TS runpoint 1  runisomer  98
6 -0.0412916 0.6285632 -0.0208114
1 -0.1578296 1.1081960 0.9648201
1 -0.2552405 1.1786401 -0.8590591
1 0.9224488 -0.0611046 0.1145040
8 -0.0290716 -0.7488933 0.0017357
5
-114.648 ts77 dynamics sesquiterpene TS runpoint 2  runisomer  98
6 -0.0429268 0.6142 -0.0202486
1 -0.164345 1.18602 1.00336
1 -0.233275 1.1894 -0.862971
1 0.875258 -0.0704768 0.0967927
8 -0.0258448 -0.743108 0.000247275
5
-114.641     ts77     dynamics     sesquiterpene     TS     runpoint      3     runisomer      98
6 -0.0454287 0.6021503 -0.0164577
1 -0.1713925 1.2522191 1.0229994
1 -0.2160912 1.2062568 -0.8846899
1 0.8571572 -0.0849354 0.0801458
8 -0.0234657 -0.7383906 -0.0014186
5
-114.633     ts77     dynamics     sesquiterpene     TS     runpoint      4     runisomer      98
6 -0.0494367 0.5944173 -0.0100791
1 -0.1779342 1.2995081 1.0187028
1 -0.2016662 1.2214213 -0.9137853
1 0.8755921 -0.1067851 0.0656810
8 -0.0221177 -0.7351486 -0.0031912
5
-114.631     ts77     dynamics     sesquiterpene     TS     runpoint      5     runisomer      98
6 -0.0548165 0.5921265 -0.0020218
1 -0.1837098 1.3238886 0.9902662
1 -0.1885269 1.2278428 -0.9402569
1 0.9242458 -0.1364900 0.0527778
8 -0.0216123 -0.7335010 -0.0049647
5
-114.635     ts77     dynamics     sesquiterpene     TS     runpoint      6     runisomer      98
6 -0.0609528 0.5955417 0.0068608
1 -0.1889291 1.3240252 0.9406522
1 -0.1760148 1.2214595 -0.9575966
1 0.9863439 -0.1744407 0.0402011
8 -0.0213816 -0.7332788 -0.0066202
5
-114.641     ts77     dynamics     sesquiterpene     TS     runpoint      7     runisomer      98
6 -0.0672848 0.6042995 0.0156661
1 -0.1942486 1.3020932 0.8768243
1 -0.1639372 1.2012476 -0.9629717
1 1.0432739 -0.2226730 0.0271042
8 -0.0206458 -0.7341555 -0.0080421
5
-114.646     ts77     dynamics     sesquiterpene     TS     runpoint      8     runisomer      98
6 -0.0736029 0.6173584 0.0231433
1 -0.2012220 1.2666730 0.8129159
1 -0.1522477 1.1688252 -0.9568911
1 1.0800720 -0.2858437 0.0131566
8 -0.0185234 -0.7356988 -0.0091311
5
-114.648     ts77     dynamics     sesquiterpene     TS     runpoint      9     runisomer      98
6 -0.0799829 0.6326768 0.0274469
1 -0.2131580 1.2359697 0.7735266
1 -0.1409229 1.1282947 -0.9432558
1 1.0868680 -0.3707372 -0.0017172
8 -0.0141275 -0.7373558 -0.0098019
5
-114.651     ts77     dynamics     sesquiterpene     TS     runpoint      10     runisomer      98
6 -0.0865001 0.6476417 0.0269142
1 -0.2344935 1.2307357 0.7850033
1 -0.1300654 1.0861744 -0.9296739
1 1.0593050 -0.4825728 -0.0174456
8 -0.0068435 -0.7385541 -0.0099920
5
-114.67     ts77     dynamics     sesquiterpene     TS     runpoint      11     runisomer      98
6 -0.0932528 0.6610280 0.0224390
1 -0.2657268 1.2512350 0.8465982
1 -0.1200479 1.0505810 -0.9267975
1 1.0006216 -0.6204067 -0.0337514
8 0.0032544 -0.7389620 -0.0096717
5
-114.697     ts77     dynamics     sesquiterpene     TS     runpoint      12     runisomer      98
6 -0.1004203 0.6731843 0.0172131
1 -0.3017099 1.2783795 0.9289071
1 -0.1113282 1.0285195 -0.9437063
1 0.9298205 -0.7763631 -0.0505320
8 0.0148074 -0.7385769 -0.0088172
5
-114.703     ts77     dynamics     sesquiterpene     TS     runpoint      13     runisomer      98
6 -0.1079317 0.6844450 0.0135364
1 -0.3367980 1.2962749 1.0036588
1 -0.1042283 1.0223565 -0.9799817
1 0.8882436 -0.9433647 -0.0691501
8 0.0248229 -0.7372434 -0.0073121
5
-114.696     ts77     dynamics     sesquiterpene     TS     runpoint      14     runisomer      98
6 -0.1154380 0.6948364 0.0117851
1 -0.3672837 1.2976964 1.0546107
1 -0.0990922 1.0296736 -1.0243431
1 0.8940302 -1.1211968 -0.0912073
8 0.0316839 -0.7343855 -0.0050262
5
-114.692     ts77     dynamics     sesquiterpene     TS     runpoint      15     runisomer      98
6 -0.1225492 0.7043053 0.0113324
1 -0.3911059 1.2808235 1.0744974
1 -0.0963398 1.0463161 -1.0623267
1 0.9091627 -1.2935245 -0.1138679
8 0.0373902 -0.7306193 -0.0021205
5
-114.677     ts77     dynamics     sesquiterpene     TS     runpoint      16     runisomer      98
6 -0.1289606 0.7127115 0.0114084
1 -0.4073342 1.2467121 1.0615181
1 -0.0962885 1.0686102 -1.0829620
1 0.9042872 -1.4371358 -0.1335093
8 0.0435237 -0.7271341 0.0011742
5
-114.658     ts77     dynamics     sesquiterpene     TS     runpoint      17     runisomer      98
6 -0.1344214 0.7197478 0.0113140
1 -0.4161887 1.1985545 1.0185129
1 -0.0990404 1.0938987 -1.0805107
1 0.8720754 -1.5383267 -0.1485088
8 0.0503784 -0.7245969 0.0047414
5
-114.649     ts77     dynamics     sesquiterpene     TS     runpoint      18     runisomer      98
6 -0.1386198 0.7248732 0.0102101
1 -0.4199029 1.1423341 0.9550924
1 -0.1044758 1.1204857 -1.0541874
1 0.8139610 -1.5908390 -0.1586249
8 0.0577631 -0.7232673 0.0085401
5
-114.65     ts77     dynamics     sesquiterpene     TS     runpoint      19     runisomer      98
6 -0.1410340 0.7272133 0.0067618
1 -0.4244502 1.0880037 0.8918824
1 -0.1122567 1.1477738 -1.0082281
1 0.7331328 -1.5916286 -0.1643232
8 0.0654403 -0.7232701 0.0125688
5
-114.655     ts77     dynamics     sesquiterpene     TS     runpoint      20     runisomer      98
6 -0.1409045 0.7255631 -0.0006691
1 -0.4399692 1.0479026 0.8592770
1 -0.1217574 1.1769451 -0.9527351
1 0.6347453 -1.5421244 -0.1671268
8 0.0731149 -0.7244638 0.0168748
5
-114.663     ts77     dynamics     sesquiterpene     TS     runpoint      21     runisomer      98
6 -0.1378301 0.7190050 -0.0120776
1 -0.4736274 1.0274769 0.8744950
1 -0.1320917 1.2118141 -0.9035433
1 0.5333673 -1.4600934 -0.1723584
8 0.0799638 -0.7256240 0.0217018
5
-114.664     ts77     dynamics     sesquiterpene     TS     runpoint      22     runisomer      98
6 -0.1324678 0.7075704 -0.0245092
1 -0.5203219 1.0194762 0.9201213
1 -0.1424842 1.2574182 -0.8763441
1 0.4664565 -1.4054776 -0.1977795
8 0.0837503 -0.7228572 0.0280379
5
-114.648     ts77     dynamics     sesquiterpene     TS     runpoint      23     runisomer      98
6 -0.1259614 0.6921791 -0.0350509
1 -0.5687949 1.0137792 0.9668181
1 -0.1525548 1.3137561 -0.8747096
1 0.4678045 -1.4447327 -0.2709662
8 0.0824682 -0.7120290 0.0375097
5
-114.674     ts77     dynamics     sesquiterpene     TS     runpoint      24     runisomer      98
6 -0.1192229 0.6746699 -0.0429505
1 -0.6104260 1.0043326 0.9952688
1 -0.1619499 1.3719670 -0.8879441
1 0.4974862 -1.5124721 -0.3753396
8 0.0787536 -0.6976989 0.0490511
5
-114.677     ts77     dynamics     sesquiterpene     TS     runpoint      25     runisomer      98
6 -0.1128658 0.6572313 -0.0486726
1 -0.6405652 0.9886247 0.9969233
1 -0.1700621 1.4197404 -0.9024136
1 0.5222768 -1.5484135 -0.4832148
8 0.0748289 -0.6843731 0.0609445
5
-114.661     ts77     dynamics     sesquiterpene     TS     runpoint      26     runisomer      98
6 -0.1072935 0.6417812 -0.0527990
1 -0.6573371 0.9662453 0.9698129
1 -0.1762642 1.4474195 -0.9092711
1 0.5314618 -1.5349973 -0.5798239
8 0.0715133 -0.6739630 0.0722644
5
-114.652     ts77     dynamics     sesquiterpene     TS     runpoint      27     runisomer      98
6 -0.1027555 0.6297316 -0.0557494
1 -0.6610497 0.9384564 0.9164429
1 -0.1800104 1.4496168 -0.9050306
1 0.5222986 -1.4710952 -0.6570227
8 0.0691509 -0.6673388 0.0824334
