5
-114.654160 ts77 dynamics sesquiterpene TS runpoint 1  runisomer  88
6 -0.0242585 0.6454033 0.0070075
1 -0.3272336 1.1372352 0.9369945
1 -0.2036441 1.1201964 -0.9478910
1 0.8666892 -0.0478590 -0.1173454
8 -0.0309150 -0.7605087 0.0028226
5
-114.647 ts77 dynamics sesquiterpene TS runpoint 2  runisomer  88
6 -0.0237213 0.643666 0.00433928
1 -0.322039 1.23126 0.985071
1 -0.204347 1.1327 -0.938582
1 0.855014 -0.0140733 -0.100838
8 -0.0308653 -0.768046 0.00016841
5
-114.64     ts77     dynamics     sesquiterpene     TS     runpoint      3     runisomer      88
6 -0.0252807 0.6432030 0.0033701
1 -0.3095053 1.3114962 1.0134103
1 -0.2082828 1.1472533 -0.9315653
1 0.8826064 0.0187052 -0.0844402
8 -0.0319741 -0.7757357 -0.0023676
5
-114.635     ts77     dynamics     sesquiterpene     TS     runpoint      4     runisomer      88
6 -0.0284187 0.6438674 0.0044721
1 -0.2887667 1.3702225 1.0160839
1 -0.2157701 1.1626760 -0.9272904
1 0.9447265 0.0571293 -0.0670357
8 -0.0343681 -0.7833270 -0.0047313
5
-114.637     ts77     dynamics     sesquiterpene     TS     runpoint      5     runisomer      88
6 -0.0317973 0.6449401 0.0074616
1 -0.2608112 1.4033045 0.9925474
1 -0.2266896 1.1771263 -0.9248831
1 1.0267819 0.1106735 -0.0474606
8 -0.0380762 -0.7905005 -0.0068778
5
-114.643     ts77     dynamics     sesquiterpene     TS     runpoint      6     runisomer      88
6 -0.0338864 0.6457065 0.0118912
1 -0.2276162 1.4090026 0.9455079
1 -0.2404841 1.1882517 -0.9227315
1 1.1123628 0.1870724 -0.0254813
8 -0.0431219 -0.7969501 -0.0087593
5
-114.652     ts77     dynamics     sesquiterpene     TS     runpoint      7     runisomer      88
6 -0.0334301 0.6456788 0.0170964
1 -0.1920959 1.3883366 0.8812509
1 -0.2562905 1.1936251 -0.9192918
1 1.1880577 0.2887486 -0.0019073
8 -0.0494741 -0.8023715 -0.0103192
5
-114.661     ts77     dynamics     sesquiterpene     TS     runpoint      8     runisomer      88
6 -0.0295378 0.6443902 0.0220364
1 -0.1584721 1.3473715 0.8119736
1 -0.2731805 1.1912719 -0.9137287
1 1.2441994 0.4125216 0.0216867
8 -0.0569843 -0.8064744 -0.0114992
5
-114.666     ts77     dynamics     sesquiterpene     TS     runpoint      9     runisomer      88
6 -0.0215701 0.6409546 0.0250256
1 -0.1326026 1.3007823 0.7589460
1 -0.2903876 1.1801651 -0.9061380
1 1.2745847 0.5516033 0.0432810
8 -0.0654205 -0.8090243 -0.0122413
5
-114.662     ts77     dynamics     sesquiterpene     TS     runpoint      10     runisomer      88
6 -0.0091054 0.6341054 0.0240002
1 -0.1211727 1.2696921 0.7490800
1 -0.3074983 1.1605377 -0.8973668
1 1.2763517 0.6976449 0.0607307
8 -0.0745246 -0.8098906 -0.0125030
5
-114.663     ts77     dynamics     sesquiterpene     TS     runpoint      11     runisomer      88
6 0.0078388 0.6237241 0.0183178
1 -0.1284217 1.2623685 0.7931178
1 -0.3246410 1.1339494 -0.8887362
1 1.2498502 0.8419966 0.0721026
8 -0.0840290 -0.8090613 -0.0122763
5
-114.676     ts77     dynamics     sesquiterpene     TS     runpoint      12     runisomer      88
6 0.0285857 0.6117088 0.0098903
1 -0.1531307 1.2632507 0.8714878
1 -0.3426900 1.1030128 -0.8816996
1 1.1984292 0.9765357 0.0760969
8 -0.0936586 -0.8066297 -0.0115869
5
-114.685     ts77     dynamics     sesquiterpene     TS     runpoint      13     runisomer      88
6 0.0519773 0.6001473 0.0011795
1 -0.1904437 1.2538173 0.9564984
1 -0.3632674 1.0706494 -0.8771604
1 1.1282559 1.0945692 0.0725733
8 -0.1031378 -0.8027591 -0.0104735
5
-114.683     ts77     dynamics     sesquiterpene     TS     runpoint      14     runisomer      88
6 0.0769565 0.5904537 -0.0059267
1 -0.2372360 1.2253841 1.0289481
1 -0.3888424 1.0376839 -0.8751236
1 1.0483022 1.1913651 0.0608187
8 -0.1122802 -0.7977169 -0.0090961
5
-114.654160 ts77 dynamics sesquiterpene TS runpoint 1  runisomer  88
6 -0.0242585 0.6454033 0.0070075
1 -0.3272336 1.1372352 0.9369945
1 -0.2036441 1.1201964 -0.9478910
1 0.8666892 -0.0478590 -0.1173454
8 -0.0309150 -0.7605087 0.0028226
5
-114.647 ts77 dynamics sesquiterpene TS runpoint 2  runisomer  88
6 -0.0263232 0.647578 0.00996182
1 -0.329857 1.0429 0.885583
1 -0.205559 1.11035 -0.957648
1 0.909265 -0.0852748 -0.133837
8 -0.0317629 -0.753218 0.00549947
5
-114.646     ts77     dynamics     sesquiterpene     TS     runpoint      3     runisomer      88
6 -0.0285292 0.6486863 0.0105433
1 -0.3404661 0.9667522 0.8610265
1 -0.2094397 1.1035879 -0.9652359
1 0.9664997 -0.1275352 -0.1488954
8 -0.0328010 -0.7461613 0.0080379
5
-114.637     ts77     dynamics     sesquiterpene     TS     runpoint      4     runisomer      88
6 -0.0296257 0.6478125 0.0066174
1 -0.3693646 0.9213494 0.8883236
1 -0.2148738 1.1004157 -0.9686095
1 1.0217851 -0.1765901 -0.1607733
8 -0.0332981 -0.7393529 0.0102239
5
-114.638     ts77     dynamics     sesquiterpene     TS     runpoint      5     runisomer      88
6 -0.0297892 0.6455759 -0.0004944
1 -0.4132201 0.9031757 0.9538464
1 -0.2218371 1.1015689 -0.9675790
1 1.0621094 -0.2357402 -0.1682274
8 -0.0325142 -0.7328737 0.0118350
5
-114.642     ts77     dynamics     sesquiterpene     TS     runpoint      6     runisomer      88
6 -0.0301996 0.6431777 -0.0076362
1 -0.4602223 0.9031111 1.0239489
1 -0.2305800 1.1077511 -0.9635898
1 1.0783057 -0.3100748 -0.1706890
8 -0.0297135 -0.7267751 0.0126798
5
-114.645     ts77     dynamics     sesquiterpene     TS     runpoint      7     runisomer      88
6 -0.0320220 0.6416217 -0.0125094
1 -0.5016209 0.9147367 1.0751422
1 -0.2413456 1.1192012 -0.9584232
1 1.0644477 -0.4060900 -0.1680950
8 -0.0241873 -0.7210100 0.0126217
5
-114.652     ts77     dynamics     sesquiterpene     TS     runpoint      8     runisomer      88
6 -0.0360972 0.6416028 -0.0140077
1 -0.5330104 0.9339540 1.0965044
1 -0.2540131 1.1353536 -0.9530203
1 1.0188177 -0.5286514 -0.1608885
8 -0.0154785 -0.7154999 0.0116066
5
-114.669     ts77     dynamics     sesquiterpene     TS     runpoint      9     runisomer      88
6 -0.0428186 0.6434749 -0.0118410
1 -0.5523547 0.9576614 1.0843026
1 -0.2679089 1.1547724 -0.9470218
1 0.9489804 -0.6764755 -0.1508724
8 -0.0039416 -0.7103055 0.0097419
5
-114.688     ts77     dynamics     sesquiterpene     TS     runpoint      10     runisomer      88
6 -0.0520529 0.6472487 -0.0062601
1 -0.5590770 0.9831364 1.0390514
1 -0.2819443 1.1753002 -0.9391653
1 0.8822145 -0.8426104 -0.1431689
8 0.0084993 -0.7055664 0.0074269
5
-114.699     ts77     dynamics     sesquiterpene     TS     runpoint      11     runisomer      88
6 -0.0631522 0.6526227 0.0019962
1 -0.5544340 1.0081148 0.9658755
1 -0.2948627 1.1944043 -0.9282536
1 0.8566757 -1.0247037 -0.1449308
8 0.0189553 -0.7008996 0.0052683
5
-114.711     ts77     dynamics     sesquiterpene     TS     runpoint      12     runisomer      88
6 -0.0750633 0.6590879 0.0115393
1 -0.5432228 1.0322078 0.8778799
1 -0.3053604 1.2097595 -0.9141922
1 0.8603221 -1.2155648 -0.1545166
8 0.0276150 -0.6962080 0.0033715
5
-114.709     ts77     dynamics     sesquiterpene     TS     runpoint      13     runisomer      88
6 -0.0863559 0.6658042 0.0200898
1 -0.5363594 1.0598976 0.8002531
1 -0.3121372 1.2198437 -0.8985737
1 0.8548338 -1.3885335 -0.1646895
8 0.0364263 -0.6927263 0.0015059
5
-114.681     ts77     dynamics     sesquiterpene     TS     runpoint      14     runisomer      88
6 -0.0954006 0.6714695 0.0250306
1 -0.5489321 1.1008058 0.7642049
1 -0.3141526 1.2241756 -0.8846658
1 0.8246777 -1.5216645 -0.1715298
8 0.0460292 -0.6914365 -0.0003735
5
-114.655     ts77     dynamics     sesquiterpene     TS     runpoint      15     runisomer      88
6 -0.1015529 0.6753585 0.0256924
1 -0.5853040 1.1572375 0.7794827
1 -0.3109889 1.2232347 -0.8767006
1 0.7695205 -1.6042983 -0.1737891
8 0.0562100 -0.6926420 -0.0021914
5
-114.649     ts77     dynamics     sesquiterpene     TS     runpoint      16     runisomer      88
6 -0.1056811 0.6781421 0.0239945
1 -0.6324227 1.2155302 0.8252740
1 -0.3030693 1.2180372 -0.8782806
1 0.6928120 -1.6316960 -0.1712109
8 0.0666080 -0.6963469 -0.0038645
5
-114.652     ts77     dynamics     sesquiterpene     TS     runpoint      17     runisomer      88
6 -0.1088649 0.6807323 0.0220561
1 -0.6756370 1.2600688 0.8767884
1 -0.2914847 1.2094476 -0.8906685
1 0.5983910 -1.6028260 -0.1641295
8 0.0769368 -0.7023725 -0.0053209
5
-114.658     ts77     dynamics     sesquiterpene     TS     runpoint      18     runisomer      88
6 -0.1117758 0.6834427 0.0210252
1 -0.7066617 1.2821308 0.9182862
1 -0.2773795 1.1976339 -0.9121553
1 0.4947063 -1.5284189 -0.1547484
8 0.0867178 -0.7097393 -0.0063990
5
-114.658     ts77     dynamics     sesquiterpene     TS     runpoint      19     runisomer      88
6 -0.1147909 0.6860955 0.0212382
1 -0.7218337 1.2785836 0.9414559
1 -0.2614693 1.1820674 -0.9385853
1 0.4062292 -1.4564019 -0.1519027
8 0.0945060 -0.7150604 -0.0065322
5
-114.629     ts77     dynamics     sesquiterpene     TS     runpoint      20     runisomer      88
6 -0.1181040 0.6883737 0.0225271
1 -0.7200278 1.2494400 0.9424844
1 -0.2441682 1.1622159 -0.9646893
1 0.3713471 -1.4856765 -0.1758998
8 0.0979832 -0.7118343 -0.0044065
5
-114.639     ts77     dynamics     sesquiterpene     TS     runpoint      21     runisomer      88
6 -0.1217314 0.6901323 0.0243853
1 -0.7022295 1.1971493 0.9211068
1 -0.2259975 1.1385193 -0.9856301
1 0.3721688 -1.5934655 -0.2255481
8 0.0983837 -0.7015702 -0.0000064
5
-114.663     ts77     dynamics     sesquiterpene     TS     runpoint      22     runisomer      88
6 -0.1254445 0.6912589 0.0259647
1 -0.6723770 1.1271038 0.8817800
1 -0.2077204 1.1126808 -0.9981110
1 0.3744677 -1.6874715 -0.2814647
8 0.0979905 -0.6904473 0.0055967
