5
-114.654160 ts77 dynamics sesquiterpene TS runpoint 1  runisomer  180
6 -0.0253652 0.6426476 0.0125982
1 -0.3506433 1.2287912 0.9133955
1 -0.2019729 1.1744141 -0.9446803
1 0.8929850 -0.0565926 -0.1452771
8 -0.0303713 -0.7670765 0.0016726
5
-114.648 ts77 dynamics sesquiterpene TS runpoint 2  runisomer  180
6 -0.0185753 0.634807 0.0100502
1 -0.367525 1.24669 0.981695
1 -0.217069 1.11312 -0.95506
1 0.863914 -0.0346473 -0.135901
8 -0.031619 -0.759843 -0.000656133
5
-114.638     ts77     dynamics     sesquiterpene     TS     runpoint      3     runisomer      180
6 -0.0141576 0.6289032 0.0088006
1 -0.3743743 1.2487360 1.0290318
1 -0.2338612 1.0524852 -0.9626782
1 0.8706462 -0.0149195 -0.1269728
8 -0.0338682 -0.7529646 -0.0027842
5
-114.632     ts77     dynamics     sesquiterpene     TS     runpoint      4     runisomer      180
6 -0.0122648 0.6249403 0.0094487
1 -0.3695630 1.2335085 1.0487250
1 -0.2534033 0.9979111 -0.9697932
1 0.9163581 0.0053535 -0.1183496
8 -0.0372411 -0.7468717 -0.0046057
5
-114.634     ts77     dynamics     sesquiterpene     TS     runpoint      5     runisomer      180
6 -0.0120640 0.6222010 0.0120144
1 -0.3532203 1.2022087 1.0388336
1 -0.2763268 0.9537867 -0.9777345
1 0.9910701 0.0336690 -0.1084177
8 -0.0416854 -0.7418496 -0.0060329
5
-114.643     ts77     dynamics     sesquiterpene     TS     runpoint      6     runisomer      180
6 -0.0121720 0.6196777 0.0159984
1 -0.3268059 1.1580755 1.0014446
1 -0.3022971 0.9228922 -0.9856309
1 1.0786004 0.0797675 -0.0955351
8 -0.0471475 -0.7381353 -0.0069811
5
-114.652     ts77     dynamics     sesquiterpene     TS     runpoint      7     runisomer      180
6 -0.0111792 0.6163417 0.0203238
1 -0.2935686 1.1073157 0.9446648
1 -0.3298590 0.9064415 -0.9905386
1 1.1644707 0.1515436 -0.0790240
8 -0.0536619 -0.7359204 -0.0073805
5
-114.66     ts77     dynamics     sesquiterpene     TS     runpoint      8     runisomer      180
6 -0.0078603 0.6111121 0.0231347
1 -0.2597354 1.0610392 0.8868543
1 -0.3568703 0.9044142 -0.9888672
1 1.2382074 0.2518046 -0.0592295
8 -0.0612285 -0.7352701 -0.0072007
5
-114.66     ts77     dynamics     sesquiterpene     TS     runpoint      9     runisomer      180
6 -0.0011697 0.6029001 0.0219017
1 -0.2344712 1.0349530 0.8569269
1 -0.3812149 0.9158347 -0.9780076
1 1.2920966 0.3777009 -0.0372873
8 -0.0697027 -0.7361177 -0.0064580
5
-114.661     ts77     dynamics     sesquiterpene     TS     runpoint      10     runisomer      180
6 0.0094402 0.5914429 0.0151797
1 -0.2240742 1.0388768 0.8743729
1 -0.4013826 0.9390108 -0.9574630
1 1.3203965 0.5225583 -0.0149621
8 -0.0788321 -0.7383577 -0.0052160
5
-114.675     ts77     dynamics     sesquiterpene     TS     runpoint      11     runisomer      180
6 0.0236102 0.5782337 0.0046073
1 -0.2256736 1.0645539 0.9252873
1 -0.4167582 0.9717665 -0.9290250
1 1.3195969 0.6777688 0.0055665
8 -0.0883445 -0.7419099 -0.0035780
5
-114.688     ts77     dynamics     sesquiterpene     TS     runpoint      12     runisomer      180
6 0.0405310 0.5655371 -0.0068996
1 -0.2324575 1.0955431 0.9817525
1 -0.4276122 1.0116753 -0.8956591
1 1.2888005 0.8340002 0.0222752
8 -0.0979901 -0.7466959 -0.0016591
5
-114.69     ts77     dynamics     sesquiterpene     TS     runpoint      13     runisomer      180
6 0.0594381 0.5551473 -0.0174712
1 -0.2393687 1.1194442 1.0255223
1 -0.4351167 1.0562280 -0.8597247
1 1.2299547 0.9823865 0.0344270
8 -0.1075607 -0.7525648 0.0004832
5
-114.686     ts77     dynamics     sesquiterpene     TS     runpoint      14     runisomer      180
6 0.0799831 0.5481119 -0.0266891
1 -0.2449024 1.1281855 1.0494842
1 -0.4423049 1.1024206 -0.8216779
1 1.1480983 1.1162717 0.0431394
8 -0.1170178 -0.7591853 0.0029416
5
-114.679     ts77     dynamics     sesquiterpene     TS     runpoint      15     runisomer      180
6 0.1012570 0.5449914 -0.0343756
1 -0.2492616 1.1192005 1.0522738
1 -0.4515177 1.1460114 -0.7820608
1 1.0529920 1.2285376 0.0489411
8 -0.1261335 -0.7660985 0.0056705
5
-114.669     ts77     dynamics     sesquiterpene     TS     runpoint      16     runisomer      180
6 0.1219280 0.5459784 -0.0405409
1 -0.2527110 1.0920459 1.0353792
1 -0.4642202 1.1825941 -0.7419901
1 0.9577000 1.3150399 0.0526942
8 -0.1346234 -0.7728857 0.0085989
5
-114.654160 ts77 dynamics sesquiterpene TS runpoint 1  runisomer  180
6 -0.0253652 0.6426476 0.0125982
1 -0.3506433 1.2287912 0.9133955
1 -0.2019729 1.1744141 -0.9446803
1 0.8929850 -0.0565926 -0.1452771
8 -0.0303713 -0.7670765 0.0016726
5
-114.648 ts77 dynamics sesquiterpene TS runpoint 2  runisomer  180
6 -0.0334915 0.651545 0.0151006
1 -0.328426 1.2015 0.83902
1 -0.187606 1.23092 -0.929924
1 0.943788 -0.0803235 -0.153575
8 -0.0297805 -0.774097 0.00407471
5
-114.647     ts77     dynamics     sesquiterpene     TS     runpoint      3     runisomer      180
6 -0.0414259 0.6598038 0.0152760
1 -0.3100673 1.1796033 0.7857587
1 -0.1733670 1.2781519 -0.9107438
1 0.9995046 -0.1051586 -0.1587399
8 -0.0293943 -0.7803240 0.0064168
5
-114.633     ts77     dynamics     sesquiterpene     TS     runpoint      4     runisomer      180
6 -0.0477337 0.6655405 0.0107150
1 -0.3059361 1.1811440 0.7844354
1 -0.1591272 1.3132753 -0.8888450
1 1.0464731 -0.1313835 -0.1592228
8 -0.0287794 -0.7852849 0.0085733
5
-114.627     ts77     dynamics     sesquiterpene     TS     runpoint      5     runisomer      180
6 -0.0520744 0.6684953 0.0016213
1 -0.3164424 1.2061799 0.8371084
1 -0.1452212 1.3354748 -0.8675293
1 1.0757142 -0.1602943 -0.1542796
8 -0.0275799 -0.7886552 0.0104221
5
-114.633     ts77     dynamics     sesquiterpene     TS     runpoint      6     runisomer      180
6 -0.0551545 0.6700542 -0.0090156
1 -0.3323339 1.2360011 0.9142912
1 -0.1322857 1.3460120 -0.8511099
1 1.0820066 -0.1944341 -0.1438067
8 -0.0254794 -0.7902156 0.0118440
5
-114.635     ts77     dynamics     sesquiterpene     TS     runpoint      7     runisomer      180
6 -0.0578200 0.6714180 -0.0182731
1 -0.3457521 1.2549978 0.9875211
1 -0.1209574 1.3476848 -0.8438918
1 1.0626608 -0.2383238 -0.1280986
8 -0.0221293 -0.7897758 0.0127297
5
-114.635     ts77     dynamics     sesquiterpene     TS     runpoint      8     runisomer      180
6 -0.0608418 0.6732097 -0.0243599
1 -0.3529581 1.2563830 1.0404151
1 -0.1115433 1.3435307 -0.8488986
1 1.0173043 -0.2988419 -0.1077370
8 -0.0171431 -0.7871322 0.0129961
5
-114.643     ts77     dynamics     sesquiterpene     TS     runpoint      9     runisomer      180
6 -0.0649974 0.6758519 -0.0264553
1 -0.3526873 1.2387286 1.0650783
1 -0.1038717 1.3352227 -0.8665323
1 0.9498288 -0.3838045 -0.0837373
8 -0.0102743 -0.7821240 0.0126124
5
-114.658     ts77     dynamics     sesquiterpene     TS     runpoint      10     runisomer      180
6 -0.0709155 0.6796887 -0.0244801
1 -0.3449162 1.2033327 1.0584949
1 -0.0974685 1.3223607 -0.8939405
1 0.8761578 -0.4961944 -0.0582135
8 -0.0020843 -0.7748793 0.0116634
5
-114.67     ts77     dynamics     sesquiterpene     TS     runpoint      11     runisomer      180
6 -0.0787446 0.6847083 -0.0189930
1 -0.3306272 1.1536068 1.0217686
1 -0.0918893 1.3032653 -0.9256992
1 0.8419332 -0.6261765 -0.0352378
8 0.0046944 -0.7661167 0.0104130
5
-114.674     ts77     dynamics     sesquiterpene     TS     runpoint      12     runisomer      180
6 -0.0879640 0.6901989 -0.0112560
1 -0.3124018 1.0960785 0.9626782
1 -0.0868778 1.2764914 -0.9553665
1 0.9028610 -0.7647658 -0.0175245
8 0.0063071 -0.7561914 0.0090840
5
-114.702     ts77     dynamics     sesquiterpene     TS     runpoint      13     runisomer      180
6 -0.0975567 0.6948300 -0.0035795
1 -0.2956679 1.0425511 0.9019232
1 -0.0824120 1.2420107 -0.9772165
1 1.0089090 -0.9157357 -0.0019042
8 0.0054857 -0.7446063 0.0075444
5
-114.703     ts77     dynamics     sesquiterpene     TS     runpoint      14     runisomer      180
6 -0.1063346 0.6969277 0.0005794
1 -0.2887921 1.0099206 0.8760887
1 -0.0786700 1.2016439 -0.9877233
1 1.0930303 -1.0653712 0.0129139
8 0.0061016 -0.7321503 0.0057778
5
-114.676     ts77     dynamics     sesquiterpene     TS     runpoint      15     runisomer      180
6 -0.1135108 0.6952978 -0.0010174
1 -0.2969161 1.0089974 0.9110074
1 -0.0758837 1.1590695 -0.9869451
1 1.1328910 -1.1982589 0.0264869
8 0.0093101 -0.7198109 0.0038694
5
-114.664     ts77     dynamics     sesquiterpene     TS     runpoint      16     runisomer      180
6 -0.1192541 0.6901119 -0.0062180
1 -0.3150183 1.0326530 0.9849500
1 -0.0741272 1.1195706 -0.9795072
1 1.1279178 -1.3053375 0.0383838
8 0.0149615 -0.7081729 0.0018917
5
-114.658     ts77     dynamics     sesquiterpene     TS     runpoint      17     runisomer      180
6 -0.1240728 0.6820263 -0.0111655
1 -0.3348877 1.0673522 1.0591432
1 -0.0732408 1.0890702 -0.9733416
1 1.0835558 -1.3818208 0.0484522
8 0.0225687 -0.6975501 -0.0000956
5
-114.65     ts77     dynamics     sesquiterpene     TS     runpoint      18     runisomer      180
6 -0.1282612 0.6716245 -0.0133094
1 -0.3513434 1.1034635 1.1093689
1 -0.0730224 1.0721535 -0.9754472
1 1.0048444 -1.4239357 0.0566849
8 0.0316940 -0.6883003 -0.0020412
5
-114.649     ts77     dynamics     sesquiterpene     TS     runpoint      19     runisomer      180
6 -0.1318998 0.6597397 -0.0117720
1 -0.3619766 1.1351861 1.1253843
1 -0.0735450 1.0699558 -0.9868402
1 0.8949875 -1.4270430 0.0630906
8 0.0420493 -0.6810451 -0.0038909
5
-114.659     ts77     dynamics     sesquiterpene     TS     runpoint      20     runisomer      180
6 -0.1350008 0.6475678 -0.0068866
1 -0.3658843 1.1587190 1.1045541
1 -0.0752699 1.0797305 -1.0016121
1 0.7590776 -1.3883865 0.0679028
8 0.0532938 -0.6764443 -0.0056182
5
-114.676     ts77     dynamics     sesquiterpene     TS     runpoint      21     runisomer      180
6 -0.1376131 0.6362904 0.0004115
1 -0.3630585 1.1715370 1.0488721
1 -0.0787470 1.0964513 -1.0110340
1 0.6179384 -1.3226465 0.0731642
8 0.0641879 -0.6739830 -0.0073251
5
-114.669     ts77     dynamics     sesquiterpene     TS     runpoint      22     runisomer      180
6 -0.1397965 0.6266641 0.0089109
1 -0.3544900 1.1731061 0.9655857
1 -0.0842260 1.1148073 -1.0080846
1 0.5351914 -1.3015824 0.0886702
8 0.0708454 -0.6693408 -0.0096180
5
-114.643     ts77     dynamics     sesquiterpene     TS     runpoint      23     runisomer      180
6 -0.1414879 0.6190115 0.0170091
1 -0.3429975 1.1677313 0.8709441
1 -0.0914816 1.1306297 -0.9897378
1 0.5572853 -1.3986515 0.1291371
8 0.0704538 -0.6581389 -0.0134377
5
-114.676     ts77     dynamics     sesquiterpene     TS     runpoint      24     runisomer      180
6 -0.1423685 0.6132475 0.0225211
1 -0.3343027 1.1687550 0.7938321
1 -0.0997749 1.1417662 -0.9577269
1 0.6078851 -1.5144020 0.1815835
8 0.0679003 -0.6472838 -0.0180383
5
-114.661     ts77     dynamics     sesquiterpene     TS     runpoint      25     runisomer      180
6 -0.1419955 0.6085922 0.0234700
1 -0.3351118 1.1946281 0.7659193
1 -0.1077724 1.1481724 -0.9184375
1 0.6501996 -1.5907829 0.2350363
8 0.0655071 -0.6410089 -0.0228367
5
-114.64     ts77     dynamics     sesquiterpene     TS     runpoint      26     runisomer      180
6 -0.1404013 0.6049307 0.0204571
1 -0.3458057 1.2468046 0.7914682
1 -0.1136247 1.1522467 -0.8820311
1 0.6793542 -1.6176326 0.2862521
8 0.0635144 -0.6401117 -0.0277098
5
-114.638     ts77     dynamics     sesquiterpene     TS     runpoint      27     runisomer      180
6 -0.1381866 0.6033502 0.0164747
1 -0.3598390 1.3048476 0.8461485
1 -0.1157176 1.1583097 -0.8595874
1 0.6977780 -1.5991545 0.3344411
8 0.0617058 -0.6441266 -0.0326208
5
-114.641     ts77     dynamics     sesquiterpene     TS     runpoint      28     runisomer      180
6 -0.1359123 0.6049501 0.0141672
1 -0.3711036 1.3490978 0.9057172
1 -0.1134939 1.1696534 -0.8579235
1 0.7046937 -1.5370292 0.3779636
8 0.0601311 -0.6527424 -0.0374926
5
-114.649     ts77     dynamics     sesquiterpene     TS     runpoint      29     runisomer      180
6 -0.1338569 0.6104680 0.0147082
1 -0.3763346 1.3692670 0.9555369
1 -0.1076339 1.1853068 -0.8755051
1 0.6954152 -1.4295329 0.4136534
8 0.0591320 -0.6659094 -0.0421822
5
-114.667     ts77     dynamics     sesquiterpene     TS     runpoint      30     runisomer      180
6 -0.1320776 0.6201215 0.0180417
1 -0.3742146 1.3616684 0.9878302
1 -0.0996255 1.2004933 -0.9037800
1 0.6682856 -1.2816226 0.4402615
8 0.0588659 -0.6829460 -0.0466159
5
-114.689     ts77     dynamics     sesquiterpene     TS     runpoint      31     runisomer      180
6 -0.1305121 0.6334862 0.0234623
1 -0.3645650 1.3263980 0.9989010
1 -0.0910756 1.2099930 -0.9322216
1 0.6376820 -1.1160878 0.4685026
8 0.0584702 -0.7017753 -0.0513703
5
-114.694     ts77     dynamics     sesquiterpene     TS     runpoint      32     runisomer      180
6 -0.1290924 0.6496676 0.0299598
1 -0.3481737 1.2666685 0.9887303
1 -0.0833875 1.2107474 -0.9522272
1 0.6432991 -0.9688951 0.5334142
8 0.0555311 -0.7194699 -0.0584363
5
-114.701     ts77     dynamics     sesquiterpene     TS     runpoint      33     runisomer      180
6 -0.1277769 0.6674998 0.0362083
1 -0.3271996 1.1899055 0.9631582
1 -0.0776761 1.2026630 -0.9586480
1 0.6921280 -0.8415687 0.6445190
8 0.0497836 -0.7355207 -0.0681109
5
-114.713     ts77     dynamics     sesquiterpene     TS     runpoint      34     runisomer      180
6 -0.1263975 0.6853796 0.0403964
1 -0.3059108 1.1092941 0.9381156
1 -0.0746671 1.1882305 -0.9501656
1 0.7404734 -0.7230575 0.7559551
8 0.0441695 -0.7504099 -0.0772341
5
-114.693     ts77     dynamics     sesquiterpene     TS     runpoint      35     runisomer      180
6 -0.1245835 0.7013355 0.0403863
1 -0.2904162 1.0413294 0.9397715
1 -0.0746549 1.1720151 -0.9296866
1 0.7649685 -0.6181706 0.8382639
8 0.0402860 -0.7636813 -0.0838106
5
-114.664     ts77     dynamics     sesquiterpene     TS     runpoint      36     runisomer      180
6 -0.1221177 0.7139637 0.0354450
1 -0.2845898 0.9948245 0.9847074
1 -0.0775255 1.1605273 -0.9051783
1 0.7608484 -0.5335844 0.8822325
8 0.0385066 -0.7748259 -0.0872537
5
-114.648     ts77     dynamics     sesquiterpene     TS     runpoint      37     runisomer      180
6 -0.1192603 0.7228860 0.0280426
1 -0.2865226 0.9660403 1.0570729
1 -0.0828737 1.1614849 -0.8889871
1 0.7295347 -0.4739973 0.8862051
8 0.0387924 -0.7835161 -0.0875345
5
-114.643     ts77     dynamics     sesquiterpene     TS     runpoint      38     runisomer      180
6 -0.1164261 0.7280667 0.0216357
1 -0.2922644 0.9491661 1.1274186
1 -0.0904219 1.1807762 -0.8914176
1 0.6740179 -0.4430768 0.8507285
8 0.0409988 -0.7894985 -0.0847760
5
-114.645     ts77     dynamics     sesquiterpene     TS     runpoint      39     runisomer      180
6 -0.1139074 0.7297669 0.0178763
1 -0.2990049 0.9412748 1.1754480
1 -0.1004046 1.2180076 -0.9113209
1 0.5986958 -0.4441779 0.7790026
8 0.0449070 -0.7925491 -0.0792119
5
-114.656     ts77     dynamics     sesquiterpene     TS     runpoint      40     runisomer      180
6 -0.1119251 0.7287690 0.0164253
1 -0.3049125 0.9407563 1.1918716
1 -0.1132268 1.2660522 -0.9363729
1 0.5136422 -0.4784740 0.6841351
8 0.0499575 -0.7926290 -0.0716065
5
-114.66     ts77     dynamics     sesquiterpene     TS     runpoint      41     runisomer      180
6 -0.1106841 0.7261272 0.0161361
1 -0.3085992 0.9459172 1.1743164
1 -0.1288986 1.3153590 -0.9526166
1 0.4464907 -0.5359818 0.6100645
8 0.0544765 -0.7904507 -0.0645983
5
-114.633     ts77     dynamics     sesquiterpene     TS     runpoint      42     runisomer      180
6 -0.1102296 0.7226072 0.0159522
1 -0.3094771 0.9552728 1.1254848
1 -0.1469046 1.3576783 -0.9508730
1 0.4492124 -0.5882542 0.6484535
8 0.0551537 -0.7877684 -0.0639166
5
-114.653     ts77     dynamics     sesquiterpene     TS     runpoint      43     runisomer      180
6 -0.1103338 0.7183322 0.0150972
1 -0.3087341 0.9693540 1.0541806
1 -0.1663868 1.3873055 -0.9278267
1 0.5072533 -0.6447470 0.7804935
8 0.0527547 -0.7837508 -0.0685598
5
-114.689     ts77     dynamics     sesquiterpene     TS     runpoint      44     runisomer      180
6 -0.1105756 0.7130000 0.0126692
1 -0.3094672 0.9908999 0.9776801
1 -0.1864346 1.4012690 -0.8855659
1 0.5674889 -0.7205112 0.9121672
8 0.0504496 -0.7772100 -0.0728832
5
-114.682     ts77     dynamics     sesquiterpene     TS     runpoint      45     runisomer      180
6 -0.1104516 0.7060285 0.0074918
1 -0.3161014 1.0242608 0.9210015
1 -0.2062998 1.3997572 -0.8315573
1 0.6086489 -0.8101470 1.0049260
8 0.0494324 -0.7683343 -0.0746807
5
-114.664     ts77     dynamics     sesquiterpene     TS     runpoint      46     runisomer      180
6 -0.1095609 0.6966871 -0.0006649
1 -0.3318213 1.0724770 0.9027452
1 -0.2257319 1.3872020 -0.7789758
1 0.6252319 -0.9047233 1.0491317
8 0.0499323 -0.7576081 -0.0735150
5
-114.656     ts77     dynamics     sesquiterpene     TS     runpoint      47     runisomer      180
6 -0.1078903 0.6846677 -0.0096819
1 -0.3545132 1.1305489 0.9172541
1 -0.2454605 1.3722607 -0.7449463
1 0.6164103 -0.9960600 1.0434853
8 0.0519058 -0.7455481 -0.0694583
5
-114.657     ts77     dynamics     sesquiterpene     TS     runpoint      48     runisomer      180
6 -0.1057013 0.6704352 -0.0164806
1 -0.3782871 1.1867960 0.9440840
1 -0.2669023 1.3628791 -0.7431463
1 0.5825758 -1.0765463 0.9887053
8 0.0552437 -0.7327461 -0.0627151
5
-114.666     ts77     dynamics     sesquiterpene     TS     runpoint      49     runisomer      180
6 -0.1032977 0.6553036 -0.0193348
1 -0.3980016 1.2307272 0.9662119
1 -0.2903874 1.3579259 -0.7745699
1 0.5248271 -1.1386821 0.8870290
8 0.0598011 -0.7199292 -0.0535872
5
-114.683     ts77     dynamics     sesquiterpene     TS     runpoint      50     runisomer      180
6 -0.1010019 0.6411661 -0.0182066
1 -0.4107001 1.2560672 0.9742980
1 -0.3141470 1.3471807 -0.8280457
1 0.4470760 -1.1768823 0.7468161
8 0.0652737 -0.7078289 -0.0427443
5
-114.697     ts77     dynamics     sesquiterpene     TS     runpoint      51     runisomer      180
6 -0.0991059 0.6297167 -0.0138724
1 -0.4151603 1.2600558 0.9645043
1 -0.3355165 1.3198496 -0.8889481
1 0.3633051 -1.1984285 0.5978328
8 0.0707566 -0.6964051 -0.0321596
5
-114.681     ts77     dynamics     sesquiterpene     TS     runpoint      52     runisomer      180
6 -0.0978132 0.6219673 -0.0072936
1 -0.4114716 1.2427225 0.9368104
1 -0.3522623 1.2700245 -0.9451378
1 0.3062724 -1.2531309 0.5125192
8 0.0742030 -0.6829064 -0.0264399
5
-114.663     ts77     dynamics     sesquiterpene     TS     runpoint      53     runisomer      180
6 -0.0972097 0.6183661 0.0005014
1 -0.4012471 1.2074648 0.8953165
1 -0.3631139 1.1972647 -0.9883671
1 0.2846410 -1.3801980 0.5182313
8 0.0751526 -0.6653858 -0.0273160
