5
-114.654160 ts77 dynamics sesquiterpene TS runpoint 1  runisomer  124
6 -0.0449227 0.6521396 0.0042306
1 -0.1829942 1.2072615 0.8757765
1 -0.1729992 1.1300502 -0.8717371
1 0.8717810 -0.0354418 -0.0083749
8 -0.0267514 -0.7713784 -0.0029010
5
-114.642 ts77 dynamics sesquiterpene TS runpoint 2  runisomer  124
6 -0.0456651 0.661647 0.00524396
1 -0.146318 1.14216 0.847046
1 -0.177447 1.14923 -0.902444
1 0.857552 -0.00696639 0.0169898
8 -0.0273288 -0.777411 -0.00151415
5
-114.635     ts77     dynamics     sesquiterpene     TS     runpoint      3     runisomer      124
6 -0.0464471 0.6683355 0.0036427
1 -0.1191877 1.1006699 0.8641304
1 -0.1869702 1.1756659 -0.9485031
1 0.8747244 0.0200269 0.0419326
8 -0.0289342 -0.7831814 -0.0000585
5
-114.634     ts77     dynamics     sesquiterpene     TS     runpoint      4     runisomer      124
6 -0.0470167 0.6720046 -0.0022808
1 -0.1026442 1.0866090 0.9315677
1 -0.1992728 1.2013787 -0.9918377
1 0.9193158 0.0492721 0.0654623
8 -0.0315838 -0.7885093 0.0013838
5
-114.643     ts77     dynamics     sesquiterpene     TS     runpoint      5     runisomer      124
6 -0.0468183 0.6733337 -0.0107882
1 -0.0951667 1.0874338 1.0191848
1 -0.2126906 1.2210086 -1.0200661
1 0.9813465 0.0873150 0.0860987
8 -0.0352680 -0.7931902 0.0027239
5
-114.645     ts77     dynamics     sesquiterpene     TS     runpoint      6     runisomer      124
6 -0.0450013 0.6726347 -0.0195074
1 -0.0957672 1.0918483 1.0959368
1 -0.2262214 1.2318239 -1.0271313
1 1.0493042 0.1415111 0.1020275
8 -0.0400231 -0.7970378 0.0038712
5
-114.641     ts77     dynamics     sesquiterpene     TS     runpoint      7     runisomer      124
6 -0.0407296 0.6697437 -0.0268186
1 -0.1039833 1.0943841 1.1445252
1 -0.2394022 1.2331083 -1.0119251
1 1.1133035 0.2173232 0.1114498
8 -0.0459121 -0.7998844 0.0047434
5
-114.64     ts77     dynamics     sesquiterpene     TS     runpoint      8     runisomer      124
6 -0.0333902 0.6643998 -0.0316531
1 -0.1193686 1.0928322 1.1577359
1 -0.2524175 1.2259392 -0.9774965
1 1.1657251 0.3163873 0.1129211
8 -0.0529324 -0.8015645 0.0052748
5
-114.647     ts77     dynamics     sesquiterpene     TS     runpoint      9     runisomer      124
6 -0.0225999 0.6564515 -0.0331496
1 -0.1413358 1.0862395 1.1339464
1 -0.2664729 1.2133275 -0.9309155
1 1.2007820 0.4363107 0.1055630
8 -0.0609662 -0.8019458 0.0054251
5
-114.661     ts77     dynamics     sesquiterpene     TS     runpoint      10     runisomer      124
6 -0.0081527 0.6459083 -0.0306084
1 -0.1691761 1.0742489 1.0756362
1 -0.2841257 1.2000445 -0.8826245
1 1.2146090 0.5716848 0.0892233
8 -0.0698094 -0.8009705 0.0051783
5
-114.678     ts77     dynamics     sesquiterpene     TS     runpoint      11     runisomer      124
6 0.0099663 0.6329942 -0.0238790
1 -0.2023465 1.0574979 0.9907885
1 -0.3087968 1.1908374 -0.8433700
1 1.2059762 0.7152630 0.0646493
8 -0.0792139 -0.7986919 0.0045500
5
-114.694     ts77     dynamics     sesquiterpene     TS     runpoint      12     runisomer      124
6 0.0314843 0.6182235 -0.0141429
1 -0.2416176 1.0392151 0.8965389
1 -0.3427317 1.1868604 -0.8188735
1 1.1769711 0.8591030 0.0336362
8 -0.0889176 -0.7952698 0.0035940
5
-114.699     ts77     dynamics     sesquiterpene     TS     runpoint      13     runisomer      124
6 0.0559011 0.6022630 -0.0042368
1 -0.2914452 1.0269192 0.8205348
1 -0.3848777 1.1839329 -0.8074511
1 1.1328177 0.9958175 -0.0009447
8 -0.0986600 -0.7909489 0.0024092
5
-114.654160 ts77 dynamics sesquiterpene TS runpoint 1  runisomer  124
6 -0.0449227 0.6521396 0.0042306
1 -0.1829942 1.2072615 0.8757765
1 -0.1729992 1.1300502 -0.8717371
1 0.8717810 -0.0354418 -0.0083749
8 -0.0267514 -0.7713784 -0.0029010
5
-114.642 ts77 dynamics sesquiterpene TS runpoint 2  runisomer  124
6 -0.0442931 0.641044 0.00423526
1 -0.224232 1.27659 0.920611
1 -0.175547 1.12514 -0.871572
1 0.912872 -0.0662199 -0.0335362
8 -0.0270537 -0.765174 -0.00415471
5
-114.645     ts77     dynamics     sesquiterpene     TS     runpoint      3     runisomer      124
6 -0.0436825 0.6297954 0.0070060
1 -0.2648559 1.3332937 0.9584561
1 -0.1848335 1.1338542 -0.9010731
1 0.9694455 -0.0985801 -0.0579088
8 -0.0279320 -0.7588186 -0.0052250
5
-114.643     ts77     dynamics     sesquiterpene     TS     runpoint      4     runisomer      124
6 -0.0429589 0.6198360 0.0120358
1 -0.3014646 1.3681667 0.9782853
1 -0.1983566 1.1480181 -0.9445134
1 1.0278849 -0.1315139 -0.0807275
8 -0.0289993 -0.7523636 -0.0060741
5
-114.636     ts77     dynamics     sesquiterpene     TS     runpoint      5     runisomer      124
6 -0.0420342 0.6123791 0.0181040
1 -0.3321406 1.3771929 0.9762288
1 -0.2131278 1.1588457 -0.9847083
1 1.0762874 -0.1643825 -0.1011217
8 -0.0298795 -0.7459515 -0.0066800
5
-114.628     ts77     dynamics     sesquiterpene     TS     runpoint      6     runisomer      124
6 -0.0409258 0.6082865 0.0241904
1 -0.3559086 1.3593732 0.9521855
1 -0.2267687 1.1608390 -1.0103073
1 1.1059511 -0.1975783 -0.1183159
8 -0.0302243 -0.7397954 -0.0070357
5
-114.625     ts77     dynamics     sesquiterpene     TS     runpoint      7     runisomer      124
6 -0.0398096 0.6081060 0.0295723
1 -0.3726822 1.3162506 0.9090067
1 -0.2375993 1.1517822 -1.0159049
1 1.1110403 -0.2334821 -0.1317812
8 -0.0296437 -0.7341109 -0.0071535
5
-114.631     ts77     dynamics     sesquiterpene     TS     runpoint      8     runisomer      124
6 -0.0390121 0.6120045 0.0336073
1 -0.3840239 1.2531417 0.8539150
1 -0.2444648 1.1319134 -1.0006212
1 1.0879445 -0.2774455 -0.1413508
8 -0.0276414 -0.7290392 -0.0070722
5
-114.644     ts77     dynamics     sesquiterpene     TS     runpoint      9     runisomer      124
6 -0.0388358 0.6194720 0.0354115
1 -0.3950983 1.1818018 0.8019833
1 -0.2467245 1.1036401 -0.9676310
1 1.0356885 -0.3377840 -0.1473967
8 -0.0236412 -0.7245640 -0.0068534
5
-114.658     ts77     dynamics     sesquiterpene     TS     runpoint      10     runisomer      124
6 -0.0391968 0.6290718 0.0337751
1 -0.4166366 1.1209142 0.7778595
1 -0.2445973 1.0719641 -0.9250552
1 0.9586269 -0.4232351 -0.1511946
8 -0.0172924 -0.7205509 -0.0065496
5
-114.669     ts77     dynamics     sesquiterpene     TS     runpoint      11     runisomer      124
6 -0.0396850 0.6392051 0.0284256
1 -0.4594742 1.0845479 0.8016433
1 -0.2399171 1.0450747 -0.8875133
1 0.8748626 -0.5370276 -0.1561441
8 -0.0092442 -0.7169988 -0.0060906
5
-114.677     ts77     dynamics     sesquiterpene     TS     runpoint      12     runisomer      124
6 -0.0404224 0.6492595 0.0219591
1 -0.5203864 1.0673791 0.8633807
1 -0.2364153 1.0331984 -0.8743957
1 0.8325759 -0.6724537 -0.1710903
8 -0.0024091 -0.7141805 -0.0050159
5
-114.68     ts77     dynamics     sesquiterpene     TS     runpoint      13     runisomer      124
6 -0.0419184 0.6590590 0.0177986
1 -0.5852991 1.0559626 0.9341624
1 -0.2373890 1.0428265 -0.8975366
1 0.8778864 -0.8267133 -0.2065525
8 0.0000104 -0.7117018 -0.0026640
5
-114.704     ts77     dynamics     sesquiterpene     TS     runpoint      14     runisomer      124
6 -0.0445513 0.6686319 0.0169819
1 -0.6425370 1.0420904 0.9913146
1 -0.2422599 1.0708592 -0.9477553
1 0.9555601 -0.9954814 -0.2521933
8 0.0010050 -0.7091439 0.0003861
5
-114.705     ts77     dynamics     sesquiterpene     TS     runpoint      15     runisomer      124
6 -0.0485679 0.6782265 0.0185670
1 -0.6857637 1.0228331 1.0230404
1 -0.2477457 1.1082171 -1.0033565
1 1.0084986 -1.1572947 -0.2935685
8 0.0037527 -0.7072887 0.0033067
5
-114.681     ts77     dynamics     sesquiterpene     TS     runpoint      16     runisomer      124
6 -0.0540351 0.6879134 0.0213102
1 -0.7121554 0.9979248 1.0246878
1 -0.2510155 1.1465330 -1.0459423
1 1.0197975 -1.2948543 -0.3247025
8 0.0090122 -0.7067351 0.0057888
5
-114.658     ts77     dynamics     sesquiterpene     TS     runpoint      17     runisomer      124
6 -0.0608300 0.6974996 0.0242827
1 -0.7211500 0.9684318 0.9960247
1 -0.2505946 1.1802624 -1.0649931
1 0.9894965 -1.3984449 -0.3441850
8 0.0165597 -0.7076688 0.0077915
5
-114.648     ts77     dynamics     sesquiterpene     TS     runpoint      18     runisomer      124
6 -0.0686132 0.7066641 0.0267528
1 -0.7147184 0.9364499 0.9409188
1 -0.2460231 1.2061992 -1.0562199
1 0.9213697 -1.4619690 -0.3519760
8 0.0259993 -0.7101625 0.0093489
5
-114.654     ts77     dynamics     sesquiterpene     TS     runpoint      19     runisomer      124
6 -0.0766924 0.7149791 0.0278654
1 -0.6992064 0.9053782 0.8694240
1 -0.2374572 1.2229162 -1.0199542
1 0.8193491 -1.4804892 -0.3483776
8 0.0369723 -0.7143322 0.0105072
5
-114.669     ts77     dynamics     sesquiterpene     TS     runpoint      20     runisomer      124
6 -0.0838238 0.7217564 0.0263977
1 -0.6881108 0.8802442 0.8010571
1 -0.2254443 1.2309571 -0.9613603
1 0.6895839 -1.4519622 -0.3348784
8 0.0490437 -0.7201393 0.0113723
5
-114.683     ts77     dynamics     sesquiterpene     TS     runpoint      21     runisomer      124
6 -0.0883501 0.7259175 0.0212266
1 -0.7005566 0.8664229 0.7616840
1 -0.2109304 1.2340704 -0.8925694
1 0.5492194 -1.3882301 -0.3191521
8 0.0611545 -0.7266043 0.0124065
5
-114.673     ts77     dynamics     sesquiterpene     TS     runpoint      22     runisomer      124
6 -0.0894743 0.7261959 0.0132340
1 -0.7455927 0.8654722 0.7629011
1 -0.1954198 1.2410676 -0.8348211
1 0.4441982 -1.3461530 -0.3316844
8 0.0704776 -0.7298463 0.0154780
5
-114.641     ts77     dynamics     sesquiterpene     TS     runpoint      23     runisomer      124
6 -0.0882965 0.7216229 0.0058204
1 -0.8098396 0.8736347 0.7890596
1 -0.1804983 1.2641286 -0.8122684
1 0.4175098 -1.4049887 -0.4218534
8 0.0743861 -0.7246764 0.0236523
5
-114.675     ts77     dynamics     sesquiterpene     TS     runpoint      24     runisomer      124
6 -0.0866178 0.7124736 0.0013886
1 -0.8730858 0.8859042 0.8175160
1 -0.1660967 1.3071162 -0.8312971
1 0.4172024 -1.4897297 -0.5512142
8 0.0762247 -0.7159546 0.0345331
5
-114.683     ts77     dynamics     sesquiterpene     TS     runpoint      25     runisomer      124
6 -0.0858130 0.7004544 -0.0004012
1 -0.9218204 0.8985444 0.8336890
1 -0.1504313 1.3582701 -0.8740036
1 0.4115251 -1.5396924 -0.6762361
8 0.0780640 -0.7078097 0.0454252
5
-114.666     ts77     dynamics     sesquiterpene     TS     runpoint      26     runisomer      124
6 -0.0866299 0.6875298 -0.0008406
1 -0.9496432 0.9092650 0.8308611
1 -0.1322572 1.4015760 -0.9182954
1 0.3935443 -1.5406705 -0.7796188
8 0.0804195 -0.7014576 0.0552374
5
-114.649     ts77     dynamics     sesquiterpene     TS     runpoint      27     runisomer      124
6 -0.0893733 0.6751208 -0.0008692
1 -0.9546337 0.9169337 0.8071563
1 -0.1114096 1.4260281 -0.9500643
1 0.3628030 -1.4933664 -0.8541842
8 0.0834181 -0.6971543 0.0634507
5
-114.646     ts77     dynamics     sesquiterpene     TS     runpoint      28     runisomer      124
6 -0.0940567 0.6640980 -0.0010278
1 -0.9379762 0.9213937 0.7641385
1 -0.0882010 1.4261084 -0.9626747
1 0.3202895 -1.4016998 -0.8950626
8 0.0871008 -0.6949471 0.0696503
5
-114.659     ts77     dynamics     sesquiterpene     TS     runpoint      29     runisomer      124
6 -0.1003848 0.6549464 -0.0017456
1 -0.9044619 0.9237083 0.7072305
1 -0.0630104 1.4000611 -0.9543089
1 0.2678193 -1.2708228 -0.8978482
8 0.0914577 -0.6948332 0.0734213
5
-114.684     ts77     dynamics     sesquiterpene     TS     runpoint      30     runisomer      124
6 -0.1075913 0.6477303 -0.0035465
1 -0.8646770 0.9270917 0.6473706
1 -0.0360021 1.3491726 -0.9269503
1 0.2086860 -1.1097287 -0.8615957
8 0.0963841 -0.6965778 0.0745337
5
-114.708     ts77     dynamics     sesquiterpene     TS     runpoint      31     runisomer      124
6 -0.1143651 0.6419094 -0.0069609
1 -0.8362989 0.9378846 0.6014788
1 -0.0067135 1.2785635 -0.8874529
1 0.1487168 -0.9370440 -0.8015085
8 0.1016137 -0.6993244 0.0737103
5
-114.705     ts77     dynamics     sesquiterpene     TS     runpoint      32     runisomer      124
6 -0.1195335 0.6364446 -0.0116387
1 -0.8365565 0.9633506 0.5851683
1 0.0266761 1.1990442 -0.8503806
1 0.0946095 -0.7815390 -0.7731760
8 0.1068160 -0.7016181 0.0741238
5
-114.681     ts77     dynamics     sesquiterpene     TS     runpoint      33     runisomer      124
6 -0.1235046 0.6305943 -0.0151593
1 -0.8655839 1.0044015 0.5983140
1 0.0681281 1.1270790 -0.8385346
1 0.0457540 -0.6556607 -0.8315949
8 0.1120928 -0.7032131 0.0788690
5
-114.683     ts77     dynamics     sesquiterpene     TS     runpoint      34     runisomer      124
6 -0.1279973 0.6246805 -0.0145727
1 -0.9068611 1.0535957 0.6256784
1 0.1216665 1.0760381 -0.8688583
1 0.0015948 -0.5577582 -0.9265247
8 0.1174754 -0.7048300 0.0845950
5
-114.678     ts77     dynamics     sesquiterpene     TS     runpoint      35     runisomer      124
6 -0.1340766 0.6201126 -0.0096400
1 -0.9436249 1.1017166 0.6513785
1 0.1848061 1.0449496 -0.9306228
1 -0.0346187 -0.4927817 -1.0064636
8 0.1226582 -0.7065706 0.0882010
5
-114.661     ts77     dynamics     sesquiterpene     TS     runpoint      36     runisomer      124
6 -0.1416159 0.6182875 -0.0022977
1 -0.9659235 1.1420035 0.6655828
1 0.2485288 1.0259528 -0.9964795
1 -0.0616473 -0.4619972 -1.0517898
8 0.1274085 -0.7084834 0.0888007
5
-114.642     ts77     dynamics     sesquiterpene     TS     runpoint      37     runisomer      124
6 -0.1500157 0.6198210 0.0056017
1 -0.9695897 1.1705512 0.6639330
1 0.3041083 1.0140748 -1.0454693
1 -0.0793836 -0.4635338 -1.0565527
8 0.1315593 -0.7105867 0.0863628
5
-114.633     ts77     dynamics     sesquiterpene     TS     runpoint      38     runisomer      124
6 -0.1586226 0.6247402 0.0129654
1 -0.9544097 1.1858747 0.6460740
1 0.3457858 1.0074063 -1.0670571
1 -0.0873156 -0.4959754 -1.0197650
8 0.1349346 -0.7127791 0.0810043
5
-114.639     ts77     dynamics     sesquiterpene     TS     runpoint      39     runisomer      124
6 -0.1667058 0.6327372 0.0191595
1 -0.9237660 1.1890253 0.6152880
1 0.3701615 1.0051830 -1.0570959
1 -0.0844834 -0.5591908 -0.9447776
8 0.1373553 -0.7148544 0.0729414
5
-114.659     ts77     dynamics     sesquiterpene     TS     runpoint      40     runisomer      124
6 -0.1732831 0.6431123 0.0235694
1 -0.8858087 1.1845868 0.5791547
1 0.3754578 1.0067528 -1.0151172
1 -0.0716106 -0.6517336 -0.8461404
8 0.1387541 -0.7166263 0.0630469
5
-114.674     ts77     dynamics     sesquiterpene     TS     runpoint      41     runisomer      124
6 -0.1770507 0.6545380 0.0253221
1 -0.8544083 1.1815425 0.5499086
1 0.3618446 1.0117329 -0.9442779
1 -0.0569178 -0.7683970 -0.7683433
8 0.1395352 -0.7179694 0.0542064
5
-114.67     ts77     dynamics     sesquiterpene     TS     runpoint      42     runisomer      124
6 -0.1768950 0.6651490 0.0236790
1 -0.8448993 1.1899930 0.5407026
1 0.3333877 1.0218227 -0.8537623
1 -0.0570471 -0.9096554 -0.7799039
8 0.1406207 -0.7181972 0.0510407
5
-114.689     ts77     dynamics     sesquiterpene     TS     runpoint      43     runisomer      124
6 -0.1732776 0.6734241 0.0194454
1 -0.8620384 1.2116207 0.5559466
1 0.3016354 1.0436886 -0.7637046
1 -0.0671172 -1.0722433 -0.8494213
8 0.1416233 -0.7169007 0.0519597
5
-114.698     ts77     dynamics     sesquiterpene     TS     runpoint      44     runisomer      124
6 -0.1687936 0.6784764 0.0156957
1 -0.8954653 1.2365056 0.5876227
1 0.2870161 1.0906459 -0.7065033
1 -0.0734480 -1.2298249 -0.9078025
8 0.1416854 -0.7152889 0.0528486
5
-114.678     ts77     dynamics     sesquiterpene     TS     runpoint      45     runisomer      124
6 -0.1658992 0.6799126 0.0149619
1 -0.9307994 1.2524835 0.6238256
1 0.3036013 1.1731092 -0.7015361
1 -0.0722870 -1.3624854 -0.9300327
8 0.1406212 -0.7142109 0.0522043
5
-114.667     ts77     dynamics     sesquiterpene     TS     runpoint      46     runisomer      124
6 -0.1645526 0.6789233 0.0162603
1 -0.9580249 1.2517643 0.6555962
1 0.3399238 1.2785140 -0.7279261
1 -0.0645697 -1.4611182 -0.9136685
8 0.1385512 -0.7138498 0.0498576
5
-114.66     ts77     dynamics     sesquiterpene     TS     runpoint      47     runisomer      124
6 -0.1636937 0.6773356 0.0175709
1 -0.9718887 1.2311154 0.6776519
1 0.3769665 1.3831529 -0.7557727
1 -0.0521504 -1.5216414 -0.8622795
8 0.1356625 -0.7141381 0.0459993
5
-114.652     ts77     dynamics     sesquiterpene     TS     runpoint      48     runisomer      124
6 -0.1626779 0.6763141 0.0177655
1 -0.9704881 1.1905741 0.6876413
1 0.4036450 1.4702624 -0.7689010
1 -0.0365706 -1.5407421 -0.7796560
8 0.1321493 -0.7151020 0.0408424
5
-114.653     ts77     dynamics     sesquiterpene     TS     runpoint      49     runisomer      124
6 -0.1612173 0.6763297 0.0163408
1 -0.9547724 1.1327207 0.6859673
1 0.4155551 1.5310618 -0.7615109
1 -0.0191243 -1.5155513 -0.6700315
8 0.1282123 -0.7168868 0.0346413
5
-114.664     ts77     dynamics     sesquiterpene     TS     runpoint      50     runisomer      124
6 -0.1590209 0.6773188 0.0129533
1 -0.9291029 1.0626010 0.6763130
1 0.4116231 1.5612790 -0.7325297
1 -0.0021296 -1.4510481 -0.5444161
8 0.1241231 -0.7191789 0.0280472
5
-114.673     ts77     dynamics     sesquiterpene     TS     runpoint      51     runisomer      124
6 -0.1555813 0.6787466 0.0072090
1 -0.9020958 0.9874946 0.6662733
1 0.3925778 1.5591620 -0.6831441
1 0.0072022 -1.3844098 -0.4370928
8 0.1204516 -0.7195831 0.0231118
5
-114.648     ts77     dynamics     sesquiterpene     TS     runpoint      52     runisomer      124
6 -0.1503554 0.6798230 -0.0012289
1 -0.8850879 0.9152010 0.6659543
1 0.3610831 1.5258839 -0.6168979
1 -0.0072378 -1.4086606 -0.4133219
8 0.1183537 -0.7122098 0.0237877
5
-114.661     ts77     dynamics     sesquiterpene     TS     runpoint      53     runisomer      124
6 -0.1436030 0.6797772 -0.0120213
1 -0.8853237 0.8510760 0.6818764
1 0.3236922 1.4692572 -0.5420165
1 -0.0437304 -1.5099028 -0.4576898
8 0.1179586 -0.6981878 0.0289562
5
-114.686     ts77     dynamics     sesquiterpene     TS     runpoint      54     runisomer      124
6 -0.1372316 0.6772636 -0.0233304
1 -0.8995454 0.7972450 0.7107585
1 0.2949202 1.4111901 -0.4753780
1 -0.0855999 -1.5992365 -0.5134231
8 0.1185265 -0.6836231 0.0349309
5
-114.662     ts77     dynamics     sesquiterpene     TS     runpoint      55     runisomer      124
6 -0.1344056 0.6696228 -0.0321499
1 -0.9178853 0.7551161 0.7425011
1 0.2981199 1.3897385 -0.4411594
1 -0.1247816 -1.6435748 -0.5598229
8 0.1198300 -0.6710903 0.0403131
5
-114.638     ts77     dynamics     sesquiterpene     TS     runpoint      56     runisomer      124
6 -0.1370491 0.6557172 -0.0368785
1 -0.9318567 0.7266921 0.7677289
1 0.3444138 1.4230325 -0.4474690
1 -0.1583863 -1.6380584 -0.5920849
8 0.1218941 -0.6613112 0.0446988
5
-114.645     ts77     dynamics     sesquiterpene     TS     runpoint      57     runisomer      124
6 -0.1441199 0.6385912 -0.0386376
1 -0.9371365 0.7138297 0.7811454
1 0.4145970 1.4804863 -0.4743196
1 -0.1849454 -1.5848604 -0.6087374
8 0.1247831 -0.6546236 0.0479114
5
-114.657     ts77     dynamics     sesquiterpene     TS     runpoint      58     runisomer      124
6 -0.1539513 0.6218281 -0.0389430
1 -0.9325760 0.7175749 0.7812669
1 0.4855268 1.5283608 -0.5015328
1 -0.2027688 -1.4864816 -0.6078812
8 0.1285254 -0.6514990 0.0497894
5
-114.667     ts77     dynamics     sesquiterpene     TS     runpoint      59     runisomer      124
6 -0.1654768 0.6077197 -0.0387894
1 -0.9193201 0.7380388 0.7697348
1 0.5441238 1.5503788 -0.5187452
1 -0.2106479 -1.3486225 -0.5889609
8 0.1331411 -0.6522776 0.0502889
5
-114.678     ts77     dynamics     sesquiterpene     TS     runpoint      60     runisomer      124
6 -0.1778822 0.5975085 -0.0388569
1 -0.9006931 0.7745066 0.7508121
1 0.5842472 1.5412914 -0.5216685
1 -0.2134603 -1.1919695 -0.5631468
8 0.1389230 -0.6562130 0.0500865
5
-114.675     ts77     dynamics     sesquiterpene     TS     runpoint      61     runisomer      124
6 -0.1902249 0.5917547 -0.0396545
1 -0.8819113 0.8256278 0.7306413
1 0.6028832 1.5007816 -0.5091071
1 -0.2349893 -1.0636805 -0.5738293
8 0.1471819 -0.6606477 0.0518348
5
-114.665     ts77     dynamics     sesquiterpene     TS     runpoint      62     runisomer      124
6 -0.2015240 0.5906785 -0.0414701
1 -0.8684293 0.8895085 0.7153621
1 0.5988939 1.4314099 -0.4819176
1 -0.2993391 -0.9906591 -0.6604730
8 0.1591154 -0.6640952 0.0579025
5
-114.691     ts77     dynamics     sesquiterpene     TS     runpoint      63     runisomer      124
6 -0.2112093 0.5941576 -0.0442249
1 -0.8630074 0.9630108 0.7079964
1 0.5739923 1.3391701 -0.4431776
1 -0.3747299 -0.9413471 -0.7711700
8 0.1723586 -0.6686305 0.0649652
5
-114.698     ts77     dynamics     sesquiterpene     TS     runpoint      64     runisomer      124
6 -0.2195851 0.6013849 -0.0472846
1 -0.8642329 1.0407277 0.7067175
1 0.5363130 1.2362397 -0.3995169
1 -0.4319504 -0.8993436 -0.8604048
8 0.1847000 -0.6751103 0.0702095
5
-114.682     ts77     dynamics     sesquiterpene     TS     runpoint      65     runisomer      124
6 -0.2283047 0.6105861 -0.0493590
1 -0.8681721 1.1157345 0.7067246
1 0.5074223 1.1453471 -0.3634193
1 -0.4607397 -0.8621578 -0.9122139
8 0.1951247 -0.6833542 0.0727527
5
-114.655     ts77     dynamics     sesquiterpene     TS     runpoint      66     runisomer      124
6 -0.2401238 0.6194371 -0.0488966
1 -0.8708493 1.1816401 0.7033896
1 0.5214970 1.0947947 -0.3509345
1 -0.4587818 -0.8304008 -0.9226836
8 0.2031507 -0.6929617 0.0724868
5
-114.643     ts77     dynamics     sesquiterpene     TS     runpoint      67     runisomer      124
6 -0.2556352 0.6273799 -0.0455574
1 -0.8697621 1.2339387 0.6942550
1 0.5878355 1.0903107 -0.3655322
1 -0.4263458 -0.8054926 -0.8921078
8 0.2084964 -0.7035026 0.0695477
5
-114.66     ts77     dynamics     sesquiterpene     TS     runpoint      68     runisomer      124
6 -0.2717676 0.6358389 -0.0405287
1 -0.8643541 1.2703737 0.6795157
1 0.6734993 1.1119164 -0.3939371
1 -0.3656495 -0.7902754 -0.8245022
8 0.2110368 -0.7144648 0.0642323
5
-114.674     ts77     dynamics     sesquiterpene     TS     runpoint      69     runisomer      124
6 -0.2854086 0.6458263 -0.0350084
1 -0.8558059 1.2910109 0.6615784
1 0.7460611 1.1422605 -0.4235546
1 -0.2847775 -0.7899754 -0.7340880
8 0.2110644 -0.7251889 0.0573872
5
-114.668     ts77     dynamics     sesquiterpene     TS     runpoint      70     runisomer      124
6 -0.2947566 0.6574225 -0.0298103
1 -0.8468455 1.2982600 0.6446936
1 0.7891311 1.1726186 -0.4477270
1 -0.2091783 -0.8126854 -0.6642083
8 0.2100344 -0.7348278 0.0516689
5
-114.637     ts77     dynamics     sesquiterpene     TS     runpoint      71     runisomer      124
6 -0.2988709 0.6700154 -0.0256965
1 -0.8414088 1.2963886 0.6344793
1 0.7964598 1.1988102 -0.4633210
1 -0.1825801 -0.8687963 -0.6929037
8 0.2106388 -0.7422720 0.0520151
5
-114.645     ts77     dynamics     sesquiterpene     TS     runpoint      72     runisomer      124
6 -0.2973105 0.6826595 -0.0234600
1 -0.8434860 1.2898685 0.6363772
1 0.7667445 1.2186656 -0.4687757
1 -0.1910421 -0.9548401 -0.8004445
8 0.2120035 -0.7471772 0.0573342
5
-114.67     ts77     dynamics     sesquiterpene     TS     runpoint      73     runisomer      124
6 -0.2901650 0.6946486 -0.0235585
1 -0.8549563 1.2806350 0.6527928
1 0.7019854 1.2312289 -0.4637228
1 -0.1955388 -1.0494455 -0.9068805
8 0.2117283 -0.7504195 0.0627586
5
-114.671     ts77     dynamics     sesquiterpene     TS     runpoint      74     runisomer      124
6 -0.2782904 0.7056290 -0.0257516
1 -0.8739343 1.2665787 0.6810627
1 0.6089796 1.2374929 -0.4499456
1 -0.1831764 -1.1367148 -0.9767040
8 0.2090949 -0.7526675 0.0661511
5
-114.667     ts77     dynamics     sesquiterpene     TS     runpoint      75     runisomer      124
6 -0.2636495 0.7150778 -0.0289618
1 -0.8954621 1.2433047 0.7145953
1 0.5041996 1.2437414 -0.4341000
1 -0.1529868 -1.2079880 -1.0002946
8 0.2041667 -0.7541933 0.0669308
5
-114.66     ts77     dynamics     sesquiterpene     TS     runpoint      76     runisomer      124
6 -0.2495002 0.7215126 -0.0312656
1 -0.9137784 1.2071522 0.7460231
1 0.4183231 1.2670800 -0.4314458
1 -0.1070450 -1.2579206 -0.9764281
8 0.1972207 -0.7550666 0.0650044
5
-114.653     ts77     dynamics     sesquiterpene     TS     runpoint      77     runisomer      124
6 -0.2388563 0.7228884 -0.0306707
1 -0.9242881 1.1568117 0.7698507
1 0.3800792 1.3291686 -0.4597622
1 -0.0482671 -1.2825388 -0.9070252
8 0.1886036 -0.7552878 0.0604629
5
-114.671     ts77     dynamics     sesquiterpene     TS     runpoint      78     runisomer      124
6 -0.2313252 0.7193549 -0.0272550
1 -0.9246165 1.0934463 0.7836757
1 0.3798710 1.4239629 -0.5154881
1 0.0191812 -1.2803432 -0.7991997
8 0.1787382 -0.7547563 0.0537420
5
-114.697     ts77     dynamics     sesquiterpene     TS     runpoint      79     runisomer      124
6 -0.2246588 0.7129479 -0.0227970
1 -0.9148544 1.0203179 0.7881464
1 0.3888276 1.5218872 -0.5780589
1 0.0883541 -1.2599734 -0.6766785
8 0.1681988 -0.7527950 0.0463339
5
-114.689     ts77     dynamics     sesquiterpene     TS     runpoint      80     runisomer      124
6 -0.2173367 0.7050393 -0.0189011
1 -0.8976445 0.9422995 0.7866818
1 0.3897004 1.6003967 -0.6316640
1 0.1509061 -1.2594786 -0.6015530
8 0.1576250 -0.7469235 0.0421430
5
-114.658     ts77     dynamics     sesquiterpene     TS     runpoint      81     runisomer      124
6 -0.2085732 0.6961333 -0.0166764
1 -0.8779033 0.8650653 0.7849572
1 0.3762376 1.6486213 -0.6684166
1 0.2106047 -1.3222782 -0.6283357
8 0.1468927 -0.7344583 0.0445817
5
-114.671     ts77     dynamics     sesquiterpene     TS     runpoint      82     runisomer      124
6 -0.1980242 0.6865738 -0.0168448
1 -0.8610814 0.7940074 0.7888821
1 0.3472086 1.6623792 -0.6850175
1 0.2722387 -1.4013142 -0.6963958
8 0.1358650 -0.7186964 0.0497920
5
-114.67     ts77     dynamics     sesquiterpene     TS     runpoint      83     runisomer      124
6 -0.1857999 0.6768163 -0.0196001
1 -0.8501981 0.7332537 0.8010919
1 0.3036126 1.6407004 -0.6806509
1 0.3302664 -1.4525410 -0.7554822
8 0.1250996 -0.7029536 0.0545335
5
-114.66     ts77     dynamics     sesquiterpene     TS     runpoint      84     runisomer      124
6 -0.1725235 0.6673095 -0.0244447
1 -0.8442446 0.6857730 0.8190002
1 0.2481689 1.5852555 -0.6567835
1 0.3800029 -1.4620447 -0.7894326
8 0.1151249 -0.6887383 0.0576723
5
-114.659     ts77     dynamics     sesquiterpene     TS     runpoint      85     runisomer      124
6 -0.1592584 0.6581655 -0.0302068
1 -0.8396064 0.6539819 0.8366986
1 0.1862350 1.5030601 -0.6191260
1 0.4188500 -1.4279874 -0.7943306
8 0.1063357 -0.6768410 0.0588114
5
-114.665     ts77     dynamics     sesquiterpene     TS     runpoint      86     runisomer      124
6 -0.1474295 0.6485475 -0.0349313
1 -0.8325578 0.6398681 0.8484399
1 0.1278003 1.4134795 -0.5826738
1 0.4453159 -1.3520269 -0.7693739
8 0.0990333 -0.6678767 0.0577417
5
-114.666     ts77     dynamics     sesquiterpene     TS     runpoint      87     runisomer      124
6 -0.1386891 0.6361417 -0.0356495
1 -0.8208812 0.6447813 0.8508161
1 0.0875847 1.3542611 -0.5766827
1 0.4592763 -1.2390673 -0.7165547
8 0.0933944 -0.6622643 0.0544217
5
-114.669     ts77     dynamics     sesquiterpene     TS     runpoint      88     runisomer      124
6 -0.1338983 0.6194713 -0.0300042
1 -0.8046343 0.6691759 0.8435871
1 0.0735233 1.3541215 -0.6260952
1 0.4658772 -1.1035423 -0.6486254
8 0.0892465 -0.6598233 0.0494709
5
-114.684     ts77     dynamics     sesquiterpene     TS     runpoint      89     runisomer      124
6 -0.1322096 0.6017417 -0.0193736
1 -0.7864365 0.7123493 0.8299136
1 0.0757436 1.3879489 -0.7146624
1 0.4880907 -0.9794204 -0.6086991
8 0.0852951 -0.6591929 0.0454183
5
-114.678     ts77     dynamics     sesquiterpene     TS     runpoint      90     runisomer      124
6 -0.1324053 0.5874015 -0.0067116
1 -0.7707139 0.7725453 0.8153538
1 0.0819664 1.4171321 -0.8102966
1 0.5636983 -0.8975146 -0.6532626
8 0.0792954 -0.6592251 0.0456651
