5
-114.654160 ts77 dynamics sesquiterpene TS runpoint 1  runisomer  123
6 -0.0364016 0.6436167 0.0084760
1 -0.2489740 1.1645732 0.9861138
1 -0.2188616 0.9975803 -0.9693570
1 0.9805444 -0.0734245 -0.0241926
8 -0.0329508 -0.7515539 -0.0058910
5
-114.648 ts77 dynamics sesquiterpene TS runpoint 2  runisomer  123
6 -0.033903 0.656153 0.00856595
1 -0.281714 1.16265 0.976528
1 -0.216248 0.939185 -0.924574
1 1.04313 -0.0607729 -0.0487422
8 -0.0368707 -0.757956 -0.00662953
5
-114.638     ts77     dynamics     sesquiterpene     TS     runpoint      3     runisomer      123
6 -0.0297548 0.6660848 0.0119282
1 -0.3130857 1.1584753 0.9546247
1 -0.2241969 0.9061055 -0.9147145
1 1.0961607 -0.0389687 -0.0711199
8 -0.0408465 -0.7644335 -0.0069841
5
-114.63     ts77     dynamics     sesquiterpene     TS     runpoint      4     runisomer      123
6 -0.0231820 0.6722293 0.0187116
1 -0.3430755 1.1546996 0.9253673
1 -0.2449761 0.9010872 -0.9489002
1 1.1340106 -0.0019735 -0.0900095
8 -0.0449646 -0.7708211 -0.0068862
5
-114.634     ts77     dynamics     sesquiterpene     TS     runpoint      5     runisomer      123
6 -0.0140558 0.6741616 0.0262326
1 -0.3725938 1.1548438 0.8965358
1 -0.2737641 0.9176782 -1.0051758
1 1.1547581 0.0560735 -0.1040632
8 -0.0494459 -0.7769836 -0.0062803
5
-114.641     ts77     dynamics     sesquiterpene     TS     runpoint      6     runisomer      123
6 -0.0025601 0.6717571 0.0314473
1 -0.4026576 1.1617170 0.8751650
1 -0.3034350 0.9476186 -1.0562758
1 1.1585935 0.1401192 -0.1118843
8 -0.0545494 -0.7827957 -0.0051323
5
-114.647     ts77     dynamics     sesquiterpene     TS     runpoint      7     runisomer      123
6 0.0109453 0.6652187 0.0326931
1 -0.4326251 1.1752069 0.8631488
1 -0.3287129 0.9841635 -1.0856392
1 1.1469471 0.2528560 -0.1121891
8 -0.0604669 -0.7881479 -0.0034398
5
-114.659     ts77     dynamics     sesquiterpene     TS     runpoint      8     runisomer      123
6 0.0257074 0.6552896 0.0297177
1 -0.4593339 1.1916241 0.8565655
1 -0.3466146 1.0219560 -1.0864763
1 1.1234996 0.3931330 -0.1042714
8 -0.0672549 -0.7929539 -0.0012388
5
-114.674     ts77     dynamics     sesquiterpene     TS     runpoint      9     runisomer      123
6 0.0403385 0.6431781 0.0231264
1 -0.4785843 1.2054859 0.8492675
1 -0.3558262 1.0564448 -1.0580555
1 1.0975367 0.5551037 -0.0887329
8 -0.0748041 -0.7971201 0.0013968
5
-114.687     ts77     dynamics     sesquiterpene     TS     runpoint      10     runisomer      123
6 0.0529804 0.6301156 0.0139294
1 -0.4874702 1.2117836 0.8365903
1 -0.3564188 1.0836472 -1.0039344
1 1.0844072 0.7308476 -0.0675599
8 -0.0828642 -0.8005050 0.0043515
5
-114.696     ts77     dynamics     sesquiterpene     TS     runpoint      11     runisomer      123
6 0.0628001 0.6169146 0.0033148
1 -0.4859937 1.2071692 0.8167588
1 -0.3505275 1.1005862 -0.9321509
1 1.0916067 0.9144341 -0.0425050
8 -0.0911501 -0.8029453 0.0074635
5
-114.654160 ts77 dynamics sesquiterpene TS runpoint 1  runisomer  123
6 -0.0364016 0.6436167 0.0084760
1 -0.2489740 1.1645732 0.9861138
1 -0.2188616 0.9975803 -0.9693570
1 0.9805444 -0.0734245 -0.0241926
8 -0.0329508 -0.7515539 -0.0058910
5
-114.648 ts77 dynamics sesquiterpene TS runpoint 2  runisomer  123
6 -0.0384389 0.630425 0.00955125
1 -0.215717 1.16286 0.982082
1 -0.225987 1.06954 -1.02026
1 0.918964 -0.0829622 0.00123537
8 -0.0291888 -0.745482 -0.00483857
5
-114.649     ts77     dynamics     sesquiterpene     TS     runpoint      3     runisomer      123
6 -0.0411734 0.6186393 0.0099417
1 -0.1833038 1.1575300 0.9663676
1 -0.2329580 1.1423241 -1.0549690
1 0.8731685 -0.0953000 0.0265767
8 -0.0258549 -0.7401125 -0.0035519
5
-114.641     ts77     dynamics     sesquiterpene     TS     runpoint      4     runisomer      123
6 -0.0454493 0.6099294 0.0085078
1 -0.1532616 1.1500330 0.9436795
1 -0.2373790 1.2063516 -1.0629656
1 0.8570386 -0.1155536 0.0516604
8 -0.0232443 -0.7358651 -0.0021233
5
-114.635     ts77     dynamics     sesquiterpene     TS     runpoint      5     runisomer      123
6 -0.0515365 0.6052648 0.0045364
1 -0.1268833 1.1430648 0.9207949
1 -0.2383990 1.2552424 -1.0414274
1 0.8752713 -0.1473022 0.0769410
8 -0.0214226 -0.7330076 -0.0006513
5
-114.637     ts77     dynamics     sesquiterpene     TS     runpoint      6     runisomer      123
6 -0.0591527 0.6049133 -0.0023337
1 -0.1047544 1.1395992 0.9048583
1 -0.2361453 1.2850980 -0.9921588
1 0.9192759 -0.1934668 0.1025478
8 -0.0200182 -0.7314992 0.0007895
5
-114.645     ts77     dynamics     sesquiterpene     TS     runpoint      7     runisomer      123
6 -0.0678753 0.6087847 -0.0118963
1 -0.0864190 1.1411131 0.9005815
1 -0.2315548 1.2946425 -0.9211303
1 0.9717688 -0.2581827 0.1277204
8 -0.0182260 -0.7310239 0.0021724
5
-114.656     ts77     dynamics     sesquiterpene     TS     runpoint      8     runisomer      123
6 -0.0775121 0.6165849 -0.0230551
1 -0.0705152 1.1462898 0.9080498
1 -0.2265984 1.2871569 -0.8404275
1 1.0147566 -0.3471050 0.1512330
8 -0.0150184 -0.7311283 0.0035073
5
-114.665     ts77     dynamics     sesquiterpene     TS     runpoint      9     runisomer      123
6 -0.0880217 0.6273062 -0.0335840
1 -0.0554544 1.1516974 0.9231506
1 -0.2248041 1.2745450 -0.7716321
1 1.0349903 -0.4647783 0.1720214
8 -0.0094691 -0.7313035 0.0048103
5
-114.67     ts77     dynamics     sesquiterpene     TS     runpoint      10     runisomer      123
6 -0.0990969 0.6387955 -0.0404428
1 -0.0402610 1.1538511 0.9399996
1 -0.2310557 1.2780748 -0.7438300
1 1.0263477 -0.6099095 0.1894425
8 -0.0011781 -0.7311385 0.0060445
5
-114.679     ts77     dynamics     sesquiterpene     TS     runpoint      11     runisomer      123
6 -0.1102229 0.6492457 -0.0417319
1 -0.0248522 1.1508087 0.9532395
1 -0.2478151 1.3105349 -0.7723251
1 0.9909588 -0.7740609 0.2035706
8 0.0094849 -0.7304906 0.0070833
5
-114.698     ts77     dynamics     sesquiterpene     TS     runpoint      12     runisomer      123
6 -0.1211267 0.6589741 -0.0384239
1 -0.0096835 1.1426572 0.9594041
1 -0.2713627 1.3574126 -0.8397418
1 0.9400820 -0.9458302 0.2158510
8 0.0214001 -0.7294079 0.0076868
5
-114.708     ts77     dynamics     sesquiterpene     TS     runpoint      13     runisomer      123
6 -0.1316641 0.6689295 -0.0326656
1 0.0047335 1.1313670 0.9575571
1 -0.2956664 1.3959484 -0.9173112
1 0.8879943 -1.1163012 0.2285769
8 0.0332109 -0.7278540 0.0075690
5
-114.702     ts77     dynamics     sesquiterpene     TS     runpoint      14     runisomer      123
6 -0.1416716 0.6793120 -0.0261765
1 0.0182628 1.1203543 0.9495676
1 -0.3162424 1.4126138 -0.9845971
1 0.8379482 -1.2775007 0.2419456
8 0.0443173 -0.7258433 0.0066008
5
-114.686     ts77     dynamics     sesquiterpene     TS     runpoint      15     runisomer      123
6 -0.1510349 0.6896949 -0.0201547
1 0.0313698 1.1137470 0.9396805
1 -0.3305159 1.4025909 -1.0304182
1 0.7824566 -1.4172946 0.2533977
8 0.0549116 -0.7237774 0.0048711
5
-114.668     ts77     dynamics     sesquiterpene     TS     runpoint      16     runisomer      123
6 -0.1597141 0.6994248 -0.0154194
1 0.0449734 1.1153054 0.9328047
1 -0.3372478 1.3657791 -1.0493721
1 0.7153746 -1.5230510 0.2605105
8 0.0652178 -0.7221922 0.0024969
5
-114.656     ts77     dynamics     sesquiterpene     TS     runpoint      17     runisomer      123
6 -0.1676972 0.7078618 -0.0123137
1 0.0598441 1.1271238 0.9317530
1 -0.3362091 1.3047272 -1.0400254
1 0.6355640 -1.5864850 0.2625694
8 0.0752345 -0.7214227 -0.0004853
5
-114.654     ts77     dynamics     sesquiterpene     TS     runpoint      18     runisomer      123
6 -0.1749245 0.7144175 -0.0104721
1 0.0759279 1.1487935 0.9352362
1 -0.3282769 1.2245637 -1.0055991
1 0.5450687 -1.6050261 0.2606701
8 0.0848476 -0.7214876 -0.0041360
5
-114.662     ts77     dynamics     sesquiterpene     TS     runpoint      19     runisomer      123
6 -0.1812368 0.7183683 -0.0085779
1 0.0922038 1.1777149 0.9385013
1 -0.3158703 1.1343985 -0.9575474
1 0.4484241 -1.5843721 0.2583140
8 0.0938671 -0.7218944 -0.0086421
5
-114.666     ts77     dynamics     sesquiterpene     TS     runpoint      20     runisomer      123
6 -0.1863644 0.7186721 -0.0042106
1 0.1072369 1.2103744 0.9359690
1 -0.3031914 1.0482608 -0.9203597
1 0.3535581 -1.5450022 0.2635202
8 0.1019464 -0.7212332 -0.0144303
5
-114.658     ts77     dynamics     sesquiterpene     TS     runpoint      21     runisomer      123
6 -0.1901038 0.7144005 0.0053584
1 0.1199927 1.2436953 0.9237926
1 -0.2945322 0.9798395 -0.9246669
1 0.2687802 -1.5238084 0.2907828
8 0.1087455 -0.7171520 -0.0222886
5
-114.656     ts77     dynamics     sesquiterpene     TS     runpoint      22     runisomer      123
6 -0.1927103 0.7057106 0.0203856
1 0.1304854 1.2758780 0.9013455
1 -0.2902176 0.9316571 -0.9753299
1 0.1914859 -1.5405766 0.3514115
8 0.1146403 -0.7085669 -0.0327775
5
-114.675     ts77     dynamics     sesquiterpene     TS     runpoint      23     runisomer      123
6 -0.1948567 0.6936036 0.0380525
1 0.1398997 1.3065500 0.8711787
1 -0.2870752 0.8979425 -1.0438578
1 0.1114719 -1.5662659 0.4366155
8 0.1205025 -0.6976726 -0.0451828
5
-114.684     ts77     dynamics     sesquiterpene     TS     runpoint      24     runisomer      123
6 -0.1971941 0.6789998 0.0553071
1 0.1500926 1.3361721 0.8374680
1 -0.2826771 0.8744709 -1.1009286
1 0.0262321 -1.5663035 0.5283197
8 0.1267099 -0.6871010 -0.0581864
5
-114.679     ts77     dynamics     sesquiterpene     TS     runpoint      25     runisomer      123
6 -0.2001426 0.6626196 0.0701799
1 0.1627790 1.3649023 0.8039877
1 -0.2764309 0.8598256 -1.1305160
1 -0.0602746 -1.5253282 0.6120655
8 0.1331821 -0.6782805 -0.0706475
5
-114.674     ts77     dynamics     sesquiterpene     TS     runpoint      26     runisomer      123
6 -0.2038859 0.6452268 0.0816267
1 0.1787957 1.3914342 0.7727549
1 -0.2689248 0.8538972 -1.1267125
1 -0.1421108 -1.4415810 0.6779903
8 0.1396660 -0.6718065 -0.0816620
5
-114.676     ts77     dynamics     sesquiterpene     TS     runpoint      27     runisomer      123
6 -0.2084086 0.6277889 0.0891990
1 0.1978350 1.4126932 0.7441074
1 -0.2614103 0.8571012 -1.0896078
1 -0.2131872 -1.3205471 0.7194778
8 0.1458660 -0.6678918 -0.0904904
5
-114.683     ts77     dynamics     sesquiterpene     TS     runpoint      28     runisomer      123
6 -0.2135552 0.6114545 0.0928729
1 0.2187679 1.4247259 0.7178948
1 -0.2556582 0.8702722 -1.0240902
1 -0.2683506 -1.1729040 0.7333943
8 0.1515227 -0.6665282 -0.0966000
5
-114.692     ts77     dynamics     sesquiterpene     TS     runpoint      29     runisomer      123
6 -0.2190653 0.5973739 0.0931100
1 0.2402588 1.4240888 0.6946994
1 -0.2540175 0.8950395 -0.9413769
1 -0.3053196 -1.0144447 0.7225251
8 0.1565307 -0.6674681 -0.0998433
5
-114.692     ts77     dynamics     sesquiterpene     TS     runpoint      30     runisomer      123
6 -0.2246010 0.5864209 0.0910755
1 0.2613195 1.4088889 0.6764132
1 -0.2594010 0.9347789 -0.8615629
1 -0.3277106 -0.8647103 0.6992332
8 0.1611096 -0.6702306 -0.1007258
5
-114.679     ts77     dynamics     sesquiterpene     TS     runpoint      31     runisomer      123
6 -0.2297865 0.5789781 0.0884264
1 0.2817154 1.3791933 0.6661249
1 -0.2749139 0.9948678 -0.8101623
1 -0.3457121 -0.7413201 0.6842766
8 0.1658297 -0.6743363 -0.1003860
5
-114.663     ts77     dynamics     sesquiterpene     TS     runpoint      32     runisomer      123
6 -0.2343152 0.5752403 0.0858814
1 0.3021375 1.3368777 0.6673237
1 -0.3028500 1.0771029 -0.7997518
1 -0.3681648 -0.6533359 0.6929300
8 0.1711180 -0.6795902 -0.0997536
5
-114.659     ts77     dynamics     sesquiterpene     TS     runpoint      33     runisomer      123
6 -0.2380919 0.5757499 0.0823543
1 0.3238388 1.2850978 0.6825134
1 -0.3430332 1.1717462 -0.8176881
1 -0.3940403 -0.6021071 0.7229204
8 0.1767493 -0.6859005 -0.0988254
5
-114.661     ts77     dynamics     sesquiterpene     TS     runpoint      34     runisomer      123
6 -0.2412219 0.5809469 0.0764490
1 0.3476219 1.2275455 0.7119083
1 -0.3923244 1.2630449 -0.8426362
1 -0.4165151 -0.5849545 0.7618736
8 0.1821230 -0.6930067 -0.0971300
5
-114.661     ts77     dynamics     sesquiterpene     TS     runpoint      35     runisomer      123
6 -0.2438151 0.5907088 0.0676477
1 0.3726995 1.1675813 0.7529157
1 -0.4459257 1.3385481 -0.8594047
1 -0.4288518 -0.5972517 0.7970579
8 0.1866454 -0.7005349 -0.0942716
5
-114.658     ts77     dynamics     sesquiterpene     TS     runpoint      36     runisomer      123
6 -0.2458272 0.6045910 0.0562325
1 0.3960938 1.1077032 0.8003638
1 -0.4987277 1.3910446 -0.8601559
1 -0.4256285 -0.6348460 0.8184577
8 0.1898065 -0.7081159 -0.0899990
5
-114.658     ts77     dynamics     sesquiterpene     TS     runpoint      37     runisomer      123
6 -0.2470369 0.6220605 0.0429092
1 0.4132193 1.0499690 0.8475391
1 -0.5461316 1.4172261 -0.8420260
1 -0.4028721 -0.6951309 0.8194515
8 0.1911912 -0.7154357 -0.0841806
5
-114.664     ts77     dynamics     sesquiterpene     TS     runpoint      38     runisomer      123
6 -0.2471221 0.6424218 0.0285898
1 0.4193692 0.9967900 0.8878342
1 -0.5847438 1.4167792 -0.8057185
1 -0.3592503 -0.7758720 0.7978813
8 0.1905539 -0.7222451 -0.0769064
5
-114.675     ts77     dynamics     sesquiterpene     TS     runpoint      39     runisomer      123
6 -0.2457127 0.6645776 0.0144030
1 0.4110509 0.9511935 0.9161839
1 -0.6133629 1.3929129 -0.7557392
1 -0.2986210 -0.8735886 0.7589674
8 0.1880063 -0.7283329 -0.0687462
5
-114.684     ts77     dynamics     sesquiterpene     TS     runpoint      40     runisomer      123
6 -0.2423245 0.6868022 0.0018437
1 0.3866893 0.9165538 0.9298787
1 -0.6347709 1.3544017 -0.7023038
1 -0.2324429 -0.9847616 0.7195592
8 0.1841798 -0.7333919 -0.0610703
5
-114.683     ts77     dynamics     sesquiterpene     TS     runpoint      41     runisomer      123
6 -0.2361938 0.7066997 -0.0071644
1 0.3469920 0.8962520 0.9291265
1 -0.6581128 1.3172061 -0.6629789
1 -0.1750408 -1.1094107 0.7025945
8 0.1799370 -0.7368429 -0.0556726
5
-114.676     ts77     dynamics     sesquiterpene     TS     runpoint      42     runisomer      123
6 -0.2264824 0.7219547 -0.0110187
1 0.2953157 0.8934139 0.9180685
1 -0.6969025 1.2980359 -0.6561056
1 -0.1285053 -1.2438652 0.7096562
8 0.1754205 -0.7384288 -0.0529618
5
-114.676     ts77     dynamics     sesquiterpene     TS     runpoint      43     runisomer      123
6 -0.2133845 0.7318494 -0.0102144
1 0.2377770 0.9106755 0.9063234
1 -0.7559347 1.2975400 -0.6824762
1 -0.0849075 -1.3710546 0.7188656
8 0.1701951 -0.7388941 -0.0517443
5
-114.674     ts77     dynamics     sesquiterpene     TS     runpoint      44     runisomer      123
6 -0.1985182 0.7371725 -0.0074470
1 0.1815629 0.9500178 0.9081081
1 -0.8245980 1.3003583 -0.7233610
1 -0.0399627 -1.4724386 0.7129378
8 0.1640796 -0.7391562 -0.0509822
5
-114.666     ts77     dynamics     sesquiterpene     TS     runpoint      45     runisomer      123
6 -0.1834878 0.7387611 -0.0052477
1 0.1301290 1.0116394 0.9334306
1 -0.8886420 1.2923978 -0.7594053
1 0.0060308 -1.5366671 0.6859949
8 0.1571843 -0.7396810 -0.0502580
5
-114.661     ts77     dynamics     sesquiterpene     TS     runpoint      46     runisomer      123
6 -0.1689545 0.7372297 -0.0042411
1 0.0804482 1.0910868 0.9768055
1 -0.9383478 1.2668631 -0.7794090
1 0.0510936 -1.5589415 0.6389865
8 0.1497052 -0.7405251 -0.0495234
5
-114.663     ts77     dynamics     sesquiterpene     TS     runpoint      47     runisomer      123
6 -0.1550206 0.7332741 -0.0035581
1 0.0277984 1.1786154 1.0211547
1 -0.9685979 1.2219900 -0.7788882
1 0.0930348 -1.5402393 0.5772774
8 0.1418330 -0.7414224 -0.0489731
5
-114.668     ts77     dynamics     sesquiterpene     TS     runpoint      48     runisomer      123
6 -0.1417699 0.7275717 -0.0021375
1 -0.0293811 1.2628864 1.0508274
1 -0.9773356 1.1587655 -0.7575000
1 0.1301113 -1.4910991 0.5127044
8 0.1337098 -0.7415651 -0.0491860
5
-114.67     ts77     dynamics     sesquiterpene     TS     runpoint      49     runisomer      123
6 -0.1293243 0.7205859 0.0007218
1 -0.0894331 1.3343865 1.0572196
1 -0.9651919 1.0801478 -0.7180514
1 0.1624453 -1.4399158 0.4688909
8 0.1253552 -0.7390987 -0.0514585
5
-114.664     ts77     dynamics     sesquiterpene     TS     runpoint      50     runisomer      123
6 -0.1176441 0.7125317 0.0055048
1 -0.1490802 1.3864985 1.0379261
1 -0.9367757 0.9912604 -0.6671199
1 0.1945950 -1.4250295 0.4753738
8 0.1165355 -0.7316757 -0.0574487
5
-114.67     ts77     dynamics     sesquiterpene     TS     runpoint      51     runisomer      123
6 -0.1062773 0.7034949 0.0127686
1 -0.2045931 1.4154668 0.9948835
1 -0.9031125 0.8995800 -0.6164962
1 0.2312240 -1.4424980 0.5300983
8 0.1070787 -0.7198426 -0.0668240
5
-114.681     ts77     dynamics     sesquiterpene     TS     runpoint      52     runisomer      123
6 -0.0943362 0.6935988 0.0231265
1 -0.2524659 1.4203361 0.9335174
1 -0.8814719 0.8133871 -0.5823634
1 0.2701117 -1.4536244 0.6017360
8 0.0973253 -0.7065922 -0.0773919
5
-114.678     ts77     dynamics     sesquiterpene     TS     runpoint      53     runisomer      123
6 -0.0812920 0.6831452 0.0364657
1 -0.2900998 1.4035385 0.8630943
1 -0.8850655 0.7383343 -0.5769280
1 0.3071922 -1.4345713 0.6660301
8 0.0878022 -0.6941608 -0.0873547
5
-114.673     ts77     dynamics     sesquiterpene     TS     runpoint      54     runisomer      123
6 -0.0679672 0.6723701 0.0509980
1 -0.3170841 1.3724148 0.7977629
1 -0.9093843 0.6771750 -0.5982119
1 0.3398272 -1.3790286 0.7105681
8 0.0789832 -0.6837612 -0.0956055
5
-114.669     ts77     dynamics     sesquiterpene     TS     runpoint      55     runisomer      123
6 -0.0558311 0.6609870 0.0637415
1 -0.3367454 1.3398728 0.7558474
1 -0.9382095 0.6329331 -0.6345010
1 0.3667382 -1.2897660 0.7299240
8 0.0712394 -0.6760062 -0.1014584
5
-114.663     ts77     dynamics     sesquiterpene     TS     runpoint      56     runisomer      123
6 -0.0458679 0.6485770 0.0720129
1 -0.3550394 1.3188855 0.7530923
1 -0.9577796 0.6091125 -0.6747350
1 0.3880435 -1.1751386 0.7240021
8 0.0648090 -0.6710935 -0.1045804
5
-114.662     ts77     dynamics     sesquiterpene     TS     runpoint      57     runisomer      123
6 -0.0387588 0.6357411 0.0746555
1 -0.3746476 1.3106988 0.7913926
1 -0.9606245 0.6083255 -0.7116888
1 0.4067955 -1.0493492 0.7007348
8 0.0597100 -0.6688238 -0.1051800
5
-114.664     ts77     dynamics     sesquiterpene     TS     runpoint      58     runisomer      123
6 -0.0353086 0.6242809 0.0720453
1 -0.3920603 1.3035832 0.8577776
1 -0.9436192 0.6316369 -0.7409375
1 0.4318983 -0.9318546 0.6806785
8 0.0555665 -0.6686494 -0.1042958
5
-114.663     ts77     dynamics     sesquiterpene     TS     runpoint      59     runisomer      123
6 -0.0362152 0.6161368 0.0651296
1 -0.4020275 1.2845462 0.9351317
1 -0.9061873 0.6783977 -0.7597844
1 0.4758353 -0.8385316 0.6883739
8 0.0517493 -0.6701651 -0.1032779
5
-114.666     ts77     dynamics     sesquiterpene     TS     runpoint      60     runisomer      123
6 -0.0417306 0.6125872 0.0549294
1 -0.4012635 1.2464162 1.0094210
1 -0.8499931 0.7462947 -0.7672910
1 0.5392487 -0.7716251 0.7220851
8 0.0483036 -0.6735920 -0.1019556
5
-114.676     ts77     dynamics     sesquiterpene     TS     runpoint      61     runisomer      123
6 -0.0514883 0.6140262 0.0426388
1 -0.3888310 1.1877547 1.0705898
1 -0.7796611 0.8317107 -0.7653567
1 0.6082840 -0.7274692 0.7570473
8 0.0460608 -0.6791388 -0.0989137
5
-114.683     ts77     dynamics     sesquiterpene     TS     runpoint      62     runisomer      123
6 -0.0644772 0.6200328 0.0298211
1 -0.3655202 1.1109938 1.1116237
1 -0.7033826 0.9308700 -0.7601125
1 0.6689142 -0.7033900 0.7732985
8 0.0457124 -0.6865733 -0.0932369
5
-114.688     ts77     dynamics     sesquiterpene     TS     runpoint      63     runisomer      123
6 -0.0793364 0.6295285 0.0182645
1 -0.3333285 1.0212221 1.1282085
1 -0.6309037 1.0414152 -0.7610055
1 0.7124165 -0.6973399 0.7617187
8 0.0475252 -0.6953859 -0.0848256
