5
-114.654160 ts77 dynamics sesquiterpene TS runpoint 1  runisomer  188
6 -0.0244209 0.6378901 -0.0066761
1 -0.2404448 1.1539275 0.9212171
1 -0.3716242 1.1685014 -0.9141884
1 1.0095930 -0.0934989 0.1235240
8 -0.0346808 -0.7560922 -0.0032168
5
-114.651 ts77 dynamics sesquiterpene TS runpoint 2  runisomer  188
6 -0.0258624 0.649373 -0.00410524
1 -0.213196 1.08104 0.866545
1 -0.339688 1.17659 -0.915442
1 0.96109 -0.0526178 0.106505
8 -0.0342726 -0.763199 -0.000549319
5
-114.645     ts77     dynamics     sesquiterpene     TS     runpoint      3     runisomer      188
6 -0.0268226 0.6588408 -0.0046212
1 -0.1953581 1.0283093 0.8501737
1 -0.3042742 1.1815247 -0.9144909
1 0.9190224 -0.0068210 0.0866365
8 -0.0342572 -0.7701754 0.0020624
5
-114.634     ts77     dynamics     sesquiterpene     TS     runpoint      4     runisomer      188
6 -0.0271002 0.6650468 -0.0100133
1 -0.1929738 1.0079824 0.8971082
1 -0.2674684 1.1854017 -0.9134697
1 0.8954408 0.0451542 0.0644354
8 -0.0350327 -0.7770678 0.0044851
5
-114.64     ts77     dynamics     sesquiterpene     TS     runpoint      5     runisomer      188
6 -0.0271897 0.6684204 -0.0178901
1 -0.2023569 1.0110501 0.9838043
1 -0.2320563 1.1910688 -0.9157680
1 0.9008306 0.1053775 0.0403246
8 -0.0369457 -0.7839425 0.0065964
5
-114.648     ts77     dynamics     sesquiterpene     TS     runpoint      6     runisomer      188
6 -0.0274809 0.6695105 -0.0245895
1 -0.2169643 1.0241000 1.0704828
1 -0.2009133 1.2009551 -0.9242169
1 0.9396529 0.1775321 0.0148064
8 -0.0402166 -0.7907521 0.0083010
5
-114.65     ts77     dynamics     sesquiterpene     TS     runpoint      7     runisomer      188
6 -0.0276036 0.6682242 -0.0280690
1 -0.2326990 1.0395098 1.1326112
1 -0.1764181 1.2154134 -0.9384560
1 1.0066754 0.2664819 -0.0113655
8 -0.0449013 -0.7972722 0.0095424
5
-114.653     ts77     dynamics     sesquiterpene     TS     runpoint      8     runisomer      188
6 -0.0265707 0.6643330 -0.0278469
1 -0.2474931 1.0536109 1.1595130
1 -0.1603443 1.2320775 -0.9543463
1 1.0880105 0.3751753 -0.0369405
8 -0.0508830 -0.8031390 0.0102923
5
-114.658     ts77     dynamics     sesquiterpene     TS     runpoint      9     runisomer      188
6 -0.0232830 0.6579727 -0.0242801
1 -0.2602698 1.0643258 1.1478399
1 -0.1539693 1.2468273 -0.9659910
1 1.1668904 0.5017394 -0.0601642
8 -0.0579181 -0.8079455 0.0105474
5
-114.664     ts77     dynamics     sesquiterpene     TS     runpoint      10     runisomer      188
6 -0.0169536 0.6496901 -0.0180571
1 -0.2705171 1.0702958 1.0985692
1 -0.1580428 1.2553278 -0.9682954
1 1.2294251 0.6398785 -0.0791664
8 -0.0657059 -0.8113470 0.0103239
5
-114.67     ts77     dynamics     sesquiterpene     TS     runpoint      11     runisomer      188
6 -0.0072251 0.6402053 -0.0100680
1 -0.2784752 1.0711657 1.0173858
1 -0.1726630 1.2540882 -0.9584683
1 1.2670226 0.7812777 -0.0924133
8 -0.0739531 -0.8131166 0.0096599
5
-114.676     ts77     dynamics     sesquiterpene     TS     runpoint      12     runisomer      188
6 0.0059891 0.6300830 -0.0016034
1 -0.2862320 1.0691620 0.9178899
1 -0.1972244 1.2409319 -0.9366021
1 1.2759647 0.9175961 -0.0989495
8 -0.0823953 -0.8131571 0.0086117
5
-114.678     ts77     dynamics     sesquiterpene     TS     runpoint      13     runisomer      188
6 0.0228208 0.6193797 0.0053636
1 -0.2999752 1.0718909 0.8253863
1 -0.2305200 1.2151984 -0.9059282
1 1.2559814 1.0414184 -0.0984946
8 -0.0908011 -0.8114792 0.0072520
5
-114.671     ts77     dynamics     sesquiterpene     TS     runpoint      14     runisomer      188
6 0.0436202 0.6076734 0.0087784
1 -0.3303874 1.0914758 0.7700885
1 -0.2711165 1.1777779 -0.8728228
1 1.2090858 1.1465160 -0.0915698
8 -0.0989774 -0.8081940 0.0056520
5
-114.668     ts77     dynamics     sesquiterpene     TS     runpoint      15     runisomer      188
6 0.0682027 0.5953540 0.0085995
1 -0.3827760 1.1304418 0.7602907
1 -0.3184509 1.1311125 -0.8453734
1 1.1394498 1.2272522 -0.0791974
8 -0.1067495 -0.8035535 0.0038934
5
-114.677     ts77     dynamics     sesquiterpene     TS     runpoint      16     runisomer      188
6 0.0954624 0.5842340 0.0068033
1 -0.4493238 1.1741174 0.7759048
1 -0.3751598 1.0764566 -0.8285421
1 1.0544705 1.2799109 -0.0613558
8 -0.1140813 -0.7978378 0.0020717
5
-114.68     ts77     dynamics     sesquiterpene     TS     runpoint      17     runisomer      188
6 0.1229470 0.5756492 0.0055005
1 -0.5172082 1.2065278 0.7951257
1 -0.4404389 1.0151900 -0.8235444
1 0.9664995 1.3043092 -0.0407998
8 -0.1207688 -0.7911169 0.0002273
5
-114.654160 ts77 dynamics sesquiterpene TS runpoint 1  runisomer  188
6 -0.0244209 0.6378901 -0.0066761
1 -0.2404448 1.1539275 0.9212171
1 -0.3716242 1.1685014 -0.9141884
1 1.0095930 -0.0934989 0.1235240
8 -0.0346808 -0.7560922 -0.0032168
5
-114.651 ts77 dynamics sesquiterpene TS runpoint 2  runisomer  188
6 -0.0229599 0.626339 -0.00954074
1 -0.26813 1.2265 0.978533
1 -0.39884 1.15624 -0.90974
1 1.0537 -0.130359 0.13709
8 -0.0350965 -0.748904 -0.00581416
5
-114.643     ts77     dynamics     sesquiterpene     TS     runpoint      3     runisomer      188
6 -0.0217397 0.6161581 -0.0111771
1 -0.2906193 1.2851366 1.0189001
1 -0.4208528 1.1397750 -0.9020013
1 1.0850483 -0.1641246 0.1466780
8 -0.0351839 -0.7417955 -0.0082217
5
-114.631     ts77     dynamics     sesquiterpene     TS     runpoint      4     runisomer      188
6 -0.0208925 0.6083031 -0.0110202
1 -0.3052613 1.3230857 1.0350054
1 -0.4378730 1.1199930 -0.8918500
1 1.0979281 -0.1963988 0.1519767
8 -0.0346368 -0.7350148 -0.0103280
5
-114.623     ts77     dynamics     sesquiterpene     TS     runpoint      5     runisomer      188
6 -0.0205878 0.6035371 -0.0089278
1 -0.3109168 1.3373535 1.0252747
1 -0.4507297 1.0984804 -0.8811423
1 1.0888979 -0.2303169 0.1529389
8 -0.0331315 -0.7288468 -0.0120198
5
-114.624     ts77     dynamics     sesquiterpene     TS     runpoint      6     runisomer      188
6 -0.0211562 0.6025880 -0.0049633
1 -0.3071682 1.3268965 0.9908675
1 -0.4606933 1.0771998 -0.8723921
1 1.0565583 -0.2714486 0.1498110
8 -0.0302781 -0.7235450 -0.0131809
5
-114.635     ts77     dynamics     sesquiterpene     TS     runpoint      7     runisomer      188
6 -0.0231467 0.6061143 0.0005802
1 -0.2941914 1.2925405 0.9354093
1 -0.4691071 1.0580407 -0.8681495
1 1.0022069 -0.3281282 0.1432481
8 -0.0256487 -0.7192486 -0.0136991
5
-114.654     ts77     dynamics     sesquiterpene     TS     runpoint      8     runisomer      188
6 -0.0272013 0.6143912 0.0069428
1 -0.2733882 1.2388898 0.8673111
1 -0.4769126 1.0424024 -0.8701745
1 0.9326163 -0.4095751 0.1347077
8 -0.0190432 -0.7159630 -0.0135162
5
-114.672     ts77     dynamics     sesquiterpene     TS     runpoint      9     runisomer      188
6 -0.0335898 0.6266245 0.0124107
1 -0.2491513 1.1789318 0.8056335
1 -0.4843401 1.0310474 -0.8786597
1 0.8676722 -0.5198545 0.1276478
8 -0.0112184 -0.7137011 -0.0127521
5
-114.672     ts77     dynamics     sesquiterpene     TS     runpoint      10     runisomer      188
6 -0.0416952 0.6403397 0.0138911
1 -0.2303266 1.1374244 0.7854655
1 -0.4910969 1.0242523 -0.8918853
1 0.8500326 -0.6532908 0.1293363
8 -0.0047873 -0.7125408 -0.0118641
5
-114.668     ts77     dynamics     sesquiterpene     TS     runpoint      11     runisomer      188
6 -0.0504633 0.6528796 0.0088615
1 -0.2236541 1.1337519 0.8356224
1 -0.4970388 1.0220481 -0.9069120
1 0.9058026 -0.8067891 0.1449218
8 -0.0017695 -0.7119084 -0.0112856
5
-114.701     ts77     dynamics     sesquiterpene     TS     runpoint      12     runisomer      188
6 -0.0595381 0.6642171 -0.0007751
1 -0.2241404 1.1552001 0.9339459
1 -0.5027212 1.0244272 -0.9212205
1 0.9832068 -0.9742359 0.1664376
8 0.0005490 -0.7113652 -0.0107047
5
-114.713     ts77     dynamics     sesquiterpene     TS     runpoint      13     runisomer      188
6 -0.0688123 0.6752759 -0.0112126
1 -0.2245661 1.1800060 1.0370125
1 -0.5090790 1.0313163 -0.9334519
1 1.0341040 -1.1361187 0.1854015
8 0.0047265 -0.7114597 -0.0097923
5
-114.693     ts77     dynamics     sesquiterpene     TS     runpoint      14     runisomer      188
6 -0.0779761 0.6862018 -0.0199563
1 -0.2220452 1.1970100 1.1174336
1 -0.5168143 1.0424210 -0.9430334
1 1.0432680 -1.2756864 0.1984028
8 0.0113532 -0.7126352 -0.0085147
5
-114.665     ts77     dynamics     sesquiterpene     TS     runpoint      15     runisomer      188
6 -0.0866590 0.6966289 -0.0258117
1 -0.2162620 1.2026380 1.1629764
1 -0.5261019 1.0570573 -0.9495370
1 1.0107031 -1.3826051 0.2046006
8 0.0201398 -0.7149984 -0.0069717
5
-114.648     ts77     dynamics     sesquiterpene     TS     runpoint      16     runisomer      188
6 -0.0945333 0.7061547 -0.0282912
1 -0.2077870 1.1963687 1.1690525
1 -0.5366544 1.0740323 -0.9522187
1 0.9403769 -1.4501084 0.2039573
8 0.0306096 -0.7185661 -0.0052855
5
-114.646     ts77     dynamics     sesquiterpene     TS     runpoint      17     runisomer      188
6 -0.1013358 0.7145112 -0.0272893
1 -0.1974821 1.1788708 1.1350020
1 -0.5479252 1.0916826 -0.9499868
1 0.8371241 -1.4731637 0.1967778
8 0.0422811 -0.7233920 -0.0035808
5
-114.661     ts77     dynamics     sesquiterpene     TS     runpoint      18     runisomer      188
6 -0.1068915 0.7214339 -0.0230620
1 -0.1863540 1.1519183 1.0641081
1 -0.5592386 1.1081206 -0.9417896
1 0.7096197 -1.4514371 0.1845269
8 0.0544950 -0.7292924 -0.0020304
5
-114.68     ts77     dynamics     sesquiterpene     TS     runpoint      19     runisomer      188
6 -0.1111169 0.7263699 -0.0165421
1 -0.1756222 1.1199383 0.9678098
1 -0.5698543 1.1215790 -0.9271959
1 0.5813563 -1.4034212 0.1732826
8 0.0657391 -0.7348532 -0.0010650
5
-114.67     ts77     dynamics     sesquiterpene     TS     runpoint      20     runisomer      188
6 -0.1139435 0.7281356 -0.0100955
1 -0.1670466 1.0938595 0.8753678
1 -0.5791854 1.1307031 -0.9069470
1 0.5064780 -1.3961007 0.1817084
8 0.0726250 -0.7355700 -0.0018835
5
-114.635     ts77     dynamics     sesquiterpene     TS     runpoint      21     runisomer      188
6 -0.1152113 0.7249021 -0.0077678
1 -0.1629481 1.0936813 0.8378057
1 -0.5873380 1.1348708 -0.8834302
1 0.5131999 -1.4829062 0.2269459
8 0.0734071 -0.7279248 -0.0055971
5
-114.651     ts77     dynamics     sesquiterpene     TS     runpoint      22     runisomer      188
6 -0.1147680 0.7158964 -0.0112331
1 -0.1637812 1.1306109 0.8808670
1 -0.5957325 1.1344498 -0.8610384
1 0.5452482 -1.5838052 0.2885535
8 0.0716363 -0.7171108 -0.0110044
5
-114.665     ts77     dynamics     sesquiterpene     TS     runpoint      23     runisomer      188
6 -0.1126215 0.7029281 -0.0164731
1 -0.1667424 1.1871457 0.9641325
1 -0.6068586 1.1304791 -0.8450734
1 0.5709654 -1.6445500 0.3496497
8 0.0692920 -0.7068663 -0.0171752
5
-114.659     ts77     dynamics     sesquiterpene     TS     runpoint      24     runisomer      188
6 -0.1088073 0.6882018 -0.0193873
1 -0.1694111 1.2419988 1.0434751
1 -0.6225402 1.1236714 -0.8384182
1 0.5817126 -1.6492657 0.4035633
8 0.0669079 -0.6985476 -0.0238043
5
-114.648     ts77     dynamics     sesquiterpene     TS     runpoint      25     runisomer      188
6 -0.1034707 0.6732404 -0.0182853
1 -0.1708272 1.2834295 1.0977688
1 -0.6424080 1.1134059 -0.8394229
1 0.5754534 -1.5956272 0.4472985
8 0.0646392 -0.6926666 -0.0307436
5
-114.649     ts77     dynamics     sesquiterpene     TS     runpoint      26     runisomer      188
6 -0.0969584 0.6591655 -0.0130477
1 -0.1707148 1.3060160 1.1197265
1 -0.6640030 1.0979167 -0.8429434
1 0.5519168 -1.4866241 0.4791355
8 0.0625884 -0.6894237 -0.0378407
