5
-114.654160 ts77 dynamics sesquiterpene TS runpoint 1  runisomer  151
6 -0.0229539 0.6183882 0.0005676
1 -0.3262068 1.1012809 1.0420751
1 -0.2792469 0.9647701 -0.9703530
1 1.0252473 -0.1043013 -0.0273999
8 -0.0371853 -0.7246258 -0.0032189
5
-114.64 ts77 dynamics sesquiterpene TS runpoint 2  runisomer  151
6 -0.0204801 0.610931 0.00119383
1 -0.332231 1.14432 1.07634
1 -0.31096 0.958367 -0.995547
1 1.07458 -0.0935323 -0.0020134
8 -0.0397719 -0.722018 -0.00585978
5
-114.632     ts77     dynamics     sesquiterpene     TS     runpoint      3     runisomer      151
6 -0.0177080 0.6047445 0.0034558
1 -0.3306497 1.1783361 1.0801275
1 -0.3424744 0.9639713 -1.0152124
1 1.1135363 -0.0710467 0.0235801
8 -0.0424200 -0.7212895 -0.0081693
5
-114.628     ts77     dynamics     sesquiterpene     TS     runpoint      4     runisomer      151
6 -0.0144071 0.5999388 0.0067154
1 -0.3209412 1.2003814 1.0528705
1 -0.3700109 0.9783019 -1.0214782
1 1.1399302 -0.0303173 0.0485615
8 -0.0454363 -0.7225424 -0.0100758
5
-114.632     ts77     dynamics     sesquiterpene     TS     runpoint      5     runisomer      151
6 -0.0103707 0.5963988 0.0104072
1 -0.3033542 1.2090446 0.9975305
1 -0.3902606 0.9984215 -1.0102244
1 1.1542065 0.0344213 0.0720499
8 -0.0491957 -0.7257780 -0.0115482
5
-114.644     ts77     dynamics     sesquiterpene     TS     runpoint      6     runisomer      151
6 -0.0053780 0.5938543 0.0139678
1 -0.2794200 1.2050395 0.9214350
1 -0.4008130 1.0217925 -0.9811596
1 1.1579274 0.1269726 0.0930009
8 -0.0540198 -0.7309198 -0.0125761
5
-114.66     ts77     dynamics     sesquiterpene     TS     runpoint      7     runisomer      151
6 0.0009048 0.5918370 0.0165905
1 -0.2531703 1.1932087 0.8389635
1 -0.4005373 1.0463517 -0.9377021
1 1.1526098 0.2479052 0.1100138
8 -0.0600704 -0.7378280 -0.0131570
5
-114.673     ts77     dynamics     sesquiterpene     TS     runpoint      8     runisomer      151
6 0.0089777 0.5895193 0.0170479
1 -0.2322476 1.1848980 0.7735208
1 -0.3900349 1.0708624 -0.8869490
1 1.1401578 0.3936912 0.1213414
8 -0.0673218 -0.7462952 -0.0132872
5
-114.679     ts77     dynamics     sesquiterpene     TS     runpoint      9     runisomer      151
6 0.0192809 0.5859453 0.0142531
1 -0.2259423 1.1939670 0.7499100
1 -0.3720141 1.0954309 -0.8390797
1 1.1244329 0.5570332 0.1253953
8 -0.0755935 -0.7560250 -0.0129732
5
-114.685     ts77     dynamics     sesquiterpene     TS     runpoint      10     runisomer      151
6 0.0316705 0.5811659 0.0087424
1 -0.2381397 1.2211681 0.7737105
1 -0.3510881 1.1214689 -0.8049218
1 1.1110552 0.7289086 0.1216301
8 -0.0845964 -0.7666237 -0.0122525
5
-114.654160 ts77 dynamics sesquiterpene TS runpoint 1  runisomer  151
6 -0.0229539 0.6183882 0.0005676
1 -0.3262068 1.1012809 1.0420751
1 -0.2792469 0.9647701 -0.9703530
1 1.0252473 -0.1043013 -0.0273999
8 -0.0371853 -0.7246258 -0.0032189
5
-114.64 ts77 dynamics sesquiterpene TS runpoint 2  runisomer  151
6 -0.0253845 0.626743 0.00202435
1 -0.314242 1.05426 0.983031
1 -0.250793 0.986249 -0.949546
1 0.971076 -0.110006 -0.0519365
8 -0.0344955 -0.728925 -0.0003565
5
-114.647     ts77     dynamics     sesquiterpene     TS     runpoint      3     runisomer      151
6 -0.0279907 0.6353667 0.0050638
1 -0.3005272 1.0119154 0.9144867
1 -0.2275114 1.0241679 -0.9405185
1 0.9205562 -0.1171805 -0.0754203
8 -0.0316904 -0.7346631 0.0025912
5
-114.645     ts77     dynamics     sesquiterpene     TS     runpoint      4     runisomer      151
6 -0.0307703 0.6434130 0.0074547
1 -0.2934204 0.9875760 0.8657835
1 -0.2090858 1.0764539 -0.9434199
1 0.8830086 -0.1319391 -0.0983107
8 -0.0288489 -0.7415296 0.0054903
5
-114.637     ts77     dynamics     sesquiterpene     TS     runpoint      5     runisomer      151
6 -0.0335515 0.6502090 0.0062696
1 -0.3022770 0.9937734 0.8682236
1 -0.1938272 1.1376029 -0.9518610
1 0.8652233 -0.1595354 -0.1215639
8 -0.0260459 -0.7491328 0.0082215
5
-114.641     ts77     dynamics     sesquiterpene     TS     runpoint      6     runisomer      151
6 -0.0367151 0.6562047 0.0012958
1 -0.3264682 1.0284363 0.9191736
1 -0.1800929 1.2006384 -0.9580800
1 0.8686525 -0.2043380 -0.1459771
8 -0.0232316 -0.7569639 0.0106733
5
-114.655     ts77     dynamics     sesquiterpene     TS     runpoint      7     runisomer      151
6 -0.0411270 0.6626739 -0.0050166
1 -0.3560781 1.0769233 0.9859319
1 -0.1669061 1.2590239 -0.9564800
1 0.8887492 -0.2704601 -0.1715779
8 -0.0201551 -0.7643846 0.0127144
5
-114.662     ts77     dynamics     sesquiterpene     TS     runpoint      8     runisomer      151
6 -0.0473774 0.6705582 -0.0104355
1 -0.3827662 1.1259435 1.0408117
1 -0.1538668 1.3076925 -0.9444152
1 0.9167940 -0.3620237 -0.1975323
8 -0.0163744 -0.7706860 0.0141952
5
-114.665     ts77     dynamics     sesquiterpene     TS     runpoint      9     runisomer      151
6 -0.0556514 0.6801722 -0.0136791
1 -0.4024419 1.1673600 1.0697786
1 -0.1408887 1.3435409 -0.9220933
1 0.9432758 -0.4815728 -0.2225210
8 -0.0114138 -0.7752349 0.0149693
5
-114.671     ts77     dynamics     sesquiterpene     TS     runpoint      10     runisomer      151
6 -0.0658342 0.6912771 -0.0140549
1 -0.4135857 1.1965425 1.0676642
1 -0.1279485 1.3657362 -0.8923907
1 0.9609439 -0.6272496 -0.2453193
8 -0.0050015 -0.7776253 0.0149474
5
-114.681     ts77     dynamics     sesquiterpene     TS     runpoint      11     runisomer      151
6 -0.0775630 0.7031810 -0.0111973
1 -0.4160194 1.2109294 1.0345014
1 -0.1148689 1.3758834 -0.8606645
1 0.9659274 -0.7919745 -0.2652354
8 0.0028115 -0.7777228 0.0141461
5
-114.693     ts77     dynamics     sesquiterpene     TS     runpoint      12     runisomer      151
6 -0.0902851 0.7148811 -0.0050819
1 -0.4108415 1.2098792 0.9751173
1 -0.1011049 1.3776929 -0.8341486
1 0.9561535 -0.9653533 -0.2819205
8 0.0117782 -0.7756248 0.0126782
5
-114.701     ts77     dynamics     sesquiterpene     TS     runpoint      13     runisomer      151
6 -0.1032721 0.7251697 0.0036024
1 -0.4014154 1.1961523 0.9018671
1 -0.0856472 1.3755381 -0.8201052
1 0.9289635 -1.1353804 -0.2946919
8 0.0216659 -0.7716307 0.0106952
5
-114.698     ts77     dynamics     sesquiterpene     TS     runpoint      14     runisomer      151
6 -0.1155282 0.7326254 0.0128135
1 -0.3951147 1.1789838 0.8394271
1 -0.0672988 1.3720052 -0.8225789
1 0.8815465 -1.2892970 -0.3024882
8 0.0322951 -0.7662226 0.0083624
5
-114.68     ts77     dynamics     sesquiterpene     TS     runpoint      15     runisomer      151
6 -0.1258217 0.7357333 0.0192364
1 -0.4027710 1.1739052 0.8219210
1 -0.0453824 1.3664228 -0.8399282
1 0.8134172 -1.4153666 -0.3046405
8 0.0434114 -0.7599412 0.0058723
5
-114.665     ts77     dynamics     sesquiterpene     TS     runpoint      16     runisomer      151
6 -0.1334775 0.7340191 0.0208885
1 -0.4289872 1.1878033 0.8634056
1 -0.0202633 1.3560600 -0.8658296
1 0.7273394 -1.5050817 -0.3014832
8 0.0546461 -0.7532267 0.0034475
5
-114.666     ts77     dynamics     sesquiterpene     TS     runpoint      17     runisomer      151
6 -0.1389981 0.7287323 0.0190740
1 -0.4650232 1.2081058 0.9383562
1 0.0068138 1.3383941 -0.8926073
1 0.6285443 -1.5546603 -0.2945706
8 0.0655753 -0.7463050 0.0013358
5
-114.668     ts77     dynamics     sesquiterpene     TS     runpoint      18     runisomer      151
6 -0.1432170 0.7212687 0.0159084
1 -0.4994009 1.2196958 1.0134835
1 0.0342466 1.3123436 -0.9137863
1 0.5239799 -1.5667973 -0.2870355
8 0.0757646 -0.7390321 -0.0001659
5
-114.662     ts77     dynamics     sesquiterpene     TS     runpoint      19     runisomer      151
6 -0.1467308 0.7122868 0.0127024
1 -0.5250730 1.2149561 1.0681148
1 0.0605570 1.2785354 -0.9253308
1 0.4220201 -1.5539926 -0.2845271
8 0.0847841 -0.7306729 -0.0006372
5
-114.655     ts77     dynamics     sesquiterpene     TS     runpoint      20     runisomer      151
6 -0.1499473 0.7019164 0.0101214
1 -0.5388130 1.1919402 1.0924128
1 0.0847442 1.2392264 -0.9260297
1 0.3303393 -1.5397211 -0.2958610
8 0.0923139 -0.7198666 0.0005230
5
-114.651     ts77     dynamics     sesquiterpene     TS     runpoint      21     runisomer      151
6 -0.1532052 0.6901112 0.0085250
1 -0.5395793 1.1516640 1.0828441
1 0.1065119 1.1981638 -0.9174251
1 0.2493354 -1.5441297 -0.3291463
8 0.0985378 -0.7056102 0.0038749
5
-114.66     ts77     dynamics     sesquiterpene     TS     runpoint      22     runisomer      151
6 -0.1568178 0.6768628 0.0080443
1 -0.5279405 1.0971707 1.0405251
1 0.1263273 1.1602210 -0.9033308
1 0.1704340 -1.5602194 -0.3832263
8 0.1042371 -0.6888350 0.0094182
5
-114.674     ts77     dynamics     sesquiterpene     TS     runpoint      23     runisomer      151
6 -0.1609945 0.6622255 0.0083560
1 -0.5067304 1.0341525 0.9729095
1 0.1451956 1.1305160 -0.8886083
1 0.0863023 -1.5634542 -0.4485384
8 0.1101448 -0.6718093 0.0166281
5
-114.684     ts77     dynamics     sesquiterpene     TS     runpoint      24     runisomer      151
6 -0.1656065 0.6461809 0.0081414
1 -0.4829238 0.9728207 0.8990102
1 0.1640589 1.1130748 -0.8771302
1 -0.0041956 -1.5354346 -0.5150221
8 0.1166169 -0.6565749 0.0249074
5
-114.682     ts77     dynamics     sesquiterpene     TS     runpoint      25     runisomer      151
6 -0.1699772 0.6285525 0.0046757
1 -0.4689345 0.9288568 0.8533243
1 0.1830773 1.1096899 -0.8700470
1 -0.0980535 -1.4694096 -0.5752713
8 0.1237280 -0.6445278 0.0337308
5
-114.677     ts77     dynamics     sesquiterpene     TS     runpoint      26     runisomer      151
6 -0.1734674 0.6096445 -0.0044489
1 -0.4752616 0.9155353 0.8658781
1 0.2015232 1.1197268 -0.8659416
1 -0.1903774 -1.3672486 -0.6243717
8 0.1313985 -0.6365737 0.0426168
5
-114.688     ts77     dynamics     sesquiterpene     TS     runpoint      27     runisomer      151
6 -0.1766740 0.5913246 -0.0179368
1 -0.4968006 0.9297776 0.9231390
1 0.2183822 1.1407197 -0.8623804
1 -0.2759481 -1.2369795 -0.6597362
8 0.1394907 -0.6332591 0.0511279
5
-114.701     ts77     dynamics     sesquiterpene     TS     runpoint      28     runisomer      151
6 -0.1807880 0.5762751 -0.0324520
1 -0.5205067 0.9587929 0.9881422
1 0.2327651 1.1689640 -0.8567053
1 -0.3506969 -1.0913051 -0.6814244
8 0.1478741 -0.6347556 0.0589269
5
-114.697     ts77     dynamics     sesquiterpene     TS     runpoint      29     runisomer      151
6 -0.1865187 0.5666855 -0.0455792
1 -0.5377647 0.9923654 1.0356049
1 0.2440773 1.2002018 -0.8464659
1 -0.4125883 -0.9450620 -0.6918061
8 0.1564469 -0.6408614 0.0657900
5
-114.684     ts77     dynamics     sesquiterpene     TS     runpoint      30     runisomer      151
6 -0.1940281 0.5638301 -0.0560280
1 -0.5451128 1.0245480 1.0543389
1 0.2521870 1.2304877 -0.8301174
1 -0.4610951 -0.8115912 -0.6937650
8 0.1650880 -0.6510651 0.0715383
5
-114.67     ts77     dynamics     sesquiterpene     TS     runpoint      31     runisomer      151
6 -0.2031331 0.5679943 -0.0631319
1 -0.5420667 1.0519557 1.0408608
1 0.2574732 1.2568930 -0.8075478
1 -0.4965034 -0.7002811 -0.6894096
8 0.1736241 -0.6645941 0.0760163
5
-114.661     ts77     dynamics     sesquiterpene     TS     runpoint      32     runisomer      151
6 -0.2134378 0.5785711 -0.0665907
1 -0.5299643 1.0725953 0.9958710
1 0.2607690 1.2778707 -0.7802727
1 -0.5204432 -0.6159582 -0.6807451
8 0.1818923 -0.6804654 0.0791766
5
-114.661     ts77     dynamics     sesquiterpene     TS     runpoint      33     runisomer      151
6 -0.2243867 0.5943253 -0.0664703
1 -0.5117775 1.0858537 0.9242943
1 0.2633604 1.2932802 -0.7513578
1 -0.5358254 -0.5597462 -0.6700740
8 0.1897648 -0.6976331 0.0810978
5
-114.664     ts77     dynamics     sesquiterpene     TS     runpoint      34     runisomer      151
6 -0.2352690 0.6136212 -0.0634706
1 -0.4926815 1.0941395 0.8385972
1 0.2669867 1.3040923 -0.7250416
1 -0.5452501 -0.5308959 -0.6591179
8 0.1970898 -0.7151314 0.0818949
5
-114.663     ts77     dynamics     sesquiterpene     TS     runpoint      35     runisomer      151
6 -0.2451595 0.6343864 -0.0594105
1 -0.4810982 1.1063247 0.7639786
1 0.2735835 1.3117766 -0.7058733
1 -0.5496033 -0.5283122 -0.6482306
8 0.2036378 -0.7321250 0.0816522
5
-114.652     ts77     dynamics     sesquiterpene     TS     runpoint      36     runisomer      151
6 -0.2529971 0.6542434 -0.0569822
1 -0.4874340 1.1378176 0.7346016
1 0.2846469 1.3174710 -0.6973624
1 -0.5479625 -0.5513928 -0.6365980
8 0.2091152 -0.7479121 0.0804068
5
-114.648     ts77     dynamics     sesquiterpene     TS     runpoint      37     runisomer      151
6 -0.2582523 0.6719436 -0.0572388
1 -0.5154390 1.1944974 0.7629352
1 0.3005419 1.3213695 -0.7006778
1 -0.5386662 -0.6002820 -0.6232032
8 0.2132335 -0.7619289 0.0781749
5
-114.66     ts77     dynamics     sesquiterpene     TS     runpoint      38     runisomer      151
6 -0.2613407 0.6883043 -0.0582893
1 -0.5568924 1.2611015 0.8237721
1 0.3201055 1.3226778 -0.7141072
1 -0.5209582 -0.6752495 -0.6080203
8 0.2158140 -0.7737591 0.0750147
5
-114.671     ts77     dynamics     sesquiterpene     TS     runpoint      39     runisomer      151
6 -0.2628726 0.7044874 -0.0580113
1 -0.6006502 1.3194409 0.8866066
1 0.3408093 1.3200573 -0.7336605
1 -0.4968907 -0.7752667 -0.5932236
8 0.2168984 -0.7831098 0.0711433
5
-114.673     ts77     dynamics     sesquiterpene     TS     runpoint      40     runisomer      151
6 -0.2632089 0.7208984 -0.0554715
1 -0.6388348 1.3592795 0.9332267
1 0.3595723 1.3123558 -0.7545058
1 -0.4720230 -0.8971965 -0.5834098
8 0.2168052 -0.7897659 0.0669913
5
-114.671     ts77     dynamics     sesquiterpene     TS     runpoint      41     runisomer      151
6 -0.2625481 0.7372902 -0.0506086
1 -0.6668053 1.3765090 0.9552207
1 0.3737003 1.2991817 -0.7722991
1 -0.4511519 -1.0363986 -0.5816962
8 0.2158644 -0.7935501 0.0629649
5
-114.672     ts77     dynamics     sesquiterpene     TS     runpoint      42     runisomer      151
6 -0.2610596 0.7531067 -0.0437522
1 -0.6820613 1.3702454 0.9496895
1 0.3815102 1.2811286 -0.7840254
1 -0.4312691 -1.1852640 -0.5833445
8 0.2139615 -0.7945058 0.0590072
5
-114.674     ts77     dynamics     sesquiterpene     TS     runpoint      43     runisomer      151
6 -0.2589129 0.7676781 -0.0353940
1 -0.6838769 1.3417612 0.9175601
1 0.3826053 1.2597454 -0.7884238
1 -0.4037532 -1.3309083 -0.5777889
8 0.2106608 -0.7931203 0.0546832
5
-114.675     ts77     dynamics     sesquiterpene     TS     runpoint      44     runisomer      151
6 -0.2561903 0.7801925 -0.0262327
1 -0.6740001 1.2951100 0.8646289
1 0.3779153 1.2373671 -0.7861266
1 -0.3626806 -1.4585135 -0.5567837
8 0.2057017 -0.7901204 0.0496716
5
-114.672     ts77     dynamics     sesquiterpene     TS     runpoint      45     runisomer      151
6 -0.2526850 0.7895038 -0.0175007
1 -0.6587663 1.2392356 0.8054899
1 0.3695787 1.2168769 -0.7795045
1 -0.3076009 -1.5561662 -0.5175649
8 0.1991659 -0.7861412 0.0439536
5
-114.662     ts77     dynamics     sesquiterpene     TS     runpoint      46     runisomer      151
6 -0.2476612 0.7939725 -0.0113332
1 -0.6515861 1.1894962 0.7674497
1 0.3606190 1.2013891 -0.7721446
1 -0.2420574 -1.6167838 -0.4617174
8 0.1913780 -0.7815642 0.0377361
5
-114.649     ts77     dynamics     sesquiterpene     TS     runpoint      47     runisomer      151
6 -0.2402526 0.7920836 -0.0098297
1 -0.6676241 1.1602173 0.7785381
1 0.3543834 1.1938674 -0.7679881
1 -0.1720564 -1.6388898 -0.3938772
8 0.1828116 -0.7764345 0.0313684
5
-114.651     ts77     dynamics     sesquiterpene     TS     runpoint      48     runisomer      151
6 -0.2309163 0.7837892 -0.0123547
1 -0.7056126 1.1489159 0.8341663
1 0.3536461 1.1965462 -0.7701160
1 -0.1055467 -1.6289476 -0.3215578
8 0.1740556 -0.7702950 0.0253290
5
-114.66     ts77     dynamics     sesquiterpene     TS     runpoint      49     runisomer      151
6 -0.2212011 0.7700923 -0.0161879
1 -0.7488191 1.1422402 0.9028581
1 0.3590048 1.2098381 -0.7787495
1 -0.0521056 -1.6057957 -0.2551357
8 0.1657845 -0.7618950 0.0202295
5
-114.657     ts77     dynamics     sesquiterpene     TS     runpoint      50     runisomer      151
6 -0.2121951 0.7519140 -0.0193720
1 -0.7826850 1.1308113 0.9587179
1 0.3679065 1.2314475 -0.7900382
1 -0.0203007 -1.5986691 -0.2045269
8 0.1585975 -0.7493481 0.0166163
5
-114.651     ts77     dynamics     sesquiterpene     TS     runpoint      51     runisomer      151
6 -0.2042602 0.7300050 -0.0212100
1 -0.7996722 1.1109151 0.9886863
1 0.3759022 1.2569515 -0.7977125
1 -0.0118714 -1.6216516 -0.1711122
8 0.1526812 -0.7318165 0.0144793
5
-114.653     ts77     dynamics     sesquiterpene     TS     runpoint      52     runisomer      151
6 -0.1974443 0.7051378 -0.0216656
1 -0.7970934 1.0819751 0.9880184
1 0.3787991 1.2813522 -0.7960013
1 -0.0217054 -1.6552471 -0.1478504
8 0.1478430 -0.7107587 0.0132835
5
-114.659     ts77     dynamics     sesquiterpene     TS     runpoint      53     runisomer      151
6 -0.1917618 0.6781957 -0.0209337
1 -0.7753348 1.0450622 0.9569455
1 0.3739824 1.3003579 -0.7814747
1 -0.0443546 -1.6722530 -0.1285384
8 0.1439407 -0.6883470 0.0125547
5
-114.667     ts77     dynamics     sesquiterpene     TS     runpoint      54     runisomer      151
6 -0.1872379 0.6501867 -0.0193603
1 -0.7377783 1.0027676 0.9004049
1 0.3607933 1.3110572 -0.7536038
1 -0.0765009 -1.6570628 -0.1105567
8 0.1410380 -0.6663004 0.0120423
5
-114.677     ts77     dynamics     sesquiterpene     TS     runpoint      55     runisomer      151
6 -0.1837818 0.6222018 -0.0176563
1 -0.6924164 0.9602605 0.8306940
1 0.3405979 1.3123564 -0.7147393
1 -0.1165927 -1.6063738 -0.0934399
8 0.1393865 -0.6459019 0.0116232
5
-114.683     ts77     dynamics     sesquiterpene     TS     runpoint      56     runisomer      151
6 -0.1810095 0.5952951 -0.0172290
1 -0.6541414 0.9269770 0.7712843
1 0.3168485 1.3054599 -0.6699604
1 -0.1650985 -1.5278950 -0.0777455
8 0.1394494 -0.6281286 0.0112300
5
-114.677     ts77     dynamics     sesquiterpene     TS     runpoint      57     runisomer      151
6 -0.1784954 0.5705374 -0.0197808
1 -0.6414438 0.9149415 0.7513953
1 0.2949533 1.2942751 -0.6266171
1 -0.2266249 -1.4415263 -0.0646637
8 0.1420194 -0.6135343 0.0108366
5
-114.667     ts77     dynamics     sesquiterpene     TS     runpoint      58     runisomer      151
6 -0.1770047 0.5497881 -0.0252374
1 -0.6602127 0.9275037 0.7793352
1 0.2813954 1.2849918 -0.5928488
1 -0.3111691 -1.3733464 -0.0552343
8 0.1482654 -0.6024703 0.0104428
5
-114.667     ts77     dynamics     sesquiterpene     TS     runpoint      59     runisomer      151
6 -0.1786706 0.5359353 -0.0312878
1 -0.6978657 0.9539203 0.8332527
1 0.2814212 1.2835487 -0.5743964
1 -0.4230990 -1.3300489 -0.0483334
8 0.1589379 -0.5963790 0.0099828
5
-114.672     ts77     dynamics     sesquiterpene     TS     runpoint      60     runisomer      151
6 -0.1851501 0.5314245 -0.0359169
1 -0.7394200 0.9814302 0.8881974
1 0.2962841 1.2916182 -0.5715343
1 -0.5472189 -1.2922932 -0.0409156
8 0.1733009 -0.5976163 0.0093413
5
-114.674     ts77     dynamics     sesquiterpene     TS     runpoint      61     runisomer      151
6 -0.1966632 0.5370497 -0.0383955
1 -0.7754444 1.0022503 0.9292111
1 0.3227544 1.3053981 -0.5794045
1 -0.6604684 -1.2432671 -0.0308177
8 0.1896761 -0.6071049 0.0084706
5
-114.675     ts77     dynamics     sesquiterpene     TS     runpoint      62     runisomer      151
6 -0.2122902 0.5519062 -0.0387757
1 -0.8008924 1.0128184 0.9489958
1 0.3551201 1.3186282 -0.5910158
1 -0.7451665 -1.1786294 -0.0173219
8 0.2063008 -0.6238227 0.0073852
5
-114.678     ts77     dynamics     sesquiterpene     TS     runpoint      63     runisomer      151
6 -0.2306006 0.5740896 -0.0373935
1 -0.8133245 1.0121415 0.9446024
1 0.3874016 1.3261348 -0.5999327
1 -0.7907655 -1.1012988 -0.0005109
8 0.2216609 -0.6457690 0.0061216
5
-114.685     ts77     dynamics     sesquiterpene     TS     runpoint      64     runisomer      151
6 -0.2500520 0.6013911 -0.0347006
1 -0.8124975 1.0011290 0.9164717
1 0.4144600 1.3254261 -0.6016788
1 -0.7932513 -1.0177500 0.0190439
8 0.2346534 -0.6707769 0.0047460
5
-114.693     ts77     dynamics     sesquiterpene     TS     runpoint      65     runisomer      151
6 -0.2690920 0.6316738 -0.0313497
1 -0.8012137 0.9828451 0.8697845
1 0.4325139 1.3167135 -0.5941629
1 -0.7560868 -0.9371312 0.0404771
8 0.2447468 -0.6968750 0.0033435
5
-114.699     ts77     dynamics     sesquiterpene     TS     runpoint      66     runisomer      151
6 -0.2861269 0.6629808 -0.0284890
1 -0.7872354 0.9633224 0.8177930
1 0.4397961 1.3024535 -0.5775724
1 -0.6935069 -0.8709580 0.0632730
8 0.2522442 -0.7224032 0.0019862
5
-114.69     ts77     dynamics     sesquiterpene     TS     runpoint      67     runisomer      151
6 -0.2995451 0.6934821 -0.0279328
1 -0.7843483 0.9512967 0.7837015
1 0.4374373 1.2870235 -0.5542137
1 -0.6354199 -0.8311731 0.0886976
8 0.2586170 -0.7460625 0.0006372
5
-114.669     ts77     dynamics     sesquiterpene     TS     runpoint      68     runisomer      151
6 -0.3083714 0.7216281 -0.0311883
1 -0.8055746 0.9533906 0.7891868
1 0.4303598 1.2766302 -0.5284757
1 -0.6193034 -0.8248610 0.1208359
8 0.2660064 -0.7670541 -0.0009192
5
-114.66     ts77     dynamics     sesquiterpene     TS     runpoint      69     runisomer      151
6 -0.3134310 0.7464915 -0.0374713
1 -0.8487132 0.9678088 0.8305575
1 0.4270730 1.2786352 -0.5061820
1 -0.6508874 -0.8504922 0.1621991
8 0.2747170 -0.7851274 -0.0028284
5
-114.666     ts77     dynamics     sesquiterpene     TS     runpoint      70     runisomer      151
6 -0.3167669 0.7676341 -0.0443122
1 -0.8985076 0.9880194 0.8833613
1 0.4358521 1.2987734 -0.4918628
1 -0.6972177 -0.9013171 0.2085490
8 0.2827228 -0.8003278 -0.0048503
5
-114.664     ts77     dynamics     sesquiterpene     TS     runpoint      71     runisomer      151
6 -0.3197878 0.7849993 -0.0498671
1 -0.9409410 1.0089934 0.9259341
1 0.4580607 1.3369597 -0.4851017
1 -0.7270940 -0.9692446 0.2532520
8 0.2881457 -0.8128034 -0.0066122
5
-114.654     ts77     dynamics     sesquiterpene     TS     runpoint      72     runisomer      151
6 -0.3226793 0.7989599 -0.0535259
1 -0.9680516 1.0279598 0.9465161
1 0.4864625 1.3865692 -0.4807082
1 -0.7246959 -1.0466256 0.2913120
8 0.2900825 -0.8227217 -0.0078431
5
-114.646     ts77     dynamics     sesquiterpene     TS     runpoint      73     runisomer      151
6 -0.3249814 0.8100577 -0.0553565
1 -0.9765887 1.0434205 0.9405923
1 0.5108100 1.4383387 -0.4727002
1 -0.6854013 -1.1267601 0.3198672
8 0.2883387 -0.8302345 -0.0084045
5
-114.645     ts77     dynamics     sesquiterpene     TS     runpoint      74     runisomer      151
6 -0.3261708 0.8187096 -0.0556427
1 -0.9665612 1.0546106 0.9083893
1 0.5231836 1.4841063 -0.4572051
1 -0.6124937 -1.2042692 0.3381856
8 0.2832273 -0.8354306 -0.0082973
5
-114.651     ts77     dynamics     sesquiterpene     TS     runpoint      75     runisomer      151
6 -0.3258168 0.8250799 -0.0548108
1 -0.9411993 1.0615539 0.8546355
1 0.5196882 1.5181532 -0.4329821
1 -0.5175061 -1.2766261 0.3486381
8 0.2755990 -0.8382335 -0.0077243
5
-114.658     ts77     dynamics     sesquiterpene     TS     runpoint      76     runisomer      151
6 -0.3234653 0.8290118 -0.0536086
1 -0.9083405 1.0656636 0.7903637
1 0.5004269 1.5373910 -0.4010588
1 -0.4207895 -1.3472257 0.3582861
8 0.2668843 -0.8382068 -0.0072006
5
-114.657     ts77     dynamics     sesquiterpene     TS     runpoint      77     runisomer      151
6 -0.3185064 0.8299455 -0.0532803
1 -0.8819869 1.0705717 0.7346688
1 0.4695477 1.5416755 -0.3644199
1 -0.3429684 -1.4247063 0.3768302
8 0.2585458 -0.8346049 -0.0074209
