5
-114.654160 ts77 dynamics sesquiterpene TS runpoint 1  runisomer  182
6 -0.0410746 0.6371767 0.0008691
1 -0.1933324 1.1062791 0.9826699
1 -0.2834445 1.1541065 -1.0389041
1 1.0556620 -0.0945752 0.0710193
8 -0.0336142 -0.7515796 -0.0015834
5
-114.643 ts77 dynamics sesquiterpene TS runpoint 2  runisomer  182
6 -0.0354353 0.622987 -0.00174081
1 -0.214304 1.16724 1.01761
1 -0.31408 1.13457 -1.01898
1 1.07629 -0.0764103 0.0922417
8 -0.0358929 -0.744689 -0.00441983
5
-114.641     ts77     dynamics     sesquiterpene     TS     runpoint      3     runisomer      182
6 -0.0289239 0.6097241 -0.0043342
1 -0.2348399 1.2202495 1.0324506
1 -0.3396641 1.1086753 -0.9778748
1 1.0845934 -0.0464851 0.1102833
8 -0.0383945 -0.7383328 -0.0071366
5
-114.64     ts77     dynamics     sesquiterpene     TS     runpoint      4     runisomer      182
6 -0.0214728 0.5978350 -0.0058578
1 -0.2525688 1.2587120 1.0222279
1 -0.3602038 1.0799308 -0.9236686
1 1.0833076 0.0007184 0.1246119
8 -0.0414931 -0.7330005 -0.0096688
5
-114.642     ts77     dynamics     sesquiterpene     TS     runpoint      5     runisomer      182
6 -0.0129450 0.5874116 -0.0052965
1 -0.2658865 1.2788908 0.9874605
1 -0.3774140 1.0541808 -0.8692611
1 1.0770799 0.0701543 0.1347448
8 -0.0455753 -0.7292060 -0.0119674
5
-114.647     ts77     dynamics     sesquiterpene     TS     runpoint      6     runisomer      182
6 -0.0032023 0.5783744 -0.0017419
1 -0.2740262 1.2792472 0.9324376
1 -0.3945143 1.0383608 -0.8299513
1 1.0718147 0.1652410 0.1401422
8 -0.0509622 -0.7274433 -0.0139852
5
-114.656     ts77     dynamics     sesquiterpene     TS     runpoint      7     runisomer      182
6 0.0076328 0.5708044 0.0049735
1 -0.2775618 1.2607087 0.8652030
1 -0.4135680 1.0365482 -0.8160963
1 1.0739806 0.2862968 0.1401852
8 -0.0578032 -0.7281100 -0.0156634
5
-114.669     ts77     dynamics     sesquiterpene     TS     runpoint      8     runisomer      182
6 0.0190080 0.5650525 0.0136429
1 -0.2794246 1.2280592 0.7985267
1 -0.4321998 1.0464001 -0.8266506
1 1.0892839 0.4297806 0.1342492
8 -0.0660089 -0.7314003 -0.0169266
5
-114.681     ts77     dynamics     sesquiterpene     TS     runpoint      9     runisomer      182
6 0.0305064 0.5612197 0.0219332
1 -0.2860254 1.1915644 0.7503129
1 -0.4448379 1.0611510 -0.8521458
1 1.1188102 0.5895606 0.1216750
8 -0.0752830 -0.7372220 -0.0177105
5
-114.686     ts77     dynamics     sesquiterpene     TS     runpoint      10     runisomer      182
6 0.0425660 0.5589547 0.0274069
1 -0.3061668 1.1642703 0.7389277
1 -0.4466593 1.0740927 -0.8818520
1 1.1549569 0.7578007 0.1019945
8 -0.0852241 -0.7452190 -0.0179897
5
-114.654160 ts77 dynamics sesquiterpene TS runpoint 1  runisomer  182
6 -0.0410746 0.6371767 0.0008691
1 -0.1933324 1.1062791 0.9826699
1 -0.2834445 1.1541065 -1.0389041
1 1.0556620 -0.0945752 0.0710193
8 -0.0336142 -0.7515796 -0.0015834
5
-114.643 ts77 dynamics sesquiterpene TS runpoint 2  runisomer  182
6 -0.0458537 0.651426 0.00210211
1 -0.175219 1.04782 0.941448
1 -0.24886 1.16587 -1.03414
1 1.0223 -0.10674 0.0472587
8 -0.0312471 -0.758561 0.00128555
5
-114.642     ts77     dynamics     sesquiterpene     TS     runpoint      3     runisomer      182
6 -0.0497724 0.6645660 0.0001208
1 -0.1638453 1.0051162 0.9177173
1 -0.2121505 1.1704063 -1.0055672
1 0.9783472 -0.1189341 0.0217186
8 -0.0285682 -0.7652454 0.0040769
5
-114.64     ts77     dynamics     sesquiterpene     TS     runpoint      4     runisomer      182
6 -0.0529888 0.6756723 -0.0061498
1 -0.1616317 0.9874614 0.9320656
1 -0.1757455 1.1707321 -0.9597644
1 0.9286331 -0.1375753 -0.0047801
8 -0.0254554 -0.7713101 0.0066615
5
-114.644     ts77     dynamics     sesquiterpene     TS     runpoint      5     runisomer      182
6 -0.0560070 0.6845578 -0.0149469
1 -0.1672103 0.9930536 0.9793310
1 -0.1424549 1.1735049 -0.9111894
1 0.8804356 -0.1693756 -0.0314652
8 -0.0218997 -0.7764992 0.0089051
5
-114.648     ts77     dynamics     sesquiterpene     TS     runpoint      6     runisomer      182
6 -0.0595422 0.6913287 -0.0223170
1 -0.1768872 1.0134531 1.0348964
1 -0.1145014 1.1889223 -0.8808496
1 0.8428684 -0.2204489 -0.0578863
8 -0.0180321 -0.7806163 0.0106868
5
-114.647     ts77     dynamics     sesquiterpene     TS     runpoint      7     runisomer      182
6 -0.0642828 0.6961394 -0.0250836
1 -0.1874829 1.0409879 1.0771401
1 -0.0919184 1.2243886 -0.8834796
1 0.8262400 -0.2942098 -0.0844647
8 -0.0141824 -0.7835455 0.0119420
5
-114.65     ts77     dynamics     sesquiterpene     TS     runpoint      8     runisomer      182
6 -0.0706771 0.6996636 -0.0227015
1 -0.1972217 1.0705177 1.0944870
1 -0.0727812 1.2752436 -0.9126779
1 0.8407858 -0.3899253 -0.1129308
8 -0.0108929 -0.7852236 0.0126953
5
-114.661     ts77     dynamics     sesquiterpene     TS     runpoint      9     runisomer      182
6 -0.0787270 0.7028182 -0.0164542
1 -0.2054818 1.0988276 1.0832276
1 -0.0554931 1.3280157 -0.9487366
1 0.8897910 -0.5057120 -0.1452983
8 -0.0085095 -0.7854030 0.0130283
5
-114.676     ts77     dynamics     sesquiterpene     TS     runpoint      10     runisomer      182
6 -0.0880493 0.7060863 -0.0079723
1 -0.2124048 1.1242007 1.0454543
1 -0.0395454 1.3704090 -0.9747234
1 0.9586404 -0.6418468 -0.1808454
8 -0.0064227 -0.7835466 0.0129216
5
-114.688     ts77     dynamics     sesquiterpene     TS     runpoint      11     runisomer      182
6 -0.0980928 0.7094144 0.0011480
1 -0.2187502 1.1467522 0.9891928
1 -0.0249347 1.3949621 -0.9812746
1 1.0202404 -0.7953096 -0.2153996
8 -0.0032899 -0.7793426 0.0122151
5
-114.691     ts77     dynamics     sesquiterpene     TS     runpoint      12     runisomer      182
6 -0.1082559 0.7122923 0.0091494
1 -0.2260061 1.1694697 0.9295956
1 -0.0117385 1.3983530 -0.9651827
1 1.0524763 -0.9559999 -0.2443646
8 0.0019289 -0.7730234 0.0107784
5
-114.687     ts77     dynamics     sesquiterpene     TS     runpoint      13     runisomer      182
6 -0.1179260 0.7138259 0.0141949
1 -0.2362671 1.1983512 0.8869522
1 0.0001115 1.3804528 -0.9280166
1 1.0448402 -1.1104022 -0.2647718
8 0.0095646 -0.7651376 0.0086227
5
-114.681     ts77     dynamics     sesquiterpene     TS     runpoint      14     runisomer      182
6 -0.1266309 0.7131043 0.0153456
1 -0.2509890 1.2378125 0.8758193
1 0.0111952 1.3445375 -0.8764609
1 0.9959965 -1.2456560 -0.2754230
8 0.0194028 -0.7562987 0.0058835
5
-114.68     ts77     dynamics     sesquiterpene     TS     runpoint      15     runisomer      182
6 -0.1342579 0.7096868 0.0137236
1 -0.2693136 1.2834725 0.8931992
1 0.0233106 1.2987420 -0.8240223
1 0.9103467 -1.3514528 -0.2765253
8 0.0309133 -0.7470621 0.0027718
5
-114.68     ts77     dynamics     sesquiterpene     TS     runpoint      16     runisomer      182
6 -0.1410933 0.7033739 0.0120822
1 -0.2885313 1.3239824 0.9239044
1 0.0402439 1.2567465 -0.7911525
1 0.7963424 -1.4212050 -0.2696010
8 0.0433684 -0.7378383 -0.0004374
5
-114.675     ts77     dynamics     sesquiterpene     TS     runpoint      17     runisomer      182
6 -0.1475980 0.6940197 0.0129444
1 -0.3058469 1.3489163 0.9532772
1 0.0665983 1.2315717 -0.7958573
1 0.6668407 -1.4548756 -0.2580697
8 0.0558384 -0.7286842 -0.0033638
5
-114.672     ts77     dynamics     sesquiterpene     TS     runpoint      18     runisomer      182
6 -0.1539681 0.6822535 0.0166970
1 -0.3192299 1.3521557 0.9720932
1 0.1029845 1.2233961 -0.8358721
1 0.5402048 -1.4653560 -0.2487109
8 0.0671463 -0.7188854 -0.0054330
5
-114.669     ts77     dynamics     sesquiterpene     TS     runpoint      19     runisomer      182
6 -0.1599822 0.6694054 0.0217583
1 -0.3274848 1.3315255 0.9761413
1 0.1441846 1.2211847 -0.8902126
1 0.4356423 -1.4818823 -0.2520519
8 0.0761699 -0.7067646 -0.0058502
5
-114.663     ts77     dynamics     sesquiterpene     TS     runpoint      20     runisomer      182
6 -0.1653414 0.6566422 0.0262102
1 -0.3302339 1.2881982 0.9653178
1 0.1835069 1.2149581 -0.9377977
1 0.3559789 -1.5251649 -0.2749260
8 0.0829054 -0.6913405 -0.0040682
5
-114.665     ts77     dynamics     sesquiterpene     TS     runpoint      21     runisomer      182
6 -0.1698936 0.6447018 0.0284696
1 -0.3280531 1.2268681 0.9438535
1 0.2159588 1.2002483 -0.9657456
1 0.2856224 -1.5768954 -0.3120392
8 0.0885709 -0.6743333 -0.0003108
5
-114.665     ts77     dynamics     sesquiterpene     TS     runpoint      22     runisomer      182
6 -0.1736335 0.6339305 0.0271183
1 -0.3227350 1.1561624 0.9213616
1 0.2385822 1.1767140 -0.9683115
1 0.2118118 -1.6070728 -0.3540770
8 0.0942659 -0.6584129 0.0049314
5
-114.662     ts77     dynamics     sesquiterpene     TS     runpoint      23     runisomer      182
6 -0.1766586 0.6243667 0.0208031
1 -0.3171516 1.0875282 0.9122113
1 0.2501099 1.1464833 -0.9447389
1 0.1298634 -1.5987196 -0.3951584
8 0.1006195 -0.6455348 0.0113485
5
-114.665     ts77     dynamics     sesquiterpene     TS     runpoint      24     runisomer      182
6 -0.1792422 0.6160408 0.0088819
1 -0.3137609 1.0303173 0.9281978
1 0.2511824 1.1137549 -0.8989304
1 0.0396783 -1.5483814 -0.4332018
8 0.1079584 -0.6367936 0.0187966
5
-114.677     ts77     dynamics     sesquiterpene     TS     runpoint      25     runisomer      182
6 -0.1820199 0.6092447 -0.0074194
1 -0.3126172 0.9865329 0.9670168
1 0.2455855 1.0857023 -0.8412660
1 -0.0567389 -1.4625641 -0.4693050
8 0.1163967 -0.6325767 0.0272234
5
-114.69     ts77     dynamics     sesquiterpene     TS     runpoint      26     runisomer      182
6 -0.1860505 0.6041003 -0.0248978
1 -0.3118973 0.9532348 1.0130823
1 0.2419936 1.0737451 -0.7905441
1 -0.1578146 -1.3558954 -0.5083623
8 0.1259697 -0.6325876 0.0366996
5
-114.692     ts77     dynamics     sesquiterpene     TS     runpoint      27     runisomer      182
6 -0.1924481 0.6002258 -0.0399038
1 -0.3100261 0.9281012 1.0498436
1 0.2519897 1.0907865 -0.7679656
1 -0.2639907 -1.2449582 -0.5572099
8 0.1367108 -0.6361629 0.0472979
5
-114.693     ts77     dynamics     sesquiterpene     TS     runpoint      28     runisomer      182
6 -0.2014135 0.5976324 -0.0505616
1 -0.3066247 0.9109301 1.0670564
1 0.2793465 1.1394883 -0.7781657
1 -0.3723579 -1.1360754 -0.6146917
8 0.1483267 -0.6430658 0.0584748
5
-114.697     ts77     dynamics     sesquiterpene     TS     runpoint      29     runisomer      182
6 -0.2118498 0.5972921 -0.0572611
1 -0.3023460 0.9027401 1.0609757
1 0.3146925 1.2066745 -0.8047205
1 -0.4710850 -1.0275564 -0.6676655
8 0.1598796 -0.6533678 0.0688960
5
-114.692     ts77     dynamics     sesquiterpene     TS     runpoint      30     runisomer      182
6 -0.2223152 0.6001841 -0.0610650
1 -0.2984889 0.9049571 1.0328099
1 0.3458455 1.2751957 -0.8291486
1 -0.5468640 -0.9213059 -0.7026704
8 0.1702998 -0.6666917 0.0772704
5
-114.678     ts77     dynamics     sesquiterpene     TS     runpoint      31     runisomer      182
6 -0.2317039 0.6065935 -0.0629414
1 -0.2967564 0.9191688 0.9881976
1 0.3649611 1.3328221 -0.8408047
1 -0.5920868 -0.8230264 -0.7130437
8 0.1788797 -0.6822221 0.0828774
5
-114.665     ts77     dynamics     sesquiterpene     TS     runpoint      32     runisomer      182
6 -0.2392668 0.6161546 -0.0639290
1 -0.2991334 0.9471894 0.9375546
1 0.3683545 1.3726303 -0.8356048
1 -0.6053468 -0.7384269 -0.6981580
8 0.1853255 -0.6990011 0.0855441
5
-114.659     ts77     dynamics     sesquiterpene     TS     runpoint      33     runisomer      182
6 -0.2444749 0.6281304 -0.0652001
1 -0.3076878 0.9909053 0.8949512
1 0.3550006 1.3912402 -0.8134621
1 -0.5901660 -0.6722690 -0.6618294
8 0.1896577 -0.7160828 0.0854982
5
-114.659     ts77     dynamics     sesquiterpene     TS     runpoint      34     runisomer      182
6 -0.2469896 0.6418020 -0.0675164
1 -0.3241022 1.0508070 0.8721323
1 0.3260594 1.3879582 -0.7773018
1 -0.5545323 -0.6294265 -0.6122301
8 0.1921580 -0.7326095 0.0832703
5
-114.663     ts77     dynamics     sesquiterpene     TS     runpoint      35     runisomer      182
6 -0.2468062 0.6567837 -0.0704111
1 -0.3489831 1.1230513 0.8702302
1 0.2856547 1.3655568 -0.7336686
1 -0.5119104 -0.6150560 -0.5629650
8 0.1934487 -0.7478986 0.0797087
5
-114.664     ts77     dynamics     sesquiterpene     TS     runpoint      36     runisomer      182
6 -0.2445127 0.6727344 -0.0720920
1 -0.3813387 1.1989742 0.8799349
1 0.2426862 1.3328454 -0.6946027
1 -0.4818266 -0.6322010 -0.5329047
8 0.1945802 -0.7615109 0.0760037
5
-114.658     ts77     dynamics     sesquiterpene     TS     runpoint      37     runisomer      182
6 -0.2414087 0.6885757 -0.0701383
1 -0.4187541 1.2688088 0.8896917
1 0.2117023 1.3066528 -0.6787767
1 -0.4821449 -0.6799798 -0.5382206
8 0.1965814 -0.7731387 0.0732622
5
-114.654     ts77     dynamics     sesquiterpene     TS     runpoint      38     runisomer      182
6 -0.2388680 0.7027895 -0.0626660
1 -0.4580453 1.3250389 0.8912580
1 0.2060329 1.3034642 -0.7036473
1 -0.5102552 -0.7560738 -0.5755644
8 0.1992787 -0.7823533 0.0714786
5
-114.665     ts77     dynamics     sesquiterpene     TS     runpoint      39     runisomer      182
6 -0.2370535 0.7151484 -0.0499641
1 -0.4959586 1.3632358 0.8807326
1 0.2236161 1.3204481 -0.7663514
1 -0.5436202 -0.8557700 -0.6231363
8 0.2013013 -0.7888225 0.0695627
5
-114.676     ts77     dynamics     sesquiterpene     TS     runpoint      40     runisomer      182
6 -0.2350508 0.7265987 -0.0342964
1 -0.5298866 1.3818636 0.8580988
1 0.2499253 1.3397707 -0.8445843
1 -0.5611347 -0.9700713 -0.6600660
8 0.2013813 -0.7926064 0.0664930
5
-114.677     ts77     dynamics     sesquiterpene     TS     runpoint      41     runisomer      182
6 -0.2319596 0.7376949 -0.0181653
1 -0.5586663 1.3822949 0.8268909
1 0.2721910 1.3475465 -0.9164414
1 -0.5518789 -1.0882024 -0.6744750
8 0.1988879 -0.7940071 0.0617953
5
-114.67     ts77     dynamics     sesquiterpene     TS     runpoint      42     runisomer      182
6 -0.2271624 0.7481502 -0.0036522
1 -0.5834189 1.3690933 0.7941806
1 0.2833561 1.3380474 -0.9682190
1 -0.5132980 -1.1998552 -0.6619947
8 0.1937127 -0.7933880 0.0554462
5
-114.665     ts77     dynamics     sesquiterpene     TS     runpoint      43     runisomer      182
6 -0.2201518 0.7571059 0.0075156
1 -0.6079581 1.3495668 0.7697669
1 0.2802986 1.3105854 -0.9928154
1 -0.4487161 -1.2964694 -0.6237049
8 0.1861227 -0.7910616 0.0477451
5
-114.665     ts77     dynamics     sesquiterpene     TS     runpoint      44     runisomer      182
6 -0.2105266 0.7635749 0.0140943
1 -0.6374685 1.3308360 0.7625207
1 0.2622630 1.2671208 -0.9875512
1 -0.3666033 -1.3731338 -0.5658693
8 0.1767233 -0.7871689 0.0392926
5
-114.67     ts77     dynamics     sesquiterpene     TS     runpoint      45     runisomer      182
6 -0.1982852 0.7668985 0.0158427
1 -0.6747096 1.3149124 0.7742480
1 0.2305947 1.2117010 -0.9541073
1 -0.2804276 -1.4320661 -0.5005502
8 0.1664498 -0.7814570 0.0310216
5
-114.675     ts77     dynamics     sesquiterpene     TS     runpoint      46     runisomer      182
6 -0.1841533 0.7667698 0.0139794
1 -0.7170641 1.2974478 0.7974914
1 0.1897852 1.1514402 -0.9015193
1 -0.2054499 -1.4847371 -0.4432569
8 0.1563630 -0.7731467 0.0240351
5
-114.673     ts77     dynamics     sesquiterpene     TS     runpoint      47     runisomer      182
6 -0.1695786 0.7627013 0.0112687
1 -0.7582674 1.2722581 0.8206305
1 0.1492265 1.0984339 -0.8522820
1 -0.1499205 -1.5425325 -0.4033287
8 0.1470812 -0.7615287 0.0189947
5
-114.661     ts77     dynamics     sesquiterpene     TS     runpoint      48     runisomer      182
6 -0.1562590 0.7537921 0.0114974
1 -0.7921984 1.2355626 0.8339132
1 0.1214302 1.0685599 -0.8422400
1 -0.1110520 -1.6005444 -0.3772056
8 0.1385272 -0.7469990 0.0157111
5
-114.653     ts77     dynamics     sesquiterpene     TS     runpoint      49     runisomer      182
6 -0.1449197 0.7396929 0.0165955
1 -0.8152728 1.1868671 0.8321202
1 0.1098849 1.0693060 -0.8894613
1 -0.0829757 -1.6424673 -0.3565517
8 0.1304309 -0.7307621 0.0136755
5
-114.661     ts77     dynamics     sesquiterpene     TS     runpoint      50     runisomer      182
6 -0.1348478 0.7213773 0.0243893
1 -0.8271988 1.1282487 0.8147658
1 0.1041872 1.0913187 -0.9676905
1 -0.0623837 -1.6552319 -0.3361354
8 0.1226860 -0.7139135 0.0125689
5
-114.669     ts77     dynamics     sesquiterpene     TS     runpoint      51     runisomer      182
6 -0.1251019 0.7001304 0.0316317
1 -0.8309300 1.0637067 0.7853536
1 0.0943451 1.1212098 -1.0415496
1 -0.0483189 -1.6340724 -0.3146666
8 0.1153415 -0.6971280 0.0122930
5
-114.671     ts77     dynamics     sesquiterpene     TS     runpoint      52     runisomer      182
6 -0.1150187 0.6769563 0.0361246
1 -0.8324604 0.9986679 0.7505417
1 0.0763708 1.1499161 -1.0905580
1 -0.0411596 -1.5833242 -0.2940807
8 0.1085538 -0.6806548 0.0129104
5
-114.669     ts77     dynamics     sesquiterpene     TS     runpoint      53     runisomer      182
6 -0.1041598 0.6528132 0.0366564
1 -0.8395537 0.9390149 0.7183394
1 0.0500258 1.1721582 -1.1065448
1 -0.0426244 -1.5188506 -0.2799571
8 0.1026050 -0.6642521 0.0146613
5
-114.665     ts77     dynamics     sesquiterpene     TS     runpoint      54     runisomer      182
6 -0.0924917 0.6290125 0.0328199
1 -0.8580513 0.8894021 0.6944565
1 0.0168413 1.1847697 -1.0879864
1 -0.0561797 -1.4679967 -0.2818286
8 0.0979602 -0.6472737 0.0179953
5
-114.662     ts77     dynamics     sesquiterpene     TS     runpoint      55     runisomer      182
6 -0.0807072 0.6074806 0.0250332
1 -0.8876511 0.8520158 0.6791942
1 -0.0206556 1.1861012 -1.0375726
1 -0.0849291 -1.4508695 -0.3076963
8 0.0951560 -0.6299318 0.0232547
5
-114.666     ts77     dynamics     sesquiterpene     TS     runpoint      56     runisomer      182
6 -0.0701750 0.5906250 0.0144026
1 -0.9220908 0.8270521 0.6686902
1 -0.0591831 1.1766473 -0.9626093
1 -0.1266080 -1.4551821 -0.3543175
8 0.0944766 -0.6148504 0.0301091
5
-114.668     ts77     dynamics     sesquiterpene     TS     runpoint      57     runisomer      182
6 -0.0624465 0.5805908 0.0025711
1 -0.9534366 0.8139281 0.6588944
1 -0.0950499 1.1611191 -0.8775693
1 -0.1746710 -1.4542024 -0.4110075
8 0.0959409 -0.6055827 0.0378196
5
-114.659     ts77     dynamics     sesquiterpene     TS     runpoint      58     runisomer      182
6 -0.0586871 0.5781128 -0.0081846
1 -0.9755548 0.8118475 0.6478316
1 -0.1253350 1.1516032 -0.8071982
1 -0.2229483 -1.4313658 -0.4687423
8 0.0994624 -0.6044365 0.0457934
5
-114.648     ts77     dynamics     sesquiterpene     TS     runpoint      59     runisomer      182
6 -0.0593256 0.5820898 -0.0152774
1 -0.9850138 0.8197766 0.6354435
1 -0.1495389 1.1657094 -0.7812627
1 -0.2669352 -1.3817033 -0.5219401
8 0.1048319 -0.6119430 0.0536151
5
-114.65     ts77     dynamics     sesquiterpene     TS     runpoint      60     runisomer      182
6 -0.0642208 0.5911639 -0.0176999
1 -0.9807392 0.8363766 0.6226653
1 -0.1679220 1.2091389 -0.8103429
1 -0.3036364 -1.3072094 -0.5674306
8 0.1117037 -0.6272314 0.0609395
5
-114.671     ts77     dynamics     sesquiterpene     TS     runpoint      61     runisomer      182
6 -0.0730082 0.6050467 -0.0169281
1 -0.9638264 0.8602226 0.6109610
1 -0.1783854 1.2654972 -0.8749678
1 -0.3321019 -1.2148479 -0.6047261
8 0.1196819 -0.6485236 0.0675235
5
-114.691     ts77     dynamics     sesquiterpene     TS     runpoint      62     runisomer      182
6 -0.0849406 0.6234077 -0.0150261
1 -0.9380146 0.8903229 0.6026210
1 -0.1789452 1.3145755 -0.9491536
1 -0.3541927 -1.1151770 -0.6370792
8 0.1284336 -0.6735723 0.0733394
5
-114.698     ts77     dynamics     sesquiterpene     TS     runpoint      63     runisomer      182
6 -0.0987821 0.6452396 -0.0135301
1 -0.9100175 0.9266057 0.6013574
1 -0.1697609 1.3442899 -1.0149756
1 -0.3733703 -1.0186089 -0.6698828
8 0.1376822 -0.7001978 0.0785142
5
-114.695     ts77     dynamics     sesquiterpene     TS     runpoint      64     runisomer      182
6 -0.1130936 0.6692335 -0.0134771
1 -0.8878104 0.9697767 0.6117715
1 -0.1525053 1.3496873 -1.0621127
1 -0.3906256 -0.9313550 -0.7049210
8 0.1470182 -0.7267605 0.0829992
5
-114.689     ts77     dynamics     sesquiterpene     TS     runpoint      65     runisomer      182
6 -0.1267664 0.6942115 -0.0154317
1 -0.8761835 1.0200224 0.6365342
1 -0.1294449 1.3300121 -1.0849954
1 -0.4024194 -0.8561363 -0.7373795
8 0.1558310 -0.7521695 0.0863955
5
-114.683     ts77     dynamics     sesquiterpene     TS     runpoint      66     runisomer      182
6 -0.1393940 0.7193274 -0.0193276
1 -0.8731542 1.0753726 0.6731567
1 -0.1029385 1.2873106 -1.0815454
1 -0.4037563 -0.7952418 -0.7601248
8 0.1635264 -0.7756503 0.0882304
5
-114.68     ts77     dynamics     sesquiterpene     TS     runpoint      67     runisomer      182
6 -0.1511473 0.7439673 -0.0244134
1 -0.8716960 1.1317655 0.7143495
1 -0.0751269 1.2264689 -1.0539434
1 -0.3916481 -0.7513133 -0.7686076
8 0.1697344 -0.7966275 0.0882480
5
-114.677     ts77     dynamics     sesquiterpene     TS     runpoint      68     runisomer      182
6 -0.1623830 0.7674576 -0.0292671
1 -0.8644440 1.1847826 0.7515244
1 -0.0473944 1.1560582 -1.0116197
1 -0.3662323 -0.7267123 -0.7627046
8 0.1743555 -0.8147103 0.0865119
5
-114.67     ts77     dynamics     sesquiterpene     TS     runpoint      69     runisomer      182
6 -0.1734683 0.7888717 -0.0317275
1 -0.8466062 1.2311684 0.7777903
1 -0.0191886 1.0883215 -0.9748902
1 -0.3308565 -0.7228058 -0.7473323
8 0.1775406 -0.8296802 0.0834233
5
-114.658     ts77     dynamics     sesquiterpene     TS     runpoint      70     runisomer      182
6 -0.1847541 0.8072888 -0.0294627
1 -0.8166586 1.2694231 0.7894215
1 0.0126506 1.0346751 -0.9696320
1 -0.2920341 -0.7392368 -0.7330346
8 0.1796676 -0.8414956 0.0797611
5
-114.648     ts77     dynamics     sesquiterpene     TS     runpoint      71     runisomer      182
6 -0.1962308 0.8223360 -0.0220816
1 -0.7763431 1.3000920 0.7868535
1 0.0499320 0.9981393 -1.0033480
1 -0.2580135 -0.7737657 -0.7343051
8 0.1812446 -0.8502435 0.0765919
5
-114.647     ts77     dynamics     sesquiterpene     TS     runpoint      72     runisomer      182
6 -0.2071278 0.8339263 -0.0120367
1 -0.7304786 1.3261892 0.7755532
1 0.0883647 0.9752915 -1.0553756
1 -0.2336431 -0.8236846 -0.7607255
8 0.1825725 -0.8560034 0.0747129
5
-114.645     ts77     dynamics     sesquiterpene     TS     runpoint      73     runisomer      182
6 -0.2163037 0.8416437 -0.0026055
1 -0.6858468 1.3532610 0.7655214
1 0.1212087 0.9634593 -1.1000863
1 -0.2154745 -0.8867480 -0.8060289
8 0.1834302 -0.8587841 0.0739429
5
-114.639     ts77     dynamics     sesquiterpene     TS     runpoint      74     runisomer      182
6 -0.2228902 0.8448714 0.0037256
1 -0.6480090 1.3872783 0.7671481
1 0.1437100 0.9617701 -1.1215739
1 -0.1956103 -0.9593529 -0.8523822
8 0.1833169 -0.8586716 0.0733666
5
-114.634     ts77     dynamics     sesquiterpene     TS     runpoint      75     runisomer      182
6 -0.2266900 0.8433412 0.0058711
1 -0.6173065 1.4296956 0.7838803
1 0.1537658 0.9698430 -1.1133037
1 -0.1682938 -1.0357637 -0.8834237
8 0.1818781 -0.8558959 0.0721406
5
-114.635     ts77     dynamics     sesquiterpene     TS     runpoint      76     runisomer      182
6 -0.2281425 0.8374267 0.0041474
1 -0.5888950 1.4747170 0.8095656
1 0.1514708 0.9871766 -1.0754831
1 -0.1316968 -1.1094773 -0.8900698
8 0.1790155 -0.8507482 0.0698541
5
-114.642     ts77     dynamics     sesquiterpene     TS     runpoint      77     runisomer      182
6 -0.2279708 0.8278244 -0.0002159
1 -0.5570208 1.5127385 0.8341200
1 0.1392508 1.0133359 -1.0148473
1 -0.0870098 -1.1747254 -0.8705093
8 0.1748322 -0.8434810 0.0665293
5
-114.651     ts77     dynamics     sesquiterpene     TS     runpoint      78     runisomer      182
6 -0.2269899 0.8150514 -0.0054224
1 -0.5181140 1.5350958 0.8496442
1 0.1227672 1.0489050 -0.9466554
1 -0.0374319 -1.2277689 -0.8295549
8 0.1695583 -0.8342109 0.0625817
5
-114.657     ts77     dynamics     sesquiterpene     TS     runpoint      79     runisomer      182
6 -0.2260780 0.7991385 -0.0093224
1 -0.4711776 1.5360968 0.8526214
1 0.1110077 1.0969312 -0.8943340
1 0.0126747 -1.2684007 -0.7785974
8 0.1634989 -0.8228070 0.0588157
5
-114.658     ts77     dynamics     sesquiterpene     TS     runpoint      80     runisomer      182
6 -0.2258266 0.7797554 -0.0105248
1 -0.4171328 1.5133282 0.8440456
1 0.1114741 1.1612518 -0.8764238
1 0.0591670 -1.3007932 -0.7337857
8 0.1569452 -0.8088466 0.0563099
5
-114.666     ts77     dynamics     sesquiterpene     TS     runpoint      81     runisomer      182
6 -0.2259811 0.7569375 -0.0099557
1 -0.3580242 1.4678020 0.8292134
1 0.1226119 1.2383459 -0.8878926
1 0.1001152 -1.3302885 -0.7082673
8 0.1500527 -0.7918645 0.0559354
5
-114.677     ts77     dynamics     sesquiterpene     TS     runpoint      82     runisomer      182
6 -0.2257448 0.7313001 -0.0100986
1 -0.2961467 1.4042240 0.8171572
1 0.1364714 1.3156473 -0.9084784
1 0.1361639 -1.3561275 -0.7024687
8 0.1428311 -0.7718727 0.0577359
