5
-114.654160 ts77 dynamics sesquiterpene TS runpoint 1  runisomer  171
6 -0.0322075 0.6330307 -0.0119147
1 -0.2362537 1.0957406 0.9572607
1 -0.2456925 1.2210181 -0.9210972
1 0.8921880 -0.0555290 0.0169658
8 -0.0296407 -0.7544816 0.0055917
5
-114.65 ts77 dynamics sesquiterpene TS runpoint 2  runisomer  171
6 -0.0359178 0.642214 -0.00381606
1 -0.20042 1.10383 0.972413
1 -0.256639 1.22787 -1.0154
1 0.933334 -0.0380893 0.042782
8 -0.031018 -0.763412 0.00287652
5
-114.646     ts77     dynamics     sesquiterpene     TS     runpoint      3     runisomer      171
6 -0.0399445 0.6519166 0.0029917
1 -0.1673027 1.1143962 0.9835408
1 -0.2641654 1.2216125 -1.0866922
1 0.9885872 -0.0163308 0.0674658
8 -0.0330907 -0.7723340 0.0000054
5
-114.638     ts77     dynamics     sesquiterpene     TS     runpoint      4     runisomer      171
6 -0.0432917 0.6610589 0.0076960
1 -0.1388303 1.1280753 0.9901179
1 -0.2670081 1.2011090 -1.1251388
1 1.0457926 0.0158683 0.0895128
8 -0.0357998 -0.7807915 -0.0029049
5
-114.631     ts77     dynamics     sesquiterpene     TS     runpoint      5     runisomer      171
6 -0.0450055 0.6685807 0.0099884
1 -0.1166166 1.1449727 0.9917387
1 -0.2648530 1.1678233 -1.1267505
1 1.0961082 0.0644704 0.1074322
8 -0.0392208 -0.7884653 -0.0057543
5
-114.631     ts77     dynamics     sesquiterpene     TS     runpoint      6     runisomer      171
6 -0.0442914 0.6736134 0.0099209
1 -0.1020621 1.1646037 0.9879325
1 -0.2579563 1.1245636 -1.0916137
1 1.1343635 0.1343051 0.1199295
8 -0.0435204 -0.7951519 -0.0084649
5
-114.64     ts77     dynamics     sesquiterpene     TS     runpoint      7     runisomer      171
6 -0.0405148 0.6754981 0.0079829
1 -0.0964859 1.1859431 0.9782951
1 -0.2474643 1.0757561 -1.0250702
1 1.1577413 0.2278198 0.1258875
8 -0.0488389 -0.8007281 -0.0109716
5
-114.653     ts77     dynamics     sesquiterpene     TS     runpoint      8     runisomer      171
6 -0.0331207 0.6736872 0.0054422
1 -0.1012135 1.2075575 0.9628229
1 -0.2365686 1.0289347 -0.9422960
1 1.1645426 0.3442194 0.1243467
8 -0.0552044 -0.8051158 -0.0132093
5
-114.663     ts77     dynamics     sesquiterpene     TS     runpoint      9     runisomer      171
6 -0.0215051 0.6675510 0.0047947
1 -0.1175344 1.2277975 0.9423123
1 -0.2323674 0.9965534 -0.8742507
1 1.1544384 0.4794669 0.1147019
8 -0.0625190 -0.8082700 -0.0151105
5
-114.665     ts77     dynamics     sesquiterpene     TS     runpoint      10     runisomer      171
6 -0.0052221 0.6566174 0.0088709
1 -0.1465460 1.2449841 0.9187095
1 -0.2449196 0.9921830 -0.8577251
1 1.1302782 0.6268455 0.0970844
8 -0.0705943 -0.8101615 -0.0166130
5
-114.676     ts77     dynamics     sesquiterpene     TS     runpoint      11     runisomer      171
6 0.0150141 0.6417019 0.0173589
1 -0.1889528 1.2574391 0.8950559
1 -0.2770640 1.0154642 -0.8941993
1 1.1000326 0.7784029 0.0726210
8 -0.0791729 -0.8107747 -0.0176509
5
-114.654160 ts77 dynamics sesquiterpene TS runpoint 1  runisomer  171
6 -0.0322075 0.6330307 -0.0119147
1 -0.2362537 1.0957406 0.9572607
1 -0.2456925 1.2210181 -0.9210972
1 0.8921880 -0.0555290 0.0169658
8 -0.0296407 -0.7544816 0.0055917
5
-114.65 ts77 dynamics sesquiterpene TS runpoint 2  runisomer  171
6 -0.0295328 0.62499 -0.0196543
1 -0.272666 1.08921 0.939197
1 -0.234673 1.20823 -0.823651
1 0.876926 -0.0739111 -0.00887222
8 -0.0290856 -0.746074 0.00802454
5
-114.643     ts77     dynamics     sesquiterpene     TS     runpoint      3     runisomer      171
6 -0.0279049 0.6176019 -0.0244033
1 -0.3076804 1.0834120 0.9203489
1 -0.2301197 1.2066515 -0.7550816
1 0.8927600 -0.0964608 -0.0342824
8 -0.0293855 -0.7386455 0.0100569
5
-114.632     ts77     dynamics     sesquiterpene     TS     runpoint      4     runisomer      171
6 -0.0267487 0.6098251 -0.0239638
1 -0.3399713 1.0779945 0.9037968
1 -0.2383380 1.2344252 -0.7430737
1 0.9347059 -0.1241365 -0.0591719
8 -0.0303442 -0.7324769 0.0115831
5
-114.635     ts77     dynamics     sesquiterpene     TS     runpoint      5     runisomer      171
6 -0.0257933 0.6023334 -0.0190478
1 -0.3691031 1.0731655 0.8926484
1 -0.2569157 1.2854744 -0.7812324
1 0.9901559 -0.1566129 -0.0832198
8 -0.0315489 -0.7277234 0.0125174
5
-114.643     ts77     dynamics     sesquiterpene     TS     runpoint      6     runisomer      171
6 -0.0251694 0.5971539 -0.0120925
1 -0.3952563 1.0694094 0.8885646
1 -0.2775023 1.3363816 -0.8419054
1 1.0445361 -0.1933784 -0.1056881
8 -0.0324983 -0.7244927 0.0127948
5
-114.64     ts77     dynamics     sesquiterpene     TS     runpoint      7     runisomer      171
6 -0.0250112 0.5957935 -0.0049207
1 -0.4187493 1.0670413 0.8910849
1 -0.2938369 1.3699292 -0.9031151
1 1.0854004 -0.2348470 -0.1256676
8 -0.0326810 -0.7228250 0.0123709
5
-114.631     ts77     dynamics     sesquiterpene     TS     runpoint      8     runisomer      171
6 -0.0255045 0.5989874 0.0015852
1 -0.4397749 1.0659442 0.8980940
1 -0.3029385 1.3786116 -0.9524950
1 1.1035596 -0.2836253 -0.1423412
8 -0.0315559 -0.7226260 0.0112099
5
-114.628     ts77     dynamics     sesquiterpene     TS     runpoint      9     runisomer      171
6 -0.0270495 0.6070400 0.0071057
1 -0.4584048 1.0656305 0.9067743
1 -0.3036911 1.3605177 -0.9834352
1 1.0927157 -0.3453792 -0.1551291
8 -0.0284925 -0.7236177 0.0092763
5
-114.636     ts77     dynamics     sesquiterpene     TS     runpoint      10     runisomer      171
6 -0.0302470 0.6199245 0.0115881
1 -0.4746692 1.0655774 0.9145261
1 -0.2958214 1.3166590 -0.9924596
1 1.0497014 -0.4278271 -0.1638622
8 -0.0228559 -0.7253237 0.0065435
5
-114.658     ts77     dynamics     sesquiterpene     TS     runpoint      11     runisomer      171
6 -0.0356236 0.6371117 0.0150964
1 -0.4886340 1.0656305 0.9196308
1 -0.2796440 1.2505067 -0.9787366
1 0.9770281 -0.5366732 -0.1692017
8 -0.0143833 -0.7271961 0.0030621
5
-114.687     ts77     dynamics     sesquiterpene     TS     runpoint      12     runisomer      171
6 -0.0432471 0.6573853 0.0178748
1 -0.5006108 1.0661971 0.9215027
1 -0.2565752 1.1690421 -0.9458835
1 0.8916498 -0.6704846 -0.1742600
8 -0.0039839 -0.7288778 -0.0008924
5
-114.703     ts77     dynamics     sesquiterpene     TS     runpoint      13     runisomer      171
6 -0.0524932 0.6787298 0.0206988
1 -0.5114090 1.0680663 0.9205947
1 -0.2301750 1.0844385 -0.9065590
1 0.8405920 -0.8221547 -0.1883597
8 0.0051861 -0.7301233 -0.0045425
5
-114.698     ts77     dynamics     sesquiterpene     TS     runpoint      14     runisomer      171
6 -0.0621405 0.6986067 0.0252315
1 -0.5224162 1.0721136 0.9181930
1 -0.2064475 1.0134074 -0.8865018
1 0.8635449 -0.9923316 -0.2211831
8 0.0101754 -0.7300927 -0.0069879
5
-114.702     ts77     dynamics     sesquiterpene     TS     runpoint      15     runisomer      171
6 -0.0709892 0.7151270 0.0330292
1 -0.5354993 1.0791806 0.9162665
1 -0.1903430 0.9684788 -0.9115102
1 0.9109983 -1.1689290 -0.2620407
8 0.0136313 -0.7289749 -0.0085661
5
-114.695     ts77     dynamics     sesquiterpene     TS     runpoint      16     runisomer      171
6 -0.0784499 0.7278960 0.0430220
1 -0.5526037 1.0898344 0.9170970
1 -0.1812686 0.9488198 -0.9758953
1 0.9365161 -1.3258697 -0.2978066
8 0.0181249 -0.7280995 -0.0098049
5
-114.676     ts77     dynamics     sesquiterpene     TS     runpoint      17     runisomer      171
6 -0.0843407 0.7372184 0.0522547
1 -0.5748474 1.1037790 0.9218525
1 -0.1762190 0.9474777 -1.0491924
1 0.9274014 -1.4464389 -0.3230375
8 0.0242004 -0.7282926 -0.0108232
5
-114.653     ts77     dynamics     sesquiterpene     TS     runpoint      18     runisomer      171
6 -0.0886061 0.7433791 0.0585257
1 -0.6015991 1.1193461 0.9289702
1 -0.1734630 0.9591802 -1.1059304
1 0.8844972 -1.5226852 -0.3362543
8 0.0316129 -0.7298315 -0.0115678
5
-114.638     ts77     dynamics     sesquiterpene     TS     runpoint      19     runisomer      171
6 -0.0912940 0.7466394 0.0609550
1 -0.6305741 1.1336409 0.9343318
1 -0.1724629 0.9805465 -1.1328615
1 0.8114846 -1.5502930 -0.3372476
8 0.0399907 -0.7327883 -0.0119682
5
-114.637     ts77     dynamics     sesquiterpene     TS     runpoint      20     runisomer      171
6 -0.0925441 0.7472580 0.0594871
1 -0.6588039 1.1433705 0.9330960
1 -0.1731040 1.0089808 -1.1251089
1 0.7128683 -1.5271536 -0.3266091
8 0.0489600 -0.7371178 -0.0119472
5
-114.652     ts77     dynamics     sesquiterpene     TS     runpoint      21     runisomer      171
6 -0.0925677 0.7453838 0.0544924
1 -0.6835466 1.1457848 0.9215722
1 -0.1752311 1.0422126 -1.0832862
1 0.5984395 -1.4591053 -0.3079707
8 0.0578791 -0.7422485 -0.0112827
5
-114.668     ts77     dynamics     sesquiterpene     TS     runpoint      22     runisomer      171
6 -0.0916151 0.7409561 0.0466926
1 -0.7027798 1.1391971 0.8983526
1 -0.1784854 1.0785952 -1.0137257
1 0.4977380 -1.3811761 -0.2970796
8 0.0649241 -0.7457178 -0.0090377
5
-114.649     ts77     dynamics     sesquiterpene     TS     runpoint      23     runisomer      171
6 -0.0898701 0.7336905 0.0373244
1 -0.7156566 1.1230666 0.8648603
1 -0.1825162 1.1185406 -0.9312156
1 0.4701949 -1.3810061 -0.3362317
8 0.0664136 -0.7417819 -0.0026309
5
-114.657     ts77     dynamics     sesquiterpene     TS     runpoint      24     runisomer      171
6 -0.0873120 0.7231536 0.0281749
1 -0.7231633 1.0980465 0.8255733
1 -0.1874696 1.1669626 -0.8603035
1 0.5063885 -1.4528845 -0.4307826
8 0.0629978 -0.7308250 0.0081975
5
-114.683     ts77     dynamics     sesquiterpene     TS     runpoint      25     runisomer      171
6 -0.0837227 0.7089699 0.0207049
1 -0.7285053 1.0658180 0.7876827
1 -0.1935536 1.2314709 -0.8244134
1 0.5500220 -1.5109392 -0.5364745
8 0.0582744 -0.7185622 0.0205881
5
-114.675     ts77     dynamics     sesquiterpene     TS     runpoint      26     runisomer      171
6 -0.0789527 0.6916424 0.0144914
1 -0.7364340 1.0286446 0.7592392
1 -0.1990151 1.3108544 -0.8247410
1 0.5792987 -1.5230454 -0.6301213
8 0.0536920 -0.7074615 0.0329634
