5
-114.654160 ts77 dynamics sesquiterpene TS runpoint 1  runisomer  81
6 -0.0321301 0.6443346 0.0139268
1 -0.2768409 1.0558862 0.8902463
1 -0.2630579 1.0785100 -1.0083838
1 1.0523584 -0.0975480 -0.0395760
8 -0.0361395 -0.7488236 -0.0005114
5
-114.641 ts77 dynamics sesquiterpene TS runpoint 2  runisomer  81
6 -0.0357023 0.634687 0.012062
1 -0.264119 1.03488 0.847252
1 -0.223994 1.1103 -0.965813
1 1.02671 -0.0725704 -0.0634229
8 -0.0351061 -0.743839 0.00241692
5
-114.636     ts77     dynamics     sesquiterpene     TS     runpoint      3     runisomer      81
6 -0.0371856 0.6225023 0.0048014
1 -0.2673383 1.0463950 0.8607830
1 -0.1857088 1.1431562 -0.9165774
1 0.9945228 -0.0403227 -0.0852713
8 -0.0341731 -0.7395249 0.0052855
5
-114.644     ts77     dynamics     sesquiterpene     TS     runpoint      4     runisomer      81
6 -0.0369347 0.6087800 -0.0053581
1 -0.2813836 1.0818277 0.9149517
1 -0.1512134 1.1793998 -0.8730577
1 0.9647282 0.0010442 -0.1046795
8 -0.0337718 -0.7363532 0.0079752
5
-114.651     ts77     dynamics     sesquiterpene     TS     runpoint      5     runisomer      81
6 -0.0358131 0.5952559 -0.0146263
1 -0.2968145 1.1231351 0.9765537
1 -0.1231253 1.2215917 -0.8457168
1 0.9486711 0.0538740 -0.1214067
8 -0.0343990 -0.7347966 0.0103778
5
-114.647     ts77     dynamics     sesquiterpene     TS     runpoint      6     runisomer      81
6 -0.0344856 0.5833619 -0.0209136
1 -0.3075837 1.1576026 1.0239943
1 -0.1032072 1.2684869 -0.8368785
1 0.9571523 0.1208773 -0.1351878
8 -0.0365052 -0.7352222 0.0124175
5
-114.642     ts77     dynamics     sesquiterpene     TS     runpoint      7     runisomer      81
6 -0.0331422 0.5741135 -0.0238607
1 -0.3110588 1.1787954 1.0477840
1 -0.0926961 1.3137009 -0.8411971
1 0.9954008 0.2049191 -0.1453474
8 -0.0403661 -0.7377630 0.0140421
5
-114.645     ts77     dynamics     sesquiterpene     TS     runpoint      8     runisomer      81
6 -0.0313317 0.5680490 -0.0238851
1 -0.3065310 1.1838500 1.0448456
1 -0.0925730 1.3490574 -0.8512960
1 1.0585618 0.3079208 -0.1504981
8 -0.0459963 -0.7422487 0.0152060
5
-114.654     ts77     dynamics     sesquiterpene     TS     runpoint      9     runisomer      81
6 -0.0281299 0.5653294 -0.0215692
1 -0.2944322 1.1719209 1.0155063
1 -0.1033101 1.3679350 -0.8615841
1 1.1328674 0.4285915 -0.1489359
8 -0.0531653 -0.7482497 0.0158671
5
-114.665     ts77     dynamics     sesquiterpene     TS     runpoint      10     runisomer      81
6 -0.0226006 0.5659218 -0.0175221
1 -0.2762198 1.1441079 0.9633256
1 -0.1245960 1.3663227 -0.8689193
1 1.2025951 0.5615584 -0.1396123
8 -0.0615122 -0.7552192 0.0159934
5
-114.674     ts77     dynamics     sesquiterpene     TS     runpoint      11     runisomer      81
6 -0.0140945 0.5695136 -0.0125817
1 -0.2548747 1.1048210 0.8973819
1 -0.1553672 1.3427531 -0.8721433
1 1.2559659 0.6991820 -0.1226865
8 -0.0706619 -0.7626246 0.0155781
5
-114.677     ts77     dynamics     sesquiterpene     TS     runpoint      12     runisomer      81
6 -0.0021535 0.5752139 -0.0082321
1 -0.2360331 1.0643070 0.8365143
1 -0.1941429 1.2982028 -0.8717106
1 1.2863899 0.8337885 -0.0993080
8 -0.0802815 -0.7700231 0.0146488
5
-114.672     ts77     dynamics     sesquiterpene     TS     runpoint      13     runisomer      81
6 0.0136975 0.5815095 -0.0066674
1 -0.2284392 1.0386615 0.8095418
1 -0.2395684 1.2361138 -0.8696196
1 1.2910330 0.9586400 -0.0711135
8 -0.0900836 -0.7770848 0.0132660
5
-114.666     ts77     dynamics     sesquiterpene     TS     runpoint      14     runisomer      81
6 0.0336966 0.5872914 -0.0091434
1 -0.2389444 1.0380312 0.8352045
1 -0.2910268 1.1621747 -0.8693259
1 1.2692441 1.0679325 -0.0399015
8 -0.0998109 -0.7836102 0.0115216
5
-114.673     ts77     dynamics     sesquiterpene     TS     runpoint      15     runisomer      81
6 0.0573929 0.5930538 -0.0141906
1 -0.2648922 1.0532470 0.8981330
1 -0.3494096 1.0833440 -0.8743171
1 1.2214983 1.1567539 -0.0071814
8 -0.1092667 -0.7895218 0.0095972
5
-114.683     ts77     dynamics     sesquiterpene     TS     runpoint      16     runisomer      81
6 0.0840560 0.6000613 -0.0196940
1 -0.2997116 1.0674171 0.9684080
1 -0.4169411 1.0056757 -0.8840667
1 1.1501762 1.2208712 0.0260376
8 -0.1183281 -0.7948182 0.0078189
5
-114.681     ts77     dynamics     sesquiterpene     TS     runpoint      17     runisomer      81
6 0.1113886 0.6088639 -0.0226411
1 -0.3356819 1.0753669 1.0231188
1 -0.4871785 0.9292929 -0.8976183
1 1.0625904 1.2583838 0.0519067
8 -0.1266236 -0.7994741 0.0058068
5
-114.678     ts77     dynamics     sesquiterpene     TS     runpoint      18     runisomer      81
6 0.1371598 0.6190764 -0.0236800
1 -0.3695873 1.0711658 1.0536528
1 -0.5546514 0.8570248 -0.9053129
1 0.9727638 1.2730206 0.0707774
8 -0.1339112 -0.8032395 0.0039589
5
-114.654160 ts77 dynamics sesquiterpene TS runpoint 1  runisomer  81
6 -0.0321301 0.6443346 0.0139268
1 -0.2768409 1.0558862 0.8902463
1 -0.2630579 1.0785100 -1.0083838
1 1.0523584 -0.0975480 -0.0395760
8 -0.0361395 -0.7488236 -0.0005114
5
-114.641 ts77 dynamics sesquiterpene TS runpoint 2  runisomer  81
6 -0.0271668 0.652033 0.0116793
1 -0.299228 1.0977 0.964326
1 -0.300242 1.04737 -1.03532
1 1.06576 -0.1167 -0.014407
8 -0.0369545 -0.754064 -0.00338154
5
-114.643     ts77     dynamics     sesquiterpene     TS     runpoint      3     runisomer      81
6 -0.0218145 0.6586874 0.0077311
1 -0.3220426 1.1441177 1.0353989
1 -0.3335915 1.0179682 -1.0422016
1 1.0640107 -0.1315258 0.0112668
8 -0.0373222 -0.7591941 -0.0060839
5
-114.637     ts77     dynamics     sesquiterpene     TS     runpoint      4     runisomer      81
6 -0.0168372 0.6647352 0.0036826
1 -0.3394604 1.1849340 1.0833317
1 -0.3620029 0.9922928 -1.0287178
1 1.0465081 -0.1441142 0.0366073
8 -0.0370669 -0.7638919 -0.0085147
5
-114.63     ts77     dynamics     sesquiterpene     TS     runpoint      5     runisomer      81
6 -0.0127863 0.6703035 0.0004868
1 -0.3486251 1.2149384 1.0996273
1 -0.3854390 0.9728799 -0.9984217
1 1.0147460 -0.1575441 0.0608829
8 -0.0360512 -0.7678905 -0.0105839
5
-114.629     ts77     dynamics     sesquiterpene     TS     runpoint      6     runisomer      81
6 -0.0101002 0.6754564 -0.0011166
1 -0.3482161 1.2315608 1.0820309
1 -0.4052695 0.9626481 -0.9586440
1 0.9722791 -0.1762185 0.0836370
8 -0.0341667 -0.7709824 -0.0122138
5
-114.633     ts77     dynamics     sesquiterpene     TS     runpoint      7     runisomer      81
6 -0.0091331 0.6803165 -0.0004902
1 -0.3377860 1.2338073 1.0322062
1 -0.4243474 0.9645391 -0.9196173
1 0.9246691 -0.2060469 0.1048933
8 -0.0313481 -0.7730096 -0.0133452
5
-114.642     ts77     dynamics     sesquiterpene     TS     runpoint      8     runisomer      81
6 -0.0101594 0.6850683 0.0025683
1 -0.3179715 1.2226491 0.9564611
1 -0.4459703 0.9805843 -0.8913121
1 0.8793803 -0.2539554 0.1254055
8 -0.0276106 -0.7738638 -0.0139444
5
-114.653     ts77     dynamics     sesquiterpene     TS     runpoint      9     runisomer      81
6 -0.0133297 0.6897202 0.0070878
1 -0.2917224 1.2032998 0.8695833
1 -0.4715519 1.0104585 -0.8784817
1 0.8460632 -0.3257897 0.1469719
8 -0.0231754 -0.7734916 -0.0140295
5
-114.66     ts77     dynamics     sesquiterpene     TS     runpoint      10     runisomer      81
6 -0.0184562 0.6935699 0.0103131
1 -0.2662316 1.1892864 0.8003608
1 -0.4991709 1.0507417 -0.8784418
1 0.8373421 -0.4229271 0.1728136
8 -0.0186457 -0.7719160 -0.0137206
5
-114.659     ts77     dynamics     sesquiterpene     TS     runpoint      11     runisomer      81
6 -0.0249269 0.6950907 0.0085500
1 -0.2510299 1.2005327 0.7852789
1 -0.5250144 1.0959100 -0.8841838
1 0.8647590 -0.5424820 0.2069304
8 -0.0148487 -0.7690793 -0.0132382
5
-114.671     ts77     dynamics     sesquiterpene     TS     runpoint      12     runisomer      81
6 -0.0324934 0.6938122 0.0007157
1 -0.2466380 1.2408089 0.8315041
1 -0.5458424 1.1399956 -0.8888765
1 0.9218597 -0.6828894 0.2496160
8 -0.0117354 -0.7645885 -0.0126691
5
-114.697     ts77     dynamics     sesquiterpene     TS     runpoint      13     runisomer      81
6 -0.0414172 0.6912211 -0.0106689
1 -0.2438931 1.2898435 0.9072992
1 -0.5600360 1.1777051 -0.8880474
1 0.9795704 -0.8403012 0.2941854
8 -0.0079546 -0.7581933 -0.0117658
5
-114.705     ts77     dynamics     sesquiterpene     TS     runpoint      14     runisomer      81
6 -0.0516334 0.6887882 -0.0227838
1 -0.2361489 1.3283242 0.9810557
1 -0.5674588 1.2051125 -0.8799523
1 1.0104251 -1.0026412 0.3323408
8 -0.0022549 -0.7502910 -0.0102407
5
-114.692     ts77     dynamics     sesquiterpene     TS     runpoint      15     runisomer      81
6 -0.0626575 0.6871485 -0.0337443
1 -0.2214283 1.3469319 1.0353373
1 -0.5692327 1.2202137 -0.8656110
1 1.0015804 -1.1545386 0.3588221
8 0.0057575 -0.7416147 -0.0080131
5
-114.676     ts77     dynamics     sesquiterpene     TS     runpoint      16     runisomer      81
6 -0.0738143 0.6863390 -0.0422528
1 -0.2000313 1.3427642 1.0621731
1 -0.5676659 1.2232048 -0.8486857
1 0.9514595 -1.2824923 0.3714916
8 0.0158391 -0.7328716 -0.0051873
5
-114.665     ts77     dynamics     sesquiterpene     TS     runpoint      17     runisomer      81
6 -0.0843673 0.6860811 -0.0472717
1 -0.1730871 1.3159835 1.0583654
1 -0.5660968 1.2163023 -0.8349229
1 0.8643853 -1.3762985 0.3702658
8 0.0274467 -0.7246466 -0.0019739
5
-114.665     ts77     dynamics     sesquiterpene     TS     runpoint      18     runisomer      81
6 -0.0936336 0.6859689 -0.0480175
1 -0.1420854 1.2686347 1.0238066
1 -0.5681765 1.2027049 -0.8305666
1 0.7480201 -1.4294943 0.3567147
8 0.0399097 -0.7173727 0.0013398
5
-114.675     ts77     dynamics     sesquiterpene     TS     runpoint      19     runisomer      81
6 -0.1011524 0.6855367 -0.0443169
1 -0.1087666 1.2052435 0.9626865
1 -0.5762938 1.1846902 -0.8394788
1 0.6142227 -1.4424060 0.3351666
8 0.0523940 -0.7111076 0.0043312
5
-114.686     ts77     dynamics     sesquiterpene     TS     runpoint      20     runisomer      81
6 -0.1068679 0.6841066 -0.0372658
1 -0.0748291 1.1353036 0.8884463
1 -0.5900118 1.1622156 -0.8604297
1 0.4826125 -1.4317257 0.3161846
8 0.0637021 -0.7048868 0.0062321
5
-114.679     ts77     dynamics     sesquiterpene     TS     runpoint      21     runisomer      81
6 -0.1112162 0.6804512 -0.0299009
1 -0.0405923 1.0768474 0.8318756
1 -0.6062164 1.1337171 -0.8871904
1 0.3778575 -1.4398043 0.3194553
8 0.0724296 -0.6961581 0.0057479
