5
-114.654160 ts77 dynamics sesquiterpene TS runpoint 1  runisomer  140
6 -0.0364297 0.6358749 -0.0047370
1 -0.2779189 1.1977201 0.9625873
1 -0.2596584 1.2376172 -0.9369855
1 1.0493270 -0.0979129 -0.0111732
8 -0.0328682 -0.7614168 0.0026449
5
-114.647 ts77 dynamics sesquiterpene TS runpoint 2  runisomer  140
6 -0.0374684 0.63681 0.00411239
1 -0.249072 1.24486 0.936338
1 -0.279339 1.27882 -0.994207
1 1.0732 -0.0616279 0.0149991
8 -0.03417 -0.769971 -0.000384052
5
-114.639     ts77     dynamics     sesquiterpene     TS     runpoint      3     runisomer      140
6 -0.0375242 0.6384150 0.0118851
1 -0.2187734 1.2807047 0.9018490
1 -0.2937099 1.3011377 -1.0302095
1 1.0851476 -0.0119928 0.0405739
8 -0.0358840 -0.7779677 -0.0033860
5
-114.634     ts77     dynamics     sesquiterpene     TS     runpoint      4     runisomer      140
6 -0.0361146 0.6401801 0.0175623
1 -0.1893778 1.3059496 0.8653407
1 -0.3011190 1.3013979 -1.0399232
1 1.0862834 0.0567458 0.0645371
8 -0.0383975 -0.7852308 -0.0062435
5
-114.636     ts77     dynamics     sesquiterpene     TS     runpoint      5     runisomer      140
6 -0.0328265 0.6414476 0.0204071
1 -0.1636166 1.3231572 0.8343204
1 -0.3008435 1.2790258 -1.0224099
1 1.0791190 0.1487815 0.0857378
8 -0.0420544 -0.7916562 -0.0088646
5
-114.645     ts77     dynamics     sesquiterpene     TS     runpoint      6     runisomer      140
6 -0.0274322 0.6416980 0.0200505
1 -0.1444364 1.3353604 0.8156280
1 -0.2929854 1.2353599 -0.9799053
1 1.0673284 0.2652368 0.1028182
8 -0.0470623 -0.7971988 -0.0111760
5
-114.66     ts77     dynamics     sesquiterpene     TS     runpoint      7     runisomer      140
6 -0.0199976 0.6406998 0.0167989
1 -0.1347722 1.3439184 0.8129873
1 -0.2791150 1.1746041 -0.9193265
1 1.0564245 0.4028142 0.1143812
8 -0.0534350 -0.8018300 -0.0131168
5
-114.675     ts77     dynamics     sesquiterpene     TS     runpoint      8     runisomer      140
6 -0.0108189 0.6382756 0.0120494
1 -0.1372011 1.3472755 0.8256410
1 -0.2639083 1.1063588 -0.8565160
1 1.0542494 0.5544783 0.1195262
8 -0.0609894 -0.8054789 -0.0146345
5
-114.679     ts77     dynamics     sesquiterpene     TS     runpoint      9     runisomer      140
6 0.0000977 0.6338003 0.0085388
1 -0.1534285 1.3417830 0.8490630
1 -0.2569960 1.0473370 -0.8201449
1 1.0671000 0.7125695 0.1181001
8 -0.0694015 -0.8080172 -0.0156816
5
-114.675     ts77     dynamics     sesquiterpene     TS     runpoint      10     runisomer      140
6 0.0133915 0.6266999 0.0090776
1 -0.1838090 1.3235241 0.8769696
1 -0.2693786 1.0129169 -0.8380789
1 1.0926527 0.8703131 0.1100816
8 -0.0782908 -0.8093101 -0.0162119
5
-114.654160 ts77 dynamics sesquiterpene TS runpoint 1  runisomer  140
6 -0.0364297 0.6358749 -0.0047370
1 -0.2779189 1.1977201 0.9625873
1 -0.2596584 1.2376172 -0.9369855
1 1.0493270 -0.0979129 -0.0111732
8 -0.0328682 -0.7614168 0.0026449
5
-114.647 ts77 dynamics sesquiterpene TS runpoint 2  runisomer  140
6 -0.0348457 0.635653 -0.0131396
1 -0.303473 1.14083 0.976621
1 -0.238043 1.18587 -0.871422
1 1.01442 -0.127438 -0.0370086
8 -0.0316095 -0.752544 0.00556145
5
-114.649     ts77     dynamics     sesquiterpene     TS     runpoint      3     runisomer      140
6 -0.0329850 0.6354184 -0.0186899
1 -0.3246227 1.0778309 0.9771228
1 -0.2207252 1.1403698 -0.8232085
1 0.9717709 -0.1575641 -0.0617332
8 -0.0300783 -0.7436324 0.0082124
5
-114.642     ts77     dynamics     sesquiterpene     TS     runpoint      4     runisomer      140
6 -0.0310307 0.6340705 -0.0186910
1 -0.3413760 1.0141304 0.9659164
1 -0.2151448 1.1219206 -0.8242743
1 0.9272973 -0.1964015 -0.0849942
8 -0.0280387 -0.7349967 0.0104505
5
-114.642     ts77     dynamics     sesquiterpene     TS     runpoint      5     runisomer      140
6 -0.0296103 0.6319234 -0.0130561
1 -0.3554753 0.9565830 0.9487663
1 -0.2221342 1.1340317 -0.8790309
1 0.8894526 -0.2522017 -0.1073420
8 -0.0253928 -0.7270059 0.0121617
5
-114.654     ts77     dynamics     sesquiterpene     TS     runpoint      6     runisomer      140
6 -0.0296936 0.6308377 -0.0049069
1 -0.3707779 0.9126193 0.9351325
1 -0.2347377 1.1598811 -0.9569603
1 0.8684420 -0.3316001 -0.1307345
8 -0.0222492 -0.7200469 0.0132911
5
-114.66     ts77     dynamics     sesquiterpene     TS     runpoint      7     runisomer      140
6 -0.0317775 0.6322183 0.0026576
1 -0.3921583 0.8883284 0.9343695
1 -0.2465701 1.1838588 -1.0278209
1 0.8741364 -0.4374724 -0.1584266
8 -0.0189533 -0.7143911 0.0138730
5
-114.664     ts77     dynamics     sesquiterpene     TS     runpoint      8     runisomer      140
6 -0.0357865 0.6364123 0.0081291
1 -0.4225821 0.8860541 0.9490863
1 -0.2545401 1.1982405 -1.0749128
1 0.9088014 -0.5696981 -0.1930782
8 -0.0157121 -0.7099684 0.0139914
5
-114.676     ts77     dynamics     sesquiterpene     TS     runpoint      9     runisomer      140
6 -0.0414465 0.6431590 0.0114042
1 -0.4609466 0.9035389 0.9723766
1 -0.2576322 1.2002748 -1.0910816
1 0.9567045 -0.7260092 -0.2331519
8 -0.0118739 -0.7064097 0.0136093
5
-114.689     ts77     dynamics     sesquiterpene     TS     runpoint      10     runisomer      140
6 -0.0485020 0.6520034 0.0130409
1 -0.5030308 0.9353910 0.9926804
1 -0.2557583 1.1897417 -1.0744946
1 0.9914755 -0.8973694 -0.2728563
8 -0.0062404 -0.7035907 0.0125570
5
-114.695     ts77     dynamics     sesquiterpene     TS     runpoint      11     runisomer      140
6 -0.0567032 0.6624118 0.0137032
1 -0.5438377 0.9752637 1.0000555
1 -0.2493700 1.1682969 -1.0274108
1 0.9940720 -1.0683051 -0.3063274
8 0.0019164 -0.7017905 0.0107366
5
-114.696     ts77     dynamics     sesquiterpene     TS     runpoint      12     runisomer      140
6 -0.0657248 0.6736901 0.0141539
1 -0.5791954 1.0173045 0.9889554
1 -0.2397218 1.1402319 -0.9579539
1 0.9577076 -1.2228027 -0.3299981
8 0.0125939 -0.7013982 0.0082123
5
-114.692     ts77     dynamics     sesquiterpene     TS     runpoint      13     runisomer      140
6 -0.0750680 0.6847871 0.0156704
1 -0.6065140 1.0567672 0.9584720
1 -0.2295988 1.1144167 -0.8846878
1 0.8838589 -1.3478308 -0.3424924
8 0.0253383 -0.7027054 0.0051648
5
-114.683     ts77     dynamics     sesquiterpene     TS     runpoint      14     runisomer      140
6 -0.0840001 0.6941883 0.0202703
1 -0.6253566 1.0903229 0.9121294
1 -0.2234984 1.1050807 -0.8389281
1 0.7783914 -1.4341483 -0.3440860
8 0.0394853 -0.7058451 0.0018497
5
-114.674     ts77     dynamics     sesquiterpene     TS     runpoint      15     runisomer      140
6 -0.0917719 0.7005390 0.0291930
1 -0.6382053 1.1165635 0.8580162
1 -0.2243972 1.1232421 -0.8467345
1 0.6504614 -1.4776023 -0.3369230
8 0.0542403 -0.7106691 -0.0013953
5
-114.678     ts77     dynamics     sesquiterpene     TS     runpoint      16     runisomer      140
6 -0.0979586 0.7037333 0.0403292
1 -0.6510532 1.1366627 0.8083354
1 -0.2293722 1.1623527 -0.8978769
1 0.5139899 -1.4844752 -0.3268569
8 0.0686006 -0.7163627 -0.0040321
5
-114.68     ts77     dynamics     sesquiterpene     TS     runpoint      17     runisomer      140
6 -0.1023073 0.7043106 0.0498124
1 -0.6718369 1.1537978 0.7756049
1 -0.2331550 1.2058751 -0.9609176
1 0.3883741 -1.4817431 -0.3272749
8 0.0813235 -0.7207904 -0.0050869
