5
-114.654160 ts77 dynamics sesquiterpene TS runpoint 1  runisomer  81
6 -0.0170232 0.6559404 -0.0113411
1 -0.2993723 1.0448869 0.9185854
1 -0.3539768 1.2233283 -0.9249626
1 0.9800222 -0.0819938 0.0493096
8 -0.0357671 -0.7669427 0.0058041
5
-114.649 ts77 dynamics sesquiterpene TS runpoint 2  runisomer  81
6 -0.017713 0.650315 -0.00260231
1 -0.315453 1.04468 0.840448
1 -0.359106 1.21635 -0.910741
1 1.05162 -0.0867918 0.025476
8 -0.0384236 -0.761968 0.00477667
5
-114.638     ts77     dynamics     sesquiterpene     TS     runpoint      3     runisomer      81
6 -0.0171793 0.6423451 0.0022339
1 -0.3433242 1.0673236 0.8080809
1 -0.3576279 1.2013335 -0.8912866
1 1.1132297 -0.0824686 0.0008203
8 -0.0410437 -0.7567423 0.0035164
5
-114.632     ts77     dynamics     sesquiterpene     TS     runpoint      4     runisomer      81
6 -0.0145622 0.6315490 0.0029203
1 -0.3850723 1.1149821 0.8278441
1 -0.3499576 1.1802387 -0.8720830
1 1.1582328 -0.0636379 -0.0236933
8 -0.0436957 -0.7515028 0.0020903
5
-114.638     ts77     dynamics     sesquiterpene     TS     runpoint      5     runisomer      81
6 -0.0101418 0.6188318 0.0020081
1 -0.4295578 1.1726663 0.8740255
1 -0.3374743 1.1564441 -0.8599784
1 1.1845142 -0.0246166 -0.0470159
8 -0.0466520 -0.7465565 0.0005706
5
-114.643     ts77     dynamics     sesquiterpene     TS     runpoint      6     runisomer      81
6 -0.0043586 0.6052135 0.0018974
1 -0.4647321 1.2242405 0.9212347
1 -0.3219566 1.1336156 -0.8604924
1 1.1930639 0.0398620 -0.0680932
8 -0.0502915 -0.7422147 -0.0009603
5
-114.644     ts77     dynamics     sesquiterpene     TS     runpoint      7     runisomer      81
6 0.0025819 0.5914241 0.0036463
1 -0.4838808 1.2603151 0.9557144
1 -0.3047941 1.1139286 -0.8751075
1 1.1863424 0.1330994 -0.0857081
8 -0.0549519 -0.7387773 -0.0024142
5
-114.649     ts77     dynamics     sesquiterpene     TS     runpoint      8     runisomer      81
6 0.0105119 0.5782769 0.0072310
1 -0.4843736 1.2765224 0.9713691
1 -0.2867010 1.0970467 -0.9003152
1 1.1673444 0.2551102 -0.0983447
8 -0.0608145 -0.7365593 -0.0037057
5
-114.66     ts77     dynamics     sesquiterpene     TS     runpoint      9     runisomer      81
6 0.0190788 0.5668557 0.0120688
1 -0.4659088 1.2711082 0.9657992
1 -0.2682775 1.0808832 -0.9294763
1 1.1405276 0.4019761 -0.1044152
8 -0.0678785 -0.7358847 -0.0047651
5
-114.674     ts77     dynamics     sesquiterpene     TS     runpoint      10     runisomer      81
6 0.0276490 0.5583018 0.0174881
1 -0.4300190 1.2440235 0.9387564
1 -0.2506099 1.0631111 -0.9559692
1 1.1134186 0.5665494 -0.1030155
8 -0.0759772 -0.7370107 -0.0055457
5
-114.687     ts77     dynamics     sesquiterpene     TS     runpoint      11     runisomer      81
6 0.0356182 0.5533350 0.0229473
1 -0.3808443 1.1975326 0.8927261
1 -0.2351756 1.0420051 -0.9753067
1 1.0944657 0.7410290 -0.0947349
8 -0.0848345 -0.7400194 -0.0060454
5
-114.654160 ts77 dynamics sesquiterpene TS runpoint 1  runisomer  81
6 -0.0170232 0.6559404 -0.0113411
1 -0.2993723 1.0448869 0.9185854
1 -0.3539768 1.2233283 -0.9249626
1 0.9800222 -0.0819938 0.0493096
8 -0.0357671 -0.7669427 0.0058041
5
-114.649 ts77 dynamics sesquiterpene TS runpoint 2  runisomer  81
6 -0.0166555 0.660584 -0.0212973
1 -0.28546 1.05506 1.00937
1 -0.342881 1.22206 -0.931291
1 0.910139 -0.0733716 0.071887
8 -0.0332161 -0.771531 0.00652983
5
-114.646     ts77     dynamics     sesquiterpene     TS     runpoint      3     runisomer      81
6 -0.0178488 0.6652756 -0.0300751
1 -0.2679029 1.0660985 1.0851317
1 -0.3273956 1.2140956 -0.9301879
1 0.8569082 -0.0662664 0.0938534
8 -0.0310503 -0.7756910 0.0068890
5
-114.635     ts77     dynamics     sesquiterpene     TS     runpoint      4     runisomer      81
6 -0.0212531 0.6704501 -0.0362178
1 -0.2452830 1.0741325 1.1313025
1 -0.3098710 1.2025998 -0.9250964
1 0.8331332 -0.0653410 0.1167662
8 -0.0295287 -0.7794117 0.0068246
5
-114.627     ts77     dynamics     sesquiterpene     TS     runpoint      5     runisomer      81
6 -0.0268264 0.6759186 -0.0388076
1 -0.2183377 1.0780359 1.1417935
1 -0.2930233 1.1918544 -0.9215944
1 0.8427591 -0.0732671 0.1417477
8 -0.0287148 -0.7825834 0.0063131
5
-114.627     ts77     dynamics     sesquiterpene     TS     runpoint      6     runisomer      81
6 -0.0339353 0.6810205 -0.0372781
1 -0.1887224 1.0779705 1.1153839
1 -0.2790721 1.1857946 -0.9250753
1 0.8787871 -0.0906133 0.1680911
8 -0.0283977 -0.7849299 0.0053894
5
-114.634     ts77     dynamics     sesquiterpene     TS     runpoint      7     runisomer      81
6 -0.0417582 0.6850581 -0.0316865
1 -0.1585955 1.0751517 1.0552883
1 -0.2687582 1.1859864 -0.9373437
1 0.9276590 -0.1175600 0.1934064
8 -0.0281575 -0.7860935 0.0041589
5
-114.643     ts77     dynamics     sesquiterpene     TS     runpoint      8     runisomer      81
6 -0.0496513 0.6875793 -0.0231985
1 -0.1305429 1.0728584 0.9721641
1 -0.2612026 1.1907260 -0.9549501
1 0.9752204 -0.1554797 0.2149355
8 -0.0274783 -0.7857492 0.0027809
5
-114.646     ts77     dynamics     sesquiterpene     TS     runpoint      9     runisomer      81
6 -0.0572763 0.6881595 -0.0144764
1 -0.1073162 1.0790134 0.8901209
1 -0.2548495 1.1962974 -0.9712655
1 1.0099333 -0.2075556 0.2306204
8 -0.0258095 -0.7836410 0.0014459
5
-114.641     ts77     dynamics     sesquiterpene     TS     runpoint      10     runisomer      81
6 -0.0646639 0.6860688 -0.0093344
1 -0.0905172 1.1076848 0.8462821
1 -0.2485108 1.1990048 -0.9802667
1 1.0233788 -0.2788634 0.2393810
8 -0.0225740 -0.7795548 0.0003660
5
-114.641     ts77     dynamics     sesquiterpene     TS     runpoint      11     runisomer      81
6 -0.0722806 0.6810504 -0.0098975
1 -0.0786105 1.1673926 0.8601882
1 -0.2418167 1.1965299 -0.9792499
1 1.0101861 -0.3753977 0.2409712
8 -0.0172021 -0.7733120 -0.0002514
5
-114.665     ts77     dynamics     sesquiterpene     TS     runpoint      12     runisomer      81
6 -0.0806958 0.6745050 -0.0142748
1 -0.0686444 1.2448824 0.9078654
1 -0.2351628 1.1884670 -0.9695926
1 0.9696847 -0.5008297 0.2361259
8 -0.0093861 -0.7648717 -0.0002744
5
-114.69     ts77     dynamics     sesquiterpene     TS     runpoint      13     runisomer      81
6 -0.0900818 0.6681467 -0.0194427
1 -0.0592762 1.3191252 0.9563284
1 -0.2294192 1.1763535 -0.9559719
1 0.9123171 -0.6518196 0.2279952
8 0.0003162 -0.7545020 0.0002039
5
-114.698     ts77     dynamics     sesquiterpene     TS     runpoint      14     runisomer      81
6 -0.1001296 0.6627432 -0.0232669
1 -0.0504571 1.3761374 0.9867251
1 -0.2255643 1.1631308 -0.9450105
1 0.8697005 -0.8189648 0.2248593
8 0.0097385 -0.7426743 0.0006647
5
-114.693     ts77     dynamics     sesquiterpene     TS     runpoint      15     runisomer      81
6 -0.1102546 0.6583335 -0.0244589
1 -0.0424315 1.4091549 0.9914485
1 -0.2241719 1.1517398 -0.9430355
1 0.8729486 -0.9987480 0.2352520
8 0.0165348 -0.7293993 0.0004827
5
-114.696     ts77     dynamics     sesquiterpene     TS     runpoint      16     runisomer      81
6 -0.1199229 0.6549055 -0.0224670
1 -0.0353362 1.4156675 0.9687564
1 -0.2249971 1.1433477 -0.9529580
1 0.8952984 -1.1821641 0.2524713
8 0.0219828 -0.7151496 -0.0000408
5
-114.693     ts77     dynamics     sesquiterpene     TS     runpoint      17     runisomer      81
6 -0.1288346 0.6526465 -0.0175222
1 -0.0291248 1.3959634 0.9205948
1 -0.2270525 1.1365561 -0.9724823
1 0.9003249 -1.3459736 0.2661371
8 0.0280883 -0.7014619 -0.0003467
5
-114.68     ts77     dynamics     sesquiterpene     TS     runpoint      18     runisomer      81
6 -0.1368842 0.6516334 -0.0105977
1 -0.0234080 1.3538468 0.8533404
1 -0.2291279 1.1284229 -0.9955501
1 0.8770984 -1.4733809 0.2724191
8 0.0353583 -0.6895055 -0.0002463
5
-114.668     ts77     dynamics     sesquiterpene     TS     runpoint      19     runisomer      81
6 -0.1441088 0.6513174 -0.0034441
1 -0.0167669 1.2999196 0.7814355
1 -0.2303417 1.1162535 -1.0154493
1 0.8280804 -1.5574231 0.2713758
8 0.0435222 -0.6798078 0.0002374
5
-114.654     ts77     dynamics     sesquiterpene     TS     runpoint      20     runisomer      81
6 -0.1507776 0.6501917 0.0012806
1 -0.0052512 1.2556709 0.7316630
1 -0.2304019 1.0986761 -1.0271007
1 0.7580358 -1.5952097 0.2640567
8 0.0522135 -0.6726865 0.0010240
5
-114.641     ts77     dynamics     sesquiterpene     TS     runpoint      21     runisomer      81
6 -0.1574199 0.6465669 0.0009775
1 0.0174951 1.2456414 0.7332007
1 -0.2295103 1.0758473 -1.0281586
1 0.6696499 -1.5832271 0.2513416
8 0.0612738 -0.6686516 0.0020230
5
-114.651     ts77     dynamics     sesquiterpene     TS     runpoint      22     runisomer      81
6 -0.1642859 0.6408259 -0.0040127
1 0.0529416 1.2692021 0.7839109
1 -0.2281515 1.0494601 -1.0197000
1 0.5653499 -1.5201226 0.2346072
8 0.0706750 -0.6681429 0.0030943
5
-114.677     ts77     dynamics     sesquiterpene     TS     runpoint      23     runisomer      81
6 -0.1710423 0.6348865 -0.0106469
1 0.0944135 1.3028403 0.8525980
1 -0.2268767 1.0228254 -1.0064474
1 0.4566331 -1.4235594 0.2197149
8 0.0798976 -0.6702127 0.0038467
5
-114.673     ts77     dynamics     sesquiterpene     TS     runpoint      24     runisomer      81
6 -0.1772650 0.6298553 -0.0160434
1 0.1344090 1.3276717 0.9125108
1 -0.2260469 1.0003585 -0.9958815
1 0.3804337 -1.3688413 0.2290418
8 0.0867933 -0.6700348 0.0028677
5
-114.633     ts77     dynamics     sesquiterpene     TS     runpoint      25     runisomer      81
6 -0.1827277 0.6260659 -0.0183416
1 0.1681345 1.3353300 0.9496355
1 -0.2256667 0.9861494 -0.9953072
1 0.3679768 -1.4460613 0.2952068
8 0.0895246 -0.6619143 -0.0019507
5
-114.661     ts77     dynamics     sesquiterpene     TS     runpoint      26     runisomer      81
6 -0.1874469 0.6240673 -0.0166518
1 0.1930777 1.3240022 0.9583399
1 -0.2252880 0.9821371 -1.0072537
1 0.3723637 -1.5549934 0.3891040
8 0.0911909 -0.6525842 -0.0089305
5
-114.661     ts77     dynamics     sesquiterpene     TS     runpoint      27     runisomer      81
6 -0.1915603 0.6245173 -0.0109727
1 0.2080872 1.2950067 0.9376491
1 -0.2242133 0.9869380 -1.0272142
1 0.3684105 -1.6249777 0.4830565
8 0.0935102 -0.6469877 -0.0165504
5
-114.65     ts77     dynamics     sesquiterpene     TS     runpoint      28     runisomer      81
6 -0.1952330 0.6277866 -0.0019725
1 0.2132455 1.2518207 0.8903420
1 -0.2219785 0.9969396 -1.0464166
1 0.3506411 -1.6375303 0.5665311
8 0.0969171 -0.6465597 -0.0243713
