5
-114.654160 ts77 dynamics sesquiterpene TS runpoint 1  runisomer  196
6 -0.0499865 0.6258997 0.0085293
1 -0.1504400 1.1954517 0.9245329
1 -0.2307023 1.1514941 -0.9977608
1 0.9995791 -0.0783534 0.0580142
8 -0.0294198 -0.7495959 -0.0054404
5
-114.649 ts77 dynamics sesquiterpene TS runpoint 2  runisomer  196
6 -0.0478153 0.620136 0.0104027
1 -0.17132 1.14217 0.953846
1 -0.236515 1.17065 -1.07013
1 1.04977 -0.0670325 0.0337259
8 -0.0325291 -0.743835 -0.0026024
5
-114.64     ts77     dynamics     sesquiterpene     TS     runpoint      3     runisomer      196
6 -0.0443015 0.6152157 0.0098549
1 -0.1964392 1.0908537 0.9820531
1 -0.2398059 1.1785957 -1.1129174
1 1.0908029 -0.0459492 0.0081160
8 -0.0359597 -0.7387400 0.0003420
5
-114.632     ts77     dynamics     sesquiterpene     TS     runpoint      4     runisomer      196
6 -0.0389723 0.6109033 0.0068706
1 -0.2251601 1.0438313 1.0055017
1 -0.2401827 1.1743418 -1.1210914
1 1.1197728 -0.0087238 -0.0180434
8 -0.0399503 -0.7346193 0.0032675
5
-114.632     ts77     dynamics     sesquiterpene     TS     runpoint      5     runisomer      196
6 -0.0315149 0.6068924 0.0018030
1 -0.2560918 1.0028869 1.0202651
1 -0.2377486 1.1584767 -1.0940362
1 1.1366159 0.0504955 -0.0438206
8 -0.0448096 -0.7317621 0.0060610
5
-114.641     ts77     dynamics     sesquiterpene     TS     runpoint      6     runisomer      196
6 -0.0218159 0.6028967 -0.0047663
1 -0.2872692 0.9695534 1.0231165
1 -0.2331508 1.1328958 -1.0349340
1 1.1428711 0.1358299 -0.0681693
8 -0.0508059 -0.7304295 0.0086215
5
-114.656     ts77     dynamics     sesquiterpene     TS     runpoint      7     runisomer      196
6 -0.0098948 0.5986572 -0.0119057
1 -0.3165459 0.9451825 1.0123941
1 -0.2284313 1.1019271 -0.9530551
1 1.1405087 0.2483850 -0.0897953
8 -0.0580536 -0.7308549 0.0108597
5
-114.672     ts77     dynamics     sesquiterpene     TS     runpoint      8     runisomer      196
6 0.0042138 0.5937653 -0.0179863
1 -0.3420446 0.9308567 0.9885955
1 -0.2288066 1.0749210 -0.8685224
1 1.1321344 0.3854559 -0.1071056
8 -0.0664815 -0.7332183 0.0126878
5
-114.679     ts77     dynamics     sesquiterpene     TS     runpoint      9     runisomer      196
6 0.0205639 0.5874863 -0.0206353
1 -0.3625860 0.9272399 0.9547527
1 -0.2442202 1.0673263 -0.8129996
1 1.1222189 0.5408935 -0.1185015
8 -0.0758591 -0.7375957 0.0140303
5
-114.682     ts77     dynamics     sesquiterpene     TS     runpoint      10     runisomer      196
6 0.0390248 0.5795000 -0.0185542
1 -0.3781007 0.9344290 0.9165130
1 -0.2841366 1.0893670 -0.8080546
1 1.1165030 0.7070656 -0.1229203
8 -0.0858569 -0.7439179 0.0148477
5
-114.654160 ts77 dynamics sesquiterpene TS runpoint 1  runisomer  196
6 -0.0499865 0.6258997 0.0085293
1 -0.1504400 1.1954517 0.9245329
1 -0.2307023 1.1514941 -0.9977608
1 0.9995791 -0.0783534 0.0580142
8 -0.0294198 -0.7495959 -0.0054404
5
-114.649 ts77 dynamics sesquiterpene TS runpoint 2  runisomer  196
6 -0.0513456 0.632521 0.00499017
1 -0.133764 1.24755 0.896829
1 -0.223977 1.12564 -0.908964
1 0.946413 -0.0861974 0.0805768
8 -0.0265246 -0.755723 -0.0080563
5
-114.651     ts77     dynamics     sesquiterpene     TS     runpoint      3     runisomer      196
6 -0.0522774 0.6394680 0.0018205
1 -0.1208126 1.2947336 0.8725379
1 -0.2206438 1.1047855 -0.8313577
1 0.8988676 -0.0965648 0.1016143
8 -0.0238566 -0.7619404 -0.0103630
5
-114.638     ts77     dynamics     sesquiterpene     TS     runpoint      4     runisomer      196
6 -0.0528715 0.6455872 0.0020800
1 -0.1109324 1.3334253 0.8530100
1 -0.2279239 1.1075586 -0.8043343
1 0.8657326 -0.1149273 0.1219276
8 -0.0214872 -0.7679862 -0.0123092
5
-114.629     ts77     dynamics     sesquiterpene     TS     runpoint      5     runisomer      196
6 -0.0533594 0.6505792 0.0067780
1 -0.1035331 1.3610978 0.8395757
1 -0.2490309 1.1404529 -0.8428726
1 0.8529782 -0.1459325 0.1424978
8 -0.0194542 -0.7735936 -0.0138543
5
-114.64     ts77     dynamics     sesquiterpene     TS     runpoint      6     runisomer      196
6 -0.0544921 0.6559095 0.0131808
1 -0.0982168 1.3766443 0.8334588
1 -0.2776160 1.1859190 -0.9170923
1 0.8612464 -0.1935788 0.1638271
8 -0.0176585 -0.7784355 -0.0149386
5
-114.649     ts77     dynamics     sesquiterpene     TS     runpoint      7     runisomer      196
6 -0.0569281 0.6628839 0.0182270
1 -0.0947084 1.3802601 0.8353592
1 -0.3058898 1.2251245 -0.9923103
1 0.8852383 -0.2619437 0.1855559
8 -0.0157829 -0.7820590 -0.0154733
5
-114.651     ts77     dynamics     sesquiterpene     TS     runpoint      8     runisomer      196
6 -0.0609837 0.6718559 0.0201691
1 -0.0927092 1.3731137 0.8454162
1 -0.3294405 1.2486470 -1.0485832
1 0.9158461 -0.3554247 0.2066194
8 -0.0133112 -0.7839320 -0.0153441
5
-114.654     ts77     dynamics     sesquiterpene     TS     runpoint      9     runisomer      196
6 -0.0667749 0.6825821 0.0182443
1 -0.0918320 1.3568228 0.8631875
1 -0.3464184 1.2533641 -1.0766681
1 0.9436511 -0.4768962 0.2257609
8 -0.0097043 -0.7835962 -0.0144552
5
-114.665     ts77     dynamics     sesquiterpene     TS     runpoint      10     runisomer      196
6 -0.0742234 0.6944834 0.0123152
1 -0.0916490 1.3329018 0.8873005
1 -0.3562415 1.2391727 -1.0729753
1 0.9618896 -0.6245647 0.2421224
8 -0.0046578 -0.7808190 -0.0127888
5
-114.681     ts77     dynamics     sesquiterpene     TS     runpoint      11     runisomer      196
6 -0.0829942 0.7067599 0.0028041
1 -0.0917795 1.3024610 0.9150268
1 -0.3591947 1.2079019 -1.0379570
1 0.9673622 -0.7911490 0.2555278
8 0.0017720 -0.7756452 -0.0104509
5
-114.699     ts77     dynamics     sesquiterpene     TS     runpoint      12     runisomer      196
6 -0.0924801 0.7184354 -0.0091578
1 -0.0919960 1.2663641 0.9423089
1 -0.3570070 1.1640331 -0.9779687
1 0.9583269 -0.9660808 0.2659989
8 0.0093340 -0.7683435 -0.0076348
5
-114.708     ts77     dynamics     sesquiterpene     TS     runpoint      13     runisomer      196
6 -0.1017485 0.7282264 -0.0213438
1 -0.0923466 1.2257616 0.9645030
1 -0.3545963 1.1170537 -0.9110374
1 0.9316603 -1.1372058 0.2728707
8 0.0178383 -0.7593899 -0.0045412
5
-114.699     ts77     dynamics     sesquiterpene     TS     runpoint      14     runisomer      196
6 -0.1094648 0.7343999 -0.0301383
1 -0.0932207 1.1826395 0.9777199
1 -0.3620601 1.0831251 -0.8723290
1 0.8837415 -1.2914738 0.2748928
8 0.0271710 -0.7494480 -0.0013420
5
-114.677     ts77     dynamics     sesquiterpene     TS     runpoint      15     runisomer      196
6 -0.1143536 0.7355079 -0.0323713
1 -0.0952574 1.1400883 0.9805761
1 -0.3898512 1.0758718 -0.8947164
1 0.8135900 -1.4168854 0.2711960
8 0.0371378 -0.7392402 0.0017977
5
-114.671     ts77     dynamics     sesquiterpene     TS     runpoint      16     runisomer      196
6 -0.1164105 0.7318129 -0.0292333
1 -0.0991779 1.1021973 0.9757141
1 -0.4347467 1.0891205 -0.9641295
1 0.7238609 -1.5047894 0.2618954
8 0.0474100 -0.7293773 0.0047112
5
-114.673     ts77     dynamics     sesquiterpene     TS     runpoint      17     runisomer      196
6 -0.1165509 0.7244256 -0.0245076
1 -0.1057260 1.0734037 0.9692923
1 -0.4840109 1.1070849 -1.0400324
1 0.6199670 -1.5513162 0.2481626
8 0.0575770 -0.7202214 0.0072194
5
-114.666     ts77     dynamics     sesquiterpene     TS     runpoint      18     runisomer      196
6 -0.1155500 0.7140838 -0.0209942
1 -0.1156984 1.0572851 0.9678974
1 -0.5279887 1.1194089 -1.0947866
1 0.5093808 -1.5594481 0.2324553
8 0.0671924 -0.7117103 0.0091109
5
-114.658     ts77     dynamics     sesquiterpene     TS     runpoint      19     runisomer      196
6 -0.1139024 0.7012274 -0.0199276
1 -0.1298711 1.0552063 0.9743103
1 -0.5618747 1.1214811 -1.1162150
1 0.4016205 -1.5435530 0.2193897
8 0.0757727 -0.7030651 0.0100809
5
-114.651     ts77     dynamics     sesquiterpene     TS     runpoint      20     runisomer      196
6 -0.1119855 0.6863456 -0.0213598
1 -0.1486755 1.0657059 0.9853499
1 -0.5837157 1.1116716 -1.1007402
1 0.3059496 -1.5319504 0.2162785
8 0.0829237 -0.6926747 0.0096810
