5
-114.654160 ts77 dynamics sesquiterpene TS runpoint 1  runisomer  18
6 -0.0526902 0.6234548 -0.0124588
1 -0.1263350 1.2691474 0.9643501
1 -0.2290912 1.2387299 -0.8816817
1 0.9570855 -0.0663429 0.1142412
8 -0.0263338 -0.7586590 -0.0030595
5
-114.645 ts77 dynamics sesquiterpene TS runpoint 2  runisomer  18
6 -0.0544929 0.61233 -0.021698
1 -0.131912 1.2855 1.02581
1 -0.233232 1.27301 -0.876519
1 1.01685 -0.0616197 0.129412
8 -0.0281341 -0.753801 -0.0012814
5
-114.635     ts77     dynamics     sesquiterpene     TS     runpoint      3     runisomer      18
6 -0.0549477 0.6033815 -0.0282461
1 -0.1393613 1.2807650 1.0631471
1 -0.2390404 1.2987684 -0.8742474
1 1.0714148 -0.0493500 0.1410212
8 -0.0303954 -0.7491850 0.0004059
5
-114.626     ts77     dynamics     sesquiterpene     TS     runpoint      4     runisomer      18
6 -0.0533847 0.5967452 -0.0317786
1 -0.1483893 1.2544998 1.0725905
1 -0.2459025 1.3127482 -0.8720119
1 1.1146963 -0.0233640 0.1479129
8 -0.0332930 -0.7450688 0.0018878
5
-114.625     ts77     dynamics     sesquiterpene     TS     runpoint      5     runisomer      18
6 -0.0493043 0.5922735 -0.0321432
1 -0.1588199 1.2083405 1.0534978
1 -0.2531015 1.3130990 -0.8683018
1 1.1446656 0.0221810 0.1492522
8 -0.0371316 -0.7416977 0.0030475
5
-114.633     ts77     dynamics     sesquiterpene     TS     runpoint      6     runisomer      18
6 -0.0424122 0.5895882 -0.0293424
1 -0.1706435 1.1457547 1.0082358
1 -0.2599077 1.2997106 -0.8631637
1 1.1619001 0.0916745 0.1444454
8 -0.0422144 -0.7392747 0.0037800
5
-114.648     ts77     dynamics     sesquiterpene     TS     runpoint      7     runisomer      18
6 -0.0325565 0.5881058 -0.0237773
1 -0.1845472 1.0732270 0.9446506
1 -0.2658240 1.2741490 -0.8579906
1 1.1674412 0.1870344 0.1329835
8 -0.0487076 -0.7379914 0.0040102
5
-114.664     ts77     dynamics     sesquiterpene     TS     runpoint      8     runisomer      18
6 -0.0195697 0.5869580 -0.0167414
1 -0.2033001 1.0024647 0.8812760
1 -0.2708988 1.2393259 -0.8550069
1 1.1619237 0.3073090 0.1145506
8 -0.0566026 -0.7380552 0.0037007
5
-114.672     ts77     dynamics     sesquiterpene     TS     runpoint      9     runisomer      18
6 -0.0031393 0.5850262 -0.0106946
1 -0.2337143 0.9502550 0.8494661
1 -0.2760051 1.1989071 -0.8564934
1 1.1465907 0.4485751 0.0895327
8 -0.0657264 -0.7396700 0.0028421
5
-114.678     ts77     dynamics     sesquiterpene     TS     runpoint      10     runisomer      18
6 0.0168131 0.5818082 -0.0075547
1 -0.2835223 0.9274830 0.8718289
1 -0.2829689 1.1565044 -0.8640762
1 1.1254031 0.6044336 0.0596362
8 -0.0757827 -0.7429697 0.0014412
5
-114.693     ts77     dynamics     sesquiterpene     TS     runpoint      11     runisomer      18
6 0.0391307 0.5782280 -0.0062104
1 -0.3496084 0.9273640 0.9316135
1 -0.2943431 1.1148197 -0.8781147
1 1.1056612 0.7677434 0.0279867
8 -0.0864024 -0.7479405 -0.0004538
5
-114.654160 ts77 dynamics sesquiterpene TS runpoint 1  runisomer  18
6 -0.0526902 0.6234548 -0.0124588
1 -0.1263350 1.2691474 0.9643501
1 -0.2290912 1.2387299 -0.8816817
1 0.9570855 -0.0663429 0.1142412
8 -0.0263338 -0.7586590 -0.0030595
5
-114.645 ts77 dynamics sesquiterpene TS runpoint 2  runisomer  18
6 -0.0503098 0.636279 -0.00133497
1 -0.123276 1.23623 0.888521
1 -0.227035 1.19969 -0.892946
1 0.902194 -0.0695205 0.0968533
8 -0.0249837 -0.763545 -0.00482198
5
-114.649     ts77     dynamics     sesquiterpene     TS     runpoint      3     runisomer      18
6 -0.0480612 0.6496985 0.0097468
1 -0.1243422 1.1998741 0.8201068
1 -0.2271189 1.1590110 -0.9120492
1 0.8637924 -0.0766689 0.0784067
8 -0.0241798 -0.7683083 -0.0064589
5
-114.639     ts77     dynamics     sesquiterpene     TS     runpoint      4     runisomer      18
6 -0.0463109 0.6617112 0.0174373
1 -0.1328269 1.1840085 0.7952598
1 -0.2289637 1.1187276 -0.9376597
1 0.8504081 -0.0921321 0.0594743
8 -0.0239997 -0.7728066 -0.0078559
5
-114.629     ts77     dynamics     sesquiterpene     TS     runpoint      5     runisomer      18
6 -0.0450697 0.6707906 0.0193441
1 -0.1516489 1.2046688 0.8367673
1 -0.2320042 1.0803638 -0.9658232
1 0.8633970 -0.1186150 0.0400766
8 -0.0243735 -0.7768339 -0.0089053
5
-114.641     ts77     dynamics     sesquiterpene     TS     runpoint      6     runisomer      18
6 -0.0444287 0.6777818 0.0171015
1 -0.1784322 1.2469970 0.9195684
1 -0.2358883 1.0456930 -0.9920828
1 0.8964957 -0.1579771 0.0201022
8 -0.0250103 -0.7800801 -0.0095263
5
-114.652     ts77     dynamics     sesquiterpene     TS     runpoint      7     runisomer      18
6 -0.0445665 0.6840918 0.0136027
1 -0.2079679 1.2883674 1.0048060
1 -0.2405869 1.0167135 -1.0128302
1 0.9384737 -0.2127086 -0.0004102
8 -0.0253965 -0.7821448 -0.0096708
5
-114.65     ts77     dynamics     sesquiterpene     TS     runpoint      8     runisomer      18
6 -0.0456329 0.6903864 0.0105957
1 -0.2364290 1.3162662 1.0688213
1 -0.2462849 0.9953054 -1.0257511
1 0.9768522 -0.2867950 -0.0212086
8 -0.0248658 -0.7826070 -0.0093227
5
-114.645     ts77     dynamics     sesquiterpene     TS     runpoint      9     runisomer      18
6 -0.0478177 0.6968616 0.0088790
1 -0.2617453 1.3259787 1.1010634
1 -0.2532656 0.9829973 -1.0299688
1 1.0008986 -0.3850328 -0.0418850
8 -0.0227100 -0.7811110 -0.0084969
5
-114.649     ts77     dynamics     sesquiterpene     TS     runpoint      10     runisomer      18
6 -0.0513208 0.7034913 0.0088206
1 -0.2828376 1.3164209 1.0977951
1 -0.2618206 0.9808924 -1.0259569
1 1.0038062 -0.5102827 -0.0619437
8 -0.0184003 -0.7774566 -0.0072354
5
-114.663     ts77     dynamics     sesquiterpene     TS     runpoint      11     runisomer      18
6 -0.0561725 0.7099909 0.0105616
1 -0.2991612 1.2884105 1.0592554
1 -0.2721716 0.9896041 -1.0152494
1 0.9852334 -0.6599752 -0.0810002
8 -0.0119123 -0.7716849 -0.0055850
5
-114.685     ts77     dynamics     sesquiterpene     TS     runpoint      12     runisomer      18
6 -0.0620947 0.7157691 0.0138977
1 -0.3109683 1.2449117 0.9903394
1 -0.2844220 1.0091022 -0.9999595
1 0.9538300 -0.8260832 -0.0992586
8 -0.0039779 -0.7640407 -0.0035564
5
-114.703     ts77     dynamics     sesquiterpene     TS     runpoint      13     runisomer      18
6 -0.0684360 0.7198542 0.0178434
1 -0.3207114 1.1931569 0.9051120
1 -0.2984637 1.0384776 -0.9822144
1 0.9230972 -0.9999077 -0.1177389
8 0.0042110 -0.7547429 -0.0010973
5
-114.708     ts77     dynamics     sesquiterpene     TS     runpoint      14     runisomer      18
6 -0.0740811 0.7207527 0.0199844
1 -0.3358397 1.1481057 0.8341125
1 -0.3138322 1.0758418 -0.9637527
1 0.8951961 -1.1731940 -0.1367343
8 0.0121224 -0.7440141 0.0018060
5
-114.694     ts77     dynamics     sesquiterpene     TS     runpoint      15     runisomer      18
6 -0.0775762 0.7168258 0.0170187
1 -0.3688595 1.1289384 0.8181991
1 -0.3297044 1.1185607 -0.9460050
1 0.8579408 -1.3322813 -0.1545379
8 0.0201686 -0.7325272 0.0050390
5
-114.681     ts77     dynamics     sesquiterpene     TS     runpoint      16     runisomer      18
6 -0.0783567 0.7081729 0.0085552
1 -0.4231964 1.1365574 0.8639064
1 -0.3451655 1.1636945 -0.9304059
1 0.8012178 -1.4610935 -0.1692494
8 0.0287236 -0.7212419 0.0084552
5
-114.681     ts77     dynamics     sesquiterpene     TS     runpoint      17     runisomer      18
6 -0.0773581 0.6967998 -0.0022174
1 -0.4858301 1.1512222 0.9348262
1 -0.3593695 1.2081092 -0.9177726
1 0.7231380 -1.5478390 -0.1802583
8 0.0377329 -0.7109655 0.0119678
5
-114.674     ts77     dynamics     sesquiterpene     TS     runpoint      18     runisomer      18
6 -0.0756685 0.6845278 -0.0125596
1 -0.5432742 1.1570562 0.9984576
1 -0.3714831 1.2482632 -0.9073967
1 0.6268246 -1.5864921 -0.1881883
8 0.0469141 -0.7022208 0.0155663
5
-114.664     ts77     dynamics     sesquiterpene     TS     runpoint      19     runisomer      18
6 -0.0739868 0.6725002 -0.0212087
1 -0.5882006 1.1474333 1.0388101
1 -0.3807611 1.2803853 -0.8976140
1 0.5178423 -1.5772616 -0.1948147
8 0.0559310 -0.6951963 0.0193150
5
-114.659     ts77     dynamics     sesquiterpene     TS     runpoint      20     runisomer      18
6 -0.0727953 0.6614258 -0.0276859
1 -0.6173859 1.1209600 1.0496763
1 -0.3866453 1.3011497 -0.8871029
1 0.4050515 -1.5317750 -0.2043117
8 0.0643500 -0.6893938 0.0234272
5
-114.657     ts77     dynamics     sesquiterpene     TS     runpoint      21     runisomer      18
6 -0.0725148 0.6517497 -0.0317920
1 -0.6294504 1.0786727 1.0294890
1 -0.3887735 1.3084249 -0.8757801
1 0.3021804 -1.4837448 -0.2269746
8 0.0715127 -0.6829544 0.0284953
5
-114.652     ts77     dynamics     sesquiterpene     TS     runpoint      22     runisomer      18
6 -0.0735016 0.6437929 -0.0334918
1 -0.6242370 1.0231739 0.9798041
1 -0.3870750 1.3018205 -0.8650978
1 0.2186839 -1.4803189 -0.2802173
8 0.0770756 -0.6732861 0.0355836
5
-114.664     ts77     dynamics     sesquiterpene     TS     runpoint      23     runisomer      18
6 -0.0759335 0.6378748 -0.0330858
1 -0.6038469 0.9592091 0.9067454
1 -0.3819087 1.2829439 -0.8579532
1 0.1444864 -1.5160160 -0.3673449
8 0.0819621 -0.6613757 0.0449236
5
-114.682     ts77     dynamics     sesquiterpene     TS     runpoint      24     runisomer      18
6 -0.0795598 0.6341395 -0.0316133
1 -0.5755965 0.8952151 0.8256476
1 -0.3740218 1.2550687 -0.8581577
1 0.0690119 -1.5427248 -0.4698973
8 0.0871573 -0.6511009 0.0554052
5
-114.679     ts77     dynamics     sesquiterpene     TS     runpoint      25     runisomer      18
6 -0.0833105 0.6321749 -0.0313537
1 -0.5562795 0.8445136 0.7671596
1 -0.3642816 1.2221700 -0.8693291
1 -0.0081383 -1.5317417 -0.5698819
8 0.0929971 -0.6450498 0.0659012
5
-114.663     ts77     dynamics     sesquiterpene     TS     runpoint      26     runisomer      18
6 -0.0856442 0.6312397 -0.0350079
1 -0.5672207 0.8205492 0.7669574
1 -0.3535024 1.1876411 -0.8935369
1 -0.0832836 -1.4755748 -0.6556366
8 0.0994880 -0.6442005 0.0755849
5
-114.664     ts77     dynamics     sesquiterpene     TS     runpoint      27     runisomer      18
6 -0.0866117 0.6312740 -0.0421968
1 -0.6087074 0.8250925 0.8229710
1 -0.3424830 1.1533335 -0.9304626
1 -0.1518589 -1.3767896 -0.7193686
8 0.1064502 -0.6485746 0.0837924
5
-114.684     ts77     dynamics     sesquiterpene     TS     runpoint      28     runisomer      18
6 -0.0878400 0.6327892 -0.0497756
1 -0.6600985 0.8503654 0.8978049
1 -0.3318832 1.1192514 -0.9768634
1 -0.2094607 -1.2432552 -0.7559631
8 0.1135662 -0.6575700 0.0899925
5
-114.697     ts77     dynamics     sesquiterpene     TS     runpoint      29     runisomer      18
6 -0.0905032 0.6361408 -0.0553793
1 -0.7046521 0.8886792 0.9608463
1 -0.3219709 1.0841147 -1.0267077
1 -0.2531663 -1.0878251 -0.7646047
8 0.1204955 -0.6700781 0.0939106
5
-114.697     ts77     dynamics     sesquiterpene     TS     runpoint      30     runisomer      18
6 -0.0949693 0.6414438 -0.0579953
1 -0.7344710 0.9344969 0.9967259
1 -0.3126946 1.0466496 -1.0728060
1 -0.2838834 -0.9282253 -0.7526150
8 0.1270722 -0.6846383 0.0957636
5
-114.688     ts77     dynamics     sesquiterpene     TS     runpoint      31     runisomer      18
6 -0.1011555 0.6487076 -0.0573038
1 -0.7466523 0.9836846 0.9990724
1 -0.3039447 1.0066505 -1.1087803
1 -0.3079979 -0.7828505 -0.7366317
8 0.1334446 -0.6998252 0.0963593
5
-114.675     ts77     dynamics     sesquiterpene     TS     runpoint      32     runisomer      18
6 -0.1087856 0.6579073 -0.0532799
1 -0.7406114 1.0328933 0.9661459
1 -0.2957225 0.9654245 -1.1302764
1 -0.3329648 -0.6636882 -0.7320515
8 0.1398391 -0.7147363 0.0964821
5
-114.667     ts77     dynamics     sesquiterpene     TS     runpoint      33     runisomer      18
6 -0.1174823 0.6688805 -0.0461693
1 -0.7174435 1.0794952 0.8998503
1 -0.2881178 0.9258369 -1.1354418
1 -0.3593859 -0.5763884 -0.7393734
8 0.1460843 -0.7289096 0.0961128
5
-114.665     ts77     dynamics     sesquiterpene     TS     runpoint      34     runisomer      18
6 -0.1266957 0.6811259 -0.0366873
1 -0.6811096 1.1226004 0.8076963
1 -0.2811710 0.8918609 -1.1251282
1 -0.3824487 -0.5247476 -0.7492600
8 0.1517176 -0.7419239 0.0947810
5
-114.664     ts77     dynamics     sesquiterpene     TS     runpoint      35     runisomer      18
6 -0.1354291 0.6935697 -0.0263529
1 -0.6415738 1.1662815 0.7075496
1 -0.2747883 0.8675356 -1.1028856
1 -0.3975351 -0.5110097 -0.7531895
8 0.1563224 -0.7533433 0.0921864
5
-114.657     ts77     dynamics     sesquiterpene     TS     runpoint      36     runisomer      18
6 -0.1420057 0.7043445 -0.0175738
1 -0.6171220 1.2242878 0.6299177
1 -0.2688047 0.8557337 -1.0747541
1 -0.4019776 -0.5354641 -0.7467492
8 0.1596132 -0.7627946 0.0883143
5
-114.648     ts77     dynamics     sesquiterpene     TS     runpoint      37     runisomer      18
6 -0.1450193 0.7115609 -0.0120103
1 -0.6228844 1.3124213 0.5991662
1 -0.2631882 0.8572644 -1.0488339
1 -0.3954285 -0.5963382 -0.7301720
8 0.1614646 -0.7700204 0.0834011
5
-114.657     ts77     dynamics     sesquiterpene     TS     runpoint      38     runisomer      18
6 -0.1450741 0.7155301 -0.0083760
1 -0.6501543 1.4219564 0.6057612
1 -0.2581939 0.8709265 -1.0336357
1 -0.3811552 -0.6891908 -0.7094006
8 0.1620056 -0.7749071 0.0779940
5
-114.67     ts77     dynamics     sesquiterpene     TS     runpoint      39     runisomer      18
6 -0.1437235 0.7180160 -0.0045659
1 -0.6795703 1.5268928 0.6264094
1 -0.2540912 0.8944561 -1.0338124
1 -0.3669107 -0.8073524 -0.6960554
8 0.1616858 -0.7774187 0.0730060
5
-114.672     ts77     dynamics     sesquiterpene     TS     runpoint      40     runisomer      18
6 -0.1419979 0.7201953 0.0000873
1 -0.6992059 1.6077684 0.6467327
1 -0.2506213 0.9252280 -1.0466703
1 -0.3598571 -0.9445150 -0.6993877
8 0.1609605 -0.7774439 0.0692558
5
-114.67     ts77     dynamics     sesquiterpene     TS     runpoint      41     runisomer      18
6 -0.1403979 0.7225047 0.0050234
1 -0.7046141 1.6549272 0.6608146
1 -0.2469572 0.9603441 -1.0638901
1 -0.3568138 -1.0931018 -0.7124059
8 0.1596745 -0.7749966 0.0665718
5
-114.666     ts77     dynamics     sesquiterpene     TS     runpoint      42     runisomer      18
6 -0.1391647 0.7250615 0.0092995
1 -0.6950595 1.6645577 0.6669210
1 -0.2421197 0.9967456 -1.0764165
1 -0.3477222 -1.2395587 -0.7172543
8 0.1572663 -0.7705855 0.0640748
5
-114.66     ts77     dynamics     sesquiterpene     TS     runpoint      43     runisomer      18
6 -0.1384061 0.7278317 0.0120999
1 -0.6714635 1.6360782 0.6654070
1 -0.2353030 1.0316581 -1.0779494
1 -0.3261381 -1.3683252 -0.7011889
8 0.1534160 -0.7649540 0.0611558
5
-114.656     ts77     dynamics     sesquiterpene     TS     runpoint      44     runisomer      18
6 -0.1381063 0.7305743 0.0128381
1 -0.6360484 1.5718048 0.6585485
1 -0.2259802 1.0630212 -1.0660262
1 -0.2912523 -1.4672539 -0.6602518
8 0.1481698 -0.7587023 0.0577057
5
-114.659     ts77     dynamics     sesquiterpene     TS     runpoint      45     runisomer      18
6 -0.1380280 0.7326166 0.0110182
1 -0.5934353 1.4788724 0.6521620
1 -0.2139492 1.0898259 -1.0419927
1 -0.2456512 -1.5288880 -0.5963051
8 0.1417913 -0.7521822 0.0539324
5
-114.666     ts77     dynamics     sesquiterpene     TS     runpoint      46     runisomer      18
6 -0.1375180 0.7325264 0.0059181
1 -0.5528082 1.3725948 0.6591727
1 -0.1993984 1.1124761 -1.0106931
1 -0.1937537 -1.5506666 -0.5149188
8 0.1346576 -0.7454700 0.0502178
5
-114.67     ts77     dynamics     sesquiterpene     TS     runpoint      47     runisomer      18
6 -0.1355338 0.7282412 -0.0035201
1 -0.5273766 1.2745568 0.7006856
1 -0.1829718 1.1331299 -0.9798164
1 -0.1417733 -1.5376747 -0.4257706
8 0.1272530 -0.7381959 0.0471223
5
-114.673     ts77     dynamics     sesquiterpene     TS     runpoint      48     runisomer      18
6 -0.1316208 0.7186847 -0.0172958
1 -0.5228197 1.1942659 0.7882274
1 -0.1657129 1.1555528 -0.9582887
1 -0.0986355 -1.5097160 -0.3447233
8 0.1202206 -0.7291400 0.0454797
5
-114.678     ts77     dynamics     sesquiterpene     TS     runpoint      49     runisomer      18
6 -0.1267004 0.7046992 -0.0327774
1 -0.5285190 1.1207764 0.9012348
1 -0.1487278 1.1835400 -0.9526921
1 -0.0745899 -1.5032808 -0.2913679
8 0.1142994 -0.7161836 0.0462615
5
-114.678     ts77     dynamics     sesquiterpene     TS     runpoint      50     runisomer      18
6 -0.1219745 0.6875635 -0.0469238
1 -0.5314589 1.0444931 1.0075676
1 -0.1327989 1.2178454 -0.9624305
1 -0.0721839 -1.5371656 -0.2719364
8 0.1097799 -0.6985467 0.0495674
5
-114.678     ts77     dynamics     sesquiterpene     TS     runpoint      51     runisomer      18
6 -0.1181993 0.6685144 -0.0583177
1 -0.5252513 0.9652190 1.0861142
1 -0.1183749 1.2546267 -0.9793462
1 -0.0835034 -1.5837143 -0.2735441
8 0.1063564 -0.6786433 0.0543351
5
-114.668     ts77     dynamics     sesquiterpene     TS     runpoint      52     runisomer      18
6 -0.1157938 0.6489323 -0.0667877
1 -0.5084776 0.8875061 1.1274891
1 -0.1057224 1.2874832 -0.9930670
1 -0.1009538 -1.6101839 -0.2837929
8 0.1037926 -0.6594562 0.0595944
5
-114.654     ts77     dynamics     sesquiterpene     TS     runpoint      53     runisomer      18
6 -0.1150546 0.6303197 -0.0725676
1 -0.4820240 0.8173128 1.1292141
1 -0.0948980 1.3104482 -0.9958250
1 -0.1206621 -1.6009011 -0.2969715
8 0.1021271 -0.6430999 0.0648267
5
-114.646     ts77     dynamics     sesquiterpene     TS     runpoint      54     runisomer      18
6 -0.1162395 0.6141946 -0.0759076
1 -0.4478090 0.7610537 1.0929649
1 -0.0856601 1.3195802 -0.9839080
1 -0.1409148 -1.5531846 -0.3115256
8 0.1015493 -0.6310375 0.0697838
5
-114.649     ts77     dynamics     sesquiterpene     TS     runpoint      55     runisomer      18
6 -0.1195417 0.6019320 -0.0770859
1 -0.4086366 0.7255630 1.0247717
1 -0.0774540 1.3134694 -0.9574984
1 -0.1613506 -1.4734787 -0.3288519
8 0.1023232 -0.6242373 0.0743932
5
-114.659     ts77     dynamics     sesquiterpene     TS     runpoint      56     runisomer      18
6 -0.1249549 0.5944143 -0.0767034
1 -0.3689192 0.7180916 0.9385560
1 -0.0694327 1.2937011 -0.9206381
1 -0.1843908 -1.3792400 -0.3551239
8 0.1048220 -0.6228168 0.0788720
5
-114.663     ts77     dynamics     sesquiterpene     TS     runpoint      57     runisomer      18
6 -0.1321041 0.5915573 -0.0761937
1 -0.3356065 0.7459908 0.8622752
1 -0.0603984 1.2656527 -0.8817933
1 -0.2174781 -1.2983404 -0.4037136
8 0.1095963 -0.6257605 0.0839114
5
-114.659     ts77     dynamics     sesquiterpene     TS     runpoint      58     runisomer      18
6 -0.1403741 0.5920976 -0.0775673
1 -0.3160353 0.8156870 0.8338966
1 -0.0486034 1.2386995 -0.8541095
1 -0.2664985 -1.2462117 -0.4845865
8 0.1169069 -0.6321437 0.0900812
5
-114.67     ts77     dynamics     sesquiterpene     TS     runpoint      59     runisomer      18
6 -0.1496358 0.5944326 -0.0805262
1 -0.3097144 0.9262756 0.8633757
1 -0.0316943 1.2231651 -0.8522050
1 -0.3221536 -1.2073474 -0.5837954
8 0.1258928 -0.6423330 0.0965751
5
-114.693     ts77     dynamics     sesquiterpene     TS     runpoint      60     runisomer      18
6 -0.1602845 0.5983103 -0.0818928
1 -0.3082660 1.0611966 0.9169532
1 -0.0078080 1.2225078 -0.8822332
1 -0.3687088 -1.1636077 -0.6764509
8 0.1352132 -0.6564568 0.1019553
5
-114.701     ts77     dynamics     sesquiterpene     TS     runpoint      61     runisomer      18
6 -0.1723660 0.6047118 -0.0797816
1 -0.3051484 1.1986226 0.9610194
1 0.0224287 1.2291378 -0.9348685
1 -0.3959149 -1.1092124 -0.7452362
8 0.1438828 -0.6737636 0.1052450
5
-114.693     ts77     dynamics     sesquiterpene     TS     runpoint      62     runisomer      18
6 -0.1854584 0.6145624 -0.0743866
1 -0.2975877 1.3224766 0.9794436
1 0.0559261 1.2315904 -0.9929984
1 -0.3993086 -1.0458124 -0.7817376
8 0.1513260 -0.6931070 0.1059985
5
-114.682     ts77     dynamics     sesquiterpene     TS     runpoint      63     runisomer      18
6 -0.1989647 0.6281306 -0.0666060
1 -0.2848279 1.4230494 0.9673047
1 0.0888648 1.2220003 -1.0419371
1 -0.3782990 -0.9781521 -0.7839261
8 0.1572499 -0.7132826 0.1041476
5
-114.676     ts77     dynamics     sesquiterpene     TS     runpoint      64     runisomer      18
6 -0.2122710 0.6451638 -0.0572753
1 -0.2670989 1.4946938 0.9248507
1 0.1177989 1.1972824 -1.0725731
1 -0.3361810 -0.9130172 -0.7565142
8 0.1616325 -0.7331227 0.1000262
5
-114.675     ts77     dynamics     sesquiterpene     TS     runpoint      65     runisomer      18
6 -0.2247964 0.6651496 -0.0470400
1 -0.2452253 1.5344050 0.8551601
1 0.1399351 1.1576702 -1.0806519
1 -0.2823711 -0.8591685 -0.7155415
8 0.1648609 -0.7515164 0.0946662
5
-114.675     ts77     dynamics     sesquiterpene     TS     runpoint      66     runisomer      18
6 -0.2360530 0.6873694 -0.0364934
1 -0.2204008 1.5422379 0.7644996
1 0.1532778 1.1054867 -1.0659014
1 -0.2345180 -0.8253577 -0.6939808
8 0.1678812 -0.7675213 0.0901780
5
-114.672     ts77     dynamics     sesquiterpene     TS     runpoint      67     runisomer      18
6 -0.2457339 0.7105673 -0.0264578
1 -0.1938107 1.5245855 0.6650704
1 0.1570336 1.0446994 -1.0321440
1 -0.2082776 -0.8148158 -0.7252442
8 0.1715732 -0.7806465 0.0887574
