5
-114.654160 ts77 dynamics sesquiterpene TS runpoint 1  runisomer  21
6 -0.0211829 0.6670991 0.0039414
1 -0.2474481 1.0949839 0.9049120
1 -0.3374105 1.0387018 -0.9385882
1 0.9557769 -0.0675162 0.0759912
8 -0.0354347 -0.7677495 -0.0056231
5
-114.647 ts77 dynamics sesquiterpene TS runpoint 2  runisomer  21
6 -0.0125127 0.656256 0.00649062
1 -0.270913 1.0471 0.916587
1 -0.348816 1.06877 -1.0023
1 0.913466 -0.0224466 0.0530541
8 -0.0370765 -0.761332 -0.00281128
5
-114.644     ts77     dynamics     sesquiterpene     TS     runpoint      3     runisomer      21
6 -0.0047739 0.6440485 0.0059824
1 -0.3011584 1.0146448 0.9479602
1 -0.3536746 1.0993775 -1.0493512
1 0.8937266 0.0277357 0.0291477
8 -0.0394281 -0.7552193 0.0000652
5
-114.638     ts77     dynamics     sesquiterpene     TS     runpoint      4     runisomer      21
6 0.0007522 0.6317921 0.0027443
1 -0.3345242 0.9943057 0.9864623
1 -0.3490850 1.1251804 -1.0694585
1 0.9125332 0.0854115 0.0047574
8 -0.0429463 -0.7500010 0.0028721
5
-114.638     ts77     dynamics     sesquiterpene     TS     runpoint      5     runisomer      21
6 0.0034488 0.6201715 -0.0021498
1 -0.3656779 0.9820849 1.0177135
1 -0.3347465 1.1432161 -1.0594756
1 0.9753414 0.1556571 -0.0198757
8 -0.0478676 -0.7460747 0.0054973
5
-114.649     ts77     dynamics     sesquiterpene     TS     runpoint      6     runisomer      21
6 0.0040463 0.6090468 -0.0077048
1 -0.3901670 0.9753793 1.0319511
1 -0.3121546 1.1521663 -1.0207317
1 1.0705386 0.2464321 -0.0439491
8 -0.0541956 -0.7435889 0.0078422
5
-114.666     ts77     dynamics     sesquiterpene     TS     runpoint      7     runisomer      21
6 0.0042126 0.5980857 -0.0130959
1 -0.4052155 0.9727863 1.0247635
1 -0.2844252 1.1524903 -0.9589451
1 1.1755523 0.3619213 -0.0657221
8 -0.0617381 -0.7424987 0.0098170
5
-114.68     ts77     dynamics     sesquiterpene     TS     runpoint      8     runisomer      21
6 0.0056062 0.5872110 -0.0173927
1 -0.4096004 0.9735397 0.9962104
1 -0.2564329 1.1475975 -0.8859580
1 1.2692474 0.4982486 -0.0831411
8 -0.0701753 -0.7426687 0.0113372
5
-114.683     ts77     dynamics     sesquiterpene     TS     runpoint      9     runisomer      21
6 0.0094387 0.5763415 -0.0193685
1 -0.4035294 0.9773867 0.9505468
1 -0.2346947 1.1454256 -0.8210677
1 1.3384234 0.6464313 -0.0946027
8 -0.0791621 -0.7439563 0.0123282
5
-114.676     ts77     dynamics     sesquiterpene     TS     runpoint      10     runisomer      21
6 0.0164630 0.5652122 -0.0179693
1 -0.3888917 0.9849801 0.8966210
1 -0.2254904 1.1563361 -0.7857260
1 1.3775606 0.7967209 -0.0992555
8 -0.0884003 -0.7462405 0.0127398
5
-114.667     ts77     dynamics     sesquiterpene     TS     runpoint      11     runisomer      21
6 0.0268687 0.5539740 -0.0135552
1 -0.3695810 0.9985289 0.8475835
1 -0.2304620 1.1829992 -0.7886131
1 1.3860933 0.9407248 -0.0970142
8 -0.0976479 -0.7494168 0.0125572
5
-114.661     ts77     dynamics     sesquiterpene     TS     runpoint      12     runisomer      21
6 0.0402722 0.5436092 -0.0080547
1 -0.3507814 1.0214499 0.8170992
1 -0.2448853 1.2149249 -0.8198645
1 1.3659447 1.0718110 -0.0886907
8 -0.1067097 -0.7533563 0.0117941
5
-114.656     ts77     dynamics     sesquiterpene     TS     runpoint      13     runisomer      21
6 0.0560006 0.5353740 -0.0032409
1 -0.3363996 1.0550947 0.8116094
1 -0.2620228 1.2381767 -0.8635362
1 1.3199311 1.1847029 -0.0760669
8 -0.1154375 -0.7578757 0.0104822
5
-114.651     ts77     dynamics     sesquiterpene     TS     runpoint      14     runisomer      21
6 0.0732583 0.5304979 0.0003752
1 -0.3268376 1.0951911 0.8263176
1 -0.2771328 1.2435625 -0.9071967
1 1.2513611 1.2745879 -0.0613678
8 -0.1237155 -0.7627470 0.0086646
5
-114.647     ts77     dynamics     sesquiterpene     TS     runpoint      15     runisomer      21
6 0.0911745 0.5300710 0.0031621
1 -0.3202282 1.1334555 0.8503612
1 -0.2879612 1.2270853 -0.9430908
1 1.1645931 1.3368530 -0.0467382
8 -0.1314259 -0.7677226 0.0063967
5
-114.645     ts77     dynamics     sesquiterpene     TS     runpoint      16     runisomer      21
6 0.1089502 0.5348587 0.0056682
1 -0.3152248 1.1621071 0.8738429
1 -0.2940554 1.1879962 -0.9667000
1 1.0654070 1.3674003 -0.0341329
8 -0.1384442 -0.7725824 0.0037285
5
-114.646     ts77     dynamics     sesquiterpene     TS     runpoint      17     runisomer      21
6 0.1259850 0.5452994 0.0080858
1 -0.3128084 1.1760938 0.8904656
1 -0.2977363 1.1270992 -0.9750483
1 0.9627819 1.3632384 -0.0240665
8 -0.1446792 -0.7771965 0.0007578
5
-114.649     ts77     dynamics     sesquiterpene     TS     runpoint      18     runisomer      21
6 0.1410686 0.5607020 0.0101714
1 -0.3139203 1.1733493 0.8979190
1 -0.3012309 1.0480161 -0.9672984
1 0.8720790 1.3289729 -0.0156205
8 -0.1499906 -0.7814385 -0.0022979
5
-114.654160 ts77 dynamics sesquiterpene TS runpoint 1  runisomer  21
6 -0.0211829 0.6670991 0.0039414
1 -0.2474481 1.0949839 0.9049120
1 -0.3374105 1.0387018 -0.9385882
1 0.9557769 -0.0675162 0.0759912
8 -0.0354347 -0.7677495 -0.0056231
5
-114.647 ts77 dynamics sesquiterpene TS runpoint 2  runisomer  21
6 -0.0295507 0.675331 -2.91996e-05
1 -0.230339 1.15665 0.91386
1 -0.326407 1.01819 -0.879999
1 1.00336 -0.110022 0.0970299
8 -0.0339261 -0.77384 -0.0082253
5
-114.64     ts77     dynamics     sesquiterpene     TS     runpoint      3     runisomer      21
6 -0.0366172 0.6801762 -0.0020117
1 -0.2164106 1.2243389 0.9326141
1 -0.3261426 1.0188812 -0.8574713
1 1.0423480 -0.1535560 0.1151070
8 -0.0319751 -0.7790400 -0.0104770
5
-114.633     ts77     dynamics     sesquiterpene     TS     runpoint      4     runisomer      21
6 -0.0420835 0.6818033 0.0001842
1 -0.2028296 1.2883374 0.9484426
1 -0.3418610 1.0457179 -0.8855728
1 1.0632362 -0.2027940 0.1293636
8 -0.0290546 -0.7828814 -0.0122492
5
-114.637     ts77     dynamics     sesquiterpene     TS     runpoint      5     runisomer      21
6 -0.0467796 0.6816488 0.0053794
1 -0.1882040 1.3406332 0.9530794
1 -0.3671010 1.0893483 -0.9434403
1 1.0601026 -0.2637377 0.1392647
8 -0.0246660 -0.7849689 -0.0134161
5
-114.645     ts77     dynamics     sesquiterpene     TS     runpoint      6     runisomer      21
6 -0.0519130 0.6814755 0.0112002
1 -0.1721870 1.3759537 0.9431727
1 -0.3923949 1.1358384 -1.0011010
1 1.0298710 -0.3437665 0.1445719
8 -0.0183259 -0.7849505 -0.0138600
5
-114.654     ts77     dynamics     sesquiterpene     TS     runpoint      7     runisomer      21
6 -0.0584381 0.6825399 0.0158942
1 -0.1549367 1.3918038 0.9192298
1 -0.4119198 1.1752553 -1.0397435
1 0.9735346 -0.4497675 0.1455262
8 -0.0097380 -0.7825520 -0.0134982
5
-114.666     ts77     dynamics     sesquiterpene     TS     runpoint      8     runisomer      21
6 -0.0668633 0.6853496 0.0183495
1 -0.1368078 1.3886886 0.8851606
1 -0.4231279 1.2020185 -1.0510561
1 0.9032240 -0.5826555 0.1440595
8 0.0005768 -0.7777763 -0.0123880
5
-114.676     ts77     dynamics     sesquiterpene     TS     runpoint      9     runisomer      21
6 -0.0771506 0.6895666 0.0177523
1 -0.1181397 1.3707048 0.8485614
1 -0.4253218 1.2132744 -1.0329178
1 0.8582129 -0.7332499 0.1471102
8 0.0100933 -0.7710256 -0.0109678
5
-114.677     ts77     dynamics     sesquiterpene     TS     runpoint      10     runisomer      21
6 -0.0887876 0.6940691 0.0134629
1 -0.0988565 1.3456968 0.8206895
1 -0.4191404 1.2080987 -0.9876437
1 0.8889758 -0.8961200 0.1650013
8 0.0152798 -0.7622386 -0.0099738
5
-114.697     ts77     dynamics     sesquiterpene     TS     runpoint      11     runisomer      21
6 -0.1010531 0.6974585 0.0053713
1 -0.0780096 1.3228508 0.8135528
1 -0.4069887 1.1883243 -0.9233296
1 0.9585807 -1.0687258 0.1920607
8 0.0180161 -0.7512202 -0.0092109
5
-114.704     ts77     dynamics     sesquiterpene     TS     runpoint      12     runisomer      21
6 -0.1131345 0.6985678 -0.0051953
1 -0.0540848 1.3067296 0.8324563
1 -0.3943467 1.1611457 -0.8579202
1 1.0097229 -1.2300299 0.2168433
8 0.0215528 -0.7391590 -0.0081580
5
-114.684     ts77     dynamics     sesquiterpene     TS     runpoint      13     runisomer      21
6 -0.1239533 0.6963960 -0.0148621
1 -0.0264860 1.2941077 0.8707145
1 -0.3906089 1.1414384 -0.8216755
1 1.0232808 -1.3622012 0.2345597
8 0.0268396 -0.7271633 -0.0067161
5
-114.657     ts77     dynamics     sesquiterpene     TS     runpoint      14     runisomer      21
6 -0.1324819 0.6902911 -0.0200390
1 0.0035242 1.2785803 0.9144593
1 -0.4038029 1.1437539 -0.8407134
1 0.9994765 -1.4564988 0.2442030
8 0.0336788 -0.7158074 -0.0049962
5
-114.648     ts77     dynamics     sesquiterpene     TS     runpoint      15     runisomer      21
6 -0.1386770 0.6810710 -0.0203371
1 0.0336123 1.2558503 0.9508809
1 -0.4300999 1.1641543 -0.9048005
1 0.9435201 -1.5091587 0.2458886
8 0.0416135 -0.7054233 -0.0031350
5
-114.653     ts77     dynamics     sesquiterpene     TS     runpoint      16     runisomer      21
6 -0.1431823 0.6705150 -0.0177283
1 0.0615113 1.2248938 0.9717610
1 -0.4583324 1.1864944 -0.9806413
1 0.8598759 -1.5172272 0.2398002
8 0.0502858 -0.6964503 -0.0012450
5
-114.659     ts77     dynamics     sesquiterpene     TS     runpoint      17     runisomer      21
6 -0.1465450 0.6600733 -0.0139327
1 0.0856392 1.1872490 0.9735600
1 -0.4802234 1.1988316 -1.0426717
1 0.7517701 -1.4776043 0.2262639
8 0.0594806 -0.6895160 0.0005564
5
-114.668     ts77     dynamics     sesquiterpene     TS     runpoint      18     runisomer      21
6 -0.1491583 0.6505186 -0.0100093
1 0.1054060 1.1463824 0.9571029
1 -0.4918325 1.1957525 -1.0777640
1 0.6280311 -1.3953141 0.2079689
8 0.0687256 -0.6847619 0.0020132
5
-114.672     ts77     dynamics     sesquiterpene     TS     runpoint      19     runisomer      21
6 -0.1513949 0.6419677 -0.0067865
1 0.1214945 1.1074967 0.9276962
1 -0.4917737 1.1757630 -1.0804431
1 0.5236014 -1.3120994 0.1979589
8 0.0759686 -0.6798778 0.0022479
5
-114.635     ts77     dynamics     sesquiterpene     TS     runpoint      20     runisomer      21
6 -0.1536389 0.6341629 -0.0050718
1 0.1361556 1.0774574 0.8949867
1 -0.4800926 1.1396855 -1.0499718
1 0.5118001 -1.3342706 0.2306532
8 0.0767384 -0.6684569 -0.0009580
5
-114.653     ts77     dynamics     sesquiterpene     TS     runpoint      21     runisomer      21
6 -0.1562039 0.6271115 -0.0053222
1 0.1527820 1.0637973 0.8704476
1 -0.4583834 1.0909626 -0.9908297
1 0.5641825 -1.4302145 0.3006081
8 0.0729479 -0.6531884 -0.0073588
5
-114.679     ts77     dynamics     sesquiterpene     TS     runpoint      22     runisomer      21
6 -0.1590606 0.6211218 -0.0068106
1 0.1738394 1.0713103 0.8610694
1 -0.4309205 1.0372398 -0.9165543
1 0.6191423 -1.5063261 0.3755915
8 0.0685728 -0.6409834 -0.0150564
5
-114.663     ts77     dynamics     sesquiterpene     TS     runpoint      23     runisomer      21
6 -0.1614823 0.6162376 -0.0068005
1 0.1984855 1.0988178 0.8644120
1 -0.4062699 0.9928159 -0.8559492
1 0.6579400 -1.5324937 0.4420480
8 0.0648404 -0.6346002 -0.0232808
5
-114.641     ts77     dynamics     sesquiterpene     TS     runpoint      24     runisomer      21
6 -0.1623181 0.6121093 -0.0013660
1 0.2231276 1.1400854 0.8716435
1 -0.3951754 0.9756468 -0.8473459
1 0.6773569 -1.5047557 0.4953128
8 0.0619937 -0.6347645 -0.0317132
5
-114.64     ts77     dynamics     sesquiterpene     TS     runpoint      25     runisomer      21
6 -0.1613132 0.6093015 0.0107075
1 0.2444322 1.1873419 0.8740821
1 -0.3991746 0.9891059 -0.8980707
1 0.6755731 -1.4248403 0.5326005
8 0.0602642 -0.6415164 -0.0400785
5
-114.667     ts77     dynamics     sesquiterpene     TS     runpoint      26     runisomer      21
6 -0.1593778 0.6094237 0.0267288
1 0.2610239 1.2336612 0.8664382
1 -0.4088133 1.0180521 -0.9730990
1 0.6506119 -1.2974480 0.5518870
8 0.0599487 -0.6543724 -0.0481052
5
-114.695     ts77     dynamics     sesquiterpene     TS     runpoint      27     runisomer      21
6 -0.1574402 0.6133202 0.0436300
1 0.2731888 1.2738198 0.8471288
1 -0.4158029 1.0481503 -1.0384040
1 0.6070330 -1.1366691 0.5568418
8 0.0609171 -0.6718477 -0.0557659
5
-114.706     ts77     dynamics     sesquiterpene     TS     runpoint      28     runisomer      21
6 -0.1561355 0.6207594 0.0592274
1 0.2824552 1.3047192 0.8178361
1 -0.4164561 1.0720521 -1.0760895
1 0.5687985 -0.9734995 0.5720092
8 0.0618069 -0.6911591 -0.0642037
5
-114.691     ts77     dynamics     sesquiterpene     TS     runpoint      29     runisomer      21
6 -0.1560331 0.6310538 0.0718431
1 0.2915260 1.3257077 0.7829181
1 -0.4099847 1.0869950 -1.0790373
1 0.5737978 -0.8369262 0.6433484
8 0.0604374 -0.7097479 -0.0757794
5
-114.692     ts77     dynamics     sesquiterpene     TS     runpoint      30     runisomer      21
6 -0.1576836 0.6434476 0.0801553
1 0.3040742 1.3387989 0.7484391
1 -0.3971601 1.0926434 -1.0460555
1 0.6066668 -0.7201905 0.7522403
8 0.0580071 -0.7275781 -0.0887829
5
-114.692     ts77     dynamics     sesquiterpene     TS     runpoint      31     runisomer      21
6 -0.1614086 0.6570450 0.0834511
1 0.3238463 1.3476698 0.7204970
1 -0.3798713 1.0901661 -0.9805656
1 0.6340196 -0.6224266 0.8488691
8 0.0567438 -0.7443373 -0.0997115
5
-114.677     ts77     dynamics     sesquiterpene     TS     runpoint      32     runisomer      21
6 -0.1671118 0.6708812 0.0820455
1 0.3531396 1.3549561 0.7030255
1 -0.3614996 1.0829323 -0.8929357
1 0.6434543 -0.5494586 0.9112051
8 0.0574257 -0.7593135 -0.1070078
5
-114.661     ts77     dynamics     sesquiterpene     TS     runpoint      33     runisomer      21
6 -0.1741352 0.6839063 0.0778638
1 0.3913443 1.3600186 0.6962461
1 -0.3480316 1.0793054 -0.8067620
1 0.6328211 -0.5053024 0.9333898
8 0.0601103 -0.7719546 -0.1102724
5
-114.645     ts77     dynamics     sesquiterpene     TS     runpoint      34     runisomer      21
6 -0.1812900 0.6947259 0.0745514
1 0.4349287 1.3594643 0.6970862
1 -0.3482891 1.0950023 -0.7615156
1 0.6027992 -0.4922201 0.9146550
8 0.0646405 -0.7818473 -0.1095113
5
-114.638     ts77     dynamics     sesquiterpene     TS     runpoint      35     runisomer      21
6 -0.1875451 0.7023604 0.0747814
1 0.4791298 1.3494925 0.7011299
1 -0.3680141 1.1417007 -0.7833114
1 0.5554025 -0.5116009 0.8566641
8 0.0707795 -0.7886636 -0.1049126
5
-114.66     ts77     dynamics     sesquiterpene     TS     runpoint      36     runisomer      21
6 -0.1928576 0.7077400 0.0769524
1 0.5196827 1.3275760 0.7043571
1 -0.4021436 1.2079330 -0.8480219
1 0.4960494 -0.5633213 0.7673568
8 0.0781029 -0.7922303 -0.0970428
5
-114.683     ts77     dynamics     sesquiterpene     TS     runpoint      37     runisomer      21
6 -0.1976505 0.7124251 0.0781384
1 0.5534319 1.2929042 0.7038347
1 -0.4412398 1.2734628 -0.9168192
1 0.4407029 -0.6415739 0.6764608
8 0.0855246 -0.7927549 -0.0878405
5
-114.667     ts77     dynamics     sesquiterpene     TS     runpoint      38     runisomer      21
6 -0.2021323 0.7171109 0.0767439
1 0.5785000 1.2467277 0.6980011
1 -0.4783139 1.3251054 -0.9665598
1 0.4271153 -0.7309680 0.6638567
8 0.0905015 -0.7909788 -0.0825024
5
-114.653     ts77     dynamics     sesquiterpene     TS     runpoint      39     runisomer      21
6 -0.2062188 0.7216025 0.0724019
1 0.5944334 1.1929286 0.6867484
1 -0.5091760 1.3564141 -0.9875370
1 0.4694844 -0.8309232 0.7659961
8 0.0918415 -0.7866301 -0.0836521
5
-114.682     ts77     dynamics     sesquiterpene     TS     runpoint      40     runisomer      21
6 -0.2098030 0.7253970 0.0653200
1 0.6024898 1.1373368 0.6713528
1 -0.5314358 1.3646843 -0.9770728
1 0.5216506 -0.9414153 0.8857987
8 0.0921415 -0.7795288 -0.0855794
5
-114.678     ts77     dynamics     sesquiterpene     TS     runpoint      41     runisomer      21
6 -0.2129046 0.7280113 0.0558863
1 0.6056049 1.0859806 0.6543765
1 -0.5440048 1.3494372 -0.9365043
1 0.5589903 -1.0489173 0.9711631
8 0.0927151 -0.7705164 -0.0853690
