5
-114.654160 ts77 dynamics sesquiterpene TS runpoint 1  runisomer  14
6 -0.0145233 0.6395546 0.0184961
1 -0.3925118 1.1853758 0.8339115
1 -0.2449994 1.1001101 -0.8990025
1 0.8925494 -0.0657621 -0.1518595
8 -0.0331288 -0.7567608 -0.0002076
5
-114.645 ts77 dynamics sesquiterpene TS runpoint 2  runisomer  14
6 -0.0125105 0.633474 0.0282477
1 -0.398486 1.1708 0.847441
1 -0.268049 1.086 -0.996424
1 0.933645 -0.0662092 -0.155695
8 -0.0353996 -0.750364 -0.00199626
5
-114.646     ts77     dynamics     sesquiterpene     TS     runpoint      3     runisomer      14
6 -0.0114846 0.6277324 0.0351421
1 -0.4049111 1.1605032 0.8741261
1 -0.2868196 1.0690693 -1.0791903
1 0.9884816 -0.0656690 -0.1576119
8 -0.0380386 -0.7443753 -0.0035130
5
-114.639     ts77     dynamics     sesquiterpene     TS     runpoint      4     runisomer      14
6 -0.0110587 0.6223769 0.0383113
1 -0.4102429 1.1530467 0.9075120
1 -0.2987487 1.0475630 -1.1331288
1 1.0461640 -0.0588884 -0.1559315
8 -0.0409073 -0.7389604 -0.0047010
5
-114.63     ts77     dynamics     sesquiterpene     TS     runpoint      5     runisomer      14
6 -0.0107824 0.6173479 0.0377564
1 -0.4118725 1.1457765 0.9395880
1 -0.3031125 1.0225237 -1.1524020
1 1.0980127 -0.0399881 -0.1492625
8 -0.0440054 -0.7343422 -0.0055116
5
-114.626     ts77     dynamics     sesquiterpene     TS     runpoint      6     runisomer      14
6 -0.0102032 0.6125175 0.0337979
1 -0.4073055 1.1364735 0.9634218
1 -0.2999883 0.9959130 -1.1354943
1 1.1390093 -0.0027888 -0.1367508
8 -0.0475080 -0.7307989 -0.0058984
5
-114.629     ts77     dynamics     sesquiterpene     TS     runpoint      7     runisomer      14
6 -0.0088741 0.6076749 0.0268923
1 -0.3948314 1.1240920 0.9744725
1 -0.2900199 0.9702140 -1.0842109
1 1.1674002 0.0584541 -0.1180631
8 -0.0517088 -0.7286247 -0.0058221
5
-114.642     ts77     dynamics     sesquiterpene     TS     runpoint      8     runisomer      14
6 -0.0063215 0.6025539 0.0177848
1 -0.3738718 1.1087664 0.9709075
1 -0.2750178 0.9489357 -1.0055958
1 1.1831498 0.1475646 -0.0933012
8 -0.0568832 -0.7280913 -0.0052785
5
-114.658     ts77     dynamics     sesquiterpene     TS     runpoint      9     runisomer      14
6 -0.0019194 0.5968022 0.0079666
1 -0.3453017 1.0916454 0.9537029
1 -0.2595679 0.9381909 -0.9171233
1 1.1863197 0.2650182 -0.0630131
8 -0.0631605 -0.7294202 -0.0043121
5
-114.671     ts77     dynamics     sesquiterpene     TS     runpoint      10     runisomer      14
6 0.0052545 0.5898024 0.0000507
1 -0.3117405 1.0748343 0.9269585
1 -0.2528812 0.9488269 -0.8513198
1 1.1770263 0.4073035 -0.0284135
8 -0.0704946 -0.7327444 -0.0030139
5
-114.676     ts77     dynamics     sesquiterpene     TS     runpoint      11     runisomer      14
6 0.0160285 0.5809527 -0.0036263
1 -0.2776710 1.0613282 0.8982487
1 -0.2651573 0.9920625 -0.8395485
1 1.1571190 0.5672452 0.0084365
8 -0.0786979 -0.7380554 -0.0015096
5
-114.69     ts77     dynamics     sesquiterpene     TS     runpoint      12     runisomer      14
6 0.0300232 0.5709745 -0.0041963
1 -0.2489673 1.0544601 0.8776521
1 -0.2952965 1.0626594 -0.8738617
1 1.1315779 0.7355642 0.0449014
8 -0.0874982 -0.7451887 0.0000801
5
-114.654160 ts77 dynamics sesquiterpene TS runpoint 1  runisomer  14
6 -0.0145233 0.6395546 0.0184961
1 -0.3925118 1.1853758 0.8339115
1 -0.2449994 1.1001101 -0.8990025
1 0.8925494 -0.0657621 -0.1518595
8 -0.0331288 -0.7567608 -0.0002076
5
-114.645 ts77 dynamics sesquiterpene TS runpoint 2  runisomer  14
6 -0.0176133 0.645475 0.00829754
1 -0.386552 1.20286 0.835817
1 -0.223665 1.12004 -0.815218
1 0.874566 -0.0683765 -0.147438
8 -0.0313972 -0.763395 0.00176606
5
-114.634     ts77     dynamics     sesquiterpene     TS     runpoint      3     runisomer      14
6 -0.0214214 0.6500001 0.0011582
1 -0.3786692 1.2193852 0.8509127
1 -0.2123644 1.1622074 -0.7822585
1 0.8830864 -0.0760545 -0.1427938
8 -0.0302849 -0.7700040 0.0038029
5
-114.63     ts77     dynamics     sesquiterpene     TS     runpoint      4     runisomer      14
6 -0.0256934 0.6525489 -0.0014928
1 -0.3668667 1.2304092 0.8742999
1 -0.2130814 1.2321450 -0.8107155
1 0.9139084 -0.0886062 -0.1373347
8 -0.0297195 -0.7762267 0.0057680
5
-114.642     ts77     dynamics     sesquiterpene     TS     runpoint      5     runisomer      14
6 -0.0305524 0.6543410 -0.0015055
1 -0.3500280 1.2324493 0.9003956
1 -0.2191589 1.3111436 -0.8721458
1 0.9575007 -0.1045504 -0.1300576
8 -0.0294986 -0.7816731 0.0075458
5
-114.646     ts77     dynamics     sesquiterpene     TS     runpoint      6     runisomer      14
6 -0.0359213 0.6566655 -0.0009637
1 -0.3280825 1.2238118 0.9242239
1 -0.2246400 1.3782457 -0.9362583
1 1.0027179 -0.1222806 -0.1201093
8 -0.0293568 -0.7859836 0.0090510
5
-114.638     ts77     dynamics     sesquiterpene     TS     runpoint      7     runisomer      14
6 -0.0414747 0.6600120 -0.0009791
1 -0.3018740 1.2047425 0.9424278
1 -0.2270498 1.4220184 -0.9858919
1 1.0397432 -0.1409675 -0.1070761
8 -0.0290224 -0.7888735 0.0102218
5
-114.628     ts77     dynamics     sesquiterpene     TS     runpoint      8     runisomer      14
6 -0.0468787 0.6643592 -0.0020718
1 -0.2728889 1.1772201 0.9538814
1 -0.2258519 1.4379908 -1.0129432
1 1.0613417 -0.1611084 -0.0909988
8 -0.0282300 -0.7901394 0.0110122
5
-114.623     ts77     dynamics     sesquiterpene     TS     runpoint      9     runisomer      14
6 -0.0519467 0.6695144 -0.0045499
1 -0.2429275 1.1445737 0.9597941
1 -0.2212464 1.4252154 -1.0139363
1 1.0628770 -0.1849539 -0.0722490
8 -0.0267024 -0.7896427 0.0113798
5
-114.626     ts77     dynamics     sesquiterpene     TS     runpoint      10     runisomer      14
6 -0.0567225 0.6752666 -0.0086078
1 -0.2137050 1.1108868 0.9632255
1 -0.2137451 1.3849567 -0.9884128
1 1.0420099 -0.2169432 -0.0513908
8 -0.0241178 -0.7872850 0.0112859
5
-114.638     ts77     dynamics     sesquiterpene     TS     runpoint      11     runisomer      14
6 -0.0615054 0.6813763 -0.0141489
1 -0.1864130 1.0801638 0.9677759
1 -0.2042799 1.3214383 -0.9399720
1 0.9988521 -0.2638784 -0.0290519
8 -0.0201267 -0.7829737 0.0106967
5
-114.656     ts77     dynamics     sesquiterpene     TS     runpoint      12     runisomer      14
6 -0.0667511 0.6873216 -0.0202809
1 -0.1614286 1.0555079 0.9756599
1 -0.1948629 1.2448287 -0.8806889
1 0.9375722 -0.3337579 -0.0057764
8 -0.0144976 -0.7766522 0.0095991
5
-114.669     ts77     dynamics     sesquiterpene     TS     runpoint      13     runisomer      14
6 -0.0727651 0.6918195 -0.0246142
1 -0.1384351 1.0388162 0.9863498
1 -0.1897093 1.1753860 -0.8384993
1 0.8721181 -0.4308841 0.0181920
8 -0.0076357 -0.7684799 0.0080081
5
-114.664     ts77     dynamics     sesquiterpene     TS     runpoint      14     runisomer      14
6 -0.0794104 0.6930050 -0.0237716
1 -0.1169664 1.0311483 0.9971714
1 -0.1943968 1.1378334 -0.8517772
1 0.8387435 -0.5480361 0.0436854
8 -0.0016054 -0.7591387 0.0059249
5
-114.661     ts77     dynamics     sesquiterpene     TS     runpoint      15     runisomer      14
6 -0.0864450 0.6904796 -0.0172990
1 -0.0969101 1.0332665 1.0055684
1 -0.2094817 1.1347950 -0.9246235
1 0.8857419 -0.6743293 0.0741070
8 0.0003985 -0.7492298 0.0032129
5
-114.691     ts77     dynamics     sesquiterpene     TS     runpoint      16     runisomer      14
6 -0.0937965 0.6855318 -0.0084822
1 -0.0784352 1.0456994 1.0103254
1 -0.2294986 1.1468521 -1.0177007
1 0.9847110 -0.8141505 0.1096978
8 -0.0002238 -0.7382516 -0.0000791
5
-114.706     ts77     dynamics     sesquiterpene     TS     runpoint      17     runisomer      14
6 -0.1013777 0.6792856 -0.0002530
1 -0.0615468 1.0683007 1.0108047
1 -0.2494700 1.1585880 -1.0961534
1 1.0709368 -0.9604487 0.1446162
8 0.0002246 -0.7265124 -0.0035394
5
-114.689     ts77     dynamics     sesquiterpene     TS     runpoint      18     runisomer      14
6 -0.1090692 0.6723161 0.0059851
1 -0.0459704 1.0999725 1.0061076
1 -0.2665696 1.1631148 -1.1429383
1 1.1158463 -1.0985616 0.1744771
8 0.0032617 -0.7148619 -0.0068558
5
-114.666     ts77     dynamics     sesquiterpene     TS     runpoint      19     runisomer      14
6 -0.1167444 0.6648870 0.0097739
1 -0.0313369 1.1386323 0.9949046
1 -0.2793132 1.1580497 -1.1518958
1 1.1153834 -1.2175508 0.1975792
8 0.0089311 -0.7039085 -0.0098833
5
-114.653     ts77     dynamics     sesquiterpene     TS     runpoint      20     runisomer      14
6 -0.1242661 0.6572071 0.0111118
1 -0.0173835 1.1813675 0.9758337
1 -0.2870155 1.1429742 -1.1223702
1 1.0739717 -1.3107260 0.2136400
8 0.0167906 -0.6940204 -0.0125565
5
-114.653     ts77     dynamics     sesquiterpene     TS     runpoint      21     runisomer      14
6 -0.1314730 0.6496321 0.0103114
1 -0.0039743 1.2247368 0.9481373
1 -0.2897708 1.1187431 -1.0579430
1 0.9968445 -1.3730817 0.2227937
8 0.0263876 -0.6856149 -0.0148469
5
-114.665     ts77     dynamics     sesquiterpene     TS     runpoint      22     runisomer      14
6 -0.1381652 0.6426584 0.0081779
1 0.0090723 1.2651931 0.9123015
1 -0.2888841 1.0883489 -0.9688572
1 0.8877155 -1.3992136 0.2251936
8 0.0374087 -0.6793717 -0.0167530
5
-114.681     ts77     dynamics     sesquiterpene     TS     runpoint      23     runisomer      14
6 -0.1440691 0.6364905 0.0064941
1 0.0222233 1.2996386 0.8705687
1 -0.2879462 1.0596930 -0.8780952
1 0.7514200 -1.3849664 0.2217477
8 0.0495409 -0.6760092 -0.0183615
5
-114.687     ts77     dynamics     sesquiterpene     TS     runpoint      24     runisomer      14
6 -0.1488049 0.6304008 0.0082509
1 0.0363975 1.3260772 0.8271244
1 -0.2936697 1.0480539 -0.8247343
1 0.6041748 -1.3391198 0.2177560
8 0.0618418 -0.6752622 -0.0200536
5
-114.67     ts77     dynamics     sesquiterpene     TS     runpoint      25     runisomer      14
6 -0.1521946 0.6234212 0.0155117
1 0.0530598 1.3441822 0.7877053
1 -0.3118631 1.0652481 -0.8384309
1 0.4917403 -1.3133394 0.2339341
8 0.0715685 -0.6738748 -0.0231744
5
-114.647     ts77     dynamics     sesquiterpene     TS     runpoint      26     runisomer      14
6 -0.1548673 0.6163644 0.0262825
1 0.0741730 1.3554472 0.7582107
1 -0.3396934 1.1000442 -0.9003761
1 0.4573581 -1.3831989 0.3046111
8 0.0761663 -0.6670824 -0.0299462
5
-114.678     ts77     dynamics     sesquiterpene     TS     runpoint      27     runisomer      14
6 -0.1578582 0.6111865 0.0372597
1 0.1016006 1.3622357 0.7423406
1 -0.3696986 1.1325898 -0.9725930
1 0.4514089 -1.4847682 0.4080551
8 0.0789502 -0.6592772 -0.0391481
5
-114.679     ts77     dynamics     sesquiterpene     TS     runpoint      28     runisomer      14
6 -0.1619468 0.6093261 0.0466664
1 0.1362664 1.3658314 0.7400847
1 -0.3963196 1.1512086 -1.0306380
1 0.4395583 -1.5537521 0.5127854
8 0.0822601 -0.6549342 -0.0490035
5
-114.658     ts77     dynamics     sesquiterpene     TS     runpoint      29     runisomer      14
6 -0.1675214 0.6114178 0.0540396
1 0.1777735 1.3654864 0.7482639
1 -0.4166151 1.1516119 -1.0630249
1 0.4136513 -1.5709170 0.6046616
8 0.0867403 -0.6554256 -0.0587995
