5
-114.654160 ts77 dynamics sesquiterpene TS runpoint 1  runisomer  203
6 -0.0527284 0.6341149 -0.0061054
1 -0.1521593 1.1484210 1.0317499
1 -0.1482550 1.0917825 -0.9557215
1 0.9192890 -0.0487561 0.0135957
8 -0.0273910 -0.7508977 -0.0010666
5
-114.646 ts77 dynamics sesquiterpene TS runpoint 2  runisomer  203
6 -0.0486346 0.638101 -0.0150137
1 -0.147702 1.14727 1.09604
1 -0.154271 1.11353 -0.96276
1 0.867976 -0.0138865 0.0380802
8 -0.0271313 -0.757383 0.000466721
5
-114.634     ts77     dynamics     sesquiterpene     TS     runpoint      3     runisomer      203
6 -0.0452330 0.6429686 -0.0209328
1 -0.1451989 1.1377906 1.1284544
1 -0.1654415 1.1421869 -0.9727526
1 0.8485229 0.0197975 0.0633416
8 -0.0279121 -0.7643650 0.0019036
5
-114.627     ts77     dynamics     sesquiterpene     TS     runpoint      4     runisomer      203
6 -0.0429745 0.6487495 -0.0238846
1 -0.1449827 1.1201233 1.1253741
1 -0.1808861 1.1740958 -0.9805884
1 0.8697245 0.0533651 0.0899087
8 -0.0299834 -0.7717133 0.0031328
5
-114.631     ts77     dynamics     sesquiterpene     TS     runpoint      5     runisomer      203
6 -0.0414521 0.6548434 -0.0241679
1 -0.1479484 1.0959341 1.0876162
1 -0.1993216 1.2051893 -0.9811962
1 0.9268489 0.0919785 0.1167447
8 -0.0333769 -0.7791510 0.0040723
5
-114.642     ts77     dynamics     sesquiterpene     TS     runpoint      6     runisomer      203
6 -0.0395092 0.6601460 -0.0222294
1 -0.1555987 1.0684256 1.0210142
1 -0.2193454 1.2319922 -0.9712784
1 1.0054127 0.1438608 0.1408908
8 -0.0380416 -0.7863529 0.0046680
5
-114.654     ts77     dynamics     sesquiterpene     TS     runpoint      7     runisomer      203
6 -0.0357768 0.6633829 -0.0190168
1 -0.1704023 1.0434331 0.9401084
1 -0.2396278 1.2520637 -0.9500153
1 1.0895442 0.2161015 0.1588722
8 -0.0439331 -0.7930220 0.0048837
5
-114.659     ts77     dynamics     sesquiterpene     TS     runpoint      8     runisomer      203
6 -0.0290008 0.6632082 -0.0164504
1 -0.1966812 1.0309024 0.8724990
1 -0.2591406 1.2641568 -0.9192823
1 1.1664208 0.3115593 0.1681591
8 -0.0509762 -0.7988766 0.0046975
5
-114.657     ts77     dynamics     sesquiterpene     TS     runpoint      9     runisomer      203
6 -0.0180999 0.6584775 -0.0166821
1 -0.2405512 1.0417657 0.8496518
1 -0.2774325 1.2683360 -0.8836997
1 1.2262949 0.4285508 0.1676312
8 -0.0590110 -0.8036466 0.0041044
5
-114.664     ts77     dynamics     sesquiterpene     TS     runpoint      10     runisomer      203
6 -0.0026201 0.6492991 -0.0193532
1 -0.3033215 1.0749620 0.8740452
1 -0.2948689 1.2659444 -0.8501264
1 1.2617984 0.5621661 0.1573510
8 -0.0678087 -0.8071198 0.0031044
5
-114.679     ts77     dynamics     sesquiterpene     TS     runpoint      11     runisomer      203
6 0.0168342 0.6372041 -0.0216267
1 -0.3758717 1.1154326 0.9176479
1 -0.3125760 1.2587867 -0.8254153
1 1.2681107 0.7054654 0.1383110
8 -0.0771161 -0.8091737 0.0017060
5
-114.687     ts77     dynamics     sesquiterpene     TS     runpoint      12     runisomer      203
6 0.0391499 0.6239803 -0.0213093
1 -0.4460999 1.1486834 0.9554792
1 -0.3318157 1.2474548 -0.8131969
1 1.2436734 0.8503495 0.1124570
8 -0.0866822 -0.8097631 -0.0000562
5
-114.686     ts77     dynamics     sesquiterpene     TS     runpoint      13     runisomer      203
6 0.0632242 0.6111414 -0.0179015
1 -0.5054679 1.1663669 0.9757546
1 -0.3535797 1.2303521 -0.8122721
1 1.1909517 0.9888853 0.0829162
8 -0.0963102 -0.8088966 -0.0020858
5
-114.682     ts77     dynamics     sesquiterpene     TS     runpoint      14     runisomer      203
6 0.0881739 0.5997459 -0.0121177
1 -0.5504268 1.1637378 0.9744637
1 -0.3792414 1.2048311 -0.8174657
1 1.1171960 1.1152138 0.0536701
8 -0.1059321 -0.8065348 -0.0041736
5
-114.654160 ts77 dynamics sesquiterpene TS runpoint 1  runisomer  203
6 -0.0527284 0.6341149 -0.0061054
1 -0.1521593 1.1484210 1.0317499
1 -0.1482550 1.0917825 -0.9557215
1 0.9192890 -0.0487561 0.0135957
8 -0.0273910 -0.7508977 -0.0010666
5
-114.646 ts77 dynamics sesquiterpene TS runpoint 2  runisomer  203
6 -0.0566544 0.630622 0.00502655
1 -0.158991 1.14395 0.946067
1 -0.147607 1.07885 -0.954355
1 0.985447 -0.0843627 -0.0106813
8 -0.0282242 -0.744937 -0.00257614
5
-114.65     ts77     dynamics     sesquiterpene     TS     runpoint      3     runisomer      203
6 -0.0595848 0.6269824 0.0162726
1 -0.1699736 1.1425630 0.8611436
1 -0.1518281 1.0742247 -0.9576681
1 1.0491983 -0.1206244 -0.0345777
8 -0.0290836 -0.7395437 -0.0039472
5
-114.641     ts77     dynamics     sesquiterpene     TS     runpoint      4     runisomer      203
6 -0.0608536 0.6221874 0.0243751
1 -0.1888680 1.1607215 0.8099820
1 -0.1599214 1.0756940 -0.9622005
1 1.0973918 -0.1581944 -0.0573702
8 -0.0294685 -0.7348172 -0.0050793
5
-114.629     ts77     dynamics     sesquiterpene     TS     runpoint      5     runisomer      203
6 -0.0601480 0.6158612 0.0272674
1 -0.2189768 1.2093801 0.8117722
1 -0.1707072 1.0805942 -0.9645852
1 1.1214769 -0.1987707 -0.0782413
8 -0.0289403 -0.7308901 -0.0058955
5
-114.632     ts77     dynamics     sesquiterpene     TS     runpoint      6     runisomer      203
6 -0.0579102 0.6097560 0.0261446
1 -0.2578790 1.2753677 0.8493121
1 -0.1831003 1.0867554 -0.9630145
1 1.1164111 -0.2457511 -0.0965671
8 -0.0270682 -0.7278967 -0.0063634
5
-114.64     ts77     dynamics     sesquiterpene     TS     runpoint      7     runisomer      203
6 -0.0551627 0.6064354 0.0233004
1 -0.2995250 1.3361136 0.8948723
1 -0.1962489 1.0927860 -0.9571416
1 1.0798077 -0.3051236 -0.1120009
8 -0.0233704 -0.7258736 -0.0064964
5
-114.647     ts77     dynamics     sesquiterpene     TS     runpoint      8     runisomer      203
6 -0.0530734 0.6076838 0.0203344
1 -0.3389059 1.3767849 0.9311270
1 -0.2095383 1.0981215 -0.9478227
1 1.0128799 -0.3850804 -0.1246052
8 -0.0174019 -0.7246738 -0.0063477
5
-114.658     ts77     dynamics     sesquiterpene     TS     runpoint      9     runisomer      203
6 -0.0526465 0.6142780 0.0182118
1 -0.3728690 1.3907490 0.9501086
1 -0.2225471 1.1030084 -0.9370761
1 0.9253804 -0.4920986 -0.1354626
8 -0.0092488 -0.7240678 -0.0059447
5
-114.669     ts77     dynamics     sesquiterpene     TS     runpoint      10     runisomer      203
6 -0.0543992 0.6260834 0.0175427
1 -0.3994935 1.3760961 0.9488013
1 -0.2350576 1.1083316 -0.9277888
1 0.8495445 -0.6239345 -0.1490213
8 -0.0006906 -0.7240325 -0.0050913
5
-114.671     ts77     dynamics     sesquiterpene     TS     runpoint      11     runisomer      203
6 -0.0581474 0.6420820 0.0185942
1 -0.4178411 1.3338230 0.9273025
1 -0.2470341 1.1151708 -0.9228996
1 0.8487351 -0.7724672 -0.1765944
8 0.0040822 -0.7244476 -0.0030952
5
-114.688     ts77     dynamics     sesquiterpene     TS     runpoint      12     runisomer      203
6 -0.0631705 0.6606416 0.0210968
1 -0.4285881 1.2682256 0.8897593
1 -0.2584363 1.1242228 -0.9241964
1 0.9203328 -0.9386646 -0.2202641
8 0.0047346 -0.7243407 0.0002268
5
-114.714     ts77     dynamics     sesquiterpene     TS     runpoint      13     runisomer      203
6 -0.0685454 0.6799144 0.0239558
1 -0.4358115 1.1890600 0.8478268
1 -0.2688593 1.1354238 -0.9313531
1 0.9901673 -1.1062923 -0.2646166
8 0.0054783 -0.7239588 0.0039709
5
-114.702     ts77     dynamics     sesquiterpene     TS     runpoint      14     runisomer      203
6 -0.0731064 0.6978128 0.0249846
1 -0.4493610 1.1126111 0.8244614
1 -0.2775244 1.1480827 -0.9418202
1 1.0235244 -1.2545359 -0.3001540
8 0.0081975 -0.7240312 0.0075714
5
-114.673     ts77     dynamics     sesquiterpene     TS     runpoint      15     runisomer      203
6 -0.0756164 0.7125873 0.0217816
1 -0.4818309 1.0535481 0.8448416
1 -0.2837914 1.1614327 -0.9519530
1 1.0146027 -1.3712541 -0.3241503
8 0.0130846 -0.7248842 0.0108416
5
-114.658     ts77     dynamics     sesquiterpene     TS     runpoint      16     runisomer      203
6 -0.0758762 0.7239963 0.0143999
1 -0.5340475 1.0106294 0.9063510
1 -0.2876846 1.1750489 -0.9589068
1 0.9658965 -1.4499326 -0.3364116
8 0.0198857 -0.7266435 0.0137172
5
-114.659     ts77     dynamics     sesquiterpene     TS     runpoint      17     runisomer      203
6 -0.0748332 0.7326626 0.0053463
1 -0.5930870 0.9740321 0.9791643
1 -0.2899813 1.1888683 -0.9617057
1 0.8808833 -1.4859199 -0.3373493
8 0.0283265 -0.7294477 0.0161585
5
-114.663     ts77     dynamics     sesquiterpene     TS     runpoint      18     runisomer      203
6 -0.0734054 0.7388751 -0.0030292
1 -0.6463989 0.9384924 1.0367266
1 -0.2918570 1.2029716 -0.9609479
1 0.7638647 -1.4759276 -0.3278961
8 0.0381087 -0.7333920 0.0181739
5
-114.67     ts77     dynamics     sesquiterpene     TS     runpoint      19     runisomer      203
6 -0.0721259 0.7424882 -0.0093595
1 -0.6867559 0.9034909 1.0649895
1 -0.2943896 1.2173034 -0.9579760
1 0.6251946 -1.4234291 -0.3118872
8 0.0485921 -0.7381129 0.0199488
5
-114.673     ts77     dynamics     sesquiterpene     TS     runpoint      20     runisomer      203
6 -0.0713301 0.7431613 -0.0129990
1 -0.7106149 0.8705149 1.0585339
1 -0.2981396 1.2314059 -0.9539924
1 0.4958029 -1.3587637 -0.3059233
8 0.0578899 -0.7415083 0.0224611
5
-114.644     ts77     dynamics     sesquiterpene     TS     runpoint      21     runisomer      203
6 -0.0712712 0.7406008 -0.0138157
1 -0.7166642 0.8415879 1.0171430
1 -0.3029755 1.2443828 -0.9494294
1 0.4358543 -1.3662401 -0.3576889
8 0.0623117 -0.7381159 0.0286580
5
-114.65     ts77     dynamics     sesquiterpene     TS     runpoint      22     runisomer      203
6 -0.0720506 0.7348481 -0.0122394
1 -0.7061134 0.8188464 0.9453938
1 -0.3082259 1.2551802 -0.9438521
1 0.4339737 -1.4457132 -0.4754930
8 0.0626844 -0.7280445 0.0390692
5
-114.686     ts77     dynamics     sesquiterpene     TS     runpoint      23     runisomer      203
6 -0.0734061 0.7262739 -0.0094159
1 -0.6848349 0.8045489 0.8552523
1 -0.3128655 1.2626930 -0.9364071
1 0.4374108 -1.5124728 -0.6059845
8 0.0624381 -0.7169837 0.0503858
5
-114.68     ts77     dynamics     sesquiterpene     TS     runpoint      24     runisomer      203
6 -0.0743632 0.7152813 -0.0074291
1 -0.6673792 0.8015035 0.7706278
1 -0.3156406 1.2657768 -0.9266318
1 0.4295071 -1.5350483 -0.7207723
8 0.0627314 -0.7073223 0.0608462
5
-114.657     ts77     dynamics     sesquiterpene     TS     runpoint      25     runisomer      203
6 -0.0732215 0.7021170 -0.0089317
1 -0.6769232 0.8135652 0.7244121
1 -0.3153211 1.2635811 -0.9153802
1 0.4077516 -1.5089128 -0.8088271
8 0.0638287 -0.6997196 0.0697266
5
-114.647     ts77     dynamics     sesquiterpene     TS     runpoint      26     runisomer      203
6 -0.0692602 0.6870462 -0.0147322
1 -0.7244457 0.8430863 0.7300708
1 -0.3110365 1.2559598 -0.9054231
1 0.3727199 -1.4365378 -0.8643858
8 0.0657905 -0.6943594 0.0765974
5
-114.662     ts77     dynamics     sesquiterpene     TS     runpoint      27     runisomer      203
6 -0.0641621 0.6708102 -0.0224585
1 -0.7913259 0.8859121 0.7651036
1 -0.3025602 1.2434824 -0.9008827
1 0.3256775 -1.3223744 -0.8828915
8 0.0686130 -0.6912895 0.0810681
5
-114.683     ts77     dynamics     sesquiterpene     TS     runpoint      28     runisomer      203
6 -0.0600552 0.6544936 -0.0293150
1 -0.8529810 0.9341951 0.8021550
1 -0.2902104 1.2268037 -0.9053977
1 0.2688003 -1.1736963 -0.8616185
8 0.0722251 -0.6904146 0.0828224
5
-114.699     ts77     dynamics     sesquiterpene     TS     runpoint      29     runisomer      203
6 -0.0582145 0.6392141 -0.0335815
1 -0.8949676 0.9814172 0.8257956
1 -0.2744098 1.2058812 -0.9205591
1 0.2066942 -1.0051173 -0.8072041
8 0.0764101 -0.6912370 0.0820608
5
-114.701     ts77     dynamics     sesquiterpene     TS     runpoint      30     runisomer      203
6 -0.0592532 0.6261324 -0.0343664
1 -0.9112073 1.0232876 0.8294511
1 -0.2553094 1.1795808 -0.9453721
1 0.1482109 -0.8439344 -0.7576705
8 0.0806957 -0.6925663 0.0808622
5
-114.675     ts77     dynamics     sesquiterpene     TS     runpoint      31     runisomer      203
6 -0.0634279 0.6165589 -0.0312109
1 -0.9001044 1.0570709 0.8110607
1 -0.2328038 1.1460935 -0.9766239
1 0.1007319 -0.7156697 -0.7883515
8 0.0847048 -0.6934908 0.0835567
5
-114.67     ts77     dynamics     sesquiterpene     TS     runpoint      32     runisomer      203
6 -0.0707137 0.6117000 -0.0241543
1 -0.8629035 1.0811883 0.7714597
1 -0.2069061 1.1046060 -1.0096130
1 0.0603389 -0.6184219 -0.8875022
8 0.0887431 -0.6948852 0.0890850
5
-114.679     ts77     dynamics     sesquiterpene     TS     runpoint      33     runisomer      203
6 -0.0807021 0.6120091 -0.0140181
1 -0.8041327 1.0956718 0.7149168
1 -0.1780370 1.0569317 -1.0391371
1 0.0259236 -0.5526783 -0.9869399
8 0.0928852 -0.6971745 0.0931704
5
-114.671     ts77     dynamics     sesquiterpene     TS     runpoint      34     runisomer      203
6 -0.0923789 0.6169269 -0.0024814
1 -0.7343527 1.1045621 0.6520098
1 -0.1469719 1.0069890 -1.0605939
1 -0.0009977 -0.5203841 -1.0534005
8 0.0969898 -0.7003197 0.0940190
5
-114.657     ts77     dynamics     sesquiterpene     TS     runpoint      35     runisomer      203
6 -0.1038105 0.6247667 0.0078793
1 -0.6741451 1.1205577 0.6039870
1 -0.1147200 0.9595959 -1.0706329
1 -0.0193211 -0.5214124 -1.0754243
8 0.1008973 -0.7041657 0.0912936
5
-114.642     ts77     dynamics     sesquiterpene     TS     runpoint      36     runisomer      203
6 -0.1126317 0.6330360 0.0142417
1 -0.6483933 1.1638582 0.5976538
1 -0.0824766 0.9195515 -1.0677070
1 -0.0283255 -0.5551051 -1.0495583
8 0.1044294 -0.7084591 0.0851066
5
-114.648     ts77     dynamics     sesquiterpene     TS     runpoint      37     runisomer      203
6 -0.1183457 0.6405975 0.0160707
1 -0.6593273 1.2383920 0.6369613
1 -0.0515007 0.8908585 -1.0530468
1 -0.0276124 -0.6202826 -0.9772971
8 0.1074088 -0.7129206 0.0757834
5
-114.677     ts77     dynamics     sesquiterpene     TS     runpoint      38     runisomer      203
6 -0.1225279 0.6485029 0.0155781
1 -0.6846911 1.3220859 0.6976062
1 -0.0228538 0.8761797 -1.0313777
1 -0.0180997 -0.7135032 -0.8710377
8 0.1097411 -0.7173335 0.0642726
5
-114.693     ts77     dynamics     sesquiterpene     TS     runpoint      39     runisomer      203
6 -0.1265148 0.6576658 0.0150696
1 -0.7056041 1.3926901 0.7562522
1 0.0029378 0.8768862 -1.0102036
1 -0.0055410 -0.8288795 -0.7748551
8 0.1116340 -0.7214392 0.0535665
5
-114.674     ts77     dynamics     sesquiterpene     TS     runpoint      40     runisomer      203
6 -0.1308549 0.6679484 0.0157503
1 -0.7133460 1.4380301 0.8001856
1 0.0260151 0.8939332 -0.9967818
1 -0.0023938 -0.9700799 -0.7691798
8 0.1137260 -0.7241945 0.0490878
5
-114.676     ts77     dynamics     sesquiterpene     TS     runpoint      41     runisomer      203
6 -0.1356683 0.6787728 0.0177308
1 -0.7052210 1.4530618 0.8240391
1 0.0466904 0.9279648 -0.9936770
1 -0.0079058 -1.1346036 -0.8322056
8 0.1158703 -0.7250491 0.0498772
5
-114.686     ts77     dynamics     sesquiterpene     TS     runpoint      42     runisomer      203
6 -0.1408742 0.6896989 0.0204283
1 -0.6814742 1.4368084 0.8265937
1 0.0648012 0.9774637 -0.9971742
1 -0.0134818 -1.2904484 -0.8885808
8 0.1174902 -0.7255289 0.0514675
5
-114.674     ts77     dynamics     sesquiterpene     TS     runpoint      43     runisomer      203
6 -0.1462209 0.7003345 0.0228779
1 -0.6444473 1.3914830 0.8100329
1 0.0796717 1.0385203 -0.9998752
1 -0.0166897 -1.4155523 -0.9107947
8 0.1184339 -0.7266244 0.0522463
5
-114.662     ts77     dynamics     sesquiterpene     TS     runpoint      44     runisomer      203
6 -0.1512187 0.7100433 0.0238342
1 -0.5995145 1.3239040 0.7818730
1 0.0905493 1.1059993 -0.9945438
1 -0.0179083 -1.5007555 -0.8953372
8 0.1187441 -0.7285397 0.0519958
5
-114.655     ts77     dynamics     sesquiterpene     TS     runpoint      45     runisomer      203
6 -0.1549992 0.7176363 0.0215408
1 -0.5570897 1.2482980 0.7594011
1 0.0969734 1.1747613 -0.9765712
1 -0.0178010 -1.5420238 -0.8444927
8 0.1184954 -0.7312129 0.0507991
5
-114.652     ts77     dynamics     sesquiterpene     TS     runpoint      46     runisomer      203
6 -0.1564251 0.7215021 0.0137294
1 -0.5315721 1.1844474 0.7702770
1 0.0990100 1.2406066 -0.9448134
1 -0.0166036 -1.5365996 -0.7612594
8 0.1177531 -0.7345889 0.0487317
5
-114.66     ts77     dynamics     sesquiterpene     TS     runpoint      47     runisomer      203
6 -0.1551604 0.7209433 -0.0004920
1 -0.5289355 1.1408961 0.8304766
1 0.0975673 1.3009823 -0.9017723
1 -0.0144663 -1.4846164 -0.6510798
8 0.1165941 -0.7385135 0.0459567
5
-114.687     ts77     dynamics     sesquiterpene     TS     runpoint      48     runisomer      203
6 -0.1524282 0.7168240 -0.0185909
1 -0.5378869 1.1061754 0.9199857
1 0.0946840 1.3554538 -0.8532845
1 -0.0135480 -1.4002376 -0.5316631
8 0.1152323 -0.7419937 0.0433194
5
-114.688     ts77     dynamics     sesquiterpene     TS     runpoint      49     runisomer      203
6 -0.1497710 0.7099418 -0.0368218
1 -0.5443510 1.0681932 1.0067378
1 0.0932293 1.4054267 -0.8066537
1 -0.0250474 -1.3425360 -0.4575608
8 0.1144620 -0.7412312 0.0439258
5
-114.647     ts77     dynamics     sesquiterpene     TS     runpoint      50     runisomer      203
6 -0.1481986 0.7005561 -0.0525406
1 -0.5408374 1.0230776 1.0697440
1 0.0958456 1.4524266 -0.7673847
1 -0.0691886 -1.3926539 -0.4957088
8 0.1156772 -0.7311590 0.0516810
5
-114.673     ts77     dynamics     sesquiterpene     TS     runpoint      51     runisomer      203
6 -0.1482490 0.6890892 -0.0645434
1 -0.5250599 0.9720482 1.0995369
1 0.1038726 1.4957007 -0.7367818
1 -0.1295520 -1.4747375 -0.5806281
8 0.1180174 -0.7169043 0.0622334
5
-114.675     ts77     dynamics     sesquiterpene     TS     runpoint      52     runisomer      203
6 -0.1501217 0.6762794 -0.0725560
1 -0.4974352 0.9182345 1.0935191
1 0.1172412 1.5312299 -0.7127122
1 -0.1869087 -1.5280620 -0.6589464
8 0.1204520 -0.7027905 0.0720445
5
-114.659     ts77     dynamics     sesquiterpene     TS     runpoint      53     runisomer      203
6 -0.1537848 0.6629487 -0.0767525
1 -0.4600326 0.8656699 1.0536898
1 0.1351567 1.5535294 -0.6922206
1 -0.2334118 -1.5381638 -0.7143534
8 0.1226432 -0.6902561 0.0799060
5
-114.651     ts77     dynamics     sesquiterpene     TS     runpoint      54     runisomer      203
6 -0.1590250 0.6498047 -0.0776645
1 -0.4166428 0.8194932 0.9877327
1 0.1567399 1.5580714 -0.6734126
1 -0.2657630 -1.5052704 -0.7425493
8 0.1245171 -0.6798531 0.0853399
5
-114.652     ts77     dynamics     sesquiterpene     TS     runpoint      55     runisomer      203
6 -0.1654511 0.6373693 -0.0765428
1 -0.3733457 0.7865618 0.9134777
1 0.1813517 1.5426511 -0.6559909
1 -0.2815579 -1.4323972 -0.7416257
8 0.1260527 -0.6720772 0.0880233
5
-114.657     ts77     dynamics     sesquiterpene     TS     runpoint      56     runisomer      203
6 -0.1725225 0.6259188 -0.0757477
1 -0.3383017 0.7756087 0.8630378
1 0.2088057 1.5078498 -0.6411659
1 -0.2784395 -1.3234108 -0.7101581
8 0.1272225 -0.6674797 0.0876895
5
-114.666     ts77     dynamics     sesquiterpene     TS     runpoint      57     runisomer      203
6 -0.1798596 0.6154941 -0.0775654
1 -0.3176384 0.7945245 0.8685329
1 0.2396560 1.4571515 -0.6316136
1 -0.2563467 -1.1872438 -0.6513179
8 0.1280880 -0.6662451 0.0844000
5
-114.685     ts77     dynamics     sesquiterpene     TS     runpoint      58     runisomer      203
6 -0.1876564 0.6062942 -0.0810983
1 -0.3099151 0.8432597 0.9248733
1 0.2754699 1.3966266 -0.6312574
1 -0.2263083 -1.0494254 -0.5891862
8 0.1292997 -0.6672929 0.0795658
5
-114.679     ts77     dynamics     sesquiterpene     TS     runpoint      59     runisomer      203
6 -0.1962946 0.5989626 -0.0829920
1 -0.3099557 0.9123127 0.9968446
1 0.3181963 1.3332091 -0.6438267
1 -0.2264880 -0.9614037 -0.5981584
8 0.1331018 -0.6677031 0.0778122
5
-114.668     ts77     dynamics     sesquiterpene     TS     runpoint      60     runisomer      203
6 -0.2058486 0.5943827 -0.0807792
1 -0.3139660 0.9901230 1.0556310
1 0.3681123 1.2716112 -0.6704356
1 -0.2728700 -0.9351828 -0.7100515
8 0.1402984 -0.6669492 0.0811773
5
-114.691     ts77     dynamics     sesquiterpene     TS     runpoint      61     runisomer      203
6 -0.2159838 0.5933089 -0.0738260
1 -0.3196485 1.0674370 1.0869071
1 0.4217108 1.2125020 -0.7078474
1 -0.3205987 -0.9323510 -0.8395847
8 0.1478879 -0.6674771 0.0845113
5
-114.681     ts77     dynamics     sesquiterpene     TS     runpoint      62     runisomer      203
6 -0.2260060 0.5961457 -0.0627188
1 -0.3254368 1.1373718 1.0853669
1 0.4719513 1.1542493 -0.7493262
1 -0.3472234 -0.9356423 -0.9405366
8 0.1542817 -0.6701421 0.0852515
5
-114.662     ts77     dynamics     sesquiterpene     TS     runpoint      63     runisomer      203
6 -0.2350878 0.6029286 -0.0485139
1 -0.3302312 1.1948583 1.0505307
1 0.5109546 1.0960536 -0.7875042
1 -0.3475437 -0.9396586 -0.9990971
8 0.1589587 -0.6749407 0.0828876
5
-114.653     ts77     dynamics     sesquiterpene     TS     runpoint      64     runisomer      203
6 -0.2424918 0.6133228 -0.0323935
1 -0.3333926 1.2366398 0.9855554
1 0.5324598 1.0392342 -0.8166272
1 -0.3214046 -0.9424228 -1.0114800
8 0.1617095 -0.6816251 0.0775059
5
-114.657     ts77     dynamics     sesquiterpene     TS     runpoint      65     runisomer      203
6 -0.2476636 0.6265980 -0.0157266
1 -0.3348593 1.2624461 0.8985608
1 0.5327269 0.9867808 -0.8333311
1 -0.2699538 -0.9428299 -0.9766123
8 0.1624226 -0.6898875 0.0693409
5
-114.671     ts77     dynamics     sesquiterpene     TS     runpoint      66     runisomer      203
6 -0.2502219 0.6414326 -0.0003625
1 -0.3355132 1.2781596 0.8061055
1 0.5105791 0.9424850 -0.8367381
1 -0.1958606 -0.9405261 -0.8968210
8 0.1611093 -0.6993700 0.0588289
5
-114.686     ts77     dynamics     sesquiterpene     TS     runpoint      67     runisomer      203
6 -0.2499295 0.6556116 0.0112136
1 -0.3376902 1.2997171 0.7353125
1 0.4674914 0.9102186 -0.8287365
1 -0.1070238 -0.9383420 -0.7882794
8 0.1581428 -0.7094781 0.0472631
5
-114.679     ts77     dynamics     sesquiterpene     TS     runpoint      68     runisomer      203
6 -0.2468355 0.6665810 0.0169707
1 -0.3443342 1.3464082 0.7118546
1 0.4082418 0.8935302 -0.8149277
1 -0.0246175 -0.9509348 -0.7123459
8 0.1547794 -0.7188118 0.0387698
5
-114.646     ts77     dynamics     sesquiterpene     TS     runpoint      69     runisomer      203
6 -0.2416564 0.6735448 0.0176064
1 -0.3554727 1.4163668 0.7341182
1 0.3417295 0.8957893 -0.8059405
1 0.0289452 -1.0067977 -0.7693549
8 0.1524085 -0.7250747 0.0399190
