5
-114.654160 ts77 dynamics sesquiterpene TS runpoint 1  runisomer  62
6 -0.0107483 0.6095765 0.0091337
1 -0.3407283 1.1384322 0.9457291
1 -0.3661827 1.0815191 -1.0011939
1 0.9673857 -0.0995499 0.0110944
8 -0.0363036 -0.7280120 -0.0040570
5
-114.646 ts77 dynamics sesquiterpene TS runpoint 2  runisomer  62
6 -0.00922087 0.619639 0.0119543
1 -0.332113 1.06514 0.896883
1 -0.343049 1.08703 -1.0062
1 0.924219 -0.059556 -0.0141016
8 -0.0367305 -0.733811 -0.00119212
5
-114.644     ts77     dynamics     sesquiterpene     TS     runpoint      3     runisomer      62
6 -0.0092172 0.6308841 0.0118763
1 -0.3263460 1.0030053 0.8623280
1 -0.3118668 1.0890236 -0.9920977
1 0.9048178 -0.0166103 -0.0394701
8 -0.0378404 -0.7411643 0.0017529
5
-114.636     ts77     dynamics     sesquiterpene     TS     runpoint      4     runisomer      62
6 -0.0099849 0.6415864 0.0071231
1 -0.3331954 0.9661817 0.8685456
1 -0.2752598 1.0894104 -0.9624887
1 0.9165584 0.0315620 -0.0648605
8 -0.0398790 -0.7499332 0.0046608
5
-114.639     ts77     dynamics     sesquiterpene     TS     runpoint      5     runisomer      62
6 -0.0107738 0.6504645 -0.0016502
1 -0.3537625 0.9562911 0.9181806
1 -0.2379703 1.0925214 -0.9268241
1 0.9583008 0.0901956 -0.0892135
8 -0.0429715 -0.7598619 0.0074024
5
-114.65     ts77     dynamics     sesquiterpene     TS     runpoint      6     runisomer      62
6 -0.0110630 0.6565767 -0.0109968
1 -0.3785100 0.9644352 0.9853578
1 -0.2063735 1.1052749 -0.9004421
1 1.0217797 0.1665087 -0.1103506
8 -0.0471876 -0.7705727 0.0098504
5
-114.657     ts77     dynamics     sesquiterpene     TS     runpoint      7     runisomer      62
6 -0.0101601 0.6589764 -0.0175892
1 -0.3978604 0.9821392 1.0434696
1 -0.1861487 1.1341116 -0.8973744
1 1.0949968 0.2659621 -0.1256422
8 -0.0525353 -0.7815725 0.0119032
5
-114.661     ts77     dynamics     sesquiterpene     TS     runpoint      8     runisomer      62
6 -0.0074090 0.6573883 -0.0202191
1 -0.4066524 1.0040203 1.0772141
1 -0.1793796 1.1783725 -0.9178165
1 1.1652888 0.3889369 -0.1328078
8 -0.0589015 -0.7922992 0.0134885
5
-114.666     ts77     dynamics     sesquiterpene     TS     runpoint      9     runisomer      62
6 -0.0024237 0.6525705 -0.0195744
1 -0.4031103 1.0265068 1.0801651
1 -0.1847353 1.2288072 -0.9479340
1 1.2213908 0.5307016 -0.1304094
8 -0.0660644 -0.8022131 0.0145654
5
-114.671     ts77     dynamics     sesquiterpene     TS     runpoint      10     runisomer      62
6 0.0049688 0.6458037 -0.0168881
1 -0.3875520 1.0469363 1.0513872
1 -0.1997091 1.2738175 -0.9723175
1 1.2548065 0.6833779 -0.1180580
8 -0.0737540 -0.8108799 0.0151207
5
-114.673     ts77     dynamics     sesquiterpene     TS     runpoint      11     runisomer      62
6 0.0148103 0.6383544 -0.0132412
1 -0.3620564 1.0635265 0.9944702
1 -0.2218390 1.3043810 -0.9813174
1 1.2605638 0.8377829 -0.0964326
8 -0.0817134 -0.8179916 0.0151754
5
-114.676     ts77     dynamics     sesquiterpene     TS     runpoint      12     runisomer      62
6 0.0270755 0.6312122 -0.0096594
1 -0.3310284 1.0762089 0.9187949
1 -0.2489089 1.3149258 -0.9711636
1 1.2374337 0.9846470 -0.0671765
8 -0.0897080 -0.8233524 0.0147724
5
-114.676     ts77     dynamics     sesquiterpene     TS     runpoint      13     runisomer      62
6 0.0418680 0.6249111 -0.0074612
1 -0.3025059 1.0879975 0.8416844
1 -0.2792229 1.3027958 -0.9423654
1 1.1877447 1.1157151 -0.0327058
8 -0.0975623 -0.8268627 0.0139945
5
-114.671     ts77     dynamics     sesquiterpene     TS     runpoint      14     runisomer      62
6 0.0591073 0.6194667 -0.0081301
1 -0.2869793 1.1067260 0.7866966
1 -0.3111321 1.2673191 -0.8987813
1 1.1177099 1.2236398 0.0041563
8 -0.1050507 -0.8285248 0.0128928
5
-114.664     ts77     dynamics     sesquiterpene     TS     runpoint      15     runisomer      62
6 0.0792006 0.6147392 -0.0117649
1 -0.2977312 1.1366967 0.7678098
1 -0.3462628 1.2102626 -0.8473343
1 1.0375723 1.3046371 0.0377143
8 -0.1121862 -0.8283762 0.0114542
5
-114.664     ts77     dynamics     sesquiterpene     TS     runpoint      16     runisomer      62
6 0.1008476 0.6108656 -0.0180811
1 -0.3315205 1.1707694 0.7825598
1 -0.3877644 1.1392273 -0.7982822
1 0.9584697 1.3562099 0.0707797
8 -0.1186981 -0.8263917 0.0100890
5
-114.654160 ts77 dynamics sesquiterpene TS runpoint 1  runisomer  62
6 -0.0107483 0.6095765 0.0091337
1 -0.3407283 1.1384322 0.9457291
1 -0.3661827 1.0815191 -1.0011939
1 0.9673857 -0.0995499 0.0110944
8 -0.0363036 -0.7280120 -0.0040570
5
-114.646 ts77 dynamics sesquiterpene TS runpoint 2  runisomer  62
6 -0.0139233 0.602089 0.00522702
1 -0.344373 1.20794 0.986283
1 -0.38053 1.07236 -0.977721
1 1.02111 -0.137116 0.0360491
8 -0.0361726 -0.723831 -0.0067327
5
-114.64     ts77     dynamics     sesquiterpene     TS     runpoint      3     runisomer      62
6 -0.0183599 0.5979564 0.0014507
1 -0.3396161 1.2638143 1.0072764
1 -0.3871270 1.0611236 -0.9402239
1 1.0713733 -0.1724232 0.0603008
8 -0.0358952 -0.7213186 -0.0091139
5
-114.633     ts77     dynamics     sesquiterpene     TS     runpoint      4     runisomer      62
6 -0.0234997 0.5974723 -0.0012165
1 -0.3256362 1.3005263 1.0048745
1 -0.3889535 1.0512424 -0.8973129
1 1.1068410 -0.2063312 0.0830911
8 -0.0350392 -0.7205116 -0.0111016
5
-114.627     ts77     dynamics     sesquiterpene     TS     runpoint      5     runisomer      62
6 -0.0288209 0.6005968 -0.0018008
1 -0.3028045 1.3152877 0.9792488
1 -0.3908722 1.0478976 -0.8613921
1 1.1195585 -0.2414381 0.1036046
8 -0.0331658 -0.7213658 -0.0126065
5
-114.626     ts77     dynamics     sesquiterpene     TS     runpoint      6     runisomer      62
6 -0.0340468 0.6071496 0.0004074
1 -0.2721724 1.3074421 0.9335439
1 -0.3980657 1.0559978 -0.8447279
1 1.1044160 -0.2830496 0.1211203
8 -0.0297681 -0.7236782 -0.0135394
5
-114.636     ts77     dynamics     sesquiterpene     TS     runpoint      7     runisomer      62
6 -0.0393956 0.6169838 0.0051026
1 -0.2355682 1.2794910 0.8750562
1 -0.4127030 1.0762494 -0.8519252
1 1.0591191 -0.3392800 0.1351088
8 -0.0242853 -0.7270291 -0.0138062
5
-114.656     ts77     dynamics     sesquiterpene     TS     runpoint      8     runisomer      62
6 -0.0455186 0.6297234 0.0104102
1 -0.1961144 1.2402316 0.8186922
1 -0.4323222 1.1036904 -0.8766419
1 0.9858756 -0.4190994 0.1455227
8 -0.0163263 -0.7308139 -0.0133362
5
-114.674     ts77     dynamics     sesquiterpene     TS     runpoint      9     runisomer      62
6 -0.0529953 0.6440887 0.0130838
1 -0.1581850 1.2078997 0.7903072
1 -0.4523028 1.1311958 -0.9069361
1 0.8976674 -0.5272757 0.1540197
8 -0.0062898 -0.7344732 -0.0121812
5
-114.677     ts77     dynamics     sesquiterpene     TS     runpoint      10     runisomer      62
6 -0.0620345 0.6582288 0.0100311
1 -0.1242631 1.2015722 0.8157947
1 -0.4688928 1.1531850 -0.9317637
1 0.8345372 -0.6581975 0.1679200
8 0.0033776 -0.7378201 -0.0108088
5
-114.675     ts77     dynamics     sesquiterpene     TS     runpoint      11     runisomer      62
6 -0.0725431 0.6715484 0.0012789
1 -0.0919792 1.2184856 0.8895568
1 -0.4802873 1.1665832 -0.9440426
1 0.8586197 -0.8042087 0.2019530
8 0.0084281 -0.7405237 -0.0102623
5
-114.701     ts77     dynamics     sesquiterpene     TS     runpoint      12     runisomer      62
6 -0.0839654 0.6845710 -0.0102727
1 -0.0592480 1.2399895 0.9783562
1 -0.4865286 1.1706475 -0.9414975
1 0.9400730 -0.9651722 0.2520950
8 0.0101964 -0.7417649 -0.0105111
5
-114.713     ts77     dynamics     sesquiterpene     TS     runpoint      13     runisomer      62
6 -0.0954600 0.6974636 -0.0216652
1 -0.0269738 1.2530014 1.0535997
1 -0.4892727 1.1669967 -0.9267650
1 1.0092088 -1.1232019 0.3004611
8 0.0126033 -0.7420717 -0.0106818
5
-114.689     ts77     dynamics     sesquiterpene     TS     runpoint      14     runisomer      62
6 -0.1061486 0.7097165 -0.0306840
1 0.0028525 1.2527765 1.0998114
1 -0.4916952 1.1595953 -0.9072359
1 1.0395513 -1.2600512 0.3380262
8 0.0169833 -0.7421628 -0.0104256
5
-114.659     ts77     dynamics     sesquiterpene     TS     runpoint      15     runisomer      62
6 -0.1152076 0.7204677 -0.0356515
1 0.0283707 1.2389590 1.1102281
1 -0.4980081 1.1538499 -0.8933801
1 1.0280392 -1.3653007 0.3621702
8 0.0232937 -0.7423658 -0.0097512
5
-114.641     ts77     dynamics     sesquiterpene     TS     runpoint      16     runisomer      62
6 -0.1220067 0.7289508 -0.0355371
1 0.0481534 1.2131820 1.0831881
1 -0.5115740 1.1538989 -0.8936539
1 0.9778040 -1.4330142 0.3724723
8 0.0311675 -0.7428440 -0.0087668
5
-114.641     ts77     dynamics     sesquiterpene     TS     runpoint      17     runisomer      62
6 -0.1263263 0.7348120 -0.0304344
1 0.0614769 1.1786831 1.0217445
1 -0.5322987 1.1594545 -0.9082042
1 0.8924000 -1.4586065 0.3690590
8 0.0402556 -0.7438063 -0.0075934
5
-114.658     ts77     dynamics     sesquiterpene     TS     runpoint      18     runisomer      62
6 -0.1284581 0.7379000 -0.0218738
1 0.0692301 1.1416146 0.9370750
1 -0.5563550 1.1659873 -0.9285778
1 0.7763738 -1.4390748 0.3529163
8 0.0501937 -0.7454305 -0.0063801
5
-114.677     ts77     dynamics     sesquiterpene     TS     runpoint      19     runisomer      62
6 -0.1291987 0.7375830 -0.0129496
1 0.0760748 1.1140268 0.8558076
1 -0.5786678 1.1680798 -0.9438151
1 0.6423255 -1.3801912 0.3293775
8 0.0601711 -0.7472986 -0.0055124
5
-114.672     ts77     dynamics     sesquiterpene     TS     runpoint      20     runisomer      62
6 -0.1297773 0.7324194 -0.0078846
1 0.0920348 1.1144749 0.8201954
1 -0.5952565 1.1620250 -0.9458797
1 0.5300448 -1.3205320 0.3208586
8 0.0677194 -0.7468328 -0.0064021
5
-114.631     ts77     dynamics     sesquiterpene     TS     runpoint      21     runisomer      62
6 -0.1309862 0.7215966 -0.0085046
1 0.1237890 1.1521907 0.8490983
1 -0.6043683 1.1464594 -0.9319605
1 0.5069717 -1.3455355 0.3791683
8 0.0686533 -0.7385363 -0.0123103
5
-114.664     ts77     dynamics     sesquiterpene     TS     runpoint      22     runisomer      62
6 -0.1321904 0.7065605 -0.0117333
1 0.1636964 1.2119036 0.9094340
1 -0.6069524 1.1224555 -0.9048349
1 0.5374832 -1.4199029 0.4898450
8 0.0652823 -0.7248212 -0.0223736
5
-114.692     ts77     dynamics     sesquiterpene     TS     runpoint      23     runisomer      62
6 -0.1322704 0.6893464 -0.0137203
1 0.2007416 1.2732071 0.9638196
1 -0.6065624 1.0934317 -0.8719654
1 0.5667722 -1.4703447 0.6038889
8 0.0611379 -0.7107630 -0.0335679
5
-114.675     ts77     dynamics     sesquiterpene     TS     runpoint      24     runisomer      62
6 -0.1303991 0.6713759 -0.0120413
1 0.2285664 1.3231564 0.9934662
1 -0.6085880 1.0645042 -0.8434542
1 0.5778946 -1.4741572 0.6995273
8 0.0574083 -0.6983672 -0.0445189
