5
-114.654160 ts77 dynamics sesquiterpene TS runpoint 1  runisomer  243
6 -0.0269814 0.6214311 -0.0080479
1 -0.2665211 1.0985248 0.8898733
1 -0.2723454 1.1875720 -0.8672862
1 0.9122360 -0.0707330 0.0105306
8 -0.0312378 -0.7428894 0.0039515
5
-114.649 ts77 dynamics sesquiterpene TS runpoint 2  runisomer  243
6 -0.0334984 0.636044 -0.0192732
1 -0.237736 1.07557 0.928388
1 -0.247715 1.16326 -0.815911
1 0.964383 -0.0523619 0.0348552
8 -0.0329998 -0.752032 0.00517692
5
-114.643     ts77     dynamics     sesquiterpene     TS     runpoint      3     runisomer      243
6 -0.0388599 0.6483945 -0.0269106
1 -0.2108297 1.0584695 0.9737277
1 -0.2340924 1.1617045 -0.8082142
1 1.0235288 -0.0284284 0.0583905
8 -0.0352578 -0.7616309 0.0060824
5
-114.636     ts77     dynamics     sesquiterpene     TS     runpoint      4     runisomer      243
6 -0.0418447 0.6567017 -0.0287590
1 -0.1855209 1.0453770 1.0145192
1 -0.2350268 1.1921416 -0.8562387
1 1.0778847 0.0072010 0.0795618
8 -0.0379797 -0.7712010 0.0065897
5
-114.641     ts77     dynamics     sesquiterpene     TS     runpoint      5     runisomer      243
6 -0.0421192 0.6613747 -0.0261113
1 -0.1625847 1.0354793 1.0420380
1 -0.2444240 1.2389705 -0.9334189
1 1.1208043 0.0605710 0.0966447
8 -0.0413325 -0.7803964 0.0066561
5
-114.644     ts77     dynamics     sesquiterpene     TS     runpoint      6     runisomer      243
6 -0.0395757 0.6632579 -0.0211865
1 -0.1435525 1.0289020 1.0518393
1 -0.2551606 1.2827715 -1.0070071
1 1.1493542 0.1365271 0.1080729
8 -0.0455639 -0.7889394 0.0062605
5
-114.642     ts77     dynamics     sesquiterpene     TS     runpoint      7     runisomer      243
6 -0.0340500 0.6627130 -0.0154799
1 -0.1304037 1.0263510 1.0436632
1 -0.2632623 1.3124568 -1.0576833
1 1.1622877 0.2371726 0.1124701
8 -0.0508444 -0.7965802 0.0054106
5
-114.643     ts77     dynamics     sesquiterpene     TS     runpoint      8     runisomer      243
6 -0.0254073 0.6598816 -0.0099611
1 -0.1254578 1.0289405 1.0211524
1 -0.2671445 1.3232424 -1.0768998
1 1.1590860 0.3611210 0.1086863
8 -0.0571945 -0.8031069 0.0041386
5
-114.652     ts77     dynamics     sesquiterpene     TS     runpoint      9     runisomer      243
6 -0.0136939 0.6549740 -0.0054619
1 -0.1313035 1.0380670 0.9913106
1 -0.2666555 1.3134883 -1.0619749
1 1.1409478 0.5035983 0.0960841
8 -0.0645037 -0.8083610 0.0024984
5
-114.666     ts77     dynamics     sesquiterpene     TS     runpoint      10     runisomer      243
6 0.0006812 0.6483470 -0.0027257
1 -0.1505102 1.0548852 0.9627050
1 -0.2628127 1.2833827 -1.0140876
1 1.1129921 0.6571858 0.0750702
8 -0.0725612 -0.8122278 0.0005547
5
-114.682     ts77     dynamics     sesquiterpene     TS     runpoint      11     runisomer      243
6 0.0168978 0.6404051 -0.0020470
1 -0.1847754 1.0790048 0.9416970
1 -0.2582180 1.2352494 -0.9390807
1 1.0848893 0.8137759 0.0474856
8 -0.0810890 -0.8146217 -0.0016184
5
-114.654160 ts77 dynamics sesquiterpene TS runpoint 1  runisomer  243
6 -0.0269814 0.6214311 -0.0080479
1 -0.2665211 1.0985248 0.8898733
1 -0.2723454 1.1875720 -0.8672862
1 0.9122360 -0.0707330 0.0105306
8 -0.0312378 -0.7428894 0.0039515
5
-114.649 ts77 dynamics sesquiterpene TS runpoint 2  runisomer  243
6 -0.0210238 0.60748 0.00319951
1 -0.297924 1.12879 0.866896
1 -0.298626 1.21359 -0.931131
1 0.882201 -0.0892498 -0.0138025
8 -0.0301803 -0.734802 0.00251674
5
-114.642     ts77     dynamics     sesquiterpene     TS     runpoint      3     runisomer      243
6 -0.0169505 0.5965837 0.0124483
1 -0.3314846 1.1646305 0.8602742
1 -0.3195834 1.2276765 -0.9858510
1 0.8858026 -0.1122324 -0.0385220
8 -0.0300280 -0.7283254 0.0010011
5
-114.635     ts77     dynamics     sesquiterpene     TS     runpoint      4     runisomer      243
6 -0.0153038 0.5902290 0.0192373
1 -0.3648565 1.2006527 0.8640577
1 -0.3317427 1.2244264 -1.0211819
1 0.9227327 -0.1415951 -0.0643695
8 -0.0307222 -0.7237715 -0.0004766
5
-114.633     ts77     dynamics     sesquiterpene     TS     runpoint      5     runisomer      243
6 -0.0159256 0.5890760 0.0237270
1 -0.3949934 1.2304169 0.8707702
1 -0.3337588 1.2028565 -1.0329964
1 0.9799281 -0.1775301 -0.0911669
8 -0.0318340 -0.7211591 -0.0018367
5
-114.633     ts77     dynamics     sesquiterpene     TS     runpoint      6     runisomer      243
6 -0.0183851 0.5932402 0.0261528
1 -0.4194948 1.2489394 0.8748704
1 -0.3254539 1.1643522 -1.0203851
1 1.0390398 -0.2203517 -0.1176078
8 -0.0326938 -0.7203258 -0.0030452
5
-114.635     ts77     dynamics     sesquiterpene     TS     runpoint      7     runisomer      243
6 -0.0223453 0.6025044 0.0267848
1 -0.4371985 1.2535953 0.8735375
1 -0.3076220 1.1123401 -0.9854272
1 1.0837065 -0.2720813 -0.1420373
8 -0.0325461 -0.7210335 -0.0040994
5
-114.64     ts77     dynamics     sesquiterpene     TS     runpoint      8     runisomer      243
6 -0.0276694 0.6163036 0.0261794
1 -0.4483010 1.2441607 0.8664433
1 -0.2825391 1.0532648 -0.9354779
1 1.1019764 -0.3374422 -0.1630976
8 -0.0305841 -0.7229530 -0.0050182
5
-114.649     ts77     dynamics     sesquiterpene     TS     runpoint      9     runisomer      243
6 -0.0342628 0.6334721 0.0255857
1 -0.4543520 1.2228169 0.8556089
1 -0.2549253 0.9981453 -0.8878257
1 1.0862943 -0.4231120 -0.1799196
8 -0.0260078 -0.7256180 -0.0058333
5
-114.659     ts77     dynamics     sesquiterpene     TS     runpoint      10     runisomer      243
6 -0.0417755 0.6520825 0.0270135
1 -0.4583050 1.1942822 0.8455669
1 -0.2316171 0.9615297 -0.8710509
1 1.0339749 -0.5339400 -0.1921486
8 -0.0182953 -0.7284929 -0.0065576
5
-114.674     ts77     dynamics     sesquiterpene     TS     runpoint      11     runisomer      243
6 -0.0496690 0.6701802 0.0315719
1 -0.4646493 1.1653363 0.8432287
1 -0.2165268 0.9524473 -0.9056978
1 0.9510351 -0.6686608 -0.2006784
8 -0.0076990 -0.7311860 -0.0071096
5
-114.695     ts77     dynamics     sesquiterpene     TS     runpoint      12     runisomer      243
6 -0.0575399 0.6866600 0.0373486
1 -0.4785244 1.1425457 0.8557842
1 -0.2065535 0.9668286 -0.9771015
1 0.8643499 -0.8199230 -0.2105972
8 0.0039133 -0.7334900 -0.0071110
5
-114.7     ts77     dynamics     sesquiterpene     TS     runpoint      13     runisomer      243
6 -0.0649740 0.7010001 0.0413347
1 -0.5026813 1.1284027 0.8852989
1 -0.1973950 0.9955322 -1.0528988
1 0.8258905 -0.9849368 -0.2341346
8 0.0128576 -0.7347692 -0.0057018
5
-114.699     ts77     dynamics     sesquiterpene     TS     runpoint      14     runisomer      243
6 -0.0716347 0.7130660 0.0419744
1 -0.5350288 1.1198707 0.9249844
1 -0.1875042 1.0315234 -1.1093441
1 0.8392116 -1.1639853 -0.2739684
8 0.0184302 -0.7342704 -0.0026157
5
-114.698     ts77     dynamics     sesquiterpene     TS     runpoint      15     runisomer      243
6 -0.0774583 0.7230566 0.0391919
1 -0.5701600 1.1115975 0.9628800
1 -0.1770449 1.0702571 -1.1346720
1 0.8536703 -1.3329529 -0.3154150
8 0.0234414 -0.7330382 0.0012904
5
-114.677     ts77     dynamics     sesquiterpene     TS     runpoint      16     runisomer      243
6 -0.0825325 0.7311991 0.0335247
1 -0.6025035 1.0993592 0.9881221
1 -0.1666396 1.1086515 -1.1248498
1 0.8435731 -1.4680619 -0.3485207
8 0.0292654 -0.7322812 0.0054176
5
-114.655     ts77     dynamics     sesquiterpene     TS     runpoint      17     runisomer      243
6 -0.0869535 0.7375822 0.0256449
1 -0.6280230 1.0810461 0.9938789
1 -0.1569187 1.1446420 -1.0809926
1 0.8047330 -1.5575554 -0.3702263
8 0.0360221 -0.7325444 0.0095712
5
-114.646     ts77     dynamics     sesquiterpene     TS     runpoint      18     runisomer      243
6 -0.0907547 0.7421083 0.0163623
1 -0.6446233 1.0563155 0.9775934
1 -0.1484486 1.1776103 -1.0097172
1 0.7394158 -1.5963587 -0.3803318
8 0.0434988 -0.7340131 0.0137067
5
-114.651     ts77     dynamics     sesquiterpene     TS     runpoint      19     runisomer      243
6 -0.0938849 0.7443470 0.0068641
1 -0.6523255 1.0261778 0.9408547
1 -0.1417194 1.2100353 -0.9258459
1 0.6510973 -1.5823503 -0.3797433
8 0.0514709 -0.7367191 0.0178254
5
-114.664     ts77     dynamics     sesquiterpene     TS     runpoint      20     runisomer      243
6 -0.0961861 0.7432802 -0.0011851
1 -0.6537131 0.9928936 0.8899879
1 -0.1369573 1.2497625 -0.8539277
1 0.5457303 -1.5186276 -0.3714640
8 0.0596214 -0.7403391 0.0220148
5
-114.675     ts77     dynamics     sesquiterpene     TS     runpoint      21     runisomer      243
6 -0.0973560 0.7375234 -0.0065690
1 -0.6547099 0.9599082 0.8368893
1 -0.1335921 1.3071866 -0.8179437
1 0.4390143 -1.4262788 -0.3671577
8 0.0670709 -0.7433782 0.0268607
5
-114.666     ts77     dynamics     sesquiterpene     TS     runpoint      22     runisomer      243
6 -0.0969726 0.7266260 -0.0102576
1 -0.6643723 0.9312790 0.7973680
1 -0.1298370 1.3817532 -0.8194189
1 0.3655440 -1.3682114 -0.4044268
8 0.0717822 -0.7417554 0.0345594
