5
-114.654160 ts77 dynamics sesquiterpene TS runpoint 1  runisomer  114
6 -0.0349627 0.6301641 -0.0054237
1 -0.2847971 1.0740683 0.9975340
1 -0.2057437 1.0485406 -0.9181419
1 1.0028500 -0.0866872 -0.0554937
8 -0.0340049 -0.7381341 0.0025631
5
-114.646 ts77 dynamics sesquiterpene TS runpoint 2  runisomer  114
6 -0.0348525 0.619658 -0.00272808
1 -0.279216 1.11381 1.04926
1 -0.171593 1.02516 -0.955041
1 0.951027 -0.0409838 -0.0781982
8 -0.0333259 -0.734163 0.00103676
5
-114.642     ts77     dynamics     sesquiterpene     TS     runpoint      3     runisomer      114
6 -0.0347111 0.6098470 0.0028217
1 -0.2696997 1.1485702 1.0750753
1 -0.1444495 1.0165173 -1.0028856
1 0.9121169 0.0100354 -0.0989042
8 -0.0332910 -0.7316629 -0.0004333
5
-114.636     ts77     dynamics     sesquiterpene     TS     runpoint      4     runisomer      114
6 -0.0352437 0.6020044 0.0101176
1 -0.2558812 1.1744119 1.0704483
1 -0.1238628 1.0174160 -1.0459887
1 0.9022880 0.0678312 -0.1178433
8 -0.0344402 -0.7311063 -0.0017048
5
-114.632     ts77     dynamics     sesquiterpene     TS     runpoint      5     runisomer      114
6 -0.0367057 0.5967576 0.0179778
1 -0.2383771 1.1893573 1.0357819
1 -0.1103397 1.0236685 -1.0725271
1 0.9312626 0.1352578 -0.1351543
8 -0.0371243 -0.7327546 -0.0026535
5
-114.639     ts77     dynamics     sesquiterpene     TS     runpoint      6     runisomer      114
6 -0.0384096 0.5938057 0.0252455
1 -0.2187775 1.1936043 0.9759706
1 -0.1049854 1.0326124 -1.0764009
1 0.9955180 0.2176712 -0.1495912
8 -0.0414671 -0.7365645 -0.0031832
5
-114.655     ts77     dynamics     sesquiterpene     TS     runpoint      7     runisomer      114
6 -0.0388334 0.5921532 0.0305553
1 -0.1999619 1.1908677 0.9020536
1 -0.1089005 1.0425347 -1.0561836
1 1.0797662 0.3195904 -0.1584452
8 -0.0473971 -0.7422005 -0.0032234
5
-114.668     ts77     dynamics     sesquiterpene     TS     runpoint      8     runisomer      114
6 -0.0363334 0.5904959 0.0322563
1 -0.1862936 1.1902284 0.8330655
1 -0.1227086 1.0522482 -1.0144281
1 1.1658226 0.4401904 -0.1592304
8 -0.0546860 -0.7491299 -0.0027325
5
-114.672     ts77     dynamics     sesquiterpene     TS     runpoint      9     runisomer      114
6 -0.0297241 0.5875207 0.0289492
1 -0.1826907 1.2042448 0.7916812
1 -0.1464233 1.0613277 -0.9582412
1 1.2394871 0.5735796 -0.1510269
8 -0.0630184 -0.7567595 -0.0017008
5
-114.672     ts77     dynamics     sesquiterpene     TS     runpoint      10     runisomer      114
6 -0.0185173 0.5827008 0.0209126
1 -0.1915988 1.2374249 0.7883131
1 -0.1799077 1.0710631 -0.9002537
1 1.2921118 0.7118702 -0.1345213
8 -0.0720697 -0.7645631 -0.0001529
5
-114.673     ts77     dynamics     sesquiterpene     TS     runpoint      11     runisomer      114
6 -0.0028769 0.5768232 0.0105843
1 -0.2107597 1.2782714 0.8128534
1 -0.2237255 1.0848776 -0.8566154
1 1.3192796 0.8472757 -0.1114181
8 -0.0815468 -0.7721307 0.0018450
5
-114.671     ts77     dynamics     sesquiterpene     TS     runpoint      12     runisomer      114
6 0.0166646 0.5712599 0.0006181
1 -0.2352770 1.3102007 0.8483166
1 -0.2787560 1.1053383 -0.8384047
1 1.3191138 0.9727560 -0.0838612
8 -0.0911849 -0.7791668 0.0042039
5
-114.667     ts77     dynamics     sesquiterpene     TS     runpoint      13     runisomer      114
6 0.0392782 0.5674966 -0.0078533
1 -0.2604795 1.3219966 0.8822172
1 -0.3432334 1.1290512 -0.8431073
1 1.2913103 1.0820145 -0.0540049
8 -0.1007472 -0.7854673 0.0068390
5
-114.663     ts77     dynamics     sesquiterpene     TS     runpoint      14     runisomer      114
6 0.0639234 0.5669715 -0.0150798
1 -0.2831482 1.3088035 0.9075609
1 -0.4116799 1.1475633 -0.8582158
1 1.2366062 1.1694303 -0.0234949
8 -0.1100484 -0.7909173 0.0096942
5
-114.661     ts77     dynamics     sesquiterpene     TS     runpoint      15     runisomer      114
6 0.0893393 0.5704717 -0.0230077
1 -0.2994464 1.2693133 0.9225111
1 -0.4789539 1.1573471 -0.8692848
1 1.1566097 1.2293775 0.0116063
8 -0.1188092 -0.7954489 0.0131858
5
-114.663     ts77     dynamics     sesquiterpene     TS     runpoint      16     runisomer      114
6 0.1145605 0.5784737 -0.0303488
1 -0.3138818 1.2049328 0.9225736
1 -0.5380042 1.1500850 -0.8696804
1 1.0608011 1.2602610 0.0421941
8 -0.1270632 -0.7988847 0.0167873
5
-114.667     ts77     dynamics     sesquiterpene     TS     runpoint      17     runisomer      114
6 0.1377749 0.5901647 -0.0375682
1 -0.3282904 1.1190596 0.9092576
1 -0.5842885 1.1265583 -0.8551862
1 0.9638067 1.2644148 0.0669515
8 -0.1345418 -0.8010251 0.0205689
5
-114.654160 ts77 dynamics sesquiterpene TS runpoint 1  runisomer  114
6 -0.0349627 0.6301641 -0.0054237
1 -0.2847971 1.0740683 0.9975340
1 -0.2057437 1.0485406 -0.9181419
1 1.0028500 -0.0866872 -0.0554937
8 -0.0340049 -0.7381341 0.0025631
5
-114.646 ts77 dynamics sesquiterpene TS runpoint 2  runisomer  114
6 -0.0343309 0.640009 -0.00517052
1 -0.288492 1.03598 0.932206
1 -0.24742 1.08946 -0.903152
1 1.05206 -0.128744 -0.0311043
8 -0.0347209 -0.743048 0.00400838
5
-114.645     ts77     dynamics     sesquiterpene     TS     runpoint      3     runisomer      114
6 -0.0324635 0.6482048 -0.0039622
1 -0.2953569 1.0097362 0.8767704
1 -0.2948707 1.1440208 -0.9073712
1 1.0870277 -0.1696162 -0.0057186
8 -0.0349025 -0.7484057 0.0052602
5
-114.638     ts77     dynamics     sesquiterpene     TS     runpoint      4     runisomer      114
6 -0.0291780 0.6543030 -0.0050383
1 -0.3127619 1.0062441 0.8595466
1 -0.3435534 1.2028487 -0.9185166
1 1.1002028 -0.2129664 0.0198799
8 -0.0340349 -0.7537360 0.0062417
5
-114.634     ts77     dynamics     sesquiterpene     TS     runpoint      5     runisomer      114
6 -0.0249971 0.6587944 -0.0098717
1 -0.3429721 1.0272318 0.8880112
1 -0.3883981 1.2562295 -0.9251109
1 1.0873420 -0.2641418 0.0449593
8 -0.0316328 -0.7585668 0.0069104
5
-114.643     ts77     dynamics     sesquiterpene     TS     runpoint      6     runisomer      114
6 -0.0213464 0.6631120 -0.0171084
1 -0.3785274 1.0623539 0.9403088
1 -0.4256496 1.2970185 -0.9207068
1 1.0469630 -0.3304046 0.0689708
8 -0.0272408 -0.7624147 0.0072529
5
-114.655     ts77     dynamics     sesquiterpene     TS     runpoint      7     runisomer      114
6 -0.0197912 0.6686851 -0.0247818
1 -0.4097789 1.0996000 0.9909008
1 -0.4532552 1.3209553 -0.9032518
1 0.9812903 -0.4197951 0.0918113
8 -0.0205616 -0.7648195 0.0072835
5
-114.666     ts77     dynamics     sesquiterpene     TS     runpoint      8     runisomer      114
6 -0.0213679 0.6763212 -0.0315650
1 -0.4303460 1.1311473 1.0244889
1 -0.4707429 1.3264483 -0.8739803
1 0.9020140 -0.5364779 0.1144817
8 -0.0119870 -0.7655320 0.0069841
5
-114.673     ts77     dynamics     sesquiterpene     TS     runpoint      9     runisomer      114
6 -0.0262951 0.6859982 -0.0365763
1 -0.4370665 1.1528787 1.0343810
1 -0.4793785 1.3146799 -0.8372780
1 0.8453124 -0.6743412 0.1414719
8 -0.0037513 -0.7647347 0.0061076
5
-114.67     ts77     dynamics     sesquiterpene     TS     runpoint      10     runisomer      114
6 -0.0339174 0.6968163 -0.0389537
1 -0.4289581 1.1629440 1.0189845
1 -0.4828603 1.2900826 -0.8014558
1 0.8662440 -0.8254370 0.1827259
8 0.0003563 -0.7624169 0.0040065
5
-114.687     ts77     dynamics     sesquiterpene     TS     runpoint      11     runisomer      114
6 -0.0429680 0.7073644 -0.0377325
1 -0.4067261 1.1612584 0.9805684
1 -0.4877060 1.2603571 -0.7790086
1 0.9387478 -0.9896074 0.2361128
8 0.0014817 -0.7580094 0.0007341
5
-114.699     ts77     dynamics     sesquiterpene     TS     runpoint      12     runisomer      114
6 -0.0520891 0.7163061 -0.0323503
1 -0.3728837 1.1501064 0.9264344
1 -0.5009801 1.2334568 -0.7827061
1 0.9980864 -1.1497590 0.2872363
8 0.0032897 -0.7522310 -0.0028810
5
-114.687     ts77     dynamics     sesquiterpene     TS     runpoint      13     runisomer      114
6 -0.0603051 0.7227177 -0.0237537
1 -0.3325968 1.1358194 0.8721584
1 -0.5247531 1.2112611 -0.8162628
1 1.0182435 -1.2874593 0.3278048
8 0.0071433 -0.7460683 -0.0063513
5
-114.669     ts77     dynamics     sesquiterpene     TS     runpoint      14     runisomer      114
6 -0.0671575 0.7259396 -0.0149508
1 -0.2938312 1.1301586 0.8433691
1 -0.5537815 1.1883177 -0.8695978
1 0.9959338 -1.3918685 0.3552716
8 0.0130759 -0.7401055 -0.0095106
5
-114.652     ts77     dynamics     sesquiterpene     TS     runpoint      15     runisomer      114
6 -0.0726243 0.7254642 -0.0092523
1 -0.2627817 1.1447785 0.8625881
1 -0.5803206 1.1581844 -0.9261684
1 0.9343937 -1.4568425 0.3693196
8 0.0207698 -0.7346794 -0.0123176
5
-114.652     ts77     dynamics     sesquiterpene     TS     runpoint      16     runisomer      114
6 -0.0771842 0.7216967 -0.0072693
1 -0.2378889 1.1781488 0.9227168
1 -0.5988580 1.1177560 -0.9718165
1 0.8378623 -1.4779650 0.3702474
8 0.0298729 -0.7300786 -0.0147761
5
-114.667     ts77     dynamics     sesquiterpene     TS     runpoint      17     runisomer      114
6 -0.0813673 0.7157814 -0.0072831
1 -0.2144704 1.2175124 0.9943413
1 -0.6070174 1.0672509 -0.9976775
1 0.7119636 -1.4528394 0.3592764
8 0.0399827 -0.7265238 -0.0169572
5
-114.682     ts77     dynamics     sesquiterpene     TS     runpoint      18     runisomer      114
6 -0.0853710 0.7085573 -0.0075641
1 -0.1904483 1.2512879 1.0526408
1 -0.6048521 1.0092310 -0.9998894
1 0.5701713 -1.3888202 0.3424270
8 0.0502718 -0.7236129 -0.0192179
5
-114.682     ts77     dynamics     sesquiterpene     TS     runpoint      19     runisomer      114
6 -0.0891506 0.7002852 -0.0069860
1 -0.1659605 1.2727757 1.0842673
1 -0.5943886 0.9480215 -0.9794288
1 0.4493389 -1.3277957 0.3444114
8 0.0585197 -0.7187519 -0.0230580
5
-114.649     ts77     dynamics     sesquiterpene     TS     runpoint      20     runisomer      114
6 -0.0924840 0.6909467 -0.0046348
1 -0.1419226 1.2789007 1.0837720
1 -0.5799302 0.8893981 -0.9428727
1 0.3991126 -1.3520255 0.4183705
8 0.0617603 -0.7069141 -0.0317538
