5
-114.654160 ts77 dynamics sesquiterpene TS runpoint 1  runisomer  226
6 -0.0132956 0.6069346 0.0033807
1 -0.4032490 1.1577952 0.9413838
1 -0.2672627 1.0768423 -0.8903038
1 0.9351546 -0.0909173 -0.1148270
8 -0.0346549 -0.7274994 0.0014797
5
-114.644 ts77 dynamics sesquiterpene TS runpoint 2  runisomer  226
6 -0.00559203 0.60447 0.00572952
1 -0.431267 1.15859 0.930601
1 -0.292871 1.15811 -0.933432
1 0.89664 -0.0735944 -0.131534
8 -0.0346287 -0.731912 0.00416715
5
-114.641     ts77     dynamics     sesquiterpene     TS     runpoint      3     runisomer      226
6 -0.0007707 0.6057083 0.0086181
1 -0.4477663 1.1502539 0.9083429
1 -0.3140858 1.2329774 -0.9704147
1 0.8894826 -0.0580898 -0.1492135
8 -0.0354188 -0.7380110 0.0068466
5
-114.634     ts77     dynamics     sesquiterpene     TS     runpoint      4     runisomer      226
6 0.0006846 0.6108970 0.0109467
1 -0.4526662 1.1342034 0.8784732
1 -0.3267162 1.2914637 -0.9902803
1 0.9172238 -0.0433149 -0.1686122
8 -0.0371547 -0.7455096 0.0094559
5
-114.632     ts77     dynamics     sesquiterpene     TS     runpoint      5     runisomer      226
6 -0.0005688 0.6190817 0.0117582
1 -0.4481610 1.1143633 0.8483225
1 -0.3291411 1.3285601 -0.9892622
1 0.9713040 -0.0242668 -0.1881705
8 -0.0397532 -0.7539392 0.0119157
5
-114.633     ts77     dynamics     sesquiterpene     TS     runpoint      6     runisomer      226
6 -0.0031389 0.6286358 0.0099778
1 -0.4385520 1.0968025 0.8284945
1 -0.3212313 1.3421368 -0.9671218
1 1.0375238 0.0065395 -0.2047307
8 -0.0431014 -0.7627975 0.0141498
5
-114.634     ts77     dynamics     sesquiterpene     TS     runpoint      7     runisomer      226
6 -0.0055013 0.6378824 0.0047180
1 -0.4282043 1.0873854 0.8294876
1 -0.3039753 1.3321185 -0.9260965
1 1.1032538 0.0567000 -0.2151188
8 -0.0472093 -0.7716720 0.0161041
5
-114.641     ts77     dynamics     sesquiterpene     TS     runpoint      8     runisomer      226
6 -0.0064999 0.6455332 -0.0039634
1 -0.4178675 1.0878141 0.8547308
1 -0.2798845 1.3012517 -0.8720560
1 1.1599010 0.1319810 -0.2170349
8 -0.0521973 -0.7802391 0.0177429
5
-114.651     ts77     dynamics     sesquiterpene     TS     runpoint      9     runisomer      226
6 -0.0054038 0.6506499 -0.0144423
1 -0.4037609 1.0944369 0.8969222
1 -0.2541911 1.2577092 -0.8177290
1 1.2017293 0.2346457 -0.2091268
8 -0.0581619 -0.7882218 0.0190262
5
-114.659     ts77     dynamics     sesquiterpene     TS     runpoint      10     runisomer      226
6 -0.0014961 0.6521524 -0.0236857
1 -0.3812207 1.1016243 0.9428061
1 -0.2360069 1.2177977 -0.7857233
1 1.2242598 0.3628093 -0.1908257
8 -0.0650789 -0.7953642 0.0199011
5
-114.661     ts77     dynamics     sesquiterpene     TS     runpoint      11     runisomer      226
6 0.0059840 0.6490614 -0.0285830
1 -0.3480633 1.1050774 0.9799637
1 -0.2356219 1.1994435 -0.7998035
1 1.2243176 0.5110032 -0.1623701
8 -0.0728074 -0.8014456 0.0203286
5
-114.672     ts77     dynamics     sesquiterpene     TS     runpoint      12     runisomer      226
6 0.0170905 0.6420420 -0.0284596
1 -0.3052647 1.1025778 1.0001589
1 -0.2557888 1.2025440 -0.8584786
1 1.2015377 0.6711133 -0.1250272
8 -0.0811292 -0.8063087 0.0203092
5
-114.69     ts77     dynamics     sesquiterpene     TS     runpoint      13     runisomer      226
6 0.0309000 0.6332157 -0.0251556
1 -0.2564681 1.0935225 1.0000286
1 -0.2901014 1.2101366 -0.9346449
1 1.1599314 0.8337532 -0.0813341
8 -0.0897786 -0.8098455 0.0198849
5
-114.654160 ts77 dynamics sesquiterpene TS runpoint 1  runisomer  226
6 -0.0132956 0.6069346 0.0033807
1 -0.4032490 1.1577952 0.9413838
1 -0.2672627 1.0768423 -0.8903038
1 0.9351546 -0.0909173 -0.1148270
8 -0.0346549 -0.7274994 0.0014797
5
-114.644 ts77 dynamics sesquiterpene TS runpoint 2  runisomer  226
6 -0.0224102 0.611642 0.003321
1 -0.365654 1.14877 0.939838
1 -0.244898 1.00552 -0.863894
1 0.991218 -0.108589 -0.0972899
8 -0.0351273 -0.724855 -0.00114723
5
-114.639     ts77     dynamics     sesquiterpene     TS     runpoint      3     runisomer      226
6 -0.0312063 0.6167734 0.0074164
1 -0.3219798 1.1346565 0.9283933
1 -0.2337741 0.9605424 -0.8817020
1 1.0485648 -0.1247365 -0.0776723
8 -0.0355930 -0.7239648 -0.0036128
5
-114.636     ts77     dynamics     sesquiterpene     TS     runpoint      4     runisomer      226
6 -0.0386533 0.6214773 0.0150152
1 -0.2769570 1.1210200 0.9138821
1 -0.2344318 0.9444429 -0.9451168
1 1.0943381 -0.1379910 -0.0557135
8 -0.0356842 -0.7247869 -0.0057887
5
-114.637     ts77     dynamics     sesquiterpene     TS     runpoint      5     runisomer      226
6 -0.0444673 0.6256867 0.0226333
1 -0.2355412 1.1152850 0.9071563
1 -0.2409688 0.9481656 -1.0249896
1 1.1204488 -0.1477125 -0.0318101
8 -0.0351633 -0.7272076 -0.0075556
5
-114.633     ts77     dynamics     sesquiterpene     TS     runpoint      6     runisomer      226
6 -0.0486394 0.6293106 0.0270616
1 -0.2009306 1.1234872 0.9174607
1 -0.2484141 0.9634021 -1.0928966
1 1.1226990 -0.1542734 -0.0067035
8 -0.0338841 -0.7309919 -0.0088330
5
-114.627     ts77     dynamics     sesquiterpene     TS     runpoint      7     runisomer      226
6 -0.0513959 0.6324584 0.0270492
1 -0.1733365 1.1456631 0.9442109
1 -0.2543073 0.9851648 -1.1330818
1 1.0998605 -0.1593449 0.0186482
8 -0.0317416 -0.7358039 -0.0095761
5
-114.626     ts77     dynamics     sesquiterpene     TS     runpoint      8     runisomer      226
6 -0.0531968 0.6356701 0.0229995
1 -0.1512263 1.1756574 0.9767841
1 -0.2575987 1.0102903 -1.1390293
1 1.0534564 -0.1661642 0.0432042
8 -0.0286508 -0.7412593 -0.0097647
5
-114.632     ts77     dynamics     sesquiterpene     TS     runpoint      9     runisomer      226
6 -0.0546699 0.6397010 0.0159649
1 -0.1331103 1.2055400 1.0024541
1 -0.2579172 1.0364802 -1.1096962
1 0.9883171 -0.1797991 0.0660912
8 -0.0245613 -0.7469591 -0.0093966
5
-114.641     ts77     dynamics     sesquiterpene     TS     runpoint      10     runisomer      226
6 -0.0565880 0.6452825 0.0070560
1 -0.1179913 1.2289903 1.0121903
1 -0.2554901 1.0623128 -1.0487148
1 0.9137596 -0.2071288 0.0870878
8 -0.0195278 -0.7525315 -0.0084941
5
-114.651     ts77     dynamics     sesquiterpene     TS     runpoint      11     runisomer      226
6 -0.0597466 0.6529433 -0.0024994
1 -0.1050799 1.2421053 1.0018764
1 -0.2516729 1.0883298 -0.9665134
1 0.8449063 -0.2552950 0.1074033
8 -0.0138721 -0.7577118 -0.0071369
5
-114.658     ts77     dynamics     sesquiterpene     TS     runpoint      12     runisomer      226
6 -0.0645947 0.6625789 -0.0110007
1 -0.0935978 1.2432985 0.9720754
1 -0.2499971 1.1195052 -0.8841697
1 0.8035664 -0.3269026 0.1306318
8 -0.0084578 -0.7624712 -0.0055349
5
-114.656     ts77     dynamics     sesquiterpene     TS     runpoint      13     runisomer      226
6 -0.0708708 0.6729327 -0.0163877
1 -0.0828288 1.2335455 0.9284083
1 -0.2563651 1.1665866 -0.8316533
1 0.8146387 -0.4164620 0.1628489
8 -0.0047235 -0.7669498 -0.0040835
5
-114.661     ts77     dynamics     sesquiterpene     TS     runpoint      14     runisomer      226
6 -0.0779218 0.6822136 -0.0180300
1 -0.0721689 1.2172670 0.8826553
1 -0.2747825 1.2366682 -0.8266826
1 0.8828875 -0.5210663 0.2076979
8 -0.0032452 -0.7707136 -0.0031112
5
-114.683     ts77     dynamics     sesquiterpene     TS     runpoint      15     runisomer      226
6 -0.0854457 0.6896482 -0.0182664
1 -0.0608664 1.2026259 0.8521624
1 -0.3022209 1.3190747 -0.8560086
1 0.9738520 -0.6454396 0.2591592
8 -0.0023148 -0.7727267 -0.0024098
5
-114.693     ts77     dynamics     sesquiterpene     TS     runpoint      16     runisomer      226
6 -0.0935005 0.6953618 -0.0201946
1 -0.0477584 1.1978888 0.8523713
1 -0.3322800 1.3945715 -0.8951221
1 1.0476862 -0.7867485 0.3071226
8 0.0001438 -0.7725710 -0.0015366
5
-114.685     ts77     dynamics     sesquiterpene     TS     runpoint      17     runisomer      226
6 -0.1021151 0.6998666 -0.0250360
1 -0.0319530 1.2041199 0.8839623
1 -0.3599102 1.4491993 -0.9271731
1 1.0828332 -0.9341739 0.3445097
8 0.0051371 -0.7704984 -0.0002352
5
-114.675     ts77     dynamics     sesquiterpene     TS     runpoint      18     runisomer      226
6 -0.1110994 0.7039161 -0.0319457
1 -0.0139511 1.2144090 0.9316174
1 -0.3820368 1.4759558 -0.9439262
1 1.0724682 -1.0751844 0.3677921
8 0.0127904 -0.7669868 0.0015317
5
-114.667     ts77     dynamics     sesquiterpene     TS     runpoint      19     runisomer      226
6 -0.1200881 0.7080805 -0.0393615
1 0.0045704 1.2208855 0.9766963
1 -0.3969894 1.4724359 -0.9424934
1 1.0175147 -1.1983703 0.3757264
8 0.0227716 -0.7625378 0.0036618
5
-114.664     ts77     dynamics     sesquiterpene     TS     runpoint      20     runisomer      226
6 -0.1286362 0.7124924 -0.0458686
1 0.0217261 1.2189625 1.0058866
1 -0.4042751 1.4394695 -0.9237022
1 0.9233088 -1.2942553 0.3687135
8 0.0344996 -0.7576093 0.0059589
5
-114.668     ts77     dynamics     sesquiterpene     TS     runpoint      21     runisomer      226
6 -0.1362415 0.7167707 -0.0502411
1 0.0359718 1.2073180 1.0121914
1 -0.4049638 1.3814910 -0.8926649
1 0.7998952 -1.3568833 0.3493348
8 0.0471289 -0.7524877 0.0081040
5
-114.675     ts77     dynamics     sesquiterpene     TS     runpoint      22     runisomer      226
6 -0.1423152 0.7199039 -0.0511510
1 0.0462878 1.1869520 0.9937567
1 -0.4026459 1.3082216 -0.8612668
1 0.6653958 -1.3893343 0.3245674
8 0.0593647 -0.7468956 0.0095272
5
-114.672     ts77     dynamics     sesquiterpene     TS     runpoint      23     runisomer      226
6 -0.1461952 0.7202309 -0.0470561
1 0.0524531 1.1609256 0.9537417
1 -0.4040189 1.2349083 -0.8497377
1 0.5481824 -1.4139515 0.3089516
8 0.0693608 -0.7393329 0.0092301
5
-114.659     ts77     dynamics     sesquiterpene     TS     runpoint      24     runisomer      226
6 -0.1475016 0.7161783 -0.0371879
1 0.0557287 1.1351739 0.9021329
1 -0.4156727 1.1742903 -0.8769609
1 0.4699018 -1.4647930 0.3190732
8 0.0758030 -0.7276492 0.0061525
5
-114.662     ts77     dynamics     sesquiterpene     TS     runpoint      25     runisomer      226
6 -0.1467904 0.7073296 -0.0235612
1 0.0597844 1.1197946 0.8580505
1 -0.4369093 1.1248202 -0.9387093
1 0.4176674 -1.5367790 0.3531623
8 0.0796441 -0.7123910 0.0004469
5
-114.669     ts77     dynamics     sesquiterpene     TS     runpoint      26     runisomer      226
6 -0.1453884 0.6940505 -0.0102630
1 0.0699669 1.1271425 0.8442581
1 -0.4603965 1.0771052 -1.0100090
1 0.3692803 -1.5940163 0.3970444
8 0.0824809 -0.6962802 -0.0069359
