5
-114.654160 ts77 dynamics sesquiterpene TS runpoint 1  runisomer  36
6 -0.0439528 0.6614263 0.0129595
1 -0.2515265 1.2229481 0.8972255
1 -0.1958997 1.1068166 -0.9318331
1 1.0404130 -0.0809284 -0.0595453
8 -0.0323431 -0.7750039 -0.0037909
5
-114.647 ts77 dynamics sesquiterpene TS runpoint 2  runisomer  36
6 -0.0340473 0.657164 0.0116108
1 -0.306732 1.29727 0.940192
1 -0.213205 1.1094 -0.920369
1 1.00168 -0.0640658 -0.0817761
8 -0.0327652 -0.777715 -0.00480809
5
-114.645     ts77     dynamics     sesquiterpene     TS     runpoint      3     runisomer      36
6 -0.0236159 0.6520413 0.0118041
1 -0.3568621 1.3559455 0.9696366
1 -0.2343342 1.1183301 -0.9203318
1 0.9593420 -0.0408641 -0.1011706
8 -0.0334329 -0.7795930 -0.0055887
5
-114.638     ts77     dynamics     sesquiterpene     TS     runpoint      4     runisomer      36
6 -0.0136746 0.6470394 0.0138594
1 -0.3968686 1.3911202 0.9776913
1 -0.2581550 1.1308898 -0.9282072
1 0.9248673 -0.0105245 -0.1177894
8 -0.0346972 -0.7807601 -0.0060959
5
-114.631     ts77     dynamics     sesquiterpene     TS     runpoint      5     runisomer      36
6 -0.0052772 0.6429778 0.0173420
1 -0.4234315 1.3995019 0.9627565
1 -0.2824593 1.1428172 -0.9373605
1 0.9107927 0.0278106 -0.1322623
8 -0.0369053 -0.7814087 -0.0062804
5
-114.628     ts77     dynamics     sesquiterpene     TS     runpoint      6     runisomer      36
6 0.0007515 0.6403447 0.0216020
1 -0.4344052 1.3803535 0.9264066
1 -0.3048029 1.1501155 -0.9417972
1 0.9266416 0.0761544 -0.1452220
8 -0.0403265 -0.7817334 -0.0060901
5
-114.634     ts77     dynamics     sesquiterpene     TS     runpoint      7     runisomer      36
6 0.0042365 0.6390018 0.0259055
1 -0.4289670 1.3353089 0.8729608
1 -0.3233163 1.1501634 -0.9381574
1 0.9740733 0.1391183 -0.1562554
8 -0.0451054 -0.7818572 -0.0054857
5
-114.649     ts77     dynamics     sesquiterpene     TS     runpoint      8     runisomer      36
6 0.0059508 0.6380548 0.0292762
1 -0.4089357 1.2700867 0.8114111
1 -0.3371254 1.1419891 -0.9261012
1 1.0450016 0.2230738 -0.1633564
8 -0.0512506 -0.7818113 -0.0044488
5
-114.666     ts77     dynamics     sesquiterpene     TS     runpoint      9     runisomer      36
6 0.0075935 0.6359160 0.0301848
1 -0.3815803 1.1979994 0.7596679
1 -0.3464838 1.1262141 -0.9079712
1 1.1247892 0.3320854 -0.1637446
8 -0.0586435 -0.7815379 -0.0029891
5
-114.672     ts77     dynamics     sesquiterpene     TS     runpoint      10     runisomer      36
6 0.0114614 0.6305825 0.0264967
1 -0.3610752 1.1405909 0.7461828
1 -0.3527565 1.1049037 -0.8881639
1 1.1977456 0.4646953 -0.1553277
8 -0.0670382 -0.7809315 -0.0011511
5
-114.673     ts77     dynamics     sesquiterpene     TS     runpoint      11     runisomer      36
6 0.0192803 0.6210530 0.0171117
1 -0.3581308 1.1118773 0.7905005
1 -0.3583298 1.0813046 -0.8722896
1 1.2513092 0.6143432 -0.1376257
8 -0.0761128 -0.7799146 0.0009820
5
-114.686     ts77     dynamics     sesquiterpene     TS     runpoint      12     runisomer      36
6 0.0309457 0.6087010 0.0042258
1 -0.3659713 1.1012687 0.8750336
1 -0.3662473 1.0591521 -0.8658155
1 1.2776739 0.7716758 -0.1118582
8 -0.0855330 -0.7784970 0.0032919
5
-114.696     ts77     dynamics     sesquiterpene     TS     runpoint      13     runisomer      36
6 0.0454811 0.5956674 -0.0087302
1 -0.3721320 1.0918955 0.9661747
1 -0.3790359 1.0411856 -0.8715293
1 1.2735103 0.9266129 -0.0803870
8 -0.0949807 -0.7767582 0.0056469
5
-114.691     ts77     dynamics     sesquiterpene     TS     runpoint      14     runisomer      36
6 0.0619212 0.5835950 -0.0197006
1 -0.3699123 1.0749149 1.0410243
1 -0.3971321 1.0280954 -0.8871856
1 1.2392649 1.0695475 -0.0457688
8 -0.1041566 -0.7748123 0.0079673
5
-114.681     ts77     dynamics     sesquiterpene     TS     runpoint      15     runisomer      36
6 0.0804804 0.5737180 -0.0286800
1 -0.3610544 1.0444075 1.0890304
1 -0.4227443 1.0179315 -0.9043916
1 1.1777008 1.1942780 -0.0090452
8 -0.1131463 -0.7726978 0.0104487
5
-114.672     ts77     dynamics     sesquiterpene     TS     runpoint      16     runisomer      36
6 0.0996761 0.5666762 -0.0359111
1 -0.3454425 1.0011797 1.1071599
1 -0.4514487 1.0082369 -0.9157838
1 1.0959002 1.2939068 0.0281246
8 -0.1215685 -0.7703577 0.0131077
5
-114.665     ts77     dynamics     sesquiterpene     TS     runpoint      17     runisomer      36
6 0.1182289 0.5628501 -0.0418738
1 -0.3252510 0.9465577 1.0960606
1 -0.4795484 0.9977419 -0.9158758
1 1.0027326 1.3641336 0.0640610
8 -0.1291201 -0.7678097 0.0160230
5
-114.66     ts77     dynamics     sesquiterpene     TS     runpoint      18     runisomer      36
6 0.1348115 0.5622752 -0.0468957
1 -0.3030150 0.8830050 1.0585680
1 -0.5038263 0.9860640 -0.9023118
1 0.9090133 1.4044199 0.0971840
8 -0.1355274 -0.7651773 0.0192117
5
-114.654160 ts77 dynamics sesquiterpene TS runpoint 1  runisomer  36
6 -0.0439528 0.6614263 0.0129595
1 -0.2515265 1.2229481 0.8972255
1 -0.1958997 1.1068166 -0.9318331
1 1.0404130 -0.0809284 -0.0595453
8 -0.0323431 -0.7750039 -0.0037909
5
-114.647 ts77 dynamics sesquiterpene TS runpoint 2  runisomer  36
6 -0.0524171 0.663574 0.0140586
1 -0.198435 1.1485 0.860693
1 -0.182374 1.11058 -0.952281
1 1.06707 -0.0925243 -0.0350123
8 -0.0318698 -0.771431 -0.00257089
5
-114.637     ts77     dynamics     sesquiterpene     TS     runpoint      3     runisomer      36
6 -0.0587561 0.6621770 0.0117759
1 -0.1544531 1.0951180 0.8624812
1 -0.1721367 1.1188318 -0.9746527
1 1.0764419 -0.1002909 -0.0091083
8 -0.0311210 -0.7670489 -0.0011934
5
-114.63     ts77     dynamics     sesquiterpene     TS     runpoint      4     runisomer      36
6 -0.0629205 0.6569436 0.0044131
1 -0.1206844 1.0722658 0.9176916
1 -0.1648900 1.1294388 -0.9915780
1 1.0663584 -0.1060629 0.0170349
8 -0.0299455 -0.7619871 0.0002717
5
-114.638     ts77     dynamics     sesquiterpene     TS     runpoint      5     runisomer      36
6 -0.0653594 0.6493615 -0.0060556
1 -0.0938044 1.0691202 1.0008504
1 -0.1605854 1.1409128 -0.9985196
1 1.0374123 -0.1122191 0.0422938
8 -0.0282584 -0.7564344 0.0017327
5
-114.644     ts77     dynamics     sesquiterpene     TS     runpoint      6     runisomer      36
6 -0.0665525 0.6411476 -0.0167085
1 -0.0720079 1.0726078 1.0781242
1 -0.1592690 1.1524985 -0.9942181
1 0.9929226 -0.1220954 0.0658505
8 -0.0260156 -0.7505971 0.0031012
5
-114.642     ts77     dynamics     sesquiterpene     TS     runpoint      7     runisomer      36
6 -0.0670593 0.6335620 -0.0256352
1 -0.0550101 1.0758355 1.1295256
1 -0.1610013 1.1641413 -0.9800840
1 0.9393201 -0.1403944 0.0875449
8 -0.0232213 -0.7446877 0.0043016
5
-114.638     ts77     dynamics     sesquiterpene     TS     runpoint      8     runisomer      36
6 -0.0676107 0.6276157 -0.0318238
1 -0.0427359 1.0760310 1.1466182
1 -0.1658252 1.1764244 -0.9594973
1 0.8865155 -0.1731576 0.1082400
8 -0.0199495 -0.7389471 0.0052677
5
-114.636     ts77     dynamics     sesquiterpene     TS     runpoint      9     runisomer      36
6 -0.0690263 0.6242237 -0.0347849
1 -0.0348782 1.0722576 1.1271810
1 -0.1737680 1.1903172 -0.9369345
1 0.8473304 -0.2265939 0.1300824
8 -0.0164146 -0.7336707 0.0059170
5
-114.641     ts77     dynamics     sesquiterpene     TS     runpoint      10     runisomer      36
6 -0.0719420 0.6240653 -0.0344179
1 -0.0308545 1.0646559 1.0731062
1 -0.1848592 1.2066229 -0.9168054
1 0.8353729 -0.3044685 0.1563694
8 -0.0130296 -0.7291916 0.0061248
5
-114.654     ts77     dynamics     sesquiterpene     TS     runpoint      11     runisomer      36
6 -0.0765793 0.6272637 -0.0311530
1 -0.0298236 1.0550648 0.9917777
1 -0.1990970 1.2251926 -0.9021883
1 0.8600776 -0.4069939 0.1904959
8 -0.0102769 -0.7256962 0.0057294
5
-114.675     ts77     dynamics     sesquiterpene     TS     runpoint      12     runisomer      36
6 -0.0827686 0.6331396 -0.0263694
1 -0.0304569 1.0492356 0.9009693
1 -0.2162810 1.2443480 -0.8941299
1 0.9159725 -0.5342038 0.2329573
8 -0.0080339 -0.7229266 0.0046792
5
-114.69     ts77     dynamics     sesquiterpene     TS     runpoint      13     runisomer      36
6 -0.0902278 0.6401379 -0.0228067
1 -0.0302881 1.0597690 0.8337541
1 -0.2358700 1.2611078 -0.8920021
1 0.9784987 -0.6848762 0.2787405
8 -0.0051559 -0.7204014 0.0032232
5
-114.69     ts77     dynamics     sesquiterpene     TS     runpoint      14     runisomer      36
6 -0.0987249 0.6464019 -0.0233108
1 -0.0259458 1.1012673 0.8240338
1 -0.2570942 1.2722578 -0.8946487
1 1.0206022 -0.8503999 0.3203057
8 -0.0003725 -0.7179860 0.0017613
5
-114.692     ts77     dynamics     sesquiterpene     TS     runpoint      15     runisomer      36
6 -0.1078586 0.6515337 -0.0273908
1 -0.0165131 1.1704512 0.8664791
1 -0.2791700 1.2754391 -0.9013657
1 1.0266749 -1.0165784 0.3518458
8 0.0068907 -0.7159227 0.0005829
5
-114.697     ts77     dynamics     sesquiterpene     TS     runpoint      16     runisomer      36
6 -0.1169944 0.6565554 -0.0320149
1 -0.0045700 1.2471945 0.9258684
1 -0.3013457 1.2695148 -0.9117960
1 0.9925179 -1.1689980 0.3703672
8 0.0165391 -0.7145465 -0.0002003
5
-114.69     ts77     dynamics     sesquiterpene     TS     runpoint      17     runisomer      36
6 -0.1255438 0.6622604 -0.0348337
1 0.0069776 1.3145503 0.9748844
1 -0.3228964 1.2543693 -0.9254650
1 0.9207132 -1.2957134 0.3750686
8 0.0281056 -0.7141315 -0.0006090
5
-114.679     ts77     dynamics     sesquiterpene     TS     runpoint      18     runisomer      36
6 -0.1330942 0.6688660 -0.0347073
1 0.0163029 1.3635577 1.0002242
1 -0.3432075 1.2304845 -0.9416649
1 0.8173606 -1.3878616 0.3668060
8 0.0409727 -0.7148643 -0.0007598
5
-114.671     ts77     dynamics     sesquiterpene     TS     runpoint      19     runisomer      36
6 -0.1393993 0.6762623 -0.0312199
1 0.0224832 1.3902775 0.9967636
1 -0.3618696 1.1985231 -0.9593795
1 0.6915215 -1.4409817 0.3484994
8 0.0544172 -0.7167349 -0.0008889
5
-114.671     ts77     dynamics     sesquiterpene     TS     runpoint      20     runisomer      36
6 -0.1443818 0.6841296 -0.0243993
1 0.0251928 1.3934937 0.9638178
1 -0.3786768 1.1591397 -0.9771216
1 0.5570878 -1.4601277 0.3270837
8 0.0675123 -0.7191518 -0.0014636
5
-114.673     ts77     dynamics     sesquiterpene     TS     runpoint      21     runisomer      36
6 -0.1481471 0.6919146 -0.0147051
1 0.0247108 1.3744851 0.9047003
1 -0.3935219 1.1131275 -0.9928675
1 0.4336402 -1.4689780 0.3165208
8 0.0790786 -0.7203371 -0.0033549
5
-114.67     ts77     dynamics     sesquiterpene     TS     runpoint      22     runisomer      36
6 -0.1510165 0.6987153 -0.0032367
1 0.0225527 1.3392702 0.8294019
1 -0.4062844 1.0617837 -1.0043053
1 0.3347187 -1.5033846 0.3344400
8 0.0884031 -0.7178158 -0.0076238
