5
-114.654160 ts77 dynamics sesquiterpene TS runpoint 1  runisomer  86
6 -0.0322984 0.6242170 0.0100286
1 -0.3148561 1.1071210 0.9083342
1 -0.1910836 1.0481298 -0.9244539
1 0.9747180 -0.0835134 -0.1186987
8 -0.0332607 -0.7359293 0.0009703
5
-114.649 ts77 dynamics sesquiterpene TS runpoint 2  runisomer  86
6 -0.0298227 0.636565 -0.000745081
1 -0.330086 1.06909 0.94194
1 -0.203467 1.01795 -0.874584
1 1.03852 -0.0675419 -0.101862
8 -0.0373981 -0.741902 0.0027328
5
-114.638     ts77     dynamics     sesquiterpene     TS     runpoint      3     runisomer      86
6 -0.0256284 0.6462739 -0.0076923
1 -0.3445473 1.0373649 0.9750200
1 -0.2282946 1.0165924 -0.8727102
1 1.0948317 -0.0427075 -0.0814172
8 -0.0416179 -0.7486662 0.0044551
5
-114.633     ts77     dynamics     sesquiterpene     TS     runpoint      4     runisomer      86
6 -0.0190785 0.6522553 -0.0097214
1 -0.3555998 1.0115398 0.9996538
1 -0.2675845 1.0457522 -0.9222686
1 1.1377538 -0.0016781 -0.0577106
8 -0.0460641 -0.7559489 0.0060550
5
-114.641     ts77     dynamics     sesquiterpene     TS     runpoint      5     runisomer      86
6 -0.0104257 0.6548074 -0.0089774
1 -0.3614073 0.9918802 1.0109569
1 -0.3136504 1.0911385 -0.9909742
1 1.1649761 0.0622529 -0.0315983
8 -0.0510031 -0.7635136 0.0074696
5
-114.648     ts77     dynamics     sesquiterpene     TS     runpoint      6     runisomer      86
6 -0.0001464 0.6543831 -0.0077003
1 -0.3612416 0.9790144 1.0072984
1 -0.3569786 1.1383714 -1.0485409
1 1.1760427 0.1539140 -0.0041712
8 -0.0566931 -0.7711380 0.0086435
5
-114.651     ts77     dynamics     sesquiterpene     TS     runpoint      7     runisomer      86
6 0.0114272 0.6512700 -0.0071187
1 -0.3557362 0.9736836 0.9899444
1 -0.3911899 1.1786278 -1.0794692
1 1.1712492 0.2748158 0.0232097
8 -0.0632649 -0.7786224 0.0095273
5
-114.659     ts77     dynamics     sesquiterpene     TS     runpoint      8     runisomer      86
6 0.0239703 0.6458332 -0.0078447
1 -0.3470447 0.9766072 0.9627461
1 -0.4127865 1.2069417 -1.0780928
1 1.1525279 0.4221933 0.0488732
8 -0.0706830 -0.7857983 0.0100834
5
-114.672     ts77     dynamics     sesquiterpene     TS     runpoint      9     runisomer      86
6 0.0368752 0.6386491 -0.0102521
1 -0.3386888 0.9881996 0.9315265
1 -0.4201643 1.2203668 -1.0438799
1 1.1261352 0.5891275 0.0711429
8 -0.0787642 -0.7925039 0.0102984
5
-114.686     ts77     dynamics     sesquiterpene     TS     runpoint      10     runisomer      86
6 0.0492049 0.6303664 -0.0145775
1 -0.3347516 1.0078376 0.9026614
1 -0.4133767 1.2173469 -0.9797792
1 1.1029245 0.7670429 0.0890882
8 -0.0872281 -0.7985483 0.0101933
5
-114.654160 ts77 dynamics sesquiterpene TS runpoint 1  runisomer  86
6 -0.0322984 0.6242170 0.0100286
1 -0.3148561 1.1071210 0.9083342
1 -0.1910836 1.0481298 -0.9244539
1 0.9747180 -0.0835134 -0.1186987
8 -0.0332607 -0.7359293 0.0009703
5
-114.649 ts77 dynamics sesquiterpene TS runpoint 2  runisomer  86
6 -0.0342401 0.611555 0.0210919
1 -0.301471 1.15201 0.88238
1 -0.184131 1.09135 -0.989283
1 0.913912 -0.0979894 -0.132717
8 -0.0292541 -0.73107 -0.000726623
5
-114.648     ts77     dynamics     sesquiterpene     TS     runpoint      3     runisomer      86
6 -0.0367915 0.6009256 0.0299313
1 -0.2912303 1.2024956 0.8679049
1 -0.1780235 1.1334788 -1.0426514
1 0.8698297 -0.1179187 -0.1462462
8 -0.0255921 -0.7276760 -0.0022319
5
-114.638     ts77     dynamics     sesquiterpene     TS     runpoint      4     runisomer      86
6 -0.0408244 0.5942991 0.0357617
1 -0.2837245 1.2539055 0.8628680
1 -0.1708827 1.1662331 -1.0720068
1 0.8542888 -0.1490395 -0.1624189
8 -0.0225105 -0.7260471 -0.0034211
5
-114.631     ts77     dynamics     sesquiterpene     TS     runpoint      5     runisomer      86
6 -0.0467009 0.5930599 0.0387037
1 -0.2777971 1.2994389 0.8623610
1 -0.1621683 1.1852922 -1.0730011
1 0.8699701 -0.1955866 -0.1832811
8 -0.0200130 -0.7262550 -0.0042194
5
-114.633     ts77     dynamics     sesquiterpene     TS     runpoint      6     runisomer      86
6 -0.0543125 0.5978619 0.0390881
1 -0.2725512 1.3327911 0.8621440
1 -0.1518850 1.1886585 -1.0454077
1 0.9076740 -0.2616804 -0.2083804
8 -0.0176572 -0.7280072 -0.0046505
5
-114.644     ts77     dynamics     sesquiterpene     TS     runpoint      7     runisomer      86
6 -0.0634307 0.6086918 0.0372948
1 -0.2676287 1.3498565 0.8602365
1 -0.1402351 1.1763265 -0.9922301
1 0.9510348 -0.3524208 -0.2351938
8 -0.0145935 -0.7307128 -0.0048471
5
-114.661     ts77     dynamics     sesquiterpene     TS     runpoint      8     runisomer      86
6 -0.0739303 0.6248054 0.0339443
1 -0.2630292 1.3493454 0.8571944
1 -0.1275614 1.1514659 -0.9217143
1 0.9840515 -0.4717551 -0.2605732
8 -0.0098871 -0.7336842 -0.0049857
5
-114.68     ts77     dynamics     sesquiterpene     TS     runpoint      9     runisomer      86
6 -0.0856232 0.6443746 0.0302961
1 -0.2589829 1.3329694 0.8559739
1 -0.1144798 1.1233151 -0.8523589
1 0.9962151 -0.6181856 -0.2819034
8 -0.0029608 -0.7363341 -0.0051991
5
-114.69     ts77     dynamics     sesquiterpene     TS     runpoint      10     runisomer      86
6 -0.0980732 0.6644308 0.0285351
1 -0.2560692 1.3051936 0.8614842
1 -0.1015068 1.1090030 -0.8161980
1 0.9839216 -0.7834109 -0.2977864
8 0.0061522 -0.7383180 -0.0055035
5
-114.693     ts77     dynamics     sesquiterpene     TS     runpoint      11     runisomer      86
6 -0.1107439 0.6820897 0.0302884
1 -0.2551290 1.2720512 0.8794204
1 -0.0878199 1.1232309 -0.8399092
1 0.9496265 -0.9555114 -0.3083252
8 0.0168965 -0.7395303 -0.0057928
5
-114.701     ts77     dynamics     sesquiterpene     TS     runpoint      12     runisomer      86
6 -0.1231003 0.6964579 0.0338775
1 -0.2566797 1.2388101 0.9137611
1 -0.0724336 1.1602799 -0.9093225
1 0.8988972 -1.1229002 -0.3146259
8 0.0284913 -0.7400015 -0.0058809
5
-114.706     ts77     dynamics     sesquiterpene     TS     runpoint      13     runisomer      86
6 -0.1345936 0.7080493 0.0361926
1 -0.2601967 1.2073371 0.9629748
1 -0.0564957 1.2039500 -0.9874289
1 0.8360340 -1.2756790 -0.3175843
8 0.0402915 -0.7398399 -0.0056122
5
-114.696     ts77     dynamics     sesquiterpene     TS     runpoint      14     runisomer      86
6 -0.1448405 0.7174670 0.0356049
1 -0.2641361 1.1758802 1.0186977
1 -0.0419256 1.2430429 -1.0474499
1 0.7625635 -1.4048996 -0.3173687
8 0.0519382 -0.7392447 -0.0049146
5
-114.676     ts77     dynamics     sesquiterpene     TS     runpoint      15     runisomer      86
6 -0.1536749 0.7250660 0.0319632
1 -0.2667353 1.1417150 1.0693735
1 -0.0300828 1.2722518 -1.0764271
1 0.6792961 -1.5029556 -0.3141697
8 0.0632286 -0.7384556 -0.0037530
5
-114.658     ts77     dynamics     sesquiterpene     TS     runpoint      16     runisomer      86
6 -0.1610866 0.7309424 0.0257278
1 -0.2667206 1.1033954 1.1048908
1 -0.0216412 1.2894578 -1.0697348
1 0.5880620 -1.5652827 -0.3090875
8 0.0740044 -0.7376079 -0.0020566
5
-114.65     ts77     dynamics     sesquiterpene     TS     runpoint      17     runisomer      86
6 -0.1671738 0.7349668 0.0175054
1 -0.2635464 1.0612279 1.1188341
1 -0.0167243 1.2943444 -1.0278620
1 0.4919319 -1.5921557 -0.3046784
8 0.0841163 -0.7365865 0.0003152
5
-114.651     ts77     dynamics     sesquiterpene     TS     runpoint      18     runisomer      86
6 -0.1721330 0.7367616 0.0080255
1 -0.2573496 1.0169504 1.1089768
1 -0.0147578 1.2887057 -0.9565982
1 0.3948799 -1.5907726 -0.3055270
8 0.0934354 -0.7348770 0.0036088
5
-114.658     ts77     dynamics     sesquiterpene     TS     runpoint      19     runisomer      86
6 -0.1763018 0.7355421 -0.0016025
1 -0.2488264 0.9734138 1.0776973
1 -0.0137062 1.2786999 -0.8703309
1 0.3006438 -1.5763933 -0.3187911
8 0.1018947 -0.7314955 0.0082019
5
-114.661     ts77     dynamics     sesquiterpene     TS     runpoint      20     runisomer      86
6 -0.1802441 0.7298857 -0.0096955
1 -0.2390815 0.9343889 1.0330309
1 -0.0087756 1.2783160 -0.7956029
1 0.2095735 -1.5662131 -0.3526979
8 0.1096640 -0.7254126 0.0145135
5
-114.659     ts77     dynamics     sesquiterpene     TS     runpoint      21     runisomer      86
6 -0.1846787 0.7181053 -0.0148866
1 -0.2294492 0.9042994 0.9896156
1 0.0068116 1.3059052 -0.7615464
1 0.1168831 -1.5632023 -0.4103486
8 0.1172402 -0.7166089 0.0226285
5
-114.666     ts77     dynamics     sesquiterpene     TS     runpoint      22     runisomer      86
6 -0.1899342 0.7000756 -0.0183968
1 -0.2210559 0.8876128 0.9659831
1 0.0350260 1.3633695 -0.7702154
1 0.0182889 -1.5517358 -0.4848845
8 0.1250858 -0.7063769 0.0319923
5
-114.68     ts77     dynamics     sesquiterpene     TS     runpoint      23     runisomer      86
6 -0.1957347 0.6778324 -0.0230177
1 -0.2142264 0.8872799 0.9732566
1 0.0701908 1.4303222 -0.7971080
1 -0.0847160 -1.5139744 -0.5637443
8 0.1332799 -0.6962681 0.0416616
5
-114.689     ts77     dynamics     sesquiterpene     TS     runpoint      24     runisomer      86
6 -0.2017381 0.6538834 -0.0296821
1 -0.2085709 0.9026185 1.0041650
1 0.1056877 1.4855967 -0.8207714
1 -0.1862111 -1.4410520 -0.6347203
8 0.1415836 -0.6873472 0.0506755
5
-114.691     ts77     dynamics     sesquiterpene     TS     runpoint      25     runisomer      86
6 -0.2077423 0.6303848 -0.0373617
1 -0.2038410 0.9294744 1.0399910
1 0.1374125 1.5169006 -0.8310795
1 -0.2787857 -1.3333612 -0.6884360
8 0.1496229 -0.6801702 0.0582131
5
-114.688     ts77     dynamics     sesquiterpene     TS     runpoint      26     runisomer      86
6 -0.2136166 0.6091354 -0.0445871
1 -0.2003232 0.9625778 1.0642077
1 0.1632481 1.5188320 -0.8250922
1 -0.3554782 -1.1980571 -0.7189795
8 0.1570116 -0.6749627 0.0636533
5
-114.684     ts77     dynamics     sesquiterpene     TS     runpoint      27     runisomer      86
6 -0.2192414 0.5916802 -0.0501745
1 -0.1987381 0.9973117 1.0674289
1 0.1821270 1.4900114 -0.8034863
1 -0.4113080 -1.0471723 -0.7245943
8 0.1634586 -0.6717501 0.0666326
5
-114.682     ts77     dynamics     sesquiterpene     TS     runpoint      28     runisomer      86
6 -0.2244906 0.5793103 -0.0532764
1 -0.2001314 1.0302603 1.0465274
1 0.1937571 1.4320378 -0.7693520
1 -0.4451506 -0.8959481 -0.7089275
8 0.1688842 -0.6704242 0.0671372
5
-114.681     ts77     dynamics     sesquiterpene     TS     runpoint      29     runisomer      86
6 -0.2292789 0.5728481 -0.0532303
1 -0.2058230 1.0593225 1.0032118
1 0.1992244 1.3504198 -0.7288654
1 -0.4615977 -0.7602153 -0.6820105
8 0.1735254 -0.6708197 0.0655832
5
-114.677     ts77     dynamics     sesquiterpene     TS     runpoint      30     runisomer      86
6 -0.2336895 0.5722434 -0.0494009
1 -0.2172667 1.0840349 0.9437576
1 0.2028073 1.2571280 -0.6935288
1 -0.4705170 -0.6526674 -0.6583938
8 0.1778896 -0.6728249 0.0627402
5
-114.665     ts77     dynamics     sesquiterpene     TS     runpoint      31     runisomer      86
6 -0.2381852 0.5762410 -0.0411591
1 -0.2357225 1.1065315 0.8796803
1 0.2140941 1.1716323 -0.6818631
1 -0.4817712 -0.5801937 -0.6504791
8 0.1824217 -0.6764249 0.0593584
5
-114.652     ts77     dynamics     sesquiterpene     TS     runpoint      32     runisomer      86
6 -0.2433269 0.5829520 -0.0286181
1 -0.2618863 1.1328141 0.8276367
1 0.2437356 1.1111702 -0.7115334
1 -0.4985703 -0.5444171 -0.6616152
8 0.1871178 -0.6815641 0.0557975
5
-114.649     ts77     dynamics     sesquiterpene     TS     runpoint      33     runisomer      86
6 -0.2486691 0.5912944 -0.0139182
1 -0.2956658 1.1714513 0.8043255
1 0.2892456 1.0745252 -0.7791712
1 -0.5166148 -0.5436466 -0.6861020
8 0.1915227 -0.6880004 0.0520416
5
-114.657     ts77     dynamics     sesquiterpene     TS     runpoint      34     runisomer      86
6 -0.2528422 0.6011436 -0.0000083
1 -0.3358519 1.2259904 0.8146817
1 0.3353507 1.0498307 -0.8614854
1 -0.5279620 -0.5744928 -0.7141457
8 0.1949952 -0.6953299 0.0479065
5
-114.662     ts77     dynamics     sesquiterpene     TS     runpoint      35     runisomer      86
6 -0.2548284 0.6128349 0.0117050
1 -0.3793787 1.2888291 0.8471810
1 0.3685797 1.0297901 -0.9363294
1 -0.5246817 -0.6332808 -0.7363041
8 0.1969267 -0.7030967 0.0431836
5
-114.662     ts77     dynamics     sesquiterpene     TS     runpoint      36     runisomer      86
6 -0.2542975 0.6267485 0.0211645
1 -0.4217407 1.3470145 0.8847467
1 0.3819511 1.0125431 -0.9904110
1 -0.5012329 -0.7163772 -0.7459314
8 0.1968780 -0.7108826 0.0377347
5
-114.661     ts77     dynamics     sesquiterpene     TS     runpoint      37     runisomer      86
6 -0.2513033 0.6428996 0.0285943
1 -0.4586760 1.3900361 0.9145243
1 0.3729473 0.9985758 -1.0170751
1 -0.4564361 -0.8191992 -0.7406377
8 0.1947027 -0.7183552 0.0316325
5
-114.664     ts77     dynamics     sesquiterpene     TS     runpoint      38     runisomer      86
6 -0.2460456 0.6608367 0.0340421
1 -0.4872196 1.4118450 0.9294289
1 0.3415083 0.9891355 -1.0135961
1 -0.3951482 -0.9358365 -0.7238409
8 0.1906765 -0.7252449 0.0253301
5
-114.672     ts77     dynamics     sesquiterpene     TS     runpoint      39     runisomer      86
6 -0.2388262 0.6797437 0.0374094
1 -0.5058930 1.4100844 0.9268417
1 0.2894370 0.9859056 -0.9804739
1 -0.3277356 -1.0609346 -0.7050415
8 0.1854706 -0.7312357 0.0196961
5
-114.682     ts77     dynamics     sesquiterpene     TS     runpoint      40     runisomer      86
6 -0.2300906 0.6985276 0.0387121
1 -0.5147724 1.3854926 0.9079455
1 0.2211804 0.9914109 -0.9233440
1 -0.2637825 -1.1908296 -0.6934521
8 0.1797488 -0.7359441 0.0155796
5
-114.69     ts77     dynamics     sesquiterpene     TS     runpoint      41     runisomer      86
6 -0.2205358 0.7157572 0.0385480
1 -0.5158859 1.3422736 0.8784478
1 0.1456577 1.0102496 -0.8581967
1 -0.2045884 -1.3185141 -0.6874906
8 0.1736800 -0.7392912 0.0130821
5
-114.686     ts77     dynamics     sesquiterpene     TS     runpoint      42     runisomer      86
6 -0.2110317 0.7294397 0.0384165
1 -0.5139028 1.2888707 0.8502631
1 0.0764189 1.0508886 -0.8162189
1 -0.1466017 -1.4308730 -0.6774222
8 0.1671342 -0.7416749 0.0116779
5
-114.669     ts77     dynamics     sesquiterpene     TS     runpoint      43     runisomer      86
6 -0.2018343 0.7373716 0.0393408
1 -0.5161680 1.2368783 0.8413669
1 0.0225495 1.1221118 -0.8273603
1 -0.0881786 -1.5148530 -0.6558201
8 0.1600895 -0.7435482 0.0108876
5
-114.663     ts77     dynamics     sesquiterpene     TS     runpoint      44     runisomer      86
6 -0.1919744 0.7389283 0.0393127
1 -0.5294171 1.1945790 0.8668547
1 -0.0216799 1.2183600 -0.8816175
1 -0.0304452 -1.5623802 -0.6209260
8 0.1526778 -0.7451222 0.0105252
5
-114.67     ts77     dynamics     sesquiterpene     TS     runpoint      45     runisomer      86
6 -0.1807702 0.7356662 0.0358347
1 -0.5533332 1.1592999 0.9230818
1 -0.0652317 1.3206336 -0.9437405
1 0.0242122 -1.5715094 -0.5756592
8 0.1450811 -0.7463229 0.0106556
5
-114.673     ts77     dynamics     sesquiterpene     TS     runpoint      46     runisomer      86
6 -0.1685790 0.7296470 0.0287509
1 -0.5805757 1.1219343 0.9894814
1 -0.1112985 1.4119091 -0.9888243
1 0.0732636 -1.5478496 -0.5274465
8 0.1374648 -0.7466971 0.0115922
5
-114.665     ts77     dynamics     sesquiterpene     TS     runpoint      47     runisomer      86
6 -0.1560744 0.7222556 0.0191632
1 -0.6033133 1.0762606 1.0452849
1 -0.1594663 1.4816674 -1.0062370
1 0.1149762 -1.5080022 -0.4898176
8 0.1299246 -0.7451822 0.0139974
5
-114.652     ts77     dynamics     sesquiterpene     TS     runpoint      48     runisomer      86
6 -0.1437842 0.7142042 0.0082311
1 -0.6165446 1.0209288 1.0773403
1 -0.2081665 1.5240339 -0.9933738
1 0.1500730 -1.4782879 -0.4815104
8 0.1223980 -0.7401982 0.0188465
5
-114.645     ts77     dynamics     sesquiterpene     TS     runpoint      49     runisomer      86
6 -0.1320691 0.7058844 -0.0031380
1 -0.6179217 0.9577603 1.0795106
1 -0.2555846 1.5359662 -0.9516306
1 0.1821759 -1.4725604 -0.5129717
8 0.1146632 -0.7310904 0.0265940
5
-114.656     ts77     dynamics     sesquiterpene     TS     runpoint      50     runisomer      86
6 -0.1211780 0.6975764 -0.0142473
1 -0.6070280 0.8903686 1.0509910
1 -0.2999664 1.5168106 -0.8852832
1 0.2134363 -1.4732449 -0.5727955
8 0.1066348 -0.7193624 0.0363167
5
-114.673     ts77     dynamics     sesquiterpene     TS     runpoint      51     runisomer      86
6 -0.1112109 0.6893615 -0.0244772
1 -0.5853248 0.8235955 0.9962249
1 -0.3401403 1.4695658 -0.8026310
1 0.2427591 -1.4556514 -0.6409609
8 0.0984761 -0.7071248 0.0465327
5
-114.685     ts77     dynamics     sesquiterpene     TS     runpoint      52     runisomer      86
6 -0.1018992 0.6807770 -0.0331419
1 -0.5570269 0.7633294 0.9268088
1 -0.3771774 1.4043971 -0.7191425
1 0.2683331 -1.4069028 -0.7022797
8 0.0904316 -0.6958532 0.0560138
5
-114.684     ts77     dynamics     sesquiterpene     TS     runpoint      53     runisomer      86
6 -0.0922114 0.6704884 -0.0394662
1 -0.5304045 0.7160903 0.8639169
1 -0.4177079 1.3423783 -0.6599497
1 0.2889828 -1.3250885 -0.7478123
8 0.0827422 -0.6864058 0.0638639
5
-114.67     ts77     dynamics     sesquiterpene     TS     runpoint      54     runisomer      86
6 -0.0804661 0.6571200 -0.0431160
1 -0.5165771 0.6879014 0.8346771
1 -0.4736674 1.3066550 -0.6502560
1 0.3044730 -1.2155885 -0.7738466
8 0.0756122 -0.6792507 0.0694778
5
-114.669     ts77     dynamics     sesquiterpene     TS     runpoint      55     runisomer      86
6 -0.0661889 0.6415895 -0.0448446
1 -0.5213368 0.6831553 0.8537189
1 -0.5480510 1.2955994 -0.6900870
1 0.3160498 -1.0894858 -0.7828279
8 0.0691611 -0.6745511 0.0726542
5
-114.684     ts77     dynamics     sesquiterpene     TS     runpoint      56     runisomer      86
6 -0.0512469 0.6267745 -0.0451215
1 -0.5378207 0.7036622 0.9080751
1 -0.6283230 1.2865338 -0.7563018
1 0.3273291 -0.9620831 -0.7854592
8 0.0633395 -0.6721857 0.0737775
5
-114.689     ts77     dynamics     sesquiterpene     TS     runpoint      57     runisomer      86
6 -0.0380755 0.6152245 -0.0433844
1 -0.5535026 0.7473543 0.9723166
1 -0.7003179 1.2624816 -0.8270750
1 0.3437195 -0.8480262 -0.7977409
8 0.0579531 -0.6719458 0.0736629
5
-114.678     ts77     dynamics     sesquiterpene     TS     runpoint      58     runisomer      86
6 -0.0283512 0.6085301 -0.0389621
1 -0.5590266 0.8090018 1.0265814
1 -0.7552560 1.2175988 -0.8892290
1 0.3679958 -0.7551648 -0.8268181
8 0.0529398 -0.6738318 0.0726783
5
-114.666     ts77     dynamics     sesquiterpene     TS     runpoint      59     runisomer      86
6 -0.0229482 0.6074345 -0.0315949
1 -0.5496369 0.8821865 1.0596277
1 -0.7886924 1.1525633 -0.9355294
1 0.3969690 -0.6857928 -0.8630565
8 0.0485792 -0.6778960 0.0702727
5
-114.658     ts77     dynamics     sesquiterpene     TS     runpoint      60     runisomer      86
6 -0.0222151 0.6119805 -0.0214599
1 -0.5237357 0.9605771 1.0661918
1 -0.7986358 1.0711114 -0.9617894
1 0.4248557 -0.6409019 -0.8916073
8 0.0452695 -0.6839429 0.0657128
5
-114.658     ts77     dynamics     sesquiterpene     TS     runpoint      61     runisomer      86
6 -0.0261524 0.6216669 -0.0090753
1 -0.4817985 1.0384654 1.0449150
1 -0.7847065 0.9787203 -0.9655550
1 0.4470237 -0.6208437 -0.9022806
8 0.0433105 -0.6915606 0.0586757
5
-114.668     ts77     dynamics     sesquiterpene     TS     runpoint      62     runisomer      86
6 -0.0344439 0.6355801 0.0047777
1 -0.4261371 1.1112637 0.9981126
1 -0.7483214 0.8824638 -0.9462616
1 0.4610107 -0.6250538 -0.8911224
8 0.0428550 -0.7002571 0.0493176
5
-114.684     ts77     dynamics     sesquiterpene     TS     runpoint      63     runisomer      86
6 -0.0463482 0.6524097 0.0190834
1 -0.3612064 1.1767684 0.9333295
1 -0.6938263 0.7911434 -0.9068977
1 0.4668822 -0.6518510 -0.8604090
8 0.0438954 -0.7095694 0.0382568
5
-114.696     ts77     dynamics     sesquiterpene     TS     runpoint      64     runisomer      86
6 -0.0605203 0.6703534 0.0326820
1 -0.2936148 1.2377036 0.8656644
1 -0.6303714 0.7147625 -0.8573285
1 0.4683594 -0.6980514 -0.8202830
8 0.0461815 -0.7191472 0.0266711
5
-114.692     ts77     dynamics     sesquiterpene     TS     runpoint      65     runisomer      86
6 -0.0750829 0.6871835 0.0447139
1 -0.2299886 1.3034234 0.8162146
1 -0.5729070 0.6623406 -0.8176008
1 0.4740277 -0.7591884 -0.7897910
8 0.0491254 -0.7287601 0.0163400
5
-114.673     ts77     dynamics     sesquiterpene     TS     runpoint      66     runisomer      86
6 -0.0884120 0.7010950 0.0553574
1 -0.1723080 1.3830817 0.7993063
1 -0.5372895 0.6387293 -0.8128965
1 0.4933551 -0.8311283 -0.7872746
8 0.0520328 -0.7381952 0.0089700
5
-114.665     ts77     dynamics     sesquiterpene     TS     runpoint      67     runisomer      86
6 -0.1002162 0.7117572 0.0652926
1 -0.1173643 1.4723598 0.8093097
1 -0.5280213 0.6449353 -0.8523896
1 0.5254057 -0.9095040 -0.8096589
8 0.0548280 -0.7472720 0.0047887
5
-114.671     ts77     dynamics     sesquiterpene     TS     runpoint      68     runisomer      86
6 -0.1113434 0.7198471 0.0741460
1 -0.0620641 1.5557100 0.8293060
1 -0.5354988 0.6807512 -0.9183183
1 0.5589412 -0.9868651 -0.8357972
8 0.0580547 -0.7559756 0.0026931
5
-114.669     ts77     dynamics     sesquiterpene     TS     runpoint      69     runisomer      86
6 -0.1226738 0.7260973 0.0808588
1 -0.0055732 1.6187119 0.8451395
1 -0.5473638 0.7435256 -0.9846888
1 0.5836951 -1.0547554 -0.8476915
8 0.0621895 -0.7643130 0.0015954
5
-114.659     ts77     dynamics     sesquiterpene     TS     runpoint      70     runisomer      86
6 -0.1346662 0.7310077 0.0846259
1 0.0517035 1.6529000 0.8488659
1 -0.5552065 0.8275431 -1.0327126
1 0.5946516 -1.1068107 -0.8372139
8 0.0673875 -0.7721658 0.0009044
5
-114.652     ts77     dynamics     sesquiterpene     TS     runpoint      71     runisomer      86
6 -0.1474310 0.7348814 0.0850740
1 0.1089567 1.6548048 0.8372174
1 -0.5545606 0.9254198 -1.0523311
1 0.5912690 -1.1396900 -0.8041442
8 0.0735361 -0.7792880 0.0004585
5
-114.654     ts77     dynamics     sesquiterpene     TS     runpoint      72     runisomer      86
6 -0.1608623 0.7378719 0.0821288
1 0.1653183 1.6244096 0.8101834
1 -0.5436417 1.0293193 -1.0397660
1 0.5771507 -1.1536321 -0.7551659
8 0.0802692 -0.7852856 0.0004989
5
-114.663     ts77     dynamics     sesquiterpene     TS     runpoint      73     runisomer      86
6 -0.1747195 0.7399615 0.0759004
1 0.2203330 1.5647184 0.7707209
1 -0.5226904 1.1316472 -0.9960457
1 0.5612869 -1.1539014 -0.7052900
8 0.0868846 -0.7895242 0.0017659
5
-114.673     ts77     dynamics     sesquiterpene     TS     runpoint      74     runisomer      86
6 -0.1887169 0.7408411 0.0666447
1 0.2749886 1.4823094 0.7253316
1 -0.4939184 1.2259249 -0.9270745
1 0.5576565 -1.1509209 -0.6766915
8 0.0923644 -0.7911197 0.0054265
5
-114.679     ts77     dynamics     sesquiterpene     TS     runpoint      75     runisomer      86
6 -0.2026218 0.7398007 0.0548222
1 0.3330986 1.3874478 0.6843498
1 -0.4616503 1.3084715 -0.8443961
1 0.5752610 -1.1524163 -0.6836679
8 0.0959980 -0.7894703 0.0121146
5
-114.684     ts77     dynamics     sesquiterpene     TS     runpoint      76     runisomer      86
6 -0.2162561 0.7358855 0.0412740
1 0.4007657 1.2908040 0.6591311
1 -0.4318497 1.3805166 -0.7644574
1 0.6062521 -1.1538206 -0.7157616
8 0.0981386 -0.7848943 0.0208593
5
-114.684     ts77     dynamics     sesquiterpene     TS     runpoint      77     runisomer      86
6 -0.2291603 0.7284922 0.0273911
1 0.4803415 1.1970251 0.6546510
1 -0.4100857 1.4476828 -0.7032112
1 0.6350881 -1.1456806 -0.7513219
8 0.0996243 -0.7781826 0.0299438
5
-114.678     ts77     dynamics     sesquiterpene     TS     runpoint      78     runisomer      86
6 -0.2403182 0.7179173 0.0147123
1 0.5642065 1.1044222 0.6653481
1 -0.3987369 1.5135587 -0.6675195
1 0.6507389 -1.1227966 -0.7747923
8 0.1010161 -0.7700075 0.0380176
5
-114.671     ts77     dynamics     sesquiterpene     TS     runpoint      79     runisomer      86
6 -0.2485523 0.7052184 0.0042478
1 0.6388947 1.0121673 0.6809122
1 -0.3965714 1.5736876 -0.6532895
1 0.6484759 -1.0848515 -0.7791732
8 0.1025002 -0.7608486 0.0442731
5
-114.662     ts77     dynamics     sesquiterpene     TS     runpoint      80     runisomer      86
6 -0.2530238 0.6916235 -0.0035415
1 0.6930440 0.9237520 0.6931469
1 -0.4008281 1.6185561 -0.6523114
1 0.6286378 -1.0349317 -0.7644406
8 0.1039677 -0.7510531 0.0483619
5
-114.653     ts77     dynamics     sesquiterpene     TS     runpoint      81     runisomer      86
6 -0.2533459 0.6781278 -0.0084299
1 0.7203657 0.8454798 0.6978457
1 -0.4089137 1.6396189 -0.6579331
1 0.5966634 -0.9789993 -0.7380299
8 0.1050188 -0.7408484 0.0504286
5
-114.644     ts77     dynamics     sesquiterpene     TS     runpoint      82     runisomer      86
6 -0.2494930 0.6654388 -0.0102547
1 0.7190814 0.7844180 0.6940895
1 -0.4189479 1.6318190 -0.6662993
1 0.5638820 -0.9256421 -0.7168412
8 0.1049137 -0.7303517 0.0512325
5
-114.637     ts77     dynamics     sesquiterpene     TS     runpoint      83     runisomer      86
6 -0.2417343 0.6540600 -0.0089188
1 0.6910231 0.7472145 0.6835211
1 -0.4298082 1.5936593 -0.6758295
1 0.5438736 -0.8834409 -0.7226129
8 0.1028130 -0.7197262 0.0518668
5
-114.639     ts77     dynamics     sesquiterpene     TS     runpoint      84     runisomer      86
6 -0.2306604 0.6442987 -0.0044790
1 0.6418086 0.7394226 0.6704997
1 -0.4411139 1.5270852 -0.6868540
1 0.5400644 -0.8555194 -0.7614917
8 0.0985658 -0.7094767 0.0525069
5
-114.652     ts77     dynamics     sesquiterpene     TS     runpoint      85     runisomer      86
6 -0.2172874 0.6361387 0.0027065
1 0.5820975 0.7649989 0.6632071
1 -0.4533490 1.4378222 -0.7018424
1 0.5421661 -0.8393680 -0.8154589
8 0.0929420 -0.7003601 0.0519267
5
-114.664     ts77     dynamics     sesquiterpene     TS     runpoint      86     runisomer      86
6 -0.2030303 0.6290709 0.0119166
1 0.5273446 0.8261461 0.6739525
1 -0.4680813 1.3352975 -0.7258022
1 0.5385687 -0.8317438 -0.8625511
8 0.0868591 -0.6929306 0.0488243
5
-114.673     ts77     dynamics     sesquiterpene     TS     runpoint      87     runisomer      86
6 -0.1890458 0.6222884 0.0224598
1 0.4894084 0.9227699 0.7127387
1 -0.4875822 1.2300889 -0.7649603
1 0.5229331 -0.8305002 -0.8894674
8 0.0809801 -0.6873803 0.0426407
5
-114.689     ts77     dynamics     sesquiterpene     TS     runpoint      88     runisomer      86
6 -0.1753297 0.6156601 0.0343544
1 0.4638617 1.0482549 0.7740955
1 -0.5127486 1.1287339 -0.8213025
1 0.4937363 -0.8343333 -0.8916315
8 0.0757325 -0.6836868 0.0335452
5
-114.706     ts77     dynamics     sesquiterpene     TS     runpoint      89     runisomer      86
6 -0.1613766 0.6103685 0.0478080
1 0.4361425 1.1868310 0.8389207
1 -0.5407624 1.0320497 -0.8870140
1 0.4532713 -0.8426877 -0.8721343
8 0.0713342 -0.6818310 0.0222855
5
-114.71     ts77     dynamics     sesquiterpene     TS     runpoint      90     runisomer      86
6 -0.1472734 0.6079910 0.0623158
1 0.3965153 1.3203599 0.8898647
1 -0.5662297 0.9400015 -0.9477825
1 0.4077554 -0.8563080 -0.8433861
8 0.0677302 -0.6818028 0.0102168
5
-114.696     ts77     dynamics     sesquiterpene     TS     runpoint      91     runisomer      86
6 -0.1335898 0.6095140 0.0768705
1 0.3427811 1.4346853 0.9175961
1 -0.5844572 0.8554261 -0.9909074
1 0.3668155 -0.8779338 -0.8280937
8 0.0645859 -0.6834580 -0.0006882
5
-114.673     ts77     dynamics     sesquiterpene     TS     runpoint      92     runisomer      86
6 -0.1209379 0.6151855 0.0904271
1 0.2769063 1.5205945 0.9190622
1 -0.5930845 0.7834716 -1.0089945
1 0.3377410 -0.9102638 -0.8466275
8 0.0616280 -0.6865557 -0.0086349
5
-114.659     ts77     dynamics     sesquiterpene     TS     runpoint      93     runisomer      86
6 -0.1097694 0.6247541 0.1020677
1 0.2023834 1.5726330 0.8949730
1 -0.5919808 0.7299393 -0.9994500
1 0.3178156 -0.9498279 -0.8932133
8 0.0591381 -0.6911477 -0.0135085
5
-114.654     ts77     dynamics     sesquiterpene     TS     runpoint      94     runisomer      86
6 -0.1003584 0.6376615 0.1110237
1 0.1231630 1.5883265 0.8487481
1 -0.5826227 0.7000356 -0.9632730
1 0.2992411 -0.9874413 -0.9432848
8 0.0576580 -0.6975672 -0.0164320
5
-114.655     ts77     dynamics     sesquiterpene     TS     runpoint      95     runisomer      86
6 -0.0928139 0.6530339 0.1166640
1 0.0435039 1.5691532 0.7871932
1 -0.5677859 0.6974400 -0.9051176
1 0.2768706 -1.0147975 -0.9769880
8 0.0575002 -0.7060044 -0.0183175
5
-114.66     ts77     dynamics     sesquiterpene     TS     runpoint      96     runisomer      86
6 -0.0870150 0.6693984 0.1184781
1 -0.0320810 1.5243470 0.7231419
1 -0.5520823 0.7234849 -0.8351897
1 0.2488667 -1.0270483 -0.9852124
8 0.0586949 -0.7163270 -0.0195236
5
-114.663     ts77     dynamics     sesquiterpene     TS     runpoint      97     runisomer      86
6 -0.0823809 0.6842123 0.1160216
1 -0.1001455 1.4766307 0.6791869
1 -0.5432173 0.7767580 -0.7718635
1 0.2154239 -1.0227275 -0.9677460
8 0.0610637 -0.7280637 -0.0199952
5
-114.655     ts77     dynamics     sesquiterpene     TS     runpoint      98     runisomer      86
6 -0.0776561 0.6942477 0.1089966
1 -0.1618547 1.4569769 0.6839517
1 -0.5511583 0.8540234 -0.7386552
1 0.1782447 -1.0040704 -0.9333121
8 0.0642587 -0.7403995 -0.0192791
5
-114.657     ts77     dynamics     sesquiterpene     TS     runpoint      99     runisomer      86
6 -0.0717291 0.6985472 0.0978719
1 -0.2220322 1.4703838 0.7470060
1 -0.5799117 0.9510201 -0.7466298
1 0.1400660 -0.9775003 -0.9014594
8 0.0678302 -0.7522570 -0.0164021
