5
-114.654160 ts77 dynamics sesquiterpene TS runpoint 1  runisomer  5
6 -0.0316575 0.6147652 0.0108574
1 -0.2001672 1.2008273 0.9060613
1 -0.3000235 1.0268424 -0.9450170
1 0.9313233 -0.0748770 0.0839920
8 -0.0313694 -0.7339457 -0.0109836
5
-114.649 ts77 dynamics sesquiterpene TS runpoint 2  runisomer  5
6 -0.0303116 0.62896 0.0176245
1 -0.190856 1.14901 0.850713
1 -0.331761 0.993827 -0.965462
1 0.992818 -0.0728439 0.105561
8 -0.034841 -0.739378 -0.012644
5
-114.643     ts77     dynamics     sesquiterpene     TS     runpoint      3     runisomer      5
6 -0.0281726 0.6416758 0.0206599
1 -0.1908018 1.1169874 0.8299879
1 -0.3613750 0.9693707 -0.9822322
1 1.0550342 -0.0656386 0.1242600
8 -0.0385041 -0.7458129 -0.0137356
5
-114.629     ts77     dynamics     sesquiterpene     TS     runpoint      4     runisomer      5
6 -0.0242741 0.6506794 0.0177090
1 -0.2052048 1.1189162 0.8665533
1 -0.3867312 0.9541861 -0.9904346
1 1.1074065 -0.0480337 0.1386326
8 -0.0422245 -0.7528413 -0.0142141
5
-114.632     ts77     dynamics     sesquiterpene     TS     runpoint      5     runisomer      5
6 -0.0184622 0.6559346 0.0103508
1 -0.2307063 1.1440572 0.9410641
1 -0.4063845 0.9490748 -0.9880787
1 1.1445632 -0.0145472 0.1476336
8 -0.0460824 -0.7601556 -0.0141033
5
-114.638     ts77     dynamics     sesquiterpene     TS     runpoint      6     runisomer      5
6 -0.0109989 0.6581640 0.0018382
1 -0.2595799 1.1738166 1.0178453
1 -0.4196896 0.9546972 -0.9761754
1 1.1647062 0.0401883 0.1503881
8 -0.0502933 -0.7675062 -0.0134766
5
-114.639     ts77     dynamics     sesquiterpene     TS     runpoint      7     runisomer      5
6 -0.0020369 0.6576278 -0.0054483
1 -0.2860641 1.1968477 1.0739604
1 -0.4267038 0.9713548 -0.9577950
1 1.1679655 0.1206409 0.1460706
8 -0.0551119 -0.7746733 -0.0124317
5
-114.641     ts77     dynamics     sesquiterpene     TS     runpoint      8     runisomer      5
6 0.0083715 0.6543456 -0.0101523
1 -0.3070423 1.2080493 1.0993645
1 -0.4279871 0.9987924 -0.9367277
1 1.1554950 0.2292649 0.1339583
8 -0.0607331 -0.7814884 -0.0110670
5
-114.651     ts77     dynamics     sesquiterpene     TS     runpoint      9     runisomer      5
6 0.0200138 0.6485167 -0.0116381
1 -0.3210778 1.2052617 1.0911078
1 -0.4242211 1.0358525 -0.9158838
1 1.1302415 0.3651375 0.1137663
8 -0.0672290 -0.7878338 -0.0094722
5
-114.668     ts77     dynamics     sesquiterpene     TS     runpoint      10     runisomer      5
6 0.0321332 0.6407406 -0.0098853
1 -0.3278075 1.1876636 1.0502646
1 -0.4158940 1.0800116 -0.8961442
1 1.1000708 0.5228630 0.0862736
8 -0.0745209 -0.7936098 -0.0077239
5
-114.686     ts77     dynamics     sesquiterpene     TS     runpoint      11     runisomer      5
6 0.0432855 0.6318541 -0.0054577
1 -0.3279854 1.1556029 0.9816626
1 -0.4035104 1.1271486 -0.8765978
1 1.0798071 0.6941103 0.0534963
8 -0.0823806 -0.7986809 -0.0058880
5
-114.7     ts77     dynamics     sesquiterpene     TS     runpoint      12     runisomer      5
6 0.0523990 0.6224384 0.0005335
1 -0.3244233 1.1117319 0.8961158
1 -0.3882872 1.1720568 -0.8560797
1 1.0811672 0.8717947 0.0175374
8 -0.0904875 -0.8028764 -0.0040189
5
-114.654160 ts77 dynamics sesquiterpene TS runpoint 1  runisomer  5
6 -0.0316575 0.6147652 0.0108574
1 -0.2001672 1.2008273 0.9060613
1 -0.3000235 1.0268424 -0.9450170
1 0.9313233 -0.0748770 0.0839920
8 -0.0313694 -0.7339457 -0.0109836
5
-114.649 ts77 dynamics sesquiterpene TS runpoint 2  runisomer  5
6 -0.033427 0.602013 0.00350447
1 -0.2121 1.25104 0.964162
1 -0.268409 1.06768 -0.926633
1 0.885975 -0.0765106 0.0614281
8 -0.0284245 -0.730013 -0.00886461
5
-114.641     ts77     dynamics     sesquiterpene     TS     runpoint      3     runisomer      5
6 -0.0365681 0.5928880 -0.0025279
1 -0.2228211 1.2862476 1.0066278
1 -0.2385062 1.1147924 -0.9140390
1 0.8720069 -0.0813818 0.0394912
8 -0.0263974 -0.7280478 -0.0064252
5
-114.632     ts77     dynamics     sesquiterpene     TS     runpoint      4     runisomer      5
6 -0.0414036 0.5885976 -0.0064672
1 -0.2306963 1.3004112 1.0258721
1 -0.2109467 1.1649801 -0.9074229
1 0.8952516 -0.0907893 0.0187375
8 -0.0254739 -0.7282917 -0.0037905
5
-114.63     ts77     dynamics     sesquiterpene     TS     runpoint      5     runisomer      5
6 -0.0474856 0.5894570 -0.0081717
1 -0.2352602 1.2914917 1.0197134
1 -0.1857610 1.2134929 -0.9042674
1 0.9472778 -0.1034876 -0.0011350
8 -0.0254890 -0.7306316 -0.0010701
5
-114.634     ts77     dynamics     sesquiterpene     TS     runpoint      6     runisomer      5
6 -0.0539191 0.5951651 -0.0078265
1 -0.2367155 1.2599125 0.9890958
1 -0.1628580 1.2552290 -0.9014159
1 1.0110312 -0.1170979 -0.0203690
8 -0.0260315 -0.7346977 0.0016327
5
-114.639     ts77     dynamics     sesquiterpene     TS     runpoint      7     runisomer      5
6 -0.0598114 0.6050114 -0.0058829
1 -0.2359607 1.2089147 0.9387013
1 -0.1422320 1.2860540 -0.8966685
1 1.0699338 -0.1295175 -0.0387263
8 -0.0266708 -0.7400328 0.0042077
5
-114.641     ts77     dynamics     sesquiterpene     TS     runpoint      8     runisomer      5
6 -0.0644469 0.6177893 -0.0033019
1 -0.2352274 1.1467613 0.8805045
1 -0.1239642 1.3036332 -0.8893651
1 1.1122696 -0.1396828 -0.0556432
8 -0.0270585 -0.7461725 0.0065448
5
-114.636     ts77     dynamics     sesquiterpene     TS     runpoint      9     runisomer      5
6 -0.0672111 0.6316034 -0.0019914
1 -0.2392666 1.0893398 0.8390805
1 -0.1082021 1.3077841 -0.8803379
1 1.1310860 -0.1479973 -0.0704454
8 -0.0269107 -0.7526593 0.0085365
5
-114.625     ts77     dynamics     sesquiterpene     TS     runpoint      10     runisomer      5
6 -0.0675850 0.6442967 -0.0043285
1 -0.2547723 1.0552050 0.8460405
1 -0.0951659 1.3005848 -0.8718370
1 1.1229405 -0.1564503 -0.0824737
8 -0.0259631 -0.7590478 0.0100760
5
-114.624     ts77     dynamics     sesquiterpene     TS     runpoint      11     runisomer      5
6 -0.0656638 0.6549911 -0.0103092
1 -0.2835833 1.0474012 0.9064272
1 -0.0851518 1.2863116 -0.8677769
1 1.0872610 -0.1684371 -0.0911885
8 -0.0239733 -0.7649273 0.0110521
5
-114.638     ts77     dynamics     sesquiterpene     TS     runpoint      12     runisomer      5
6 -0.0624389 0.6641799 -0.0167747
1 -0.3191573 1.0530747 0.9889762
1 -0.0784777 1.2705956 -0.8732454
1 1.0264424 -0.1888756 -0.0962615
8 -0.0207408 -0.7699025 0.0113668
5
-114.647     ts77     dynamics     sesquiterpene     TS     runpoint      13     runisomer      5
6 -0.0592200 0.6724567 -0.0206699
1 -0.3537702 1.0613316 1.0618640
1 -0.0753295 1.2580241 -0.8917810
1 0.9468362 -0.2245575 -0.0977816
8 -0.0161591 -0.7735950 0.0109613
5
-114.65     ts77     dynamics     sesquiterpene     TS     runpoint      14     runisomer      5
6 -0.0572678 0.6804359 -0.0205531
1 -0.3825939 1.0673405 1.1074354
1 -0.0755726 1.2495665 -0.9220349
1 0.8614870 -0.2829801 -0.0968228
8 -0.0104159 -0.7757481 0.0098484
5
-114.65     ts77     dynamics     sesquiterpene     TS     runpoint      15     runisomer      5
6 -0.0575862 0.6888670 -0.0163005
1 -0.4033431 1.0696046 1.1183038
1 -0.0787427 1.2425885 -0.9574122
1 0.7962981 -0.3660808 -0.0966446
8 -0.0045644 -0.7765424 0.0081910
5
-114.644     ts77     dynamics     sesquiterpene     TS     runpoint      16     runisomer      5
6 -0.0605803 0.6981487 -0.0085145
1 -0.4154096 1.0681917 1.0929833
1 -0.0843012 1.2333792 -0.9891510
1 0.7962435 -0.4614823 -0.1040012
8 -0.0012048 -0.7768268 0.0064080
5
-114.65     ts77     dynamics     sesquiterpene     TS     runpoint      17     runisomer      5
6 -0.0659069 0.7078579 0.0017820
1 -0.4197598 1.0643848 1.0349393
1 -0.0918426 1.2194596 -1.0095898
1 0.8860573 -0.5612233 -0.1238810
8 -0.0021196 -0.7767112 0.0048801
5
-114.683     ts77     dynamics     sesquiterpene     TS     runpoint      18     runisomer      5
6 -0.0726878 0.7169828 0.0130621
1 -0.4199950 1.0614909 0.9552768
1 -0.1010544 1.2002620 -1.0139305
1 1.0104691 -0.6773290 -0.1497358
8 -0.0042785 -0.7748505 0.0033387
5
-114.696     ts77     dynamics     sesquiterpene     TS     runpoint      19     runisomer      5
6 -0.0797040 0.7242284 0.0229794
1 -0.4246001 1.0668260 0.8779270
1 -0.1115301 1.1768619 -1.0010702
1 1.1126232 -0.8085975 -0.1735977
8 -0.0045041 -0.7708792 0.0014651
5
-114.681     ts77     dynamics     sesquiterpene     TS     runpoint      20     runisomer      5
6 -0.0854401 0.7280102 0.0286768
1 -0.4471222 1.0919324 0.8371428
1 -0.1227508 1.1518185 -0.9743585
1 1.1685906 -0.9441820 -0.1916218
8 -0.0016032 -0.7651794 -0.0007882
5
-114.666     ts77     dynamics     sesquiterpene     TS     runpoint      21     runisomer      5
6 -0.0889683 0.7272944 0.0293980
1 -0.4946823 1.1416706 0.8476822
1 -0.1342708 1.1292277 -0.9425334
1 1.1724639 -1.0726848 -0.2023451
8 0.0045206 -0.7582575 -0.0033232
5
-114.667     ts77     dynamics     sesquiterpene     TS     runpoint      22     runisomer      5
6 -0.0908342 0.7225426 0.0280070
1 -0.5567746 1.2033122 0.8861542
1 -0.1460427 1.1143854 -0.9188457
1 1.1251587 -1.1841288 -0.2052201
8 0.0135546 -0.7506225 -0.0060152
5
-114.671     ts77     dynamics     sesquiterpene     TS     runpoint      23     runisomer      5
6 -0.0919758 0.7148153 0.0277345
1 -0.6179460 1.2593021 0.9236617
1 -0.1585090 1.1116809 -0.9148659
1 1.0304639 -1.2696919 -0.2001022
8 0.0250173 -0.7427943 -0.0087473
5
-114.674     ts77     dynamics     sesquiterpene     TS     runpoint      24     runisomer      5
6 -0.0928966 0.7051220 0.0298644
1 -0.6682534 1.2979758 0.9444052
1 -0.1720031 1.1211273 -0.9316235
1 0.8959816 -1.3224257 -0.1874941
8 0.0382002 -0.7352339 -0.0113896
5
-114.68     ts77     dynamics     sesquiterpene     TS     runpoint      25     runisomer      5
6 -0.0937730 0.6944415 0.0339278
1 -0.7029969 1.3132620 0.9425714
1 -0.1860915 1.1376762 -0.9588694
1 0.7396238 -1.3429998 -0.1700326
8 0.0517845 -0.7279335 -0.0137070
5
-114.677     ts77     dynamics     sesquiterpene     TS     runpoint      26     runisomer      5
6 -0.0946817 0.6835824 0.0388105
1 -0.7205096 1.3024392 0.9175128
1 -0.1996630 1.1544366 -0.9833316
1 0.6017172 -1.3573674 -0.1560079
8 0.0631136 -0.7192586 -0.0151335
5
-114.655     ts77     dynamics     sesquiterpene     TS     runpoint      27     runisomer      5
6 -0.0956782 0.6730963 0.0434511
1 -0.7211787 1.2652522 0.8718539
1 -0.2113603 1.1657917 -0.9953329
1 0.5302454 -1.4230924 -0.1584043
8 0.0691430 -0.7056269 -0.0148312
5
-114.659     ts77     dynamics     sesquiterpene     TS     runpoint      28     runisomer      5
6 -0.0966898 0.6634200 0.0469149
1 -0.7081303 1.2046502 0.8120918
1 -0.2199246 1.1686838 -0.9904410
1 0.5047838 -1.5314591 -0.1743340
8 0.0712230 -0.6879072 -0.0129686
5
-114.671     ts77     dynamics     sesquiterpene     TS     runpoint      29     runisomer      5
6 -0.0972657 0.6547710 0.0481361
1 -0.6897095 1.1287147 0.7511753
1 -0.2243623 1.1626496 -0.9689735
1 0.4854802 -1.6233120 -0.1922097
8 0.0719892 -0.6704694 -0.0102734
5
-114.659     ts77     dynamics     sesquiterpene     TS     runpoint      30     runisomer      5
6 -0.0962926 0.6468527 0.0456799
1 -0.6825239 1.0519235 0.7108654
1 -0.2240942 1.1496046 -0.9354304
1 0.4575546 -1.6672371 -0.2065873
8 0.0725472 -0.6561034 -0.0070981
5
-114.643     ts77     dynamics     sesquiterpene     TS     runpoint      31     runisomer      5
6 -0.0924587 0.6392381 0.0384713
1 -0.7057297 0.9885469 0.7132929
1 -0.2192970 1.1339390 -0.8984570
1 0.4181664 -1.6534752 -0.2163062
8 0.0733103 -0.6462793 -0.0035598
5
-114.646     ts77     dynamics     sesquiterpene     TS     runpoint      32     runisomer      5
6 -0.0860382 0.6323610 0.0278244
1 -0.7593715 0.9390526 0.7567156
1 -0.2112615 1.1224441 -0.8705283
1 0.3687735 -1.5841217 -0.2225112
8 0.0744763 -0.6416490 0.0003225
5
-114.664     ts77     dynamics     sesquiterpene     TS     runpoint      33     runisomer      5
6 -0.0789447 0.6269955 0.0170657
1 -0.8230106 0.8955619 0.8163568
1 -0.2021476 1.1223810 -0.8642841
1 0.3158031 -1.4779521 -0.2299717
8 0.0759250 -0.6415713 0.0047131
5
-114.667     ts77     dynamics     sesquiterpene     TS     runpoint      34     runisomer      5
6 -0.0729231 0.6234860 0.0086815
1 -0.8776598 0.8543777 0.8693819
1 -0.1936208 1.1366751 -0.8841947
1 0.2758579 -1.3918059 -0.2551563
8 0.0768274 -0.6426729 0.0105039
5
-114.642     ts77     dynamics     sesquiterpene     TS     runpoint      35     runisomer      5
6 -0.0690029 0.6222256 0.0031798
1 -0.9132382 0.8161431 0.9030617
1 -0.1858103 1.1610323 -0.9222095
1 0.2688265 -1.4037406 -0.3300831
8 0.0760755 -0.6401026 0.0196269
5
-114.655     ts77     dynamics     sesquiterpene     TS     runpoint      36     runisomer      5
6 -0.0676903 0.6240423 -0.0001994
1 -0.9260344 0.7831046 0.9119168
1 -0.1781084 1.1875108 -0.9642613
1 0.2807616 -1.4659022 -0.4457005
8 0.0746575 -0.6371374 0.0315400
5
-114.665     ts77     dynamics     sesquiterpene     TS     runpoint      37     runisomer      5
6 -0.0691272 0.6296030 -0.0024792
1 -0.9157825 0.7576973 0.8945661
1 -0.1701162 1.2091525 -0.9982121
1 0.2930725 -1.5066517 -0.5683652
8 0.0738091 -0.6385057 0.0442134
5
-114.659     ts77     dynamics     sesquiterpene     TS     runpoint      38     runisomer      5
6 -0.0731760 0.6388880 -0.0044897
1 -0.8845511 0.7422620 0.8526297
1 -0.1617326 1.2215747 -1.0164384
1 0.2990769 -1.5017429 -0.6786538
8 0.0739704 -0.6455934 0.0564625
5
-114.659     ts77     dynamics     sesquiterpene     TS     runpoint      39     runisomer      5
6 -0.0793593 0.6511770 -0.0068965
1 -0.8378059 0.7393772 0.7919364
1 -0.1529924 1.2228479 -1.0156435
1 0.2972445 -1.4482809 -0.7663412
8 0.0752260 -0.6580812 0.0675690
5
-114.669     ts77     dynamics     sesquiterpene     TS     runpoint      40     runisomer      5
6 -0.0865987 0.6652384 -0.0105186
1 -0.7877263 0.7521467 0.7259773
1 -0.1439745 1.2133079 -0.9967685
1 0.2876420 -1.3500690 -0.8242250
8 0.0775369 -0.6750235 0.0769010
5
-114.681     ts77     dynamics     sesquiterpene     TS     runpoint      41     runisomer      5
6 -0.0930038 0.6794724 -0.0165314
1 -0.7558326 0.7842180 0.6784889
1 -0.1347272 1.1958674 -0.9658705
1 0.2711239 -1.2148915 -0.8474416
8 0.0807885 -0.6951446 0.0839205
5
-114.691     ts77     dynamics     sesquiterpene     TS     runpoint      42     runisomer      5
6 -0.0967575 0.6920944 -0.0254164
1 -0.7624090 0.8386589 0.6720698
1 -0.1251761 1.1765362 -0.9356370
1 0.2499099 -1.0562055 -0.8376545
8 0.0847525 -0.7168287 0.0884713
5
-114.703     ts77     dynamics     sesquiterpene     TS     runpoint      43     runisomer      5
6 -0.0981986 0.7017191 -0.0348438
1 -0.8020734 0.9136828 0.7020825
1 -0.1151064 1.1636174 -0.9244114
1 0.2288532 -0.8940338 -0.8122725
8 0.0890237 -0.7381852 0.0913477
5
-114.703     ts77     dynamics     sesquiterpene     TS     runpoint      44     runisomer      5
6 -0.0993078 0.7081063 -0.0410556
1 -0.8503777 1.0007947 0.7430316
1 -0.1042123 1.1626673 -0.9460833
1 0.2148333 -0.7469613 -0.8067206
8 0.0930949 -0.7576764 0.0944452
5
-114.692     ts77     dynamics     sesquiterpene     TS     runpoint      45     runisomer      5
6 -0.1016704 0.7122647 -0.0422580
1 -0.8879500 1.0898607 0.7740880
1 -0.0923590 1.1705190 -0.9963220
1 0.2107131 -0.6210716 -0.8375493
8 0.0967458 -0.7748382 0.0984989
5
-114.679     ts77     dynamics     sesquiterpene     TS     runpoint      46     runisomer      5
6 -0.1059790 0.7156679 -0.0389370
1 -0.9054209 1.1726387 0.7848478
1 -0.0800652 1.1786147 -1.0563858
1 0.2137266 -0.5212341 -0.8813185
8 0.1001139 -0.7894104 0.1018730
5
-114.661     ts77     dynamics     sesquiterpene     TS     runpoint      47     runisomer      5
6 -0.1123139 0.7193753 -0.0323670
1 -0.8997730 1.2431469 0.7718078
1 -0.0683984 1.1802175 -1.1078707
1 0.2210131 -0.4548045 -0.9136533
8 0.1033156 -0.8009229 0.1030480
5
-114.644     ts77     dynamics     sesquiterpene     TS     runpoint      48     runisomer      5
6 -0.1204263 0.7238645 -0.0237430
1 -0.8715696 1.2973516 0.7356119
1 -0.0584114 1.1722328 -1.1391790
1 0.2310610 -0.4260245 -0.9231580
8 0.1063620 -0.8090194 0.1014313
5
-114.637     ts77     dynamics     sesquiterpene     TS     runpoint      49     runisomer      5
6 -0.1298559 0.7291901 -0.0140953
1 -0.8242927 1.3334420 0.6805130
1 -0.0507687 1.1539427 -1.1447477
1 0.2433078 -0.4360422 -0.9067093
8 0.1092041 -0.8135062 0.0969799
5
-114.644     ts77     dynamics     sesquiterpene     TS     runpoint      50     runisomer      5
6 -0.1398641 0.7349805 -0.0044994
1 -0.7655124 1.3534880 0.6156699
1 -0.0455935 1.1258737 -1.1233343
1 0.2580403 -0.4837313 -0.8670188
8 0.1117537 -0.8143415 0.0900177
5
-114.657     ts77     dynamics     sesquiterpene     TS     runpoint      51     runisomer      5
6 -0.1492500 0.7401575 0.0037140
1 -0.7089246 1.3667202 0.5571058
1 -0.0423428 1.0894643 -1.0778951
1 0.2769066 -0.5640781 -0.8159182
8 0.1138363 -0.8117044 0.0814652
5
-114.663     ts77     dynamics     sesquiterpene     TS     runpoint      52     runisomer      5
6 -0.1564790 0.7427515 0.0092096
1 -0.6724992 1.3901060 0.5255281
1 -0.0396399 1.0476015 -1.0174234
1 0.3045936 -0.6659531 -0.7821542
8 0.1150489 -0.8060675 0.0733956
5
-114.66     ts77     dynamics     sesquiterpene     TS     runpoint      53     runisomer      5
6 -0.1607655 0.7409680 0.0119554
1 -0.6654844 1.4347145 0.5328699
1 -0.0351096 1.0058797 -0.9596962
1 0.3483392 -0.7789563 -0.8008565
8 0.1147806 -0.7977923 0.0684171
5
-114.669     ts77     dynamics     sesquiterpene     TS     runpoint      54     runisomer      5
6 -0.1629234 0.7347567 0.0140927
1 -0.6786653 1.4895382 0.5711555
1 -0.0256334 0.9725952 -0.9296931
1 0.4050045 -0.9013542 -0.8586629
8 0.1130620 -0.7867778 0.0661546
5
-114.678     ts77     dynamics     sesquiterpene     TS     runpoint      55     runisomer      5
6 -0.1642132 0.7252914 0.0178127
1 -0.6967834 1.5338103 0.6236247
1 -0.0093178 0.9542870 -0.9437224
1 0.4601500 -1.0247859 -0.9100106
8 0.1106687 -0.7735359 0.0641802
5
-114.672     ts77     dynamics     sesquiterpene     TS     runpoint      56     runisomer      5
6 -0.1651824 0.7139707 0.0228570
1 -0.7095912 1.5528055 0.6768835
1 0.0115822 0.9510542 -0.9912053
1 0.5026596 -1.1356290 -0.9286294
8 0.1082082 -0.7590533 0.0612076
5
-114.66     ts77     dynamics     sesquiterpene     TS     runpoint      57     runisomer      5
6 -0.1657342 0.7019686 0.0273488
1 -0.7121849 1.5395907 0.7228097
1 0.0319846 0.9590389 -1.0463013
1 0.5272220 -1.2227604 -0.9070471
8 0.1059529 -0.7442293 0.0570591
5
-114.652     ts77     dynamics     sesquiterpene     TS     runpoint      58     runisomer      5
6 -0.1656054 0.6900407 0.0296154
1 -0.7028152 1.4924107 0.7570706
1 0.0474848 0.9744943 -1.0880992
1 0.5318930 -1.2785298 -0.8461758
8 0.1039959 -0.7297669 0.0520013
