5
-114.654160 ts77 dynamics sesquiterpene TS runpoint 1  runisomer  171
6 -0.0477428 0.6146264 -0.0014758
1 -0.2121783 1.1074134 0.8946810
1 -0.2113601 1.1207159 -0.8885895
1 1.0646444 -0.1048346 0.0006194
8 -0.0325310 -0.7319832 0.0006844
5
-114.645 ts77 dynamics sesquiterpene TS runpoint 2  runisomer  171
6 -0.0405129 0.621955 -0.0130498
1 -0.223832 1.06925 0.935131
1 -0.227404 1.08794 -0.839599
1 1.02668 -0.0804501 0.024961
8 -0.033818 -0.734548 0.00219866
5
-114.639     ts77     dynamics     sesquiterpene     TS     runpoint      3     runisomer      171
6 -0.0313097 0.6273433 -0.0207045
1 -0.2383116 1.0386358 0.9812392
1 -0.2558760 1.0836618 -0.8397077
1 0.9824571 -0.0496211 0.0485560
8 -0.0352304 -0.7383347 0.0035577
5
-114.639     ts77     dynamics     sesquiterpene     TS     runpoint      4     runisomer      171
6 -0.0206768 0.6307215 -0.0231251
1 -0.2531545 1.0132216 1.0202510
1 -0.2985807 1.1091930 -0.8896560
1 0.9429392 -0.0112811 0.0709362
8 -0.0370916 -0.7432933 0.0046536
5
-114.646     ts77     dynamics     sesquiterpene     TS     runpoint      5     runisomer      171
6 -0.0101008 0.6334179 -0.0221096
1 -0.2666560 0.9922363 1.0434993
1 -0.3468318 1.1476273 -0.9578271
1 0.9214412 0.0360490 0.0919827
8 -0.0397820 -0.7493970 0.0053982
5
-114.645     ts77     dynamics     sesquiterpene     TS     runpoint      6     runisomer      171
6 -0.0010884 0.6364148 -0.0195993
1 -0.2781315 0.9760160 1.0469149
1 -0.3903061 1.1836608 -1.0159217
1 0.9299139 0.0944354 0.1116510
8 -0.0436162 -0.7565724 0.0057215
5
-114.64     ts77     dynamics     sesquiterpene     TS     runpoint      7     runisomer      171
6 0.0056236 0.6397311 -0.0166916
1 -0.2879712 0.9655477 1.0304664
1 -0.4222285 1.2092960 -1.0494290
1 0.9733029 0.1675855 0.1292238
8 -0.0487544 -0.7646239 0.0055830
5
-114.644     ts77     dynamics     sesquiterpene     TS     runpoint      8     runisomer      171
6 0.0103473 0.6426536 -0.0139977
1 -0.2976715 0.9622430 0.9979645
1 -0.4390179 1.2211340 -1.0527378
1 1.0453921 0.2607247 0.1427141
8 -0.0551707 -0.7732222 0.0049695
5
-114.656     ts77     dynamics     sesquiterpene     TS     runpoint      9     runisomer      171
6 0.0142266 0.6442950 -0.0120311
1 -0.3097601 0.9677937 0.9570718
1 -0.4392171 1.2180097 -1.0249806
1 1.1305266 0.3771408 0.1494135
8 -0.0626721 -0.7819401 0.0039016
5
-114.671     ts77     dynamics     sesquiterpene     TS     runpoint      10     runisomer      171
6 0.0186926 0.6440662 -0.0113182
1 -0.3272867 0.9837984 0.9181691
1 -0.4231636 1.2002363 -0.9689579
1 1.2102989 0.5149239 0.1473027
8 -0.0709558 -0.7903371 0.0024238
5
-114.683     ts77     dynamics     sesquiterpene     TS     runpoint      11     runisomer      171
6 0.0250099 0.6417801 -0.0119988
1 -0.3524318 1.0106294 0.8904373
1 -0.3936629 1.1703702 -0.8927480
1 1.2695234 0.6673481 0.1359373
8 -0.0797013 -0.7980337 0.0005989
5
-114.691     ts77     dynamics     sesquiterpene     TS     runpoint      12     runisomer      171
6 0.0341554 0.6374324 -0.0130582
1 -0.3844967 1.0457026 0.8767451
1 -0.3579348 1.1356533 -0.8136130
1 1.2986140 0.8252351 0.1164153
8 -0.0886257 -0.8047422 -0.0014973
5
-114.686     ts77     dynamics     sesquiterpene     TS     runpoint      13     runisomer      171
6 0.0470052 0.6308426 -0.0120591
1 -0.4195089 1.0830174 0.8730443
1 -0.3296250 1.1104225 -0.7603361
1 1.2933655 0.9790131 0.0910257
8 -0.0975140 -0.8102484 -0.0037675
5
-114.674     ts77     dynamics     sesquiterpene     TS     runpoint      14     runisomer      171
6 0.0643031 0.6219683 -0.0067363
1 -0.4529392 1.1147156 0.8725027
1 -0.3239006 1.1089104 -0.7587804
1 1.2539662 1.1201810 0.0630273
8 -0.1062638 -0.8143852 -0.0060585
5
-114.672     ts77     dynamics     sesquiterpene     TS     runpoint      15     runisomer      171
6 0.0854361 0.6121951 0.0028334
1 -0.4822636 1.1348485 0.8676870
1 -0.3419350 1.1257751 -0.8033565
1 1.1849349 1.2409885 0.0344882
8 -0.1147859 -0.8169947 -0.0083256
5
-114.672     ts77     dynamics     sesquiterpene     TS     runpoint      16     runisomer      171
6 0.1071346 0.6040623 0.0146073
1 -0.5012120 1.1420055 0.8566070
1 -0.3667468 1.1425060 -0.8684151
1 1.0940959 1.3334236 0.0070329
8 -0.1225850 -0.8182218 -0.0106306
5
-114.671     ts77     dynamics     sesquiterpene     TS     runpoint      17     runisomer      171
6 0.1279682 0.5988586 0.0267017
1 -0.5124634 1.1338719 0.8355343
1 -0.3921104 1.1453029 -0.9294886
1 0.9935050 1.3939340 -0.0179337
8 -0.1295702 -0.8177940 -0.0129548
5
-114.66     ts77     dynamics     sesquiterpene     TS     runpoint      18     runisomer      171
6 0.1460867 0.5968738 0.0381459
1 -0.5169392 1.1115244 0.8058261
1 -0.4127966 1.1287157 -0.9754519
1 0.8968505 1.4232138 -0.0403914
8 -0.1354882 -0.8156953 -0.0153567
5
-114.654160 ts77 dynamics sesquiterpene TS runpoint 1  runisomer  171
6 -0.0477428 0.6146264 -0.0014758
1 -0.2121783 1.1074134 0.8946810
1 -0.2113601 1.1207159 -0.8885895
1 1.0646444 -0.1048346 0.0006194
8 -0.0325310 -0.7319832 0.0006844
5
-114.645 ts77 dynamics sesquiterpene TS runpoint 2  runisomer  171
6 -0.0530807 0.606831 0.0102138
1 -0.205558 1.15577 0.871605
1 -0.200503 1.16353 -0.95571
1 1.0889 -0.123376 -0.0237542
8 -0.0311556 -0.730712 -0.000866937
5
-114.642     ts77     dynamics     sesquiterpene     TS     runpoint      3     runisomer      171
6 -0.0566453 0.6001179 0.0193784
1 -0.2045159 1.2130018 0.8684059
1 -0.1905281 1.2004617 -1.0145631
1 1.0951621 -0.1365974 -0.0473870
8 -0.0295707 -0.7307752 -0.0023431
5
-114.635     ts77     dynamics     sesquiterpene     TS     runpoint      4     runisomer      171
6 -0.0586158 0.5958807 0.0253502
1 -0.2078462 1.2716253 0.8775941
1 -0.1800733 1.2232008 -1.0518369
1 1.0817913 -0.1455801 -0.0695841
8 -0.0276990 -0.7321563 -0.0036551
5
-114.629     ts77     dynamics     sesquiterpene     TS     runpoint      5     runisomer      171
6 -0.0593132 0.5953181 0.0284180
1 -0.2137765 1.3217024 0.8890390
1 -0.1690069 1.2282660 -1.0623215
1 1.0495584 -0.1525967 -0.0898243
8 -0.0254688 -0.7347652 -0.0047418
5
-114.627     ts77     dynamics     sesquiterpene     TS     runpoint      6     runisomer      171
6 -0.0592268 0.5992556 0.0290414
1 -0.2208049 1.3552679 0.8954515
1 -0.1575855 1.2147803 -1.0449864
1 1.0018801 -0.1615710 -0.1078991
8 -0.0228067 -0.7384180 -0.0055671
5
-114.632     ts77     dynamics     sesquiterpene     TS     runpoint      7     runisomer      171
6 -0.0590314 0.6080759 0.0276902
1 -0.2278631 1.3678711 0.8933935
1 -0.1462015 1.1839334 -1.0020171
1 0.9453276 -0.1782362 -0.1241337
8 -0.0196639 -0.7428342 -0.0061085
5
-114.642     ts77     dynamics     sesquiterpene     TS     runpoint      8     runisomer      171
6 -0.0595114 0.6216364 0.0250477
1 -0.2343389 1.3585667 0.8827578
1 -0.1354260 1.1400008 -0.9406448
1 0.8897042 -0.2097133 -0.1396593
8 -0.0160704 -0.7476683 -0.0063460
5
-114.652     ts77     dynamics     sesquiterpene     TS     runpoint      9     runisomer      171
6 -0.0613396 0.6389972 0.0224184
1 -0.2402727 1.3299705 0.8666233
1 -0.1262557 1.0928110 -0.8780357
1 0.8471281 -0.2627080 -0.1566273
8 -0.0122194 -0.7525771 -0.0062329
5
-114.655     ts77     dynamics     sesquiterpene     TS     runpoint      10     runisomer      171
6 -0.0647580 0.6580825 0.0219751
1 -0.2467799 1.2887200 0.8518086
1 -0.1202513 1.0590112 -0.8453152
1 0.8305139 -0.3401347 -0.1782673
8 -0.0085761 -0.7572868 -0.0056664
5
-114.654     ts77     dynamics     sesquiterpene     TS     runpoint      11     runisomer      171
6 -0.0694840 0.6762972 0.0252842
1 -0.2564074 1.2453506 0.8492406
1 -0.1183693 1.0527004 -0.8710233
1 0.8501479 -0.4399832 -0.2082477
8 -0.0057792 -0.7615288 -0.0044785
5
-114.668     ts77     dynamics     sesquiterpene     TS     runpoint      12     runisomer      171
6 -0.0749755 0.6921734 0.0304210
1 -0.2725358 1.2109565 0.8708112
1 -0.1193515 1.0699161 -0.9441916
1 0.9029414 -0.5603505 -0.2475801
8 -0.0039069 -0.7647723 -0.0026047
5
-114.69     ts77     dynamics     sesquiterpene     TS     runpoint      13     runisomer      171
6 -0.0807014 0.7055052 0.0339591
1 -0.2968895 1.1899157 0.9194993
1 -0.1215034 1.0974627 -1.0278391
1 0.9658586 -0.7002874 -0.2912492
8 -0.0019060 -0.7663659 -0.0003066
5
-114.699     ts77     dynamics     sesquiterpene     TS     runpoint      14     runisomer      171
6 -0.0863571 0.7166633 0.0344715
1 -0.3274937 1.1773516 0.9832117
1 -0.1242366 1.1261962 -1.0938476
1 1.0115573 -0.8532839 -0.3312072
8 0.0015588 -0.7661150 0.0019689
5
-114.691     ts77     dynamics     sesquiterpene     TS     runpoint      15     runisomer      171
6 -0.0918298 0.7260520 0.0322773
1 -0.3602349 1.1656307 1.0434097
1 -0.1276646 1.1516307 -1.1283222
1 1.0230594 -1.0075082 -0.3611619
8 0.0072195 -0.7643048 0.0038806
5
-114.677     ts77     dynamics     sesquiterpene     TS     runpoint      16     runisomer      171
6 -0.0970289 0.7338329 0.0281187
1 -0.3913336 1.1496273 1.0853240
1 -0.1320702 1.1717160 -1.1261576
1 0.9944534 -1.1501916 -0.3778715
8 0.0151606 -0.7614087 0.0052749
5
-114.668     ts77     dynamics     sesquiterpene     TS     runpoint      17     runisomer      171
6 -0.1018256 0.7399486 0.0226539
1 -0.4182469 1.1271947 1.1005813
1 -0.1377080 1.1857399 -1.0875533
1 0.9270656 -1.2702800 -0.3806250
8 0.0250576 -0.7579004 0.0061538
5
-114.669     ts77     dynamics     sesquiterpene     TS     runpoint      18     runisomer      171
6 -0.1060594 0.7441628 0.0165280
1 -0.4396571 1.0981649 1.0862582
1 -0.1447925 1.1944863 -1.0179434
1 0.8270405 -1.3596823 -0.3708789
8 0.0363331 -0.7541491 0.0066515
5
-114.677     ts77     dynamics     sesquiterpene     TS     runpoint      19     runisomer      171
6 -0.1095328 0.7459289 0.0106898
1 -0.4555103 1.0637231 1.0443644
1 -0.1536039 1.2017518 -0.9310810
1 0.7052615 -1.4153766 -0.3528378
8 0.0481678 -0.7502510 0.0070615
5
-114.683     ts77     dynamics     sesquiterpene     TS     runpoint      20     runisomer      171
6 -0.1119649 0.7441088 0.0066282
1 -0.4675801 1.0264372 0.9830447
1 -0.1647570 1.2170068 -0.8528724
1 0.5785668 -1.4443315 -0.3351919
8 0.0594401 -0.7456716 0.0079335
5
-114.674     ts77     dynamics     sesquiterpene     TS     runpoint      21     runisomer      171
6 -0.1128821 0.7370638 0.0055534
1 -0.4807323 0.9906250 0.9189857
1 -0.1792810 1.2539451 -0.8140176
1 0.4671477 -1.4682015 -0.3321649
8 0.0688936 -0.7389523 0.0101382
5
-114.662     ts77     dynamics     sesquiterpene     TS     runpoint      22     runisomer      171
6 -0.1116730 0.7240609 0.0060647
1 -0.5036613 0.9620061 0.8763834
1 -0.1971592 1.3154658 -0.8215254
1 0.3798991 -1.5088922 -0.3562305
8 0.0760575 -0.7287042 0.0144279
5
-114.666     ts77     dynamics     sesquiterpene     TS     runpoint      23     runisomer      171
6 -0.1080695 0.7063792 0.0048562
1 -0.5442201 0.9445057 0.8724392
1 -0.2160538 1.3855518 -0.8529214
1 0.3058060 -1.5574948 -0.4047277
8 0.0817716 -0.7156875 0.0206177
5
-114.674     ts77     dynamics     sesquiterpene     TS     runpoint      24     runisomer      171
6 -0.1027725 0.6863507 0.0006663
1 -0.5999044 0.9361321 0.8990655
1 -0.2331855 1.4452043 -0.8847971
1 0.2321847 -1.5873889 -0.4652183
8 0.0870269 -0.7020082 0.0279039
5
-114.674     ts77     dynamics     sesquiterpene     TS     runpoint      25     runisomer      171
6 -0.0971791 0.6662382 -0.0055400
1 -0.6594392 0.9314407 0.9330997
1 -0.2467285 1.4823271 -0.9046006
1 0.1541898 -1.5807493 -0.5268982
8 0.0923514 -0.6893788 0.0355501
5
-114.668     ts77     dynamics     sesquiterpene     TS     runpoint      26     runisomer      171
6 -0.0925897 0.6477880 -0.0124448
1 -0.7120877 0.9263226 0.9559641
1 -0.2556039 1.4909594 -0.9076683
1 0.0719765 -1.5318450 -0.5828036
8 0.0979665 -0.6788386 0.0430056
5
-114.666     ts77     dynamics     sesquiterpene     TS     runpoint      27     runisomer      171
6 -0.0899230 0.6322820 -0.0190653
1 -0.7511284 0.9190548 0.9582601
1 -0.2590592 1.4689638 -0.8936512
1 -0.0121278 -1.4431981 -0.6290818
8 0.1039452 -0.6709466 0.0498612
5
-114.673     ts77     dynamics     sesquiterpene     TS     runpoint      28     runisomer      171
6 -0.0897520 0.6206290 -0.0246426
1 -0.7731707 0.9095791 0.9371320
1 -0.2566118 1.4172799 -0.8653186
1 -0.0952711 -1.3236297 -0.6653706
8 0.1102921 -0.6658842 0.0558784
5
-114.686     ts77     dynamics     sesquiterpene     TS     runpoint      29     runisomer      171
6 -0.0923288 0.6132538 -0.0283655
1 -0.7773493 0.8989726 0.8940291
1 -0.2484027 1.3411757 -0.8296952
1 -0.1757764 -1.1872965 -0.6960564
8 0.1170456 -0.6634768 0.0610750
5
-114.696     ts77     dynamics     sesquiterpene     TS     runpoint      30     runisomer      171
6 -0.0974684 0.6097843 -0.0290583
1 -0.7656272 0.8894671 0.8343501
1 -0.2359533 1.2532020 -0.8014642
1 -0.2539037 -1.0493490 -0.7281870
8 0.1243036 -0.6634230 0.0655996
5
-114.696     ts77     dynamics     sesquiterpene     TS     runpoint      31     runisomer      171
6 -0.1043628 0.6089205 -0.0251740
1 -0.7444250 0.8849419 0.7687077
1 -0.2224877 1.1736506 -0.8050872
1 -0.3285402 -0.9194698 -0.7627383
8 0.1319980 -0.6656607 0.0692273
5
-114.686     ts77     dynamics     sesquiterpene     TS     runpoint      32     runisomer      171
6 -0.1116221 0.6094290 -0.0162337
1 -0.7268278 0.8916888 0.7145088
1 -0.2103389 1.1173930 -0.8608355
1 -0.3939130 -0.8028531 -0.7910193
8 0.1396915 -0.6702699 0.0712289
5
-114.678     ts77     dynamics     sesquiterpene     TS     runpoint      33     runisomer      171
6 -0.1177041 0.6114502 -0.0049058
1 -0.7304785 0.9176865 0.6919408
1 -0.1980705 1.0780420 -0.9571662
1 -0.4429817 -0.7048326 -0.8029710
8 0.1468070 -0.6771208 0.0709744
5
-114.673     ts77     dynamics     sesquiterpene     TS     runpoint      34     runisomer      171
6 -0.1218342 0.6157203 0.0053645
1 -0.7633103 0.9662033 0.7071158
1 -0.1840033 1.0425644 -1.0616997
1 -0.4715978 -0.6308492 -0.7934622
8 0.1528941 -0.6858079 0.0682989
5
-114.67     ts77     dynamics     sesquiterpene     TS     runpoint      35     runisomer      171
6 -0.1246574 0.6228902 0.0135455
1 -0.8135914 1.0296466 0.7436328
1 -0.1685623 1.0054686 -1.1492261
1 -0.4795875 -0.5849597 -0.7631234
8 0.1577141 -0.6957393 0.0634635
5
-114.665     ts77     dynamics     sesquiterpene     TS     runpoint      36     runisomer      171
6 -0.1271997 0.6333255 0.0200866
1 -0.8635238 1.0956555 0.7802004
1 -0.1532576 0.9668461 -1.2066973
1 -0.4707213 -0.5698379 -0.7181006
8 0.1612483 -0.7062466 0.0570376
5
-114.656     ts77     dynamics     sesquiterpene     TS     runpoint      37     runisomer      171
6 -0.1300080 0.6469812 0.0254931
1 -0.9009273 1.1544257 0.8032927
1 -0.1396996 0.9287363 -1.2284689
1 -0.4533197 -0.5869876 -0.6703732
8 0.1637636 -0.7167130 0.0498926
5
-114.648     ts77     dynamics     sesquiterpene     TS     runpoint      38     runisomer      171
6 -0.1332069 0.6634384 0.0299598
1 -0.9197194 1.2000298 0.8069019
1 -0.1292267 0.8937551 -1.2127989
1 -0.4411224 -0.6356694 -0.6374868
8 0.1659229 -0.7266622 0.0432563
5
-114.648     ts77     dynamics     sesquiterpene     TS     runpoint      39     runisomer      171
6 -0.1367610 0.6819010 0.0334267
1 -0.9177102 1.2294517 0.7896623
1 -0.1227888 0.8650098 -1.1610689
1 -0.4484197 -0.7128596 -0.6354494
8 0.1685203 -0.7356929 0.0383547
5
-114.661     ts77     dynamics     sesquiterpene     TS     runpoint      40     runisomer      171
6 -0.1405724 0.7012264 0.0358328
1 -0.8955900 1.2419875 0.7534983
1 -0.1207893 0.8464036 -1.0795698
1 -0.4745755 -0.8149933 -0.6616367
8 0.1715107 -0.7433743 0.0353452
5
-114.681     ts77     dynamics     sesquiterpene     TS     runpoint      41     runisomer      171
6 -0.1443953 0.7200395 0.0376238
1 -0.8576158 1.2396942 0.7041840
1 -0.1228320 0.8425543 -0.9845357
1 -0.5019690 -0.9349465 -0.6946248
8 0.1738450 -0.7495438 0.0332007
5
-114.686     ts77     dynamics     sesquiterpene     TS     runpoint      42     runisomer      171
6 -0.1476154 0.7366884 0.0402755
1 -0.8138991 1.2290259 0.6534335
1 -0.1274506 0.8584518 -0.9091555
1 -0.5137860 -1.0608131 -0.7144701
8 0.1745459 -0.7544334 0.0309122
5
-114.669     ts77     dynamics     sesquiterpene     TS     runpoint      43     runisomer      171
6 -0.1490292 0.7491452 0.0454337
1 -0.7823367 1.2222421 0.6202493
1 -0.1323517 0.8986353 -0.8945783
1 -0.5020028 -1.1799463 -0.7109544
8 0.1731888 -0.7583771 0.0279956
5
-114.657     ts77     dynamics     sesquiterpene     TS     runpoint      44     runisomer      171
6 -0.1472658 0.7558089 0.0516811
1 -0.7817856 1.2323138 0.6235853
1 -0.1360317 0.9626788 -0.9444370
1 -0.4656110 -1.2819424 -0.6813261
8 0.1697748 -0.7616201 0.0243765
5
-114.667     ts77     dynamics     sesquiterpene     TS     runpoint      45     runisomer      171
6 -0.1423823 0.7569946 0.0556383
1 -0.8125520 1.2585105 0.6637470
1 -0.1383770 1.0419505 -1.0195570
1 -0.4082622 -1.3597895 -0.6278386
8 0.1645884 -0.7642500 0.0202438
5
-114.679     ts77     dynamics     sesquiterpene     TS     runpoint      46     runisomer      171
6 -0.1360328 0.7544657 0.0559007
1 -0.8555814 1.2860827 0.7220928
1 -0.1395785 1.1253991 -1.0846066
1 -0.3377662 -1.4114503 -0.5574766
8 0.1581740 -0.7660924 0.0160390
5
-114.676     ts77     dynamics     sesquiterpene     TS     runpoint      47     runisomer      171
6 -0.1298303 0.7497716 0.0526057
1 -0.8924010 1.3013795 0.7797443
1 -0.1397249 1.2040862 -1.1217461
1 -0.2667534 -1.4435711 -0.4830766
8 0.1513794 -0.7664671 0.0125342
5
-114.66     ts77     dynamics     sesquiterpene     TS     runpoint      48     runisomer      171
6 -0.1247037 0.7437692 0.0462681
1 -0.9126536 1.2973286 0.8250634
1 -0.1388021 1.2715317 -1.1243537
1 -0.2110699 -1.4743923 -0.4220087
8 0.1452465 -0.7640146 0.0107531
5
-114.645     ts77     dynamics     sesquiterpene     TS     runpoint      49     runisomer      171
6 -0.1210965 0.7368731 0.0374446
1 -0.9119028 1.2715970 0.8521126
1 -0.1367151 1.3230284 -1.0915519
1 -0.1803976 -1.5215876 -0.3853762
8 0.1404334 -0.7574903 0.0112962
5
-114.644     ts77     dynamics     sesquiterpene     TS     runpoint      50     runisomer      171
6 -0.1192063 0.7292993 0.0267351
1 -0.8890252 1.2245742 0.8584791
1 -0.1332585 1.3554000 -1.0261561
1 -0.1703013 -1.5784889 -0.3677960
8 0.1367226 -0.7472986 0.0137047
5
-114.656     ts77     dynamics     sesquiterpene     TS     runpoint      51     runisomer      171
6 -0.1190837 0.7210707 0.0148696
1 -0.8453056 1.1586084 0.8446563
1 -0.1280230 1.3677616 -0.9352613
1 -0.1712679 -1.6227292 -0.3578923
8 0.1336117 -0.7349605 0.0171299
5
-114.669     ts77     dynamics     sesquiterpene     TS     runpoint      52     runisomer      171
6 -0.1205825 0.7117570 0.0028560
1 -0.7852330 1.0783070 0.8152891
1 -0.1202440 1.3640809 -0.8331037
1 -0.1770586 -1.6374630 -0.3487948
8 0.1308300 -0.7217533 0.0209874
5
-114.676     ts77     dynamics     sesquiterpene     TS     runpoint      53     runisomer      171
6 -0.1231828 0.7000126 -0.0080035
1 -0.7187210 0.9914713 0.7823702
1 -0.1085774 1.3576860 -0.7443476
1 -0.1848986 -1.6159611 -0.3384873
8 0.1283523 -0.7084221 0.0249697
5
-114.67     ts77     dynamics     sesquiterpene     TS     runpoint      54     runisomer      171
6 -0.1259126 0.6836949 -0.0168375
1 -0.6623636 0.9090897 0.7680131
1 -0.0908306 1.3704826 -0.6980267
1 -0.1944345 -1.5602548 -0.3283000
8 0.1263348 -0.6953044 0.0289444
5
-114.664     ts77     dynamics     sesquiterpene     TS     runpoint      55     runisomer      171
6 -0.1279217 0.6620548 -0.0245557
1 -0.6317292 0.8412811 0.7954841
1 -0.0649957 1.4119528 -0.7024938
1 -0.2083790 -1.4822081 -0.3231122
8 0.1251656 -0.6823256 0.0329600
5
-114.673     ts77     dynamics     sesquiterpene     TS     runpoint      56     runisomer      171
6 -0.1296049 0.6374852 -0.0324004
1 -0.6253667 0.7917859 0.8637420
1 -0.0318921 1.4647259 -0.7374785
1 -0.2343305 -1.4049020 -0.3325698
8 0.1255804 -0.6689694 0.0373466
5
-114.68     ts77     dynamics     sesquiterpene     TS     runpoint      57     runisomer      171
6 -0.1323148 0.6134935 -0.0398618
1 -0.6286020 0.7603184 0.9471515
1 0.0054277 1.5059259 -0.7793516
1 -0.2817670 -1.3506202 -0.3671933
8 0.1284571 -0.6550020 0.0425122
5
-114.676     ts77     dynamics     sesquiterpene     TS     runpoint      58     runisomer      171
6 -0.1371743 0.5930274 -0.0458700
1 -0.6295763 0.7464350 1.0212600
1 0.0439967 1.5218846 -0.8136383
1 -0.3484688 -1.3158104 -0.4247940
8 0.1339393 -0.6419698 0.0481420
5
-114.666     ts77     dynamics     sesquiterpene     TS     runpoint      59     runisomer      171
6 -0.1447757 0.5782602 -0.0497559
1 -0.6228084 0.7495770 1.0723093
1 0.0816851 1.5074017 -0.8332433
1 -0.4188594 -1.2802933 -0.4900071
8 0.1412788 -0.6324137 0.0531874
5
-114.656     ts77     dynamics     sesquiterpene     TS     runpoint      60     runisomer      171
6 -0.1552953 0.5705468 -0.0512232
1 -0.6065701 0.7685980 1.0941948
1 0.1169825 1.4624379 -0.8353083
1 -0.4777499 -1.2319411 -0.5482570
8 0.1496370 -0.6280387 0.0567110
5
-114.653     ts77     dynamics     sesquiterpene     TS     runpoint      61     runisomer      171
6 -0.1685875 0.5703169 -0.0501106
1 -0.5808373 0.8017861 1.0849308
1 0.1488741 1.3907247 -0.8199843
1 -0.5156154 -1.1690342 -0.5907448
8 0.1583674 -0.6294023 0.0581738
5
-114.662     ts77     dynamics     sesquiterpene     TS     runpoint      62     runisomer      171
6 -0.1843047 0.5769928 -0.0462409
1 -0.5466028 0.8471052 1.0456180
1 0.1774884 1.3005336 -0.7912774
1 -0.5273248 -1.0949818 -0.6130695
8 0.1669381 -0.6362483 0.0573474
5
-114.68     ts77     dynamics     sesquiterpene     TS     runpoint      63     runisomer      171
6 -0.2020268 0.5889078 -0.0393635
1 -0.5062285 0.9027614 0.9819941
1 0.2058698 1.2063118 -0.7595207
1 -0.5118134 -1.0159434 -0.6147794
8 0.1749256 -0.6477359 0.0543044
5
-114.695     ts77     dynamics     sesquiterpene     TS     runpoint      64     runisomer      171
6 -0.2213328 0.6035065 -0.0294595
1 -0.4643165 0.9687246 0.9082386
1 0.2414151 1.1266497 -0.7417201
1 -0.4746223 -0.9412416 -0.6018948
8 0.1821880 -0.6625308 0.0495878
5
-114.696     ts77     dynamics     sesquiterpene     TS     runpoint      65     runisomer      171
6 -0.2414839 0.6182941 -0.0178121
1 -0.4273913 1.0493715 0.8493675
1 0.2907890 1.0732541 -0.7510310
1 -0.4314723 -0.8833679 -0.5909832
8 0.1891513 -0.6789870 0.0444585
5
-114.687     ts77     dynamics     sesquiterpene     TS     runpoint      66     runisomer      171
6 -0.2610588 0.6318493 -0.0071420
1 -0.3995385 1.1517778 0.8290580
1 0.3492783 1.0428852 -0.7826795
1 -0.4047289 -0.8533732 -0.6066152
8 0.1967129 -0.6955842 0.0407140
5
-114.684     ts77     dynamics     sesquiterpene     TS     runpoint      67     runisomer      171
6 -0.2786792 0.6442347 0.0011287
1 -0.3780457 1.2722023 0.8443583
1 0.4033954 1.0265627 -0.8209272
1 -0.4013915 -0.8524245 -0.6584693
8 0.2049593 -0.7114939 0.0392234
5
-114.687     ts77     dynamics     sesquiterpene     TS     runpoint      68     runisomer      171
6 -0.2934886 0.6565338 0.0074853
1 -0.3581519 1.3927877 0.8723298
1 0.4412855 1.0181692 -0.8525909
1 -0.4041914 -0.8727125 -0.7280226
8 0.2126063 -0.7265103 0.0390705
5
-114.677     ts77     dynamics     sesquiterpene     TS     runpoint      69     runisomer      171
6 -0.3049787 0.6696397 0.0125736
1 -0.3376583 1.4959543 0.8944879
1 0.4561350 1.0148189 -0.8702865
1 -0.3947567 -0.9055251 -0.7915172
8 0.2184052 -0.7405623 0.0389743
5
-114.66     ts77     dynamics     sesquiterpene     TS     runpoint      70     runisomer      171
6 -0.3128855 0.6838748 0.0166615
1 -0.3163787 1.5710310 0.9021125
1 0.4451695 1.0153062 -0.8709887
1 -0.3642714 -0.9442779 -0.8340892
8 0.2217661 -0.7535584 0.0381550
5
-114.648     ts77     dynamics     sesquiterpene     TS     runpoint      71     runisomer      171
6 -0.3171765 0.6991670 0.0198383
1 -0.2949284 1.6128405 0.8925746
1 0.4086083 1.0192558 -0.8549105
1 -0.3112354 -0.9843454 -0.8494207
8 0.2225950 -0.7653862 0.0363277
5
-114.649     ts77     dynamics     sesquiterpene     TS     runpoint      72     runisomer      171
6 -0.3180925 0.7151797 0.0222597
1 -0.2741602 1.6195832 0.8665568
1 0.3497915 1.0270547 -0.8259143
1 -0.2390261 -1.0227097 -0.8381983
8 0.2211288 -0.7758949 0.0336181
5
-114.659     ts77     dynamics     sesquiterpene     TS     runpoint      73     runisomer      171
6 -0.3162620 0.7312449 0.0243511
1 -0.2549110 1.5923271 0.8275207
1 0.2764050 1.0404166 -0.7935623
1 -0.1555161 -1.0585751 -0.8096574
8 0.2179039 -0.7848088 0.0306740
