5
-114.654160 ts77 dynamics sesquiterpene TS runpoint 1  runisomer  19
6 -0.0227388 0.6255978 -0.0190281
1 -0.3555676 1.1445909 0.9787304
1 -0.2543469 1.2414915 -0.8386242
1 0.9552736 -0.0838560 -0.0623439
8 -0.0326557 -0.7514887 0.0093762
5
-114.645 ts77 dynamics sesquiterpene TS runpoint 2  runisomer  19
6 -0.0199763 0.633365 -0.0158918
1 -0.381607 1.11508 0.910971
1 -0.268342 1.26683 -0.816676
1 1.02861 -0.0664021 -0.0850207
8 -0.0368259 -0.758153 0.0113386
5
-114.646     ts77     dynamics     sesquiterpene     TS     runpoint      3     runisomer      19
6 -0.0168027 0.6405245 -0.0107139
1 -0.4012121 1.0826261 0.8427870
1 -0.2842196 1.2924413 -0.8137303
1 1.0981959 -0.0380432 -0.1052399
8 -0.0413548 -0.7648801 0.0128392
5
-114.64     ts77     dynamics     sesquiterpene     TS     runpoint      4     runisomer      19
6 -0.0120065 0.6456071 -0.0058361
1 -0.4213846 1.0578255 0.7976104
1 -0.2992955 1.3138397 -0.8263806
1 1.1555033 0.0089035 -0.1215629
8 -0.0463429 -0.7714361 0.0138517
5
-114.633     ts77     dynamics     sesquiterpene     TS     runpoint      5     runisomer      19
6 -0.0045665 0.6475249 -0.0035699
1 -0.4499168 1.0499788 0.7948863
1 -0.3104130 1.3254671 -0.8480934
1 1.1962911 0.0807077 -0.1325303
8 -0.0519969 -0.7776369 0.0143831
5
-114.636     ts77     dynamics     sesquiterpene     TS     runpoint      6     runisomer      19
6 0.0055835 0.6462347 -0.0043348
1 -0.4849208 1.0578460 0.8312495
1 -0.3153570 1.3229760 -0.8721236
1 1.2184355 0.1810008 -0.1367275
8 -0.0584910 -0.7833266 0.0144445
5
-114.651     ts77     dynamics     sesquiterpene     TS     runpoint      7     runisomer      19
6 0.0176312 0.6425388 -0.0069066
1 -0.5150864 1.0721637 0.8852836
1 -0.3135421 1.3040725 -0.8930679
1 1.2203803 0.3097303 -0.1328629
8 -0.0658655 -0.7883759 0.0140465
5
-114.666     ts77     dynamics     sesquiterpene     TS     runpoint      8     runisomer      19
6 0.0306973 0.6373449 -0.0099557
1 -0.5301585 1.0847001 0.9365358
1 -0.3060712 1.2686124 -0.9074931
1 1.2018367 0.4628492 -0.1199694
8 -0.0740222 -0.7926825 0.0132023
5
-114.679     ts77     dynamics     sesquiterpene     TS     runpoint      9     runisomer      19
6 0.0439917 0.6314129 -0.0125465
1 -0.5252128 1.0908736 0.9721254
1 -0.2955719 1.2185229 -0.9144123
1 1.1665757 0.6327038 -0.0977593
8 -0.0827483 -0.7961681 0.0119400
5
-114.689     ts77     dynamics     sesquiterpene     TS     runpoint      10     runisomer      19
6 0.0565864 0.6252812 -0.0139727
1 -0.4998212 1.0886434 0.9852573
1 -0.2859196 1.1575743 -0.9156978
1 1.1244076 0.8100585 -0.0668385
8 -0.0917481 -0.7987618 0.0103150
5
-114.654160 ts77 dynamics sesquiterpene TS runpoint 1  runisomer  19
6 -0.0227388 0.6255978 -0.0190281
1 -0.3555676 1.1445909 0.9787304
1 -0.2543469 1.2414915 -0.8386242
1 0.9552736 -0.0838560 -0.0623439
8 -0.0326557 -0.7514887 0.0093762
5
-114.645 ts77 dynamics sesquiterpene TS runpoint 2  runisomer  19
6 -0.026254 0.618821 -0.0189718
1 -0.320686 1.16458 1.03013
1 -0.243188 1.21745 -0.877117
1 0.892033 -0.0986722 -0.0384714
8 -0.0289351 -0.745216 0.00701634
5
-114.64     ts77     dynamics     sesquiterpene     TS     runpoint      3     runisomer      19
6 -0.0315630 0.6146752 -0.0157430
1 -0.2776604 1.1721521 1.0567054
1 -0.2341901 1.1924811 -0.9242093
1 0.8551422 -0.1185868 -0.0141518
8 -0.0259053 -0.7397546 0.0043538
5
-114.636     ts77     dynamics     sesquiterpene     TS     runpoint      4     runisomer      19
6 -0.0392305 0.6143978 -0.0100351
1 -0.2287284 1.1667962 1.0551128
1 -0.2261870 1.1638435 -0.9699136
1 0.8552140 -0.1492433 0.0106034
8 -0.0237440 -0.7354741 0.0014920
5
-114.639     ts77     dynamics     sesquiterpene     TS     runpoint      5     runisomer      19
6 -0.0490973 0.6183683 -0.0028186
1 -0.1768839 1.1501011 1.0262925
1 -0.2183977 1.1304226 -1.0055511
1 0.8894536 -0.1943236 0.0360677
8 -0.0222566 -0.7324547 -0.0014651
5
-114.65     ts77     dynamics     sesquiterpene     TS     runpoint      6     runisomer      19
6 -0.0605780 0.6261210 0.0047229
1 -0.1253507 1.1264899 0.9767414
1 -0.2105942 1.0932422 -1.0253753
1 0.9424614 -0.2580854 0.0619677
8 -0.0207223 -0.7304244 -0.0043840
5
-114.66     ts77     dynamics     sesquiterpene     TS     runpoint      7     runisomer      19
6 -0.0732340 0.6365538 0.0109787
1 -0.0766168 1.1048000 0.9216524
1 -0.2029134 1.0551007 -1.0271727
1 0.9944749 -0.3463262 0.0872655
8 -0.0180588 -0.7289215 -0.0070869
5
-114.666     ts77     dynamics     sesquiterpene     TS     runpoint      8     runisomer      19
6 -0.0870740 0.6479715 0.0139011
1 -0.0305151 1.0984087 0.8854292
1 -0.1957173 1.0201540 -1.0128493
1 1.0292194 -0.4636195 0.1106491
8 -0.0132231 -0.7274932 -0.0093727
5
-114.672     ts77     dynamics     sesquiterpene     TS     runpoint      9     runisomer      19
6 -0.1023380 0.6585518 0.0123021
1 0.0167322 1.1178619 0.8874930
1 -0.1896860 0.9936307 -0.9893716
1 1.0374159 -0.6087561 0.1311254
8 -0.0056447 -0.7258400 -0.0110733
5
-114.688     ts77     dynamics     sesquiterpene     TS     runpoint      10     runisomer      19
6 -0.1188619 0.6673759 0.0077627
1 0.0679722 1.1594910 0.9203783
1 -0.1858683 0.9812888 -0.9689269
1 1.0170878 -0.7735068 0.1484503
8 0.0045634 -0.7239244 -0.0121195
5
-114.703     ts77     dynamics     sesquiterpene     TS     runpoint      11     runisomer      19
6 -0.1358377 0.6743791 0.0035342
1 0.1209284 1.2097740 0.9590111
1 -0.1850933 0.9877204 -0.9647032
1 0.9731379 -0.9460784 0.1634193
8 0.0166819 -0.7218773 -0.0125914
5
-114.707     ts77     dynamics     sesquiterpene     TS     runpoint      12     runisomer      19
6 -0.1522733 0.6797351 0.0018553
1 0.1709711 1.2568421 0.9831411
1 -0.1871913 1.0134509 -0.9814223
1 0.9145230 -1.1155362 0.1777037
8 0.0296839 -0.7198041 -0.0126988
5
-114.702     ts77     dynamics     sesquiterpene     TS     runpoint      13     runisomer      19
6 -0.1673665 0.6837742 0.0030853
1 0.2141526 1.2936156 0.9827164
1 -0.1911567 1.0535762 -1.0107150
1 0.8473998 -1.2729635 0.1927058
8 0.0427657 -0.7177595 -0.0126954
5
-114.692     ts77     dynamics     sesquiterpene     TS     runpoint      14     runisomer      19
6 -0.1805847 0.6869254 0.0065089
1 0.2479089 1.3165508 0.9548876
1 -0.1959780 1.1000701 -1.0382814
1 0.7718837 -1.4090922 0.2085638
8 0.0556170 -0.7159215 -0.0127730
5
-114.679     ts77     dynamics     sesquiterpene     TS     runpoint      15     runisomer      19
6 -0.1916416 0.6895339 0.0112383
1 0.2710597 1.3244818 0.9014601
1 -0.2010968 1.1450184 -1.0525187
1 0.6861473 -1.5144176 0.2247348
8 0.0681775 -0.7145753 -0.0130768
5
-114.669     ts77     dynamics     sesquiterpene     TS     runpoint      16     runisomer      19
6 -0.2005180 0.6917108 0.0164809
1 0.2842285 1.3185600 0.8283388
1 -0.2064780 1.1821391 -1.0473967
1 0.5900230 -1.5820491 0.2410722
8 0.0804027 -0.7139129 -0.0137561
5
-114.665     ts77     dynamics     sesquiterpene     TS     runpoint      17     runisomer      19
6 -0.2075447 0.6931856 0.0214292
1 0.2910953 1.3032939 0.7464480
1 -0.2126104 1.2070102 -1.0220536
1 0.4852556 -1.6099242 0.2584591
8 0.0922297 -0.7138684 -0.0150016
5
-114.664     ts77     dynamics     sesquiterpene     TS     runpoint      18     runisomer      19
6 -0.2135083 0.6931598 0.0251577
1 0.2999871 1.2878294 0.6722607
1 -0.2205476 1.2171652 -0.9802228
1 0.3748585 -1.6029936 0.2794715
8 0.1035999 -0.7139500 -0.0170860
5
-114.663     ts77     dynamics     sesquiterpene     TS     runpoint      19     runisomer      19
6 -0.2194776 0.6904635 0.0270080
1 0.3224421 1.2836841 0.6233646
1 -0.2318739 1.2126668 -0.9303504
1 0.2621039 -1.5756505 0.3095369
8 0.1144824 -0.7131047 -0.0204309
5
-114.663     ts77     dynamics     sesquiterpene     TS     runpoint      20     runisomer      19
6 -0.2260282 0.6843697 0.0275540
1 0.3643144 1.2952401 0.6070487
1 -0.2484590 1.1969469 -0.8856112
1 0.1473399 -1.5481978 0.3569219
8 0.1250338 -0.7099997 -0.0256184
5
-114.67     ts77     dynamics     sesquiterpene     TS     runpoint      21     runisomer      19
6 -0.2326345 0.6751671 0.0287700
1 0.4186428 1.3143424 0.6156340
1 -0.2720534 1.1765204 -0.8612824
1 0.0257605 -1.5284467 0.4260518
8 0.1357146 -0.7042562 -0.0329607
5
-114.682     ts77     dynamics     sesquiterpene     TS     runpoint      22     runisomer      19
6 -0.2382435 0.6637600 0.0325241
1 0.4723015 1.3290362 0.6359984
1 -0.3038207 1.1573701 -0.8669517
1 -0.1047172 -1.5005954 0.5083606
8 0.1467649 -0.6971717 -0.0418905
5
-114.691     ts77     dynamics     sesquiterpene     TS     runpoint      23     runisomer      19
6 -0.2420011 0.6513515 0.0391815
1 0.5144156 1.3314392 0.6576444
1 -0.3437117 1.1401407 -0.8985490
1 -0.2368268 -1.4454565 0.5873760
8 0.1577677 -0.6904025 -0.0512389
5
-114.693     ts77     dynamics     sesquiterpene     TS     runpoint      24     runisomer      19
6 -0.2434749 0.6392334 0.0477300
1 0.5384383 1.3184044 0.6740582
1 -0.3900009 1.1210027 -0.9410487
1 -0.3587863 -1.3559679 0.6488250
8 0.1679616 -0.6849225 -0.0598815
5
-114.69     ts77     dynamics     sesquiterpene     TS     runpoint      25     runisomer      19
6 -0.2425941 0.6284641 0.0567377
1 0.5414545 1.2900598 0.6818137
1 -0.4398081 1.0964020 -0.9783514
1 -0.4597682 -1.2358286 0.6838353
8 0.1766128 -0.6810783 -0.0669859
5
-114.686     ts77     dynamics     sesquiterpene     TS     runpoint      26     runisomer      19
6 -0.2395597 0.6197438 0.0649537
1 0.5236731 1.2490440 0.6799736
1 -0.4900899 1.0653529 -0.9990529
1 -0.5319690 -1.0946997 0.6883295
8 0.1831755 -0.6788879 -0.0720142
5
-114.684     ts77     dynamics     sesquiterpene     TS     runpoint      27     runisomer      19
6 -0.2348554 0.6134022 0.0713720
1 0.4888863 1.2008108 0.6704410
1 -0.5383143 1.0291721 -0.9970694
1 -0.5714998 -0.9452165 0.6624631
8 0.1873689 -0.6782305 -0.0747247
5
-114.684     ts77     dynamics     sesquiterpene     TS     runpoint      28     runisomer      19
6 -0.2293204 0.6093380 0.0750731
1 0.4457531 1.1546276 0.6592677
1 -0.5828576 0.9906796 -0.9707137
1 -0.5802661 -0.8014051 0.6115183
8 0.1892951 -0.6789092 -0.0752498
5
-114.679     ts77     dynamics     sesquiterpene     TS     runpoint      29     runisomer      19
6 -0.2240988 0.6070082 0.0751253
1 0.4079104 1.1235213 0.6574233
1 -0.6234453 0.9536784 -0.9223400
1 -0.5695500 -0.6771301 0.5481186
8 0.1896462 -0.6807009 -0.0742281
5
-114.667     ts77     dynamics     sesquiterpene     TS     runpoint      30     runisomer      19
6 -0.2200138 0.6058520 0.0710031
1 0.3878808 1.1191637 0.6761883
1 -0.6618641 0.9228166 -0.8591465
1 -0.5618484 -0.5834085 0.4922440
8 0.1897800 -0.6835210 -0.0727810
5
-114.652     ts77     dynamics     sesquiterpene     TS     runpoint      31     runisomer      19
6 -0.2165308 0.6059807 0.0636217
1 0.3858654 1.1423830 0.7161261
1 -0.7030813 0.9036673 -0.7942130
1 -0.5810293 -0.5253798 0.4618377
8 0.1911007 -0.6875314 -0.0719373
5
-114.648     ts77     dynamics     sesquiterpene     TS     runpoint      32     runisomer      19
6 -0.2119357 0.6078709 0.0553741
1 0.3903847 1.1827449 0.7650171
1 -0.7550629 0.9018350 -0.7434739
1 -0.6324559 -0.5028719 0.4588044
8 0.1938858 -0.6927953 -0.0718371
5
-114.651     ts77     dynamics     sesquiterpene     TS     runpoint      33     runisomer      19
6 -0.2049115 0.6116053 0.0483930
1 0.3898793 1.2278359 0.8084319
1 -0.8230867 0.9195348 -0.7148329
1 -0.7016332 -0.5115424 0.4714321
8 0.1972942 -0.6990068 -0.0719370
5
-114.655     ts77     dynamics     sesquiterpene     TS     runpoint      34     runisomer      19
6 -0.1956124 0.6170992 0.0432403
1 0.3781028 1.2685402 0.8366627
1 -0.9020321 0.9524703 -0.7008131
1 -0.7690610 -0.5438704 0.4862063
8 0.2002828 -0.7057324 -0.0716659
5
-114.654     ts77     dynamics     sesquiterpene     TS     runpoint      35     runisomer      19
6 -0.1851522 0.6244799 0.0393981
1 0.3533593 1.2992607 0.8452234
1 -0.9792224 0.9922765 -0.6873684
1 -0.8188279 -0.5934035 0.4931393
8 0.2019956 -0.7125924 -0.0706089
5
-114.65     ts77     dynamics     sesquiterpene     TS     runpoint      36     runisomer      19
6 -0.1745765 0.6340243 0.0361013
1 0.3169150 1.3172119 0.8338545
1 -1.0430093 1.0308559 -0.6641290
1 -0.8397700 -0.6576714 0.4858496
8 0.2016988 -0.7192646 -0.0684264
5
-114.65     ts77     dynamics     sesquiterpene     TS     runpoint      37     runisomer      19
6 -0.1644911 0.6458793 0.0325354
1 0.2723592 1.3224768 0.8063234
1 -1.0863957 1.0621076 -0.6263119
1 -0.8247547 -0.7375064 0.4606493
8 0.1987290 -0.7254300 -0.0648130
5
-114.661     ts77     dynamics     sesquiterpene     TS     runpoint      38     runisomer      19
6 -0.1552992 0.6596714 0.0278021
1 0.2258041 1.3190291 0.7710876
1 -1.1066121 1.0820003 -0.5733513
1 -0.7713737 -0.8336414 0.4165382
8 0.1926784 -0.7307567 -0.0596018
5
-114.679     ts77     dynamics     sesquiterpene     TS     runpoint      39     runisomer      19
6 -0.1474888 0.6742843 0.0209404
1 0.1858247 1.3154966 0.7416184
1 -1.1044068 1.0884153 -0.5078731
1 -0.6858641 -0.9441279 0.3568096
8 0.1838122 -0.7349413 -0.0529620
5
-114.695     ts77     dynamics     sesquiterpene     TS     runpoint      40     runisomer      19
6 -0.1414461 0.6881154 0.0112261
1 0.1610907 1.3221142 0.7327522
1 -1.0847302 1.0813717 -0.4353374
1 -0.5923393 -1.0676624 0.2928337
8 0.1737053 -0.7375080 -0.0456577
5
-114.696     ts77     dynamics     sesquiterpene     TS     runpoint      41     runisomer      19
6 -0.1368659 0.6998179 -0.0010512
1 0.1557084 1.3420306 0.7508169
1 -1.0586587 1.0638358 -0.3638337
1 -0.5328139 -1.2132025 0.2425729
8 0.1652156 -0.7372686 -0.0389270
5
-114.696     ts77     dynamics     sesquiterpene     TS     runpoint      42     runisomer      19
6 -0.1324561 0.7088329 -0.0142997
1 0.1675240 1.3672074 0.7879604
1 -1.0442228 1.0421121 -0.3026208
1 -0.5135432 -1.3821087 0.2065696
8 0.1590404 -0.7336085 -0.0329191
5
-114.696     ts77     dynamics     sesquiterpene     TS     runpoint      43     runisomer      19
6 -0.1266766 0.7151662 -0.0266668
1 0.1914270 1.3860051 0.8296059
1 -1.0594298 1.0229830 -0.2577964
1 -0.5005096 -1.5423746 0.1705216
8 0.1533358 -0.7282431 -0.0268211
5
-114.679     ts77     dynamics     sesquiterpene     TS     runpoint      44     runisomer      19
6 -0.1192660 0.7191753 -0.0371159
1 0.2224250 1.3903131 0.8632580
1 -1.1065072 1.0082354 -0.2283470
1 -0.4755178 -1.6653510 0.1285819
8 0.1472152 -0.7228463 -0.0203182
5
-114.661     ts77     dynamics     sesquiterpene     TS     runpoint      45     runisomer      19
6 -0.1115499 0.7213778 -0.0454015
1 0.2565450 1.3764986 0.8810863
1 -1.1689903 0.9947696 -0.2089694
1 -0.4360146 -1.7381107 0.0810356
8 0.1407248 -0.7181970 -0.0134533
5
-114.648     ts77     dynamics     sesquiterpene     TS     runpoint      46     runisomer      19
6 -0.1051856 0.7220967 -0.0516027
1 0.2908478 1.3441397 0.8793766
1 -1.2267219 0.9795789 -0.1950495
1 -0.3843236 -1.7559957 0.0295400
8 0.1341702 -0.7146148 -0.0063286
5
-114.645     ts77     dynamics     sesquiterpene     TS     runpoint      47     runisomer      19
6 -0.1013231 0.7213470 -0.0559694
1 0.3235063 1.2951421 0.8578511
1 -1.2657901 0.9617255 -0.1838655
1 -0.3236346 -1.7177087 -0.0244711
8 0.1278521 -0.7122541 0.0009980
5
-114.655     ts77     dynamics     sesquiterpene     TS     runpoint      48     runisomer      19
6 -0.1005612 0.7188557 -0.0589711
1 0.3542479 1.2337275 0.8197444
1 -1.2791359 0.9417186 -0.1739551
1 -0.2586926 -1.6277567 -0.0802312
8 0.1220927 -0.7109239 0.0085369
5
-114.672     ts77     dynamics     sesquiterpene     TS     runpoint      49     runisomer      19
6 -0.1031501 0.7140735 -0.0613579
1 0.3851553 1.1668711 0.7725082
1 -1.2648340 0.9207876 -0.1646024
1 -0.2011779 -1.5106684 -0.1396910
8 0.1175636 -0.7091836 0.0164581
5
-114.672     ts77     dynamics     sesquiterpene     TS     runpoint      50     runisomer      19
6 -0.1091078 0.7063031 -0.0641135
1 0.4211133 1.1038375 0.7274527
1 -1.2256944 0.9007723 -0.1556045
1 -0.1785254 -1.4349953 -0.2174845
8 0.1158758 -0.7028905 0.0256956
5
-114.665     ts77     dynamics     sesquiterpene     TS     runpoint      51     runisomer      19
6 -0.1179726 0.6951180 -0.0680682
1 0.4676108 1.0533016 0.6949944
1 -1.1710791 0.8845486 -0.1472317
1 -0.2092143 -1.4485535 -0.3386866
8 0.1180905 -0.6894406 0.0378136
5
-114.694     ts77     dynamics     sesquiterpene     TS     runpoint      52     runisomer      19
6 -0.1281334 0.6807832 -0.0732525
1 0.5249862 1.0194150 0.6768137
1 -1.1196878 0.8765981 -0.1403007
1 -0.2614845 -1.4770855 -0.4818735
8 0.1221555 -0.6742548 0.0514315
5
-114.695     ts77     dynamics     sesquiterpene     TS     runpoint      53     runisomer      19
6 -0.1367502 0.6640090 -0.0788503
1 0.5858944 1.0015667 0.6651941
1 -1.0968969 0.8825896 -0.1358858
1 -0.3102037 -1.4723955 -0.6159717
8 0.1264192 -0.6612216 0.0645318
5
-114.678     ts77     dynamics     sesquiterpene     TS     runpoint      54     runisomer      19
6 -0.1416165 0.6457466 -0.0839324
1 0.6401835 0.9974918 0.6505956
1 -1.1168953 0.9059789 -0.1340556
1 -0.3456036 -1.4255692 -0.7247679
8 0.1301421 -0.6516913 0.0760022
5
-114.669     ts77     dynamics     sesquiterpene     TS     runpoint      55     runisomer      19
6 -0.1429674 0.6274244 -0.0879647
1 0.6799498 1.0052239 0.6267774
1 -1.1664427 0.9430890 -0.1332869
1 -0.3638973 -1.3409020 -0.8004401
8 0.1329259 -0.6461073 0.0852455
5
-114.667     ts77     dynamics     sesquiterpene     TS     runpoint      56     runisomer      19
6 -0.1423526 0.6108251 -0.0907451
1 0.7007442 1.0234076 0.5911852
1 -1.2200240 0.9850233 -0.1318024
1 -0.3631566 -1.2261250 -0.8382400
8 0.1344864 -0.6446762 0.0918604
5
-114.668     ts77     dynamics     sesquiterpene     TS     runpoint      57     runisomer      19
6 -0.1410508 0.5976551 -0.0922401
1 0.7011335 1.0512062 0.5440067
1 -1.2587544 1.0232722 -0.1285495
1 -0.3423539 -1.0905612 -0.8348922
8 0.1346155 -0.6475010 0.0955360
5
-114.675     ts77     dynamics     sesquiterpene     TS     runpoint      58     runisomer      19
6 -0.1398087 0.5892658 -0.0925067
1 0.6825331 1.0883099 0.4873797
1 -1.2732337 1.0519116 -0.1232123
1 -0.3025969 -0.9466212 -0.7913698
8 0.1332651 -0.6544214 0.0962231
5
-114.684     ts77     dynamics     sesquiterpene     TS     runpoint      59     runisomer      19
6 -0.1391181 0.5864923 -0.0916086
1 0.6495646 1.1350125 0.4248549
1 -1.2604921 1.0673118 -0.1160632
1 -0.2520239 -0.8128977 -0.7240340
8 0.1308360 -0.6646806 0.0947927
5
-114.679     ts77     dynamics     sesquiterpene     TS     runpoint      60     runisomer      19
6 -0.1393910 0.5896017 -0.0895265
1 0.6101009 1.1921527 0.3609120
1 -1.2220354 1.0676355 -0.1078781
1 -0.2136897 -0.7126599 -0.6843296
8 0.1286904 -0.6769531 0.0942394
5
-114.66     ts77     dynamics     sesquiterpene     TS     runpoint      61     runisomer      19
6 -0.1408500 0.5982543 -0.0861842
1 0.5735968 1.2605376 0.2998654
1 -1.1643597 1.0531904 -0.0997354
1 -0.2107149 -0.6555576 -0.7310856
8 0.1282643 -0.6904431 0.0980071
5
-114.672     ts77     dynamics     sesquiterpene     TS     runpoint      62     runisomer      19
6 -0.1430387 0.6112538 -0.0816379
1 0.5473646 1.3389163 0.2439731
1 -1.1016976 1.0279060 -0.0926079
1 -0.2259798 -0.6349580 -0.8311083
8 0.1285733 -0.7048416 0.1039678
5
-114.681     ts77     dynamics     sesquiterpene     TS     runpoint      63     runisomer      19
6 -0.1442658 0.6268031 -0.0760866
1 0.5333899 1.4217031 0.1926911
1 -1.0585618 1.0004780 -0.0870358
1 -0.2373673 -0.6434818 -0.9289012
8 0.1283738 -0.7194611 0.1088418
5
-114.668     ts77     dynamics     sesquiterpene     TS     runpoint      64     runisomer      19
6 -0.1422085 0.6433448 -0.0697094
1 0.5289309 1.4999267 0.1442718
1 -1.0620433 0.9807888 -0.0831172
1 -0.2359326 -0.6740881 -0.9964904
8 0.1272407 -0.7336335 0.1111165
5
-114.657     ts77     dynamics     sesquiterpene     TS     runpoint      65     runisomer      19
6 -0.1363080 0.6604130 -0.0626069
1 0.5295599 1.5646653 0.0975368
1 -1.1160876 0.9699708 -0.0805475
1 -0.2192933 -0.7219337 -1.0225375
8 0.1251314 -0.7468246 0.1102102
5
-114.661     ts77     dynamics     sesquiterpene     TS     runpoint      66     runisomer      19
6 -0.1285357 0.6783422 -0.0548523
1 0.5315571 1.6095663 0.0522691
1 -1.1948696 0.9605824 -0.0786348
1 -0.1874402 -0.7840225 -1.0028371
8 0.1221310 -0.7586049 0.1058796
5
-114.669     ts77     dynamics     sesquiterpene     TS     runpoint      67     runisomer      19
6 -0.1212803 0.6971741 -0.0465305
1 0.5328685 1.6316964 0.0087989
1 -1.2690710 0.9469783 -0.0766410
1 -0.1418880 -0.8575432 -0.9380816
8 0.1184097 -0.7686420 0.0981678
5
-114.677     ts77     dynamics     sesquiterpene     TS     runpoint      68     runisomer      19
6 -0.1161773 0.7163298 -0.0377726
1 0.5334020 1.6316520 -0.0324788
1 -1.3201716 0.9280998 -0.0740675
1 -0.0868311 -0.9392488 -0.8388881
8 0.1142992 -0.7766767 0.0877832
5
-114.681     ts77     dynamics     sesquiterpene     TS     runpoint      69     runisomer      19
6 -0.1142415 0.7347382 -0.0287512
1 0.5352213 1.6135083 -0.0715583
1 -1.3391558 0.9054823 -0.0706366
1 -0.0316766 -1.0293842 -0.7413143
8 0.1104535 -0.7822438 0.0771096
5
-114.667     ts77     dynamics     sesquiterpene     TS     runpoint      70     runisomer      19
6 -0.1161348 0.7510126 -0.0196562
1 0.5424619 1.5843069 -0.1092725
1 -1.3230965 0.8817043 -0.0661725
1 0.0117664 -1.1420138 -0.7108526
8 0.1076689 -0.7840233 0.0704600
5
-114.666     ts77     dynamics     sesquiterpene     TS     runpoint      71     runisomer      19
6 -0.1221011 0.7638431 -0.0106300
1 0.5599418 1.5520384 -0.1474016
1 -1.2742523 0.8598332 -0.0605984
1 0.0464152 -1.2801250 -0.7482352
8 0.1057830 -0.7815389 0.0680926
5
-114.681     ts77     dynamics     sesquiterpene     TS     runpoint      72     runisomer      19
6 -0.1314653 0.7724287 -0.0017468
1 0.5898509 1.5216854 -0.1877973
1 -1.2025111 0.8432503 -0.0541384
1 0.0798281 -1.4112251 -0.7928896
8 0.1042985 -0.7767665 0.0663784
5
-114.674     ts77     dynamics     sesquiterpene     TS     runpoint      73     runisomer      19
6 -0.1418922 0.7765708 0.0069076
1 0.6287387 1.4925372 -0.2308504
1 -1.1311286 0.8355843 -0.0477467
1 0.1129400 -1.5107497 -0.8147343
8 0.1030885 -0.7712881 0.0635689
5
-114.652     ts77     dynamics     sesquiterpene     TS     runpoint      74     runisomer      19
6 -0.1493575 0.7763778 0.0152051
1 0.6685296 1.4603616 -0.2748985
1 -1.0982832 0.8405298 -0.0434915
1 0.1444312 -1.5684903 -0.8068183
8 0.1021306 -0.7657933 0.0593507
5
-114.635     ts77     dynamics     sesquiterpene     TS     runpoint      75     runisomer      19
6 -0.1508290 0.7719832 0.0229458
1 0.7008845 1.4216013 -0.3173292
1 -1.1298371 0.8606276 -0.0432733
1 0.1727963 -1.5807158 -0.7696529
8 0.1013986 -0.7605532 0.0538596
5
-114.644     ts77     dynamics     sesquiterpene     TS     runpoint      76     runisomer      19
6 -0.1475169 0.7636354 0.0297686
1 0.7204674 1.3753074 -0.3560297
1 -1.2041131 0.8944572 -0.0462115
1 0.1967466 -1.5464354 -0.7061007
8 0.1008533 -0.7556685 0.0473594
5
-114.664     ts77     dynamics     sesquiterpene     TS     runpoint      77     runisomer      19
6 -0.1424503 0.7517168 0.0353221
1 0.7254275 1.3228647 -0.3900204
1 -1.2812442 0.9367012 -0.0499545
1 0.2156877 -1.4697392 -0.6232539
8 0.1004075 -0.7509218 0.0403487
5
-114.676     ts77     dynamics     sesquiterpene     TS     runpoint      78     runisomer      19
6 -0.1377210 0.7365310 0.0394663
1 0.7169031 1.2673251 -0.4195453
1 -1.3353101 0.9812906 -0.0528487
1 0.2321999 -1.3723595 -0.5433337
8 0.0997661 -0.7449791 0.0342455
5
-114.661     ts77     dynamics     sesquiterpene     TS     runpoint      79     runisomer      19
6 -0.1344125 0.7182739 0.0422597
1 0.6985139 1.2129651 -0.4460835
1 -1.3547742 1.0230287 -0.0540212
1 0.2591395 -1.3144145 -0.5226038
8 0.0979740 -0.7341419 0.0325889
5
-114.646     ts77     dynamics     sesquiterpene     TS     runpoint      80     runisomer      19
6 -0.1330738 0.6972670 0.0438456
1 0.6755093 1.1648381 -0.4721769
1 -1.3363190 1.0578364 -0.0529321
1 0.3105376 -1.3310320 -0.5962321
8 0.0940196 -0.7164998 0.0376135
5
-114.678     ts77     dynamics     sesquiterpene     TS     runpoint      81     runisomer      19
6 -0.1338770 0.6742252 0.0443212
1 0.6530572 1.1277032 -0.5005637
1 -1.2817066 1.0827484 -0.0491374
1 0.3701603 -1.3567052 -0.7009322
8 0.0888417 -0.6968300 0.0454043
5
-114.686     ts77     dynamics     sesquiterpene     TS     runpoint      82     runisomer      19
6 -0.1364671 0.6502284 0.0436402
1 0.6341738 1.1042929 -0.5324822
1 -1.1975918 1.0961047 -0.0421769
1 0.4227533 -1.3526402 -0.7921370
8 0.0833638 -0.6784543 0.0532339
5
-114.681     ts77     dynamics     sesquiterpene     TS     runpoint      83     runisomer      19
6 -0.1397047 0.6265250 0.0415826
1 0.6189188 1.0943248 -0.5664828
1 -1.0979483 1.0990312 -0.0316617
1 0.4622731 -1.3114636 -0.8550036
8 0.0779886 -0.6628267 0.0602183
5
-114.673     ts77     dynamics     sesquiterpene     TS     runpoint      84     runisomer      19
6 -0.1414988 0.6042164 0.0378630
1 0.6056067 1.0949840 -0.5991536
1 -1.0075040 1.0985456 -0.0174856
1 0.4867040 -1.2364134 -0.8856224
8 0.0729385 -0.6508352 0.0661031
5
-114.662     ts77     dynamics     sesquiterpene     TS     runpoint      85     runisomer      19
6 -0.1392999 0.5841687 0.0322743
1 0.5925082 1.1022940 -0.6271582
1 -0.9576468 1.1082777 0.0005434
1 0.4950857 -1.1330592 -0.8821894
8 0.0684484 -0.6433860 0.0707076
5
-114.659     ts77     dynamics     sesquiterpene     TS     runpoint      86     runisomer      19
6 -0.1321299 0.5679655 0.0247171
1 0.5785526 1.1123012 -0.6487071
1 -0.9629925 1.1360992 0.0240251
1 0.4870373 -1.0082173 -0.8431339
8 0.0647950 -0.6414842 0.0737945
5
-114.673     ts77     dynamics     sesquiterpene     TS     runpoint      87     runisomer      19
6 -0.1217877 0.5585861 0.0153338
1 0.5633127 1.1217191 -0.6637629
1 -1.0065789 1.1713647 0.0548530
1 0.4656000 -0.8731529 -0.7728497
8 0.0620961 -0.6457770 0.0754123
5
-114.683     ts77     dynamics     sesquiterpene     TS     runpoint      88     runisomer      19
6 -0.1109573 0.5586160 0.0047317
1 0.5471917 1.1283962 -0.6737538
1 -1.0617622 1.1975737 0.0925739
1 0.4454467 -0.7470545 -0.6985780
8 0.0597357 -0.6558215 0.0769390
5
-114.669     ts77     dynamics     sesquiterpene     TS     runpoint      89     runisomer      19
6 -0.1017802 0.5687544 -0.0060635
1 0.5318362 1.1319003 -0.6814157
1 -1.1093069 1.2048725 0.1347131
1 0.4584931 -0.6482955 -0.6796665
8 0.0559957 -0.6703367 0.0816743
5
-114.661     ts77     dynamics     sesquiterpene     TS     runpoint      90     runisomer      19
6 -0.0956963 0.5878990 -0.0159427
1 0.5199908 1.1343261 -0.6905449
1 -1.1382135 1.1903847 0.1781098
1 0.5139936 -0.5778002 -0.7275749
8 0.0505060 -0.6883879 0.0899442
5
-114.674     ts77     dynamics     sesquiterpene     TS     runpoint      91     runisomer      19
6 -0.0934194 0.6137095 -0.0241043
1 0.5144183 1.1398110 -0.7050373
1 -1.1431021 1.1555774 0.2197799
1 0.5831422 -0.5370403 -0.7877368
8 0.0451040 -0.7084784 0.0981442
5
-114.676     ts77     dynamics     sesquiterpene     TS     runpoint      92     runisomer      19
6 -0.0949703 0.6434788 -0.0301576
1 0.5160353 1.1515628 -0.7269524
1 -1.1230787 1.1047783 0.2574172
1 0.6443854 -0.5284523 -0.8255994
8 0.0410494 -0.7288974 0.1040797
5
-114.674     ts77     dynamics     sesquiterpene     TS     runpoint      93     runisomer      19
6 -0.0996239 0.6748119 -0.0341638
1 0.5224185 1.1696539 -0.7548130
1 -1.0828471 1.0450293 0.2901807
1 0.6879687 -0.5515544 -0.8286827
8 0.0388609 -0.7483280 0.1069697
5
-114.674     ts77     dynamics     sesquiterpene     TS     runpoint      94     runisomer      19
6 -0.1057705 0.7057226 -0.0366887
1 0.5283770 1.1915175 -0.7840669
1 -1.0354427 0.9861384 0.3202772
1 0.7097508 -0.6040694 -0.7936961
8 0.0387414 -0.7658806 0.1066057
5
-114.677     ts77     dynamics     sesquiterpene     TS     runpoint      95     runisomer      19
6 -0.1110621 0.7345637 -0.0387505
1 0.5282497 1.2138983 -0.8094358
1 -1.0024095 0.9387870 0.3543467
1 0.7088053 -0.6822024 -0.7221749
8 0.0406999 -0.7810264 0.1030971
5
-114.681     ts77     dynamics     sesquiterpene     TS     runpoint      96     runisomer      19
6 -0.1135552 0.7602169 -0.0413467
1 0.5180989 1.2343897 -0.8272075
1 -1.0018363 0.9093375 0.3999059
1 0.6899891 -0.7801945 -0.6232193
8 0.0443629 -0.7935368 0.0970571
5
-114.687     ts77     dynamics     sesquiterpene     TS     runpoint      97     runisomer      19
6 -0.1132964 0.7821626 -0.0445805
1 0.4967627 1.2521792 -0.8364572
1 -1.0300266 0.8969636 0.4559227
1 0.6736488 -0.8914341 -0.5226924
8 0.0483228 -0.8033375 0.0902003
5
-114.68     ts77     dynamics     sesquiterpene     TS     runpoint      98     runisomer      19
6 -0.1118301 0.8000587 -0.0476208
1 0.4657415 1.2683367 -0.8392288
1 -1.0667723 0.8977403 0.5122607
1 0.7005568 -1.0160451 -0.4617946
8 0.0498018 -0.8099836 0.0852660
5
-114.676     ts77     dynamics     sesquiterpene     TS     runpoint      99     runisomer      19
6 -0.1106372 0.8135512 -0.0494369
1 0.4283355 1.2854775 -0.8399537
1 -1.0936184 0.9081473 0.5582963
1 0.7756499 -1.1555051 -0.4405402
8 0.0482285 -0.8130592 0.0824317
5
-114.678     ts77     dynamics     sesquiterpene     TS     runpoint      100     runisomer      19
6 -0.1105783 0.8224038 -0.0492245
1 0.3882828 1.3064887 -0.8439287
1 -1.1002683 0.9254373 0.5873806
1 0.8547942 -1.2902041 -0.4228153
8 0.0461460 -0.8136310 0.0795714
