5
-114.654160 ts77 dynamics sesquiterpene TS runpoint 1  runisomer  197
6 -0.0208439 0.6104445 0.0013939
1 -0.2398729 1.1864643 0.9708978
1 -0.3678344 1.0363061 -0.9530901
1 0.9509810 -0.0883155 0.1229757
8 -0.0339465 -0.7295487 -0.0099163
5
-114.647 ts77 dynamics sesquiterpene TS runpoint 2  runisomer  197
6 -0.0142306 0.603922 0.00959477
1 -0.234432 1.16305 0.966973
1 -0.397579 1.02039 -1.02943
1 0.906023 -0.064539 0.138595
8 -0.0345443 -0.723675 -0.0119955
5
-114.637     ts77     dynamics     sesquiterpene     TS     runpoint      3     runisomer      197
6 -0.0098440 0.6006904 0.0162688
1 -0.2288432 1.1346817 0.9524737
1 -0.4170648 1.0049781 -1.0830415
1 0.8891072 -0.0409107 0.1540747
8 -0.0358936 -0.7199798 -0.0136877
5
-114.627     ts77     dynamics     sesquiterpene     TS     runpoint      4     runisomer      197
6 -0.0081547 0.6007838 0.0201352
1 -0.2256273 1.1067084 0.9339474
1 -0.4232699 0.9896260 -1.1060398
1 0.9093108 -0.0168912 0.1701275
8 -0.0382462 -0.7188339 -0.0149844
5
-114.625     ts77     dynamics     sesquiterpene     TS     runpoint      5     runisomer      197
6 -0.0086247 0.6032787 0.0203227
1 -0.2278482 1.0855516 0.9203387
1 -0.4151801 0.9754158 -1.0960334
1 0.9629008 0.0122681 0.1856204
8 -0.0416402 -0.7203144 -0.0158746
5
-114.631     ts77     dynamics     sesquiterpene     TS     runpoint      6     runisomer      197
6 -0.0099540 0.6067228 0.0165525
1 -0.2379929 1.0762102 0.9190020
1 -0.3931203 0.9641022 -1.0544231
1 1.0367589 0.0549641 0.1979780
8 -0.0460476 -0.7242857 -0.0163632
5
-114.643     ts77     dynamics     sesquiterpene     TS     runpoint      7     runisomer      197
6 -0.0106835 0.6097800 0.0096029
1 -0.2564459 1.0793467 0.9304520
1 -0.3590750 0.9583350 -0.9877493
1 1.1164386 0.1196412 0.2046015
8 -0.0515043 -0.7304884 -0.0164888
5
-114.657     ts77     dynamics     sesquiterpene     TS     runpoint      8     runisomer      197
6 -0.0095299 0.6114330 0.0016498
1 -0.2811416 1.0911139 0.9477334
1 -0.3181128 0.9630257 -0.9119706
1 1.1903226 0.2110233 0.2036545
8 -0.0580508 -0.7385220 -0.0163264
5
-114.663     ts77     dynamics     sesquiterpene     TS     runpoint      9     runisomer      197
6 -0.0053124 0.6107311 -0.0038978
1 -0.3088413 1.1057983 0.9614254
1 -0.2795861 0.9873365 -0.8558915
1 1.2492973 0.3284875 0.1941757
8 -0.0656143 -0.7478527 -0.0159625
5
-114.664     ts77     dynamics     sesquiterpene     TS     runpoint      10     runisomer      197
6 0.0028308 0.6069282 -0.0040113
1 -0.3365453 1.1182401 0.9645142
1 -0.2524262 1.0410163 -0.8470645
1 1.2859873 0.4670451 0.1762037
8 -0.0740009 -0.7578959 -0.0154968
5
-114.674     ts77     dynamics     sesquiterpene     TS     runpoint      11     runisomer      197
6 0.0147439 0.6006755 0.0011023
1 -0.3621416 1.1247363 0.9540582
1 -0.2355216 1.1194338 -0.8797968
1 1.2951944 0.6189822 0.1509439
8 -0.0829712 -0.7681285 -0.0150207
5
-114.689     ts77     dynamics     sesquiterpene     TS     runpoint      12     runisomer      197
6 0.0296151 0.5939812 0.0088617
1 -0.3845731 1.1231574 0.9305850
1 -0.2219808 1.2034732 -0.9249933
1 1.2747090 0.7751190 0.1206057
8 -0.0922770 -0.7781398 -0.0146051
5
-114.693     ts77     dynamics     sesquiterpene     TS     runpoint      13     runisomer      197
6 0.0466815 0.5887068 0.0170328
1 -0.4040135 1.1130464 0.8971582
1 -0.2079055 1.2758085 -0.9610567
1 1.2259704 0.9258826 0.0879358
8 -0.1016720 -0.7876033 -0.0142985
5
-114.687     ts77     dynamics     sesquiterpene     TS     runpoint      14     runisomer      197
6 0.0653577 0.5859259 0.0243239
1 -0.4225685 1.0955754 0.8585767
1 -0.1929926 1.3266144 -0.9791052
1 1.1543764 1.0628650 0.0554074
8 -0.1109426 -0.7962475 -0.0141520
5
-114.676     ts77     dynamics     sesquiterpene     TS     runpoint      15     runisomer      197
6 0.0849279 0.5858624 0.0305182
1 -0.4445839 1.0754444 0.8203022
1 -0.1778360 1.3497296 -0.9776449
1 1.0698239 1.1807138 0.0230766
8 -0.1198655 -0.8038138 -0.0144431
5
-114.654160 ts77 dynamics sesquiterpene TS runpoint 1  runisomer  197
6 -0.0208439 0.6104445 0.0013939
1 -0.2398729 1.1864643 0.9708978
1 -0.3678344 1.0363061 -0.9530901
1 0.9509810 -0.0883155 0.1229757
8 -0.0339465 -0.7295487 -0.0099163
5
-114.647 ts77 dynamics sesquiterpene TS runpoint 2  runisomer  197
6 -0.0284674 0.6193 -0.00644085
1 -0.2435 1.20151 0.961323
1 -0.334308 1.05693 -0.871747
1 1.00768 -0.111023 0.105801
8 -0.0336834 -0.73701 -0.00747813
5
-114.646     ts77     dynamics     sesquiterpene     TS     runpoint      3     runisomer      197
6 -0.0355508 0.6287466 -0.0112813
1 -0.2445162 1.2067898 0.9390660
1 -0.3073245 1.0929044 -0.8153301
1 1.0604510 -0.1317136 0.0861353
8 -0.0333279 -0.7453935 -0.0047602
5
-114.636     ts77     dynamics     sesquiterpene     TS     runpoint      4     runisomer      197
6 -0.0409163 0.6369702 -0.0112134
1 -0.2430847 1.2029999 0.9089211
1 -0.2947520 1.1550650 -0.8093807
1 1.0980865 -0.1502582 0.0638327
8 -0.0325552 -0.7540738 -0.0018808
5
-114.635     ts77     dynamics     sesquiterpene     TS     runpoint      5     runisomer      197
6 -0.0445009 0.6436310 -0.0075156
1 -0.2405297 1.1933143 0.8797750
1 -0.2929978 1.2365718 -0.8461050
1 1.1140297 -0.1673799 0.0393375
8 -0.0311399 -0.7625192 0.0010391
5
-114.639     ts77     dynamics     sesquiterpene     TS     runpoint      6     runisomer      197
6 -0.0468205 0.6495223 -0.0033906
1 -0.2391722 1.1831572 0.8629694
1 -0.2933260 1.3172637 -0.8978899
1 1.1051283 -0.1849715 0.0133931
8 -0.0289023 -0.7702759 0.0039004
5
-114.636     ts77     dynamics     sesquiterpene     TS     runpoint      7     runisomer      197
6 -0.0483426 0.6552844 -0.0013122
1 -0.2412747 1.1777358 0.8675049
1 -0.2903049 1.3812285 -0.9437445
1 1.0707616 -0.2066471 -0.0131560
8 -0.0256515 -0.7769236 0.0066158
5
-114.634     ts77     dynamics     sesquiterpene     TS     runpoint      8     runisomer      197
6 -0.0496171 0.6614697 -0.0021803
1 -0.2474280 1.1780359 0.8938895
1 -0.2819575 1.4203158 -0.9728486
1 1.0129966 -0.2381484 -0.0394874
8 -0.0211940 -0.7820636 0.0090973
5
-114.639     ts77     dynamics     sesquiterpene     TS     runpoint      9     runisomer      197
6 -0.0514459 0.6688684 -0.0055615
1 -0.2561108 1.1801171 0.9332549
1 -0.2680126 1.4312793 -0.9805263
1 0.9379437 -0.2871413 -0.0649942
8 -0.0154237 -0.7853516 0.0112438
5
-114.648     ts77     dynamics     sesquiterpene     TS     runpoint      10     runisomer      197
6 -0.0547379 0.6783187 -0.0103784
1 -0.2649535 1.1786937 0.9731888
1 -0.2489790 1.4137932 -0.9657120
1 0.8594827 -0.3604796 -0.0899126
8 -0.0086523 -0.7866326 0.0129771
5
-114.657     ts77     dynamics     sesquiterpene     TS     runpoint      11     runisomer      197
6 -0.0601029 0.6901863 -0.0153915
1 -0.2720629 1.1703006 1.0033125
1 -0.2260051 1.3704730 -0.9308974
1 0.8075832 -0.4561999 -0.1173241
8 -0.0023560 -0.7862496 0.0143732
5
-114.659     ts77     dynamics     sesquiterpene     TS     runpoint      12     runisomer      197
6 -0.0674776 0.7037272 -0.0192099
1 -0.2765150 1.1540907 1.0172509
1 -0.2012163 1.3089264 -0.8847777
1 0.8288161 -0.5607008 -0.1558739
8 0.0005579 -0.7849287 0.0158811
5
-114.673     ts77     dynamics     sesquiterpene     TS     runpoint      13     runisomer      197
6 -0.0761493 0.7168526 -0.0199479
1 -0.2783743 1.1314646 1.0128214
1 -0.1780256 1.2449475 -0.8473261
1 0.9225688 -0.6744276 -0.2091788
8 -0.0001875 -0.7821576 0.0177114
5
-114.69     ts77     dynamics     sesquiterpene     TS     runpoint      14     runisomer      197
6 -0.0852139 0.7268608 -0.0153705
1 -0.2787092 1.1057362 0.9925035
1 -0.1599197 1.1999915 -0.8488183
1 1.0253594 -0.8030524 -0.2651908
8 -0.0009836 -0.7771121 0.0191786
5
-114.686     ts77     dynamics     sesquiterpene     TS     runpoint      15     runisomer      197
6 -0.0940773 0.7322158 -0.0052583
1 -0.2797305 1.0821530 0.9648657
1 -0.1469193 1.1828515 -0.9026382
1 1.0947299 -0.9380644 -0.3130329
8 0.0005393 -0.7700604 0.0197376
5
-114.68     ts77     dynamics     sesquiterpene     TS     runpoint      16     runisomer      197
6 -0.1023733 0.7331597 0.0067862
1 -0.2847605 1.0676293 0.9450088
1 -0.1361942 1.1815584 -0.9837901
1 1.1166923 -1.0674654 -0.3478558
8 0.0050200 -0.7616214 0.0192597
5
-114.67     ts77     dynamics     sesquiterpene     TS     runpoint      17     runisomer      197
6 -0.1096740 0.7301955 0.0164472
1 -0.2970023 1.0683231 0.9480737
1 -0.1262222 1.1825801 -1.0590484
1 1.0898795 -1.1809349 -0.3680476
8 0.0123296 -0.7523582 0.0178321
5
-114.66     ts77     dynamics     sesquiterpene     TS     runpoint      18     runisomer      197
6 -0.1156669 0.7237617 0.0216372
1 -0.3169706 1.0849863 0.9759344
1 -0.1170522 1.1793170 -1.1083354
1 1.0172821 -1.2699087 -0.3733037
8 0.0220809 -0.7427711 0.0156183
5
-114.66     ts77     dynamics     sesquiterpene     TS     runpoint      19     runisomer      197
6 -0.1203157 0.7145822 0.0225929
1 -0.3416887 1.1116852 1.0144494
1 -0.1092393 1.1696827 -1.1231298
1 0.9040238 -1.3270974 -0.3641480
8 0.0337702 -0.7333577 0.0128278
5
-114.67     ts77     dynamics     sesquiterpene     TS     runpoint      20     runisomer      197
6 -0.1237399 0.7035114 0.0204438
1 -0.3669106 1.1399765 1.0457434
1 -0.1033375 1.1536790 -1.1016831
1 0.7597046 -1.3484152 -0.3431635
8 0.0466492 -0.7244857 0.0097937
5
-114.682     ts77     dynamics     sesquiterpene     TS     runpoint      21     runisomer      197
6 -0.1261028 0.6912094 0.0163185
1 -0.3891280 1.1626539 1.0573501
1 -0.0997220 1.1327261 -1.0473528
1 0.6063695 -1.3424993 -0.3197254
8 0.0592546 -0.7157412 0.0072567
5
-114.679     ts77     dynamics     sesquiterpene     TS     runpoint      22     runisomer      197
6 -0.1276177 0.6779560 0.0114060
1 -0.4060848 1.1748063 1.0435054
1 -0.0984061 1.1105320 -0.9704327
1 0.4866068 -1.3516008 -0.3191263
8 0.0689227 -0.7045949 0.0069306
5
-114.664     ts77     dynamics     sesquiterpene     TS     runpoint      23     runisomer      197
6 -0.1285655 0.6636349 0.0073726
1 -0.4167816 1.1738545 1.0041775
1 -0.0987673 1.0954271 -0.8924178
1 0.4235341 -1.4233178 -0.3668600
8 0.0743045 -0.6883234 0.0105272
5
-114.675     ts77     dynamics     sesquiterpene     TS     runpoint      24     runisomer      197
6 -0.1292577 0.6479242 0.0062317
1 -0.4217297 1.1598769 0.9450755
1 -0.0994324 1.1011954 -0.8449950
1 0.3799535 -1.5127269 -0.4415053
8 0.0779234 -0.6703881 0.0168227
5
-114.673     ts77     dynamics     sesquiterpene     TS     runpoint      25     runisomer      197
6 -0.1298857 0.6309866 0.0083332
1 -0.4237279 1.1364900 0.8789431
1 -0.0990646 1.1368768 -0.8473526
1 0.3314533 -1.5691584 -0.5169724
8 0.0815519 -0.6549027 0.0243181
