5
-114.654160 ts77 dynamics sesquiterpene TS runpoint 1  runisomer  100
6 -0.0480442 0.6436481 -0.0014452
1 -0.1293556 1.0844319 0.8968832
1 -0.2041485 1.2147526 -0.9672393
1 0.8898155 -0.0407574 0.0535803
8 -0.0269630 -0.7622704 0.0021417
5
-114.643 ts77 dynamics sesquiterpene TS runpoint 2  runisomer  100
6 -0.0420457 0.626851 -0.000632429
1 -0.166635 1.15297 0.935871
1 -0.208605 1.21185 -0.969457
1 0.865251 -0.023052 0.0294845
8 -0.0272857 -0.75492 0.000733121
5
-114.644     ts77     dynamics     sesquiterpene     TS     runpoint      3     runisomer      100
6 -0.0371936 0.6119198 -0.0009658
1 -0.2077198 1.2218968 0.9762920
1 -0.2129155 1.1988401 -0.9582413
1 0.8767216 -0.0063543 0.0051531
8 -0.0287895 -0.7482943 -0.0007374
5
-114.642     ts77     dynamics     sesquiterpene     TS     runpoint      4     runisomer      100
6 -0.0337715 0.6001883 -0.0009152
1 -0.2482700 1.2778806 1.0009361
1 -0.2173647 1.1765270 -0.9362175
1 0.9269649 0.0133170 -0.0190770
8 -0.0316896 -0.7428537 -0.0021890
5
-114.641     ts77     dynamics     sesquiterpene     TS     runpoint      5     runisomer      100
6 -0.0310309 0.5916835 0.0004258
1 -0.2849894 1.3136881 1.0031354
1 -0.2230099 1.1481996 -0.9092328
1 1.0053744 0.0438872 -0.0427167
8 -0.0360199 -0.7388719 -0.0035443
5
-114.643     ts77     dynamics     sesquiterpene     TS     runpoint      6     runisomer      100
6 -0.0276452 0.5856663 0.0036547
1 -0.3154717 1.3260712 0.9818882
1 -0.2314731 1.1191072 -0.8857865
1 1.0957002 0.0945294 -0.0646450
8 -0.0418000 -0.7364959 -0.0047228
5
-114.647     ts77     dynamics     sesquiterpene     TS     runpoint      7     runisomer      100
6 -0.0224269 0.5812492 0.0090841
1 -0.3378644 1.3142473 0.9393967
1 -0.2442851 1.0946472 -0.8746398
1 1.1840052 0.1713373 -0.0834077
8 -0.0490629 -0.7357367 -0.0056385
5
-114.655     ts77     dynamics     sesquiterpene     TS     runpoint      8     runisomer      100
6 -0.0147205 0.5778573 0.0164212
1 -0.3510868 1.2798049 0.8808962
1 -0.2617993 1.0774393 -0.8803195
1 1.2601899 0.2747270 -0.0976159
8 -0.0577108 -0.7364540 -0.0062046
5
-114.666     ts77     dynamics     sesquiterpene     TS     runpoint      9     runisomer      100
6 -0.0042866 0.5752701 0.0244275
1 -0.3560133 1.2282227 0.8161946
1 -0.2824061 1.0658626 -0.9001834
1 1.3164806 0.4004304 -0.1060869
8 -0.0674803 -0.7384558 -0.0063504
5
-114.673     ts77     dynamics     sesquiterpene     TS     runpoint      10     runisomer      100
6 0.0091223 0.5731654 0.0309297
1 -0.3576412 1.1714700 0.7620177
1 -0.3030057 1.0558921 -0.9265724
1 1.3467107 0.5419195 -0.1079379
8 -0.0780473 -0.7415899 -0.0060347
5
-114.672     ts77     dynamics     sesquiterpene     TS     runpoint      11     runisomer      100
6 0.0260720 0.5708469 0.0333757
1 -0.3661719 1.1271518 0.7402528
1 -0.3203618 1.0437700 -0.9512762
1 1.3464221 0.6919030 -0.1027481
8 -0.0891171 -0.7457473 -0.0052688
5
-114.671     ts77     dynamics     sesquiterpene     TS     runpoint      12     runisomer      100
6 0.0470069 0.5681354 0.0304481
1 -0.3902978 1.1059452 0.7625089
1 -0.3322635 1.0268423 -0.9683335
1 1.3132634 0.8429992 -0.0908802
8 -0.1004666 -0.7508322 -0.0041476
5
-114.682     ts77     dynamics     sesquiterpene     TS     runpoint      13     runisomer      100
6 0.0714989 0.5662231 0.0234922
1 -0.4271462 1.1005116 0.8146713
1 -0.3387855 1.0027022 -0.9746549
1 1.2478367 0.9883431 -0.0736704
8 -0.1119898 -0.7566943 -0.0029027
5
-114.693     ts77     dynamics     sesquiterpene     TS     runpoint      14     runisomer      100
6 0.0980689 0.5666725 0.0147641
1 -0.4663551 1.0966640 0.8721245
1 -0.3422560 0.9709168 -0.9690442
1 1.1561872 1.1201264 -0.0521523
8 -0.1234631 -0.7630914 -0.0016853
5
-114.694     ts77     dynamics     sesquiterpene     TS     runpoint      15     runisomer      100
6 0.1246194 0.5703008 0.0059972
1 -0.4992785 1.0855767 0.9173771
1 -0.3453444 0.9333102 -0.9528726
1 1.0506786 1.2314377 -0.0274708
8 -0.1344682 -0.7697593 -0.0005337
5
-114.654160 ts77 dynamics sesquiterpene TS runpoint 1  runisomer  100
6 -0.0480442 0.6436481 -0.0014452
1 -0.1293556 1.0844319 0.8968832
1 -0.2041485 1.2147526 -0.9672393
1 0.8898155 -0.0407574 0.0535803
8 -0.0269630 -0.7622704 0.0021417
5
-114.643 ts77 dynamics sesquiterpene TS runpoint 2  runisomer  100
6 -0.054224 0.659956 -0.00555723
1 -0.0998883 1.03391 0.887882
1 -0.200044 1.2093 -0.952475
1 0.936499 -0.0605962 0.0765438
8 -0.0273837 -0.769728 0.0034169
5
-114.638     ts77     dynamics     sesquiterpene     TS     runpoint      3     runisomer      100
6 -0.0597196 0.6738383 -0.0138607
1 -0.0790807 1.0110911 0.9272089
1 -0.1975403 1.1999235 -0.9305140
1 0.9886686 -0.0832281 0.0970244
8 -0.0280176 -0.7766882 0.0044946
5
-114.639     ts77     dynamics     sesquiterpene     TS     runpoint      4     runisomer      100
6 -0.0640289 0.6846571 -0.0238678
1 -0.0653062 1.0100467 0.9977486
1 -0.1985216 1.1936146 -0.9117179
1 1.0327346 -0.1098967 0.1137421
8 -0.0283692 -0.7826611 0.0053203
5
-114.636     ts77     dynamics     sesquiterpene     TS     runpoint      5     runisomer      100
6 -0.0668795 0.6922834 -0.0318336
1 -0.0573971 1.0208948 1.0681207
1 -0.2049407 1.1977573 -0.9078975
1 1.0593669 -0.1428287 0.1258226
8 -0.0280036 -0.7872520 0.0058599
5
-114.628     ts77     dynamics     sesquiterpene     TS     runpoint      6     runisomer      100
6 -0.0683151 0.6968545 -0.0355428
1 -0.0547490 1.0372829 1.1168380
1 -0.2175979 1.2152418 -0.9236006
1 1.0627567 -0.1857117 0.1329080
8 -0.0265122 -0.7901142 0.0061154
5
-114.625     ts77     dynamics     sesquiterpene     TS     runpoint      7     runisomer      100
6 -0.0687857 0.6990726 -0.0348337
1 -0.0567258 1.0557305 1.1338836
1 -0.2353161 1.2416631 -0.9513958
1 1.0397944 -0.2440746 0.1351670
8 -0.0234727 -0.7909271 0.0061168
5
-114.634     ts77     dynamics     sesquiterpene     TS     runpoint      8     runisomer      100
6 -0.0690558 0.7000161 -0.0307094
1 -0.0625051 1.0741596 1.1164840
1 -0.2556597 1.2687278 -0.9780386
1 0.9901648 -0.3249379 0.1333145
8 -0.0184997 -0.7894051 0.0059134
5
-114.652     ts77     dynamics     sesquiterpene     TS     runpoint      9     runisomer      100
6 -0.0699526 0.7006900 -0.0244646
1 -0.0711210 1.0914585 1.0671129
1 -0.2762030 1.2889686 -0.9924496
1 0.9194300 -0.4339979 0.1288847
8 -0.0115358 -0.7854033 0.0055251
5
-114.672     ts77     dynamics     sesquiterpene     TS     runpoint      10     runisomer      100
6 -0.0720397 0.7016065 -0.0174873
1 -0.0816178 1.1081351 0.9945404
1 -0.2951624 1.2975834 -0.9885889
1 0.8506206 -0.5683701 0.1255820
8 -0.0037821 -0.7792163 0.0048262
5
-114.678     ts77     dynamics     sesquiterpene     TS     runpoint      11     runisomer      100
6 -0.0753532 0.7023980 -0.0114627
1 -0.0933062 1.1281459 0.9168393
1 -0.3115457 1.2923973 -0.9654129
1 0.8418393 -0.7141270 0.1319827
8 0.0010225 -0.7715576 0.0033371
5
-114.681     ts77     dynamics     sesquiterpene     TS     runpoint      12     runisomer      100
6 -0.0794181 0.7017755 -0.0083383
1 -0.1059951 1.1602219 0.8609015
1 -0.3253326 1.2737285 -0.9269023
1 0.9207891 -0.8706640 0.1528909
8 0.0007638 -0.7620710 0.0007715
5
-114.701     ts77     dynamics     sesquiterpene     TS     runpoint      13     runisomer      100
6 -0.0835684 0.6984229 -0.0089902
1 -0.1195852 1.2119865 0.8468518
1 -0.3379682 1.2449369 -0.8828578
1 1.0135547 -1.0339212 0.1769916
8 -0.0003173 -0.7507142 -0.0021482
5
-114.698     ts77     dynamics     sesquiterpene     TS     runpoint      14     runisomer      100
6 -0.0871978 0.6920902 -0.0115747
1 -0.1330388 1.2778647 0.8679829
1 -0.3527917 1.2128683 -0.8487827
1 1.0722069 -1.1851852 0.1959680
8 0.0004906 -0.7385598 -0.0048837
5
-114.679     ts77     dynamics     sesquiterpene     TS     runpoint      15     runisomer      100
6 -0.0898310 0.6833708 -0.0128987
1 -0.1444925 1.3422598 0.9019377
1 -0.3740707 1.1856170 -0.8406990
1 1.0864681 -1.3110131 0.2075212
8 0.0036287 -0.7264286 -0.0072689
5
-114.658     ts77     dynamics     sesquiterpene     TS     runpoint      16     runisomer      100
6 -0.0912860 0.6731326 -0.0110642
1 -0.1523689 1.3917957 0.9307897
1 -0.4034419 1.1661855 -0.8638848
1 1.0598833 -1.4048485 0.2117725
8 0.0087413 -0.7147304 -0.0092720
5
-114.646     ts77     dynamics     sesquiterpene     TS     runpoint      17     runisomer      100
6 -0.0918108 0.6625492 -0.0062304
1 -0.1558309 1.4189149 0.9450311
1 -0.4374206 1.1496162 -0.9078260
1 0.9985757 -1.4633681 0.2094176
8 0.0153552 -0.7037645 -0.0108799
5
-114.645     ts77     dynamics     sesquiterpene     TS     runpoint      18     runisomer      100
6 -0.0918249 0.6529298 0.0003995
1 -0.1547302 1.4203968 0.9409144
1 -0.4701224 1.1285199 -0.9553527
1 0.9068242 -1.4829483 0.2010237
8 0.0231359 -0.6940768 -0.0120719
5
-114.653     ts77     dynamics     sesquiterpene     TS     runpoint      19     runisomer      100
6 -0.0916212 0.6454357 0.0075755
1 -0.1495188 1.3960876 0.9185237
1 -0.4969617 1.0981948 -0.9922470
1 0.7870659 -1.4587027 0.1871912
8 0.0318900 -0.6865378 -0.0128492
5
-114.671     ts77     dynamics     sesquiterpene     TS     runpoint      20     runisomer      100
6 -0.0913680 0.6406911 0.0141899
1 -0.1411180 1.3491756 0.8818708
1 -0.5155937 1.0575246 -1.0097763
1 0.6467145 -1.3914971 0.1702477
8 0.0411866 -0.6816924 -0.0133297
5
-114.686     ts77     dynamics     sesquiterpene     TS     runpoint      21     runisomer      100
6 -0.0912089 0.6383313 0.0190081
1 -0.1307206 1.2880846 0.8410205
1 -0.5252887 1.0083022 -1.0040941
1 0.5175731 -1.3134214 0.1602945
8 0.0491592 -0.6778881 -0.0141021
5
-114.653     ts77     dynamics     sesquiterpene     TS     runpoint      22     runisomer      100
6 -0.0912113 0.6369672 0.0204603
1 -0.1196334 1.2284617 0.8146977
1 -0.5267508 0.9545345 -0.9759337
1 0.4763504 -1.3289492 0.1879357
8 0.0511500 -0.6687395 -0.0170493
5
-114.65     ts77     dynamics     sesquiterpene     TS     runpoint      23     runisomer      100
6 -0.0912227 0.6352376 0.0172956
1 -0.1089537 1.1885747 0.8250860
1 -0.5230803 0.9023608 -0.9318024
1 0.5122431 -1.4381642 0.2584187
8 0.0479916 -0.6547586 -0.0225515
5
-114.677     ts77     dynamics     sesquiterpene     TS     runpoint      24     runisomer      100
6 -0.0907532 0.6332405 0.0105499
1 -0.0991594 1.1736759 0.8769290
1 -0.5211662 0.8597265 -0.8859896
1 0.5561462 -1.5351373 0.3393608
8 0.0441342 -0.6435234 -0.0287445
5
-114.664     ts77     dynamics     sesquiterpene     TS     runpoint      25     runisomer      100
6 -0.0889214 0.6322357 0.0039333
1 -0.0907431 1.1727173 0.9497599
1 -0.5314409 0.8347709 -0.8590061
1 0.5867430 -1.5826628 0.4154407
8 0.0409478 -0.6381389 -0.0348647
5
-114.645     ts77     dynamics     sesquiterpene     TS     runpoint      26     runisomer      100
6 -0.0849486 0.6333005 0.0008190
1 -0.0847416 1.1732944 1.0190108
1 -0.5618631 0.8321000 -0.8642779
1 0.6007198 -1.5748846 0.4809192
8 0.0386250 -0.6392933 -0.0406870
5
-114.642     ts77     dynamics     sesquiterpene     TS     runpoint      27     runisomer      100
6 -0.0789870 0.6370547 0.0018891
1 -0.0821492 1.1685113 1.0691374
1 -0.6095170 0.8495382 -0.8930648
1 0.5969962 -1.5127547 0.5321783
8 0.0372249 -0.6468182 -0.0460655
5
-114.655     ts77     dynamics     sesquiterpene     TS     runpoint      28     runisomer      100
6 -0.0719499 0.6436759 0.0059763
1 -0.0834377 1.1557562 1.0929730
1 -0.6633714 0.8806596 -0.9236527
1 0.5737699 -1.3990640 0.5658081
8 0.0368825 -0.6601026 -0.0508280
