5
-114.654160 ts77 dynamics sesquiterpene TS runpoint 1  runisomer  200
6 -0.0173005 0.6215566 -0.0013373
1 -0.2665550 1.0851233 0.9336090
1 -0.3756662 1.1232010 -0.9734678
1 0.9637548 -0.0900000 0.0923889
8 -0.0352351 -0.7368688 -0.0023062
5
-114.649 ts77 dynamics sesquiterpene TS runpoint 2  runisomer  200
6 -0.0173819 0.613095 0.00500751
1 -0.217751 1.08705 0.946098
1 -0.384636 1.10829 -1.04726
1 0.913701 -0.0529255 0.13345
8 -0.0345304 -0.732039 -0.00579058
5
-114.638     ts77     dynamics     sesquiterpene     TS     runpoint      3     runisomer      200
6 -0.0191415 0.6067086 0.0087514
1 -0.1727272 1.0952472 0.9615196
1 -0.3826874 1.0863850 -1.0934648
1 0.8883755 -0.0143756 0.1734438
8 -0.0345736 -0.7288128 -0.0091806
5
-114.629     ts77     dynamics     sesquiterpene     TS     runpoint      4     runisomer      200
6 -0.0229177 0.6028610 0.0095901
1 -0.1336804 1.1088940 0.9767009
1 -0.3690066 1.0583540 -1.1066994
1 0.8985786 0.0262073 0.2129087
8 -0.0357069 -0.7275770 -0.0124210
5
-114.628     ts77     dynamics     sesquiterpene     TS     runpoint      5     runisomer      200
6 -0.0282340 0.6013611 0.0078329
1 -0.1027348 1.1261422 0.9873645
1 -0.3440682 1.0265739 -1.0860880
1 0.9433944 0.0728576 0.2505491
8 -0.0380644 -0.7284756 -0.0154462
5
-114.636     ts77     dynamics     sesquiterpene     TS     runpoint      6     runisomer      200
6 -0.0337755 0.6013928 0.0043341
1 -0.0820263 1.1448551 0.9896747
1 -0.3095718 0.9947644 -1.0353160
1 1.0115936 0.1326156 0.2826394
8 -0.0416825 -0.7314405 -0.0181885
5
-114.648     ts77     dynamics     sesquiterpene     TS     runpoint      7     runisomer      200
6 -0.0378706 0.6018048 0.0005499
1 -0.0734587 1.1630604 0.9812917
1 -0.2690930 0.9688814 -0.9657176
1 1.0890757 0.2114266 0.3047568
8 -0.0465847 -0.7362329 -0.0206022
5
-114.654     ts77     dynamics     sesquiterpene     TS     runpoint      8     runisomer      200
6 -0.0389427 0.6012568 -0.0012639
1 -0.0783826 1.1791370 0.9619819
1 -0.2288419 0.9586566 -0.9011814
1 1.1640164 0.3107314 0.3136751
8 -0.0527307 -0.7424484 -0.0226539
5
-114.653     ts77     dynamics     sesquiterpene     TS     runpoint      9     runisomer      200
6 -0.0357984 0.5983867 0.0015062
1 -0.0974234 1.1920392 0.9340979
1 -0.1959520 0.9763235 -0.8742010
1 1.2276362 0.4273797 0.3080027
8 -0.0599739 -0.7495710 -0.0243192
5
-114.655     ts77     dynamics     sesquiterpene     TS     runpoint      10     runisomer      200
6 -0.0280264 0.5927098 0.0093530
1 -0.1306169 1.2016736 0.9028732
1 -0.1724163 1.0253474 -0.8965009
1 1.2736135 0.5555349 0.2880850
8 -0.0680952 -0.7570828 -0.0255797
5
-114.668     ts77     dynamics     sesquiterpene     TS     runpoint      11     runisomer      200
6 -0.0159205 0.5852701 0.0195352
1 -0.1777886 1.2089212 0.8753149
1 -0.1543729 1.0923363 -0.9442719
1 1.2976138 0.6883063 0.2556255
8 -0.0768555 -0.7645449 -0.0264289
5
-114.676     ts77     dynamics     sesquiterpene     TS     runpoint      12     runisomer      200
6 0.0001168 0.5776593 0.0290269
1 -0.2386629 1.2143609 0.8568380
1 -0.1383312 1.1595304 -0.9893330
1 1.2969510 0.8185863 0.2132028
8 -0.0860241 -0.7716211 -0.0268754
5
-114.674     ts77     dynamics     sesquiterpene     TS     runpoint      13     runisomer      200
6 0.0196775 0.5713224 0.0363150
1 -0.3120820 1.2162735 0.8479108
1 -0.1229724 1.2145795 -1.0164551
1 1.2705652 0.9394446 0.1638364
8 -0.0953804 -0.7780720 -0.0269620
5
-114.67     ts77     dynamics     sesquiterpene     TS     runpoint      14     runisomer      200
6 0.0421439 0.5674980 0.0412735
1 -0.3949087 1.2103877 0.8438030
1 -0.1081404 1.2505802 -1.0207326
1 1.2193369 1.0445883 0.1105199
8 -0.1047241 -0.7837264 -0.0267955
5
-114.668     ts77     dynamics     sesquiterpene     TS     runpoint      15     runisomer      200
6 0.0666054 0.5670439 0.0445967
1 -0.4819645 1.1922642 0.8372484
1 -0.0945765 1.2640249 -1.0029226
1 1.1468325 1.1290902 0.0560724
8 -0.1138781 -0.7884154 -0.0265687
5
-114.668     ts77     dynamics     sesquiterpene     TS     runpoint      16     runisomer      200
6 0.0917217 0.5702492 0.0470178
1 -0.5663409 1.1596002 0.8219709
1 -0.0847358 1.2538300 -0.9667235
1 1.0612010 1.1900492 0.0046326
8 -0.1226311 -0.7919601 -0.0264639
5
-114.667     ts77     dynamics     sesquiterpene     TS     runpoint      17     runisomer      200
6 0.1155563 0.5767458 0.0490288
1 -0.6404472 1.1128378 0.7947592
1 -0.0820879 1.2210790 -0.9182247
1 0.9769633 1.2286090 -0.0386267
8 -0.1307034 -0.7942537 -0.0265897
5
-114.654160 ts77 dynamics sesquiterpene TS runpoint 1  runisomer  200
6 -0.0173005 0.6215566 -0.0013373
1 -0.2665550 1.0851233 0.9336090
1 -0.3756662 1.1232010 -0.9734678
1 0.9637548 -0.0900000 0.0923889
8 -0.0352351 -0.7368688 -0.0023062
5
-114.649 ts77 dynamics sesquiterpene TS runpoint 2  runisomer  200
6 -0.0181654 0.631226 -0.00915985
1 -0.316521 1.08865 0.924926
1 -0.358871 1.13327 -0.884619
1 1.02221 -0.125149 0.0497449
8 -0.036179 -0.742765 0.00119838
5
-114.651     ts77     dynamics     sesquiterpene     TS     runpoint      3     runisomer      200
6 -0.0190865 0.6408568 -0.0162370
1 -0.3645139 1.0954019 0.9188307
1 -0.3414584 1.1468903 -0.8044533
1 1.0739941 -0.1586251 0.0058939
8 -0.0368230 -0.7491648 0.0046024
5
-114.638     ts77     dynamics     sesquiterpene     TS     runpoint      4     runisomer      200
6 -0.0191600 0.6488397 -0.0196718
1 -0.4074062 1.1025947 0.9133913
1 -0.3340874 1.1790612 -0.7641609
1 1.1083102 -0.1918783 -0.0380889
8 -0.0366918 -0.7555391 0.0077529
5
-114.627     ts77     dynamics     sesquiterpene     TS     runpoint      5     runisomer      200
6 -0.0182084 0.6544026 -0.0181220
1 -0.4428567 1.1078402 0.9071974
1 -0.3410882 1.2367090 -0.7772002
1 1.1185670 -0.2277910 -0.0808308
8 -0.0353770 -0.7614121 0.0104937
5
-114.631     ts77     dynamics     sesquiterpene     TS     runpoint      6     runisomer      200
6 -0.0172523 0.6587081 -0.0130298
1 -0.4697745 1.1096288 0.8996642
1 -0.3541063 1.3054377 -0.8249412
1 1.1012626 -0.2710536 -0.1209480
8 -0.0324867 -0.7663586 0.0126830
5
-114.639     ts77     dynamics     sesquiterpene     TS     runpoint      7     runisomer      200
6 -0.0175755 0.6634636 -0.0064719
1 -0.4883997 1.1075091 0.8909078
1 -0.3628660 1.3655966 -0.8818417
1 1.0551581 -0.3285559 -0.1572873
8 -0.0276132 -0.7699606 0.0141882
5
-114.647     ts77     dynamics     sesquiterpene     TS     runpoint      8     runisomer      200
6 -0.0200969 0.6697775 0.0001941
1 -0.5002613 1.1021178 0.8819485
1 -0.3617964 1.4051284 -0.9313799
1 0.9819699 -0.4085636 -0.1893143
8 -0.0204299 -0.7718076 0.0148891
5
-114.659     ts77     dynamics     sesquiterpene     TS     runpoint      9     runisomer      200
6 -0.0252700 0.6780805 0.0062022
1 -0.5079577 1.0950448 0.8749316
1 -0.3489803 1.4188865 -0.9648884
1 0.8913070 -0.5166119 -0.2184133
8 -0.0111588 -0.7716501 0.0147666
5
-114.67     ts77     dynamics     sesquiterpene     TS     runpoint      10     runisomer      200
6 -0.0329940 0.6881756 0.0110390
1 -0.5146244 1.0883538 0.8727717
1 -0.3243950 1.4055968 -0.9780312
1 0.8149972 -0.6482806 -0.2526468
8 -0.0016850 -0.7696675 0.0142579
5
-114.669     ts77     dynamics     sesquiterpene     TS     runpoint      11     runisomer      200
6 -0.0426085 0.6992608 0.0143105
1 -0.5230674 1.0836318 0.8779538
1 -0.2891924 1.3664307 -0.9692665
1 0.8116407 -0.7935893 -0.3128505
8 0.0040536 -0.7660628 0.0147168
5
-114.688     ts77     dynamics     sesquiterpene     TS     runpoint      12     runisomer      200
6 -0.0531888 0.7102349 0.0158943
1 -0.5347424 1.0810813 0.8909171
1 -0.2456522 1.3054755 -0.9405672
1 0.8698417 -0.9537996 -0.4004744
8 0.0063165 -0.7601995 0.0164242
5
-114.711     ts77     dynamics     sesquiterpene     TS     runpoint      13     runisomer      200
6 -0.0639311 0.7199856 0.0163779
1 -0.5491760 1.0795583 0.9091037
1 -0.1973528 1.2316072 -0.9006260
1 0.9212075 -1.1143916 -0.4872129
8 0.0090063 -0.7526463 0.0178625
5
-114.7     ts77     dynamics     sesquiterpene     TS     runpoint      14     runisomer      200
6 -0.0742451 0.7271755 0.0174987
1 -0.5644350 1.0774360 0.9276474
1 -0.1488542 1.1601387 -0.8696076
1 0.9365333 -1.2559508 -0.5562064
8 0.0136843 -0.7444830 0.0182459
5
-114.671     ts77     dynamics     sesquiterpene     TS     runpoint      15     runisomer      200
6 -0.0837908 0.7304005 0.0216808
1 -0.5783902 1.0735687 0.9413831
1 -0.1033333 1.1085438 -0.8754272
1 0.9121655 -1.3665890 -0.6023754
8 0.0203921 -0.7364355 0.0175185
5
-114.651     ts77     dynamics     sesquiterpene     TS     runpoint      16     runisomer      200
6 -0.0925059 0.7292780 0.0295450
1 -0.5899319 1.0677178 0.9470451
1 -0.0603299 1.0826483 -0.9263185
1 0.8517067 -1.4395726 -0.6249409
8 0.0287572 -0.7289938 0.0158911
5
-114.65     ts77     dynamics     sesquiterpene     TS     runpoint      17     runisomer      200
6 -0.1002061 0.7246079 0.0386967
1 -0.5995463 1.0604356 0.9443624
1 -0.0196097 1.0745294 -0.9974345
1 0.7595403 -1.4699575 -0.6240243
8 0.0383809 -0.7226050 0.0136174
5
-114.657     ts77     dynamics     sesquiterpene     TS     runpoint      18     runisomer      200
6 -0.1064323 0.7172406 0.0461944
1 -0.6090913 1.0527896 0.9355260
1 0.0165366 1.0754684 -1.0593524
1 0.6398238 -1.4535731 -0.6001267
8 0.0489191 -0.7176870 0.0109445
5
-114.668     ts77     dynamics     sesquiterpene     TS     runpoint      19     runisomer      200
6 -0.1107493 0.7076109 0.0501138
1 -0.6209244 1.0460875 0.9237130
1 0.0454567 1.0805919 -1.0947046
1 0.4995282 -1.3909643 -0.5571392
8 0.0599213 -0.7143068 0.0082676
5
-114.68     ts77     dynamics     sesquiterpene     TS     runpoint      20     runisomer      200
6 -0.1129760 0.6958664 0.0495827
1 -0.6366262 1.0414008 0.9113066
1 0.0654143 1.0874046 -1.0963070
1 0.3576408 -1.3040999 -0.5156906
8 0.0702638 -0.7111022 0.0069383
