5
-114.654160 ts77 dynamics sesquiterpene TS runpoint 1  runisomer  213
6 -0.0427752 0.6373758 0.0131262
1 -0.2972989 1.1799866 0.9523415
1 -0.1571797 1.0897258 -0.9742075
1 1.0387763 -0.0895965 -0.1351947
8 -0.0326791 -0.7526305 0.0000477
5
-114.648 ts77 dynamics sesquiterpene TS runpoint 2  runisomer  213
6 -0.0470145 0.634633 0.022099
1 -0.240652 1.13865 0.883606
1 -0.137244 1.04876 -0.98928
1 1.00812 -0.0537884 -0.11965
8 -0.0323923 -0.747643 -0.00238293
5
-114.646     ts77     dynamics     sesquiterpene     TS     runpoint      3     runisomer      213
6 -0.0495869 0.6303497 0.0279886
1 -0.1910912 1.1119160 0.8377355
1 -0.1220189 1.0137890 -0.9983894
1 0.9729857 -0.0122869 -0.1000377
8 -0.0323312 -0.7431559 -0.0045734
5
-114.633     ts77     dynamics     sesquiterpene     TS     runpoint      4     runisomer      213
6 -0.0501421 0.6231417 0.0278323
1 -0.1547955 1.1199148 0.8476497
1 -0.1125710 0.9871879 -1.0005399
1 0.9428574 0.0367204 -0.0773326
8 -0.0328986 -0.7396632 -0.0063748
5
-114.635     ts77     dynamics     sesquiterpene     TS     runpoint      5     runisomer      213
6 -0.0491174 0.6135844 0.0222855
1 -0.1299075 1.1592192 0.9063268
1 -0.1101489 0.9714120 -0.9971722
1 0.9295491 0.0955076 -0.0526086
8 -0.0345506 -0.7376781 -0.0076811
5
-114.645     ts77     dynamics     sesquiterpene     TS     runpoint      6     runisomer      213
6 -0.0471160 0.6036428 0.0146602
1 -0.1127385 1.2081711 0.9776757
1 -0.1160489 0.9685890 -0.9916816
1 0.9441967 0.1667059 -0.0265574
8 -0.0376860 -0.7376115 -0.0084424
5
-114.65     ts77     dynamics     sesquiterpene     TS     runpoint      7     runisomer      213
6 -0.0442160 0.5945454 0.0074790
1 -0.1023033 1.2501318 1.0351675
1 -0.1313234 0.9798039 -0.9873378
1 0.9911090 0.2532903 0.0006768
8 -0.0425134 -0.7395923 -0.0086660
5
-114.654     ts77     dynamics     sesquiterpene     TS     runpoint      8     runisomer      213
6 -0.0397885 0.5865563 0.0019078
1 -0.0990511 1.2770042 1.0669406
1 -0.1563355 1.0042879 -0.9850810
1 1.0628319 0.3574432 0.0287495
8 -0.0489831 -0.7433966 -0.0083985
5
-114.661     ts77     dynamics     sesquiterpene     TS     runpoint      9     runisomer      213
6 -0.0328403 0.5797039 -0.0017350
1 -0.1035885 1.2853657 1.0693268
1 -0.1903161 1.0389888 -0.9826255
1 1.1431222 0.4777856 0.0562367
8 -0.0568289 -0.7485525 -0.0077023
5
-114.668     ts77     dynamics     sesquiterpene     TS     runpoint      10     runisomer      213
6 -0.0226420 0.5742565 -0.0035681
1 -0.1161492 1.2738600 1.0426646
1 -0.2311881 1.0789740 -0.9755812
1 1.2156132 0.6085953 0.0808478
8 -0.0656814 -0.7545032 -0.0066405
5
-114.674     ts77     dynamics     sesquiterpene     TS     runpoint      11     runisomer      213
6 -0.0090502 0.5706676 -0.0039471
1 -0.1364397 1.2424972 0.9901752
1 -0.2758481 1.1185254 -0.9596813
1 1.2693698 0.7421404 0.1003553
8 -0.0751730 -0.7607405 -0.0052797
5
-114.677     ts77     dynamics     sesquiterpene     TS     runpoint      12     runisomer      213
6 0.0076206 0.5692938 -0.0034708
1 -0.1638961 1.1935507 0.9192206
1 -0.3207708 1.1523181 -0.9326244
1 1.2990252 0.8710426 0.1132095
8 -0.0849880 -0.7668774 -0.0036810
5
-114.678     ts77     dynamics     sesquiterpene     TS     runpoint      13     runisomer      213
6 0.0269451 0.5700987 -0.0032056
1 -0.1988258 1.1339330 0.8446699
1 -0.3627223 1.1762778 -0.8948694
1 1.3025747 0.9890630 0.1186719
8 -0.0948649 -0.7726698 -0.0019055
5
-114.673     ts77     dynamics     sesquiterpene     TS     runpoint      14     runisomer      213
6 0.0488295 0.5724782 -0.0049187
1 -0.2448771 1.0769244 0.7914227
1 -0.3995003 1.1881238 -0.8494799
1 1.2793360 1.0908831 0.1168523
8 -0.1046002 -0.7780244 -0.0000118
5
-114.665     ts77     dynamics     sesquiterpene     TS     runpoint      15     runisomer      213
6 0.0742265 0.5759487 -0.0101495
1 -0.3116705 1.0339665 0.7828167
1 -0.4316517 1.1869215 -0.8005066
1 1.2286763 1.1724432 0.1077974
8 -0.1142262 -0.7829837 0.0019382
5
-114.664     ts77     dynamics     sesquiterpene     TS     runpoint      16     runisomer      213
6 0.1020256 0.5812236 -0.0168627
1 -0.3978937 1.0050619 0.8145991
1 -0.4573603 1.1732502 -0.7573514
1 1.1546844 1.2282376 0.0885363
8 -0.1233655 -0.7877733 0.0034644
5
-114.683     ts77     dynamics     sesquiterpene     TS     runpoint      17     runisomer      213
6 0.1310683 0.5885579 -0.0239311
1 -0.4922345 0.9754800 0.8636886
1 -0.4823920 1.1514068 -0.7212256
1 1.0640021 1.2566094 0.0650003
8 -0.1319183 -0.7918212 0.0048782
5
-114.684     ts77     dynamics     sesquiterpene     TS     runpoint      18     runisomer      213
6 0.1584969 0.5976486 -0.0295263
1 -0.5786340 0.9385404 0.9094417
1 -0.5090165 1.1247317 -0.6959717
1 0.9718103 1.2611414 0.0404737
8 -0.1395647 -0.7949167 0.0061448
5
-114.654160 ts77 dynamics sesquiterpene TS runpoint 1  runisomer  213
6 -0.0427752 0.6373758 0.0131262
1 -0.2972989 1.1799866 0.9523415
1 -0.1571797 1.0897258 -0.9742075
1 1.0387763 -0.0895965 -0.1351947
8 -0.0326791 -0.7526305 0.0000477
5
-114.648 ts77 dynamics sesquiterpene TS runpoint 2  runisomer  213
6 -0.037539 0.63987 0.0040484
1 -0.352419 1.21722 1.01262
1 -0.180926 1.13438 -0.955414
1 1.05829 -0.121313 -0.146034
8 -0.0328679 -0.757663 0.00255897
5
-114.64     ts77     dynamics     sesquiterpene     TS     runpoint      3     runisomer      213
6 -0.0319097 0.6427315 -0.0034573
1 -0.3998871 1.2408577 1.0488330
1 -0.2075854 1.1802814 -0.9350456
1 1.0625029 -0.1509507 -0.1518963
8 -0.0326863 -0.7623242 0.0049939
5
-114.632     ts77     dynamics     sesquiterpene     TS     runpoint      4     runisomer      213
6 -0.0264640 0.6462897 -0.0086147
1 -0.4360312 1.2471468 1.0554385
1 -0.2360343 1.2245550 -0.9144063
1 1.0493867 -0.1816050 -0.1528322
8 -0.0318756 -0.7662470 0.0072059
5
-114.629     ts77     dynamics     sesquiterpene     TS     runpoint      5     runisomer      213
6 -0.0218621 0.6508892 -0.0111268
1 -0.4586817 1.2349809 1.0318641
1 -0.2647739 1.2639213 -0.8940163
1 1.0188900 -0.2180830 -0.1492046
8 -0.0301695 -0.7691121 0.0090625
5
-114.635     ts77     dynamics     sesquiterpene     TS     runpoint      6     runisomer      213
6 -0.0188803 0.6569706 -0.0109667
1 -0.4668428 1.2048691 0.9807057
1 -0.2919787 1.2951228 -0.8742753
1 0.9731324 -0.2673296 -0.1417632
8 -0.0272966 -0.7706395 0.0104538
5
-114.648     ts77     dynamics     sesquiterpene     TS     runpoint      7     runisomer      213
6 -0.0182785 0.6649394 -0.0084111
1 -0.4613766 1.1594678 0.9086930
1 -0.3157464 1.3156036 -0.8561657
1 0.9175331 -0.3377094 -0.1318750
8 -0.0230933 -0.7706128 0.0113103
5
-114.664     ts77     dynamics     sesquiterpene     TS     runpoint      8     runisomer      213
6 -0.0203909 0.6747400 -0.0043785
1 -0.4473240 1.1058150 0.8307234
1 -0.3344621 1.3241271 -0.8415488
1 0.8646703 -0.4349815 -0.1221440
8 -0.0178854 -0.7689933 0.0116635
5
-114.669     ts77     dynamics     sesquiterpene     TS     runpoint      9     runisomer      213
6 -0.0244719 0.6852400 -0.0010046
1 -0.4378146 1.0583087 0.7758701
1 -0.3471611 1.3210915 -0.8328741
1 0.8418009 -0.5557670 -0.1174731
8 -0.0131826 -0.7660750 0.0117480
5
-114.661     ts77     dynamics     sesquiterpene     TS     runpoint      10     runisomer      213
6 -0.0287408 0.6944258 -0.0011035
1 -0.4516195 1.0340488 0.7801456
1 -0.3538027 1.3083590 -0.8325467
1 0.8808838 -0.6925192 -0.1233919
8 -0.0111563 -0.7620186 0.0119048
5
-114.677     ts77     dynamics     sesquiterpene     TS     runpoint      11     runisomer      213
6 -0.0323780 0.7013553 -0.0047537
1 -0.4913241 1.0336219 0.8457151
1 -0.3554149 1.2887073 -0.8424790
1 0.9617749 -0.8456185 -0.1373377
8 -0.0109225 -0.7563056 0.0120160
5
-114.703     ts77     dynamics     sesquiterpene     TS     runpoint      12     runisomer      213
6 -0.0361920 0.7064751 -0.0088810
1 -0.5392524 1.0427722 0.9357603
1 -0.3536880 1.2650354 -0.8634926
1 1.0321633 -1.0061954 -0.1515788
8 -0.0095876 -0.7491150 0.0116594
5
-114.699     ts77     dynamics     sesquiterpene     TS     runpoint      13     runisomer      213
6 -0.0409178 0.7101733 -0.0109504
1 -0.5800553 1.0509958 1.0173240
1 -0.3500173 1.2393367 -0.8942352
1 1.0636262 -1.1578945 -0.1617190
8 -0.0056877 -0.7412307 0.0106472
5
-114.678     ts77     dynamics     sesquiterpene     TS     runpoint      14     runisomer      213
6 -0.0467725 0.7125436 -0.0100045
1 -0.6065652 1.0539952 1.0731543
1 -0.3448564 1.2121665 -0.9306309
1 1.0492392 -1.2870549 -0.1664625
8 0.0009532 -0.7333493 0.0090111
5
-114.66     ts77     dynamics     sesquiterpene     TS     runpoint      15     runisomer      213
6 -0.0536999 0.7136080 -0.0060967
1 -0.6164052 1.0505013 1.0958359
1 -0.3379108 1.1831075 -0.9666455
1 0.9910223 -1.3840287 -0.1657944
8 0.0099971 -0.7259863 0.0068754
5
-114.653     ts77     dynamics     sesquiterpene     TS     runpoint      16     runisomer      213
6 -0.0615043 0.7134018 0.0002698
1 -0.6095080 1.0404631 1.0830042
1 -0.3288074 1.1517333 -0.9959633
1 0.8940317 -1.4417963 -0.1601262
8 0.0209517 -0.7195823 0.0043951
5
-114.661     ts77     dynamics     sesquiterpene     TS     runpoint      17     runisomer      213
6 -0.0698717 0.7119387 0.0083909
1 -0.5874933 1.0246382 1.0360192
1 -0.3175784 1.1182959 -1.0135602
1 0.7659207 -1.4562245 -0.1503144
8 0.0332044 -0.7144709 0.0017516
5
-114.678     ts77     dynamics     sesquiterpene     TS     runpoint      18     runisomer      213
6 -0.0783218 0.7090481 0.0172790
1 -0.5546168 1.0052674 0.9620235
1 -0.3047199 1.0839610 -1.0166841
1 0.6219630 -1.4324793 -0.1388159
8 0.0457289 -0.7104141 -0.0007827
5
-114.686     ts77     dynamics     sesquiterpene     TS     runpoint      19     runisomer      213
6 -0.0860045 0.7041316 0.0252105
1 -0.5205855 0.9880295 0.8799236
1 -0.2910032 1.0508363 -1.0054511
1 0.4962080 -1.4051482 -0.1331401
8 0.0564043 -0.7052740 -0.0026275
5
-114.658     ts77     dynamics     sesquiterpene     TS     runpoint      20     runisomer      213
6 -0.0914336 0.6960536 0.0293022
1 -0.5033802 0.9843592 0.8258555
1 -0.2774245 1.0219917 -0.9834952
1 0.4327238 -1.4472338 -0.1472540
8 0.0625329 -0.6945120 -0.0027864
5
-114.648     ts77     dynamics     sesquiterpene     TS     runpoint      21     runisomer      213
6 -0.0932361 0.6839267 0.0272873
1 -0.5193827 1.0058195 0.8325107
1 -0.2654137 1.0015148 -0.9586809
1 0.4136614 -1.5492484 -0.1799290
8 0.0653332 -0.6790467 -0.0012000
5
-114.664     ts77     dynamics     sesquiterpene     TS     runpoint      22     runisomer      213
6 -0.0920323 0.6686581 0.0211570
1 -0.5607933 1.0472200 0.8851269
1 -0.2568635 0.9940302 -0.9422112
1 0.4013492 -1.6389067 -0.2175161
8 0.0672716 -0.6640783 0.0014125
5
-114.661     ts77     dynamics     sesquiterpene     TS     runpoint      23     runisomer      213
6 -0.0895169 0.6523559 0.0146651
1 -0.6073483 1.0922607 0.9457111
1 -0.2533894 1.0029627 -0.9429454
1 0.3820398 -1.6805118 -0.2526369
8 0.0693123 -0.6526256 0.0047241
5
-114.648     ts77     dynamics     sesquiterpene     TS     runpoint      24     runisomer      213
6 -0.0869275 0.6370386 0.0096356
1 -0.6459127 1.1288233 0.9901052
1 -0.2551235 1.0279013 -0.9602255
1 0.3525576 -1.6638480 -0.2827883
8 0.0717619 -0.6460584 0.0086873
5
-114.644     ts77     dynamics     sesquiterpene     TS     runpoint      25     runisomer      213
6 -0.0850311 0.6243953 0.0060331
1 -0.6708768 1.1507191 1.0082552
1 -0.2604985 1.0638131 -0.9843937
1 0.3129979 -1.5907569 -0.3079054
8 0.0747386 -0.6448184 0.0133504
