5
-114.654160 ts77 dynamics sesquiterpene TS runpoint 1  runisomer  25
6 -0.0110085 0.6470230 0.0103127
1 -0.3196804 1.0954448 0.9507963
1 -0.3350772 0.9971398 -0.9938954
1 0.9153771 -0.0688281 0.0045475
8 -0.0361184 -0.7500153 -0.0053082
5
-114.647 ts77 dynamics sesquiterpene TS runpoint 2  runisomer  25
6 -0.0113533 0.65367 0.0137033
1 -0.311694 1.05708 0.871239
1 -0.314022 1.0373 -0.973069
1 0.886549 -0.0384079 -0.020601
8 -0.0358731 -0.757031 -0.00256682
5
-114.64     ts77     dynamics     sesquiterpene     TS     runpoint      3     runisomer      25
6 -0.0125826 0.6588164 0.0134972
1 -0.3138207 1.0393208 0.8253880
1 -0.2900745 1.0826846 -0.9455604
1 0.8870279 -0.0073298 -0.0459001
8 -0.0363553 -0.7645926 0.0003363
5
-114.631     ts77     dynamics     sesquiterpene     TS     runpoint      4     runisomer      25
6 -0.0136329 0.6610141 0.0079422
1 -0.3355733 1.0541502 0.8411484
1 -0.2650150 1.1320553 -0.9170792
1 0.9180452 0.0277754 -0.0709529
8 -0.0377299 -0.7725004 0.0032931
5
-114.641     ts77     dynamics     sesquiterpene     TS     runpoint      5     runisomer      25
6 -0.0142278 0.6601623 -0.0009076
1 -0.3700966 1.0923234 0.9012890
1 -0.2411918 1.1848440 -0.8942028
1 0.9733971 0.0735149 -0.0943885
8 -0.0400972 -0.7804754 0.0061766
5
-114.655     ts77     dynamics     sesquiterpene     TS     runpoint      6     runisomer      25
6 -0.0143884 0.6567876 -0.0096838
1 -0.4029923 1.1357114 0.9695888
1 -0.2206792 1.2399470 -0.8808850
1 1.0427360 0.1379111 -0.1141323
8 -0.0435654 -0.7882076 0.0088608
5
-114.658     ts77     dynamics     sesquiterpene     TS     runpoint      7     runisomer      25
6 -0.0137306 0.6512694 -0.0165487
1 -0.4249574 1.1720830 1.0225976
1 -0.2046527 1.2939554 -0.8760235
1 1.1147387 0.2266912 -0.1280512
8 -0.0482201 -0.7953574 0.0112404
5
-114.656     ts77     dynamics     sesquiterpene     TS     runpoint      8     runisomer      25
6 -0.0116917 0.6440768 -0.0210501
1 -0.4321202 1.1952462 1.0498716
1 -0.1936425 1.3410841 -0.8749890
1 1.1788297 0.3404071 -0.1344031
8 -0.0540301 -0.8015562 0.0132314
5
-114.655     ts77     dynamics     sesquiterpene     TS     runpoint      9     runisomer      25
6 -0.0077786 0.6359250 -0.0232969
1 -0.4235913 1.2022037 1.0478542
1 -0.1880894 1.3750119 -0.8730067
1 1.2260635 0.4745379 -0.1320291
8 -0.0608290 -0.8064682 0.0147670
5
-114.657     ts77     dynamics     sesquiterpene     TS     runpoint      10     runisomer      25
6 -0.0016519 0.6276636 -0.0235035
1 -0.4001262 1.1916752 1.0166444
1 -0.1885704 1.3907200 -0.8672974
1 1.2499737 0.6214041 -0.1204822
8 -0.0683803 -0.8098505 0.0157986
5
-114.665     ts77     dynamics     sesquiterpene     TS     runpoint      11     runisomer      25
6 0.0068804 0.6201007 -0.0219149
1 -0.3639996 1.1640110 0.9596552
1 -0.1957443 1.3853516 -0.8575435
1 1.2472456 0.7719754 -0.1001403
8 -0.0764332 -0.8115832 0.0162988
5
-114.674     ts77     dynamics     sesquiterpene     TS     runpoint      12     runisomer      25
6 0.0179344 0.6137585 -0.0190136
1 -0.3199646 1.1224894 0.8858703
1 -0.2102760 1.3584266 -0.8456294
1 1.2180559 0.9170977 -0.0722806
8 -0.0847458 -0.8116559 0.0162628
5
-114.681     ts77     dynamics     sesquiterpene     TS     runpoint      13     runisomer      25
6 0.0317280 0.6085274 -0.0159891
1 -0.2772266 1.0761055 0.8147499
1 -0.2329555 1.3118534 -0.8351661
1 1.1661504 1.0484653 -0.0390121
8 -0.0930883 -0.8101510 0.0157167
5
-114.676     ts77     dynamics     sesquiterpene     TS     runpoint      14     runisomer      25
6 0.0491072 0.6035264 -0.0151738
1 -0.2516884 1.0402359 0.7785081
1 -0.2662822 1.2497362 -0.8300942
1 1.0982647 1.1601716 -0.0027338
8 -0.1013584 -0.8072640 0.0147813
5
-114.665     ts77     dynamics     sesquiterpene     TS     runpoint      15     runisomer      25
6 0.0698447 0.5979213 -0.0183733
1 -0.2546212 1.0281807 0.8027641
1 -0.3114802 1.1768745 -0.8345315
1 1.0243155 1.2471641 0.0351373
8 -0.1092236 -0.8031903 0.0135435
5
-114.654160 ts77 dynamics sesquiterpene TS runpoint 1  runisomer  25
6 -0.0110085 0.6470230 0.0103127
1 -0.3196804 1.0954448 0.9507963
1 -0.3350772 0.9971398 -0.9938954
1 0.9153771 -0.0688281 0.0045475
8 -0.0361184 -0.7500153 -0.0053082
5
-114.647 ts77 dynamics sesquiterpene TS runpoint 2  runisomer  25
6 -0.0121992 0.640253 0.00592679
1 -0.32662 1.13794 1.02812
1 -0.352365 0.964157 -1.00465
1 0.964287 -0.0992447 0.0295545
8 -0.0367804 -0.743619 -0.0077881
5
-114.642     ts77     dynamics     sesquiterpene     TS     runpoint      3     runisomer      25
6 -0.0147971 0.6340090 0.0020900
1 -0.3272192 1.1744565 1.0826339
1 -0.3658994 0.9405951 -1.0044463
1 1.0197682 -0.1292008 0.0540888
8 -0.0374357 -0.7378638 -0.0099028
5
-114.633     ts77     dynamics     sesquiterpene     TS     runpoint      4     runisomer      25
6 -0.0183477 0.6285805 -0.0004328
1 -0.3200337 1.2000394 1.1057241
1 -0.3764368 0.9285994 -0.9946497
1 1.0688653 -0.1583266 0.0773666
8 -0.0376543 -0.7328129 -0.0115495
5
-114.624     ts77     dynamics     sesquiterpene     TS     runpoint      5     runisomer      25
6 -0.0224163 0.6242320 -0.0012181
1 -0.3052075 1.2123148 1.0949089
1 -0.3852506 0.9298734 -0.9783026
1 1.1017734 -0.1870563 0.0984582
8 -0.0370540 -0.7285942 -0.0126395
5
-114.622     ts77     dynamics     sesquiterpene     TS     runpoint      6     runisomer      25
6 -0.0267417 0.6213265 -0.0000602
1 -0.2835294 1.2103457 1.0512510
1 -0.3937599 0.9453020 -0.9591471
1 1.1120433 -0.2173185 0.1165436
8 -0.0352853 -0.7253556 -0.0131058
5
-114.628     ts77     dynamics     sesquiterpene     TS     runpoint      7     runisomer      25
6 -0.0313127 0.6203157 0.0028704
1 -0.2563722 1.1948784 0.9797875
1 -0.4030094 0.9744583 -0.9403322
1 1.0958943 -0.2533365 0.1310237
8 -0.0319663 -0.7231906 -0.0129010
5
-114.641     ts77     dynamics     sesquiterpene     TS     runpoint      8     runisomer      25
6 -0.0363659 0.6215302 0.0066386
1 -0.2262550 1.1703946 0.8929453
1 -0.4131919 1.0151468 -0.9233668
1 1.0519844 -0.3021413 0.1415802
8 -0.0266640 -0.7220484 -0.0119923
5
-114.656     ts77     dynamics     sesquiterpene     TS     runpoint      9     runisomer      25
6 -0.0422531 0.6246975 0.0090467
1 -0.1976719 1.1492810 0.8163855
1 -0.4236178 1.0634385 -0.9080801
1 0.9827956 -0.3726823 0.1484394
8 -0.0190315 -0.7216922 -0.0103710
5
-114.663     ts77     dynamics     sesquiterpene     TS     runpoint      10     runisomer      25
6 -0.0492494 0.6286697 0.0068668
1 -0.1759711 1.1522755 0.7872732
1 -0.4333118 1.1144550 -0.8935807
1 0.9000401 -0.4716291 0.1534315
8 -0.0093253 -0.7218399 -0.0081301
5
-114.668     ts77     dynamics     sesquiterpene     TS     runpoint      11     runisomer      25
6 -0.0576352 0.6328439 -0.0013036
1 -0.1612632 1.1884601 0.8220726
1 -0.4418379 1.1634785 -0.8793806
1 0.8384818 -0.5961223 0.1631054
8 0.0004564 -0.7224955 -0.0056978
5
-114.677     ts77     dynamics     sesquiterpene     TS     runpoint      12     runisomer      25
6 -0.0674980 0.6382978 -0.0130471
1 -0.1478503 1.2395086 0.8941943
1 -0.4495778 1.2066650 -0.8658579
1 0.8568120 -0.7373503 0.1905751
8 0.0063435 -0.7236264 -0.0040164
5
-114.698     ts77     dynamics     sesquiterpene     TS     runpoint      13     runisomer      25
6 -0.0783038 0.6459451 -0.0251132
1 -0.1320148 1.2837975 0.9697117
1 -0.4573362 1.2413939 -0.8541567
1 0.9395895 -0.8955372 0.2347918
8 0.0087271 -0.7243739 -0.0032459
5
-114.708     ts77     dynamics     sesquiterpene     TS     runpoint      14     runisomer      25
6 -0.0892976 0.6558137 -0.0353034
1 -0.1132098 1.3102023 1.0283141
1 -0.4658789 1.2665074 -0.8460198
1 1.0161869 -1.0561715 0.2790490
8 0.0115026 -0.7249018 -0.0025952
5
-114.687     ts77     dynamics     sesquiterpene     TS     runpoint      15     runisomer      25
6 -0.0998567 0.6673602 -0.0423401
1 -0.0921887 1.3151330 1.0603289
1 -0.4756172 1.2821028 -0.8434232
1 1.0552889 -1.2003848 0.3137375
8 0.0162506 -0.7257704 -0.0016822
5
-114.662     ts77     dynamics     sesquiterpene     TS     runpoint      16     runisomer      25
6 -0.1095318 0.6797974 -0.0455119
1 -0.0700473 1.2986038 1.0616071
1 -0.4864899 1.2888671 -0.8479279
1 1.0523370 -1.3164995 0.3358865
8 0.0229863 -0.7271685 -0.0004944
5
-114.647     ts77     dynamics     sesquiterpene     TS     runpoint      17     runisomer      25
6 -0.1180072 0.6923672 -0.0445536
1 -0.0479371 1.2626646 1.0314339
1 -0.4980044 1.2872362 -0.8598967
1 1.0105912 -1.3979008 0.3450234
8 0.0313077 -0.7291031 0.0008671
5
-114.648     ts77     dynamics     sesquiterpene     TS     runpoint      18     runisomer      25
6 -0.1250680 0.7044338 -0.0397510
1 -0.0268568 1.2117515 0.9734499
1 -0.5093629 1.2768740 -0.8779446
1 0.9336805 -1.4394690 0.3412444
8 0.0408400 -0.7316757 0.0022925
5
-114.66     ts77     dynamics     sesquiterpene     TS     runpoint      19     runisomer      25
6 -0.1306474 0.7152239 -0.0323010
1 -0.0069303 1.1547496 0.9001396
1 -0.5196127 1.2568737 -0.8989869
1 0.8252000 -1.4368762 0.3251504
8 0.0512525 -0.7350826 0.0036634
5
-114.675     ts77     dynamics     sesquiterpene     TS     runpoint      20     runisomer      25
6 -0.1349935 0.7233142 -0.0248931
1 0.0144850 1.1078672 0.8402682
1 -0.5277829 1.2266276 -0.9189587
1 0.6945683 -1.3920618 0.3001525
8 0.0619122 -0.7391168 0.0047114
5
-114.672     ts77     dynamics     sesquiterpene     TS     runpoint      21     runisomer      25
6 -0.1387599 0.7267611 -0.0211625
1 0.0440779 1.0909292 0.8336298
1 -0.5331688 1.1867737 -0.9342082
1 0.5737130 -1.3327345 0.2808983
8 0.0708282 -0.7418637 0.0045044
5
-114.641     ts77     dynamics     sesquiterpene     TS     runpoint      22     runisomer      25
6 -0.1422688 0.7248175 -0.0217853
1 0.0849403 1.1080132 0.8869134
1 -0.5358636 1.1396272 -0.9433972
1 0.5333082 -1.3412962 0.3081276
8 0.0736023 -0.7379735 0.0004758
5
-114.65     ts77     dynamics     sesquiterpene     TS     runpoint      23     runisomer      25
6 -0.1448642 0.7185224 -0.0233857
1 0.1296145 1.1442287 0.9622441
1 -0.5370590 1.0889890 -0.9483424
1 0.5705728 -1.4251696 0.3906921
8 0.0704618 -0.7270586 -0.0079609
5
-114.682     ts77     dynamics     sesquiterpene     TS     runpoint      24     runisomer      25
6 -0.1457124 0.7091730 -0.0226858
1 0.1691221 1.1852593 1.0248354
1 -0.5384940 1.0391940 -0.9525894
1 0.6177214 -1.4981315 0.4850700
8 0.0657296 -0.7148976 -0.0181101
5
-114.667     ts77     dynamics     sesquiterpene     TS     runpoint      25     runisomer      25
6 -0.1443708 0.6977407 -0.0180350
1 0.1982020 1.2227992 1.0576142
1 -0.5413752 0.9938263 -0.9587915
1 0.6489609 -1.5257658 0.5689413
8 0.0611061 -0.7040892 -0.0285595
5
-114.648     ts77     dynamics     sesquiterpene     TS     runpoint      26     runisomer      25
6 -0.1408259 0.6850374 -0.0090878
1 0.2145592 1.2521036 1.0545356
1 -0.5455577 0.9551201 -0.9665124
1 0.6581483 -1.5020016 0.6341067
8 0.0571016 -0.6954655 -0.0386996
5
-114.644     ts77     dynamics     sesquiterpene     TS     runpoint      27     runisomer      25
6 -0.1353994 0.6718498 0.0036509
1 0.2177551 1.2702222 1.0152186
1 -0.5496557 0.9241974 -0.9721067
1 0.6435981 -1.4284976 0.6762284
8 0.0540059 -0.6894002 -0.0480833
5
-114.659     ts77     dynamics     sesquiterpene     TS     runpoint      28     runisomer      25
6 -0.1286661 0.6588955 0.0191136
1 0.2091114 1.2759189 0.9437140
1 -0.5518735 0.9017062 -0.9706337
1 0.6045724 -1.3096430 0.6919405
8 0.0520999 -0.6861146 -0.0562626
5
-114.687     ts77     dynamics     sesquiterpene     TS     runpoint      29     runisomer      25
6 -0.1214538 0.6465759 0.0356507
1 0.1926574 1.2714966 0.8506667
1 -0.5508599 0.8883367 -0.9581304
1 0.5432732 -1.1548871 0.6811484
8 0.0515263 -0.6855048 -0.0629161
