5
-114.654160 ts77 dynamics sesquiterpene TS runpoint 1  runisomer  106
6 -0.0427168 0.6585112 -0.0098322
1 -0.2563524 1.1968355 0.8911739
1 -0.1968871 1.2510344 -0.8184624
1 0.9994076 -0.0724437 -0.0388004
8 -0.0303199 -0.7807937 0.0052399
5
-114.643 ts77 dynamics sesquiterpene TS runpoint 2  runisomer  106
6 -0.0350269 0.657867 -0.0058041
1 -0.280462 1.15582 0.824633
1 -0.210585 1.29133 -0.817475
1 0.959362 -0.0451089 -0.0625783
8 -0.0311836 -0.781987 0.00784657
5
-114.64     ts77     dynamics     sesquiterpene     TS     runpoint      3     runisomer      106
6 -0.0261608 0.6545619 -0.0028760
1 -0.3119184 1.1274766 0.7957581
1 -0.2275409 1.3316519 -0.8381810
1 0.9246648 -0.0115572 -0.0847732
8 -0.0325993 -0.7823756 0.0101731
5
-114.634     ts77     dynamics     sesquiterpene     TS     runpoint      4     runisomer      106
6 -0.0165249 0.6490682 -0.0033042
1 -0.3555437 1.1196371 0.8186854
1 -0.2441833 1.3611270 -0.8673211
1 0.9071944 0.0299922 -0.1054002
8 -0.0349302 -0.7822351 0.0121855
5
-114.637     ts77     dynamics     sesquiterpene     TS     runpoint      5     runisomer      106
6 -0.0073626 0.6429380 -0.0064324
1 -0.4051609 1.1234251 0.8757315
1 -0.2579504 1.3723434 -0.8944527
1 0.9180016 0.0818493 -0.1245903
8 -0.0384912 -0.7818486 0.0138580
5
-114.642     ts77     dynamics     sesquiterpene     TS     runpoint      6     runisomer      106
6 0.0000411 0.6374380 -0.0104958
1 -0.4489840 1.1261763 0.9393442
1 -0.2677662 1.3619409 -0.9130484
1 0.9624842 0.1477714 -0.1419030
8 -0.0434689 -0.7813944 0.0151623
5
-114.647     ts77     dynamics     sesquiterpene     TS     runpoint      7     runisomer      106
6 0.0054091 0.6327132 -0.0143002
1 -0.4783167 1.1210590 0.9907433
1 -0.2738989 1.3297799 -0.9198780
1 1.0357549 0.2329963 -0.1556123
8 -0.0498787 -0.7808701 0.0160722
5
-114.656     ts77     dynamics     sesquiterpene     TS     runpoint      8     runisomer      106
6 0.0095128 0.6282216 -0.0172459
1 -0.4889239 1.1061483 1.0202959
1 -0.2777961 1.2783916 -0.9148199
1 1.1232802 0.3411123 -0.1629581
8 -0.0575595 -0.7801350 0.0165648
5
-114.667     ts77     dynamics     sesquiterpene     TS     runpoint      9     runisomer      106
6 0.0135799 0.6233791 -0.0188890
1 -0.4796789 1.0819589 1.0238734
1 -0.2820206 1.2129324 -0.9013716
1 1.2071845 0.4706282 -0.1614133
8 -0.0662153 -0.7790131 0.0166283
5
-114.677     ts77     dynamics     sesquiterpene     TS     runpoint      10     runisomer      106
6 0.0187848 0.6177840 -0.0186606
1 -0.4516061 1.0503242 1.0009861
1 -0.2902049 1.1410921 -0.8872331
1 1.2725239 0.6152294 -0.1497752
8 -0.0754907 -0.7774062 0.0162750
5
-114.683     ts77     dynamics     sesquiterpene     TS     runpoint      11     runisomer      106
6 0.0260893 0.6112087 -0.0160238
1 -0.4079302 1.0144362 0.9552336
1 -0.3064950 1.0716274 -0.8828632
1 1.3097737 0.7663092 -0.1284359
8 -0.0850445 -0.7753535 0.0155596
5
-114.686     ts77     dynamics     sesquiterpene     TS     runpoint      12     runisomer      106
6 0.0362339 0.6036503 -0.0112285
1 -0.3551918 0.9797969 0.8970322
1 -0.3335458 1.0107393 -0.8955454
1 1.3144453 0.9149690 -0.0991004
8 -0.0945705 -0.7730307 0.0145807
5
-114.685     ts77     dynamics     sesquiterpene     TS     runpoint      13     runisomer      106
6 0.0497224 0.5952911 -0.0061277
1 -0.3046864 0.9560591 0.8471981
1 -0.3698287 0.9591549 -0.9227645
1 1.2860066 1.0528707 -0.0645133
8 -0.1037968 -0.7707031 0.0134301
5
-114.676     ts77     dynamics     sesquiterpene     TS     runpoint      14     runisomer      106
6 0.0668076 0.5863421 -0.0043086
1 -0.2704000 0.9526486 0.8336510
1 -0.4104746 0.9164954 -0.9529747
1 1.2271179 1.1727626 -0.0266238
8 -0.1125065 -0.7686408 0.0124349
5
-114.668     ts77     dynamics     sesquiterpene     TS     runpoint      15     runisomer      106
6 0.0866684 0.5774446 -0.0072071
1 -0.2586906 0.9731606 0.8651850
1 -0.4488253 0.8812852 -0.9754082
1 1.1435287 1.2685453 0.0106391
8 -0.1204642 -0.7670753 0.0116879
5
-114.668     ts77     dynamics     sesquiterpene     TS     runpoint      16     runisomer      106
6 0.1074355 0.5700210 -0.0134953
1 -0.2640878 1.0070893 0.9213959
1 -0.4797496 0.8533222 -0.9831500
1 1.0437424 1.3363422 0.0435346
8 -0.1274712 -0.7661528 0.0112791
5
-114.664     ts77     dynamics     sesquiterpene     TS     runpoint      17     runisomer      106
6 0.1270477 0.5652711 -0.0210877
1 -0.2786349 1.0412584 0.9773652
1 -0.5002149 0.8327093 -0.9734820
1 0.9387431 1.3755391 0.0689112
8 -0.1333647 -0.7659135 0.0112409
5
-114.653     ts77     dynamics     sesquiterpene     TS     runpoint      18     runisomer      106
6 0.1437572 0.5634596 -0.0284165
1 -0.2974655 1.0679459 1.0187162
1 -0.5095213 0.8188500 -0.9472016
1 0.8419227 1.3903732 0.0845984
8 -0.1380297 -0.7662988 0.0114893
5
-114.654160 ts77 dynamics sesquiterpene TS runpoint 1  runisomer  106
6 -0.0427168 0.6585112 -0.0098322
1 -0.2563524 1.1968355 0.8911739
1 -0.1968871 1.2510344 -0.8184624
1 0.9994076 -0.0724437 -0.0388004
8 -0.0303199 -0.7807937 0.0052399
5
-114.643 ts77 dynamics sesquiterpene TS runpoint 2  runisomer  106
6 -0.0491638 0.656876 -0.0117859
1 -0.233058 1.23544 0.966243
1 -0.189175 1.21981 -0.850309
1 1.03471 -0.0951233 -0.013772
8 -0.0296612 -0.778603 0.00240521
5
-114.641     ts77     dynamics     sesquiterpene     TS     runpoint      3     runisomer      106
6 -0.0543530 0.6538070 -0.0102822
1 -0.2080346 1.2615732 1.0279618
1 -0.1874439 1.1977921 -0.9083389
1 1.0578865 -0.1146619 0.0118775
8 -0.0289139 -0.7753278 -0.0005724
5
-114.637     ts77     dynamics     sesquiterpene     TS     runpoint      4     runisomer      106
6 -0.0583725 0.6504034 -0.0058441
1 -0.1814476 1.2708855 1.0646649
1 -0.1896938 1.1782324 -0.9756579
1 1.0642698 -0.1328989 0.0373565
8 -0.0278341 -0.7709793 -0.0035777
5
-114.633     ts77     dynamics     sesquiterpene     TS     runpoint      5     runisomer      106
6 -0.0614148 0.6475946 0.0003405
1 -0.1544587 1.2624146 1.0714662
1 -0.1938449 1.1550023 -1.0344414
1 1.0515932 -0.1526013 0.0618235
8 -0.0261925 -0.7656327 -0.0064842
5
-114.631     ts77     dynamics     sesquiterpene     TS     runpoint      6     runisomer      106
6 -0.0638092 0.6460119 0.0071596
1 -0.1284458 1.2373238 1.0480060
1 -0.1984698 1.1255940 -1.0724245
1 1.0198429 -0.1781806 0.0844877
8 -0.0237449 -0.7593991 -0.0091555
5
-114.637     ts77     dynamics     sesquiterpene     TS     runpoint      7     runisomer      106
6 -0.0660870 0.6460296 0.0135827
1 -0.1046945 1.1991652 0.9986457
1 -0.2026991 1.0904772 -1.0832797
1 0.9716178 -0.2162242 0.1047632
8 -0.0202284 -0.7523974 -0.0114575
5
-114.649     ts77     dynamics     sesquiterpene     TS     runpoint      8     runisomer      106
6 -0.0689818 0.6476819 0.0183256
1 -0.0841495 1.1555616 0.9353381
1 -0.2060992 1.0521106 -1.0656238
1 0.9133964 -0.2749551 0.1226536
8 -0.0154686 -0.7447695 -0.0132668
5
-114.659     ts77     dynamics     sesquiterpene     TS     runpoint      9     runisomer      106
6 -0.0732678 0.6503477 0.0195306
1 -0.0669181 1.1202980 0.8816368
1 -0.2088443 1.0146669 -1.0232379
1 0.8588579 -0.3606574 0.1397540
8 -0.0097312 -0.7367876 -0.0145350
5
-114.661     ts77     dynamics     sesquiterpene     TS     runpoint      10     runisomer      106
6 -0.0794232 0.6526756 0.0154555
1 -0.0515666 1.1099456 0.8672282
1 -0.2122610 0.9844466 -0.9673474
1 0.8345314 -0.4711944 0.1612713
8 -0.0043334 -0.7290121 -0.0154464
5
-114.663     ts77     dynamics     sesquiterpene     TS     runpoint      11     runisomer      106
6 -0.0872658 0.6535245 0.0071568
1 -0.0358755 1.1288847 0.9001730
1 -0.2195146 0.9704284 -0.9196874
1 0.8702695 -0.5993737 0.1955369
8 -0.0012331 -0.7218808 -0.0164562
5
-114.682     ts77     dynamics     sesquiterpene     TS     runpoint      12     runisomer      106
6 -0.0959258 0.6526867 -0.0009753
1 -0.0194672 1.1643553 0.9562546
1 -0.2349787 0.9823117 -0.9072700
1 0.9486839 -0.7461595 0.2414723
8 0.0002629 -0.7149856 -0.0175635
5
-114.699     ts77     dynamics     sesquiterpene     TS     runpoint      13     runisomer      106
6 -0.1045323 0.6506791 -0.0056893
1 -0.0037204 1.2015581 1.0075832
1 -0.2603321 1.0223448 -0.9381475
1 1.0193638 -0.9051747 0.2871923
8 0.0028709 -0.7083256 -0.0181951
5
-114.699     ts77     dynamics     sesquiterpene     TS     runpoint      14     runisomer      106
6 -0.1127503 0.6486294 -0.0071577
1 0.0098707 1.2313088 1.0378759
1 -0.2918674 1.0803389 -0.9905952
1 1.0537385 -1.0610156 0.3238422
8 0.0080012 -0.7024970 -0.0180048
5
-114.685     ts77     dynamics     sesquiterpene     TS     runpoint      15     runisomer      106
6 -0.1205549 0.6476095 -0.0067891
1 0.0202999 1.2490821 1.0403553
1 -0.3238364 1.1420331 -1.0377898
1 1.0454758 -1.1999719 0.3478987
8 0.0157343 -0.6979835 -0.0169788
5
-114.668     ts77     dynamics     sesquiterpene     TS     runpoint      16     runisomer      106
6 -0.1279449 0.6481952 -0.0056105
1 0.0271075 1.2532819 1.0139720
1 -0.3516895 1.1965013 -1.0635591
1 0.9977108 -1.3125008 0.3586784
8 0.0256135 -0.6950292 -0.0152551
5
-114.659     ts77     dynamics     sesquiterpene     TS     runpoint      17     runisomer      106
6 -0.1348940 0.6505595 -0.0042449
1 0.0305073 1.2447371 0.9621571
1 -0.3726577 1.2368678 -1.0613282
1 0.9155257 -1.3914496 0.3564942
8 0.0371128 -0.6938334 -0.0130172
5
-114.661     ts77     dynamics     sesquiterpene     TS     runpoint      18     runisomer      106
6 -0.1414138 0.6545613 -0.0032980
1 0.0318189 1.2275192 0.8940209
1 -0.3854743 1.2589974 -1.0303825
1 0.8036851 -1.4304715 0.3421361
8 0.0497764 -0.6946848 -0.0104785
5
-114.673     ts77     dynamics     sesquiterpene     TS     runpoint      19     runisomer      106
6 -0.1476446 0.6594731 -0.0037152
1 0.0342625 1.2106487 0.8269323
1 -0.3903011 1.2609001 -0.9743658
1 0.6694577 -1.4268093 0.3182696
8 0.0630578 -0.6976576 -0.0079640
5
-114.682     ts77     dynamics     sesquiterpene     TS     runpoint      20     runisomer      106
6 -0.1538627 0.6637211 -0.0066169
1 0.0432614 1.2075763 0.7852199
1 -0.3890714 1.2437036 -0.9024446
1 0.5312210 -1.3941524 0.2944355
8 0.0757881 -0.7016257 -0.0061879
5
-114.671     ts77     dynamics     sesquiterpene     TS     runpoint      21     runisomer      106
6 -0.1601389 0.6654734 -0.0117353
1 0.0634917 1.2268220 0.7850888
1 -0.3863049 1.2144124 -0.8327865
1 0.4272655 -1.3877747 0.2970812
8 0.0855968 -0.7027100 -0.0068951
5
-114.649     ts77     dynamics     sesquiterpene     TS     runpoint      22     runisomer      106
6 -0.1658273 0.6637028 -0.0158166
1 0.0936466 1.2612540 0.8179690
1 -0.3896857 1.1882638 -0.7940418
1 0.3764556 -1.4632197 0.3530845
8 0.0913785 -0.6971509 -0.0118738
5
-114.664     ts77     dynamics     sesquiterpene     TS     runpoint      23     runisomer      106
6 -0.1700108 0.6585610 -0.0148318
1 0.1276734 1.2961255 0.8618448
1 -0.4061338 1.1801002 -0.8099950
1 0.3406552 -1.5592068 0.4372232
8 0.0956662 -0.6889287 -0.0196737
5
-114.669     ts77     dynamics     sesquiterpene     TS     runpoint      24     runisomer      106
6 -0.1726257 0.6517831 -0.0078557
1 0.1597689 1.3205797 0.8988274
1 -0.4334709 1.1855282 -0.8717323
1 0.2982755 -1.6196868 0.5221276
8 0.0999979 -0.6819170 -0.0286980
5
-114.663     ts77     dynamics     sesquiterpene     TS     runpoint      25     runisomer      106
6 -0.1743764 0.6456663 0.0034283
1 0.1862668 1.3292736 0.9188646
1 -0.4629256 1.1880932 -0.9481986
1 0.2446838 -1.6264979 0.5957906
8 0.1048741 -0.6776093 -0.0382501
5
-114.658     ts77     dynamics     sesquiterpene     TS     runpoint      26     runisomer      106
6 -0.1759604 0.6415628 0.0171515
1 0.2054151 1.3206432 0.9177877
1 -0.4872691 1.1768745 -1.0137590
1 0.1804590 -1.5777673 0.6528389
8 0.1104368 -0.6763514 -0.0479421
5
-114.662     ts77     dynamics     sesquiterpene     TS     runpoint      27     runisomer      106
6 -0.1778520 0.6398052 0.0318737
1 0.2170434 1.2959784 0.8958946
1 -0.5024025 1.1486804 -1.0541060
1 0.1084366 -1.4773231 0.6897445
8 0.1166159 -0.6780311 -0.0573903
5
-114.678     ts77     dynamics     sesquiterpene     TS     runpoint      28     runisomer      106
6 -0.1804213 0.6400296 0.0462619
1 0.2229034 1.2597625 0.8581593
1 -0.5063715 1.1048385 -1.0625376
1 0.0328567 -1.3343684 0.7057963
8 0.1231872 -0.6821633 -0.0662861
5
-114.699     ts77     dynamics     sesquiterpene     TS     runpoint      29     runisomer      106
6 -0.1840877 0.6413017 0.0587180
1 0.2277728 1.2208076 0.8155629
1 -0.4988617 1.0492921 -1.0371393
1 -0.0426147 -1.1684588 0.7101148
8 0.1299138 -0.6876164 -0.0748187
5
-114.708     ts77     dynamics     sesquiterpene     TS     runpoint      30     runisomer      106
6 -0.1893786 0.6422833 0.0674072
1 0.2400773 1.1919706 0.7846181
1 -0.4814026 0.9883452 -0.9809092
1 -0.1193951 -1.0079685 0.7283526
8 0.1368462 -0.6928068 -0.0840797
5
-114.705     ts77     dynamics     sesquiterpene     TS     runpoint      31     runisomer      106
6 -0.1965490 0.6418595 0.0713383
1 0.2679903 1.1838155 0.7788983
1 -0.4583289 0.9313548 -0.9052674
1 -0.2009545 -0.8683667 0.7771532
8 0.1441515 -0.6971806 -0.0945098
5
-114.699     ts77     dynamics     sesquiterpene     TS     runpoint      32     runisomer      106
6 -0.2047814 0.6397647 0.0722047
1 0.3109673 1.1951532 0.7962505
1 -0.4381872 0.8914001 -0.8364375
1 -0.2788906 -0.7492435 0.8340569
8 0.1512623 -0.7013116 -0.1041762
5
-114.678     ts77     dynamics     sesquiterpene     TS     runpoint      33     runisomer      106
6 -0.2122759 0.6361867 0.0741848
1 0.3595172 1.2155041 0.8217836
1 -0.4324389 0.8830262 -0.8135339
1 -0.3420268 -0.6524208 0.8739130
8 0.1574422 -0.7054830 -0.1112244
5
-114.654     ts77     dynamics     sesquiterpene     TS     runpoint      34     runisomer      106
6 -0.2177579 0.6316104 0.0797698
1 0.4035934 1.2348692 0.8413771
1 -0.4457235 0.9117827 -0.8521606
1 -0.3858977 -0.5797431 0.8869615
8 0.1623789 -0.7096609 -0.1150361
5
-114.649     ts77     dynamics     sesquiterpene     TS     runpoint      35     runisomer      106
6 -0.2212429 0.6271380 0.0871914
1 0.4368730 1.2472541 0.8470746
1 -0.4706948 0.9674893 -0.9208000
1 -0.4113506 -0.5305797 0.8730367
8 0.1660737 -0.7136944 -0.1157596
5
-114.648     ts77     dynamics     sesquiterpene     TS     runpoint      36     runisomer      106
6 -0.2231087 0.6238863 0.0938130
1 0.4563235 1.2498454 0.8359564
1 -0.4983710 1.0352917 -0.9826209
1 -0.4215588 -0.5038613 0.8364939
8 0.1686354 -0.7173735 -0.1138294
5
-114.644     ts77     dynamics     sesquiterpene     TS     runpoint      37     runisomer      106
6 -0.2235870 0.6226667 0.0979857
1 0.4612701 1.2420462 0.8085776
1 -0.5233023 1.1037961 -1.0177910
1 -0.4203022 -0.5005710 0.7843708
8 0.1701733 -0.7204923 -0.1097335
5
-114.642     ts77     dynamics     sesquiterpene     TS     runpoint      38     runisomer      106
6 -0.2228619 0.6240919 0.0987011
1 0.4533447 1.2253633 0.7685016
1 -0.5426245 1.1653499 -1.0189278
1 -0.4118139 -0.5243175 0.7261273
8 0.1708104 -0.7228923 -0.1040034
5
-114.645     ts77     dynamics     sesquiterpene     TS     runpoint      39     runisomer      106
6 -0.2212734 0.6284947 0.0951835
1 0.4372878 1.2040119 0.7226231
1 -0.5548390 1.2146716 -0.9849630
1 -0.4019944 -0.5793807 0.6740042
8 0.1707796 -0.7244879 -0.0973284
5
-114.653     ts77     dynamics     sesquiterpene     TS     runpoint      40     runisomer      106
6 -0.2194354 0.6356190 0.0868554
1 0.4217184 1.1854027 0.6813149
1 -0.5594757 1.2481092 -0.9186505
1 -0.3999251 -0.6675431 0.6427306
8 0.1705437 -0.7252117 -0.0906831
5
-114.666     ts77     dynamics     sesquiterpene     TS     runpoint      41     runisomer      106
6 -0.2180622 0.6444771 0.0736755
1 0.4172755 1.1782046 0.6561214
1 -0.5576084 1.2641202 -0.8271809
1 -0.4135839 -0.7874624 0.6421660
8 0.1705370 -0.7248570 -0.0849344
5
-114.685     ts77     dynamics     sesquiterpene     TS     runpoint      42     runisomer      106
6 -0.2172841 0.6537208 0.0569124
1 0.4298873 1.1863702 0.6534134
1 -0.5534567 1.2659203 -0.7255332
1 -0.4368771 -0.9339886 0.6619896
8 0.1703651 -0.7231875 -0.0798385
5
-114.699     ts77     dynamics     sesquiterpene     TS     runpoint      43     runisomer      106
6 -0.2159410 0.6618524 0.0397191
1 0.4554392 1.2051143 0.6695747
1 -0.5572631 1.2667117 -0.6404287
1 -0.4523226 -1.0934963 0.6776692
8 0.1689606 -0.7204695 -0.0743076
5
-114.69     ts77     dynamics     sesquiterpene     TS     runpoint      44     runisomer      106
6 -0.2119559 0.6671138 0.0260718
1 0.4840343 1.2253710 0.6945998
1 -0.5846677 1.2885797 -0.6027612
1 -0.4475432 -1.2475788 0.6713256
8 0.1655955 -0.7173645 -0.0676191
5
-114.678     ts77     dynamics     sesquiterpene     TS     runpoint      45     runisomer      106
6 -0.2041802 0.6691855 0.0176109
1 0.5068965 1.2397862 0.7185176
1 -0.6416469 1.3367402 -0.6172910
1 -0.4194455 -1.3803130 0.6365730
8 0.1601424 -0.7145001 -0.0596718
5
-114.679     ts77     dynamics     sesquiterpene     TS     runpoint      46     runisomer      106
6 -0.1933914 0.6699430 0.0130647
1 0.5187318 1.2443769 0.7342894
1 -0.7151488 1.3887041 -0.6587817
1 -0.3707360 -1.4806380 0.5743096
8 0.1528650 -0.7123112 -0.0507164
5
-114.677     ts77     dynamics     sesquiterpene     TS     runpoint      47     runisomer      106
6 -0.1809620 0.6710823 0.0108564
1 0.5174088 1.2380307 0.7381288
1 -0.7886091 1.4225651 -0.7029646
1 -0.3069867 -1.5420828 0.4892123
8 0.1442364 -0.7110289 -0.0411534
5
-114.672     ts77     dynamics     sesquiterpene     TS     runpoint      48     runisomer      106
6 -0.1680592 0.6731977 0.0099480
1 0.5036807 1.2220637 0.7295307
1 -0.8510001 1.4280596 -0.7363538
1 -0.2357894 -1.5635394 0.3886014
8 0.1348664 -0.7106059 -0.0314850
5
-114.669     ts77     dynamics     sesquiterpene     TS     runpoint      49     runisomer      106
6 -0.1556986 0.6760770 0.0094857
1 0.4814611 1.2002867 0.7117462
1 -0.8960279 1.4025111 -0.7524562
1 -0.1675125 -1.5541373 0.2830196
8 0.1255282 -0.7103776 -0.0223486
5
-114.664     ts77     dynamics     sesquiterpene     TS     runpoint      50     runisomer      106
6 -0.1449135 0.6789788 0.0084412
1 0.4581515 1.1792304 0.6923955
1 -0.9201512 1.3468943 -0.7482769
1 -0.1157354 -1.5417365 0.1855383
8 0.1171622 -0.7085069 -0.0144654
5
-114.656     ts77     dynamics     sesquiterpene     TS     runpoint      51     runisomer      106
6 -0.1367110 0.6808998 0.0056265
1 0.4432312 1.1670849 0.6822165
1 -0.9219444 1.2645184 -0.7230882
1 -0.0913351 -1.5638155 0.1030465
8 0.1105227 -0.7026029 -0.0080997
5
-114.66     ts77     dynamics     sesquiterpene     TS     runpoint      52     runisomer      106
6 -0.1316006 0.6810154 0.0003031
1 0.4429464 1.1695225 0.6890894
1 -0.9033285 1.1616854 -0.6792238
1 -0.0917391 -1.6187971 0.0281388
8 0.1055589 -0.6929011 -0.0025809
5
-114.674     ts77     dynamics     sesquiterpene     TS     runpoint      53     runisomer      106
6 -0.1288376 0.6789469 -0.0069578
1 0.4547491 1.1850869 0.7109914
1 -0.8735733 1.0496709 -0.6251558
1 -0.1074047 -1.6690196 -0.0469103
8 0.1018535 -0.6821097 0.0028100
5
-114.674     ts77     dynamics     sesquiterpene     TS     runpoint      54     runisomer      106
6 -0.1260410 0.6744406 -0.0140638
1 0.4694148 1.2067773 0.7377151
1 -0.8557239 0.9458850 -0.5797031
1 -0.1317684 -1.6859196 -0.1231734
8 0.0992414 -0.6724937 0.0084001
5
-114.66     ts77     dynamics     sesquiterpene     TS     runpoint      55     runisomer      106
6 -0.1201193 0.6674161 -0.0185716
1 0.4777069 1.2273572 0.7586668
1 -0.8817940 0.8668316 -0.5658680
1 -0.1613402 -1.6578373 -0.1991858
8 0.0977809 -0.6653110 0.0143808
5
-114.659     ts77     dynamics     sesquiterpene     TS     runpoint      56     runisomer      106
6 -0.1105857 0.6588137 -0.0203672
1 0.4740393 1.2420426 0.7675264
1 -0.9562429 0.8145284 -0.5831551
1 -0.1943674 -1.5847057 -0.2738005
8 0.0976313 -0.6610972 0.0209615
5
-114.676     ts77     dynamics     sesquiterpene     TS     runpoint      57     runisomer      106
6 -0.1000741 0.6499723 -0.0215696
1 0.4566450 1.2486485 0.7626327
1 -1.0489343 0.7824346 -0.6081866
1 -0.2314914 -1.4768985 -0.3483563
8 0.0990191 -0.6596524 0.0284493
5
-114.688     ts77     dynamics     sesquiterpene     TS     runpoint      58     runisomer      106
6 -0.0910972 0.6417105 -0.0240332
1 0.4266970 1.2474428 0.7460417
1 -1.1320209 0.7658351 -0.6227216
1 -0.2778622 -1.3553743 -0.4299130
8 0.1023273 -0.6599908 0.0373983
