5
-114.654160 ts77 dynamics sesquiterpene TS runpoint 1  runisomer  107
6 -0.0293698 0.6372167 -0.0070155
1 -0.2766480 1.0666039 0.8830752
1 -0.2958651 1.2044375 -0.8950261
1 1.0307718 -0.0974672 0.0151542
8 -0.0347946 -0.7520991 0.0050619
5
-114.648 ts77 dynamics sesquiterpene TS runpoint 2  runisomer  107
6 -0.0297245 0.647286 -0.0152389
1 -0.274454 1.0437 0.912008
1 -0.244884 1.17615 -0.840122
1 0.985867 -0.0440796 -0.0109452
8 -0.0350498 -0.759792 0.00759348
5
-114.646     ts77     dynamics     sesquiterpene     TS     runpoint      3     runisomer      107
6 -0.0287518 0.6545331 -0.0216454
1 -0.2756828 1.0321425 0.9567876
1 -0.2018271 1.1633304 -0.8169440
1 0.9436090 0.0179041 -0.0368175
8 -0.0357534 -0.7675989 0.0097494
5
-114.639     ts77     dynamics     sesquiterpene     TS     runpoint      4     runisomer      107
6 -0.0266549 0.6578913 -0.0230871
1 -0.2770810 1.0275766 1.0018426
1 -0.1726222 1.1804291 -0.8468617
1 0.9169499 0.0913281 -0.0616903
8 -0.0373987 -0.7755353 0.0114451
5
-114.642     ts77     dynamics     sesquiterpene     TS     runpoint      5     runisomer      107
6 -0.0243830 0.6581839 -0.0197909
1 -0.2763525 1.0269492 1.0344694
1 -0.1556311 1.2192460 -0.9148167
1 0.9195025 0.1778761 -0.0848303
8 -0.0403812 -0.7836149 0.0126570
5
-114.651     ts77     dynamics     sesquiterpene     TS     runpoint      6     runisomer      107
6 -0.0227826 0.6568832 -0.0139450
1 -0.2726220 1.0287440 1.0476188
1 -0.1476856 1.2608708 -0.9885959
1 0.9598461 0.2783048 -0.1055939
8 -0.0448595 -0.7917035 0.0134003
5
-114.658     ts77     dynamics     sesquiterpene     TS     runpoint      7     runisomer      107
6 -0.0216289 0.6545199 -0.0073936
1 -0.2663417 1.0325359 1.0393823
1 -0.1477183 1.2923389 -1.0459080
1 1.0329305 0.3939621 -0.1228588
8 -0.0507255 -0.7994415 0.0137033
5
-114.664     ts77     dynamics     sesquiterpene     TS     runpoint      8     runisomer      107
6 -0.0195746 0.6509443 -0.0014606
1 -0.2591639 1.0387630 1.0124212
1 -0.1557027 1.3074521 -1.0762503
1 1.1197549 0.5247112 -0.1345522
8 -0.0576888 -0.8063440 0.0135987
5
-114.668     ts77     dynamics     sesquiterpene     TS     runpoint      9     runisomer      107
6 -0.0150808 0.6460714 0.0027249
1 -0.2536989 1.0487763 0.9737418
1 -0.1715347 1.3035296 -1.0758212
1 1.1990409 0.6656906 -0.1386283
8 -0.0654054 -0.8119570 0.0131254
5
-114.668     ts77     dynamics     sesquiterpene     TS     runpoint      10     runisomer      107
6 -0.0071501 0.6400362 0.0041539
1 -0.2530987 1.0647769 0.9336659
1 -0.1946255 1.2795805 -1.0445494
1 1.2564552 0.8087578 -0.1341730
8 -0.0735575 -0.8159452 0.0123266
5
-114.668     ts77     dynamics     sesquiterpene     TS     runpoint      11     runisomer      107
6 0.0045679 0.6330715 0.0022296
1 -0.2601797 1.0886840 0.9022470
1 -0.2240150 1.2361391 -0.9858675
1 1.2854114 0.9454837 -0.1215192
8 -0.0818782 -0.8181060 0.0112557
5
-114.67     ts77     dynamics     sesquiterpene     TS     runpoint      12     runisomer      107
6 0.0199365 0.6254855 -0.0026205
1 -0.2759653 1.1196254 0.8838909
1 -0.2591628 1.1765916 -0.9088912
1 1.2843831 1.0685869 -0.1019043
8 -0.0901362 -0.8183700 0.0099661
5
-114.673     ts77     dynamics     sesquiterpene     TS     runpoint      13     runisomer      107
6 0.0386284 0.6175568 -0.0085192
1 -0.2987563 1.1525364 0.8756389
1 -0.3021319 1.1096944 -0.8321506
1 1.2544537 1.1720286 -0.0771902
8 -0.0981313 -0.8167987 0.0085187
5
-114.668     ts77     dynamics     sesquiterpene     TS     runpoint      14     runisomer      107
6 0.0604904 0.6093769 -0.0126275
1 -0.3248774 1.1800520 0.8714019
1 -0.3603535 1.0497542 -0.7826774
1 1.1981471 1.2506995 -0.0496059
8 -0.1056724 -0.8135773 0.0070137
5
-114.663     ts77     dynamics     sesquiterpene     TS     runpoint      15     runisomer      107
6 0.0852438 0.6014331 -0.0131653
1 -0.3504583 1.1959372 0.8666353
1 -0.4411773 1.0055102 -0.7768391
1 1.1193498 1.3006199 -0.0215500
8 -0.1125753 -0.8089768 0.0055825
5
-114.667     ts77     dynamics     sesquiterpene     TS     runpoint      16     runisomer      107
6 0.1111403 0.5951591 -0.0109777
1 -0.3729874 1.1960936 0.8592459
1 -0.5363679 0.9710261 -0.8017881
1 1.0252149 1.3200241 0.0039678
8 -0.1186555 -0.8033311 0.0043732
5
-114.677     ts77     dynamics     sesquiterpene     TS     runpoint      17     runisomer      107
6 0.1358493 0.5912945 -0.0075443
1 -0.3963619 1.1786846 0.8458680
1 -0.6315579 0.9357596 -0.8320310
1 0.9315957 1.3116779 0.0227956
8 -0.1238259 -0.7965880 0.0033602
5
-114.654160 ts77 dynamics sesquiterpene TS runpoint 1  runisomer  107
6 -0.0293698 0.6372167 -0.0070155
1 -0.2766480 1.0666039 0.8830752
1 -0.2958651 1.2044375 -0.8950261
1 1.0307718 -0.0974672 0.0151542
8 -0.0347946 -0.7520991 0.0050619
5
-114.648 ts77 dynamics sesquiterpene TS runpoint 2  runisomer  107
6 -0.0280305 0.626015 -0.000271423
1 -0.284319 1.10329 0.879024
1 -0.34581 1.22967 -0.952674
1 1.06787 -0.14536 0.0407248
8 -0.0345064 -0.744579 0.00227858
5
-114.643     ts77     dynamics     sesquiterpene     TS     runpoint      3     runisomer      107
6 -0.0262899 0.6153603 0.0038178
1 -0.2960261 1.1498595 0.8949274
1 -0.3884291 1.2413007 -0.9956544
1 1.0895168 -0.1909873 0.0650396
8 -0.0337524 -0.7373772 -0.0006136
5
-114.636     ts77     dynamics     sesquiterpene     TS     runpoint      4     runisomer      107
6 -0.0248655 0.6069842 0.0055652
1 -0.3079343 1.1972512 0.9176760
1 -0.4204441 1.2351456 -1.0162541
1 1.0905184 -0.2384560 0.0874298
8 -0.0321152 -0.7307005 -0.0034703
5
-114.632     ts77     dynamics     sesquiterpene     TS     runpoint      5     runisomer      107
6 -0.0245367 0.6025051 0.0055693
1 -0.3164736 1.2364175 0.9356817
1 -0.4404697 1.2103723 -1.0118789
1 1.0676998 -0.2938824 0.1073419
8 -0.0291235 -0.7247559 -0.0061372
5
-114.636     ts77     dynamics     sesquiterpene     TS     runpoint      6     runisomer      107
6 -0.0261316 0.6032202 0.0042324
1 -0.3193890 1.2611824 0.9423203
1 -0.4483917 1.1681744 -0.9829680
1 1.0203413 -0.3658180 0.1244919
8 -0.0242606 -0.7196623 -0.0084539
5
-114.652     ts77     dynamics     sesquiterpene     TS     runpoint      7     runisomer      107
6 -0.0303926 0.6098239 0.0018489
1 -0.3155122 1.2685776 0.9353057
1 -0.4455933 1.1121001 -0.9334615
1 0.9529933 -0.4628806 0.1393757
8 -0.0172421 -0.7154342 -0.0102808
5
-114.674     ts77     dynamics     sesquiterpene     TS     runpoint      8     runisomer      107
6 -0.0375015 0.6219497 -0.0009997
1 -0.3045258 1.2586771 0.9157661
1 -0.4364911 1.0497032 -0.8740109
1 0.8833663 -0.5876568 0.1548808
8 -0.0087882 -0.7121141 -0.0116351
5
-114.687     ts77     dynamics     sesquiterpene     TS     runpoint      9     runisomer      107
6 -0.0465097 0.6377672 -0.0029398
1 -0.2872089 1.2348325 0.8883462
1 -0.4313740 0.9942089 -0.8271359
1 0.8516796 -0.7347270 0.1793386
8 -0.0014480 -0.7097149 -0.0129463
5
-114.687     ts77     dynamics     sesquiterpene     TS     runpoint      10     runisomer      107
6 -0.0554373 0.6544014 -0.0021246
1 -0.2659309 1.2043233 0.8623543
1 -0.4453813 0.9605282 -0.8237602
1 0.8823305 -0.9019999 0.2205846
8 0.0028591 -0.7076108 -0.0147311
5
-114.7     ts77     dynamics     sesquiterpene     TS     runpoint      11     runisomer      107
6 -0.0628464 0.6696420 0.0011521
1 -0.2445874 1.1781348 0.8522166
1 -0.4842065 0.9517103 -0.8728869
1 0.9290087 -1.0788706 0.2693039
8 0.0065773 -0.7056960 -0.0165249
5
-114.704     ts77     dynamics     sesquiterpene     TS     runpoint      12     runisomer      107
6 -0.0688990 0.6826596 0.0036646
1 -0.2267968 1.1664948 0.8715602
1 -0.5362368 0.9577288 -0.9470528
1 0.9502188 -1.2424855 0.3133718
8 0.0119383 -0.7047997 -0.0177323
5
-114.689     ts77     dynamics     sesquiterpene     TS     runpoint      13     runisomer      107
6 -0.0743366 0.6934417 0.0030783
1 -0.2132487 1.1709219 0.9199378
1 -0.5873303 0.9690070 -1.0150305
1 0.9342210 -1.3758750 0.3473525
8 0.0193900 -0.7054744 -0.0181973
5
-114.67     ts77     dynamics     sesquiterpene     TS     runpoint      14     runisomer      107
6 -0.0797126 0.7024608 -0.0004874
1 -0.2022414 1.1840371 0.9807460
1 -0.6289535 0.9802923 -1.0587087
1 0.8822948 -1.4696139 0.3697139
8 0.0286224 -0.7078715 -0.0180096
5
-114.655     ts77     dynamics     sesquiterpene     TS     runpoint      15     runisomer      107
6 -0.0852359 0.7102056 -0.0058300
1 -0.1923499 1.1972927 1.0345617
1 -0.6572050 0.9889261 -1.0702105
1 0.7987189 -1.5179607 0.3802630
8 0.0391862 -0.7120159 -0.0173317
5
-114.65     ts77     dynamics     sesquiterpene     TS     runpoint      16     runisomer      107
6 -0.0908722 0.7169091 -0.0117938
1 -0.1832438 1.2051932 1.0680438
1 -0.6709527 0.9935641 -1.0474980
1 0.6884193 -1.5172975 0.3795699
8 0.0506544 -0.7178772 -0.0163544
5
-114.659     ts77     dynamics     sesquiterpene     TS     runpoint      17     runisomer      107
6 -0.0964751 0.7224670 -0.0174512
1 -0.1751174 1.2051817 1.0745070
1 -0.6711458 0.9939454 -0.9929716
1 0.5599521 -1.4703030 0.3709185
8 0.0624496 -0.7250316 -0.0154068
5
-114.675     ts77     dynamics     sesquiterpene     TS     runpoint      18     runisomer      107
6 -0.1017561 0.7264127 -0.0218567
1 -0.1681238 1.1967444 1.0524429
1 -0.6616676 0.9913626 -0.9150196
1 0.4343724 -1.4019887 0.3686874
8 0.0732846 -0.7316030 -0.0154819
