5
-114.654160 ts77 dynamics sesquiterpene TS runpoint 1  runisomer  34
6 -0.0270473 0.6153811 -0.0071705
1 -0.3484322 1.0747738 1.0047690
1 -0.2487221 1.0904345 -0.9236944
1 1.0557148 -0.1130718 -0.0743132
8 -0.0365564 -0.7280654 0.0049535
5
-114.645 ts77 dynamics sesquiterpene TS runpoint 2  runisomer  34
6 -0.0199593 0.616952 -0.00665237
1 -0.345219 1.03735 0.920064
1 -0.283426 1.12998 -0.889999
1 1.03054 -0.0728054 -0.0509671
8 -0.0383037 -0.731915 0.00630806
5
-114.65     ts77     dynamics     sesquiterpene     TS     runpoint      3     runisomer      34
6 -0.0121873 0.6184005 -0.0054143
1 -0.3410322 1.0080650 0.8411962
1 -0.3200636 1.1755113 -0.8677492
1 1.0025647 -0.0220207 -0.0262108
8 -0.0403275 -0.7372251 0.0073873
5
-114.644     ts77     dynamics     sesquiterpene     TS     runpoint      4     runisomer      34
6 -0.0033617 0.6187013 -0.0063929
1 -0.3463227 1.0006936 0.8026716
1 -0.3551941 1.2213844 -0.8546273
1 0.9818943 0.0437623 -0.0007910
8 -0.0431005 -0.7440210 0.0081205
5
-114.639     ts77     dynamics     sesquiterpene     TS     runpoint      5     runisomer      34
6 0.0063259 0.6174754 -0.0112923
1 -0.3674367 1.0215999 0.8222767
1 -0.3846387 1.2610747 -0.8465896
1 0.9800685 0.1288447 0.0247265
8 -0.0470701 -0.7522806 0.0084477
5
-114.65     ts77     dynamics     sesquiterpene     TS     runpoint      6     runisomer      34
6 0.0153871 0.6156786 -0.0185562
1 -0.3959240 1.0596310 0.8793456
1 -0.4049058 1.2891299 -0.8401770
1 1.0071055 0.2358607 0.0499788
8 -0.0525010 -0.7618409 0.0083080
5
-114.666     ts77     dynamics     sesquiterpene     TS     runpoint      7     runisomer      34
6 0.0224310 0.6143273 -0.0257303
1 -0.4195642 1.0991304 0.9434160
1 -0.4140347 1.3019739 -0.8330588
1 1.0646091 0.3653137 0.0745385
8 -0.0593458 -0.7722821 0.0076588
5
-114.677     ts77     dynamics     sesquiterpene     TS     runpoint      8     runisomer      34
6 0.0275695 0.6136836 -0.0311587
1 -0.4317737 1.1300379 0.9952895
1 -0.4120520 1.2982082 -0.8243466
1 1.1397141 0.5155216 0.0971072
8 -0.0672908 -0.7829745 0.0064942
5
-114.683     ts77     dynamics     sesquiterpene     TS     runpoint      9     runisomer      34
6 0.0320928 0.6137292 -0.0338549
1 -0.4306757 1.1472765 1.0258649
1 -0.4010609 1.2787869 -0.8150400
1 1.2109119 0.6804192 0.1154928
8 -0.0759337 -0.7932621 0.0048466
5
-114.654160 ts77 dynamics sesquiterpene TS runpoint 1  runisomer  34
6 -0.0270473 0.6153811 -0.0071705
1 -0.3484322 1.0747738 1.0047690
1 -0.2487221 1.0904345 -0.9236944
1 1.0557148 -0.1130718 -0.0743132
8 -0.0365564 -0.7280654 0.0049535
5
-114.645 ts77 dynamics sesquiterpene TS runpoint 2  runisomer  34
6 -0.0336744 0.61458 -0.00536105
1 -0.345455 1.11066 1.07133
1 -0.217531 1.05946 -0.966186
1 1.07024 -0.147066 -0.0954263
8 -0.0346528 -0.725632 0.00340972
5
-114.635     ts77     dynamics     sesquiterpene     TS     runpoint      3     runisomer      34
6 -0.0400018 0.6153156 -0.0010724
1 -0.3352000 1.1398558 1.1079650
1 -0.1899344 1.0366913 -1.0096639
1 1.0686017 -0.1794527 -0.1135388
8 -0.0321884 -0.7245482 0.0017648
5
-114.629     ts77     dynamics     sesquiterpene     TS     runpoint      4     runisomer      34
6 -0.0462916 0.6182807 0.0051470
1 -0.3183298 1.1596812 1.1100975
1 -0.1655925 1.0206703 -1.0447063
1 1.0474351 -0.2163826 -0.1280948
8 -0.0287329 -0.7246848 0.0000906
5
-114.631     ts77     dynamics     sesquiterpene     TS     runpoint      5     runisomer      34
6 -0.0529980 0.6240481 0.0126192
1 -0.2961486 1.1689174 1.0774028
1 -0.1441974 1.0103393 -1.0637897
1 1.0057850 -0.2662264 -0.1389954
8 -0.0238244 -0.7258020 -0.0015647
5
-114.643     ts77     dynamics     sesquiterpene     TS     runpoint      6     runisomer      34
6 -0.0607304 0.6329233 0.0206630
1 -0.2704373 1.1681279 1.0139100
1 -0.1253305 1.0054015 -1.0627597
1 0.9467759 -0.3385797 -0.1470382
8 -0.0171143 -0.7275408 -0.0031569
5
-114.664     ts77     dynamics     sesquiterpene     TS     runpoint      7     runisomer      34
6 -0.0699496 0.6445911 0.0283047
1 -0.2440232 1.1616610 0.9313406
1 -0.1083853 1.0062264 -1.0411919
1 0.8825343 -0.4394583 -0.1548106
8 -0.0088815 -0.7295834 -0.0045563
5
-114.678     ts77     dynamics     sesquiterpene     TS     runpoint      8     runisomer      34
6 -0.0805039 0.6575564 0.0337391
1 -0.2217188 1.1614710 0.8550410
1 -0.0927528 1.0137733 -1.0029084
1 0.8442131 -0.5641962 -0.1686072
8 -0.0009408 -0.7319141 -0.0053673
5
-114.674     ts77     dynamics     sesquiterpene     TS     runpoint      9     runisomer      34
6 -0.0915751 0.6690560 0.0345347
1 -0.2091402 1.1870883 0.8216302
1 -0.0780358 1.0298554 -0.9569181
1 0.8738420 -0.7032213 -0.1977914
8 0.0037769 -0.7344095 -0.0049165
5
-114.684     ts77     dynamics     sesquiterpene     TS     runpoint      10     runisomer      34
6 -0.1024782 0.6770418 0.0304355
1 -0.2067712 1.2462059 0.8462062
1 -0.0638106 1.0575137 -0.9174608
1 0.9519966 -0.8561281 -0.2396152
8 0.0059859 -0.7362351 -0.0032399
5
-114.704     ts77     dynamics     sesquiterpene     TS     runpoint      11     runisomer      34
6 -0.1131575 0.6819317 0.0246807
1 -0.2090464 1.3197160 0.9029893
1 -0.0490555 1.0999701 -0.8989440
1 1.0215996 -1.0126009 -0.2804529
8 0.0088254 -0.7373515 -0.0010925
5
-114.698     ts77     dynamics     sesquiterpene     TS     runpoint      12     runisomer      34
6 -0.1236922 0.6849833 0.0200919
1 -0.2110175 1.3845301 0.9613066
1 -0.0326014 1.1567408 -0.9049099
1 1.0546759 -1.1567041 -0.3118041
8 0.0137300 -0.7382230 0.0010275
5
-114.677     ts77     dynamics     sesquiterpene     TS     runpoint      13     runisomer      34
6 -0.1339802 0.6872610 0.0172149
1 -0.2102494 1.4274265 1.0040924
1 -0.0144138 1.2209585 -0.9247667
1 1.0458771 -1.2768448 -0.3307771
8 0.0208073 -0.7391121 0.0029387
5
-114.658     ts77     dynamics     sesquiterpene     TS     runpoint      14     runisomer      34
6 -0.1437723 0.6895786 0.0154177
1 -0.2058412 1.4428321 1.0242447
1 0.0043278 1.2826528 -0.9436358
1 0.9978196 -1.3656399 -0.3369614
8 0.0297215 -0.7401145 0.0045979
5
-114.648     ts77     dynamics     sesquiterpene     TS     runpoint      15     runisomer      34
6 -0.1527825 0.6924845 0.0139781
1 -0.1976991 1.4291179 1.0197760
1 0.0221837 1.3332580 -0.9507822
1 0.9146710 -1.4175738 -0.3307807
8 0.0400824 -0.7413479 0.0060228
5
-114.651     ts77     dynamics     sesquiterpene     TS     runpoint      16     runisomer      34
6 -0.1607632 0.6962198 0.0123522
1 -0.1862456 1.3870528 0.9919698
1 0.0380817 1.3672191 -0.9411463
1 0.8018430 -1.4287379 -0.3135685
8 0.0514534 -0.7429366 0.0073053
5
-114.666     ts77     dynamics     sesquiterpene     TS     runpoint      17     runisomer      34
6 -0.1675263 0.7005481 0.0100297
1 -0.1723690 1.3202799 0.9462574
1 0.0514670 1.3818685 -0.9142792
1 0.6714513 -1.4024256 -0.2901020
8 0.0630235 -0.7445587 0.0087579
5
-114.677     ts77     dynamics     sesquiterpene     TS     runpoint      18     runisomer      34
6 -0.1729774 0.7044873 0.0062005
1 -0.1572647 1.2375452 0.8958386
1 0.0623965 1.3773603 -0.8736338
1 0.5551224 -1.3669368 -0.2762544
8 0.0728022 -0.7442547 0.0113764
5
-114.658     ts77     dynamics     sesquiterpene     TS     runpoint      19     runisomer      34
6 -0.1771950 0.7062158 -0.0005776
1 -0.1417510 1.1544537 0.8659519
1 0.0719594 1.3574852 -0.8267928
1 0.5035886 -1.3892449 -0.3059127
8 0.0776326 -0.7376605 0.0172642
5
-114.655     ts77     dynamics     sesquiterpene     TS     runpoint      20     runisomer      34
6 -0.1805435 0.7038513 -0.0116026
1 -0.1255311 1.0865716 0.8848594
1 0.0830459 1.3310703 -0.7859727
1 0.5052801 -1.4686534 -0.3831936
8 0.0783175 -0.7249441 0.0266427
5
-114.674     ts77     dynamics     sesquiterpene     TS     runpoint      21     runisomer      34
6 -0.1835677 0.6968383 -0.0254898
1 -0.1086871 1.0344792 0.9516946
1 0.1006476 1.3111142 -0.7660692
1 0.5127973 -1.5373127 -0.4751039
8 0.0779420 -0.7108192 0.0373888
5
-114.674     ts77     dynamics     sesquiterpene     TS     runpoint      22     runisomer      34
6 -0.1866431 0.6858396 -0.0387575
1 -0.0932210 0.9893495 1.0350087
1 0.1293124 1.3075024 -0.7760008
1 0.5070094 -1.5631522 -0.5615168
8 0.0778325 -0.6978708 0.0481655
5
-114.666     ts77     dynamics     sesquiterpene     TS     runpoint      23     runisomer      34
6 -0.1897263 0.6721747 -0.0493577
1 -0.0813194 0.9466374 1.1057302
1 0.1684394 1.3179942 -0.8095215
1 0.4833679 -1.5387354 -0.6334483
8 0.0784204 -0.6871295 0.0583084
5
-114.663     ts77     dynamics     sesquiterpene     TS     runpoint      24     runisomer      34
6 -0.1924563 0.6574918 -0.0571540
1 -0.0743157 0.9065839 1.1482766
1 0.2124336 1.3313112 -0.8505462
1 0.4414222 -1.4649952 -0.6856663
8 0.0798977 -0.6790785 0.0673522
5
-114.666     ts77     dynamics     sesquiterpene     TS     runpoint      25     runisomer      34
6 -0.1944860 0.6432246 -0.0625926
1 -0.0729662 0.8715082 1.1565019
1 0.2550680 1.3366638 -0.8846827
1 0.3824116 -1.3469361 -0.7146780
8 0.0823680 -0.6739441 0.0748938
5
-114.677     ts77     dynamics     sesquiterpene     TS     runpoint      26     runisomer      34
6 -0.1956310 0.6303921 -0.0659709
1 -0.0777804 0.8446288 1.1296425
1 0.2918308 1.3276207 -0.9034099
1 0.3103161 -1.1960753 -0.7219167
8 0.0857569 -0.6715611 0.0807575
5
-114.69     ts77     dynamics     sesquiterpene     TS     runpoint      27     runisomer      34
6 -0.1958599 0.6196784 -0.0673845
1 -0.0890622 0.8298959 1.0713102
1 0.3200222 1.3016197 -0.9031746
1 0.2339450 -1.0359418 -0.7246600
8 0.0896757 -0.6710491 0.0856532
5
-114.692     ts77     dynamics     sesquiterpene     TS     runpoint      28     runisomer      34
6 -0.1952890 0.6115509 -0.0670110
1 -0.1066755 0.8321718 0.9914150
1 0.3384783 1.2590305 -0.8841211
1 0.1637984 -0.8967918 -0.7636269
8 0.0936150 -0.6711822 0.0916618
5
-114.69     ts77     dynamics     sesquiterpene     TS     runpoint      29     runisomer      34
6 -0.1941959 0.6062061 -0.0656099
1 -0.1297859 0.8576565 0.9101564
1 0.3477820 1.2032140 -0.8499610
1 0.1005940 -0.7870135 -0.8507260
8 0.0976477 -0.6721804 0.0990673
5
-114.689     ts77     dynamics     sesquiterpene     TS     runpoint      30     runisomer      34
6 -0.1929888 0.6031696 -0.0647066
1 -0.1573388 0.9138606 0.8574637
1 0.3512458 1.1413732 -0.8088883
1 0.0424126 -0.7021137 -0.9434185
8 0.1019268 -0.6748984 0.1049622
5
-114.675     ts77     dynamics     sesquiterpene     TS     runpoint      31     runisomer      34
6 -0.1921715 0.6014062 -0.0648890
1 -0.1897011 1.0046659 0.8519638
1 0.3564282 1.0846106 -0.7743308
1 -0.0088609 -0.6430405 -1.0093333
8 0.1062577 -0.6794433 0.1074207
5
-114.665     ts77     dynamics     sesquiterpene     TS     runpoint      32     runisomer      34
6 -0.1923590 0.6005401 -0.0639981
1 -0.2278577 1.1201227 0.8778062
1 0.3738733 1.0446992 -0.7614751
1 -0.0512589 -0.6113887 -1.0364823
8 0.1103754 -0.6855490 0.1060250
5
-114.662     ts77     dynamics     sesquiterpene     TS     runpoint      33     runisomer      34
6 -0.1938852 0.6013585 -0.0596527
1 -0.2703889 1.2405346 0.9062799
1 0.4087483 1.0267357 -0.7762302
1 -0.0835831 -0.6073654 -1.0223163
8 0.1140393 -0.6928731 0.1010081
