5
-114.654160 ts77 dynamics sesquiterpene TS runpoint 1  runisomer  132
6 -0.0352110 0.6174074 -0.0013333
1 -0.2829496 1.0435009 0.8762277
1 -0.2037861 1.1621465 -0.8951380
1 0.9731369 -0.0847740 -0.0778675
8 -0.0321856 -0.7339169 0.0070981
5
-114.647 ts77 dynamics sesquiterpene TS runpoint 2  runisomer  132
6 -0.0332026 0.630047 -0.0126292
1 -0.298532 1.01315 0.926127
1 -0.219623 1.12702 -0.851774
1 1.03117 -0.086642 -0.0559604
8 -0.0353691 -0.739156 0.0083162
5
-114.642     ts77     dynamics     sesquiterpene     TS     runpoint      3     runisomer      132
6 -0.0295999 0.6406350 -0.0214548
1 -0.3166685 0.9951937 0.9870215
1 -0.2446040 1.1122044 -0.8441302
1 1.0820363 -0.0820851 -0.0323356
8 -0.0385607 -0.7453213 0.0091305
5
-114.634     ts77     dynamics     sesquiterpene     TS     runpoint      4     runisomer      132
6 -0.0240209 0.6481546 -0.0252040
1 -0.3320832 0.9847880 1.0393289
1 -0.2823456 1.1243995 -0.8819724
1 1.1186767 -0.0666409 -0.0077136
8 -0.0417064 -0.7520475 0.0094813
5
-114.635     ts77     dynamics     sesquiterpene     TS     runpoint      5     runisomer      132
6 -0.0167653 0.6529269 -0.0244933
1 -0.3414061 0.9796285 1.0707448
1 -0.3278845 1.1525657 -0.9443225
1 1.1381138 -0.0356362 0.0168417
8 -0.0449174 -0.7590307 0.0093500
5
-114.635     ts77     dynamics     sesquiterpene     TS     runpoint      6     runisomer      132
6 -0.0084240 0.6555243 -0.0211050
1 -0.3430320 0.9788328 1.0757885
1 -0.3721343 1.1820627 -1.0034734
1 1.1404293 0.0157410 0.0401836
8 -0.0484294 -0.7660248 0.0087472
5
-114.635     ts77     dynamics     sesquiterpene     TS     runpoint      7     runisomer      132
6 0.0005716 0.6561264 -0.0163861
1 -0.3367650 0.9821730 1.0539584
1 -0.4078163 1.2037675 -1.0420765
1 1.1279102 0.0920077 0.0611305
8 -0.0525346 -0.7728605 0.0076950
5
-114.64     ts77     dynamics     sesquiterpene     TS     runpoint      8     runisomer      132
6 0.0099631 0.6547028 -0.0112741
1 -0.3240072 0.9900149 1.0092971
1 -0.4304163 1.2133176 -1.0523162
1 1.1047367 0.1962301 0.0784485
8 -0.0574994 -0.7794570 0.0062283
5
-114.652     ts77     dynamics     sesquiterpene     TS     runpoint      9     runisomer      132
6 0.0194508 0.6512864 -0.0067202
1 -0.3084253 1.0037669 0.9512950
1 -0.4374851 1.2089160 -1.0319756
1 1.0779122 0.3279930 0.0909528
8 -0.0634620 -0.7857859 0.0043969
5
-114.668     ts77     dynamics     sesquiterpene     TS     runpoint      10     runisomer      132
6 0.0284247 0.6460198 -0.0039209
1 -0.2963920 1.0263724 0.8953254
1 -0.4283593 1.1903315 -0.9826774
1 1.0595694 0.4819131 0.0979544
8 -0.0703704 -0.7917880 0.0022766
5
-114.682     ts77     dynamics     sesquiterpene     TS     runpoint      11     runisomer      132
6 0.0360765 0.6389151 -0.0039211
1 -0.2953901 1.0611853 0.8582137
1 -0.4048335 1.1591962 -0.9106024
1 1.0647377 0.6501886 0.0996640
8 -0.0779795 -0.7972934 -0.0000330
5
-114.695     ts77     dynamics     sesquiterpene     TS     runpoint      12     runisomer      132
6 0.0425968 0.6297869 -0.0063567
1 -0.3092282 1.1074865 0.8474628
1 -0.3731134 1.1207293 -0.8297038
1 1.0956938 0.8265756 0.0964267
8 -0.0859467 -0.8020532 -0.0024208
5
-114.654160 ts77 dynamics sesquiterpene TS runpoint 1  runisomer  132
6 -0.0352110 0.6174074 -0.0013333
1 -0.2829496 1.0435009 0.8762277
1 -0.2037861 1.1621465 -0.8951380
1 0.9731369 -0.0847740 -0.0778675
8 -0.0321856 -0.7339169 0.0070981
5
-114.647 ts77 dynamics sesquiterpene TS runpoint 2  runisomer  132
6 -0.0363613 0.604555 0.00857051
1 -0.27488 1.09183 0.855601
1 -0.191239 1.20079 -0.948194
1 0.91955 -0.0807143 -0.0981807
8 -0.0292451 -0.730011 0.00559018
5
-114.643     ts77     dynamics     sesquiterpene     TS     runpoint      3     runisomer      132
6 -0.0376214 0.5935676 0.0152867
1 -0.2745937 1.1566077 0.8653328
1 -0.1788698 1.2300333 -0.9917714
1 0.8847168 -0.0781560 -0.1181506
8 -0.0269012 -0.7278521 0.0039422
5
-114.637     ts77     dynamics     sesquiterpene     TS     runpoint      4     runisomer      132
6 -0.0399420 0.5866036 0.0192434
1 -0.2779413 1.2263079 0.8902447
1 -0.1659007 1.2431940 -1.0164575
1 0.8799170 -0.0795083 -0.1395021
8 -0.0254622 -0.7277619 0.0023047
5
-114.632     ts77     dynamics     sesquiterpene     TS     runpoint      5     runisomer      132
6 -0.0436478 0.5851167 0.0213787
1 -0.2807548 1.2874987 0.9144650
1 -0.1527165 1.2377427 -1.0187071
1 0.9062859 -0.0850773 -0.1628221
8 -0.0249952 -0.7298062 0.0007875
5
-114.631     ts77     dynamics     sesquiterpene     TS     runpoint      6     runisomer      132
6 -0.0482958 0.5894112 0.0222928
1 -0.2807495 1.3308610 0.9284900
1 -0.1402464 1.2138989 -0.9984493
1 0.9537622 -0.0933066 -0.1865556
8 -0.0252841 -0.7337373 -0.0005617
5
-114.633     ts77     dynamics     sesquiterpene     TS     runpoint      7     runisomer      132
6 -0.0530770 0.5988706 0.0223559
1 -0.2771256 1.3516549 0.9283243
1 -0.1297158 1.1745589 -0.9591326
1 1.0074685 -0.1020920 -0.2078010
8 -0.0259716 -0.7391100 -0.0017370
5
-114.636     ts77     dynamics     sesquiterpene     TS     runpoint      8     runisomer      132
6 -0.0572167 0.6122244 0.0221322
1 -0.2699783 1.3487432 0.9137077
1 -0.1226101 1.1263971 -0.9100294
1 1.0543218 -0.1098584 -0.2237768
8 -0.0267155 -0.7454186 -0.0027350
5
-114.636     ts77     dynamics     sesquiterpene     TS     runpoint      9     runisomer      132
6 -0.0601155 0.6275928 0.0227452
1 -0.2601397 1.3243450 0.8876937
1 -0.1207091 1.0811112 -0.8696165
1 1.0854175 -0.1160265 -0.2325963
8 -0.0272401 -0.7521684 -0.0035462
5
-114.63     ts77     dynamics     sesquiterpene     TS     runpoint      10     runisomer      132
6 -0.0613318 0.6427026 0.0255537
1 -0.2494293 1.2848941 0.8577575
1 -0.1258774 1.0526871 -0.8627147
1 1.0955745 -0.1211589 -0.2332931
8 -0.0273171 -0.7589017 -0.0041575
5
-114.626     ts77     dynamics     sesquiterpene     TS     runpoint      11     runisomer      132
6 -0.0605908 0.6556721 0.0302996
1 -0.2410484 1.2421100 0.8375563
1 -0.1389793 1.0470153 -0.9002891
1 1.0824184 -0.1269207 -0.2256179
8 -0.0267466 -0.7652137 -0.0045613
5
-114.629     ts77     dynamics     sesquiterpene     TS     runpoint      12     runisomer      132
6 -0.0578871 0.6655807 0.0340823
1 -0.2391440 1.2104767 0.8445186
1 -0.1587239 1.0574385 -0.9648345
1 1.0460169 -0.1360234 -0.2099597
8 -0.0253584 -0.7707364 -0.0047562
5
-114.635     ts77     dynamics     sesquiterpene     TS     runpoint      13     runisomer      132
6 -0.0536588 0.6725064 0.0341074
1 -0.2459623 1.1971273 0.8864299
1 -0.1824318 1.0745070 -1.0294165
1 0.9892898 -0.1523306 -0.1875028
8 -0.0230325 -0.7751363 -0.0047609
5
-114.643     ts77     dynamics     sesquiterpene     TS     runpoint      14     runisomer      132
6 -0.0489219 0.6775955 0.0300925
1 -0.2592796 1.1956932 0.9504776
1 -0.2074045 1.0920343 -1.0752358
1 0.9191672 -0.1811510 -0.1604632
8 -0.0197566 -0.7781503 -0.0046011
5
-114.648     ts77     dynamics     sesquiterpene     TS     runpoint      15     runisomer      132
6 -0.0450278 0.6824128 0.0233848
1 -0.2746425 1.1953078 1.0146853
1 -0.2314410 1.1067235 -1.0929838
1 0.8482802 -0.2288482 -0.1321606
8 -0.0157308 -0.7796569 -0.0042781
5
-114.647     ts77     dynamics     sesquiterpene     TS     runpoint      16     runisomer      132
6 -0.0432085 0.6882354 0.0154386
1 -0.2884241 1.1888647 1.0620175
1 -0.2529668 1.1170306 -1.0798375
1 0.7970458 -0.2992211 -0.1066997
8 -0.0116448 -0.7798317 -0.0037303
5
-114.644     ts77     dynamics     sesquiterpene     TS     runpoint      17     runisomer      132
6 -0.0441369 0.6956176 0.0073732
1 -0.2985103 1.1736917 1.0831896
1 -0.2713211 1.1229421 -1.0379893
1 0.7945059 -0.3871692 -0.0880104
8 -0.0089990 -0.7792433 -0.0028256
5
-114.649     ts77     dynamics     sesquiterpene     TS     runpoint      18     runisomer      132
6 -0.0477113 0.7040932 0.0001777
1 -0.3039447 1.1499805 1.0748640
1 -0.2873301 1.1266192 -0.9753917
1 0.8611959 -0.4855532 -0.0771952
8 -0.0091706 -0.7781370 -0.0015277
5
-114.673     ts77     dynamics     sesquiterpene     TS     runpoint      19     runisomer      132
6 -0.0531725 0.7123425 -0.0049414
1 -0.3047755 1.1197948 1.0387011
1 -0.3041322 1.1334698 -0.9078628
1 0.9701948 -0.6008202 -0.0702774
8 -0.0108329 -0.7755900 -0.0000984
5
-114.691     ts77     dynamics     sesquiterpene     TS     runpoint      20     runisomer      132
6 -0.0594030 0.7186827 -0.0066910
1 -0.3023415 1.0870738 0.9826508
1 -0.3273529 1.1520694 -0.8580819
1 1.0720331 -0.7356435 -0.0629379
8 -0.0112689 -0.7709581 0.0011493
5
-114.689     ts77     dynamics     sesquiterpene     TS     runpoint      21     runisomer      132
6 -0.0652772 0.7216031 -0.0050332
1 -0.3000229 1.0583633 0.9240854
1 -0.3618207 1.1887829 -0.8428537
1 1.1361062 -0.8814813 -0.0535339
8 -0.0088765 -0.7644604 0.0020449
5
-114.68     ts77     dynamics     sesquiterpene     TS     runpoint      22     runisomer      132
6 -0.0700823 0.7204254 -0.0025574
1 -0.3036268 1.0427190 0.8899410
1 -0.4057067 1.2391746 -0.8573070
1 1.1508677 -1.0261221 -0.0420949
8 -0.0032131 -0.7566483 0.0025308
5
-114.672     ts77     dynamics     sesquiterpene     TS     runpoint      23     runisomer      132
6 -0.0736669 0.7154695 -0.0025239
1 -0.3180333 1.0466519 0.9011098
1 -0.4516111 1.2905094 -0.8827776
1 1.1146765 -1.1577861 -0.0292852
8 0.0055540 -0.7481126 0.0026025
5
-114.673     ts77     dynamics     sesquiterpene     TS     runpoint      24     runisomer      132
6 -0.0764472 0.7079391 -0.0055209
1 -0.3411036 1.0663773 0.9493586
1 -0.4924710 1.3308948 -0.9034681
1 1.0308484 -1.2660548 -0.0159835
8 0.0169469 -0.7394248 0.0022796
5
-114.679     ts77     dynamics     sesquiterpene     TS     runpoint      25     runisomer      132
6 -0.0790342 0.6993350 -0.0099679
1 -0.3657700 1.0912376 1.0078607
1 -0.5239546 1.3526855 -0.9108976
1 0.9070028 -1.3426633 -0.0031531
8 0.0302264 -0.7310788 0.0015929
5
-114.682     ts77     dynamics     sesquiterpene     TS     runpoint      26     runisomer      132
6 -0.0817840 0.6907646 -0.0142481
1 -0.3861243 1.1120561 1.0546809
1 -0.5441484 1.3519017 -0.9020232
1 0.7582881 -1.3853383 0.0083133
8 0.0442112 -0.7232192 0.0005755
5
-114.678     ts77     dynamics     sesquiterpene     TS     runpoint      27     runisomer      132
6 -0.0847808 0.6827669 -0.0173033
1 -0.3989215 1.1234131 1.0782187
1 -0.5529777 1.3274448 -0.8775167
1 0.6132519 -1.4088062 0.0180926
8 0.0569572 -0.7149105 -0.0007715
5
-114.664     ts77     dynamics     sesquiterpene     TS     runpoint      28     runisomer      132
6 -0.0879628 0.6754142 -0.0183918
1 -0.4027269 1.1228031 1.0741864
1 -0.5522062 1.2812608 -0.8416135
1 0.5076236 -1.4536603 0.0274523
8 0.0661870 -0.7036165 -0.0025495
5
-114.658     ts77     dynamics     sesquiterpene     TS     runpoint      29     runisomer      132
6 -0.0911115 0.6684905 -0.0167990
1 -0.3972745 1.1099467 1.0432339
1 -0.5461946 1.2194396 -0.8032985
1 0.4434110 -1.5389051 0.0381695
8 0.0718689 -0.6883432 -0.0048816
5
-114.666     ts77     dynamics     sesquiterpene     TS     runpoint      30     runisomer      132
6 -0.0937398 0.6616016 -0.0117589
1 -0.3835410 1.0868943 0.9908788
1 -0.5427298 1.1527084 -0.7772583
1 0.3925512 -1.6259114 0.0496308
8 0.0759572 -0.6720313 -0.0077250
5
-114.663     ts77     dynamics     sesquiterpene     TS     runpoint      31     runisomer      132
6 -0.0951805 0.6542968 -0.0029966
1 -0.3644868 1.0589606 0.9296145
1 -0.5508948 1.0927090 -0.7796123
1 0.3387314 -1.6784927 0.0607604
8 0.0797381 -0.6576925 -0.0109892
5
-114.653     ts77     dynamics     sesquiterpene     TS     runpoint      32     runisomer      132
6 -0.0950991 0.6464301 0.0079446
1 -0.3461601 1.0362201 0.8817596
1 -0.5737254 1.0439376 -0.8149043
1 0.2772989 -1.6814247 0.0715453
8 0.0838259 -0.6470965 -0.0146360
5
-114.649     ts77     dynamics     sesquiterpene     TS     runpoint      33     runisomer      132
6 -0.0938346 0.6381764 0.0176114
1 -0.3365121 1.0316414 0.8742157
1 -0.6046795 1.0027330 -0.8697803
1 0.2083237 -1.6346029 0.0829892
8 0.0885610 -0.6409671 -0.0186735
5
-114.656     ts77     dynamics     sesquiterpene     TS     runpoint      34     runisomer      132
6 -0.0923149 0.6301418 0.0236114
1 -0.3386179 1.0501645 0.9147360
1 -0.6343760 0.9649084 -0.9248521
1 0.1342125 -1.5539254 0.0974058
8 0.0940888 -0.6388038 -0.0231654
5
-114.664     ts77     dynamics     sesquiterpene     TS     runpoint      35     runisomer      132
6 -0.0917988 0.6235779 0.0264407
1 -0.3475108 1.0824700 0.9813652
1 -0.6563232 0.9293013 -0.9656248
1 0.0568010 -1.4816980 0.1210054
8 0.1005175 -0.6382195 -0.0284022
5
-114.657     ts77     dynamics     sesquiterpene     TS     runpoint      36     runisomer      132
6 -0.0933128 0.6196771 0.0276262
1 -0.3569049 1.1157306 1.0467793
1 -0.6675099 0.8969964 -0.9842486
1 -0.0304164 -1.4736476 0.1658248
8 0.1084412 -0.6358585 -0.0350612
5
-114.659     ts77     dynamics     sesquiterpene     TS     runpoint      37     runisomer      132
6 -0.0974591 0.6192130 0.0283414
1 -0.3632083 1.1415432 1.0937736
1 -0.6675219 0.8703396 -0.9781454
1 -0.1347899 -1.5141513 0.2335965
8 0.1185209 -0.6329038 -0.0432113
5
-114.667     ts77     dynamics     sesquiterpene     TS     runpoint      38     runisomer      132
6 -0.1044762 0.6224256 0.0293771
1 -0.3648869 1.1558857 1.1142336
1 -0.6579076 0.8523755 -0.9490038
1 -0.2472674 -1.5458635 0.3103716
8 0.1303677 -0.6330861 -0.0519488
5
-114.667     ts77     dynamics     sesquiterpene     TS     runpoint      39     runisomer      132
6 -0.1141965 0.6288684 0.0313999
1 -0.3612771 1.1573531 1.1054242
1 -0.6422186 0.8465243 -0.9030083
1 -0.3552369 -1.5409232 0.3837509
8 0.1432433 -0.6379522 -0.0604311
5
-114.668     ts77     dynamics     sesquiterpene     TS     runpoint      40     runisomer      132
6 -0.1259435 0.6375249 0.0351488
1 -0.3523452 1.1463169 1.0686857
1 -0.6267120 0.8564433 -0.8519949
1 -0.4492901 -1.4939216 0.4461665
8 0.1564369 -0.6473358 -0.0680733
5
-114.673     ts77     dynamics     sesquiterpene     TS     runpoint      41     runisomer      132
6 -0.1385681 0.6470713 0.0412911
1 -0.3391481 1.1254144 1.0109132
1 -0.6199649 0.8856422 -0.8126389
1 -0.5220447 -1.4074596 0.4923965
8 0.1692303 -0.6604668 -0.0744306
5
-114.681     ts77     dynamics     sesquiterpene     TS     runpoint      42     runisomer      132
6 -0.1508462 0.6560422 0.0494227
1 -0.3245388 1.1014132 0.9486733
1 -0.6283300 0.9357696 -0.7983380
1 -0.5671804 -1.2873569 0.5182753
8 0.1808865 -0.6764100 -0.0791393
5
-114.688     ts77     dynamics     sesquiterpene     TS     runpoint      43     runisomer      132
6 -0.1620410 0.6630178 0.0568354
1 -0.3133582 1.0868665 0.9112934
1 -0.6497166 1.0035409 -0.8077422
1 -0.5806215 -1.1430653 0.5214632
8 0.1907710 -0.6940876 -0.0819502
5
-114.692     ts77     dynamics     sesquiterpene     TS     runpoint      44     runisomer      132
6 -0.1720534 0.6672092 0.0598599
1 -0.3094687 1.0938155 0.9268665
1 -0.6752931 1.0805356 -0.8269700
1 -0.5644243 -0.9891737 0.5043679
8 0.1986236 -0.7122172 -0.0829092
5
-114.696     ts77     dynamics     sesquiterpene     TS     runpoint      45     runisomer      132
6 -0.1812994 0.6694938 0.0576063
1 -0.3107731 1.1184965 0.9900087
1 -0.6963825 1.1569995 -0.8417308
1 -0.5331708 -0.8447187 0.4789697
8 0.2049985 -0.7294051 -0.0826632
5
-114.69     ts77     dynamics     sesquiterpene     TS     runpoint      46     runisomer      132
6 -0.1902491 0.6718634 0.0518465
1 -0.3120312 1.1453212 1.0690793
1 -0.7075170 1.2248682 -0.8432215
1 -0.5149418 -0.7260625 0.4674916
8 0.2113424 -0.7446243 -0.0825039
5
-114.67     ts77     dynamics     sesquiterpene     TS     runpoint      47     runisomer      132
6 -0.1990713 0.6759226 0.0444218
1 -0.3098658 1.1623177 1.1373963
1 -0.7062194 1.2787012 -0.8280256
1 -0.5275792 -0.6384948 0.4843065
8 0.2185350 -0.7576490 -0.0832516
5
-114.653     ts77     dynamics     sesquiterpene     TS     runpoint      48     runisomer      132
6 -0.2077204 0.6823004 0.0366148
1 -0.3030015 1.1644554 1.1806393
1 -0.6923720 1.3158155 -0.7969615
1 -0.5593241 -0.5823662 0.5207797
8 0.2257157 -0.7684419 -0.0843719
5
-114.643     ts77     dynamics     sesquiterpene     TS     runpoint      49     runisomer      132
6 -0.2160305 0.6906758 0.0295136
1 -0.2911852 1.1510659 1.1926977
1 -0.6680333 1.3366530 -0.7547214
1 -0.5910019 -0.5573981 0.5614157
8 0.2316657 -0.7767672 -0.0850230
5
-114.637     ts77     dynamics     sesquiterpene     TS     runpoint      50     runisomer      132
6 -0.2236679 0.7000790 0.0242559
1 -0.2746534 1.1236221 1.1722573
1 -0.6376370 1.3456988 -0.7103424
1 -0.6101110 -0.5615330 0.5950427
8 0.2356396 -0.7824002 -0.0847018
5
-114.637     ts77     dynamics     sesquiterpene     TS     runpoint      51     runisomer      132
6 -0.2300783 0.7091575 0.0219461
1 -0.2540602 1.0849518 1.1221587
1 -0.6077041 1.3519784 -0.6770620
1 -0.6096453 -0.5926397 0.6149691
8 0.2372336 -0.7852084 -0.0831615
5
-114.641     ts77     dynamics     sesquiterpene     TS     runpoint      52     runisomer      132
6 -0.2346793 0.7164987 0.0230370
1 -0.2304600 1.0397423 1.0518285
1 -0.5842566 1.3658698 -0.6681610
1 -0.5858532 -0.6497068 0.6178804
8 0.2362205 -0.7851438 -0.0802905
5
-114.65     ts77     dynamics     sesquiterpene     TS     runpoint      53     runisomer      132
6 -0.2372929 0.7211141 0.0261382
1 -0.2049331 0.9959362 0.9827655
1 -0.5682976 1.3909212 -0.6880164
1 -0.5385858 -0.7318881 0.6041436
8 0.2325884 -0.7822442 -0.0761470
5
-114.659     ts77     dynamics     sesquiterpene     TS     runpoint      54     runisomer      132
6 -0.2383376 0.7225783 0.0276424
1 -0.1774566 0.9647576 0.9502409
1 -0.5551953 1.4201608 -0.7282559
1 -0.4746876 -0.8366855 0.5803386
8 0.2267868 -0.7766148 -0.0711885
5
-114.665     ts77     dynamics     sesquiterpene     TS     runpoint      55     runisomer      132
6 -0.2384857 0.7209284 0.0245436
1 -0.1468016 0.9537755 0.9784746
1 -0.5392690 1.4427921 -0.7751296
1 -0.4119108 -0.9608351 0.5628014
8 0.2200052 -0.7682868 -0.0665834
5
-114.676     ts77     dynamics     sesquiterpene     TS     runpoint      56     runisomer      132
6 -0.2380896 0.7167622 0.0179158
1 -0.1142648 0.9596617 1.0476721
1 -0.5169617 1.4506650 -0.8174655
1 -0.3684197 -1.1039183 0.5688459
8 0.2135091 -0.7570115 -0.0636815
5
-114.689     ts77     dynamics     sesquiterpene     TS     runpoint      57     runisomer      132
6 -0.2371366 0.7107036 0.0107891
1 -0.0838985 0.9751996 1.1202936
1 -0.4869439 1.4396360 -0.8488052
1 -0.3371250 -1.2581533 0.5902274
8 0.2070142 -0.7430317 -0.0622817
5
-114.689     ts77     dynamics     sesquiterpene     TS     runpoint      58     runisomer      132
6 -0.2355592 0.7030572 0.0054280
1 -0.0591095 0.9954396 1.1714215
1 -0.4494012 1.4090534 -0.8668095
1 -0.3000723 -1.4015211 0.6040230
8 0.1995647 -0.7276089 -0.0612148
5
-114.675     ts77     dynamics     sesquiterpene     TS     runpoint      59     runisomer      132
6 -0.2333289 0.6938516 0.0031581
1 -0.0417158 1.0175829 1.1896779
1 -0.4055193 1.3613117 -0.8727530
1 -0.2501194 -1.5138660 0.5973703
8 0.1908805 -0.7120103 -0.0598674
5
-114.663     ts77     dynamics     sesquiterpene     TS     runpoint      60     runisomer      132
6 -0.2304532 0.6829364 0.0048481
1 -0.0323834 1.0399022 1.1714617
1 -0.3570850 1.3016317 -0.8715124
1 -0.1884518 -1.5835638 0.5675571
8 0.1811955 -0.6970736 -0.0581852
5
-114.662     ts77     dynamics     sesquiterpene     TS     runpoint      61     runisomer      132
6 -0.2270116 0.6701017 0.0111220
1 -0.0309184 1.0613221 1.1180897
1 -0.3058856 1.2373087 -0.8711202
1 -0.1190516 -1.6051098 0.5165319
8 0.1709211 -0.6833837 -0.0563368
5
-114.673     ts77     dynamics     sesquiterpene     TS     runpoint      62     runisomer      132
6 -0.2232547 0.6552969 0.0220565
1 -0.0360417 1.0818961 1.0364544
1 -0.2529223 1.1753720 -0.8799031
1 -0.0464995 -1.5773861 0.4486554
8 0.1605140 -0.6714167 -0.0545647
5
-114.69     ts77     dynamics     sesquiterpene     TS     runpoint      63     runisomer      132
6 -0.2196491 0.6387271 0.0363795
1 -0.0446019 1.1047778 0.9426531
1 -0.1983572 1.1193904 -0.9009673
1 0.0238958 -1.5078751 0.3724799
8 0.1504719 -0.6612795 -0.0532713
5
-114.698     ts77     dynamics     sesquiterpene     TS     runpoint      64     runisomer      132
6 -0.2168096 0.6205529 0.0509888
1 -0.0508560 1.1395283 0.8645198
1 -0.1428126 1.0689496 -0.9293348
1 0.0853668 -1.4279752 0.3072375
8 0.1413605 -0.6516911 -0.0534073
5
-114.675     ts77     dynamics     sesquiterpene     TS     runpoint      65     runisomer      132
6 -0.2152778 0.6009207 0.0624628
1 -0.0487127 1.1989355 0.8284115
1 -0.0883482 1.0225562 -0.9559123
1 0.1337583 -1.4054347 0.2861455
8 0.1335935 -0.6392023 -0.0567335
5
-114.663     ts77     dynamics     sesquiterpene     TS     runpoint      66     runisomer      132
6 -0.2152197 0.5815767 0.0700166
1 -0.0375214 1.2805043 0.8320045
1 -0.0378276 0.9801788 -0.9731532
1 0.1749140 -1.4595744 0.3178856
8 0.1270669 -0.6237468 -0.0635384
5
-114.674     ts77     dynamics     sesquiterpene     TS     runpoint      67     runisomer      132
6 -0.2166289 0.5660957 0.0751096
1 -0.0212711 1.3641990 0.8527760
1 0.0061507 0.9435665 -0.9771364
1 0.2107982 -1.5233775 0.3729964
8 0.1220661 -0.6110783 -0.0718857
5
-114.66     ts77     dynamics     sesquiterpene     TS     runpoint      68     runisomer      132
6 -0.2195959 0.5576757 0.0791932
1 -0.0033824 1.4316463 0.8733635
1 0.0417284 0.9153782 -0.9671544
1 0.2385077 -1.5542950 0.4312347
8 0.1191750 -0.6052854 -0.0805419
5
-114.641     ts77     dynamics     sesquiterpene     TS     runpoint      69     runisomer      132
6 -0.2241504 0.5578864 0.0831285
1 0.0143437 1.4729568 0.8857238
1 0.0678016 0.8984743 -0.9450976
1 0.2559785 -1.5396641 0.4839640
8 0.1187292 -0.6079011 -0.0889825
5
-114.636     ts77     dynamics     sesquiterpene     TS     runpoint      70     runisomer      132
6 -0.2300285 0.5665997 0.0873473
1 0.0307351 1.4840649 0.8871500
1 0.0839422 0.8955842 -0.9150246
1 0.2625728 -1.4792347 0.5270489
8 0.1206721 -0.6187625 -0.0968443
5
-114.651     ts77     dynamics     sesquiterpene     TS     runpoint      71     runisomer      132
6 -0.2366737 0.5824150 0.0919997
1 0.0446872 1.4641445 0.8777723
1 0.0903499 0.9089332 -0.8827329
1 0.2590381 -1.3800435 0.5594869
8 0.1245945 -0.6364630 -0.1038193
5
-114.675     ts77     dynamics     sesquiterpene     TS     runpoint      72     runisomer      132
6 -0.2434262 0.6031914 0.0969879
1 0.0554572 1.4153840 0.8603386
1 0.0877964 0.9396587 -0.8548500
1 0.2483752 -1.2597043 0.5883913
8 0.1298127 -0.6584955 -0.1100372
5
-114.692     ts77     dynamics     sesquiterpene     TS     runpoint      73     runisomer      132
6 -0.2497833 0.6264762 0.1017623
1 0.0638223 1.3447941 0.8418967
1 0.0772186 0.9872273 -0.8368757
1 0.2365240 -1.1472180 0.6370698
8 0.1354668 -0.6816023 -0.1166527
5
-114.698     ts77     dynamics     sesquiterpene     TS     runpoint      74     runisomer      132
6 -0.2556325 0.6497379 0.1049683
1 0.0740096 1.2663462 0.8365528
1 0.0590295 1.0492223 -0.8306831
1 0.2280912 -1.0597338 0.7271819
8 0.1408897 -0.7035293 -0.1247865
5
-114.702     ts77     dynamics     sesquiterpene     TS     runpoint      75     runisomer      132
6 -0.2612749 0.6707577 0.1045691
1 0.0939086 1.1973941 0.8637226
1 0.0329186 1.1216590 -0.8333534
1 0.2216727 -0.9862254 0.8361283
8 0.1459173 -0.7241494 -0.1328934
5
-114.699     ts77     dynamics     sesquiterpene     TS     runpoint      76     runisomer      132
6 -0.2668085 0.6886798 0.0994250
1 0.1276235 1.1443177 0.9312548
1 -0.0013896 1.1996149 -0.8386713
1 0.2152681 -0.9174410 0.9269173
8 0.1505078 -0.7434949 -0.1386714
5
-114.692     ts77     dynamics     sesquiterpene     TS     runpoint      77     runisomer      132
6 -0.2715317 0.7041740 0.0906793
1 0.1678797 1.0986833 1.0212922
1 -0.0432791 1.2779717 -0.8400652
1 0.2085528 -0.8536867 0.9789227
8 0.1545753 -0.7611966 -0.1409684
5
-114.682     ts77     dynamics     sesquiterpene     TS     runpoint      78     runisomer      132
6 -0.2745482 0.7180033 0.0804172
1 0.2033689 1.0526967 1.1073096
1 -0.0911004 1.3520717 -0.8327410
1 0.2019291 -0.7987244 0.9846998
8 0.1580299 -0.7768058 -0.1395110
5
-114.669     ts77     dynamics     sesquiterpene     TS     runpoint      79     runisomer      132
6 -0.2753791 0.7304056 0.0702499
1 0.2265676 1.0051500 1.1709916
1 -0.1425399 1.4182415 -0.8144338
1 0.1960391 -0.7567441 0.9442197
8 0.1608020 -0.7899288 -0.1344952
5
-114.661     ts77     dynamics     sesquiterpene     TS     runpoint      80     runisomer      132
6 -0.2739423 0.7412862 0.0611826
1 0.2340768 0.9582344 1.2033283
1 -0.1950926 1.4741314 -0.7853279
1 0.1918220 -0.7313435 0.8655488
8 0.1628260 -0.8002570 -0.1266029
5
-114.658     ts77     dynamics     sesquiterpene     TS     runpoint      81     runisomer      132
6 -0.2703585 0.7504104 0.0538672
1 0.2248745 0.9147776 1.2010940
1 -0.2464965 1.5188494 -0.7476597
1 0.1908133 -0.7241642 0.7742829
8 0.1640180 -0.8076339 -0.1175925
5
-114.648     ts77     dynamics     sesquiterpene     TS     runpoint      82     runisomer      132
6 -0.2648296 0.7574623 0.0487520
1 0.1993853 0.8773634 1.1648197
1 -0.2950899 1.5528807 -0.7052098
1 0.1954890 -0.7319700 0.7282816
8 0.1642407 -0.8122198 -0.1112429
5
-114.637     ts77     dynamics     sesquiterpene     TS     runpoint      83     runisomer      132
6 -0.2576131 0.7620271 0.0460194
1 0.1597582 0.8488140 1.0995508
1 -0.3400399 1.5777278 -0.6626100
1 0.2081580 -0.7498785 0.7777110
8 0.1633552 -0.8142836 -0.1108759
5
-114.655     ts77     dynamics     sesquiterpene     TS     runpoint      84     runisomer      132
6 -0.2491468 0.7636614 0.0451608
1 0.1113415 0.8328593 1.0189636
1 -0.3813914 1.5951001 -0.6244059
1 0.2267693 -0.7808999 0.8744309
8 0.1614844 -0.8136457 -0.1136531
5
-114.661     ts77     dynamics     sesquiterpene     TS     runpoint      85     runisomer      132
6 -0.2402709 0.7620057 0.0442258
1 0.0648364 0.8330809 0.9524308
1 -0.4198023 1.6058396 -0.5941669
1 0.2471317 -0.8254831 0.9584689
8 0.1588893 -0.8102871 -0.1159567
5
-114.644     ts77     dynamics     sesquiterpene     TS     runpoint      86     runisomer      132
6 -0.2320303 0.7567902 0.0400489
1 0.0335795 0.8521786 0.9416641
1 -0.4560428 1.6094902 -0.5741785
1 0.2661803 -0.8793602 1.0032377
8 0.1557558 -0.8044135 -0.1162222
