5
-114.654160 ts77 dynamics sesquiterpene TS runpoint 1  runisomer  31
6 -0.0118734 0.6407935 0.0072672
1 -0.3792237 1.1477519 0.9571561
1 -0.3675552 1.1140069 -0.9967662
1 1.0685843 -0.1160465 -0.0198196
8 -0.0393238 -0.7530267 -0.0017078
5
-114.643 ts77 dynamics sesquiterpene TS runpoint 2  runisomer  31
6 -0.00988777 0.649196 0.00359746
1 -0.377503 1.18149 1.0253
1 -0.377325 1.06615 -1.00176
1 1.07113 -0.100912 0.00541125
8 -0.0404668 -0.759395 -0.00452346
5
-114.636     ts77     dynamics     sesquiterpene     TS     runpoint      3     runisomer      31
6 -0.0086559 0.6573736 0.0003681
1 -0.3653177 1.2045082 1.0687003
1 -0.3792677 1.0179407 -0.9902493
1 1.0612474 -0.0766542 0.0304929
8 -0.0414150 -0.7654715 -0.0071408
5
-114.632     ts77     dynamics     sesquiterpene     TS     runpoint      4     runisomer      31
6 -0.0079812 0.6646786 -0.0014843
1 -0.3423198 1.2145461 1.0813780
1 -0.3757238 0.9750175 -0.9680581
1 1.0412473 -0.0409691 0.0546032
8 -0.0423344 -0.7711291 -0.0094676
5
-114.631     ts77     dynamics     sesquiterpene     TS     runpoint      5     runisomer      31
6 -0.0074868 0.6704037 -0.0010234
1 -0.3096513 1.2112374 1.0617207
1 -0.3703583 0.9432890 -0.9450305
1 1.0155088 0.0090003 0.0769144
8 -0.0434800 -0.7763648 -0.0114319
5
-114.636     ts77     dynamics     sesquiterpene     TS     runpoint      6     runisomer      31
6 -0.0067488 0.6739087 0.0024579
1 -0.2697856 1.1958474 1.0121646
1 -0.3670229 0.9275997 -0.9319938
1 0.9906177 0.0765907 0.0965865
8 -0.0451880 -0.7812950 -0.0129820
5
-114.644     ts77     dynamics     sesquiterpene     TS     runpoint      7     runisomer      31
6 -0.0055141 0.6746689 0.0087111
1 -0.2272615 1.1725189 0.9416517
1 -0.3673935 0.9300425 -0.9345220
1 0.9753379 0.1645429 0.1126794
8 -0.0478085 -0.7860907 -0.0140849
5
-114.654     ts77     dynamics     sesquiterpene     TS     runpoint      8     runisomer      31
6 -0.0038225 0.6720961 0.0157682
1 -0.1898785 1.1511162 0.8706203
1 -0.3696002 0.9492418 -0.9489005
1 0.9799024 0.2729868 0.1240115
8 -0.0515834 -0.7908548 -0.0147121
5
-114.657     ts77     dynamics     sesquiterpene     TS     runpoint      9     runisomer      31
6 -0.0017674 0.6652203 0.0201707
1 -0.1683016 1.1484175 0.8316213
1 -0.3699359 0.9813086 -0.9655203
1 1.0127052 0.3989577 0.1290788
8 -0.0565318 -0.7954846 -0.0148301
5
-114.662     ts77     dynamics     sesquiterpene     TS     runpoint      10     runisomer      31
6 0.0008951 0.6533848 0.0194848
1 -0.1700000 1.1757854 0.8459579
1 -0.3656045 1.0213256 -0.9752535
1 1.0724942 0.5388735 0.1261361
8 -0.0624637 -0.7996685 -0.0144197
5
-114.681     ts77     dynamics     sesquiterpene     TS     runpoint      11     runisomer      31
6 0.0047962 0.6378336 0.0148164
1 -0.1927610 1.2216620 0.8967331
1 -0.3558717 1.0642508 -0.9727244
1 1.1439603 0.6884598 0.1139144
8 -0.0690747 -0.8030236 -0.0135061
5
-114.654160 ts77 dynamics sesquiterpene TS runpoint 1  runisomer  31
6 -0.0118734 0.6407935 0.0072672
1 -0.3792237 1.1477519 0.9571561
1 -0.3675552 1.1140069 -0.9967662
1 1.0685843 -0.1160465 -0.0198196
8 -0.0393238 -0.7530267 -0.0017078
5
-114.643 ts77 dynamics sesquiterpene TS runpoint 2  runisomer  31
6 -0.0145236 0.63257 0.0102203
1 -0.373598 1.10902 0.877531
1 -0.349023 1.15686 -0.97388
1 1.05331 -0.124153 -0.0444282
8 -0.037895 -0.746606 0.00120228
5
-114.645     ts77     dynamics     sesquiterpene     TS     runpoint      3     runisomer      31
6 -0.0173292 0.6244447 0.0107431
1 -0.3685883 1.0768100 0.8106467
1 -0.3220155 1.1914643 -0.9357430
1 1.0270116 -0.1275030 -0.0677708
8 -0.0361508 -0.7404499 0.0040916
5
-114.639     ts77     dynamics     sesquiterpene     TS     runpoint      4     runisomer      31
6 -0.0194905 0.6159834 0.0070033
1 -0.3756737 1.0660247 0.7863186
1 -0.2879532 1.2165366 -0.8888225
1 0.9935986 -0.1287647 -0.0894319
8 -0.0341239 -0.7349225 0.0068392
5
-114.637     ts77     dynamics     sesquiterpene     TS     runpoint      5     runisomer      31
6 -0.0208734 0.6075124 -0.0007827
1 -0.3985632 1.0805931 0.8138797
1 -0.2493502 1.2335015 -0.8430983
1 0.9593231 -0.1309828 -0.1093180
8 -0.0319178 -0.7304159 0.0093153
5
-114.643     ts77     dynamics     sesquiterpene     TS     runpoint      6     runisomer      31
6 -0.0224476 0.6005283 -0.0096380
1 -0.4277399 1.1075714 0.8719034
1 -0.2094470 1.2467076 -0.8103774
1 0.9319663 -0.1374560 -0.1276735
8 -0.0296892 -0.7273018 0.0113966
5
-114.643     ts77     dynamics     sesquiterpene     TS     runpoint      7     runisomer      31
6 -0.0252904 0.5964269 -0.0163928
1 -0.4523240 1.1324640 0.9341620
1 -0.1710665 1.2614245 -0.8001165
1 0.9182890 -0.1515759 -0.1449008
8 -0.0275646 -0.7258328 0.0129805
5
-114.638     ts77     dynamics     sesquiterpene     TS     runpoint      8     runisomer      31
6 -0.0300160 0.5960705 -0.0193202
1 -0.4665202 1.1472129 0.9838062
1 -0.1353836 1.2794637 -0.8145021
1 0.9207309 -0.1766842 -0.1612006
8 -0.0255278 -0.7260512 0.0139825
5
-114.635     ts77     dynamics     sesquiterpene     TS     runpoint      9     runisomer      31
6 -0.0368437 0.6000804 -0.0181074
1 -0.4685032 1.1487089 1.0119182
1 -0.1020974 1.2969588 -0.8473781
1 0.9357033 -0.2163770 -0.1762725
8 -0.0233223 -0.7277557 0.0143237
5
-114.638     ts77     dynamics     sesquiterpene     TS     runpoint      10     runisomer      31
6 -0.0457769 0.6088738 -0.0132371
1 -0.4586495 1.1365694 1.0143426
1 -0.0706133 1.3072289 -0.8882487
1 0.9548682 -0.2753026 -0.1893649
8 -0.0204332 -0.7305245 0.0139190
5
-114.648     ts77     dynamics     sesquiterpene     TS     runpoint      11     runisomer      31
6 -0.0567727 0.6224834 -0.0055045
1 -0.4388456 1.1124167 0.9907163
1 -0.0406535 1.3047876 -0.9268069
1 0.9684999 -0.3592367 -0.1997026
8 -0.0161788 -0.7337732 0.0126887
5
-114.665     ts77     dynamics     sesquiterpene     TS     runpoint      12     runisomer      31
6 -0.0696846 0.6402688 0.0040001
1 -0.4127874 1.0806219 0.9461877
1 -0.0122339 1.2871506 -0.9550854
1 0.9694302 -0.4724857 -0.2070451
8 -0.0099846 -0.7368684 0.0106092
5
-114.685     ts77     dynamics     sesquiterpene     TS     runpoint      13     runisomer      31
6 -0.0838901 0.6606181 0.0134849
1 -0.3872585 1.0501859 0.8960693
1 0.0143609 1.2549854 -0.9680214
1 0.9567254 -0.6134352 -0.2122390
8 -0.0018133 -0.7393108 0.0077943
5
-114.697     ts77     dynamics     sesquiterpene     TS     runpoint      14     runisomer      31
6 -0.0980842 0.6809877 0.0201503
1 -0.3728074 1.0353706 0.8693529
1 0.0386617 1.2118328 -0.9638772
1 0.9377357 -0.7739863 -0.2176708
8 0.0075894 -0.7408264 0.0045587
5
-114.699     ts77     dynamics     sesquiterpene     TS     runpoint      15     runisomer      31
6 -0.1109300 0.6988505 0.0216408
1 -0.3777602 1.0476711 0.8929157
1 0.0604651 1.1639262 -0.9453875
1 0.9229721 -0.9445969 -0.2262008
8 0.0170936 -0.7412348 0.0013292
5
-114.704     ts77     dynamics     sesquiterpene     TS     runpoint      16     runisomer      31
6 -0.1221855 0.7130641 0.0190988
1 -0.3980231 1.0824710 0.9576283
1 0.0806577 1.1198794 -0.9213080
1 0.9115529 -1.1159934 -0.2376504
8 0.0262611 -0.7405172 -0.0016363
5
-114.705     ts77     dynamics     sesquiterpene     TS     runpoint      17     runisomer      31
6 -0.1324488 0.7235026 0.0161319
1 -0.4224119 1.1255703 1.0302069
1 0.1017947 1.0891395 -0.9052189
1 0.8906820 -1.2748525 -0.2483408
8 0.0354790 -0.7391186 -0.0043220
5
-114.688     ts77     dynamics     sesquiterpene     TS     runpoint      18     runisomer      31
6 -0.1422664 0.7302214 0.0155062
1 -0.4424994 1.1658787 1.0851881
1 0.1268432 1.0782633 -0.9077380
1 0.8503721 -1.4064546 -0.2547805
8 0.0450701 -0.7377230 -0.0067510
5
-114.666     ts77     dynamics     sesquiterpene     TS     runpoint      19     runisomer      31
6 -0.1517563 0.7334901 0.0178792
1 -0.4538825 1.1972200 1.1104225
1 0.1560890 1.0875443 -0.9268801
1 0.7884423 -1.5000019 -0.2553646
8 0.0549652 -0.7368424 -0.0088774
5
-114.652     ts77     dynamics     sesquiterpene     TS     runpoint      20     runisomer      31
6 -0.1606365 0.7338078 0.0223261
1 -0.4547101 1.2164010 1.1022991
1 0.1862139 1.1120877 -0.9496473
1 0.7078056 -1.5499572 -0.2500703
8 0.0648608 -0.7366891 -0.0105992
5
-114.649     ts77     dynamics     sesquiterpene     TS     runpoint      21     runisomer      31
6 -0.1684880 0.7316480 0.0274261
1 -0.4448323 1.2220535 1.0626023
1 0.2127038 1.1454021 -0.9620138
1 0.6145573 -1.5567804 -0.2403606
8 0.0743335 -0.7370948 -0.0117551
5
-114.654     ts77     dynamics     sesquiterpene     TS     runpoint      22     runisomer      31
6 -0.1749205 0.7272215 0.0317447
1 -0.4258489 1.2148854 0.9985803
1 0.2320196 1.1815525 -0.9548734
1 0.5192126 -1.5316628 -0.2303675
8 0.0827532 -0.7371840 -0.0120392
5
-114.657     ts77     dynamics     sesquiterpene     TS     runpoint      23     runisomer      31
6 -0.1795578 0.7203017 0.0336634
1 -0.4017143 1.1993995 0.9256637
1 0.2422984 1.2157867 -0.9248361
1 0.4388943 -1.5053989 -0.2293636
8 0.0891226 -0.7348291 -0.0108378
5
-114.65     ts77     dynamics     sesquiterpene     TS     runpoint      24     runisomer      31
6 -0.1820018 0.7101440 0.0311508
1 -0.3789160 1.1857767 0.8694803
1 0.2435740 1.2448957 -0.8737507
1 0.3886643 -1.5191395 -0.2501499
8 0.0926031 -0.7273184 -0.0073208
5
-114.649     ts77     dynamics     sesquiterpene     TS     runpoint      25     runisomer      31
6 -0.1821146 0.6959569 0.0226015
1 -0.3635808 1.1855053 0.8558171
1 0.2382271 1.2680396 -0.8087164
1 0.3604740 -1.5695773 -0.2941954
8 0.0938327 -0.7149374 -0.0013670
5
-114.661     ts77     dynamics     sesquiterpene     TS     runpoint      26     runisomer      31
6 -0.1805415 0.6780377 0.0088628
1 -0.3560051 1.1976289 0.8863914
1 0.2314737 1.2879090 -0.7419432
1 0.3361030 -1.6147141 -0.3503230
8 0.0941346 -0.7006646 0.0063453
5
-114.668     ts77     dynamics     sesquiterpene     TS     runpoint      27     runisomer      31
6 -0.1785546 0.6577608 -0.0070111
1 -0.3518189 1.2081935 0.9389943
1 0.2305377 1.3106380 -0.6877511
1 0.3059349 -1.6250254 -0.4089079
8 0.0943385 -0.6869001 0.0152183
5
-114.667     ts77     dynamics     sesquiterpene     TS     runpoint      28     runisomer      31
6 -0.1772866 0.6366642 -0.0223195
1 -0.3473785 1.2044882 0.9909721
1 0.2410175 1.3413359 -0.6552998
1 0.2672292 -1.5896136 -0.4649344
8 0.0948847 -0.6750039 0.0249148
