5
-114.654160 ts77 dynamics sesquiterpene TS runpoint 1  runisomer  89
6 -0.0348687 0.6442880 0.0007085
1 -0.2408644 1.0585565 0.9420857
1 -0.2901739 1.1592152 -1.0085291
1 1.0643681 -0.0989250 0.0307799
8 -0.0353997 -0.7539555 0.0017158
5
-114.644 ts77 dynamics sesquiterpene TS runpoint 2  runisomer  89
6 -0.0287201 0.628744 0.00607812
1 -0.250586 1.09998 0.941976
1 -0.336888 1.17322 -1.05005
1 1.07996 -0.081616 0.0555892
8 -0.0374386 -0.746878 -0.00125317
5
-114.639     ts77     dynamics     sesquiterpene     TS     runpoint      3     runisomer      89
6 -0.0217940 0.6132233 0.0089478
1 -0.2627909 1.1470038 0.9452123
1 -0.3753820 1.1758516 -1.0634506
1 1.0828937 -0.0524117 0.0784079
8 -0.0396254 -0.7402027 -0.0042037
5
-114.637     ts77     dynamics     sesquiterpene     TS     runpoint      4     runisomer      89
6 -0.0143457 0.5986693 0.0097561
1 -0.2748291 1.1923639 0.9440605
1 -0.4026090 1.1653855 -1.0470175
1 1.0769784 -0.0060525 0.0986004
8 -0.0423654 -0.7344048 -0.0070463
5
-114.64     ts77     dynamics     sesquiterpene     TS     runpoint      5     runisomer      89
6 -0.0066656 0.5859379 0.0090621
1 -0.2843282 1.2293915 0.9334278
1 -0.4164349 1.1418630 -1.0028294
1 1.0680685 0.0622927 0.1156679
8 -0.0460951 -0.7300122 -0.0097156
5
-114.647     ts77     dynamics     sesquiterpene     TS     runpoint      6     runisomer      89
6 0.0009376 0.5757175 0.0074311
1 -0.2898417 1.2532961 0.9119595
1 -0.4158852 1.1070506 -0.9365643
1 1.0631941 0.1559780 0.1291503
8 -0.0511788 -0.7275608 -0.0121654
5
-114.659     ts77     dynamics     sesquiterpene     TS     runpoint      7     runisomer      89
6 0.0082352 0.5683922 0.0056052
1 -0.2911988 1.2615380 0.8817374
1 -0.4024587 1.0656530 -0.8594254
1 1.0690839 0.2753932 0.1384913
8 -0.0577844 -0.7275007 -0.0143405
5
-114.671     ts77     dynamics     sesquiterpene     TS     runpoint      8     runisomer      89
6 0.0154143 0.5637369 0.0048166
1 -0.2897159 1.2539520 0.8477316
1 -0.3825859 1.0274518 -0.7914128
1 1.0897003 0.4174111 0.1429291
8 -0.0658138 -0.7300731 -0.0161731
5
-114.676     ts77     dynamics     sesquiterpene     TS     runpoint      9     runisomer      89
6 0.0235010 0.5607778 0.0067617
1 -0.2881813 1.2328054 0.8171939
1 -0.3682989 1.0069800 -0.7600840
1 1.1227100 0.5762476 0.1413844
8 -0.0749574 -0.7352397 -0.0175853
5
-114.679     ts77     dynamics     sesquiterpene     TS     runpoint      10     runisomer      89
6 0.0338002 0.5587111 0.0121207
1 -0.2904560 1.2025262 0.7986062
1 -0.3683343 1.0128781 -0.7818506
1 1.1587770 0.7437997 0.1327853
8 -0.0848098 -0.7427116 -0.0185211
5
-114.654160 ts77 dynamics sesquiterpene TS runpoint 1  runisomer  89
6 -0.0348687 0.6442880 0.0007085
1 -0.2408644 1.0585565 0.9420857
1 -0.2901739 1.1592152 -1.0085291
1 1.0643681 -0.0989250 0.0307799
8 -0.0353997 -0.7539555 0.0017158
5
-114.644 ts77 dynamics sesquiterpene TS runpoint 2  runisomer  89
6 -0.0400397 0.658888 -0.00690844
1 -0.235473 1.02822 0.951949
1 -0.239638 1.13864 -0.94727
1 1.03485 -0.109666 0.00478597
8 -0.0331843 -0.761024 0.00458685
5
-114.647     ts77     dynamics     sesquiterpene     TS     runpoint      3     runisomer      89
6 -0.0441090 0.6714648 -0.0149732
1 -0.2345658 1.0108734 0.9717551
1 -0.1915294 1.1221288 -0.8867122
1 0.9928239 -0.1193240 -0.0214520
8 -0.0305715 -0.7677173 0.0072273
5
-114.642     ts77     dynamics     sesquiterpene     TS     runpoint      4     runisomer      89
6 -0.0471320 0.6807303 -0.0200789
1 -0.2368669 1.0055115 0.9951569
1 -0.1524600 1.1266736 -0.8599197
1 0.9425498 -0.1337856 -0.0469836
8 -0.0274531 -0.7737044 0.0095035
5
-114.636     ts77     dynamics     sesquiterpene     TS     runpoint      5     runisomer      89
6 -0.0496807 0.6861213 -0.0197635
1 -0.2407723 1.0101310 1.0140844
1 -0.1242041 1.1629244 -0.8870764
1 0.8910565 -0.1594073 -0.0711643
8 -0.0238306 -0.7787084 0.0113096
5
-114.644     ts77     dynamics     sesquiterpene     TS     runpoint      6     runisomer      89
6 -0.0527824 0.6889951 -0.0151669
1 -0.2451588 1.0228847 1.0230023
1 -0.1029029 1.2198958 -0.9480133
1 0.8476086 -0.2024607 -0.0941833
8 -0.0198329 -0.7825434 0.0125895
5
-114.652     ts77     dynamics     sesquiterpene     TS     runpoint      7     runisomer      89
6 -0.0572529 0.6913423 -0.0087908
1 -0.2496076 1.0423418 1.0199383
1 -0.0851043 1.2784060 -1.0097225
1 0.8225571 -0.2674469 -0.1175194
8 -0.0157418 -0.7851202 0.0133588
5
-114.652     ts77     dynamics     sesquiterpene     TS     runpoint      8     runisomer      89
6 -0.0634103 0.6943664 -0.0023865
1 -0.2543789 1.0675799 1.0061235
1 -0.0694449 1.3252562 -1.0514440
1 0.8260312 -0.3551028 -0.1438814
8 -0.0120282 -0.7864064 0.0137152
5
-114.655     ts77     dynamics     sesquiterpene     TS     runpoint      9     runisomer      89
6 -0.0711047 0.6983097 0.0030009
1 -0.2602667 1.0982003 0.9853386
1 -0.0556266 1.3537285 -1.0640967
1 0.8637365 -0.4636326 -0.1760772
8 -0.0091309 -0.7862479 0.0138085
5
-114.665     ts77     dynamics     sesquiterpene     TS     runpoint      10     runisomer      89
6 -0.0798775 0.7027841 0.0066619
1 -0.2682594 1.1340004 0.9627491
1 -0.0436559 1.3609865 -1.0451882
1 0.9269362 -0.5928235 -0.2140199
8 -0.0067830 -0.7841755 0.0136859
5
-114.681     ts77     dynamics     sesquiterpene     TS     runpoint      11     runisomer      89
6 -0.0891823 0.7071832 0.0081886
1 -0.2790352 1.1741916 0.9430643
1 -0.0334603 1.3467676 -0.9965696
1 0.9912442 -0.7413481 -0.2530052
8 -0.0038190 -0.7797533 0.0131749
5
-114.694     ts77     dynamics     sesquiterpene     TS     runpoint      12     runisomer      89
6 -0.0985674 0.7108944 0.0077459
1 -0.2925363 1.2165116 0.9287072
1 -0.0245951 1.3139280 -0.9253432
1 1.0322254 -0.9010862 -0.2868065
8 0.0009315 -0.7730682 0.0120552
5
-114.698     ts77     dynamics     sesquiterpene     TS     runpoint      13     runisomer      89
6 -0.1077701 0.7131277 0.0064735
1 -0.3079067 1.2569903 0.9192891
1 -0.0156449 1.2710383 -0.8477310
1 1.0360201 -1.0589960 -0.3109704
8 0.0080020 -0.7646406 0.0102365
5
-114.69     ts77     dynamics     sesquiterpene     TS     runpoint      14     runisomer      89
6 -0.1167869 0.7125677 0.0067453
1 -0.3238709 1.2908366 0.9127639
1 -0.0030754 1.2354440 -0.7930319
1 0.9988935 -1.2016191 -0.3234688
8 0.0173201 -0.7551227 0.0077876
5
-114.674     ts77     dynamics     sesquiterpene     TS     runpoint      15     runisomer      89
6 -0.1258195 0.7078323 0.0110356
1 -0.3392069 1.3138542 0.9071411
1 0.0185251 1.2262921 -0.7918730
1 0.9237224 -1.3175987 -0.3241766
8 0.0284383 -0.7451348 0.0048971
5
-114.672     ts77     dynamics     sesquiterpene     TS     runpoint      16     runisomer      89
6 -0.1347705 0.6992689 0.0189001
1 -0.3530033 1.3234203 0.9016692
1 0.0505478 1.2422822 -0.8414460
1 0.8177087 -1.3988691 -0.3144358
8 0.0406837 -0.7351995 0.0018540
5
-114.681     ts77     dynamics     sesquiterpene     TS     runpoint      17     runisomer      89
6 -0.1430277 0.6886520 0.0272993
1 -0.3646939 1.3187426 0.8970086
1 0.0875293 1.2645772 -0.9093964
1 0.6920334 -1.4427072 -0.2973698
8 0.0532030 -0.7255824 -0.0009453
5
-114.682     ts77     dynamics     sesquiterpene     TS     runpoint      18     runisomer      89
6 -0.1499941 0.6773059 0.0335631
1 -0.3741034 1.3006602 0.8947944
1 0.1229891 1.2783736 -0.9681373
1 0.5628657 -1.4570146 -0.2793378
8 0.0649256 -0.7158975 -0.0029375
5
-114.671     ts77     dynamics     sesquiterpene     TS     runpoint      19     runisomer      89
6 -0.1553738 0.6657821 0.0361559
1 -0.3814657 1.2712295 0.8971170
1 0.1525718 1.2771662 -1.0031862
1 0.4497472 -1.4667854 -0.2713760
8 0.0746892 -0.7047060 -0.0033211
5
-114.657     ts77     dynamics     sesquiterpene     TS     runpoint      20     runisomer      89
6 -0.1591529 0.6543303 0.0343398
1 -0.3872294 1.2331047 0.9057719
1 0.1738021 1.2594152 -1.0085127
1 0.3620237 -1.5008164 -0.2841238
8 0.0820761 -0.6904494 -0.0013629
5
-114.657     ts77     dynamics     sesquiterpene     TS     runpoint      21     runisomer      89
6 -0.1615463 0.6433361 0.0279321
1 -0.3917029 1.1887649 0.9211992
1 0.1855030 1.2263836 -0.9829692
1 0.2877729 -1.5528153 -0.3157907
8 0.0880937 -0.6740490 0.0028602
