5
-114.654160 ts77 dynamics sesquiterpene TS runpoint 1  runisomer  98
6 -0.0280414 0.5985714 -0.0053120
1 -0.2900187 1.0878312 0.8975027
1 -0.2498441 1.1861900 -0.8871021
1 0.9266287 -0.0831440 -0.0349866
8 -0.0312864 -0.7241966 0.0055346
5
-114.647 ts77 dynamics sesquiterpene TS runpoint 2  runisomer  98
6 -0.0322793 0.590303 0.00575085
1 -0.284647 1.13746 0.8868
1 -0.239938 1.2307 -0.961619
1 0.980651 -0.0663277 -0.0586785
8 -0.032473 -0.724985 0.00409695
5
-114.645     ts77     dynamics     sesquiterpene     TS     runpoint      3     runisomer      98
6 -0.0363918 0.5853335 0.0149087
1 -0.2806300 1.1891793 0.8848766
1 -0.2272433 1.2602375 -1.0214034
1 1.0435416 -0.0414722 -0.0815503
8 -0.0344030 -0.7279427 0.0025552
5
-114.638     ts77     dynamics     sesquiterpene     TS     runpoint      4     runisomer      98
6 -0.0393545 0.5835507 0.0215171
1 -0.2770625 1.2376264 0.8870099
1 -0.2114760 1.2699053 -1.0574450
1 1.1048392 -0.0003070 -0.1023080
8 -0.0372610 -0.7328604 0.0010414
5
-114.633     ts77     dynamics     sesquiterpene     TS     runpoint      5     runisomer      98
6 -0.0402869 0.5844487 0.0253888
1 -0.2726689 1.2771905 0.8882662
1 -0.1934363 1.2585633 -1.0662240
1 1.1581940 0.0640407 -0.1194636
8 -0.0413377 -0.7393654 -0.0003098
5
-114.635     ts77     dynamics     sesquiterpene     TS     runpoint      6     runisomer      98
6 -0.0385954 0.5873889 0.0264729
1 -0.2664078 1.3034751 0.8853096
1 -0.1743877 1.2269063 -1.0471186
1 1.2000835 0.1548456 -0.1315723
8 -0.0468421 -0.7469521 -0.0013789
5
-114.644     ts77     dynamics     sesquiterpene     TS     runpoint      7     runisomer      98
6 -0.0338976 0.5917834 0.0248355
1 -0.2579151 1.3139826 0.8768979
1 -0.1561560 1.1772672 -1.0023864
1 1.2273262 0.2709976 -0.1372049
8 -0.0537670 -0.7551001 -0.0020852
5
-114.66     ts77     dynamics     sesquiterpene     TS     runpoint      8     runisomer      98
6 -0.0258659 0.5970368 0.0208808
1 -0.2477498 1.3083833 0.8638326
1 -0.1415296 1.1149133 -0.9396449
1 1.2365178 0.4079621 -0.1350112
8 -0.0619349 -0.7633883 -0.0023864
5
-114.674     ts77     dynamics     sesquiterpene     TS     runpoint      9     runisomer      98
6 -0.0141297 0.6022621 0.0158227
1 -0.2375584 1.2886194 0.8488019
1 -0.1349559 1.0506329 -0.8772554
1 1.2252613 0.5589499 -0.1240462
8 -0.0710880 -0.7715241 -0.0022659
5
-114.679     ts77     dynamics     sesquiterpene     TS     runpoint      10     runisomer      98
6 0.0017269 0.6060988 0.0120234
1 -0.2302344 1.2587822 0.8360878
1 -0.1432961 1.0014425 -0.8477071
1 1.1938080 0.7158618 -0.1042947
8 -0.0809396 -0.7793079 -0.0017204
5
-114.677     ts77     dynamics     sesquiterpene     TS     runpoint      11     runisomer      98
6 0.0218969 0.6075662 0.0113786
1 -0.2299909 1.2243578 0.8309504
1 -0.1736233 0.9793964 -0.8773543
1 1.1463312 0.8703736 -0.0772078
8 -0.0911864 -0.7865841 -0.0007512
5
-114.686     ts77     dynamics     sesquiterpene     TS     runpoint      12     runisomer      98
6 0.0456263 0.6072774 0.0125057
1 -0.2419690 1.1903585 0.8379282
1 -0.2249972 0.9767764 -0.9504973
1 1.0910134 1.0154886 -0.0459908
8 -0.1015120 -0.7932016 0.0006066
5
-114.654160 ts77 dynamics sesquiterpene TS runpoint 1  runisomer  98
6 -0.0280414 0.5985714 -0.0053120
1 -0.2900187 1.0878312 0.8975027
1 -0.2498441 1.1861900 -0.8871021
1 0.9266287 -0.0831440 -0.0349866
8 -0.0312864 -0.7241966 0.0055346
5
-114.647 ts77 dynamics sesquiterpene TS runpoint 2  runisomer  98
6 -0.0244758 0.609497 -0.016499
1 -0.296612 1.04382 0.918571
1 -0.260315 1.13939 -0.817947
1 0.893391 -0.0996536 -0.0111121
8 -0.0307925 -0.725631 0.00673861
5
-114.638     ts77     dynamics     sesquiterpene     TS     runpoint      3     runisomer      98
6 -0.0216344 0.6213500 -0.0245365
1 -0.3030935 1.0069332 0.9468031
1 -0.2803295 1.1127503 -0.7880715
1 0.8882333 -0.1216574 0.0131124
8 -0.0309321 -0.7291334 0.0075816
5
-114.629     ts77     dynamics     sesquiterpene     TS     runpoint      4     runisomer      98
6 -0.0190786 0.6324934 -0.0268219
1 -0.3077147 0.9778446 0.9759668
1 -0.3188689 1.1221478 -0.8210176
1 0.9092452 -0.1528069 0.0380873
8 -0.0314551 -0.7342884 0.0079611
5
-114.641     ts77     dynamics     sesquiterpene     TS     runpoint      5     runisomer      98
6 -0.0171682 0.6433061 -0.0245685
1 -0.3093052 0.9573573 1.0001079
1 -0.3706510 1.1553355 -0.8955905
1 0.9463549 -0.1959242 0.0637458
8 -0.0318655 -0.7404823 0.0078313
5
-114.652     ts77     dynamics     sesquiterpene     TS     runpoint      6     runisomer      98
6 -0.0167515 0.6547748 -0.0205201
1 -0.3075981 0.9463732 1.0152717
1 -0.4229213 1.1916417 -0.9748413
1 0.9858052 -0.2544764 0.0894360
8 -0.0314802 -0.7469907 0.0072120
5
-114.651     ts77     dynamics     sesquiterpene     TS     runpoint      7     runisomer      98
6 -0.0184239 0.6672568 -0.0165245
1 -0.3030790 0.9456639 1.0199135
1 -0.4671023 1.2191782 -1.0354542
1 1.0144502 -0.3331795 0.1142327
8 -0.0295336 -0.7530849 0.0061781
5
-114.648     ts77     dynamics     sesquiterpene     TS     runpoint      8     runisomer      98
6 -0.0225221 0.6806634 -0.0136210
1 -0.2967139 0.9557542 1.0148676
1 -0.4992987 1.2331622 -1.0667712
1 1.0223150 -0.4368654 0.1372217
8 -0.0253300 -0.7581250 0.0048409
5
-114.654     ts77     dynamics     sesquiterpene     TS     runpoint      9     runisomer      98
6 -0.0291687 0.6946418 -0.0124804
1 -0.2896494 0.9769070 1.0029745
1 -0.5179773 1.2321034 -1.0647491
1 1.0044051 -0.5672481 0.1577005
8 -0.0184857 -0.7616618 0.0033160
5
-114.67     ts77     dynamics     sesquiterpene     TS     runpoint      10     runisomer      98
6 -0.0381824 0.7085915 -0.0135363
1 -0.2829102 1.0090326 0.9882110
1 -0.5227902 1.2161019 -1.0291009
1 0.9637148 -0.7199965 0.1757667
8 -0.0092843 -0.7635175 0.0016537
5
-114.69     ts77     dynamics     sesquiterpene     TS     runpoint      11     runisomer      98
6 -0.0490150 0.7216961 -0.0168029
1 -0.2770801 1.0513553 0.9742616
1 -0.5149796 1.1868030 -0.9637116
1 0.9149524 -0.8863157 0.1935757
8 0.0010539 -0.7636889 -0.0002584
5
-114.705     ts77     dynamics     sesquiterpene     TS     runpoint      12     runisomer      98
6 -0.0606951 0.7329396 -0.0214044
1 -0.2719697 1.1019412 0.9629655
1 -0.4994953 1.1489659 -0.8805693
1 0.8777373 -1.0591468 0.2151200
8 0.0108616 -0.7620367 -0.0026900
5
-114.708     ts77     dynamics     sesquiterpene     TS     runpoint      13     runisomer      98
6 -0.0716404 0.7410092 -0.0249265
1 -0.2665541 1.1575460 0.9537244
1 -0.4890786 1.1137035 -0.8070147
1 0.8519060 -1.2312794 0.2408943
8 0.0197017 -0.7585257 -0.0057230
5
-114.691     ts77     dynamics     sesquiterpene     TS     runpoint      14     runisomer      98
6 -0.0797315 0.7444053 -0.0236991
1 -0.2594418 1.2141336 0.9445052
1 -0.5045623 1.0976374 -0.7838625
1 0.8193947 -1.3867877 0.2662003
8 0.0283471 -0.7538283 -0.0091165
5
-114.671     ts77     dynamics     sesquiterpene     TS     runpoint      15     runisomer      98
6 -0.0840475 0.7428974 -0.0163808
1 -0.2495940 1.2677841 0.9336597
1 -0.5540301 1.1045736 -0.8249115
1 0.7682048 -1.5084719 0.2868246
8 0.0373047 -0.7488467 -0.0126374
5
-114.669     ts77     dynamics     sesquiterpene     TS     runpoint      16     runisomer      98
6 -0.0859636 0.7380493 -0.0057808
1 -0.2366643 1.3152920 0.9207447
1 -0.6191824 1.1179790 -0.8963086
1 0.6962638 -1.5853055 0.3013451
8 0.0465637 -0.7442070 -0.0161922
5
-114.664     ts77     dynamics     sesquiterpene     TS     runpoint      17     runisomer      98
6 -0.0870640 0.7312747 0.0051026
1 -0.2208859 1.3542453 0.9060605
1 -0.6800890 1.1231228 -0.9629603
1 0.6064269 -1.6124817 0.3104111
8 0.0558915 -0.7401912 -0.0198036
5
-114.656     ts77     dynamics     sesquiterpene     TS     runpoint      18     runisomer      98
6 -0.0882410 0.7232153 0.0146193
1 -0.2027935 1.3829746 0.8904016
1 -0.7261641 1.1139481 -1.0065372
1 0.5040091 -1.5914261 0.3164993
8 0.0649901 -0.7367031 -0.0235947
5
-114.653     ts77     dynamics     sesquiterpene     TS     runpoint      19     runisomer      98
6 -0.0899865 0.7140347 0.0219476
1 -0.1829108 1.4005440 0.8750744
1 -0.7529425 1.0894273 -1.0195040
1 0.3979113 -1.5348417 0.3259463
8 0.0734176 -0.7329429 -0.0279062
