5
-114.654160 ts77 dynamics sesquiterpene TS runpoint 1  runisomer  114
6 -0.0127986 0.6461038 0.0012245
1 -0.3901122 1.1922758 0.9113296
1 -0.2938359 1.0967608 -0.8484240
1 0.9552422 -0.0823369 -0.0752373
8 -0.0354470 -0.7608535 -0.0001421
5
-114.645 ts77 dynamics sesquiterpene TS runpoint 2  runisomer  114
6 -0.0141832 0.639706 -0.00631159
1 -0.390999 1.17557 0.896028
1 -0.31027 1.1104 -0.790473
1 1.02843 -0.0891648 -0.0531278
8 -0.037928 -0.75543 0.00143165
5
-114.635     ts77     dynamics     sesquiterpene     TS     runpoint      3     runisomer      114
6 -0.0145018 0.6309729 -0.0090751
1 -0.3840061 1.1526184 0.8795094
1 -0.3410933 1.1508429 -0.7887602
1 1.0963676 -0.0881938 -0.0295770
8 -0.0404666 -0.7500415 0.0029538
5
-114.637     ts77     dynamics     sesquiterpene     TS     runpoint      4     runisomer      114
6 -0.0133637 0.6203373 -0.0086651
1 -0.3705994 1.1264637 0.8680767
1 -0.3804338 1.2084302 -0.8285663
1 1.1504006 -0.0736634 -0.0052398
8 -0.0430908 -0.7449590 0.0043416
5
-114.64     ts77     dynamics     sesquiterpene     TS     runpoint      5     runisomer      114
6 -0.0109702 0.6090354 -0.0078101
1 -0.3528454 1.1010188 0.8677128
1 -0.4162053 1.2637238 -0.8813825
1 1.1868646 -0.0395077 0.0189573
8 -0.0460489 -0.7405133 0.0055274
5
-114.638     ts77     dynamics     sesquiterpene     TS     runpoint      6     runisomer      114
6 -0.0073640 0.5978222 -0.0081801
1 -0.3323855 1.0795830 0.8813675
1 -0.4402288 1.3035786 -0.9281270
1 1.2056819 0.0198796 0.0419739
8 -0.0497150 -0.7370036 0.0064395
5
-114.637     ts77     dynamics     sesquiterpene     TS     runpoint      7     runisomer      114
6 -0.0024959 0.5871279 -0.0102113
1 -0.3097729 1.0633005 0.9070615
1 -0.4488178 1.3219793 -0.9592702
1 1.2084551 0.1080578 0.0626034
8 -0.0544253 -0.7346712 0.0070083
5
-114.643     ts77     dynamics     sesquiterpene     TS     runpoint      8     runisomer      114
6 0.0036345 0.5774874 -0.0135364
1 -0.2849699 1.0510655 0.9385047
1 -0.4408705 1.3167882 -0.9704040
1 1.1968232 0.2253413 0.0793459
8 -0.0603545 -0.7337309 0.0071690
5
-114.655     ts77     dynamics     sesquiterpene     TS     runpoint      9     runisomer      114
6 0.0109374 0.5696401 -0.0174643
1 -0.2584580 1.0407999 0.9680347
1 -0.4168464 1.2879070 -0.9597911
1 1.1727318 0.3684098 0.0905142
8 -0.0674995 -0.7343932 0.0068842
5
-114.673     ts77     dynamics     sesquiterpene     TS     runpoint      10     runisomer      114
6 0.0191651 0.5643592 -0.0213149
1 -0.2318025 1.0306476 0.9895005
1 -0.3788774 1.2371504 -0.9280126
1 1.1403837 0.5305948 0.0948140
8 -0.0757071 -0.7368135 0.0061484
5
-114.689     ts77     dynamics     sesquiterpene     TS     runpoint      11     runisomer      114
6 0.0279698 0.5620397 -0.0244789
1 -0.2073944 1.0193672 0.9996336
1 -0.3320011 1.1697078 -0.8797561
1 1.1073159 0.7035143 0.0922631
8 -0.0847210 -0.7410109 0.0050040
5
-114.654160 ts77 dynamics sesquiterpene TS runpoint 1  runisomer  114
6 -0.0127986 0.6461038 0.0012245
1 -0.3901122 1.1922758 0.9113296
1 -0.2938359 1.0967608 -0.8484240
1 0.9552422 -0.0823369 -0.0752373
8 -0.0354470 -0.7608535 -0.0001421
5
-114.645 ts77 dynamics sesquiterpene TS runpoint 2  runisomer  114
6 -0.0118645 0.651499 0.0118856
1 -0.381076 1.20128 0.920987
1 -0.28467 1.09893 -0.940219
1 0.890471 -0.0732822 -0.09597
8 -0.0332141 -0.766175 -0.00165897
5
-114.647     ts77     dynamics     sesquiterpene     TS     runpoint      3     runisomer      114
6 -0.0129118 0.6574132 0.0229070
1 -0.3649372 1.2028901 0.9234801
1 -0.2742271 1.1030248 -1.0322156
1 0.8493985 -0.0673457 -0.1165231
8 -0.0315161 -0.7713444 -0.0029933
5
-114.639     ts77     dynamics     sesquiterpene     TS     runpoint      4     runisomer      114
6 -0.0166194 0.6644272 0.0322883
1 -0.3439723 1.1992381 0.9204994
1 -0.2589078 1.1024251 -1.1024081
1 0.8417192 -0.0684714 -0.1385844
8 -0.0305374 -0.7762661 -0.0040308
5
-114.631     ts77     dynamics     sesquiterpene     TS     runpoint      5     runisomer      114
6 -0.0226942 0.6721180 0.0386931
1 -0.3213532 1.1941422 0.9166766
1 -0.2384754 1.0955307 -1.1400743
1 0.8657949 -0.0779374 -0.1626253
8 -0.0302086 -0.7806827 -0.0047080
5
-114.628     ts77     dynamics     sesquiterpene     TS     runpoint      6     runisomer      114
6 -0.0302299 0.6794892 0.0411314
1 -0.3002766 1.1920351 0.9179699
1 -0.2141229 1.0829448 -1.1409373
1 0.9101577 -0.0952085 -0.1870237
8 -0.0302130 -0.7841980 -0.0050278
5
-114.63     ts77     dynamics     sesquiterpene     TS     runpoint      7     runisomer      114
6 -0.0382756 0.6856075 0.0391112
1 -0.2826675 1.1958370 0.9282371
1 -0.1876276 1.0662947 -1.1048344
1 0.9600225 -0.1200216 -0.2089714
8 -0.0300980 -0.7864145 -0.0050527
5
-114.635     ts77     dynamics     sesquiterpene     TS     runpoint      8     runisomer      114
6 -0.0462051 0.6899873 0.0330660
1 -0.2684584 1.2050995 0.9460833
1 -0.1611556 1.0483555 -1.0365971
1 1.0024851 -0.1535794 -0.2258603
8 -0.0293886 -0.7870386 -0.0048793
5
-114.64     ts77     dynamics     sesquiterpene     TS     runpoint      9     runisomer      114
6 -0.0537505 0.6924631 0.0247447
1 -0.2562582 1.2163801 0.9653398
1 -0.1373613 1.0344745 -0.9506872
1 1.0281251 -0.1989536 -0.2360124
8 -0.0276124 -0.7858736 -0.0046241
5
-114.641     ts77     dynamics     sesquiterpene     TS     runpoint      10     runisomer      114
6 -0.0609125 0.6927213 0.0174986
1 -0.2446221 1.2253810 0.9787334
1 -0.1192244 1.0352420 -0.8782100
1 1.0305524 -0.2612733 -0.2387463
8 -0.0242688 -0.7827569 -0.0044267
5
-114.637     ts77     dynamics     sesquiterpene     TS     runpoint      11     runisomer      114
6 -0.0679751 0.6901311 0.0153284
1 -0.2327773 1.2288501 0.9814167
1 -0.1083581 1.0652070 -0.8594355
1 1.0060241 -0.3470940 -0.2342220
8 -0.0188575 -0.7775137 -0.0044365
5
-114.651     ts77     dynamics     sesquiterpene     TS     runpoint      12     runisomer      114
6 -0.0755289 0.6849287 0.0189407
1 -0.2207613 1.2255063 0.9728661
1 -0.1026780 1.1263438 -0.8995724
1 0.9552723 -0.4614965 -0.2236301
8 -0.0111096 -0.7700451 -0.0047487
5
-114.683     ts77     dynamics     sesquiterpene     TS     runpoint      13     runisomer      114
6 -0.0840217 0.6786455 0.0250915
1 -0.2092682 1.2163129 0.9569569
1 -0.0988892 1.2009429 -0.9619595
1 0.8912697 -0.6026010 -0.2107797
8 -0.0016708 -0.7605619 -0.0052413
5
-114.697     ts77     dynamics     sesquiterpene     TS     runpoint      14     runisomer      114
6 -0.0933541 0.6724306 0.0305049
1 -0.1992654 1.2042302 0.9407307
1 -0.0954329 1.2705428 -1.0142073
1 0.8536678 -0.7603105 -0.2053756
8 0.0068490 -0.7495864 -0.0053291
5
-114.69     ts77     dynamics     sesquiterpene     TS     runpoint      15     runisomer      114
6 -0.1030060 0.6665237 0.0331222
1 -0.1914032 1.1930804 0.9321840
1 -0.0919826 1.3243063 -1.0407965
1 0.8826070 -0.9314679 -0.2172089
8 0.0115516 -0.7370545 -0.0043339
5
-114.696     ts77     dynamics     sesquiterpene     TS     runpoint      16     runisomer      114
6 -0.1124346 0.6609448 0.0319405
1 -0.1855106 1.1854231 0.9366331
1 -0.0885158 1.3569960 -1.0365008
1 0.9375662 -1.1096479 -0.2366737
8 0.0145709 -0.7232197 -0.0027733
5
-114.691     ts77     dynamics     sesquiterpene     TS     runpoint      17     runisomer      114
6 -0.1213177 0.6559721 0.0269352
1 -0.1806238 1.1806828 0.9535017
1 -0.0849935 1.3664304 -1.0012493
1 0.9714736 -1.2721839 -0.2517613
8 0.0185664 -0.7095439 -0.0013514
5
-114.676     ts77     dynamics     sesquiterpene     TS     runpoint      18     runisomer      114
6 -0.1295030 0.6519752 0.0188984
1 -0.1755564 1.1755441 0.9768578
1 -0.0813298 1.3527466 -0.9386561
1 0.9714723 -1.4030094 -0.2586282
8 0.0241536 -0.6971167 -0.0003047
5
-114.664     ts77     dynamics     sesquiterpene     TS     runpoint      19     runisomer      114
6 -0.1369029 0.6489924 0.0092688
1 -0.1695561 1.1661682 0.9990463
1 -0.0772904 1.3198381 -0.8576719
1 0.9408815 -1.4961481 -0.2576485
8 0.0309980 -0.6863472 0.0003559
5
-114.655     ts77     dynamics     sesquiterpene     TS     runpoint      20     runisomer      114
6 -0.1434823 0.6463491 0.0002204
1 -0.1625891 1.1499580 1.0138814
1 -0.0719516 1.2794096 -0.7771058
1 0.8861000 -1.5502380 -0.2502727
8 0.0386079 -0.6773882 0.0006681
5
-114.645     ts77     dynamics     sesquiterpene     TS     runpoint      21     runisomer      114
6 -0.1493721 0.6425076 -0.0052647
1 -0.1551537 1.1260904 1.0180133
1 -0.0625552 1.2546945 -0.7284067
1 0.8109648 -1.5630058 -0.2376194
8 0.0466983 -0.6706411 0.0006557
5
-114.64     ts77     dynamics     sesquiterpene     TS     runpoint      22     runisomer      114
6 -0.1548970 0.6362440 -0.0049656
1 -0.1479450 1.0954756 1.0113258
1 -0.0451068 1.2671065 -0.7377014
1 0.7162258 -1.5295420 -0.2203462
8 0.0552564 -0.6669035 0.0003491
5
-114.659     ts77     dynamics     sesquiterpene     TS     runpoint      23     runisomer      114
6 -0.1602103 0.6288033 -0.0001678
1 -0.1415824 1.0608520 0.9972176
1 -0.0195498 1.3074017 -0.7930425
1 0.6048220 -1.4493417 -0.2001192
8 0.0642476 -0.6667332 -0.0001506
5
-114.684     ts77     dynamics     sesquiterpene     TS     runpoint      24     runisomer      114
6 -0.1652009 0.6223297 0.0058795
1 -0.1363698 1.0268638 0.9824706
1 0.0097716 1.3494787 -0.8619860
1 0.4972536 -1.3501303 -0.1851303
8 0.0725920 -0.6686382 -0.0003611
5
-114.658     ts77     dynamics     sesquiterpene     TS     runpoint      25     runisomer      114
6 -0.1697471 0.6177886 0.0105097
1 -0.1321347 0.9991917 0.9758152
1 0.0385902 1.3759112 -0.9209921
1 0.4554989 -1.3330508 -0.2039410
8 0.0765487 -0.6662292 0.0014868
5
-114.634     ts77     dynamics     sesquiterpene     TS     runpoint      26     runisomer      114
6 -0.1738039 0.6155770 0.0121236
1 -0.1283647 0.9824893 0.9837900
1 0.0641971 1.3798802 -0.9581471
1 0.4947687 -1.4363487 -0.2730121
8 0.0752654 -0.6572582 0.0064662
5
-114.666     ts77     dynamics     sesquiterpene     TS     runpoint      27     runisomer      114
6 -0.1773609 0.6163429 0.0101838
1 -0.1245796 0.9781807 1.0057425
1 0.0850374 1.3605992 -0.9685056
1 0.5460996 -1.5406124 -0.3566754
8 0.0731453 -0.6497763 0.0124618
5
-114.655     ts77     dynamics     sesquiterpene     TS     runpoint      28     runisomer      114
6 -0.1803042 0.6205710 0.0050482
1 -0.1206239 0.9841683 1.0336340
1 0.1000799 1.3202092 -0.9511114
1 0.5844670 -1.5982749 -0.4362407
8 0.0717358 -0.6471462 0.0184744
5
-114.644     ts77     dynamics     sesquiterpene     TS     runpoint      29     runisomer      114
6 -0.1824306 0.6281450 -0.0023524
1 -0.1167201 0.9969016 1.0569440
1 0.1089168 1.2633879 -0.9089691
1 0.6058492 -1.6013521 -0.5057059
8 0.0711790 -0.6498555 0.0242778
5
-114.646     ts77     dynamics     sesquiterpene     TS     runpoint      30     runisomer      114
6 -0.1837262 0.6381910 -0.0106165
1 -0.1134708 1.0129986 1.0670748
1 0.1134319 1.1992394 -0.8520536
1 0.6092260 -1.5505364 -0.5620945
8 0.0714460 -0.6575665 0.0298062
5
-114.656     ts77     dynamics     sesquiterpene     TS     runpoint      31     runisomer      114
6 -0.1846652 0.6489774 -0.0175989
1 -0.1117463 1.0298596 1.0590922
1 0.1206606 1.1441889 -0.8024540
1 0.5922797 -1.4473957 -0.6022318
8 0.0726517 -0.6697518 0.0349496
5
-114.669     ts77     dynamics     sesquiterpene     TS     runpoint      32     runisomer      114
6 -0.1861738 0.6581551 -0.0205900
1 -0.1123740 1.0462479 1.0322827
1 0.1428635 1.1187603 -0.7916831
1 0.5544798 -1.2980773 -0.6244409
8 0.0748043 -0.6854770 0.0396030
5
-114.692     ts77     dynamics     sesquiterpene     TS     runpoint      33     runisomer      114
6 -0.1886975 0.6644346 -0.0188577
1 -0.1157168 1.0627446 0.9910351
1 0.1859861 1.1285246 -0.8309218
1 0.5042306 -1.1215396 -0.6377114
8 0.0773545 -0.7029669 0.0442101
5
-114.71     ts77     dynamics     sesquiterpene     TS     runpoint      34     runisomer      114
6 -0.1914798 0.6683045 -0.0150509
1 -0.1214242 1.0823064 0.9456217
1 0.2400704 1.1570699 -0.8949780
1 0.4682017 -0.9528069 -0.6811297
8 0.0786617 -0.7195332 0.0509860
5
-114.707     ts77     dynamics     sesquiterpene     TS     runpoint      35     runisomer      114
6 -0.1936472 0.6705089 -0.0123116
1 -0.1285595 1.1101978 0.9101340
1 0.2916943 1.1865600 -0.9546025
1 0.4640799 -0.8054288 -0.7886182
8 0.0777423 -0.7340879 0.0616953
5
-114.708     ts77     dynamics     sesquiterpene     TS     runpoint      36     runisomer      114
6 -0.1947971 0.6715016 -0.0124107
1 -0.1362720 1.1509519 0.8950331
1 0.3324587 1.2074362 -0.9933156
1 0.4662031 -0.6704154 -0.9092984
8 0.0763862 -0.7472228 0.0727619
5
-114.687     ts77     dynamics     sesquiterpene     TS     runpoint      37     runisomer      114
6 -0.1947532 0.6717487 -0.0155003
1 -0.1444757 1.2033566 0.8990076
1 0.3583765 1.2164300 -1.0044930
1 0.4577403 -0.5546176 -0.9992985
8 0.0757679 -0.7585727 0.0812023
5
-114.66     ts77     dynamics     sesquiterpene     TS     runpoint      38     runisomer      114
6 -0.1934283 0.6719249 -0.0206181
1 -0.1536581 1.2599701 0.9109060
1 0.3681710 1.2132577 -0.9870088
1 0.4357960 -0.4664840 -1.0450376
8 0.0761162 -0.7676252 0.0860702
5
-114.642     ts77     dynamics     sesquiterpene     TS     runpoint      39     runisomer      114
6 -0.1908623 0.6726915 -0.0264899
1 -0.1642731 1.3116079 0.9186910
1 0.3625434 1.1990517 -0.9434076
1 0.4017972 -0.4112788 -1.0450879
8 0.0773548 -0.7740364 0.0872383
5
-114.639     ts77     dynamics     sesquiterpene     TS     runpoint      40     runisomer      114
6 -0.1873119 0.6744385 -0.0318400
1 -0.1766068 1.3509578 0.9146859
1 0.3445984 1.1765637 -0.8803589
1 0.3581877 -0.3927520 -1.0017214
8 0.0793456 -0.7775747 0.0847962
5
-114.647     ts77     dynamics     sesquiterpene     TS     runpoint      41     runisomer      114
6 -0.1834111 0.6771230 -0.0351782
1 -0.1909401 1.3735381 0.8961723
1 0.3216061 1.1516760 -0.8111596
1 0.3082787 -0.4142304 -0.9202945
8 0.0819146 -0.7780884 0.0789732
5
-114.659     ts77     dynamics     sesquiterpene     TS     runpoint      42     runisomer      114
6 -0.1803151 0.6801368 -0.0345687
1 -0.2076358 1.3777008 0.8647614
1 0.3068690 1.1347837 -0.7579841
1 0.2576736 -0.4766043 -0.8154404
8 0.0847607 -0.7756150 0.0705345
5
-114.664     ts77     dynamics     sesquiterpene     TS     runpoint      43     runisomer      114
6 -0.1792492 0.6824937 -0.0284305
1 -0.2271182 1.3650391 0.8263374
1 0.3150938 1.1364734 -0.7439324
1 0.2173915 -0.5699623 -0.7322741
8 0.0872084 -0.7708072 0.0622222
5
-114.647     ts77     dynamics     sesquiterpene     TS     runpoint      44     runisomer      114
6 -0.1801185 0.6835084 -0.0177130
1 -0.2498931 1.3413956 0.7917313
1 0.3473935 1.1554750 -0.7708503
1 0.2031506 -0.6712743 -0.7678371
8 0.0881569 -0.7648895 0.0602949
5
-114.672     ts77     dynamics     sesquiterpene     TS     runpoint      45     runisomer      114
6 -0.1813530 0.6827999 -0.0060667
1 -0.2767369 1.3168957 0.7760662
1 0.3894025 1.1798539 -0.8176051
1 0.2075389 -0.7868889 -0.9044789
8 0.0878500 -0.7570646 0.0640969
5
-114.702     ts77     dynamics     sesquiterpene     TS     runpoint      46     runisomer      114
6 -0.1814050 0.6801083 0.0028904
1 -0.3085169 1.3009532 0.7919492
1 0.4264158 1.1993217 -0.8619603
1 0.2133686 -0.9146233 -1.0355409
8 0.0871912 -0.7472179 0.0674254
5
-114.686     ts77     dynamics     sesquiterpene     TS     runpoint      47     runisomer      114
6 -0.1794954 0.6758279 0.0075642
1 -0.3447334 1.2933261 0.8384138
1 0.4499245 1.2088092 -0.8901328
1 0.2145009 -1.0396060 -1.1196351
8 0.0864868 -0.7362480 0.0680602
5
-114.665     ts77     dynamics     sesquiterpene     TS     runpoint      48     runisomer      114
6 -0.1755488 0.6710132 0.0082930
1 -0.3824157 1.2843589 0.9006531
1 0.4563666 1.2068487 -0.8954259
1 0.2095582 -1.1505810 -1.1493194
8 0.0858059 -0.7249537 0.0657908
5
-114.652     ts77     dynamics     sesquiterpene     TS     runpoint      49     runisomer      114
6 -0.1698886 0.6666388 0.0061614
1 -0.4174743 1.2641265 0.9611247
1 0.4452949 1.1941645 -0.8759019
1 0.1983723 -1.2400299 -1.1263809
8 0.0851703 -0.7139615 0.0609001
5
-114.651     ts77     dynamics     sesquiterpene     TS     runpoint      50     runisomer      114
6 -0.1630285 0.6631810 0.0022947
1 -0.4464170 1.2273699 1.0068409
1 0.4188836 1.1735702 -0.8338699
1 0.1810448 -1.3019518 -1.0540294
8 0.0846015 -0.7038520 0.0537082
5
-114.661     ts77     dynamics     sesquiterpene     TS     runpoint      51     runisomer      114
6 -0.1557176 0.6605526 -0.0021039
1 -0.4668668 1.1732516 1.0302892
1 0.3829745 1.1511424 -0.7774761
1 0.1579440 -1.3305862 -0.9355503
8 0.0841225 -0.6952525 0.0445075
5
-114.68     ts77     dynamics     sesquiterpene     TS     runpoint      52     runisomer      114
6 -0.1490962 0.6580009 -0.0054355
1 -0.4776351 1.1041286 1.0285769
1 0.3490175 1.1381517 -0.7233970
1 0.1300297 -1.3219066 -0.7775512
8 0.0837313 -0.6887112 0.0337482
5
-114.698     ts77     dynamics     sesquiterpene     TS     runpoint      53     runisomer      114
6 -0.1445263 0.6541421 -0.0058806
1 -0.4791171 1.0250112 1.0035014
1 0.3323755 1.1498623 -0.6940518
1 0.0993958 -1.2849978 -0.6034974
8 0.0833740 -0.6838938 0.0228407
5
-114.688     ts77     dynamics     sesquiterpene     TS     runpoint      54     runisomer      114
6 -0.1424999 0.6479347 -0.0030867
1 -0.4741655 0.9436124 0.9634884
1 0.3399365 1.1935797 -0.6993442
1 0.0683535 -1.2813123 -0.4857774
8 0.0830209 -0.6770950 0.0161769
5
-114.653     ts77     dynamics     sesquiterpene     TS     runpoint      55     runisomer      114
6 -0.1419092 0.6398522 0.0004997
1 -0.4690597 0.8701879 0.9262272
1 0.3618079 1.2581621 -0.7245470
1 0.0317855 -1.3978537 -0.4900097
8 0.0831815 -0.6631303 0.0176836
5
-114.687     ts77     dynamics     sesquiterpene     TS     runpoint      56     runisomer      114
6 -0.1412627 0.6315395 0.0013462
1 -0.4723381 0.8150890 0.9150093
1 0.3838391 1.3256582 -0.7486225
1 -0.0103700 -1.5359622 -0.5294997
8 0.0841718 -0.6489722 0.0217567
5
-114.672     ts77     dynamics     sesquiterpene     TS     runpoint      57     runisomer      114
6 -0.1398978 0.6247060 -0.0024033
1 -0.4886115 0.7834332 0.9406370
1 0.3973094 1.3828611 -0.7586828
1 -0.0537275 -1.6338613 -0.5631133
8 0.0860564 -0.6392850 0.0257025
5
-114.646     ts77     dynamics     sesquiterpene     TS     runpoint      58     runisomer      114
6 -0.1381742 0.6205323 -0.0098378
1 -0.5140604 0.7738643 0.9892135
1 0.3986088 1.4223372 -0.7499273
1 -0.0968135 -1.6804907 -0.5844690
8 0.0889986 -0.6350991 0.0290104
5
-114.632     ts77     dynamics     sesquiterpene     TS     runpoint      59     runisomer      114
6 -0.1367935 0.6194365 -0.0188132
1 -0.5413203 0.7825880 1.0375483
1 0.3870745 1.4406416 -0.7224605
1 -0.1393245 -1.6798537 -0.5948322
8 0.0930863 -0.6360196 0.0316163
5
-114.631     ts77     dynamics     sesquiterpene     TS     runpoint      60     runisomer      114
6 -0.1364255 0.6214623 -0.0275127
1 -0.5642431 0.8056852 1.0687214
1 0.3643290 1.4375353 -0.6793758
1 -0.1797777 -1.6342703 -0.5940510
8 0.0982354 -0.6416705 0.0334104
5
-114.642     ts77     dynamics     sesquiterpene     TS     runpoint      61     runisomer      114
6 -0.1377573 0.6263871 -0.0346544
1 -0.5787737 0.8394186 1.0741382
1 0.3348115 1.4168313 -0.6267959
1 -0.2148004 -1.5417519 -0.5792631
8 0.1042146 -0.6520165 0.0341767
5
-114.665     ts77     dynamics     sesquiterpene     TS     runpoint      62     runisomer      114
6 -0.1415509 0.6332648 -0.0390483
1 -0.5829880 0.8802980 1.0510247
1 0.3068867 1.3887178 -0.5753078
1 -0.2412091 -1.4045405 -0.5490892
8 0.1107497 -0.6666275 0.0337803
5
-114.689     ts77     dynamics     sesquiterpene     TS     runpoint      63     runisomer      114
6 -0.1485938 0.6402246 -0.0394467
1 -0.5772483 0.9250725 1.0010886
1 0.2929343 1.3703207 -0.5398168
1 -0.2638283 -1.2448206 -0.5153770
8 0.1179760 -0.6835762 0.0328607
5
-114.687     ts77     dynamics     sesquiterpene     TS     runpoint      64     runisomer      114
6 -0.1591764 0.6454986 -0.0352729
1 -0.5646386 0.9712000 0.9315785
1 0.3036455 1.3760787 -0.5323742
1 -0.3146662 -1.1194607 -0.5258181
8 0.1276486 -0.6987010 0.0342939
5
-114.681     ts77     dynamics     sesquiterpene     TS     runpoint      65     runisomer      114
6 -0.1722073 0.6490137 -0.0278043
1 -0.5519064 1.0186230 0.8579498
1 0.3378072 1.4017477 -0.5514508
1 -0.4233379 -1.0514706 -0.6138347
8 0.1413184 -0.7102275 0.0400738
5
-114.707     ts77     dynamics     sesquiterpene     TS     runpoint      66     runisomer      114
6 -0.1854478 0.6517255 -0.0199671
1 -0.5491392 1.0718622 0.8033596
1 0.3836900 1.4292442 -0.5849628
1 -0.5408598 -0.9973384 -0.7165147
8 0.1555914 -0.7207607 0.0462118
5
-114.693     ts77     dynamics     sesquiterpene     TS     runpoint      67     runisomer      114
6 -0.1968636 0.6541432 -0.0143795
1 -0.5642421 1.1367856 0.7858246
1 0.4291929 1.4431394 -0.6209501
1 -0.6319297 -0.9429211 -0.7942669
8 0.1679777 -0.7309700 0.0502882
5
-114.667     ts77     dynamics     sesquiterpene     TS     runpoint      68     runisomer      114
6 -0.2056681 0.6568437 -0.0115154
1 -0.5950678 1.2102767 0.8010687
1 0.4661495 1.4356482 -0.6514051
1 -0.6857285 -0.8889051 -0.8362810
8 0.1775862 -0.7405588 0.0517407
5
-114.65     ts77     dynamics     sesquiterpene     TS     runpoint      69     runisomer      114
6 -0.2120680 0.6607792 -0.0103391
1 -0.6320789 1.2799082 0.8299854
1 0.4898238 1.4046317 -0.6715754
1 -0.7001669 -0.8379309 -0.8410311
8 0.1841370 -0.7491568 0.0506038
5
-114.641     ts77     dynamics     sesquiterpene     TS     runpoint      70     runisomer      114
6 -0.2164719 0.6666119 -0.0098097
1 -0.6663832 1.3339226 0.8559892
1 0.4979271 1.3516515 -0.6790821
1 -0.6755231 -0.7925180 -0.8093242
8 0.1875385 -0.7564606 0.0470406
5
-114.646     ts77     dynamics     sesquiterpene     TS     runpoint      71     runisomer      114
6 -0.2191999 0.6744310 -0.0092005
1 -0.6924253 1.3655464 0.8696204
1 0.4906573 1.2814310 -0.6740529
1 -0.6133806 -0.7560213 -0.7434709
8 0.1877688 -0.7621960 0.0412558
5
-114.661     ts77     dynamics     sesquiterpene     TS     runpoint      72     runisomer      114
6 -0.2206097 0.6838501 -0.0077995
1 -0.7073314 1.3721806 0.8665736
1 0.4719361 1.2022934 -0.6603423
1 -0.5206398 -0.7338683 -0.6515835
8 0.1851018 -0.7660913 0.0337398
5
-114.673     ts77     dynamics     sesquiterpene     TS     runpoint      73     runisomer      114
6 -0.2213410 0.6941045 -0.0046471
1 -0.7101346 1.3542420 0.8460121
1 0.4512149 1.1264066 -0.6473070
1 -0.4240077 -0.7329145 -0.5618081
8 0.1810439 -0.7679336 0.0261889
5
-114.65     ts77     dynamics     sesquiterpene     TS     runpoint      74     runisomer      114
6 -0.2222921 0.7040626 0.0012343
1 -0.7019362 1.3152472 0.8107939
1 0.4423163 1.0671305 -0.6488863
1 -0.3962933 -0.7564624 -0.5474319
8 0.1800554 -0.7677300 0.0231863
5
-114.636     ts77     dynamics     sesquiterpene     TS     runpoint      75     runisomer      114
6 -0.2237438 0.7123605 0.0097008
1 -0.6874251 1.2633759 0.7698814
1 0.4537452 1.0321659 -0.6742147
1 -0.4658095 -0.8058399 -0.6380550
8 0.1838896 -0.7653733 0.0267142
5
-114.676     ts77     dynamics     sesquiterpene     TS     runpoint      76     runisomer      114
6 -0.2243422 0.7176494 0.0184389
1 -0.6770700 1.2131580 0.7413456
1 0.4790243 1.0201702 -0.7173343
1 -0.5482829 -0.8746845 -0.7479845
8 0.1872899 -0.7610829 0.0315963
5
-114.669     ts77     dynamics     sesquiterpene     TS     runpoint      77     runisomer      114
6 -0.2218184 0.7187703 0.0240861
1 -0.6846287 1.1810396 0.7474033
1 0.5037038 1.0259056 -0.7632586
1 -0.6035853 -0.9509948 -0.8329458
8 0.1878026 -0.7554543 0.0352207
5
-114.649     ts77     dynamics     sesquiterpene     TS     runpoint      78     runisomer      114
6 -0.2150294 0.7156460 0.0250659
1 -0.7135957 1.1706815 0.7927662
1 0.5164990 1.0448641 -0.7992221
1 -0.6224670 -1.0263083 -0.8805578
8 0.1849195 -0.7489072 0.0368897
5
-114.644     ts77     dynamics     sesquiterpene     TS     runpoint      79     runisomer      114
6 -0.2046867 0.7094158 0.0224852
1 -0.7513793 1.1702957 0.8568713
1 0.5119677 1.0737811 -0.8180584
1 -0.6045855 -1.0949651 -0.8882862
8 0.1787020 -0.7417048 0.0364573
5
-114.647     ts77     dynamics     sesquiterpene     TS     runpoint      80     runisomer      114
6 -0.1921182 0.7012247 0.0181543
1 -0.7829821 1.1675429 0.9158376
1 0.4891166 1.1101556 -0.8172881
1 -0.5516924 -1.1521590 -0.8560245
8 0.1693722 -0.7340746 0.0339054
5
-114.658     ts77     dynamics     sesquiterpene     TS     runpoint      81     runisomer      114
6 -0.1785025 0.6917453 0.0134323
1 -0.7991756 1.1558561 0.9549173
1 0.4501915 1.1521786 -0.7982013
1 -0.4665299 -1.1929758 -0.7847681
8 0.1572656 -0.7263030 0.0292880
5
-114.678     ts77     dynamics     sesquiterpene     TS     runpoint      82     runisomer      114
6 -0.1648751 0.6812912 0.0093036
1 -0.7959059 1.1328085 0.9673740
1 0.4001393 1.1990817 -0.7656683
1 -0.3557792 -1.2142676 -0.6804294
8 0.1430127 -0.7186224 0.0229714
5
-114.698     ts77     dynamics     sesquiterpene     TS     runpoint      83     runisomer      114
6 -0.1521805 0.6699130 0.0065928
1 -0.7724822 1.0980999 0.9516356
1 0.3458118 1.2514491 -0.7276829
1 -0.2390343 -1.2252229 -0.5673870
8 0.1280821 -0.7105086 0.0164757
5
-114.69     ts77     dynamics     sesquiterpene     TS     runpoint      84     runisomer      114
6 -0.1411131 0.6575095 0.0058187
1 -0.7311340 1.0529026 0.9105996
1 0.2938155 1.3102733 -0.6929612
1 -0.1571311 -1.2741020 -0.5086938
8 0.1152901 -0.6989831 0.0137521
5
-114.679     ts77     dynamics     sesquiterpene     TS     runpoint      85     runisomer      114
6 -0.1317672 0.6442497 0.0066728
1 -0.6782981 1.0007298 0.8536712
1 0.2476406 1.3740271 -0.6667937
1 -0.1187890 -1.3951282 -0.5313277
8 0.1054442 -0.6821389 0.0164715
5
-114.701     ts77     dynamics     sesquiterpene     TS     runpoint      86     runisomer      114
6 -0.1234028 0.6308971 0.0075326
1 -0.6271742 0.9493338 0.8008136
1 0.2071857 1.4365669 -0.6493228
1 -0.0901009 -1.5196115 -0.5740521
8 0.0966904 -0.6649799 0.0207450
5
-114.679     ts77     dynamics     sesquiterpene     TS     runpoint      87     runisomer      114
6 -0.1146450 0.6183859 0.0057654
1 -0.5970849 0.9103462 0.7817458
1 0.1710948 1.4892184 -0.6380909
1 -0.0603892 -1.6050068 -0.6074518
8 0.0886264 -0.6510744 0.0246659
5
-114.646     ts77     dynamics     sesquiterpene     TS     runpoint      88     runisomer      114
6 -0.1047798 0.6078460 -0.0001470
1 -0.5995097 0.8906701 0.8139053
1 0.1386501 1.5246080 -0.6309320
1 -0.0302906 -1.6423450 -0.6268121
8 0.0815260 -0.6418040 0.0278402
5
-114.635     ts77     dynamics     sesquiterpene     TS     runpoint      89     runisomer      114
6 -0.0949145 0.6009642 -0.0086331
1 -0.6243164 0.8849869 0.8798453
1 0.1100687 1.5384553 -0.6269831
1 -0.0021230 -1.6339384 -0.6336898
8 0.0757140 -0.6376851 0.0302324
5
-114.636     ts77     dynamics     sesquiterpene     TS     runpoint      90     runisomer      114
6 -0.0866990 0.5993415 -0.0170605
1 -0.6537411 0.8847521 0.9499695
1 0.0859248 1.5297566 -0.6266350
1 0.0231193 -1.5804364 -0.6281961
8 0.0713350 -0.6392760 0.0317638
5
-114.643     ts77     dynamics     sesquiterpene     TS     runpoint      91     runisomer      114
6 -0.0811192 0.6037084 -0.0235723
1 -0.6754392 0.8851118 1.0045553
1 0.0667113 1.5011238 -0.6317951
1 0.0460576 -1.4802496 -0.6086169
8 0.0682814 -0.6470827 0.0322968
5
-114.659     ts77     dynamics     sesquiterpene     TS     runpoint      92     runisomer      114
6 -0.0785076 0.6133321 -0.0268711
1 -0.6829512 0.8845902 1.0337839
1 0.0530178 1.4595021 -0.6466961
1 0.0676484 -1.3433950 -0.5802891
8 0.0662974 -0.6602714 0.0320805
5
-114.669     ts77     dynamics     sesquiterpene     TS     runpoint      93     runisomer      114
6 -0.0788524 0.6262819 -0.0258413
1 -0.6735274 0.8834371 1.0333045
1 0.0455639 1.4152650 -0.6778320
1 0.0889595 -1.2147426 -0.5790405
8 0.0650876 -0.6752329 0.0332186
5
-114.653     ts77     dynamics     sesquiterpene     TS     runpoint      94     runisomer      114
6 -0.0819064 0.6405780 -0.0197603
1 -0.6469891 0.8828054 1.0025360
1 0.0444405 1.3770101 -0.7307514
1 0.1149030 -1.1607798 -0.6807211
8 0.0641434 -0.6869085 0.0403343
5
-114.687     ts77     dynamics     sesquiterpene     TS     runpoint      95     runisomer      114
6 -0.0870926 0.6552550 -0.0090730
1 -0.6063989 0.8850735 0.9462464
1 0.0480643 1.3448809 -0.8035476
1 0.1464923 -1.1400071 -0.8457288
8 0.0632577 -0.6973483 0.0508441
5
-114.712     ts77     dynamics     sesquiterpene     TS     runpoint      96     runisomer      114
6 -0.0932605 0.6699217 0.0039969
1 -0.5604883 0.8948986 0.8793210
1 0.0532477 1.3116727 -0.8845726
1 0.1780180 -1.1087918 -0.9962517
8 0.0626790 -0.7088453 0.0598421
5
-114.695     ts77     dynamics     sesquiterpene     TS     runpoint      97     runisomer      114
6 -0.0985370 0.6838068 0.0154996
1 -0.5263334 0.9208555 0.8324283
1 0.0565447 1.2705424 -0.9584842
1 0.2057824 -1.0601790 -1.1019678
8 0.0625275 -0.7213687 0.0654822
5
-114.663     ts77     dynamics     sesquiterpene     TS     runpoint      98     runisomer      114
6 -0.1010407 0.6956648 0.0214409
1 -0.5219298 0.9730803 0.8392183
1 0.0553670 1.2191863 -1.0130919
1 0.2280228 -0.9976028 -1.1544712
8 0.0628018 -0.7342628 0.0673432
5
-114.654     ts77     dynamics     sesquiterpene     TS     runpoint      99     runisomer      114
6 -0.1007814 0.7049938 0.0216256
1 -0.5440952 1.0502282 0.8938115
1 0.0482885 1.1593957 -1.0420754
1 0.2438050 -0.9262942 -1.1515203
8 0.0634555 -0.7468488 0.0654019
5
-114.666     ts77     dynamics     sesquiterpene     TS     runpoint      100     runisomer      114
6 -0.0992248 0.7123446 0.0190297
1 -0.5736656 1.1375922 0.9587838
1 0.0348617 1.0955984 -1.0449597
1 0.2525289 -0.8519977 -1.0927202
8 0.0644490 -0.7585301 0.0597303
5
-114.678     ts77     dynamics     sesquiterpene     TS     runpoint      101     runisomer      114
6 -0.0975285 0.7182170 0.0163917
1 -0.5965030 1.2208497 1.0058671
1 0.0154298 1.0338922 -1.0270860
1 0.2542376 -0.7813770 -0.9816996
8 0.0657327 -0.7687429 0.0506185
5
-114.686     ts77     dynamics     sesquiterpene     TS     runpoint      102     runisomer      114
6 -0.0962969 0.7227030 0.0157503
1 -0.6062677 1.2909018 1.0221472
1 -0.0089920 0.9811172 -1.0001149
1 0.2520596 -0.7221190 -0.8388154
8 0.0671007 -0.7769308 0.0393702
5
-114.673     ts77     dynamics     sesquiterpene     TS     runpoint      103     runisomer      114
6 -0.0958438 0.7257450 0.0188470
1 -0.6009116 1.3424013 1.0035811
1 -0.0371455 0.9431703 -0.9803088
1 0.2611336 -0.6777584 -0.7373288
8 0.0676267 -0.7828623 0.0305715
5
-114.628     ts77     dynamics     sesquiterpene     TS     runpoint      104     runisomer      114
6 -0.0962774 0.7273981 0.0267097
1 -0.5806390 1.3723318 0.9511677
1 -0.0684417 0.9231723 -0.9804985
1 0.3115555 -0.6361752 -0.7876931
8 0.0654707 -0.7873479 0.0311592
