5
-114.654160 ts77 dynamics sesquiterpene TS runpoint 1  runisomer  6
6 -0.0429137 0.6361706 -0.0034033
1 -0.2790166 1.0812380 0.9774250
1 -0.1184405 1.1376224 -0.9265462
1 0.9407217 -0.0613326 -0.1377295
8 -0.0299902 -0.7503028 0.0080254
5
-114.649 ts77 dynamics sesquiterpene TS runpoint 2  runisomer  6
6 -0.0352154 0.640288 0.00744692
1 -0.294375 1.08331 0.875678
1 -0.145015 1.13668 -0.914348
1 0.905335 -0.0379477 -0.147464
8 -0.0308939 -0.754936 0.00614072
5
-114.645     ts77     dynamics     sesquiterpene     TS     runpoint      3     runisomer      6
6 -0.0272037 0.6430042 0.0168954
1 -0.3167542 1.1015880 0.8011332
1 -0.1772300 1.1422399 -0.9128482
1 0.8886042 -0.0146402 -0.1549543
8 -0.0324100 -0.7599444 0.0041273
5
-114.633     ts77     dynamics     sesquiterpene     TS     runpoint      4     runisomer      6
6 -0.0185004 0.6431972 0.0220122
1 -0.3559275 1.1501523 0.7839494
1 -0.2132124 1.1507039 -0.9191492
1 0.8974338 0.0101645 -0.1607530
8 -0.0347606 -0.7652447 0.0021328
5
-114.637     ts77     dynamics     sesquiterpene     TS     runpoint      5     runisomer      6
6 -0.0095669 0.6413685 0.0231241
1 -0.4079117 1.2212401 0.8132337
1 -0.2504651 1.1577522 -0.9285515
1 0.9333204 0.0405728 -0.1644607
8 -0.0381014 -0.7707125 0.0002793
5
-114.648     ts77     dynamics     sesquiterpene     TS     runpoint      6     runisomer      6
6 -0.0013554 0.6389032 0.0221839
1 -0.4577285 1.2925409 0.8580234
1 -0.2864684 1.1597395 -0.9362179
1 0.9918186 0.0835033 -0.1645868
8 -0.0425399 -0.7761861 -0.0013475
5
-114.649     ts77     dynamics     sesquiterpene     TS     runpoint      7     runisomer      6
6 0.0058375 0.6364239 0.0203227
1 -0.4938377 1.3479422 0.8978249
1 -0.3190354 1.1543055 -0.9382337
1 1.0639694 0.1468925 -0.1590920
8 -0.0481545 -0.7814689 -0.0026797
5
-114.647     ts77     dynamics     sesquiterpene     TS     runpoint      8     runisomer      6
6 0.0123380 0.6338825 0.0179281
1 -0.5106245 1.3798169 0.9233888
1 -0.3465584 1.1405381 -0.9324874
1 1.1387622 0.2363239 -0.1462430
8 -0.0549519 -0.7863385 -0.0036668
5
-114.649     ts77     dynamics     sesquiterpene     TS     runpoint      9     runisomer      6
6 0.0186980 0.6311106 0.0152124
1 -0.5061886 1.3852230 0.9311095
1 -0.3682371 1.1189193 -0.9191697
1 1.2050239 0.3525425 -0.1252167
8 -0.0628119 -0.7905607 -0.0042814
5
-114.657     ts77     dynamics     sesquiterpene     TS     runpoint      10     runisomer      6
6 0.0254872 0.6280909 0.0124962
1 -0.4807995 1.3635085 0.9200277
1 -0.3842809 1.0912033 -0.9009563
1 1.2527673 0.4914783 -0.0963494
8 -0.0715025 -0.7939352 -0.0045130
5
-114.67     ts77     dynamics     sesquiterpene     TS     runpoint      11     runisomer      6
6 0.0332478 0.6249582 0.0102290
1 -0.4365767 1.3157918 0.8912380
1 -0.3959685 1.0601714 -0.8827336
1 1.2744652 0.6457217 -0.0611888
8 -0.0807433 -0.7963416 -0.0043631
5
-114.684     ts77     dynamics     sesquiterpene     TS     runpoint      12     runisomer      6
6 0.0425230 0.6218497 0.0087764
1 -0.3783426 1.2460118 0.8492486
1 -0.4053498 1.0289994 -0.8704434
1 1.2661212 0.8060529 -0.0224721
8 -0.0902542 -0.7977520 -0.0038427
5
-114.694     ts77     dynamics     sesquiterpene     TS     runpoint      13     runisomer      6
6 0.0539907 0.6186367 0.0079244
1 -0.3157901 1.1635879 0.8056303
1 -0.4146086 0.9999101 -0.8685997
1 1.2279817 0.9630716 0.0160611
8 -0.0998125 -0.7982089 -0.0030016
5
-114.694     ts77     dynamics     sesquiterpene     TS     runpoint      14     runisomer      6
6 0.0688142 0.6146538 0.0065086
1 -0.2668547 1.0856868 0.7827110
1 -0.4260307 0.9725821 -0.8777741
1 1.1647434 1.1085911 0.0492115
8 -0.1093133 -0.7977595 -0.0020093
5
-114.679     ts77     dynamics     sesquiterpene     TS     runpoint      15     runisomer      6
6 0.0864007 0.6091533 0.0010595
1 -0.2447759 1.0285140 0.8110385
1 -0.4370196 0.9518846 -0.8920084
1 1.0852961 1.2339785 0.0768875
8 -0.1182003 -0.7966278 -0.0005543
5
-114.671     ts77     dynamics     sesquiterpene     TS     runpoint      16     runisomer      6
6 0.1056406 0.6028569 -0.0080661
1 -0.2524968 0.9910734 0.8884155
1 -0.4461234 0.9364280 -0.9061365
1 1.0001266 1.3353144 0.0953594
8 -0.1262074 -0.7949576 0.0011425
5
-114.654160 ts77 dynamics sesquiterpene TS runpoint 1  runisomer  6
6 -0.0429137 0.6361706 -0.0034033
1 -0.2790166 1.0812380 0.9774250
1 -0.1184405 1.1376224 -0.9265462
1 0.9407217 -0.0613326 -0.1377295
8 -0.0299902 -0.7503028 0.0080254
5
-114.649 ts77 dynamics sesquiterpene TS runpoint 2  runisomer  6
6 -0.0504149 0.631763 -0.012699
1 -0.262827 1.08183 1.07123
1 -0.0983206 1.14612 -0.948089
1 0.984529 -0.0850485 -0.124884
8 -0.0294107 -0.746074 0.00963708
5
-114.642     ts77     dynamics     sesquiterpene     TS     runpoint      3     runisomer      6
6 -0.0574467 0.6277463 -0.0191573
1 -0.2434467 1.0793087 1.1371004
1 -0.0846606 1.1600939 -0.9730742
1 1.0261192 -0.1091675 -0.1083900
8 -0.0288384 -0.7422624 0.0108672
5
-114.631     ts77     dynamics     sesquiterpene     TS     runpoint      4     runisomer      6
6 -0.0636958 0.6246674 -0.0226120
1 -0.2211263 1.0722038 1.1665290
1 -0.0771348 1.1757766 -0.9938275
1 1.0565815 -0.1343764 -0.0882628
8 -0.0279503 -0.7389040 0.0116446
5
-114.623     ts77     dynamics     sesquiterpene     TS     runpoint      5     runisomer      6
6 -0.0690243 0.6230704 -0.0232937
1 -0.1969024 1.0607412 1.1569763
1 -0.0752689 1.1894499 -1.0039537
1 1.0694227 -0.1627240 -0.0649586
8 -0.0264056 -0.7360590 0.0119287
5
-114.623     ts77     dynamics     sesquiterpene     TS     runpoint      6     runisomer      6
6 -0.0735795 0.6234934 -0.0215208
1 -0.1719921 1.0460422 1.1096783
1 -0.0783875 1.1984832 -0.9998490
1 1.0604789 -0.1984697 -0.0391857
8 -0.0237981 -0.7337674 0.0116970
5
-114.634     ts77     dynamics     sesquiterpene     TS     runpoint      7     runisomer      6
6 -0.0778373 0.6263536 -0.0177760
1 -0.1476947 1.0305861 1.0308363
1 -0.0855454 1.2017148 -0.9811498
1 1.0280707 -0.2486133 -0.0117722
8 -0.0196426 -0.7319834 0.0109501
5
-114.652     ts77     dynamics     sesquiterpene     TS     runpoint      8     runisomer      6
6 -0.0825098 0.6316337 -0.0131354
1 -0.1254378 1.0200863 0.9366555
1 -0.0955987 1.1996835 -0.9510001
1 0.9744037 -0.3218863 0.0164340
8 -0.0135255 -0.7305368 0.0097261
5
-114.667     ts77     dynamics     sesquiterpene     TS     runpoint      9     runisomer      6
6 -0.0882873 0.6383713 -0.0098683
1 -0.1064691 1.0266081 0.8604230
1 -0.1075325 1.1948992 -0.9163911
1 0.9100295 -0.4243050 0.0448751
8 -0.0055802 -0.7292469 0.0081064
5
-114.668     ts77     dynamics     sesquiterpene     TS     runpoint      10     runisomer      6
6 -0.0955439 0.6446656 -0.0106298
1 -0.0904024 1.0659037 0.8426123
1 -0.1208880 1.1918283 -0.8879381
1 0.8642222 -0.5520865 0.0745594
8 0.0025789 -0.7282001 0.0061369
5
-114.67     ts77     dynamics     sesquiterpene     TS     runpoint      11     runisomer      6
6 -0.1041852 0.6494142 -0.0147175
1 -0.0749145 1.1372470 0.8846378
1 -0.1358534 1.1956550 -0.8772737
1 0.8841082 -0.6951474 0.1102878
8 0.0077751 -0.7274837 0.0036326
5
-114.695     ts77     dynamics     sesquiterpene     TS     runpoint      12     runisomer      6
6 -0.1136177 0.6531841 -0.0185266
1 -0.0590862 1.2197347 0.9486655
1 -0.1526494 1.2087291 -0.8903053
1 0.9613176 -0.8531153 0.1539931
8 0.0100469 -0.7263799 0.0005235
5
-114.712     ts77     dynamics     sesquiterpene     TS     runpoint      13     runisomer      6
6 -0.1231847 0.6570063 -0.0198576
1 -0.0436266 1.2944360 1.0035797
1 -0.1708109 1.2274680 -0.9220021
1 1.0350226 -1.0159760 0.1980566
8 0.0127496 -0.7248732 -0.0027166
5
-114.696     ts77     dynamics     sesquiterpene     TS     runpoint      14     runisomer      6
6 -0.1324316 0.6616542 -0.0184519
1 -0.0294338 1.3511096 1.0345765
1 -0.1892112 1.2445211 -0.9602756
1 1.0731695 -1.1664982 0.2358753
8 0.0175479 -0.7235212 -0.0056966
5
-114.67     ts77     dynamics     sesquiterpene     TS     runpoint      15     runisomer      6
6 -0.1410596 0.6674468 -0.0148184
1 -0.0172001 1.3851185 1.0362461
1 -0.2065783 1.2532080 -0.9933289
1 1.0698486 -1.2925769 0.2647354
8 0.0245526 -0.7226127 -0.0082649
5
-114.651     ts77     dynamics     sesquiterpene     TS     runpoint      16     runisomer      6
6 -0.1488473 0.6743447 -0.0095344
1 -0.0074003 1.3947473 1.0077809
1 -0.2219289 1.2495532 -1.0132494
1 1.0282165 -1.3871705 0.2840060
8 0.0333676 -0.7222038 -0.0103951
5
-114.645     ts77     dynamics     sesquiterpene     TS     runpoint      17     runisomer      6
6 -0.1556278 0.6821210 -0.0030968
1 -0.0001355 1.3804830 0.9517312
1 -0.2347516 1.2321766 -1.0163752
1 0.9523312 -1.4450211 0.2937012
8 0.0435869 -0.7223989 -0.0121069
5
-114.655     ts77     dynamics     sesquiterpene     TS     runpoint      18     runisomer      6
6 -0.1613264 0.6902933 0.0039306
1 0.0053706 1.3463095 0.8756743
1 -0.2451044 1.2017566 -1.0029919
1 0.8454715 -1.4609906 0.2941420
8 0.0549005 -0.7234538 -0.0134586
5
-114.673     ts77     dynamics     sesquiterpene     TS     runpoint      19     runisomer      6
6 -0.1660569 0.6976496 0.0105270
1 0.0119838 1.3034171 0.7969382
1 -0.2537417 1.1608717 -0.9775061
1 0.7138210 -1.4333438 0.2873059
8 0.0668739 -0.7254367 -0.0146221
5
-114.683     ts77     dynamics     sesquiterpene     TS     runpoint      20     runisomer      6
6 -0.1702939 0.7017517 0.0148701
1 0.0265402 1.2739629 0.7466702
1 -0.2621399 1.1141840 -0.9489764
1 0.5769652 -1.3771417 0.2821421
8 0.0782886 -0.7272582 -0.0161857
5
-114.662     ts77     dynamics     sesquiterpene     TS     runpoint      21     runisomer      6
6 -0.1746942 0.6999813 0.0156708
1 0.0576653 1.2797457 0.7535553
1 -0.2722012 1.0681374 -0.9306204
1 0.4828516 -1.3526206 0.3088463
8 0.0861940 -0.7249375 -0.0200606
5
-114.643     ts77     dynamics     sesquiterpene     TS     runpoint      22     runisomer      6
6 -0.1791885 0.6923840 0.0149537
1 0.1044333 1.3140956 0.8068708
1 -0.2855195 1.0290580 -0.9351515
1 0.4586676 -1.4157368 0.4021906
8 0.0889833 -0.7149642 -0.0284794
5
-114.683     ts77     dynamics     sesquiterpene     TS     runpoint      23     runisomer      6
6 -0.1831001 0.6812385 0.0159728
1 0.1566233 1.3531142 0.8718983
1 -0.3021886 0.9998074 -0.9650232
1 0.4520772 -1.4926659 0.5261491
8 0.0900948 -0.7023709 -0.0392695
5
-114.687     ts77     dynamics     sesquiterpene     TS     runpoint      24     runisomer      6
6 -0.1860635 0.6687858 0.0199625
1 0.2053379 1.3803726 0.9237538
1 -0.3203278 0.9787065 -1.0086937
1 0.4355082 -1.5320956 0.6454143
8 0.0914364 -0.6909319 -0.0502945
