5
-114.654160 ts77 dynamics sesquiterpene TS runpoint 1  runisomer  42
6 -0.0162557 0.6450518 -0.0042399
1 -0.3665377 1.0336131 1.0226866
1 -0.3083627 1.0653207 -0.9851717
1 1.0461045 -0.1040350 -0.0455749
8 -0.0391493 -0.7467182 0.0036888
5
-114.644 ts77 dynamics sesquiterpene TS runpoint 2  runisomer  42
6 -0.00431233 0.647332 -0.0150242
1 -0.401199 1.03558 1.08826
1 -0.349469 1.07373 -0.969139
1 1.00475 -0.0765685 -0.0215663
8 -0.04073 -0.750813 0.00512491
5
-114.636     ts77     dynamics     sesquiterpene     TS     runpoint      3     runisomer      42
6 0.0063989 0.6491159 -0.0234631
1 -0.4235332 1.0363180 1.1226119
1 -0.3878656 1.0861318 -0.9470348
1 0.9639455 -0.0416273 0.0030106
8 -0.0423685 -0.7551826 0.0063512
5
-114.629     ts77     dynamics     sesquiterpene     TS     runpoint      4     runisomer      42
6 0.0149946 0.6504755 -0.0289024
1 -0.4307313 1.0345816 1.1219035
1 -0.4223736 1.1020650 -0.9213385
1 0.9364879 0.0022093 0.0276187
8 -0.0444604 -0.7598607 0.0073072
5
-114.626     ts77     dynamics     sesquiterpene     TS     runpoint      5     runisomer      42
6 0.0207111 0.6514852 -0.0310735
1 -0.4215875 1.0299993 1.0863873
1 -0.4515633 1.1207070 -0.8943278
1 0.9347313 0.0568770 0.0519997
8 -0.0473746 -0.7649497 0.0079363
5
-114.632     ts77     dynamics     sesquiterpene     TS     runpoint      6     runisomer      42
6 0.0231843 0.6520138 -0.0300039
1 -0.3965021 1.0228382 1.0197057
1 -0.4737849 1.1409182 -0.8680902
1 0.9659011 0.1259886 0.0756292
8 -0.0513755 -0.7705252 0.0081924
5
-114.647     ts77     dynamics     sesquiterpene     TS     runpoint      7     runisomer      42
6 0.0228882 0.6514896 -0.0261552
1 -0.3586844 1.0148481 0.9314429
1 -0.4874313 1.1613795 -0.8446974
1 1.0275745 0.2151824 0.0968617
8 -0.0565643 -0.7765386 0.0080534
5
-114.665     ts77     dynamics     sesquiterpene     TS     runpoint      8     runisomer      42
6 0.0214024 0.6488728 -0.0209457
1 -0.3166723 1.0116532 0.8432058
1 -0.4913419 1.1806461 -0.8261729
1 1.1071845 0.3291440 0.1128108
8 -0.0628673 -0.7827700 0.0075316
5
-114.671     ts77     dynamics     sesquiterpene     TS     runpoint      9     runisomer      42
6 0.0211643 0.6428208 -0.0171949
1 -0.2855534 1.0255662 0.7924291
1 -0.4851737 1.1970759 -0.8141450
1 1.1870376 0.4673488 0.1204550
8 -0.0700705 -0.7888506 0.0066771
5
-114.669     ts77     dynamics     sesquiterpene     TS     runpoint      10     runisomer      42
6 0.0241769 0.6325773 -0.0171741
1 -0.2768379 1.0675101 0.8078454
1 -0.4695596 1.2088488 -0.8094893
1 1.2509890 0.6232219 0.1178884
8 -0.0778955 -0.7943732 0.0055575
5
-114.68     ts77     dynamics     sesquiterpene     TS     runpoint      11     runisomer      42
6 0.0305870 0.6195371 -0.0194022
1 -0.2842979 1.1272814 0.8709039
1 -0.4460424 1.2141859 -0.8120493
1 1.2882649 0.7866522 0.1048241
8 -0.0860676 -0.7989913 0.0042406
5
-114.687     ts77     dynamics     sesquiterpene     TS     runpoint      12     runisomer      42
6 0.0396898 0.6061131 -0.0211546
1 -0.2958012 1.1841340 0.9451725
1 -0.4169646 1.2116093 -0.8203183
1 1.2937539 0.9468728 0.0826714
8 -0.0943529 -0.8024363 0.0027935
5
-114.68     ts77     dynamics     sesquiterpene     TS     runpoint      13     runisomer      42
6 0.0509584 0.5940692 -0.0210854
1 -0.3045029 1.2244178 1.0080140
1 -0.3855492 1.2001697 -0.8318657
1 1.2670609 1.0940505 0.0542202
8 -0.1025587 -0.8044922 0.0013031
5
-114.666     ts77     dynamics     sesquiterpene     TS     runpoint      14     runisomer      42
6 0.0640478 0.5844456 -0.0189764
1 -0.3081958 1.2418356 1.0493869
1 -0.3557224 1.1795702 -0.8444193
1 1.2115689 1.2200540 0.0228570
8 -0.1105326 -0.8050119 -0.0001179
5
-114.653     ts77     dynamics     sesquiterpene     TS     runpoint      15     runisomer      42
6 0.0786601 0.5780837 -0.0146217
1 -0.3080373 1.2342884 1.0645309
1 -0.3315372 1.1494838 -0.8570254
1 1.1338110 1.3178709 -0.0099520
8 -0.1181332 -0.8040315 -0.0014764
5
-114.646     ts77     dynamics     sesquiterpene     TS     runpoint      16     runisomer      42
6 0.0934739 0.5752328 -0.0080710
1 -0.3016129 1.2037312 1.0521289
1 -0.3142313 1.1118576 -0.8705862
1 1.0421914 1.3829631 -0.0411105
8 -0.1249724 -0.8016991 -0.0027904
5
-114.645     ts77     dynamics     sesquiterpene     TS     runpoint      17     runisomer      42
6 0.1075915 0.5757840 -0.0013135
1 -0.2881340 1.1485217 1.0151960
1 -0.3074278 1.0712586 -0.8836009
1 0.9474636 1.4155760 -0.0620294
8 -0.1308754 -0.7981311 -0.0033929
5
-114.649     ts77     dynamics     sesquiterpene     TS     runpoint      18     runisomer      42
6 0.1208116 0.5799825 0.0073905
1 -0.2763524 1.0752668 0.9561624
1 -0.3153132 1.0230796 -0.8973588
1 0.8638444 1.4153604 -0.0816578
8 -0.1357714 -0.7936162 -0.0040990
5
-114.654160 ts77 dynamics sesquiterpene TS runpoint 1  runisomer  42
6 -0.0162557 0.6450518 -0.0042399
1 -0.3665377 1.0336131 1.0226866
1 -0.3083627 1.0653207 -0.9851717
1 1.0461045 -0.1040350 -0.0455749
8 -0.0391493 -0.7467182 0.0036888
5
-114.644 ts77 dynamics sesquiterpene TS runpoint 2  runisomer  42
6 -0.0284663 0.642155 0.00752591
1 -0.325066 1.03413 0.937932
1 -0.265597 1.06103 -0.992821
1 1.07763 -0.125539 -0.0681837
8 -0.037282 -0.742952 0.00210819
5
-114.643     ts77     dynamics     sesquiterpene     TS     runpoint      3     runisomer      42
6 -0.0397900 0.6381405 0.0176894
1 -0.2865987 1.0467979 0.8612106
1 -0.2222452 1.0608242 -0.9906641
1 1.0921280 -0.1431252 -0.0884807
8 -0.0348548 -0.7396178 0.0004596
5
-114.632     ts77     dynamics     sesquiterpene     TS     runpoint      4     runisomer      42
6 -0.0491000 0.6320029 0.0228798
1 -0.2627480 1.0880325 0.8309110
1 -0.1795050 1.0646622 -0.9791402
1 1.0854166 -0.1598265 -0.1056946
8 -0.0316429 -0.7368008 -0.0011671
5
-114.629     ts77     dynamics     sesquiterpene     TS     runpoint      5     runisomer      42
6 -0.0562835 0.6237437 0.0223533
1 -0.2553672 1.1628895 0.8573833
1 -0.1386551 1.0727451 -0.9614416
1 1.0561319 -0.1799928 -0.1193663
8 -0.0274472 -0.7345604 -0.0026939
5
-114.644     ts77     dynamics     sesquiterpene     TS     runpoint      6     runisomer      42
6 -0.0623734 0.6155580 0.0191077
1 -0.2558069 1.2513933 0.9095871
1 -0.1007364 1.0856470 -0.9429629
1 1.0060181 -0.2096781 -0.1294758
8 -0.0220823 -0.7329374 -0.0040766
5
-114.653     ts77     dynamics     sesquiterpene     TS     runpoint      7     runisomer      42
6 -0.0686008 0.6099709 0.0161174
1 -0.2570851 1.3308005 0.9577151
1 -0.0660591 1.1038518 -0.9288075
1 0.9410112 -0.2569123 -0.1367294
8 -0.0154174 -0.7319190 -0.0053016
5
-114.652     ts77     dynamics     sesquiterpene     TS     runpoint      8     runisomer      42
6 -0.0761275 0.6087735 0.0149188
1 -0.2562462 1.3878616 0.9873764
1 -0.0339863 1.1267561 -0.9213422
1 0.8743021 -0.3296078 -0.1432817
8 -0.0076399 -0.7314778 -0.0063311
5
-114.65     ts77     dynamics     sesquiterpene     TS     runpoint      9     runisomer      42
6 -0.0858115 0.6129730 0.0160023
1 -0.2523784 1.4164887 0.9935535
1 -0.0033471 1.1520371 -0.9194596
1 0.8323156 -0.4287576 -0.1540696
8 0.0000967 -0.7317766 -0.0069732
5
-114.649     ts77     dynamics     sesquiterpene     TS     runpoint      10     runisomer      42
6 -0.0978104 0.6226279 0.0192100
1 -0.2454215 1.4144788 0.9756458
1 0.0267648 1.1762441 -0.9197924
1 0.8531263 -0.5453860 -0.1771315
8 0.0054522 -0.7330699 -0.0067787
5
-114.667     ts77     dynamics     sesquiterpene     TS     runpoint      11     runisomer      42
6 -0.1115743 0.6368497 0.0239307
1 -0.2357724 1.3825484 0.9362125
1 0.0565731 1.1961819 -0.9185335
1 0.9369084 -0.6776907 -0.2142615
8 0.0080137 -0.7346471 -0.0055774
5
-114.697     ts77     dynamics     sesquiterpene     TS     runpoint      12     runisomer      42
6 -0.1262739 0.6541370 0.0291098
1 -0.2244742 1.3259486 0.8829606
1 0.0857557 1.2098430 -0.9127958
1 1.0293996 -0.8249074 -0.2545768
8 0.0106650 -0.7356341 -0.0039293
5
-114.704     ts77     dynamics     sesquiterpene     TS     runpoint      13     runisomer      42
6 -0.1410400 0.6723199 0.0329394
1 -0.2137910 1.2586527 0.8342152
1 0.1136657 1.2167065 -0.9012379
1 1.0909669 -0.9746947 -0.2882572
8 0.0154330 -0.7360288 -0.0023372
5
-114.686     ts77     dynamics     sesquiterpene     TS     runpoint      14     runisomer      42
6 -0.1550266 0.6884204 0.0325299
1 -0.2069144 1.2053327 0.8233968
1 0.1396259 1.2178792 -0.8841762
1 1.1083271 -1.1132298 -0.3109722
8 0.0227644 -0.7360926 -0.0009929
5
-114.664     ts77     dynamics     sesquiterpene     TS     runpoint      15     runisomer      42
6 -0.1676981 0.7001795 0.0257620
1 -0.2051279 1.1834631 0.8773744
1 0.1635317 1.2161235 -0.8637304
1 1.0805080 -1.2298056 -0.3215527
8 0.0324046 -0.7360814 0.0000613
5
-114.666     ts77     dynamics     sesquiterpene     TS     runpoint      16     runisomer      42
6 -0.1790071 0.7079827 0.0146861
1 -0.2063896 1.1806553 0.9759764
1 0.1865573 1.2156140 -0.8439648
1 1.0104982 -1.3163393 -0.3202093
8 0.0439302 -0.7362727 0.0008267
5
-114.674     ts77     dynamics     sesquiterpene     TS     runpoint      17     runisomer      42
6 -0.1890849 0.7129189 0.0031339
1 -0.2087015 1.1775017 1.0784128
1 0.2109724 1.2207505 -0.8293844
1 0.9032147 -1.3666699 -0.3080984
8 0.0568584 -0.7369290 0.0013568
5
-114.676     ts77     dynamics     sesquiterpene     TS     runpoint      18     runisomer      42
6 -0.1980094 0.7153817 -0.0064801
1 -0.2112224 1.1647705 1.1580567
1 0.2386077 1.2340243 -0.8219308
1 0.7686096 -1.3792081 -0.2885434
8 0.0704523 -0.7380199 0.0018494
5
-114.673     ts77     dynamics     sesquiterpene     TS     runpoint      19     runisomer      42
6 -0.2057142 0.7154029 -0.0133161
1 -0.2137250 1.1401514 1.2026942
1 0.2691528 1.2544625 -0.8192251
1 0.6308748 -1.3681019 -0.2715247
8 0.0831445 -0.7384711 0.0029216
5
-114.655     ts77     dynamics     sesquiterpene     TS     runpoint      20     runisomer      42
6 -0.2120039 0.7130137 -0.0174249
1 -0.2162846 1.1040565 1.2077384
1 0.2999877 1.2782091 -0.8158781
1 0.5357096 -1.3828260 -0.2814475
8 0.0920794 -0.7349715 0.0061008
5
-114.639     ts77     dynamics     sesquiterpene     TS     runpoint      21     runisomer      42
6 -0.2166574 0.7084047 -0.0192607
1 -0.2191544 1.0581230 1.1728805
1 0.3275270 1.3006471 -0.8063856
1 0.5002310 -1.4616939 -0.3378840
8 0.0962515 -0.7250633 0.0126322
5
-114.662     ts77     dynamics     sesquiterpene     TS     runpoint      22     runisomer      42
6 -0.2195275 0.7019408 -0.0195656
1 -0.2227425 1.0052353 1.1023828
1 0.3486402 1.3181972 -0.7871986
1 0.4816956 -1.5512862 -0.4189883
8 0.0984703 -0.7123402 0.0212031
5
-114.672     ts77     dynamics     sesquiterpene     TS     runpoint      23     runisomer      42
6 -0.2205891 0.6939131 -0.0196001
1 -0.2277207 0.9503701 1.0090792
1 0.3614192 1.3288510 -0.7574337
1 0.4546674 -1.6057446 -0.5023115
8 0.1004780 -0.7000983 0.0304811
5
-114.666     ts77     dynamics     sesquiterpene     TS     runpoint      24     runisomer      42
6 -0.2199411 0.6842263 -0.0217386
1 -0.2352940 0.9023102 0.9224754
1 0.3656384 1.3322457 -0.7188906
1 0.4126214 -1.6090991 -0.5770271
8 0.1028530 -0.6898030 0.0398202
5
-114.654     ts77     dynamics     sesquiterpene     TS     runpoint      25     runisomer      42
6 -0.2177980 0.6723365 -0.0294191
1 -0.2477560 0.8730806 0.8888209
1 0.3632417 1.3299030 -0.6759520
1 0.3553703 -1.5585863 -0.6374093
8 0.1057893 -0.6820747 0.0487997
5
-114.656     ts77     dynamics     sesquiterpene     TS     runpoint      26     runisomer      42
6 -0.2145584 0.6580306 -0.0435585
1 -0.2679276 0.8681138 0.9284617
1 0.3587878 1.3256159 -0.6353750
1 0.2851363 -1.4571986 -0.6796144
8 0.1093358 -0.6771452 0.0570114
5
-114.685     ts77     dynamics     sesquiterpene     TS     runpoint      27     runisomer      42
6 -0.2110114 0.6419753 -0.0601381
1 -0.2958862 0.8803828 1.0051966
1 0.3587318 1.3248735 -0.6047525
1 0.2062422 -1.3144261 -0.7033185
8 0.1134121 -0.6748194 0.0641762
