5
-114.654160 ts77 dynamics sesquiterpene TS runpoint 1  runisomer  179
6 -0.0290298 0.6303911 0.0072992
1 -0.2111579 1.2134887 0.9510181
1 -0.2963750 1.1333752 -0.9994553
1 0.8787932 -0.0538556 0.0682363
8 -0.0295687 -0.7545036 -0.0067237
5
-114.645 ts77 dynamics sesquiterpene TS runpoint 2  runisomer  179
6 -0.0348642 0.644307 0.0102587
1 -0.19066 1.14971 0.914731
1 -0.263516 1.14742 -1.0187
1 0.933064 -0.0232616 0.0455658
8 -0.031973 -0.763738 -0.00401681
5
-114.648     ts77     dynamics     sesquiterpene     TS     runpoint      3     runisomer      179
6 -0.0407611 0.6577807 0.0103800
1 -0.1756553 1.0930009 0.8900174
1 -0.2272208 1.1543995 -1.0168832
1 1.0025926 0.0133057 0.0216792
8 -0.0351614 -0.7730165 -0.0011592
5
-114.643     ts77     dynamics     sesquiterpene     TS     runpoint      4     runisomer      179
6 -0.0449018 0.6682749 0.0058510
1 -0.1708517 1.0578741 0.9009033
1 -0.1900721 1.1556480 -0.9950241
1 1.0727130 0.0640648 -0.0033281
8 -0.0391148 -0.7819534 0.0017519
5
-114.642     ts77     dynamics     sesquiterpene     TS     runpoint      5     runisomer      179
6 -0.0459320 0.6743897 -0.0029619
1 -0.1769801 1.0465781 0.9504737
1 -0.1555459 1.1547454 -0.9596511
1 1.1335782 0.1356986 -0.0284917
8 -0.0439658 -0.7902848 0.0045978
5
-114.649     ts77     dynamics     sesquiterpene     TS     runpoint      6     runisomer      179
6 -0.0431144 0.6757832 -0.0129468
1 -0.1907652 1.0499799 1.0151803
1 -0.1276549 1.1579011 -0.9236723
1 1.1793967 0.2315305 -0.0525013
8 -0.0498550 -0.7977811 0.0072586
5
-114.653     ts77     dynamics     sesquiterpene     TS     runpoint      7     runisomer      179
6 -0.0361052 0.6723434 -0.0206192
1 -0.2083562 1.0588725 1.0694232
1 -0.1103312 1.1725927 -0.9027399
1 1.2063263 0.3505039 -0.0738328
8 -0.0567922 -0.8041823 0.0096235
5
-114.654     ts77     dynamics     sesquiterpene     TS     runpoint      8     runisomer      179
6 -0.0248324 0.6643212 -0.0240673
1 -0.2269336 1.0676762 1.0981131
1 -0.1066845 1.2022710 -0.9047605
1 1.2117838 0.4878480 -0.0907728
8 -0.0646508 -0.8092417 0.0115998
5
-114.662     ts77     dynamics     sesquiterpene     TS     runpoint      9     runisomer      179
6 -0.0095446 0.6528001 -0.0234000
1 -0.2447145 1.0732846 1.0951900
1 -0.1184419 1.2415775 -0.9230294
1 1.1953935 0.6362795 -0.1016423
8 -0.0732248 -0.8127810 0.0131219
5
-114.673     ts77     dynamics     sesquiterpene     TS     runpoint      10     runisomer      179
6 0.0090836 0.6394398 -0.0198246
1 -0.2608034 1.0739566 1.0604549
1 -0.1456299 1.2794863 -0.9436279
1 1.1603410 0.7872715 -0.1052593
8 -0.0822645 -0.8147022 0.0141564
5
-114.681     ts77     dynamics     sesquiterpene     TS     runpoint      11     runisomer      179
6 0.0299663 0.6258153 -0.0146786
1 -0.2753963 1.0691067 0.9984998
1 -0.1866394 1.3055671 -0.9553478
1 1.1138110 0.9326773 -0.1014285
8 -0.0914956 -0.8149793 0.0146974
5
-114.654160 ts77 dynamics sesquiterpene TS runpoint 1  runisomer  179
6 -0.0290298 0.6303911 0.0072992
1 -0.2111579 1.2134887 0.9510181
1 -0.2963750 1.1333752 -0.9994553
1 0.8787932 -0.0538556 0.0682363
8 -0.0295687 -0.7545036 -0.0067237
5
-114.645 ts77 dynamics sesquiterpene TS runpoint 2  runisomer  179
6 -0.0249074 0.618549 0.00329983
1 -0.232135 1.26954 0.978631
1 -0.324432 1.11294 -0.962517
1 0.855204 -0.086359 0.0908416
8 -0.0280855 -0.745816 -0.00921485
5
-114.638     ts77     dynamics     sesquiterpene     TS     runpoint      3     runisomer      179
6 -0.0233196 0.6103724 -0.0004758
1 -0.2501170 1.3085359 0.9878218
1 -0.3480887 1.0891191 -0.9155468
1 0.8696003 -0.1262771 0.1150241
8 -0.0275601 -0.7381224 -0.0114441
5
-114.636     ts77     dynamics     sesquiterpene     TS     runpoint      4     runisomer      179
6 -0.0240582 0.6063017 -0.0029205
1 -0.2630435 1.3258671 0.9759047
1 -0.3701483 1.0674702 -0.8706596
1 0.9150710 -0.1766578 0.1412135
8 -0.0276668 -0.7316217 -0.0133372
5
-114.638     ts77     dynamics     sesquiterpene     TS     runpoint      5     runisomer      179
6 -0.0263357 0.6060842 -0.0030170
1 -0.2697779 1.3200631 0.9442025
1 -0.3954696 1.0548116 -0.8420062
1 0.9740068 -0.2405264 0.1679302
8 -0.0276519 -0.7262710 -0.0147560
5
-114.643     ts77     dynamics     sesquiterpene     TS     runpoint      6     runisomer      179
6 -0.0295495 0.6094772 -0.0004512
1 -0.2699565 1.2923797 0.8973468
1 -0.4280898 1.0550822 -0.8384821
1 1.0266787 -0.3224307 0.1927433
8 -0.0264936 -0.7219288 -0.0155138
5
-114.652     ts77     dynamics     sesquiterpene     TS     runpoint      7     runisomer      179
6 -0.0337390 0.6164764 0.0036764
1 -0.2644808 1.2480995 0.8447572
1 -0.4674499 1.0657374 -0.8571741
1 1.0571007 -0.4277607 0.2134156
8 -0.0231342 -0.7184252 -0.0154214
5
-114.664     ts77     dynamics     sesquiterpene     TS     runpoint      8     runisomer      179
6 -0.0392744 0.6266216 0.0069165
1 -0.2566322 1.1991979 0.8036489
1 -0.5086671 1.0799908 -0.8866038
1 1.0551801 -0.5595374 0.2283356
8 -0.0167584 -0.7155509 -0.0143473
5
-114.676     ts77     dynamics     sesquiterpene     TS     runpoint      9     runisomer      179
6 -0.0461782 0.6384310 0.0062692
1 -0.2522436 1.1637050 0.7984098
1 -0.5460291 1.0915836 -0.9146013
1 1.0176601 -0.7144356 0.2368070
8 -0.0071366 -0.7131449 -0.0122995
5
-114.689     ts77     dynamics     sesquiterpene     TS     runpoint      10     runisomer      179
6 -0.0541629 0.6504929 -0.0000032
1 -0.2550268 1.1524053 0.8433178
1 -0.5754956 1.0967062 -0.9323532
1 0.9501545 -0.8830011 0.2399615
8 0.0051386 -0.7111843 -0.0095037
5
-114.707     ts77     dynamics     sesquiterpene     TS     runpoint      11     runisomer      179
6 -0.0630777 0.6627193 -0.0106272
1 -0.2617356 1.1569404 0.9224077
1 -0.5953754 1.0936956 -0.9352731
1 0.8694618 -1.0550328 0.2418905
8 0.0185867 -0.7096132 -0.0064539
5
-114.715     ts77     dynamics     sesquiterpene     TS     runpoint      12     runisomer      179
6 -0.0726566 0.6753803 -0.0227448
1 -0.2671528 1.1631569 1.0058428
1 -0.6063511 1.0826671 -0.9231448
1 0.7941995 -1.2250440 0.2477185
8 0.0315483 -0.7080966 -0.0037509
5
-114.707     ts77     dynamics     sesquiterpene     TS     runpoint      13     runisomer      179
6 -0.0823017 0.6882234 -0.0337682
1 -0.2686405 1.1629614 1.0714882
1 -0.6117082 1.0656509 -0.9004683
1 0.7253700 -1.3852213 0.2577523
8 0.0435514 -0.7065562 -0.0016781
5
-114.689     ts77     dynamics     sesquiterpene     TS     runpoint      14     runisomer      179
6 -0.0912016 0.7005668 -0.0416554
1 -0.2657504 1.1538776 1.1076459
1 -0.6174988 1.0466160 -0.8764480
1 0.6524514 -1.5194009 0.2679559
8 0.0550038 -0.7055913 -0.0001949
5
-114.666     ts77     dynamics     sesquiterpene     TS     runpoint      15     runisomer      179
6 -0.0985354 0.7116044 -0.0448384
1 -0.2590215 1.1362907 1.1094957
1 -0.6312588 1.0302383 -0.8624542
1 0.5693183 -1.6125756 0.2750851
8 0.0661856 -0.7058611 0.0007464
5
-114.651     ts77     dynamics     sesquiterpene     TS     runpoint      16     runisomer      179
6 -0.1038396 0.7206948 -0.0426118
1 -0.2494246 1.1120515 1.0769819
1 -0.6578268 1.0191259 -0.8652286
1 0.4755325 -1.6567862 0.2781440
8 0.0771436 -0.7076687 0.0011071
5
-114.651     ts77     dynamics     sesquiterpene     TS     runpoint      17     runisomer      179
6 -0.1073492 0.7274387 -0.0356982
1 -0.2383153 1.0845163 1.0156929
1 -0.6951109 1.0121340 -0.8810675
1 0.3734757 -1.6519602 0.2781605
8 0.0878558 -0.7108577 0.0007790
5
-114.661     ts77     dynamics     sesquiterpene     TS     runpoint      18     runisomer      179
6 -0.1097880 0.7313481 -0.0263502
1 -0.2278349 1.0598540 0.9412525
1 -0.7354375 1.0062233 -0.8989771
1 0.2674692 -1.6090989 0.2789820
8 0.0982455 -0.7145659 -0.0004665
5
-114.663     ts77     dynamics     sesquiterpene     TS     runpoint      19     runisomer      179
6 -0.1118327 0.7314770 -0.0181486
1 -0.2215215 1.0488739 0.8847222
1 -0.7705423 0.9990562 -0.9082593
1 0.1624503 -1.5570745 0.2900264
8 0.1082113 -0.7167985 -0.0031690
5
-114.65     ts77     dynamics     sesquiterpene     TS     runpoint      20     runisomer      179
6 -0.1139041 0.7267006 -0.0146815
1 -0.2231226 1.0639626 0.8815414
1 -0.7948192 0.9897819 -0.9026309
1 0.0570955 -1.5358622 0.3263750
8 0.1180331 -0.7149202 -0.0082153
5
-114.655     ts77     dynamics     sesquiterpene     TS     runpoint      21     runisomer      179
6 -0.1164753 0.7170356 -0.0160848
1 -0.2320295 1.1053201 0.9314708
1 -0.8062724 0.9787947 -0.8809314
1 -0.0577620 -1.5470404 0.3917653
8 0.1284815 -0.7088790 -0.0157965
5
-114.681     ts77     dynamics     sesquiterpene     TS     runpoint      22     runisomer      179
6 -0.1200351 0.7038508 -0.0191994
1 -0.2435211 1.1588357 0.9995272
1 -0.8064960 0.9675186 -0.8465523
1 -0.1813526 -1.5508843 0.4696307
8 0.1396786 -0.7014070 -0.0248221
5
-114.689     ts77     dynamics     sesquiterpene     TS     runpoint      23     runisomer      179
6 -0.1246488 0.6885577 -0.0210684
1 -0.2535564 1.2101798 1.0560110
1 -0.8004513 0.9583913 -0.8066470
1 -0.3033537 -1.5200520 0.5422065
8 0.1510797 -0.6945367 -0.0340664
5
-114.682     ts77     dynamics     sesquiterpene     TS     runpoint      24     runisomer      179
6 -0.1299041 0.6721067 -0.0199120
1 -0.2598772 1.2501877 1.0865765
1 -0.7956994 0.9546550 -0.7708425
1 -0.4131862 -1.4475692 0.5982729
8 0.1620428 -0.6890478 -0.0426477
5
-114.674     ts77     dynamics     sesquiterpene     TS     runpoint      25     runisomer      179
6 -0.1352295 0.6552168 -0.0148981
1 -0.2612803 1.2735772 1.0865054
1 -0.7995302 0.9592454 -0.7478520
1 -0.5023940 -1.3369765 0.6313653
8 0.1719903 -0.6851082 -0.0499390
5
-114.673     ts77     dynamics     sesquiterpene     TS     runpoint      26     runisomer      179
6 -0.1403692 0.6387631 -0.0061431
1 -0.2570925 1.2773660 1.0561960
1 -0.8142484 0.9726435 -0.7405402
1 -0.5643775 -1.1966432 0.6378721
8 0.1804152 -0.6826893 -0.0554683
5
-114.681     ts77     dynamics     sesquiterpene     TS     runpoint      27     runisomer      179
6 -0.1455651 0.6239551 0.0052953
1 -0.2469993 1.2605339 0.9998769
1 -0.8354442 0.9916844 -0.7445388
1 -0.5947333 -1.0382856 0.6168289
8 0.1869259 -0.6816967 -0.0589226
5
-114.692     ts77     dynamics     sesquiterpene     TS     runpoint      28     runisomer      179
6 -0.1512806 0.6120616 0.0176656
1 -0.2310596 1.2254124 0.9270036
1 -0.8556128 1.0110776 -0.7523690
1 -0.5938364 -0.8771336 0.5717374
8 0.1914246 -0.6819377 -0.0602779
5
-114.693     ts77     dynamics     sesquiterpene     TS     runpoint      29     runisomer      179
6 -0.1578508 0.6037774 0.0285884
1 -0.2097484 1.1813488 0.8562244
1 -0.8683776 1.0259639 -0.7578400
1 -0.5725998 -0.7311169 0.5143107
8 0.1944779 -0.6830851 -0.0600496
5
-114.674     ts77     dynamics     sesquiterpene     TS     runpoint      30     runisomer      179
6 -0.1653585 0.5987131 0.0349532
1 -0.1834489 1.1479859 0.8180846
1 -0.8701306 1.0333275 -0.7574669
1 -0.5569743 -0.6162129 0.4660589
8 0.1975797 -0.6848884 -0.0594063
5
-114.644     ts77     dynamics     sesquiterpene     TS     runpoint      31     runisomer      179
6 -0.1737651 0.5961800 0.0343005
1 -0.1507961 1.1444343 0.8389784
1 -0.8601392 1.0323005 -0.7503238
1 -0.5742366 -0.5399819 0.4463243
8 0.2022877 -0.6875029 -0.0594403
5
-114.639     ts77     dynamics     sesquiterpene     TS     runpoint      32     runisomer      179
6 -0.1829307 0.5968266 0.0277644
1 -0.1098373 1.1653419 0.9078211
1 -0.8405598 1.0243913 -0.7383264
1 -0.6257152 -0.5031640 0.4543730
8 0.2085944 -0.6911276 -0.0601370
5
-114.652     ts77     dynamics     sesquiterpene     TS     runpoint      33     runisomer      179
6 -0.1923475 0.6013801 0.0190650
1 -0.0625049 1.1909566 0.9895075
1 -0.8166695 1.0139190 -0.7269831
1 -0.6926714 -0.5017005 0.4763946
8 0.2153900 -0.6955909 -0.0608604
5
-114.654     ts77     dynamics     sesquiterpene     TS     runpoint      34     runisomer      179
6 -0.2012149 0.6091785 0.0116613
1 -0.0134517 1.2082886 1.0570946
1 -0.7963389 1.0075434 -0.7250693
1 -0.7558629 -0.5267446 0.4991187
8 0.2216519 -0.7005549 -0.0611164
5
-114.643     ts77     dynamics     sesquiterpene     TS     runpoint      35     runisomer      179
6 -0.2087472 0.6189349 0.0077902
1 0.0326930 1.2125011 1.0966680
1 -0.7866036 1.0114107 -0.7406804
1 -0.8014921 -0.5696056 0.5135138
8 0.2266568 -0.7056833 -0.0606285
5
-114.634     ts77     dynamics     sesquiterpene     TS     runpoint      36     runisomer      179
6 -0.2145679 0.6297824 0.0081866
1 0.0722279 1.2028873 1.1023396
1 -0.7882042 1.0269774 -0.7742933
1 -0.8203781 -0.6254160 0.5141811
8 0.2298239 -0.7106799 -0.0592083
5
-114.634     ts77     dynamics     sesquiterpene     TS     runpoint      37     runisomer      179
6 -0.2187690 0.6415463 0.0122166
1 0.1024824 1.1807374 1.0728810
1 -0.7948553 1.0502605 -0.8169393
1 -0.8062339 -0.6934810 0.4981278
8 0.2305975 -0.7152895 -0.0566760
5
-114.647     ts77     dynamics     sesquiterpene     TS     runpoint      38     runisomer      179
6 -0.2215927 0.6542854 0.0185084
1 0.1221745 1.1492115 1.0113165
1 -0.7983797 1.0754045 -0.8563107
1 -0.7554076 -0.7755020 0.4642138
8 0.2284959 -0.7192788 -0.0528986
5
-114.669     ts77     dynamics     sesquiterpene     TS     runpoint      39     runisomer      179
6 -0.2233666 0.6676652 0.0253362
1 0.1328434 1.1148367 0.9276607
1 -0.7927938 1.0977753 -0.8826227
1 -0.6699034 -0.8727727 0.4141977
8 0.2234154 -0.7224338 -0.0479414
5
-114.689     ts77     dynamics     sesquiterpene     TS     runpoint      40     runisomer      179
6 -0.2248298 0.6804803 0.0303951
1 0.1420294 1.0902177 0.8444308
1 -0.7751872 1.1147747 -0.8904472
1 -0.5662216 -0.9857144 0.3567846
8 0.2162912 -0.7244543 -0.0423814
5
-114.687     ts77     dynamics     sesquiterpene     TS     runpoint      41     runisomer      179
6 -0.2273513 0.6906203 0.0308686
1 0.1653363 1.0937370 0.7959334
1 -0.7454889 1.1256463 -0.8788938
1 -0.4850866 -1.1216774 0.3120747
8 0.2097299 -0.7244035 -0.0375907
5
-114.68     ts77     dynamics     sesquiterpene     TS     runpoint      42     runisomer      179
6 -0.2318407 0.6964386 0.0259249
1 0.2140741 1.1347509 0.7987888
1 -0.7066025 1.1315189 -0.8524671
1 -0.4531815 -1.2922177 0.2919197
8 0.2055666 -0.7209808 -0.0344563
5
-114.701     ts77     dynamics     sesquiterpene     TS     runpoint      43     runisomer      179
6 -0.2372045 0.6981818 0.0187100
1 0.2782294 1.1995146 0.8287293
1 -0.6648067 1.1361527 -0.8224461
1 -0.4366896 -1.4711130 0.2777954
8 0.2018756 -0.7153919 -0.0319302
5
-114.699     ts77     dynamics     sesquiterpene     TS     runpoint      44     runisomer      179
6 -0.2415214 0.6966330 0.0132753
1 0.3403492 1.2677188 0.8552331
1 -0.6284858 1.1459946 -0.8053222
1 -0.4088122 -1.6218748 0.2556415
8 0.1971548 -0.7096507 -0.0292046
5
-114.672     ts77     dynamics     sesquiterpene     TS     runpoint      45     runisomer      179
6 -0.2435661 0.6922295 0.0120748
1 0.3892550 1.3256997 0.8624171
1 -0.6033527 1.1663336 -0.8138860
1 -0.3648022 -1.7258365 0.2228999
8 0.1912513 -0.7047345 -0.0261540
5
-114.649     ts77     dynamics     sesquiterpene     TS     runpoint      46     runisomer      179
6 -0.2432165 0.6856162 0.0153653
1 0.4199892 1.3659961 0.8452512
1 -0.5878862 1.1949142 -0.8461492
1 -0.3078234 -1.7762221 0.1811221
8 0.1844874 -0.7009412 -0.0228749
5
-114.641     ts77     dynamics     sesquiterpene     TS     runpoint      47     runisomer      179
6 -0.2410516 0.6778403 0.0219164
1 0.4312604 1.3846601 0.8039746
1 -0.5759472 1.2226124 -0.8881474
1 -0.2422658 -1.7704326 0.1325325
8 0.1772684 -0.6983964 -0.0194811
5
-114.647     ts77     dynamics     sesquiterpene     TS     runpoint      48     runisomer      179
6 -0.2377921 0.6698975 0.0301967
1 0.4242898 1.3801005 0.7417157
1 -0.5622067 1.2400703 -0.9256222
1 -0.1725414 -1.7081376 0.0793212
8 0.1700008 -0.6971780 -0.0160563
5
-114.665     ts77     dynamics     sesquiterpene     TS     runpoint      49     runisomer      179
6 -0.2340919 0.6622964 0.0388090
1 0.4031809 1.3537536 0.6646844
1 -0.5441699 1.2412797 -0.9495448
1 -0.1052842 -1.5988654 0.0241497
8 0.1631795 -0.6967787 -0.0126790
5
-114.678     ts77     dynamics     sesquiterpene     TS     runpoint      50     runisomer      179
6 -0.2307025 0.6547641 0.0463015
1 0.3770103 1.3127232 0.5841116
1 -0.5219291 1.2236271 -0.9559065
1 -0.0562044 -1.4883049 -0.0300869
8 0.1577913 -0.6943999 -0.0094044
5
-114.653     ts77     dynamics     sesquiterpene     TS     runpoint      51     runisomer      179
6 -0.2288727 0.6461107 0.0509820
1 0.3628548 1.2732052 0.5176571
1 -0.4975121 1.1873141 -0.9447005
1 -0.0540423 -1.4819447 -0.0882645
8 0.1556335 -0.6835338 -0.0057668
5
-114.652     ts77     dynamics     sesquiterpene     TS     runpoint      52     runisomer      179
6 -0.2302226 0.6349580 0.0514658
1 0.3815312 1.2558241 0.4832189
1 -0.4744482 1.1355077 -0.9200169
1 -0.0951949 -1.5700326 -0.1599767
8 0.1566083 -0.6652600 -0.0009957
5
-114.677     ts77     dynamics     sesquiterpene     TS     runpoint      53     runisomer      179
6 -0.2350773 0.6216026 0.0481201
1 0.4369972 1.2642042 0.4829399
1 -0.4574197 1.0747140 -0.8909560
1 -0.1517549 -1.6497238 -0.2359015
8 0.1592440 -0.6469196 0.0044856
5
-114.675     ts77     dynamics     sesquiterpene     TS     runpoint      54     runisomer      179
6 -0.2418334 0.6080286 0.0431289
1 0.5100955 1.2810424 0.5027359
1 -0.4515584 1.0146039 -0.8718349
1 -0.2101792 -1.6800639 -0.3068931
8 0.1630173 -0.6321011 0.0102527
