5
-114.654160 ts77 dynamics sesquiterpene TS runpoint 1  runisomer  1
6 -0.0396213 0.6343584 0.0168280
1 -0.1899624 1.2883696 0.8811579
1 -0.2219093 1.0952336 -0.9387222
1 0.8700744 -0.0446523 0.0166542
8 -0.0271003 -0.7603750 -0.0100479
5
-114.646 ts77 dynamics sesquiterpene TS runpoint 2  runisomer  1
6 -0.0407163 0.634657 0.0132797
1 -0.209917 1.25826 0.893834
1 -0.198868 1.01829 -0.888471
1 0.924684 -0.0436554 -0.0088236
8 -0.0299141 -0.753916 -0.00974551
5
-114.643     ts77     dynamics     sesquiterpene     TS     runpoint      3     runisomer      1
6 -0.0413518 0.6342054 0.0120254
1 -0.2316919 1.2223121 0.9074327
1 -0.1845183 0.9623827 -0.8743954
1 0.9953535 -0.0402035 -0.0337961
8 -0.0334221 -0.7480068 -0.0089754
5
-114.636     ts77     dynamics     sesquiterpene     TS     runpoint      4     runisomer      1
6 -0.0401967 0.6316036 0.0147933
1 -0.2552300 1.1835737 0.9208777
1 -0.1830411 0.9383171 -0.9175570
1 1.0667889 -0.0284089 -0.0571597
8 -0.0373999 -0.7428414 -0.0077074
5
-114.64     ts77     dynamics     sesquiterpene     TS     runpoint      5     runisomer      1
6 -0.0366247 0.6268380 0.0196625
1 -0.2806098 1.1455375 0.9339981
1 -0.1914825 0.9401187 -0.9964404
1 1.1288680 -0.0016699 -0.0776068
8 -0.0418610 -0.7386664 -0.0059282
5
-114.644     ts77     dynamics     sesquiterpene     TS     runpoint      6     runisomer      1
6 -0.0304024 0.6202417 0.0235372
1 -0.3075944 1.1112678 0.9467394
1 -0.2045983 0.9571457 -1.0752239
1 1.1768796 0.0465515 -0.0938485
8 -0.0470286 -0.7356680 -0.0036493
5
-114.642     ts77     dynamics     sesquiterpene     TS     runpoint      7     runisomer      1
6 -0.0214586 0.6119614 0.0245756
1 -0.3351407 1.0825651 0.9578451
1 -0.2187257 0.9820293 -1.1312231
1 1.2094294 0.1209962 -0.1047382
8 -0.0531644 -0.7339042 -0.0009127
5
-114.643     ts77     dynamics     sesquiterpene     TS     runpoint      8     runisomer      1
6 -0.0099006 0.6022255 0.0222054
1 -0.3613871 1.0598025 0.9645216
1 -0.2318316 1.0100891 -1.1545581
1 1.2257489 0.2230852 -0.1092778
8 -0.0603850 -0.7333652 0.0022019
5
-114.65     ts77     dynamics     sesquiterpene     TS     runpoint      9     runisomer      1
6 0.0040251 0.5915895 0.0165638
1 -0.3841166 1.0424168 0.9633287
1 -0.2428925 1.0378034 -1.1424571
1 1.2246090 0.3507792 -0.1066645
8 -0.0686329 -0.7340801 0.0055828
5
-114.664     ts77     dynamics     sesquiterpene     TS     runpoint      10     runisomer      1
6 0.0199222 0.5809590 0.0081497
1 -0.4013969 1.0295336 0.9515184
1 -0.2515853 1.0621179 -1.0962806
1 1.2056009 0.4989117 -0.0965118
8 -0.0777267 -0.7361560 0.0090915
5
-114.682     ts77     dynamics     sesquiterpene     TS     runpoint      11     runisomer      1
6 0.0371653 0.5714422 -0.0022875
1 -0.4121108 1.0203492 0.9281117
1 -0.2583901 1.0805678 -1.0212593
1 1.1715629 0.6598390 -0.0791206
8 -0.0874166 -0.7397375 0.0125761
5
-114.654160 ts77 dynamics sesquiterpene TS runpoint 1  runisomer  1
6 -0.0396213 0.6343584 0.0168280
1 -0.1899624 1.2883696 0.8811579
1 -0.2219093 1.0952336 -0.9387222
1 0.8700744 -0.0446523 0.0166542
8 -0.0271003 -0.7603750 -0.0100479
5
-114.646 ts77 dynamics sesquiterpene TS runpoint 2  runisomer  1
6 -0.0395147 0.635248 0.0198552
1 -0.17214 1.31043 0.870847
1 -0.246645 1.17476 -0.991874
1 0.846962 -0.0478971 0.042065
8 -0.0252884 -0.767239 -0.00992123
5
-114.638     ts77     dynamics     sesquiterpene     TS     runpoint      3     runisomer      1
6 -0.0411243 0.6384428 0.0206517
1 -0.1569570 1.3232112 0.8641977
1 -0.2682310 1.2432390 -1.0280424
1 0.8619995 -0.0557092 0.0673350
8 -0.0246251 -0.7742641 -0.0094127
5
-114.632     ts77     dynamics     sesquiterpene     TS     runpoint      4     runisomer      1
6 -0.0442177 0.6439476 0.0185218
1 -0.1449774 1.3264356 0.8623386
1 -0.2842552 1.2931518 -1.0391092
1 0.9082756 -0.0673104 0.0921262
8 -0.0249650 -0.7810108 -0.0085621
5
-114.63     ts77     dynamics     sesquiterpene     TS     runpoint      5     runisomer      1
6 -0.0480005 0.6511282 0.0133469
1 -0.1366410 1.3205018 0.8661845
1 -0.2937626 1.3207515 -1.0230634
1 0.9701215 -0.0802334 0.1152810
8 -0.0259505 -0.7869484 -0.0073912
5
-114.631     ts77     dynamics     sesquiterpene     TS     runpoint      6     runisomer      1
6 -0.0516331 0.6592387 0.0053889
1 -0.1321130 1.3060229 0.8761675
1 -0.2966855 1.3247087 -0.9814308
1 1.0314601 -0.0921061 0.1351837
8 -0.0271932 -0.7916212 -0.0059259
5
-114.632     ts77     dynamics     sesquiterpene     TS     runpoint      7     runisomer      1
6 -0.0544647 0.6675839 -0.0046756
1 -0.1312315 1.2834793 0.8918641
1 -0.2939045 1.3064101 -0.9196168
1 1.0803861 -0.1013424 0.1503644
8 -0.0283831 -0.7947252 -0.0042146
5
-114.633     ts77     dynamics     sesquiterpene     TS     runpoint      8     runisomer      1
6 -0.0559819 0.6753040 -0.0155032
1 -0.1335747 1.2531927 0.9117406
1 -0.2880978 1.2722752 -0.8498695
1 1.1096040 -0.1072446 0.1597603
8 -0.0293054 -0.7960845 -0.0023311
5
-114.63     ts77     dynamics     sesquiterpene     TS     runpoint      9     runisomer      1
6 -0.0556104 0.6809785 -0.0247348
1 -0.1385981 1.2156808 0.9332339
1 -0.2853074 1.2374611 -0.7956053
1 1.1153356 -0.1099891 0.1627218
8 -0.0298051 -0.7956113 -0.0003646
5
-114.62     ts77     dynamics     sesquiterpene     TS     runpoint      10     runisomer      1
6 -0.0526936 0.6827591 -0.0294539
1 -0.1458154 1.1721913 0.9533391
1 -0.2944667 1.2232732 -0.7868100
1 1.0964669 -0.1104807 0.1589796
8 -0.0297725 -0.7932798 0.0015901
5
-114.62     ts77     dynamics     sesquiterpene     TS     runpoint      11     runisomer      1
6 -0.0471660 0.6800756 -0.0287159
1 -0.1549779 1.1250967 0.9697457
1 -0.3189885 1.2364421 -0.8312666
1 1.0545181 -0.1101307 0.1486903
8 -0.0291558 -0.7891501 0.0034518
5
-114.636     ts77     dynamics     sesquiterpene     TS     runpoint      12     runisomer      1
6 -0.0400272 0.6743916 -0.0246479
1 -0.1661626 1.0778084 0.9817429
1 -0.3512940 1.2606820 -0.9025308
1 0.9943614 -0.1109615 0.1325601
8 -0.0279824 -0.7833792 0.0051506
5
-114.646     ts77     dynamics     sesquiterpene     TS     runpoint      13     runisomer      1
6 -0.0326690 0.6674576 -0.0198314
1 -0.1796509 1.0341739 0.9900773
1 -0.3818091 1.2786129 -0.9708681
1 0.9253847 -0.1161662 0.1120015
8 -0.0263843 -0.7762271 0.0066137
5
-114.644     ts77     dynamics     sesquiterpene     TS     runpoint      14     runisomer      1
6 -0.0264478 0.6606205 -0.0159057
1 -0.1956450 0.9977391 0.9961197
1 -0.4046253 1.2814929 -1.0188584
1 0.8622914 -0.1304216 0.0891343
8 -0.0246309 -0.7680823 0.0077539
5
-114.636     ts77     dynamics     sesquiterpene     TS     runpoint      15     runisomer      1
6 -0.0225882 0.6550378 -0.0136770
1 -0.2139955 0.9711872 1.0008554
1 -0.4170244 1.2666009 -1.0387257
1 0.8231176 -0.1590661 0.0662829
8 -0.0231216 -0.7594740 0.0084758
5
-114.63     ts77     dynamics     sesquiterpene     TS     runpoint      16     runisomer      1
6 -0.0219054 0.6516033 -0.0133600
1 -0.2341217 0.9561513 1.0042322
1 -0.4182275 1.2343203 -1.0281730
1 0.8224651 -0.2059563 0.0449866
8 -0.0222499 -0.7509580 0.0087032
5
-114.635     ts77     dynamics     sesquiterpene     TS     runpoint      17     runisomer      1
6 -0.0245432 0.6506120 -0.0146987
1 -0.2551619 0.9533183 1.0051951
1 -0.4089770 1.1872358 -0.9889370
1 0.8628988 -0.2731632 0.0254267
8 -0.0220763 -0.7428316 0.0084076
5
-114.653     ts77     dynamics     sesquiterpene     TS     runpoint      18     runisomer      1
6 -0.0300571 0.6517022 -0.0169214
1 -0.2762208 0.9625762 1.0022016
1 -0.3921920 1.1309549 -0.9284176
1 0.9311401 -0.3639056 0.0070176
8 -0.0219699 -0.7349668 0.0076115
5
-114.671     ts77     dynamics     sesquiterpene     TS     runpoint      19     runisomer      1
6 -0.0375885 0.6539689 -0.0184393
1 -0.2965677 0.9830608 0.9939203
1 -0.3748575 1.0762836 -0.8644745
1 1.0036628 -0.4818479 -0.0105812
8 -0.0206997 -0.7270800 0.0063545
5
-114.678     ts77     dynamics     sesquiterpene     TS     runpoint      20     runisomer      1
6 -0.0458810 0.6559965 -0.0166544
1 -0.3157602 1.0132414 0.9799388
1 -0.3692473 1.0399443 -0.8286337
1 1.0577996 -0.6262002 -0.0271798
8 -0.0170354 -0.7191152 0.0046870
5
-114.678     ts77     dynamics     sesquiterpene     TS     runpoint      21     runisomer      1
6 -0.0537789 0.6566175 -0.0095693
1 -0.3337644 1.0511753 0.9614485
1 -0.3854800 1.0344795 -0.8475374
1 1.0784944 -0.7894518 -0.0423664
8 -0.0102569 -0.7113372 0.0026875
5
-114.69     ts77     dynamics     sesquiterpene     TS     runpoint      22     runisomer      1
6 -0.0612617 0.6561860 0.0013335
1 -0.3510392 1.0947864 0.9414007
1 -0.4181179 1.0531519 -0.9087822
1 1.0589608 -0.9592263 -0.0557291
8 -0.0002681 -0.7042367 0.0004763
5
-114.704     ts77     dynamics     sesquiterpene     TS     runpoint      23     runisomer      1
6 -0.0688710 0.6557912 0.0127198
1 -0.3682258 1.1417932 0.9231922
1 -0.4536345 1.0800090 -0.9786961
1 0.9994418 -1.1215488 -0.0669018
8 0.0125109 -0.6983641 -0.0018059
5
-114.703     ts77     dynamics     sesquiterpene     TS     runpoint      24     runisomer      1
6 -0.0768101 0.6561551 0.0221980
1 -0.3855400 1.1892724 0.9088118
1 -0.4826955 1.1037587 -1.0333937
1 0.9061156 -1.2639120 -0.0756221
8 0.0272690 -0.6941522 -0.0040111
5
-114.692     ts77     dynamics     sesquiterpene     TS     runpoint      25     runisomer      1
6 -0.0849874 0.6576117 0.0286408
1 -0.4024250 1.2333722 0.8981803
1 -0.5010226 1.1186124 -1.0616439
1 0.7897991 -1.3780609 -0.0818530
8 0.0429511 -0.6917641 -0.0059984
5
-114.68     ts77     dynamics     sesquiterpene     TS     runpoint      26     runisomer      1
6 -0.0932635 0.6602925 0.0316814
1 -0.4177679 1.2697125 0.8899476
1 -0.5071391 1.1218741 -1.0595179
1 0.6636833 -1.4623452 -0.0859209
8 0.0584585 -0.6909564 -0.0076337
5
-114.67     ts77     dynamics     sesquiterpene     TS     runpoint      27     runisomer      1
6 -0.1015755 0.6641652 0.0313448
1 -0.4304217 1.2943154 0.8828029
1 -0.5010810 1.1126367 -1.0272879
1 0.5397629 -1.5225305 -0.0885589
8 0.0729180 -0.6910329 -0.0087925
5
-114.665     ts77     dynamics     sesquiterpene     TS     runpoint      28     runisomer      1
6 -0.1099169 0.6689773 0.0279774
1 -0.4396144 1.3044900 0.8763610
1 -0.4843163 1.0918105 -0.9694296
1 0.4246156 -1.5688721 -0.0906960
8 0.0859532 -0.6910485 -0.0093683
5
-114.664     ts77     dynamics     sesquiterpene     TS     runpoint      29     runisomer      1
6 -0.1181950 0.6741429 0.0224753
1 -0.4451042 1.2993473 0.8714375
1 -0.4608411 1.0634947 -0.8977365
1 0.3171597 -1.6089463 -0.0929766
8 0.0978001 -0.6902883 -0.0093006
5
-114.663     ts77     dynamics     sesquiterpene     TS     runpoint      30     runisomer      1
6 -0.1259950 0.6785508 0.0167628
1 -0.4472097 1.2798919 0.8698480
1 -0.4392262 1.0374329 -0.8368083
1 0.2110931 -1.6421801 -0.0954696
8 0.1091048 -0.6886294 -0.0085947
5
-114.655     ts77     dynamics     sesquiterpene     TS     runpoint      31     runisomer      1
6 -0.1325844 0.6806337 0.0136272
1 -0.4468109 1.2487945 0.8739390
1 -0.4318254 1.0283006 -0.8217617
1 0.0998089 -1.6619325 -0.0979144
8 0.1205683 -0.6864081 -0.0072918
5
-114.653     ts77     dynamics     sesquiterpene     TS     runpoint      32     runisomer      1
6 -0.1378018 0.6794880 0.0141101
1 -0.4453075 1.2098879 0.8860871
1 -0.4435402 1.0428515 -0.8668263
1 -0.0206759 -1.6610443 -0.1000756
8 0.1327169 -0.6840652 -0.0054422
5
-114.669     ts77     dynamics     sesquiterpene     TS     runpoint      33     runisomer      1
6 -0.1425840 0.6756588 0.0158488
1 -0.4442792 1.1672993 0.9077912
1 -0.4652099 1.0713785 -0.9445764
1 -0.1512302 -1.6347868 -0.1018427
8 0.1458305 -0.6819560 -0.0031016
5
-114.684     ts77     dynamics     sesquiterpene     TS     runpoint      34     runisomer      1
6 -0.1479154 0.6700797 0.0161501
1 -0.4447105 1.1242482 0.9380149
1 -0.4862233 1.1013499 -1.0205998
1 -0.2897476 -1.5807846 -0.1031328
8 0.1599096 -0.6803441 -0.0003589
5
-114.69     ts77     dynamics     sesquiterpene     TS     runpoint      35     runisomer      1
6 -0.1542993 0.6634826 0.0138370
1 -0.4465190 1.0824258 0.9723309
1 -0.5010327 1.1252523 -1.0744472
1 -0.4309276 -1.4981348 -0.1036861
8 0.1746428 -0.6794681 0.0026435
5
-114.692     ts77     dynamics     sesquiterpene     TS     runpoint      36     runisomer      1
6 -0.1618548 0.6564806 0.0089260
1 -0.4488901 1.0425127 1.0040981
1 -0.5076598 1.1394173 -1.0970291
1 -0.5660064 -1.3875162 -0.1029195
8 0.1893905 -0.6795569 0.0057036
5
-114.693     ts77     dynamics     sesquiterpene     TS     runpoint      37     runisomer      1
6 -0.1704335 0.6496494 0.0019810
1 -0.4510133 1.0050827 1.0267720
1 -0.5058143 1.1421996 -1.0855719
1 -0.6836791 -1.2525576 -0.1000240
8 0.2032599 -0.6807467 0.0085839
5
-114.693     ts77     dynamics     sesquiterpene     TS     runpoint      38     runisomer      1
6 -0.1796871 0.6435169 -0.0062403
1 -0.4525494 0.9710951 1.0357494
1 -0.4962010 1.1334260 -1.0416156
1 -0.7727573 -1.1010155 -0.0942537
8 0.2153066 -0.6829957 0.0110557
5
-114.692     ts77     dynamics     sesquiterpene     TS     runpoint      39     runisomer      1
6 -0.1891120 0.6384648 -0.0147946
1 -0.4537068 0.9419795 1.0292891
1 -0.4808042 1.1151941 -0.9721478
1 -0.8253196 -0.9441635 -0.0852073
8 0.2247940 -0.6861008 0.0129370
5
-114.688     ts77     dynamics     sesquiterpene     TS     runpoint      40     runisomer      1
6 -0.1980559 0.6344458 -0.0222598
1 -0.4551186 0.9196210 1.0089591
1 -0.4639901 1.0943226 -0.8937727
1 -0.8391205 -0.7944876 -0.0729513
8 0.2314044 -0.6897881 0.0141106
5
-114.675     ts77     dynamics     sesquiterpene     TS     runpoint      41     runisomer      1
6 -0.2056908 0.6306085 -0.0264433
1 -0.4577207 0.9063324 0.9799526
1 -0.4534585 1.0852263 -0.8365150
1 -0.8195629 -0.6629046 -0.0580691
8 0.2354007 -0.6937846 0.0145347
5
-114.656     ts77     dynamics     sesquiterpene     TS     runpoint      42     runisomer      1
6 -0.2112589 0.6257461 -0.0254802
1 -0.4627610 0.9047014 0.9510242
1 -0.4563711 1.1040979 -0.8306807
1 -0.7810290 -0.5572235 -0.0416287
8 0.2376522 -0.6978772 0.0142356
5
-114.646     ts77     dynamics     sesquiterpene     TS     runpoint      43     runisomer      1
6 -0.2147235 0.6201783 -0.0205398
1 -0.4716778 0.9171056 0.9326874
1 -0.4697429 1.1490887 -0.8728678
1 -0.7449935 -0.4828870 -0.0248950
8 0.2393857 -0.7019955 0.0132930
5
-114.643     ts77     dynamics     sesquiterpene     TS     runpoint      44     runisomer      1
6 -0.2165771 0.6158128 -0.0148141
1 -0.4850689 0.9444987 0.9318090
1 -0.4833650 1.2015749 -0.9326141
1 -0.7325141 -0.4440882 -0.0087410
8 0.2416926 -0.7061948 0.0118032
5
-114.637     ts77     dynamics     sesquiterpene     TS     runpoint      45     runisomer      1
6 -0.2173321 0.6142758 -0.0103282
1 -0.5012631 0.9847421 0.9461898
1 -0.4897309 1.2454767 -0.9848580
1 -0.7532649 -0.4425830 0.0067304
8 0.2449896 -0.7104344 0.0098523
5
-114.636     ts77     dynamics     sesquiterpene     TS     runpoint      46     runisomer      1
6 -0.2176218 0.6160771 -0.0074871
1 -0.5166044 1.0325737 0.9662998
1 -0.4855844 1.2723803 -1.0168191
1 -0.8003014 -0.4749906 0.0217672
8 0.2488781 -0.7144476 0.0075236
5
-114.638     ts77     dynamics     sesquiterpene     TS     runpoint      47     runisomer      1
6 -0.2181529 0.6209232 -0.0059657
1 -0.5272995 1.0815759 0.9816901
1 -0.4701773 1.2789185 -1.0234468
1 -0.8555366 -0.5336664 0.0363184
8 0.2524612 -0.7178821 0.0049179
5
-114.64     ts77     dynamics     sesquiterpene     TS     runpoint      48     runisomer      1
6 -0.2193915 0.6283668 -0.0053251
1 -0.5308114 1.1260253 0.9851240
1 -0.4441356 1.2646457 -1.0041656
1 -0.8992657 -0.6112688 0.0499636
8 0.2547270 -0.7204741 0.0021502
5
-114.644     ts77     dynamics     sesquiterpene     TS     runpoint      49     runisomer      1
6 -0.2213389 0.6380644 -0.0051274
1 -0.5261940 1.1617399 0.9734814
1 -0.4091667 1.2317610 -0.9625461
1 -0.9155367 -0.7037889 0.0621832
8 0.2547193 -0.7220936 -0.0006531
5
-114.653     ts77     dynamics     sesquiterpene     TS     runpoint      50     runisomer      1
6 -0.2235252 0.6494984 -0.0047245
1 -0.5139253 1.1864885 0.9475647
1 -0.3682209 1.1865967 -0.9087524
1 -0.8933659 -0.8100283 0.0724985
8 0.2516095 -0.7226883 -0.0033572
5
-114.668     ts77     dynamics     sesquiterpene     TS     runpoint      51     runisomer      1
6 -0.2252271 0.6614206 -0.0028999
1 -0.4956709 1.2005499 0.9121041
1 -0.3254305 1.1419082 -0.8637326
1 -0.8276464 -0.9284313 0.0805247
8 0.2449006 -0.7222386 -0.0058301
5
-114.68     ts77     dynamics     sesquiterpene     TS     runpoint      52     runisomer      1
6 -0.2258419 0.6717891 0.0019157
1 -0.4742199 1.2074065 0.8759982
1 -0.2843180 1.1145334 -0.8566498
1 -0.7219884 -1.0547885 0.0862317
8 0.2347642 -0.7207593 -0.0079696
5
-114.692     ts77     dynamics     sesquiterpene     TS     runpoint      53     runisomer      1
6 -0.2252187 0.6789748 0.0096123
1 -0.4532480 1.2137506 0.8516444
1 -0.2446969 1.1113200 -0.8999823
1 -0.5937951 -1.1853991 0.0908201
8 0.2224023 -0.7181137 -0.0097643
5
-114.703     ts77     dynamics     sesquiterpene     TS     runpoint      54     runisomer      1
6 -0.2235440 0.6826463 0.0173125
1 -0.4359821 1.2268312 0.8503896
1 -0.2046010 1.1222617 -0.9718214
1 -0.4727580 -1.3245647 0.0975851
8 0.2099053 -0.7136094 -0.0113578
5
-114.704     ts77     dynamics     sesquiterpene     TS     runpoint      55     runisomer      1
6 -0.2211175 0.6831925 0.0222762
1 -0.4229762 1.2486680 0.8740191
1 -0.1640889 1.1346866 -1.0415124
1 -0.3725029 -1.4752059 0.1091054
8 0.1983958 -0.7066821 -0.0129008
5
-114.698     ts77     dynamics     sesquiterpene     TS     runpoint      56     runisomer      1
6 -0.2183334 0.6814086 0.0237477
1 -0.4118664 1.2737140 0.9123470
1 -0.1247018 1.1413309 -1.0893019
1 -0.2800857 -1.6160934 0.1235993
8 0.1873022 -0.6984584 -0.0143182
5
-114.68     ts77     dynamics     sesquiterpene     TS     runpoint      57     runisomer      1
6 -0.2155506 0.6781834 0.0222656
1 -0.3996288 1.2935724 0.9509942
1 -0.0881530 1.1392937 -1.1060798
1 -0.1866013 -1.7210369 0.1384369
8 0.1762504 -0.6905434 -0.0155143
5
-114.658     ts77     dynamics     sesquiterpene     TS     runpoint      58     runisomer      1
6 -0.2130104 0.6741916 0.0186879
1 -0.3842169 1.3017852 0.9786372
1 -0.0557943 1.1280852 -1.0893727
1 -0.0929754 -1.7759661 0.1524759
8 0.1654342 -0.6838935 -0.0165036
5
-114.646     ts77     dynamics     sesquiterpene     TS     runpoint      59     runisomer      1
6 -0.2108606 0.6698274 0.0138783
1 -0.3646777 1.2950807 0.9889249
1 -0.0282587 1.1089456 -1.0416391
1 -0.0032578 -1.7757657 0.1656159
8 0.1552020 -0.6789987 -0.0173747
5
-114.649     ts77     dynamics     sesquiterpene     TS     runpoint      60     runisomer      1
6 -0.2092356 0.6651756 0.0088336
1 -0.3408068 1.2730099 0.9800529
1 -0.0047641 1.0854753 -0.9714168
1 0.0789043 -1.7198653 0.1783554
8 0.1458204 -0.6761576 -0.0182546
5
-114.663     ts77     dynamics     sesquiterpene     TS     runpoint      61     runisomer      1
6 -0.2082878 0.6598129 0.0049523
1 -0.3131067 1.2377241 0.9546063
1 0.0179692 1.0652859 -0.8966048
1 0.1510575 -1.6163193 0.1925559
8 0.1373831 -0.6751590 -0.0193440
5
-114.673     ts77     dynamics     sesquiterpene     TS     runpoint      62     runisomer      1
6 -0.2082602 0.6526290 0.0039412
1 -0.2829706 1.1943272 0.9204281
1 0.0464413 1.0603967 -0.8443648
1 0.2131235 -1.4984048 0.2157408
8 0.1297569 -0.6741521 -0.0211808
5
-114.661     ts77     dynamics     sesquiterpene     TS     runpoint      63     runisomer      1
6 -0.2093297 0.6424641 0.0063801
1 -0.2523914 1.1513481 0.8916463
1 0.0869476 1.0801398 -0.8343860
1 0.2744674 -1.4382359 0.2701519
8 0.1222138 -0.6688485 -0.0252511
5
-114.658     ts77     dynamics     sesquiterpene     TS     runpoint      64     runisomer      1
6 -0.2111358 0.6294793 0.0102153
1 -0.2228918 1.1191751 0.8856816
1 0.1374591 1.1200266 -0.8572398
1 0.3482228 -1.4560990 0.3718899
8 0.1138786 -0.6584639 -0.0327195
5
-114.683     ts77     dynamics     sesquiterpene     TS     runpoint      65     runisomer      1
6 -0.2130080 0.6154079 0.0129017
1 -0.1945644 1.1037398 0.9115269
1 0.1891286 1.1665291 -0.8880798
1 0.4234440 -1.4779074 0.4948997
8 0.1055020 -0.6484870 -0.0421689
5
-114.683     ts77     dynamics     sesquiterpene     TS     runpoint      66     runisomer      1
6 -0.2144371 0.6026618 0.0138832
1 -0.1670530 1.1013850 0.9605293
1 0.2341572 1.2083125 -0.9084339
1 0.4872204 -1.4619285 0.6134616
8 0.0979838 -0.6424117 -0.0521778
5
-114.671     ts77     dynamics     sesquiterpene     TS     runpoint      67     runisomer      1
6 -0.2150715 0.5933728 0.0140123
1 -0.1410266 1.1032849 1.0148006
1 0.2680491 1.2390537 -0.9094285
1 0.5341314 -1.3999822 0.7140988
8 0.0917277 -0.6413990 -0.0619704
5
-114.663     ts77     dynamics     sesquiterpene     TS     runpoint      68     runisomer      1
6 -0.2146682 0.5888772 0.0142278
1 -0.1178480 1.1018917 1.0592311
1 0.2885161 1.2559201 -0.8882598
1 0.5620277 -1.2958238 0.7889977
8 0.0869160 -0.6455601 -0.0709818
5
-114.664     ts77     dynamics     sesquiterpene     TS     runpoint      69     runisomer      1
6 -0.2131199 0.5897461 0.0151172
1 -0.0986835 1.0929137 1.0850060
1 0.2945777 1.2582060 -0.8456872
1 0.5691473 -1.1567850 0.8319271
8 0.0837155 -0.6545473 -0.0786578
5
-114.676     ts77     dynamics     sesquiterpene     TS     runpoint      70     runisomer      1
6 -0.2104716 0.5958748 0.0169853
1 -0.0842749 1.0748454 1.0887425
1 0.2866712 1.2474074 -0.7856566
1 0.5544629 -0.9931971 0.8384283
8 0.0822440 -0.6676296 -0.0844848
5
-114.695     ts77     dynamics     sesquiterpene     TS     runpoint      71     runisomer      1
6 -0.2069888 0.6064197 0.0200344
1 -0.0750583 1.0483712 1.0717146
1 0.2678912 1.2288007 -0.7167721
1 0.5205696 -0.8200021 0.8103310
8 0.0823680 -0.6836097 -0.0882680
5
-114.707     ts77     dynamics     sesquiterpene     TS     runpoint      72     runisomer      1
6 -0.2033742 0.6197208 0.0245140
1 -0.0711034 1.0162661 1.0403585
1 0.2460361 1.2138061 -0.6545573
1 0.4776762 -0.6554889 0.7635717
8 0.0834856 -0.7009832 -0.0906255
5
-114.696     ts77     dynamics     sesquiterpene     TS     runpoint      73     runisomer      1
6 -0.2008404 0.6335520 0.0305398
1 -0.0717958 0.9835606 1.0074518
1 0.2332846 1.2191325 -0.6198096
1 0.4431335 -0.5132008 0.7289038
8 0.0846083 -0.7185959 -0.0930772
5
-114.672     ts77     dynamics     sesquiterpene     TS     runpoint      74     runisomer      1
6 -0.2003846 0.6462327 0.0371401
1 -0.0757891 0.9573012 0.9912562
1 0.2374597 1.2550240 -0.6247586
1 0.4284068 -0.3978583 0.7253280
8 0.0851824 -0.7359801 -0.0964695
5
-114.659     ts77     dynamics     sesquiterpene     TS     runpoint      75     runisomer      1
6 -0.2018312 0.6577157 0.0419849
1 -0.0820299 0.9440982 1.0071198
1 0.2530749 1.3127993 -0.6594347
1 0.4316915 -0.3161186 0.7421713
8 0.0854683 -0.7525493 -0.0999799
5
-114.653     ts77     dynamics     sesquiterpene     TS     runpoint      76     runisomer      1
6 -0.2042155 0.6689018 0.0435070
1 -0.0912013 0.9456287 1.0539029
1 0.2688448 1.3745406 -0.7031739
1 0.4476590 -0.2750745 0.7621722
8 0.0858339 -0.7675092 -0.1025731
5
-114.648     ts77     dynamics     sesquiterpene     TS     runpoint      77     runisomer      1
6 -0.2066249 0.6805652 0.0420087
1 -0.1049738 0.9582303 1.1142175
1 0.2768452 1.4263541 -0.7398742
1 0.4718458 -0.2767687 0.7741240
8 0.0864796 -0.7802060 -0.1036890
5
-114.643     ts77     dynamics     sesquiterpene     TS     runpoint      78     runisomer      1
6 -0.2085268 0.6930474 0.0385884
1 -0.1240258 0.9766640 1.1682228
1 0.2734644 1.4606230 -0.7608002
1 0.5003435 -0.3199348 0.7719445
8 0.0875236 -0.7901667 -0.1030685
5
-114.643     ts77     dynamics     sesquiterpene     TS     runpoint      79     runisomer      1
6 -0.2097448 0.7063478 0.0342304
1 -0.1476829 0.9965565 1.2018593
1 0.2578187 1.4741900 -0.7625991
1 0.5300834 -0.4019318 0.7535014
8 0.0890394 -0.7970830 -0.1006433
5
-114.651     ts77     dynamics     sesquiterpene     TS     runpoint      80     runisomer      1
6 -0.2103103 0.7201552 0.0296964
1 -0.1746024 1.0147828 1.2074972
1 0.2308563 1.4671861 -0.7458921
1 0.5602171 -0.5175747 0.7220246
8 0.0909581 -0.8008576 -0.0966660
5
-114.665     ts77     dynamics     sesquiterpene     TS     runpoint      81     runisomer      1
6 -0.2103585 0.7337178 0.0257505
1 -0.2033792 1.0293715 1.1827553
1 0.1955218 1.4433947 -0.7155421
1 0.5944491 -0.6573797 0.6890112
8 0.0928758 -0.8016404 -0.0919791
5
-114.68     ts77     dynamics     sesquiterpene     TS     runpoint      82     runisomer      1
6 -0.2101532 0.7456917 0.0233845
1 -0.2329656 1.0398005 1.1302683
1 0.1576575 1.4118391 -0.6823914
1 0.6402876 -0.8111512 0.6702722
8 0.0940820 -0.7995982 -0.0878040
5
-114.689     ts77     dynamics     sesquiterpene     TS     runpoint      83     runisomer      1
6 -0.2101251 0.7541792 0.0236844
1 -0.2629646 1.0475623 1.0593073
1 0.1260963 1.3872518 -0.6640184
1 0.6965624 -0.9725458 0.6661422
8 0.0943929 -0.7947307 -0.0844540
5
-114.69     ts77     dynamics     sesquiterpene     TS     runpoint      84     runisomer      1
6 -0.2105648 0.7573585 0.0268148
1 -0.2940397 1.0569788 0.9889396
1 0.1084536 1.3829861 -0.6772613
1 0.7477871 -1.1316742 0.6583457
8 0.0945638 -0.7874097 -0.0810428
5
-114.68     ts77     dynamics     sesquiterpene     TS     runpoint      85     runisomer      1
6 -0.2109936 0.7545547 0.0307114
1 -0.3285975 1.0756213 0.9469379
1 0.1041066 1.3975554 -0.7224263
1 0.7793304 -1.2739651 0.6322660
8 0.0953483 -0.7784283 -0.0768300
5
-114.668     ts77     dynamics     sesquiterpene     TS     runpoint      86     runisomer      1
6 -0.2103879 0.7464028 0.0326068
1 -0.3696338 1.1096667 0.9512769
1 0.1058488 1.4163770 -0.7829868
1 0.7847195 -1.3869010 0.5838209
8 0.0970278 -0.7685217 -0.0716570
5
-114.663     ts77     dynamics     sesquiterpene     TS     runpoint      87     runisomer      1
6 -0.2081564 0.7343896 0.0321338
1 -0.4161858 1.1551731 0.9891006
1 0.1071619 1.4255287 -0.8408987
1 0.7633672 -1.4622296 0.5151378
8 0.0995480 -0.7582015 -0.0657081
5
-114.662     ts77     dynamics     sesquiterpene     TS     runpoint      88     runisomer      1
6 -0.2043713 0.7201620 0.0306405
1 -0.4628830 1.2008553 1.0327281
1 0.1045982 1.4171291 -0.8842172
1 0.7179325 -1.4955088 0.4311138
8 0.1026739 -0.7477749 -0.0593119
5
-114.661     ts77     dynamics     sesquiterpene     TS     runpoint      89     runisomer      1
6 -0.1993504 0.7048992 0.0292949
1 -0.5040944 1.2367275 1.0619484
1 0.0969103 1.3882247 -0.9068351
1 0.6542298 -1.4872418 0.3388496
8 0.1060014 -0.7372794 -0.0529035
5
-114.662     ts77     dynamics     sesquiterpene     TS     runpoint      90     runisomer      1
6 -0.1934057 0.6892466 0.0286915
1 -0.5359966 1.2565650 1.0670022
1 0.0840660 1.3392375 -0.9070594
1 0.5848829 -1.4495686 0.2495640
8 0.1087293 -0.7260678 -0.0471290
5
-114.66     ts77     dynamics     sesquiterpene     TS     runpoint      91     runisomer      1
6 -0.1868196 0.6734590 0.0291526
1 -0.5565933 1.2570257 1.0448173
1 0.0669276 1.2736735 -0.8874429
1 0.5353604 -1.4189538 0.1802414
8 0.1092841 -0.7120448 -0.0429436
5
-114.653     ts77     dynamics     sesquiterpene     TS     runpoint      92     runisomer      1
6 -0.1798855 0.6575341 0.0310850
1 -0.5654558 1.2370574 0.9966495
1 0.0475352 1.1989920 -0.8562515
1 0.5312395 -1.4404271 0.1425431
8 0.1061196 -0.6927754 -0.0409475
5
-114.666     ts77     dynamics     sesquiterpene     TS     runpoint      93     runisomer      1
6 -0.1729092 0.6413573 0.0351734
1 -0.5640797 1.1985006 0.9283284
1 0.0293586 1.1273005 -0.8292330
1 0.5590338 -1.4954792 0.1262236
8 0.1001912 -0.6702176 -0.0403840
5
-114.674     ts77     dynamics     sesquiterpene     TS     runpoint      94     runisomer      1
6 -0.1659828 0.6248383 0.0418884
1 -0.5573269 1.1479783 0.8528290
1 0.0161008 1.0723125 -0.8260950
1 0.5915948 -1.5368362 0.1189770
8 0.0933511 -0.6485659 -0.0404059
5
-114.663     ts77     dynamics     sesquiterpene     TS     runpoint      95     runisomer      1
6 -0.1584989 0.6082027 0.0499967
1 -0.5558088 1.0993630 0.7933598
1 0.0084591 1.0410114 -0.8559621
1 0.6155484 -1.5398978 0.1162873
8 0.0866106 -0.6308524 -0.0406912
5
-114.648     ts77     dynamics     sesquiterpene     TS     runpoint      96     runisomer      1
6 -0.1491717 0.5923215 0.0562828
1 -0.5744891 1.0704066 0.7768894
1 0.0031225 1.0300313 -0.9076656
1 0.6274736 -1.4986225 0.1173253
8 0.0803733 -0.6190162 -0.0411765
5
-114.646     ts77     dynamics     sesquiterpene     TS     runpoint      97     runisomer      1
6 -0.1374724 0.5793958 0.0587363
1 -0.6189113 1.0655390 0.8081361
1 -0.0039939 1.0321902 -0.9616467
1 0.6288539 -1.4172545 0.1223175
8 0.0747537 -0.6142688 -0.0419000
5
-114.658     ts77     dynamics     sesquiterpene     TS     runpoint      98     runisomer      1
6 -0.1243990 0.5726072 0.0581618
1 -0.6773864 1.0708639 0.8630215
1 -0.0155359 1.0415710 -1.0026883
1 0.6285010 -1.3121354 0.1331783
8 0.0693784 -0.6167202 -0.0430263
5
-114.661     ts77     dynamics     sesquiterpene     TS     runpoint      99     runisomer      1
6 -0.1112209 0.5740450 0.0560520
1 -0.7348118 1.0722203 0.9158227
1 -0.0326192 1.0541657 -1.0222323
1 0.6520054 -1.2181559 0.1571351
8 0.0627029 -0.6245937 -0.0450480
5
-114.655     ts77     dynamics     sesquiterpene     TS     runpoint      100     runisomer      1
6 -0.0987420 0.5839874 0.0534107
1 -0.7812246 1.0630203 0.9515794
1 -0.0551895 1.0676279 -1.0170251
1 0.7297504 -1.1639204 0.2044005
8 0.0527865 -0.6357336 -0.0486256
5
-114.67     ts77     dynamics     sesquiterpene     TS     runpoint      101     runisomer      1
6 -0.0874386 0.6013921 0.0508882
1 -0.8112069 1.0422133 0.9637612
1 -0.0823118 1.0813062 -0.9882689
1 0.8419321 -1.1263669 0.2682438
8 0.0408346 -0.6507042 -0.0533356
5
-114.686     ts77     dynamics     sesquiterpene     TS     runpoint      102     runisomer      1
6 -0.0776707 0.6243002 0.0490897
1 -0.8220323 1.0115504 0.9506897
1 -0.1124696 1.0964278 -0.9419075
1 0.9462117 -1.0785313 0.3316309
8 0.0295165 -0.6699206 -0.0580791
5
-114.69     ts77     dynamics     sesquiterpene     TS     runpoint      103     runisomer      1
6 -0.0697058 0.6502644 0.0488044
1 -0.8131246 0.9742574 0.9140860
1 -0.1441274 1.1165154 -0.8895696
1 1.0181616 -1.0144190 0.3830948
8 0.0204398 -0.6923517 -0.0620992
5
-114.688     ts77     dynamics     sesquiterpene     TS     runpoint      104     runisomer      1
6 -0.0635434 0.6768104 0.0508733
1 -0.7871338 0.9347988 0.8598699
1 -0.1764883 1.1470613 -0.8474254
1 1.0477821 -0.9377181 0.4167231
8 0.0143503 -0.7165358 -0.0650102
5
-114.686     ts77     dynamics     sesquiterpene     TS     runpoint      105     runisomer      1
6 -0.0586483 0.7018555 0.0553393
1 -0.7526567 0.8990479 0.8008444
1 -0.2094215 1.1922946 -0.8286744
1 1.0320451 -0.8549019 0.4296441
8 0.0115708 -0.7411386 -0.0666377
5
-114.684     ts77     dynamics     sesquiterpene     TS     runpoint      106     runisomer      1
6 -0.0538450 0.7241239 0.0604053
1 -0.7269693 0.8737566 0.7587034
1 -0.2417506 1.2502280 -0.8335802
1 0.9731096 -0.7734913 0.4215160
8 0.0120986 -0.7650284 -0.0669634
5
-114.681     ts77     dynamics     sesquiterpene     TS     runpoint      107     runisomer      1
6 -0.0479255 0.7432923 0.0632040
1 -0.7296494 0.8635971 0.7558209
1 -0.2703963 1.3128357 -0.8507325
1 0.8817121 -0.7015072 0.3964423
8 0.0153902 -0.7872455 -0.0662215
5
-114.68     ts77     dynamics     sesquiterpene     TS     runpoint      108     runisomer      1
6 -0.0412861 0.7598317 0.0624508
1 -0.7616910 0.8676450 0.7936798
1 -0.2919176 1.3711241 -0.8671136
1 0.7863658 -0.6449255 0.3684306
8 0.0197902 -0.8071447 -0.0652466
5
-114.667     ts77     dynamics     sesquiterpene     TS     runpoint      109     runisomer      1
6 -0.0359555 0.7745113 0.0590174
1 -0.8033659 0.8816030 0.8519694
1 -0.3039751 1.4184078 -0.8739120
1 0.7377887 -0.6006075 0.3657686
8 0.0222362 -0.8248064 -0.0657492
5
-114.649     ts77     dynamics     sesquiterpene     TS     runpoint      110     runisomer      1
6 -0.0337197 0.7878791 0.0542414
1 -0.8351250 0.9016572 0.9097265
1 -0.3056988 1.4508671 -0.8670908
1 0.7606398 -0.5611931 0.4051027
8 0.0212265 -0.8406246 -0.0687153
5
-114.65     ts77     dynamics     sesquiterpene     TS     runpoint      111     runisomer      1
6 -0.0353310 0.8000457 0.0492011
1 -0.8462274 0.9252163 0.9539718
1 -0.2975798 1.4673181 -0.8466914
1 0.8163464 -0.5351483 0.4646999
8 0.0191122 -0.8539125 -0.0727639
5
-114.646     ts77     dynamics     sesquiterpene     TS     runpoint      112     runisomer      1
6 -0.0407548 0.8107243 0.0448235
1 -0.8326693 0.9504589 0.9781308
1 -0.2813053 1.4693078 -0.8165670
1 0.8671617 -0.5315925 0.5204955
8 0.0180980 -0.8638619 -0.0764176
5
-114.638     ts77     dynamics     sesquiterpene     TS     runpoint      113     runisomer      1
6 -0.0495202 0.8193548 0.0420402
1 -0.7944672 0.9759714 0.9798079
1 -0.2596447 1.4615900 -0.7846457
1 0.8952371 -0.5527838 0.5599589
8 0.0191314 -0.8701212 -0.0789348
5
-114.636     ts77     dynamics     sesquiterpene     TS     runpoint      114     runisomer      1
6 -0.0608879 0.8251876 0.0417261
1 -0.7348022 1.0007056 0.9604119
1 -0.2359585 1.4519039 -0.7623849
1 0.8938253 -0.5977598 0.5776058
8 0.0224947 -0.8726089 -0.0799941
5
-114.642     ts77     dynamics     sesquiterpene     TS     runpoint      115     runisomer      1
6 -0.0738858 0.8274650 0.0441961
1 -0.6608903 1.0244614 0.9270452
1 -0.2128116 1.4478974 -0.7607070
1 0.8619400 -0.6641863 0.5719015
8 0.0281381 -0.8713737 -0.0794932
5
-114.654     ts77     dynamics     sesquiterpene     TS     runpoint      116     runisomer      1
6 -0.0872574 0.8257346 0.0482761
1 -0.5854455 1.0492015 0.8961922
1 -0.1906167 1.4513668 -0.7825179
1 0.8047469 -0.7479858 0.5460301
8 0.0356192 -0.8665710 -0.0776076
5
-114.664     ts77     dynamics     sesquiterpene     TS     runpoint      117     runisomer      1
6 -0.0995717 0.8198492 0.0511489
1 -0.5241690 1.0803083 0.8931676
1 -0.1683899 1.4564679 -0.8199657
1 0.7395831 -0.8428185 0.5133627
8 0.0437004 -0.8584589 -0.0751574
5
-114.663     ts77     dynamics     sesquiterpene     TS     runpoint      118     runisomer      1
6 -0.1100785 0.8098641 0.0505024
1 -0.4836013 1.1226010 0.9332535
1 -0.1455746 1.4546985 -0.8606428
1 0.7011286 -0.9438710 0.5033134
8 0.0500090 -0.8471520 -0.0740034
5
-114.665     ts77     dynamics     sesquiterpene     TS     runpoint      119     runisomer      1
6 -0.1192361 0.7963925 0.0468202
1 -0.4547511 1.1721876 1.0014173
1 -0.1224628 1.4397455 -0.8942704
1 0.7097579 -1.0536014 0.5358396
8 0.0530582 -0.8323113 -0.0754682
5
-114.68     ts77     dynamics     sesquiterpene     TS     runpoint      120     runisomer      1
6 -0.1277338 0.7803645 0.0420606
1 -0.4261219 1.2194004 1.0698299
1 -0.0996599 1.4088357 -0.9147811
1 0.7355457 -1.1654802 0.5861573
8 0.0545647 -0.8142608 -0.0780878
5
-114.68     ts77     dynamics     sesquiterpene     TS     runpoint      121     runisomer      1
6 -0.1358876 0.7624504 0.0378407
1 -0.3917933 1.2562159 1.1186828
1 -0.0776334 1.3624177 -0.9201727
1 0.7477858 -1.2631470 0.6258783
8 0.0563571 -0.7940589 -0.0801647
5
-114.668     ts77     dynamics     sesquiterpene     TS     runpoint      122     runisomer      1
6 -0.1437491 0.7429291 0.0352209
1 -0.3501467 1.2779622 1.1382086
1 -0.0564894 1.3037091 -0.9123150
1 0.7345838 -1.3342249 0.6428302
8 0.0591269 -0.7726036 -0.0809946
5
-114.662     ts77     dynamics     sesquiterpene     TS     runpoint      123     runisomer      1
6 -0.1512828 0.7218082 0.0350063
1 -0.3016444 1.2823950 1.1251140
1 -0.0358559 1.2383402 -0.8969778
1 0.6939734 -1.3718784 0.6342027
8 0.0629787 -0.7505443 -0.0804337
5
-114.668     ts77     dynamics     sesquiterpene     TS     runpoint      124     runisomer      1
6 -0.1584631 0.6989984 0.0378496
1 -0.2477145 1.2691132 1.0806253
1 -0.0148591 1.1734750 -0.8830393
1 0.6278397 -1.3729216 0.6013444
8 0.0678088 -0.7284395 -0.0785747
5
-114.685     ts77     dynamics     sesquiterpene     TS     runpoint      125     runisomer      1
6 -0.1653002 0.6745156 0.0439093
1 -0.1902472 1.2401413 1.0111953
1 0.0074758 1.1156858 -0.8791230
1 0.5410952 -1.3385173 0.5496493
8 0.0733733 -0.7067721 -0.0757384
5
-114.703     ts77     dynamics     sesquiterpene     TS     runpoint      126     runisomer      1
6 -0.1718352 0.6485556 0.0521117
1 -0.1309047 1.2021088 0.9316604
1 0.0311294 1.0684341 -0.8882594
1 0.4454100 -1.2810907 0.4945014
8 0.0790727 -0.6855385 -0.0728327
5
-114.702     ts77     dynamics     sesquiterpene     TS     runpoint      127     runisomer      1
6 -0.1782324 0.6213322 0.0597881
1 -0.0693230 1.1689724 0.8677636
1 0.0542274 1.0317458 -0.9059066
1 0.3639754 -1.2380969 0.4729100
8 0.0836657 -0.6634226 -0.0720961
5
-114.679     ts77     dynamics     sesquiterpene     TS     runpoint      128     runisomer      1
6 -0.1850144 0.5934624 0.0639779
1 -0.0012277 1.1573605 0.8457802
1 0.0736700 1.0043243 -0.9240762
1 0.3121296 -1.2507875 0.5234405
8 0.0865036 -0.6392541 -0.0758960
5
-114.684     ts77     dynamics     sesquiterpene     TS     runpoint      129     runisomer      1
6 -0.1928279 0.5675684 0.0642178
1 0.0765962 1.1686756 0.8662001
1 0.0865711 0.9853229 -0.9363570
1 0.2698697 -1.2890563 0.6163729
8 0.0893114 -0.6169314 -0.0824469
5
-114.685     ts77     dynamics     sesquiterpene     TS     runpoint      130     runisomer      1
6 -0.2019054 0.5480048 0.0625061
1 0.1595155 1.1875138 0.9056939
1 0.0910399 0.9745279 -0.9395545
1 0.2220682 -1.3113747 0.7074511
8 0.0936253 -0.6013535 -0.0891910
5
-114.667     ts77     dynamics     sesquiterpene     TS     runpoint      131     runisomer      1
6 -0.2122065 0.5383456 0.0608859
1 0.2394646 1.1997768 0.9431481
1 0.0860932 0.9720043 -0.9331759
1 0.1663305 -1.3023455 0.7751695
8 0.1001382 -0.5952892 -0.0950070
5
-114.651     ts77     dynamics     sesquiterpene     TS     runpoint      132     runisomer      1
6 -0.2234582 0.5398967 0.0605056
1 0.3097199 1.1989454 0.9675523
1 0.0713582 0.9780718 -0.9187292
1 0.1048152 -1.2606017 0.8110276
8 0.1089548 -0.5994116 -0.0994315
5
-114.653     ts77     dynamics     sesquiterpene     TS     runpoint      133     runisomer      1
6 -0.2349869 0.5517273 0.0617948
1 0.3652106 1.1834513 0.9744703
1 0.0471263 0.9935049 -0.8992516
1 0.0414783 -1.1902877 0.8118833
8 0.1196239 -0.6127134 -0.1021187
5
-114.669     ts77     dynamics     sesquiterpene     TS     runpoint      134     runisomer      1
6 -0.2458263 0.5715072 0.0648053
1 0.4020529 1.1541721 0.9627300
1 0.0143543 1.0194639 -0.8789709
1 -0.0190450 -1.1000047 0.7800277
8 0.1313114 -0.6330315 -0.1029114
5
-114.69     ts77     dynamics     sesquiterpene     TS     runpoint      135     runisomer      1
6 -0.2549874 0.5964764 0.0693853
1 0.4177530 1.1135807 0.9333752
1 -0.0257151 1.0569495 -0.8625349
1 -0.0740969 -1.0055747 0.7303173
8 0.1431866 -0.6575191 -0.1024039
5
-114.699     ts77     dynamics     sesquiterpene     TS     runpoint      136     runisomer      1
6 -0.2617422 0.6241474 0.0751115
1 0.4122492 1.0659468 0.8902734
1 -0.0721310 1.1058413 -0.8533172
1 -0.1286192 -0.9294312 0.6980252
8 0.1549607 -0.6831563 -0.1025338
5
-114.695     ts77     dynamics     sesquiterpene     TS     runpoint      137     runisomer      1
6 -0.2658996 0.6525640 0.0810460
1 0.3901553 1.0181412 0.8421089
1 -0.1245771 1.1640553 -0.8514987
1 -0.1933282 -0.8850122 0.7149447
8 0.1668535 -0.7079303 -0.1051349
5
-114.695     ts77     dynamics     sesquiterpene     TS     runpoint      138     runisomer      1
6 -0.2681043 0.6801443 0.0855336
1 0.3637913 0.9800980 0.8048023
1 -0.1829698 1.2275094 -0.8536130
1 -0.2637857 -0.8661355 0.7624403
8 0.1782872 -0.7314123 -0.1090137
5
-114.687     ts77     dynamics     sesquiterpene     TS     runpoint      139     runisomer      1
6 -0.2697322 0.7055979 0.0865156
1 0.3515759 0.9620981 0.7988884
1 -0.2465587 1.2910548 -0.8541601
1 -0.3251192 -0.8642283 0.8049816
8 0.1881489 -0.7534985 -0.1120271
5
-114.672     ts77     dynamics     sesquiterpene     TS     runpoint      140     runisomer      1
6 -0.2716300 0.7283321 0.0830025
1 0.3630613 0.9676431 0.8333275
1 -0.3134659 1.3498263 -0.8481488
1 -0.3672655 -0.8746124 0.8226749
8 0.1957203 -0.7739536 -0.1130574
5
-114.666     ts77     dynamics     sesquiterpene     TS     runpoint      141     runisomer      1
6 -0.2730877 0.7485352 0.0761843
1 0.3876529 0.9912903 0.8933478
1 -0.3810737 1.4002186 -0.8328830
1 -0.3858749 -0.8947081 0.8083786
8 0.2006958 -0.7925110 -0.1117862
5
-114.665     ts77     dynamics     sesquiterpene     TS     runpoint      142     runisomer      1
6 -0.2728952 0.7665604 0.0681530
1 0.4083439 1.0253508 0.9556768
1 -0.4467881 1.4402436 -0.8082862
1 -0.3804849 -0.9229344 0.7622870
8 0.2030478 -0.8089248 -0.1083357
5
-114.664     ts77     dynamics     sesquiterpene     TS     runpoint      143     runisomer      1
6 -0.2703020 0.7825532 0.0606236
1 0.4140348 1.0640086 1.0033890
1 -0.5086934 1.4694542 -0.7764173
1 -0.3554186 -0.9586037 0.6920039
8 0.2030648 -0.8229539 -0.1032752
5
-114.66     ts77     dynamics     sesquiterpene     TS     runpoint      144     runisomer      1
6 -0.2650241 0.7964483 0.0547554
1 0.4000752 1.1033026 1.0274466
1 -0.5659602 1.4885910 -0.7407442
1 -0.3244997 -1.0031490 0.6179926
8 0.2016448 -0.8342554 -0.0979740
5
-114.649     ts77     dynamics     sesquiterpene     TS     runpoint      145     runisomer      1
6 -0.2570386 0.8080464 0.0512812
1 0.3659850 1.1404168 1.0244035
1 -0.6189374 1.4989352 -0.7052477
1 -0.3144619 -1.0628578 0.5760781
8 0.2005076 -0.8421862 -0.0947736
5
-114.642     ts77     dynamics     sesquiterpene     TS     runpoint      146     runisomer      1
6 -0.2465238 0.8171180 0.0504921
1 0.3143648 1.1735069 0.9954405
1 -0.6688531 1.5014402 -0.6733408
1 -0.3416769 -1.1435943 0.5848502
8 0.2007317 -0.8461495 -0.0949229
5
-114.652     ts77     dynamics     sesquiterpene     TS     runpoint      147     runisomer      1
6 -0.2339427 0.8234683 0.0520035
1 0.2512229 1.2023672 0.9477132
1 -0.7171372 1.4959659 -0.6469132
1 -0.3856206 -1.2344807 0.6151605
8 0.2010830 -0.8466632 -0.0966274
5
-114.656     ts77     dynamics     sesquiterpene     TS     runpoint      148     runisomer      1
6 -0.2201712 0.8267942 0.0544692
1 0.1868380 1.2302011 0.8973186
1 -0.7646508 1.4810464 -0.6261433
1 -0.4218134 -1.3179502 0.6356234
8 0.2000819 -0.8447150 -0.0979010
5
-114.645     ts77     dynamics     sesquiterpene     TS     runpoint      149     runisomer      1
6 -0.2063690 0.8264759 0.0556902
1 0.1340127 1.2650174 0.8687481
1 -0.8113395 1.4545016 -0.6101545
1 -0.4386457 -1.3820979 0.6323255
8 0.1970583 -0.8409580 -0.0978186
5
-114.636     ts77     dynamics     sesquiterpene     TS     runpoint      150     runisomer      1
6 -0.1932643 0.8219595 0.0540158
1 0.0997459 1.3138590 0.8795222
1 -0.8564852 1.4144987 -0.5978792
1 -0.4329043 -1.4206228 0.6019960
8 0.1918681 -0.8357014 -0.0961068
5
-114.642     ts77     dynamics     sesquiterpene     TS     runpoint      151     runisomer      1
6 -0.1806397 0.8136661 0.0499843
1 0.0795209 1.3713893 0.9213370
1 -0.8991477 1.3602932 -0.5883930
1 -0.4059941 -1.4311174 0.5468645
8 0.1846637 -0.8290284 -0.0928435
5
-114.657     ts77     dynamics     sesquiterpene     TS     runpoint      152     runisomer      1
6 -0.1680030 0.8026641 0.0453468
1 0.0652800 1.4235820 0.9715418
1 -0.9383156 1.2924061 -0.5807044
1 -0.3642452 -1.4161684 0.4745449
8 0.1759180 -0.8207282 -0.0884592
5
-114.666     ts77     dynamics     sesquiterpene     TS     runpoint      153     runisomer      1
6 -0.1551581 0.7897390 0.0414559
1 0.0521397 1.4588708 1.0121427
1 -0.9728864 1.2125062 -0.5736334
1 -0.3231056 -1.3890699 0.4018649
8 0.1666954 -0.8099288 -0.0839668
5
-114.661     ts77     dynamics     sesquiterpene     TS     runpoint      154     runisomer      1
6 -0.1422107 0.7751811 0.0389513
1 0.0383081 1.4710570 1.0334834
1 -1.0017126 1.1232478 -0.5659693
1 -0.3098740 -1.3795038 0.3561238
8 0.1588354 -0.7947549 -0.0810362
5
-114.656     ts77     dynamics     sesquiterpene     TS     runpoint      155     runisomer      1
6 -0.1294637 0.7589869 0.0379876
1 0.0236831 1.4579444 1.0317288
1 -1.0237430 1.0282146 -0.5566737
1 -0.3406669 -1.4075618 0.3510811
8 0.1535205 -0.7740250 -0.0804735
5
-114.671     ts77     dynamics     sesquiterpene     TS     runpoint      156     runisomer      1
6 -0.1173573 0.7410564 0.0384112
1 0.0091118 1.4202424 1.0070783
1 -1.0382615 0.9318883 -0.5450781
1 -0.3948591 -1.4482201 0.3664993
8 0.1496851 -0.7495674 -0.0809435
5
-114.683     ts77     dynamics     sesquiterpene     TS     runpoint      157     runisomer      1
6 -0.1064270 0.7212241 0.0397590
1 -0.0037926 1.3616844 0.9639214
1 -1.0452059 0.8394642 -0.5310733
1 -0.4476089 -1.4707203 0.3810503
8 0.1460590 -0.7237588 -0.0810391
5
-114.684     ts77     dynamics     sesquiterpene     TS     runpoint      158     runisomer      1
6 -0.0972658 0.6991826 0.0411060
1 -0.0126291 1.2904556 0.9129170
1 -1.0455368 0.7565877 -0.5152471
1 -0.4861453 -1.4605575 0.3850067
8 0.1421913 -0.6981547 -0.0800860
5
-114.681     ts77     dynamics     sesquiterpene     TS     runpoint      159     runisomer      1
6 -0.0904656 0.6744518 0.0408778
1 -0.0143511 1.2206818 0.8733421
1 -1.0415798 0.6889854 -0.4988727
1 -0.5056558 -1.4142707 0.3753251
8 0.1381768 -0.6738629 -0.0778466
5
-114.676     ts77     dynamics     sesquiterpene     TS     runpoint      160     runisomer      1
6 -0.0865135 0.6468532 0.0372839
1 -0.0061316 1.1686327 0.8680344
1 -1.0371371 0.6419314 -0.4836859
1 -0.5059739 -1.3349178 0.3523062
8 0.1344330 -0.6519146 -0.0743267
5
-114.676     ts77     dynamics     sesquiterpene     TS     runpoint      161     runisomer      1
6 -0.0856248 0.6177534 0.0299538
1 0.0127808 1.1398532 0.9037150
1 -1.0370160 0.6195472 -0.4714322
1 -0.4930538 -1.2332307 0.3200426
8 0.1317512 -0.6332691 -0.0698193
5
-114.679     ts77     dynamics     sesquiterpene     TS     runpoint      162     runisomer      1
6 -0.0876907 0.5904366 0.0205928
1 0.0399361 1.1250356 0.9624614
1 -1.0454577 0.6239714 -0.4631148
1 -0.4860652 -1.1332147 0.2901391
8 0.1316796 -0.6184248 -0.0651410
5
-114.666     ts77     dynamics     sesquiterpene     TS     runpoint      163     runisomer      1
6 -0.0925075 0.5688079 0.0112860
1 0.0711475 1.1126760 1.0208778
1 -1.0636806 0.6545803 -0.4581595
1 -0.5187730 -1.0682788 0.2807881
8 0.1365345 -0.6074419 -0.0615660
5
-114.654     ts77     dynamics     sesquiterpene     TS     runpoint      164     runisomer      1
6 -0.1000122 0.5562006 0.0033568
1 0.1023869 1.0966046 1.0635777
1 -1.0884582 0.7077494 -0.4543649
1 -0.5979169 -1.0445095 0.2932014
8 0.1467432 -0.6018211 -0.0593326
5
-114.656     ts77     dynamics     sesquiterpene     TS     runpoint      165     runisomer      1
6 -0.1102165 0.5544908 -0.0025609
1 0.1304689 1.0753091 1.0830858
1 -1.1133163 0.7774900 -0.4489818
1 -0.6871590 -1.0395662 0.3086315
8 0.1598173 -0.6039039 -0.0574377
5
-114.656     ts77     dynamics     sesquiterpene     TS     runpoint      166     runisomer      1
6 -0.1229021 0.5635511 -0.0062029
1 0.1531197 1.0498090 1.0766218
1 -1.1314055 0.8566151 -0.4399620
1 -0.7561797 -1.0389504 0.3144716
8 0.1733932 -0.6141208 -0.0552390
5
-114.66     ts77     dynamics     sesquiterpene     TS     runpoint      167     runisomer      1
6 -0.1374679 0.5816309 -0.0075106
1 0.1690125 1.0225955 1.0445704
1 -1.1379313 0.9380173 -0.4265043
1 -0.7910718 -1.0379514 0.3064039
8 0.1859270 -0.6311647 -0.0525823
5
-114.669     ts77     dynamics     sesquiterpene     TS     runpoint      168     runisomer      1
6 -0.1531050 0.6062536 -0.0066797
1 0.1782457 0.9975881 0.9911905
1 -1.1312730 1.0156682 -0.4090612
1 -0.7864770 -1.0353248 0.2834786
8 0.1963654 -0.6531228 -0.0495011
5
-114.683     ts77     dynamics     sesquiterpene     TS     runpoint      169     runisomer      1
6 -0.1690647 0.6348054 -0.0043651
1 0.1836117 0.9806535 0.9270308
1 -1.1131405 1.0853557 -0.3893160
1 -0.7425337 -1.0314858 0.2464900
8 0.2040864 -0.6781115 -0.0461128
5
-114.695     ts77     dynamics     sesquiterpene     TS     runpoint      170     runisomer      1
6 -0.1848648 0.6647186 -0.0018605
1 0.1921690 0.9796406 0.8708046
1 -1.0883566 1.1452459 -0.3701566
1 -0.6683159 -1.0300817 0.1989439
8 0.2091589 -0.7043557 -0.0426650
5
-114.695     ts77     dynamics     sesquiterpene     TS     runpoint      171     runisomer      1
6 -0.2002271 0.6936996 -0.0006155
1 0.2139141 1.0016712 0.8432854
1 -1.0643519 1.1960974 -0.3554003
1 -0.5916484 -1.0416617 0.1491436
8 0.2129672 -0.7299641 -0.0396622
5
-114.681     ts77     dynamics     sesquiterpene     TS     runpoint      172     runisomer      1
6 -0.2145129 0.7202057 -0.0007651
1 0.2533646 1.0470581 0.8492987
1 -1.0496231 1.2406661 -0.3490001
1 -0.5634912 -1.0854689 0.1088670
8 0.2184932 -0.7527602 -0.0377995
5
-114.674     ts77     dynamics     sesquiterpene     TS     runpoint      173     runisomer      1
6 -0.2265187 0.7437010 -0.0007970
1 0.3035631 1.1076965 0.8723555
1 -1.0502069 1.2816557 -0.3534433
1 -0.6021906 -1.1682273 0.0791307
8 0.2268085 -0.7715782 -0.0370805
5
-114.683     ts77     dynamics     sesquiterpene     TS     runpoint      174     runisomer      1
6 -0.2353211 0.7643690 0.0008506
1 0.3528901 1.1731557 0.8920443
1 -1.0658496 1.3189187 -0.3681460
1 -0.6605933 -1.2662741 0.0502531
8 0.2349665 -0.7873806 -0.0368174
5
-114.675     ts77     dynamics     sesquiterpene     TS     runpoint      175     runisomer      1
6 -0.2407983 0.7827191 0.0048589
1 0.3923005 1.2352219 0.8953799
1 -1.0901423 1.3488667 -0.3896216
1 -0.6999518 -1.3560074 0.0178724
8 0.2406006 -0.8012941 -0.0366457
5
-114.656     ts77     dynamics     sesquiterpene     TS     runpoint      176     runisomer      1
6 -0.2433851 0.7992640 0.0111849
1 0.4167860 1.2885171 0.8768161
1 -1.1144866 1.3667855 -0.4132521
1 -0.7052867 -1.4245796 -0.0178389
8 0.2428668 -0.8138755 -0.0364885
5
-114.642     ts77     dynamics     sesquiterpene     TS     runpoint      177     runisomer      1
6 -0.2437129 0.8143061 0.0194092
1 0.4247852 1.3300087 0.8358811
1 -1.1316665 1.3691866 -0.4349575
1 -0.6736411 -1.4657946 -0.0553521
8 0.2416953 -0.8253328 -0.0363542
5
-114.638     ts77     dynamics     sesquiterpene     TS     runpoint      178     runisomer      1
6 -0.2424759 0.8278200 0.0288912
1 0.4180890 1.3589772 0.7761015
1 -1.1372738 1.3546798 -0.4520034
1 -0.6083020 -1.4774496 -0.0929651
8 0.2374225 -0.8356517 -0.0362630
5
-114.644     ts77     dynamics     sesquiterpene     TS     runpoint      179     runisomer      1
6 -0.2404842 0.8393473 0.0387663
1 0.4028118 1.3779145 0.7053107
1 -1.1299766 1.3239390 -0.4632842
1 -0.5199798 -1.4628251 -0.1295220
8 0.2308642 -0.8444815 -0.0362029
5
-114.649     ts77     dynamics     sesquiterpene     TS     runpoint      180     runisomer      1
6 -0.2387443 0.8478799 0.0479455
1 0.3906371 1.3939304 0.6358553
1 -1.1116855 1.2794872 -0.4695787
1 -0.4338830 -1.4376693 -0.1663983
8 0.2237463 -0.8506812 -0.0359994
5
-114.638     ts77     dynamics     sesquiterpene     TS     runpoint      181     runisomer      1
6 -0.2382352 0.8519961 0.0554583
1 0.3965740 1.4175896 0.5809103
1 -1.0878565 1.2255082 -0.4738838
1 -0.3924687 -1.4360212 -0.2115091
8 0.2188769 -0.8519664 -0.0350647
5
-114.629     ts77     dynamics     sesquiterpene     TS     runpoint      182     runisomer      1
6 -0.2390727 0.8506477 0.0612538
1 0.4287011 1.4547563 0.5449898
1 -1.0671393 1.1674046 -0.4814131
1 -0.4135076 -1.4746119 -0.2731920
8 0.2174992 -0.8472072 -0.0327949
5
-114.643     ts77     dynamics     sesquiterpene     TS     runpoint      183     runisomer      1
6 -0.2400530 0.8439482 0.0663997
1 0.4798065 1.4991550 0.5201992
1 -1.0584186 1.1103889 -0.4979979
1 -0.4618574 -1.5204222 -0.3431712
8 0.2175085 -0.8385022 -0.0296450
5
-114.65     ts77     dynamics     sesquiterpene     TS     runpoint      184     runisomer      1
6 -0.2397633 0.8327965 0.0719866
1 0.5348205 1.5383027 0.4952868
1 -1.0648623 1.0573776 -0.5261826
1 -0.5056737 -1.5429191 -0.4086061
8 0.2169901 -0.8278477 -0.0263733
