5
-114.654160 ts77 dynamics sesquiterpene TS runpoint 1  runisomer  139
6 -0.0393198 0.6503159 0.0084970
1 -0.2619080 1.2184828 0.9220863
1 -0.2441717 1.1857573 -0.9702023
1 1.0519746 -0.0910993 -0.0273867
8 -0.0328515 -0.7707206 -0.0016177
5
-114.647 ts77 dynamics sesquiterpene TS runpoint 2  runisomer  139
6 -0.0414902 0.660873 0.0193005
1 -0.234889 1.18836 0.85569
1 -0.211936 1.149 -0.986153
1 1.03143 -0.0435527 -0.0508781
8 -0.0336625 -0.777422 -0.00305441
5
-114.643     ts77     dynamics     sesquiterpene     TS     runpoint      3     runisomer      139
6 -0.0419054 0.6687294 0.0261645
1 -0.2154793 1.1723009 0.8184465
1 -0.1797177 1.1075934 -0.9895448
1 1.0026956 0.0141257 -0.0724162
8 -0.0347934 -0.7833291 -0.0042850
5
-114.635     ts77     dynamics     sesquiterpene     TS     runpoint      4     runisomer      139
6 -0.0398831 0.6718238 0.0268002
1 -0.2099392 1.1876729 0.8371358
1 -0.1500756 1.0658258 -0.9826663
1 0.9725514 0.0855274 -0.0908960
8 -0.0366263 -0.7884861 -0.0052070
5
-114.642     ts77     dynamics     sesquiterpene     TS     runpoint      5     runisomer      139
6 -0.0356391 0.6702377 0.0226050
1 -0.2158286 1.2274988 0.8990961
1 -0.1265311 1.0291457 -0.9718797
1 0.9508091 0.1734946 -0.1052002
8 -0.0395511 -0.7930361 -0.0057411
5
-114.653     ts77     dynamics     sesquiterpene     TS     runpoint      6     runisomer      139
6 -0.0300893 0.6653911 0.0171310
1 -0.2264122 1.2710246 0.9694888
1 -0.1132419 1.0032345 -0.9663410
1 0.9499776 0.2781527 -0.1143415
8 -0.0438312 -0.7971028 -0.0058414
5
-114.655     ts77     dynamics     sesquiterpene     TS     runpoint      7     runisomer      139
6 -0.0241994 0.6583530 0.0129736
1 -0.2372364 1.3036595 1.0235399
1 -0.1141352 0.9919673 -0.9732128
1 0.9813512 0.3967941 -0.1175223
8 -0.0494862 -0.8006437 -0.0054927
5
-114.657     ts77     dynamics     sesquiterpene     TS     runpoint      8     runisomer      139
6 -0.0181924 0.6495847 0.0110002
1 -0.2466925 1.3185877 1.0497337
1 -0.1315585 0.9953276 -0.9921762
1 1.0449558 0.5270847 -0.1137662
8 -0.0563040 -0.8034269 -0.0047028
5
-114.667     ts77     dynamics     sesquiterpene     TS     runpoint      9     runisomer      139
6 -0.0111412 0.6394365 0.0107760
1 -0.2548437 1.3132053 1.0444011
1 -0.1651305 1.0093972 -1.0151196
1 1.1241654 0.6665584 -0.1020919
8 -0.0639532 -0.8051478 -0.0034875
5
-114.654160 ts77 dynamics sesquiterpene TS runpoint 1  runisomer  139
6 -0.0393198 0.6503159 0.0084970
1 -0.2619080 1.2184828 0.9220863
1 -0.2441717 1.1857573 -0.9702023
1 1.0519746 -0.0910993 -0.0273867
8 -0.0328515 -0.7707206 -0.0016177
5
-114.647 ts77 dynamics sesquiterpene TS runpoint 2  runisomer  139
6 -0.0362623 0.639303 -0.00333164
1 -0.288734 1.24346 0.986659
1 -0.274842 1.21498 -0.942677
1 1.05993 -0.132106 -0.00293434
8 -0.0320238 -0.76329 -8.68311e-05
5
-114.642     ts77     dynamics     sesquiterpene     TS     runpoint      3     runisomer      139
6 -0.0329914 0.6293315 -0.0142488
1 -0.3104262 1.2531965 1.0322109
1 -0.3032941 1.2353032 -0.9069951
1 1.0528347 -0.1706246 0.0216596
8 -0.0308703 -0.7552757 0.0014353
5
-114.637     ts77     dynamics     sesquiterpene     TS     runpoint      4     runisomer      139
6 -0.0300681 0.6214009 -0.0230674
1 -0.3243744 1.2440668 1.0518024
1 -0.3297911 1.2469685 -0.8684095
1 1.0299936 -0.2119867 0.0458287
8 -0.0290738 -0.7468793 0.0028622
5
-114.636     ts77     dynamics     sesquiterpene     TS     runpoint      5     runisomer      139
6 -0.0280745 0.6163209 -0.0290160
1 -0.3291779 1.2157037 1.0437788
1 -0.3554432 1.2516041 -0.8332418
1 0.9927238 -0.2634827 0.0694075
8 -0.0263009 -0.7383274 0.0041290
5
-114.643     ts77     dynamics     sesquiterpene     TS     runpoint      6     runisomer      139
6 -0.0276575 0.6148360 -0.0316803
1 -0.3241479 1.1696811 1.0096907
1 -0.3818828 1.2514984 -0.8076424
1 0.9453909 -0.3339928 0.0928634
8 -0.0222819 -0.7298626 0.0051847
5
-114.657     ts77     dynamics     sesquiterpene     TS     runpoint      7     runisomer      139
6 -0.0293863 0.6174857 -0.0311639
1 -0.3095378 1.1099198 0.9548997
1 -0.4105434 1.2483989 -0.7959817
1 0.8983742 -0.4307351 0.1177015
8 -0.0171371 -0.7217939 0.0059508
5
-114.672     ts77     dynamics     sesquiterpene     TS     runpoint      8     runisomer      139
6 -0.0333884 0.6241545 -0.0284436
1 -0.2877404 1.0446099 0.8922100
1 -0.4417858 1.2424881 -0.7994456
1 0.8727174 -0.5538192 0.1472882
8 -0.0119217 -0.7145532 0.0062147
5
-114.681     ts77     dynamics     sesquiterpene     TS     runpoint      9     runisomer      139
6 -0.0390228 0.6336224 -0.0258083
1 -0.2651447 0.9884332 0.8476899
1 -0.4745647 1.2323073 -0.8155910
1 0.8912888 -0.6985170 0.1863647
8 -0.0082223 -0.7083560 0.0055984
5
-114.687     ts77     dynamics     sesquiterpene     TS     runpoint      10     runisomer      139
6 -0.0451452 0.6440346 -0.0263413
1 -0.2505230 0.9584023 0.8555583
1 -0.5069841 1.2157365 -0.8393023
1 0.9397569 -0.8612644 0.2336084
8 -0.0055605 -0.7029760 0.0040199
5
-114.696     ts77     dynamics     sesquiterpene     TS     runpoint      11     runisomer      139
6 -0.0511562 0.6545002 -0.0307742
1 -0.2454379 0.9584040 0.9217760
1 -0.5372818 1.1913272 -0.8648617
1 0.9775002 -1.0291409 0.2799160
8 -0.0018401 -0.6987103 0.0018669
5
-114.7     ts77     dynamics     sesquiterpene     TS     runpoint      12     runisomer      139
6 -0.0571767 0.6652050 -0.0364577
1 -0.2433797 0.9781114 1.0126510
1 -0.5644506 1.1590095 -0.8877793
1 0.9809109 -1.1839536 0.3176958
8 0.0040450 -0.6961907 -0.0005304
5
-114.689     ts77     dynamics     sesquiterpene     TS     runpoint      13     runisomer      139
6 -0.0632371 0.6761754 -0.0406591
1 -0.2394137 1.0074108 1.0941981
1 -0.5883333 1.1200027 -0.9053220
1 0.9447717 -1.3114214 0.3434746
8 0.0121241 -0.6957770 -0.0030342
5
-114.672     ts77     dynamics     sesquiterpene     TS     runpoint      14     runisomer      139
6 -0.0690974 0.6870643 -0.0418744
1 -0.2321627 1.0403153 1.1477790
1 -0.6095725 1.0763286 -0.9163307
1 0.8717454 -1.4020083 0.3562987
8 0.0220040 -0.6975592 -0.0056112
5
-114.662     ts77     dynamics     sesquiterpene     TS     runpoint      15     runisomer      139
6 -0.0744148 0.6974270 -0.0394539
1 -0.2220354 1.0732811 1.1654336
1 -0.6294145 1.0302944 -0.9207209
1 0.7670900 -1.4494610 0.3565967
8 0.0332007 -0.7015194 -0.0082793
5
-114.663     ts77     dynamics     sesquiterpene     TS     runpoint      16     runisomer      139
6 -0.0789130 0.7068248 -0.0332271
1 -0.2099925 1.1038888 1.1448779
1 -0.6491811 0.9841939 -0.9188569
1 0.6390336 -1.4522073 0.3468171
8 0.0451319 -0.7074191 -0.0111545
5
-114.675     ts77     dynamics     sesquiterpene     TS     runpoint      17     runisomer      139
6 -0.0824953 0.7147688 -0.0234275
1 -0.1970363 1.1305144 1.0879578
1 -0.6695701 0.9402679 -0.9110352
1 0.5040131 -1.4220261 0.3353948
8 0.0567965 -0.7141888 -0.0146918
5
-114.679     ts77     dynamics     sesquiterpene     TS     runpoint      18     runisomer      139
6 -0.0852553 0.7206525 -0.0108729
1 -0.1841704 1.1531701 1.0025384
1 -0.6902713 0.9006677 -0.8973128
1 0.3923574 -1.4019643 0.3461015
8 0.0663987 -0.7187980 -0.0202671
