5
-114.654160 ts77 dynamics sesquiterpene TS runpoint 1  runisomer  50
6 -0.0261262 0.6143632 -0.0071630
1 -0.3113777 1.1312619 0.9244778
1 -0.2875439 1.0994494 -0.8451113
1 1.0250743 -0.1070391 -0.0041727
8 -0.0352050 -0.7318095 0.0006361
5
-114.646 ts77 dynamics sesquiterpene TS runpoint 2  runisomer  50
6 -0.0261459 0.617206 -0.012919
1 -0.317025 1.13784 0.904999
1 -0.255013 1.13165 -0.778792
1 0.97899 -0.0785016 -0.0300453
8 -0.0339802 -0.738184 0.00363344
5
-114.635     ts77     dynamics     sesquiterpene     TS     runpoint      3     runisomer      50
6 -0.0251015 0.6186040 -0.0134668
1 -0.3194697 1.1420443 0.8875881
1 -0.2376244 1.1960641 -0.7743316
1 0.9386872 -0.0447623 -0.0551702
8 -0.0331656 -0.7456819 0.0064429
5
-114.639     ts77     dynamics     sesquiterpene     TS     runpoint      4     runisomer      50
6 -0.0237840 0.6191827 -0.0102355
1 -0.3192770 1.1441734 0.8768917
1 -0.2305023 1.2818626 -0.8179821
1 0.9162438 -0.0049820 -0.0793704
8 -0.0332022 -0.7541626 0.0089675
5
-114.646     ts77     dynamics     sesquiterpene     TS     runpoint      5     runisomer      50
6 -0.0231051 0.6206090 -0.0061382
1 -0.3172877 1.1450503 0.8762142
1 -0.2255476 1.3636576 -0.8775664
1 0.9211731 0.0430237 -0.1028279
8 -0.0344598 -0.7634666 0.0111687
5
-114.644     ts77     dynamics     sesquiterpene     TS     runpoint      6     runisomer      50
6 -0.0232194 0.6235077 -0.0030249
1 -0.3140020 1.1453311 0.8861393
1 -0.2191793 1.4245619 -0.9316877
1 0.9558905 0.1036648 -0.1254402
8 -0.0371706 -0.7733181 0.0130433
5
-114.642     ts77     dynamics     sesquiterpene     TS     runpoint      7     runisomer      50
6 -0.0235170 0.6274667 -0.0016917
1 -0.3092814 1.1448677 0.9043615
1 -0.2111636 1.4573562 -0.9698539
1 1.0141386 0.1828824 -0.1460674
8 -0.0414207 -0.7833164 0.0145989
5
-114.645     ts77     dynamics     sesquiterpene     TS     runpoint      8     runisomer      50
6 -0.0229921 0.6317757 -0.0023558
1 -0.3025397 1.1426291 0.9264637
1 -0.2026959 1.4598497 -0.9872242
1 1.0836325 0.2847466 -0.1625448
8 -0.0471528 -0.7929823 0.0158369
5
-114.652     ts77     dynamics     sesquiterpene     TS     runpoint      9     runisomer      50
6 -0.0206461 0.6359501 -0.0049241
1 -0.2932330 1.1372159 0.9472723
1 -0.1955469 1.4321914 -0.9818776
1 1.1505781 0.4084361 -0.1724167
8 -0.0541692 -0.8018221 0.0167374
5
-114.662     ts77     dynamics     sesquiterpene     TS     runpoint      10     runisomer      50
6 -0.0157127 0.6398104 -0.0090904
1 -0.2812700 1.1275496 0.9622300
1 -0.1918724 1.3762995 -0.9543473
1 1.2033325 0.5484125 -0.1737111
8 -0.0621804 -0.8094061 0.0172665
5
-114.672     ts77     dynamics     sesquiterpene     TS     runpoint      11     runisomer      50
6 -0.0076858 0.6432393 -0.0142675
1 -0.2672084 1.1133475 0.9683407
1 -0.1944339 1.2970457 -0.9091858
1 1.2342295 0.6965749 -0.1654008
8 -0.0708743 -0.8154246 0.0173973
5
-114.681     ts77     dynamics     sesquiterpene     TS     runpoint      12     runisomer      50
6 0.0037992 0.6457735 -0.0192899
1 -0.2523388 1.0953115 0.9646568
1 -0.2075060 1.2051044 -0.8591298
1 1.2397439 0.8442725 -0.1475853
8 -0.0799519 -0.8197026 0.0171197
5
-114.681     ts77     dynamics     sesquiterpene     TS     runpoint      13     runisomer      50
6 0.0191993 0.6463307 -0.0220827
1 -0.2387854 1.0750771 0.9525521
1 -0.2387314 1.1188699 -0.8294914
1 1.2196902 0.9834983 -0.1215130
8 -0.0891296 -0.8221842 0.0164674
5
-114.674     ts77     dynamics     sesquiterpene     TS     runpoint      14     runisomer      50
6 0.0390415 0.6439882 -0.0207465
1 -0.2295860 1.0548186 0.9360257
1 -0.2979322 1.0547514 -0.8461890
1 1.1763138 1.1074747 -0.0894441
8 -0.0981342 -0.8229206 0.0155363
5
-114.677     ts77     dynamics     sesquiterpene     TS     runpoint      15     runisomer      50
6 0.0627580 0.6395037 -0.0164228
1 -0.2283676 1.0371480 0.9214358
1 -0.3840563 1.0091598 -0.9013012
1 1.1141827 1.2106086 -0.0543560
8 -0.1066626 -0.8220686 0.0144714
5
-114.684     ts77     dynamics     sesquiterpene     TS     runpoint      16     runisomer      50
6 0.0884929 0.6343917 -0.0114262
1 -0.2403611 1.0248737 0.9134834
1 -0.4807282 0.9671479 -0.9633271
1 1.0406615 1.2900063 -0.0231581
8 -0.1144919 -0.8198155 0.0131637
5
-114.654160 ts77 dynamics sesquiterpene TS runpoint 1  runisomer  50
6 -0.0261262 0.6143632 -0.0071630
1 -0.3113777 1.1312619 0.9244778
1 -0.2875439 1.0994494 -0.8451113
1 1.0250743 -0.1070391 -0.0041727
8 -0.0352050 -0.7318095 0.0006361
5
-114.646 ts77 dynamics sesquiterpene TS runpoint 2  runisomer  50
6 -0.0252719 0.611564 0.00155518
1 -0.302714 1.1228 0.941972
1 -0.327849 1.08428 -0.944221
1 1.06621 -0.130445 0.0218561
8 -0.0364444 -0.726745 -0.00240226
5
-114.648     ts77     dynamics     sesquiterpene     TS     runpoint      3     runisomer      50
6 -0.0241019 0.6101700 0.0102644
1 -0.2919182 1.1136155 0.9550300
1 -0.3657737 1.0711690 -1.0398584
1 1.0945988 -0.1484913 0.0472582
8 -0.0374010 -0.7231564 -0.0053334
5
-114.637     ts77     dynamics     sesquiterpene     TS     runpoint      4     runisomer      50
6 -0.0228814 0.6106263 0.0171625
1 -0.2802593 1.1052745 0.9629189
1 -0.3954288 1.0546694 -1.1109765
1 1.1054565 -0.1612710 0.0712312
8 -0.0378669 -0.7211264 -0.0080349
5
-114.626     ts77     dynamics     sesquiterpene     TS     runpoint      5     runisomer      50
6 -0.0217411 0.6128975 0.0213539
1 -0.2690754 1.0994367 0.9662729
1 -0.4142968 1.0343852 -1.1483456
1 1.0966383 -0.1697526 0.0930249
8 -0.0376820 -0.7206482 -0.0104088
5
-114.62     ts77     dynamics     sesquiterpene     TS     runpoint      6     runisomer      50
6 -0.0208687 0.6168366 0.0223832
1 -0.2595069 1.0975358 0.9664338
1 -0.4214392 1.0116242 -1.1486334
1 1.0683400 -0.1761909 0.1119884
8 -0.0367058 -0.7216411 -0.0123679
5
-114.622     ts77     dynamics     sesquiterpene     TS     runpoint      7     runisomer      50
6 -0.0206084 0.6223498 0.0200584
1 -0.2522581 1.1004424 0.9646752
1 -0.4166897 0.9882675 -1.1116923
1 1.0231976 -0.1844338 0.1276914
8 -0.0348131 -0.7239664 -0.0138303
5
-114.632     ts77     dynamics     sesquiterpene     TS     runpoint      8     runisomer      50
6 -0.0214609 0.6294472 0.0145134
1 -0.2474034 1.1082046 0.9615916
1 -0.4008628 0.9668428 -1.0408950
1 0.9666571 -0.2001251 0.1401969
8 -0.0319133 -0.7274379 -0.0147249
5
-114.646     ts77     dynamics     sesquiterpene     TS     runpoint      9     runisomer      50
6 -0.0239210 0.6381459 0.0065444
1 -0.2443277 1.1200198 0.9569570
1 -0.3772901 0.9516056 -0.9470418
1 0.9072710 -0.2304866 0.1504872
8 -0.0280040 -0.7318326 -0.0150171
5
-114.655     ts77     dynamics     sesquiterpene     TS     runpoint      10     runisomer      50
6 -0.0280205 0.6481125 -0.0016952
1 -0.2418855 1.1345059 0.9501483
1 -0.3552991 0.9511559 -0.8568362
1 0.8566864 -0.2827515 0.1609529
8 -0.0232800 -0.7368988 -0.0147506
5
-114.649     ts77     dynamics     sesquiterpene     TS     runpoint      11     runisomer      50
6 -0.0328899 0.6581924 -0.0064555
1 -0.2388313 1.1502182 0.9410458
1 -0.3521205 0.9803565 -0.8159600
1 0.8296081 -0.3605801 0.1756922
8 -0.0183136 -0.7423842 -0.0141112
5
-114.647     ts77     dynamics     sesquiterpene     TS     runpoint      12     runisomer      50
6 -0.0377874 0.6672272 -0.0058530
1 -0.2344578 1.1662205 0.9311485
1 -0.3776085 1.0473436 -0.8482919
1 0.8412750 -0.4620809 0.1997645
8 -0.0140449 -0.7479935 -0.0134204
5
-114.674     ts77     dynamics     sesquiterpene     TS     runpoint      13     runisomer      50
6 -0.0434021 0.6756055 -0.0029692
1 -0.2289679 1.1823788 0.9235935
1 -0.4184492 1.1356433 -0.9187499
1 0.8931151 -0.5851418 0.2351455
8 -0.0108716 -0.7531057 -0.0128979
5
-114.698     ts77     dynamics     sesquiterpene     TS     runpoint      14     runisomer      50
6 -0.0503730 0.6840181 -0.0012235
1 -0.2230330 1.1988897 0.9211706
1 -0.4586090 1.2230033 -0.9867963
1 0.9601891 -0.7288408 0.2761469
8 -0.0077124 -0.7569054 -0.0123513
5
-114.7     ts77     dynamics     sesquiterpene     TS     runpoint      15     runisomer      50
6 -0.0586951 0.6926425 -0.0021121
1 -0.2170740 1.2154176 0.9245554
1 -0.4898977 1.2955054 -1.0322760
1 1.0108615 -0.8855756 0.3135886
8 -0.0030654 -0.7591070 -0.0113920
5
-114.687     ts77     dynamics     sesquiterpene     TS     runpoint      16     runisomer      50
6 -0.0680857 0.7014057 -0.0058310
1 -0.2109494 1.2306422 0.9319579
1 -0.5090848 1.3460145 -1.0480424
1 1.0262474 -1.0420283 0.3408376
8 0.0038343 -0.7599623 -0.0097922
5
-114.673     ts77     dynamics     sesquiterpene     TS     runpoint      17     runisomer      50
6 -0.0782104 0.7101938 -0.0119705
1 -0.2041242 1.2425450 0.9400476
1 -0.5150655 1.3709083 -1.0327691
1 1.0003313 -1.1845300 0.3548113
8 0.0130093 -0.7598913 -0.0075386
5
-114.666     ts77     dynamics     sesquiterpene     TS     runpoint      18     runisomer      50
6 -0.0887203 0.7188860 -0.0198543
1 -0.1959956 1.2491147 0.9453908
1 -0.5078816 1.3685510 -0.9882914
1 0.9348172 -1.3016466 0.3549505
8 0.0240572 -0.7592945 -0.0047735
5
-114.668     ts77     dynamics     sesquiterpene     TS     runpoint      19     runisomer      50
6 -0.0991995 0.7272297 -0.0285803
1 -0.1861152 1.2489668 0.9456467
1 -0.4891034 1.3396839 -0.9202482
1 0.8361552 -1.3851023 0.3425910
8 0.0363298 -0.7584650 -0.0017529
5
-114.676     ts77     dynamics     sesquiterpene     TS     runpoint      20     runisomer      50
6 -0.1090027 0.7345080 -0.0367423
1 -0.1742809 1.2417043 0.9402234
1 -0.4637365 1.2902995 -0.8422009
1 0.7156666 -1.4319021 0.3214420
8 0.0489320 -0.7574037 0.0011264
5
-114.677     ts77     dynamics     sesquiterpene     TS     runpoint      21     runisomer      50
6 -0.1169769 0.7389929 -0.0418286
1 -0.1605740 1.2281136 0.9304478
1 -0.4437414 1.2371688 -0.7831587
1 0.5919887 -1.4504978 0.2995584
8 0.0605831 -0.7553898 0.0032157
5
-114.656     ts77     dynamics     sesquiterpene     TS     runpoint      22     runisomer      50
6 -0.1215722 0.7381223 -0.0405042
1 -0.1453680 1.2103542 0.9195154
1 -0.4469802 1.2058039 -0.7845103
1 0.4902506 -1.4685718 0.2912092
8 0.0696863 -0.7504996 0.0035211
5
-114.643     ts77     dynamics     sesquiterpene     TS     runpoint      23     runisomer      50
6 -0.1225049 0.7311596 -0.0324550
1 -0.1293179 1.1921154 0.9124836
1 -0.4773766 1.2005016 -0.8543924
1 0.4234571 -1.5155718 0.3091370
8 0.0754977 -0.7408294 0.0011980
5
-114.661     ts77     dynamics     sesquiterpene     TS     runpoint      24     runisomer      50
6 -0.1212854 0.7198319 -0.0215713
1 -0.1132666 1.1780158 0.9149992
1 -0.5182973 1.1990726 -0.9520310
1 0.3765688 -1.5781635 0.3488039
8 0.0791038 -0.7274048 -0.0034740
