5
-114.654160 ts77 dynamics sesquiterpene TS runpoint 1  runisomer  40
6 -0.0277282 0.6168508 0.0153706
1 -0.2989672 1.2126200 0.9255712
1 -0.2365254 1.1518467 -1.0026183
1 0.9005106 -0.0667961 -0.0754949
8 -0.0301515 -0.7446392 -0.0019207
5
-114.645 ts77 dynamics sesquiterpene TS runpoint 2  runisomer  40
6 -0.0308572 0.606217 0.0116026
1 -0.26833 1.26005 0.913026
1 -0.215506 1.12179 -0.926714
1 0.88941 -0.0237948 -0.0536982
8 -0.0303589 -0.740466 -0.00445938
5
-114.644     ts77     dynamics     sesquiterpene     TS     runpoint      3     runisomer      40
6 -0.0353131 0.5985423 0.0082411
1 -0.2350200 1.2941507 0.8931468
1 -0.1962223 1.0916756 -0.8527320
1 0.9133041 0.0221924 -0.0319258
8 -0.0318345 -0.7378566 -0.0067169
5
-114.64     ts77     dynamics     sesquiterpene     TS     runpoint      4     runisomer      40
6 -0.0399493 0.5926646 0.0075943
1 -0.2004638 1.3122611 0.8679948
1 -0.1850089 1.0769602 -0.8117638
1 0.9699859 0.0778881 -0.0094083
8 -0.0348117 -0.7371717 -0.0086467
5
-114.638     ts77     dynamics     sesquiterpene     TS     runpoint      5     runisomer      40
6 -0.0430122 0.5869848 0.0111453
1 -0.1671350 1.3145230 0.8420081
1 -0.1863232 1.0896521 -0.8267182
1 1.0475683 0.1516989 0.0140978
8 -0.0394193 -0.7385045 -0.0102127
5
-114.651     ts77     dynamics     sesquiterpene     TS     runpoint      6     runisomer      40
6 -0.0431378 0.5812588 0.0173281
1 -0.1381080 1.3038141 0.8213397
1 -0.1980778 1.1218408 -0.8849088
1 1.1315258 0.2488020 0.0377889
8 -0.0457024 -0.7416821 -0.0113762
5
-114.666     ts77     dynamics     sesquiterpene     TS     runpoint      7     runisomer      40
6 -0.0396425 0.5760807 0.0230835
1 -0.1164992 1.2851194 0.8125914
1 -0.2149287 1.1558372 -0.9555932
1 1.2092195 0.3677286 0.0601333
8 -0.0535188 -0.7462557 -0.0120973
5
-114.669     ts77     dynamics     sesquiterpene     TS     runpoint      8     runisomer      40
6 -0.0323050 0.5717838 0.0261854
1 -0.1049357 1.2636616 0.8207842
1 -0.2325449 1.1796123 -1.0159389
1 1.2713056 0.5019316 0.0793835
8 -0.0625545 -0.7516352 -0.0123504
5
-114.665     ts77     dynamics     sesquiterpene     TS     runpoint      9     runisomer      40
6 -0.0212126 0.5685275 0.0256650
1 -0.1051348 1.2420690 0.8468771
1 -0.2481782 1.1879177 -1.0538604
1 1.3120034 0.6432307 0.0940215
8 -0.0724439 -0.7572584 -0.0121365
5
-114.661     ts77     dynamics     sesquiterpene     TS     runpoint      10     runisomer      40
6 -0.0066758 0.5666256 0.0215630
1 -0.1176226 1.2189356 0.8864418
1 -0.2601628 1.1792881 -1.0638142
1 1.3284634 0.7838921 0.1029980
8 -0.0828462 -0.7626922 -0.0114909
5
-114.66     ts77     dynamics     sesquiterpene     TS     runpoint      11     runisomer      40
6 0.0108531 0.5665516 0.0145587
1 -0.1416260 1.1904410 0.9311567
1 -0.2676655 1.1542542 -1.0441190
1 1.3197439 0.9171482 0.1058141
8 -0.0934631 -0.7676591 -0.0104721
5
-114.664     ts77     dynamics     sesquiterpene     TS     runpoint      12     runisomer      40
6 0.0308620 0.5687419 0.0056601
1 -0.1752287 1.1531231 0.9719127
1 -0.2709190 1.1150791 -0.9965823
1 1.2860916 1.0370017 0.1025589
8 -0.1040325 -0.7720330 -0.0091536
5
-114.67     ts77     dynamics     sesquiterpene     TS     runpoint      13     runisomer      40
6 0.0528993 0.5733720 -0.0038847
1 -0.2157943 1.1054078 1.0012446
1 -0.2722409 1.0667992 -0.9283935
1 1.2288534 1.1379899 0.0940208
8 -0.1143216 -0.7758200 -0.0076001
5
-114.675     ts77     dynamics     sesquiterpene     TS     runpoint      14     runisomer      40
6 0.0768258 0.5801533 -0.0124761
1 -0.2607043 1.0471747 1.0144775
1 -0.2785838 1.0193164 -0.8559164
1 1.1510271 1.2153852 0.0820404
8 -0.1241415 -0.7791219 -0.0058006
5
-114.673     ts77     dynamics     sesquiterpene     TS     runpoint      15     runisomer      40
6 0.1029536 0.5884020 -0.0170958
1 -0.3101635 0.9798668 1.0082788
1 -0.3033529 0.9848767 -0.8068665
1 1.0604922 1.2661828 0.0653199
8 -0.1333645 -0.7820995 -0.0039823
5
-114.67     ts77     dynamics     sesquiterpene     TS     runpoint      16     runisomer      40
6 0.1306655 0.5969558 -0.0168343
1 -0.3614021 0.9060997 0.9845261
1 -0.3590479 0.9740213 -0.7996826
1 0.9695416 1.2911991 0.0475931
8 -0.1416892 -0.7847611 -0.0020180
5
-114.654160 ts77 dynamics sesquiterpene TS runpoint 1  runisomer  40
6 -0.0277282 0.6168508 0.0153706
1 -0.2989672 1.2126200 0.9255712
1 -0.2365254 1.1518467 -1.0026183
1 0.9005106 -0.0667961 -0.0754949
8 -0.0301515 -0.7446392 -0.0019207
5
-114.645 ts77 dynamics sesquiterpene TS runpoint 2  runisomer  40
6 -0.0261012 0.630243 0.0179188
1 -0.326824 1.15698 0.93158
1 -0.254975 1.17322 -1.06039
1 0.937142 -0.110663 -0.0974635
8 -0.030763 -0.749763 0.000813218
5
-114.643     ts77     dynamics     sesquiterpene     TS     runpoint      3     runisomer      40
6 -0.0256333 0.6453884 0.0182148
1 -0.3531414 1.0998086 0.9346502
1 -0.2686244 1.1827371 -1.0900537
1 0.9835862 -0.1584731 -0.1187147
8 -0.0315220 -0.7551113 0.0036055
5
-114.64     ts77     dynamics     sesquiterpene     TS     runpoint      4     runisomer      40
6 -0.0259860 0.6612308 0.0156427
1 -0.3800047 1.0476063 0.9395902
1 -0.2764884 1.1799910 -1.0875905
1 1.0243834 -0.2143844 -0.1378652
8 -0.0316393 -0.7600120 0.0062764
5
-114.639     ts77     dynamics     sesquiterpene     TS     runpoint      5     runisomer      40
6 -0.0271173 0.6770649 0.0101526
1 -0.4091044 1.0047728 0.9492095
1 -0.2784060 1.1661719 -1.0531770
1 1.0475032 -0.2842795 -0.1536817
8 -0.0302921 -0.7639177 0.0086175
5
-114.646     ts77     dynamics     sesquiterpene     TS     runpoint      6     runisomer      40
6 -0.0293156 0.6924793 0.0025480
1 -0.4404439 0.9730189 0.9618465
1 -0.2752501 1.1444387 -0.9922455
1 1.0448555 -0.3751433 -0.1653520
8 -0.0266989 -0.7663874 0.0104245
5
-114.661     ts77     dynamics     sesquiterpene     TS     runpoint      7     runisomer      40
6 -0.0329131 0.7069097 -0.0052957
1 -0.4722304 0.9523583 0.9722756
1 -0.2699830 1.1217225 -0.9195350
1 1.0126152 -0.4924074 -0.1725442
8 -0.0202974 -0.7670917 0.0115259
5
-114.676     ts77     dynamics     sesquiterpene     TS     runpoint      8     runisomer      40
6 -0.0377859 0.7191485 -0.0103655
1 -0.5019787 0.9422933 0.9749041
1 -0.2692116 1.1108606 -0.8637111
1 0.9544765 -0.6358832 -0.1760178
8 -0.0111510 -0.7659152 0.0118667
5
-114.682     ts77     dynamics     sesquiterpene     TS     runpoint      9     runisomer      40
6 -0.0432687 0.7276011 -0.0096307
1 -0.5279258 0.9421767 0.9664724
1 -0.2811426 1.1262097 -0.8571745
1 0.8906031 -0.7984398 -0.1797865
8 -0.0006254 -0.7629730 0.0116736
5
-114.688     ts77     dynamics     sesquiterpene     TS     runpoint      10     runisomer      40
6 -0.0489074 0.7317374 -0.0031597
1 -0.5499974 0.9510293 0.9473973
1 -0.3058817 1.1674148 -0.9005399
1 0.8589993 -0.9741235 -0.1925415
8 0.0085470 -0.7581604 0.0115584
5
-114.701     ts77     dynamics     sesquiterpene     TS     runpoint      11     runisomer      40
6 -0.0546742 0.7324012 0.0058675
1 -0.5699988 0.9674790 0.9217439
1 -0.3345062 1.2184810 -0.9624186
1 0.8647537 -1.1607856 -0.2169010
8 0.0155764 -0.7511507 0.0118362
5
-114.706     ts77     dynamics     sesquiterpene     TS     runpoint      12     runisomer      40
6 -0.0604158 0.7305885 0.0143249
1 -0.5909880 0.9900420 0.8958175
1 -0.3588559 1.2644184 -1.0150301
1 0.8690426 -1.3386391 -0.2437586
8 0.0224714 -0.7429011 0.0121332
5
-114.686     ts77     dynamics     sesquiterpene     TS     runpoint      13     runisomer      40
6 -0.0658151 0.7269517 0.0202829
1 -0.6157591 1.0171057 0.8754350
1 -0.3745634 1.2967637 -1.0444153
1 0.8485626 -1.4841923 -0.2659886
8 0.0303632 -0.7347440 0.0122006
5
-114.66     ts77     dynamics     sesquiterpene     TS     runpoint      14     runisomer      40
6 -0.0706606 0.7219392 0.0229038
1 -0.6448747 1.0463133 0.8628948
1 -0.3797293 1.3115407 -1.0456824
1 0.7993804 -1.5837413 -0.2811531
8 0.0392579 -0.7274815 0.0120616
5
-114.644     ts77     dynamics     sesquiterpene     TS     runpoint      15     runisomer      40
6 -0.0749971 0.7159808 0.0221730
1 -0.6758702 1.0740747 0.8561645
1 -0.3737570 1.3072171 -1.0188650
1 0.7244659 -1.6306924 -0.2889696
8 0.0488084 -0.7215304 0.0118392
5
-114.643     ts77     dynamics     sesquiterpene     TS     runpoint      16     runisomer      40
6 -0.0790457 0.7094746 0.0186302
1 -0.7045184 1.0961024 0.8509559
1 -0.3570336 1.2841768 -0.9677761
1 0.6280950 -1.6220273 -0.2899740
8 0.0586692 -0.7171302 0.0116710
5
-114.658     ts77     dynamics     sesquiterpene     TS     runpoint      17     runisomer      40
6 -0.0830424 0.7025291 0.0132898
1 -0.7267428 1.1086441 0.8434029
1 -0.3312994 1.2457993 -0.9016034
1 0.5162602 -1.5602701 -0.2861171
8 0.0684924 -0.7141812 0.0117423
5
-114.675     ts77     dynamics     sesquiterpene     TS     runpoint      18     runisomer      40
6 -0.0870464 0.6945943 0.0078650
1 -0.7397426 1.1094258 0.8315028
1 -0.3005579 1.2011828 -0.8389664
1 0.4028786 -1.4668796 -0.2855289
8 0.0775220 -0.7113494 0.0125795
5
-114.666     ts77     dynamics     sesquiterpene     TS     runpoint      19     runisomer      40
6 -0.0908283 0.6843725 0.0048401
1 -0.7425445 1.0979116 0.8153536
1 -0.2711764 1.1668034 -0.8096317
1 0.3173058 -1.4103401 -0.3161493
8 0.0840766 -0.7043499 0.0159499
5
-114.642     ts77     dynamics     sesquiterpene     TS     runpoint      20     runisomer      40
6 -0.0941786 0.6709357 0.0059102
1 -0.7365391 1.0754447 0.7970955
1 -0.2472323 1.1566321 -0.8369074
1 0.2721573 -1.4518122 -0.4122711
8 0.0875489 -0.6895975 0.0240747
5
-114.678     ts77     dynamics     sesquiterpene     TS     runpoint      21     runisomer      40
6 -0.0972852 0.6554328 0.0094785
1 -0.7259178 1.0454559 0.7809476
1 -0.2257518 1.1652678 -0.9084297
1 0.2358961 -1.5127003 -0.5404109
8 0.0901417 -0.6727835 0.0349980
5
-114.69     ts77     dynamics     sesquiterpene     TS     runpoint      22     runisomer      40
6 -0.1002931 0.6400609 0.0121511
1 -0.7169867 1.0130693 0.7724133
1 -0.2025859 1.1770231 -0.9915774
1 0.1944573 -1.5364434 -0.6641753
8 0.0929880 -0.6584541 0.0465709
5
-114.676     ts77     dynamics     sesquiterpene     TS     runpoint      23     runisomer      40
6 -0.1031471 0.6265416 0.0114487
1 -0.7157074 0.9837059 0.7758168
1 -0.1766380 1.1811034 -1.0616003
1 0.1462351 -1.5099613 -0.7672470
8 0.0964527 -0.6483855 0.0577926
5
-114.661     ts77     dynamics     sesquiterpene     TS     runpoint      24     runisomer      40
6 -0.1059373 0.6160064 0.0064620
1 -0.7242188 0.9609486 0.7909634
1 -0.1486174 1.1728545 -1.1055654
1 0.0927743 -1.4356887 -0.8420908
8 0.1006867 -0.6432069 0.0680694
5
-114.658     ts77     dynamics     sesquiterpene     TS     runpoint      25     runisomer      40
6 -0.1090310 0.6093024 -0.0025073
1 -0.7395206 0.9455540 0.8121497
1 -0.1199681 1.1510983 -1.1180398
1 0.0369840 -1.3198390 -0.8833080
8 0.1056840 -0.6431357 0.0768491
5
-114.669     ts77     dynamics     sesquiterpene     TS     runpoint      26     runisomer      40
6 -0.1128845 0.6070375 -0.0144561
1 -0.7557651 0.9366228 0.8310048
1 -0.0925459 1.1167232 -1.0984592
1 -0.0169616 -1.1704155 -0.8861471
8 0.1112713 -0.6481234 0.0835738
5
-114.688     ts77     dynamics     sesquiterpene     TS     runpoint      27     runisomer      40
6 -0.1178356 0.6092966 -0.0279249
1 -0.7674002 0.9333379 0.8400765
1 -0.0681103 1.0729807 -1.0515207
1 -0.0645376 -1.0005207 -0.8508823
8 0.1171771 -0.6575585 0.0879311
5
-114.704     ts77     dynamics     sesquiterpene     TS     runpoint      28     runisomer      40
6 -0.1240402 0.6154125 -0.0408043
1 -0.7709376 0.9357581 0.8346927
1 -0.0474462 1.0271552 -0.9908375
1 -0.1041792 -0.8316230 -0.7940313
8 0.1232507 -0.6700537 0.0905302
5
-114.696     ts77     dynamics     sesquiterpene     TS     runpoint      29     runisomer      40
6 -0.1315443 0.6240430 -0.0500061
1 -0.7655544 0.9447625 0.8135385
1 -0.0290050 0.9922396 -0.9437675
1 -0.1427729 -0.6874975 -0.7571916
8 0.1298125 -0.6839765 0.0934828
5
-114.67     ts77     dynamics     sesquiterpene     TS     runpoint      30     runisomer      40
6 -0.1403141 0.6337057 -0.0523970
1 -0.7534353 0.9618180 0.7792580
1 -0.0083663 0.9828068 -0.9431347
1 -0.1895569 -0.5779747 -0.7708565
8 0.1372781 -0.6986074 0.0982614
5
-114.661     ts77     dynamics     sesquiterpene     TS     runpoint      31     runisomer      40
6 -0.1498239 0.6436794 -0.0480955
1 -0.7403581 0.9891540 0.7394904
1 0.0172544 1.0013973 -0.9925095
1 -0.2394387 -0.5055362 -0.8133873
8 0.1451190 -0.7135468 0.1033334
5
-114.663     ts77     dynamics     sesquiterpene     TS     runpoint      32     runisomer      40
6 -0.1587877 0.6537772 -0.0408965
1 -0.7351755 1.0300781 0.7061689
1 0.0449639 1.0371549 -1.0610837
1 -0.2833792 -0.4717746 -0.8551069
8 0.1525415 -0.7280818 0.1069829
5
-114.656     ts77     dynamics     sesquiterpene     TS     runpoint      33     runisomer      40
6 -0.1659339 0.6636036 -0.0345133
1 -0.7451911 1.0872024 0.6892262
1 0.0702542 1.0786044 -1.1191711
1 -0.3163238 -0.4740973 -0.8798197
8 0.1590182 -0.7415192 0.1084803
5
-114.647     ts77     dynamics     sesquiterpene     TS     runpoint      34     runisomer      40
6 -0.1708539 0.6729667 -0.0305366
1 -0.7693401 1.1579074 0.6881190
1 0.0900257 1.1180926 -1.1509744
1 -0.3354148 -0.5087465 -0.8801735
8 0.1641893 -0.7533030 0.1075944
5
-114.646     ts77     dynamics     sesquiterpene     TS     runpoint      35     runisomer      40
6 -0.1739676 0.6822762 -0.0288091
1 -0.7985823 1.2331645 0.6931959
1 0.1026025 1.1506848 -1.1503614
1 -0.3385436 -0.5732275 -0.8536465
8 0.1677733 -0.7630193 0.1042687
5
-114.652     ts77     dynamics     sesquiterpene     TS     runpoint      36     runisomer      40
6 -0.1758918 0.6921973 -0.0285699
1 -0.8229145 1.3021534 0.6945206
1 0.1073333 1.1730507 -1.1166176
1 -0.3250889 -0.6657168 -0.8023110
8 0.1696042 -0.7703903 0.0986467
5
-114.665     ts77     dynamics     sesquiterpene     TS     runpoint      37     runisomer      40
6 -0.1770910 0.7031206 -0.0290867
1 -0.8357317 1.3563127 0.6865040
1 0.1047301 1.1835024 -1.0533484
1 -0.2992531 -0.7828717 -0.7367818
8 0.1698474 -0.7752739 0.0914258
5
-114.677     ts77     dynamics     sesquiterpene     TS     runpoint      38     runisomer      40
6 -0.1779244 0.7147951 -0.0296377
1 -0.8342967 1.3903314 0.6678717
1 0.0972660 1.1833726 -0.9702243
1 -0.2750395 -0.9201977 -0.6826459
8 0.1693262 -0.7775141 0.0843660
5
-114.681     ts77     dynamics     sesquiterpene     TS     runpoint      39     runisomer      40
6 -0.1788220 0.7261213 -0.0291262
1 -0.8192705 1.4019747 0.6407619
1 0.0908365 1.1796482 -0.8868600
1 -0.2694824 -1.0774339 -0.6670812
8 0.1691077 -0.7766023 0.0794581
5
-114.684     ts77     dynamics     sesquiterpene     TS     runpoint      40     runisomer      40
6 -0.1803564 0.7352462 -0.0258982
1 -0.7947134 1.3923739 0.6104836
1 0.0955430 1.1860378 -0.8332668
1 -0.2765177 -1.2474994 -0.6756927
8 0.1688588 -0.7725292 0.0761113
5
-114.679     ts77     dynamics     sesquiterpene     TS     runpoint      41     runisomer      40
6 -0.1827002 0.7404039 -0.0192274
1 -0.7685862 1.3669674 0.5858586
1 0.1201313 1.2136247 -0.8310777
1 -0.2789200 -1.4072790 -0.6758856
8 0.1675742 -0.7664675 0.0725335
5
-114.67     ts77     dynamics     sesquiterpene     TS     runpoint      42     runisomer      40
6 -0.1847457 0.7410950 -0.0113839
1 -0.7524454 1.3357149 0.5786389
1 0.1616192 1.2560094 -0.8680376
1 -0.2691498 -1.5363986 -0.6525435
8 0.1648626 -0.7595516 0.0679648
5
-114.659     ts77     dynamics     sesquiterpene     TS     runpoint      43     runisomer      40
6 -0.1847816 0.7376748 -0.0058071
1 -0.7567705 1.3086895 0.5986405
1 0.2088341 1.2975645 -0.9149964
1 -0.2471316 -1.6236456 -0.6037841
8 0.1608007 -0.7524041 0.0624093
5
-114.65     ts77     dynamics     sesquiterpene     TS     runpoint      44     runisomer      40
6 -0.1820434 0.7309059 -0.0043059
1 -0.7822431 1.2872457 0.6450631
1 0.2519753 1.3272417 -0.9505949
1 -0.2154290 -1.6637375 -0.5326234
8 0.1556362 -0.7453177 0.0561190
5
-114.65     ts77     dynamics     sesquiterpene     TS     runpoint      45     runisomer      40
6 -0.1770459 0.7219040 -0.0067321
1 -0.8184311 1.2635020 0.7052593
1 0.2850837 1.3399267 -0.9641160
1 -0.1774033 -1.6548153 -0.4437929
8 0.1496858 -0.7384295 0.0494029
5
-114.658     ts77     dynamics     sesquiterpene     TS     runpoint      46     runisomer      40
6 -0.1707955 0.7116004 -0.0120626
1 -0.8522907 1.2292171 0.7637041
1 0.3051949 1.3340137 -0.9515510
1 -0.1377834 -1.6007432 -0.3444150
8 0.1433674 -0.7315742 0.0426682
5
-114.667     ts77     dynamics     sesquiterpene     TS     runpoint      47     runisomer      40
6 -0.1641982 0.7004136 -0.0191534
1 -0.8742143 1.1806767 0.8086697
1 0.3116589 1.3101492 -0.9132116
1 -0.1060272 -1.5233315 -0.2479519
8 0.1373904 -0.7234972 0.0366619
5
-114.664     ts77     dynamics     sesquiterpene     TS     runpoint      48     runisomer      40
6 -0.1580275 0.6882705 -0.0268121
1 -0.8788699 1.1183436 0.8332373
1 0.3064777 1.2717446 -0.8539050
1 -0.1016184 -1.4827511 -0.1766572
8 0.1331026 -0.7105958 0.0326329
5
-114.656     ts77     dynamics     sesquiterpene     TS     runpoint      49     runisomer      40
6 -0.1531929 0.6746899 -0.0335863
1 -0.8645938 1.0456403 0.8345635
1 0.2958807 1.2272573 -0.7853871
1 -0.1398794 -1.5281356 -0.1385304
8 0.1316545 -0.6901627 0.0309142
5
-114.677     ts77     dynamics     sesquiterpene     TS     runpoint      50     runisomer      40
6 -0.1509680 0.6588566 -0.0376532
1 -0.8333848 0.9683815 0.8139288
1 0.2920854 1.1924853 -0.7283311
1 -0.2033898 -1.6007922 -0.1133751
8 0.1322606 -0.6666471 0.0300877
5
-114.678     ts77     dynamics     sesquiterpene     TS     runpoint      51     runisomer      40
6 -0.1525107 0.6400342 -0.0376694
1 -0.7919916 0.8945623 0.7782847
1 0.3090910 1.1849886 -0.7037547
1 -0.2731158 -1.6452820 -0.0896926
8 0.1341328 -0.6445979 0.0293081
5
-114.668     ts77     dynamics     sesquiterpene     TS     runpoint      52     runisomer      40
6 -0.1573971 0.6188651 -0.0347847
1 -0.7537896 0.8342306 0.7430023
1 0.3481531 1.2067301 -0.7115017
1 -0.3401483 -1.6430741 -0.0652145
8 0.1371547 -0.6264236 0.0283158
5
-114.661     ts77     dynamics     sesquiterpene     TS     runpoint      53     runisomer      40
6 -0.1634998 0.5975542 -0.0324205
1 -0.7371736 0.7979592 0.7305269
1 0.3956017 1.2422688 -0.7315072
1 -0.4004314 -1.5926123 -0.0401854
8 0.1414964 -0.6135694 0.0270142
5
-114.657     ts77     dynamics     sesquiterpene     TS     runpoint      54     runisomer      40
6 -0.1692746 0.5788070 -0.0331196
1 -0.7525702 0.7916804 0.7541393
1 0.4374438 1.2756071 -0.7453569
1 -0.4508893 -1.4974011 -0.0149013
8 0.1473420 -0.6072084 0.0253320
5
-114.665     ts77     dynamics     sesquiterpene     TS     runpoint      55     runisomer      40
6 -0.1752023 0.5653440 -0.0366923
1 -0.7905528 0.8120922 0.8019655
1 0.4658657 1.2971979 -0.7430911
1 -0.4898263 -1.3655440 0.0107048
8 0.1548451 -0.6080619 0.0232442
5
-114.678     ts77     dynamics     sesquiterpene     TS     runpoint      56     runisomer      40
6 -0.1825059 0.5591932 -0.0416801
1 -0.8332663 0.8500321 0.8514392
1 0.4778679 1.3028002 -0.7206314
1 -0.5243170 -1.2176659 0.0370289
8 0.1644335 -0.6155084 0.0207971
5
-114.682     ts77     dynamics     sesquiterpene     TS     runpoint      57     runisomer      40
6 -0.1917609 0.5610851 -0.0469414
1 -0.8675610 0.8960916 0.8863755
1 0.4733772 1.2920575 -0.6777337
1 -0.5800417 -1.0881498 0.0658373
8 0.1773334 -0.6273131 0.0180268
5
-114.682     ts77     dynamics     sesquiterpene     TS     runpoint      58     runisomer      40
6 -0.2028531 0.5704968 -0.0517686
1 -0.8866392 0.9429060 0.8988853
1 0.4552087 1.2686972 -0.6178646
1 -0.6741301 -0.9932068 0.1002404
8 0.1939305 -0.6418336 0.0149230
5
-114.692     ts77     dynamics     sesquiterpene     TS     runpoint      59     runisomer      40
6 -0.2155938 0.5857905 -0.0554935
1 -0.8879982 0.9853905 0.8864805
1 0.4309211 1.2420097 -0.5491966
1 -0.7756513 -0.9203551 0.1390160
8 0.2115035 -0.6588932 0.0117309
5
-114.69     ts77     dynamics     sesquiterpene     TS     runpoint      60     runisomer      40
6 -0.2302381 0.6043926 -0.0572579
1 -0.8722010 1.0203694 0.8503162
1 0.4148536 1.2276434 -0.4847452
1 -0.8505330 -0.8622228 0.1777079
8 0.2272273 -0.6778093 0.0088358
5
-114.677     ts77     dynamics     sesquiterpene     TS     runpoint      61     runisomer      40
6 -0.2471620 0.6236091 -0.0565130
1 -0.8431386 1.0465377 0.7956237
1 0.4236817 1.2414872 -0.4370093
1 -0.8837856 -0.8187920 0.2125656
8 0.2396330 -0.6974819 0.0065209
5
-114.669     ts77     dynamics     sesquiterpene     TS     runpoint      62     runisomer      40
6 -0.2653637 0.6420116 -0.0541269
1 -0.8096295 1.0656167 0.7341929
1 0.4606114 1.2845346 -0.4079517
1 -0.8718718 -0.7921850 0.2412248
8 0.2481007 -0.7168780 0.0049669
5
-114.668     ts77     dynamics     sesquiterpene     TS     runpoint      63     runisomer      40
6 -0.2819362 0.6594491 -0.0525167
1 -0.7865953 1.0843843 0.6865042
1 0.5108726 1.3412490 -0.3900455
1 -0.8165919 -0.7852021 0.2626357
8 0.2524337 -0.7351543 0.0042884
5
-114.665     ts77     dynamics     sesquiterpene     TS     runpoint      64     runisomer      40
6 -0.2937808 0.6758702 -0.0542569
1 -0.7898431 1.1125096 0.6747890
1 0.5569738 1.3948771 -0.3758634
1 -0.7251455 -0.8009317 0.2776090
8 0.2528599 -0.7516320 0.0044958
5
-114.666     ts77     dynamics     sesquiterpene     TS     runpoint      65     runisomer      40
6 -0.2995767 0.6915638 -0.0600447
1 -0.8219638 1.1508401 0.7024875
1 0.5877085 1.4349568 -0.3613485
1 -0.6175116 -0.8424711 0.2912206
8 0.2505150 -0.7657275 0.0053222
5
-114.667     ts77     dynamics     sesquiterpene     TS     runpoint      66     runisomer      40
6 -0.2999904 0.7073498 -0.0684073
1 -0.8698818 1.1879555 0.7504960
1 0.5979511 1.4564257 -0.3449352
1 -0.5391191 -0.9137791 0.3183914
8 0.2482609 -0.7767679 0.0058257
5
-114.659     ts77     dynamics     sesquiterpene     TS     runpoint      67     runisomer      40
6 -0.2964043 0.7235910 -0.0774118
1 -0.9185029 1.2123795 0.7972641
1 0.5870790 1.4578997 -0.3265700
1 -0.5333033 -1.0204491 0.3780763
8 0.2489547 -0.7838616 0.0047187
5
-114.672     ts77     dynamics     sesquiterpene     TS     runpoint      68     runisomer      40
6 -0.2902638 0.7398752 -0.0855679
1 -0.9578415 1.2186335 0.8289571
1 0.5588569 1.4415021 -0.3073999
1 -0.5633045 -1.1514900 0.4570942
8 0.2504979 -0.7871818 0.0026559
5
-114.678     ts77     dynamics     sesquiterpene     TS     runpoint      69     runisomer      40
6 -0.2831415 0.7552311 -0.0918144
1 -0.9824974 1.2056957 0.8384737
1 0.5228048 1.4140736 -0.2899315
1 -0.5800562 -1.2816386 0.5292629
8 0.2500372 -0.7879578 0.0010965
5
-114.663     ts77     dynamics     sesquiterpene     TS     runpoint      70     runisomer      40
6 -0.2769282 0.7681967 -0.0953496
1 -0.9900309 1.1748676 0.8229459
1 0.4955420 1.3882699 -0.2781537
1 -0.5655381 -1.3921451 0.5807246
8 0.2466546 -0.7871535 0.0007459
5
-114.647     ts77     dynamics     sesquiterpene     TS     runpoint      71     runisomer      40
6 -0.2734669 0.7771490 -0.0956733
1 -0.9804845 1.1289551 0.7828686
1 0.4961437 1.3786617 -0.2762862
1 -0.5178625 -1.4723358 0.6065926
8 0.2404171 -0.7853187 0.0017687
5
-114.644     ts77     dynamics     sesquiterpene     TS     runpoint      72     runisomer      40
6 -0.2731655 0.7812572 -0.0929744
1 -0.9575334 1.0725466 0.7233783
1 0.5306981 1.3895566 -0.2852886
1 -0.4406237 -1.5160605 0.6058964
8 0.2317026 -0.7827783 0.0041071
5
-114.657     ts77     dynamics     sesquiterpene     TS     runpoint      73     runisomer      40
6 -0.2741175 0.7807631 -0.0885569
1 -0.9316454 1.0129615 0.6576919
1 0.5849373 1.4103027 -0.3011762
1 -0.3400423 -1.5201923 0.5800195
8 0.2210325 -0.7796998 0.0075667
5
-114.667     ts77     dynamics     sesquiterpene     TS     runpoint      74     runisomer      40
6 -0.2730470 0.7759745 -0.0847571
1 -0.9229949 0.9601469 0.6093524
1 0.6383427 1.4269082 -0.3180811
1 -0.2264629 -1.4872996 0.5347128
8 0.2091650 -0.7758986 0.0116855
5
-114.666     ts77     dynamics     sesquiterpene     TS     runpoint      75     runisomer      40
6 -0.2671224 0.7669464 -0.0836465
1 -0.9519227 0.9218341 0.5998078
1 0.6762082 1.4304672 -0.3312374
1 -0.1191230 -1.4367822 0.4877959
8 0.1973957 -0.7701189 0.0152435
5
-114.654     ts77     dynamics     sesquiterpene     TS     runpoint      76     runisomer      40
6 -0.2562067 0.7539740 -0.0848400
1 -1.0140213 0.8976888 0.6230213
1 0.6914196 1.4174732 -0.3377828
1 -0.0464433 -1.4205860 0.4789499
8 0.1875845 -0.7590680 0.0156505
5
-114.65     ts77     dynamics     sesquiterpene     TS     runpoint      77     runisomer      40
6 -0.2424027 0.7374767 -0.0862521
1 -1.0844217 0.8835534 0.6543811
1 0.6828954 1.3883498 -0.3366150
1 -0.0144078 -1.4686811 0.5307643
8 0.1801861 -0.7409356 0.0114008
5
-114.672     ts77     dynamics     sesquiterpene     TS     runpoint      78     runisomer      40
6 -0.2279922 0.7177158 -0.0861667
1 -1.1419377 0.8765552 0.6751894
1 0.6547433 1.3470277 -0.3282740
1 -0.0008200 -1.5269653 0.6061462
8 0.1739189 -0.7193941 0.0047555
5
-114.673     ts77     dynamics     sesquiterpene     TS     runpoint      79     runisomer      40
6 -0.2149286 0.6947373 -0.0835768
1 -1.1752654 0.8750896 0.6766860
1 0.6167434 1.3015085 -0.3151744
1 0.0061808 -1.5532857 0.6741819
8 0.1681745 -0.6975360 -0.0023887
5
-114.664     ts77     dynamics     sesquiterpene     TS     runpoint      80     runisomer      40
6 -0.2050415 0.6684328 -0.0778753
1 -1.1799115 0.8778668 0.6560926
1 0.5840733 1.2640416 -0.3016423
1 0.0102557 -1.5335644 0.7223283
8 0.1628547 -0.6768590 -0.0092506
5
-114.662     ts77     dynamics     sesquiterpene     TS     runpoint      81     runisomer      40
6 -0.1997365 0.6389927 -0.0688003
1 -1.1558104 0.8835048 0.6140944
1 0.5712624 1.2469721 -0.2923365
1 0.0127413 -1.4661691 0.7461512
8 0.1580097 -0.6582983 -0.0154957
5
-114.675     ts77     dynamics     sesquiterpene     TS     runpoint      82     runisomer      40
6 -0.1990533 0.6078118 -0.0567369
1 -1.1074965 0.8907196 0.5547677
1 0.5804500 1.2533053 -0.2888522
1 0.0141805 -1.3553388 0.7447858
8 0.1537862 -0.6427415 -0.0209372
5
-114.697     ts77     dynamics     sesquiterpene     TS     runpoint      83     runisomer      40
6 -0.2013398 0.5777092 -0.0429406
1 -1.0468911 0.8995104 0.4872234
1 0.5998809 1.2739343 -0.2888913
1 0.0140222 -1.2129370 0.7233999
8 0.1504716 -0.6309843 -0.0256771
5
-114.704     ts77     dynamics     sesquiterpene     TS     runpoint      84     runisomer      40
6 -0.2038963 0.5518519 -0.0293926
1 -0.9968671 0.9137627 0.4268436
1 0.6156389 1.2962912 -0.2892828
1 0.0088222 -1.0662511 0.7055335
8 0.1485758 -0.6231345 -0.0308823
5
-114.677     ts77     dynamics     sesquiterpene     TS     runpoint      85     runisomer      40
6 -0.2040232 0.5328506 -0.0181435
1 -0.9853632 0.9414935 0.3897909
1 0.6193043 1.3114371 -0.2880894
1 -0.0091559 -0.9539627 0.7416347
8 0.1488520 -0.6186569 -0.0393327
5
-114.658     ts77     dynamics     sesquiterpene     TS     runpoint      86     runisomer      40
6 -0.2011027 0.5231844 -0.0099890
1 -1.0204298 0.9840125 0.3786026
1 0.6082336 1.3152800 -0.2846761
1 -0.0394181 -0.8803489 0.8400831
8 0.1514787 -0.6189648 -0.0511608
5
-114.665     ts77     dynamics     sesquiterpene     TS     runpoint      87     runisomer      40
6 -0.1969236 0.5250362 -0.0042844
1 -1.0827309 1.0290756 0.3817454
1 0.5837351 1.3075935 -0.2792690
1 -0.0686978 -0.8268795 0.9462806
8 0.1556614 -0.6260796 -0.0626675
5
-114.663     ts77     dynamics     sesquiterpene     TS     runpoint      88     runisomer      40
6 -0.1934341 0.5386372 -0.0001215
1 -1.1491864 1.0630159 0.3876415
1 0.5501648 1.2917525 -0.2729932
1 -0.0879774 -0.7875448 1.0244288
8 0.1605632 -0.6399044 -0.0714787
5
-114.657     ts77     dynamics     sesquiterpene     TS     runpoint      89     runisomer      40
6 -0.1919226 0.5618773 0.0032308
1 -1.2047614 1.0784237 0.3896061
1 0.5156947 1.2757867 -0.2685791
1 -0.0939644 -0.7621542 1.0614354
8 0.1654832 -0.6589056 -0.0767255
5
-114.655     ts77     dynamics     sesquiterpene     TS     runpoint      90     runisomer      40
6 -0.1934271 0.5912890 0.0064892
1 -1.2411527 1.0732547 0.3843901
1 0.4925186 1.2722765 -0.2708106
1 -0.0860152 -0.7507169 1.0527460
8 0.1698666 -0.6811475 -0.0781515
5
-114.661     ts77     dynamics     sesquiterpene     TS     runpoint      91     runisomer      40
6 -0.1986366 0.6233883 0.0102454
1 -1.2544690 1.0487440 0.3707536
1 0.4915566 1.2923162 -0.2845034
1 -0.0647200 -0.7531151 0.9982366
8 0.1733365 -0.7047994 -0.0758121
5
-114.679     ts77     dynamics     sesquiterpene     TS     runpoint      92     runisomer      40
6 -0.2070871 0.6559286 0.0145382
1 -1.2450398 1.0084541 0.3491159
1 0.5122454 1.3352253 -0.3099183
1 -0.0321211 -0.7701552 0.9053154
8 0.1757282 -0.7283055 -0.0702118
5
-114.699     ts77     dynamics     sesquiterpene     TS     runpoint      93     runisomer      40
6 -0.2169220 0.6879513 0.0187542
1 -1.2193668 0.9582472 0.3219116
1 0.5418284 1.3887707 -0.3416955
1 0.0058007 -0.8039611 0.8010539
8 0.1772387 -0.7504128 -0.0630883
5
-114.693     ts77     dynamics     sesquiterpene     TS     runpoint      94     runisomer      40
6 -0.2254862 0.7187892 0.0220247
1 -1.1930218 0.9060504 0.2940286
1 0.5655920 1.4395264 -0.3729540
1 0.0352505 -0.8587704 0.7538279
8 0.1786548 -0.7700073 -0.0588385
5
-114.668     ts77     dynamics     sesquiterpene     TS     runpoint      95     runisomer      40
6 -0.2300336 0.7476505 0.0236635
1 -1.1886096 0.8595148 0.2715212
1 0.5735105 1.4787468 -0.3985696
1 0.0470617 -0.9394442 0.8174474
8 0.1805496 -0.7861184 -0.0610437
5
-114.679     ts77     dynamics     sesquiterpene     TS     runpoint      96     runisomer      40
6 -0.2291628 0.7739909 0.0235551
1 -1.2194721 0.8220070 0.2568493
1 0.5611380 1.5026278 -0.4160336
1 0.0533912 -1.0340390 0.9204066
8 0.1822259 -0.7990618 -0.0654239
5
-114.678     ts77     dynamics     sesquiterpene     TS     runpoint      97     runisomer      40
6 -0.2239971 0.7974921 0.0222897
1 -1.2744045 0.7931920 0.2460967
1 0.5290818 1.5113737 -0.4254560
1 0.0621270 -1.1252823 1.0012452
8 0.1832850 -0.8096814 -0.0682963
5
-114.662     ts77     dynamics     sesquiterpene     TS     runpoint      98     runisomer      40
6 -0.2170845 0.8175986 0.0207960
1 -1.3301479 0.7731676 0.2334891
1 0.4829164 1.5091622 -0.4298042
1 0.0747294 -1.2024665 1.0388874
8 0.1837301 -0.8185027 -0.0684772
5
-114.645     ts77     dynamics     sesquiterpene     TS     runpoint      99     runisomer      40
6 -0.2109352 0.8333637 0.0200563
1 -1.3685348 0.7629147 0.2154615
1 0.4331161 1.5046201 -0.4354084
1 0.0906643 -1.2595078 1.0287640
8 0.1836722 -0.8258054 -0.0657936
5
-114.633     ts77     dynamics     sesquiterpene     TS     runpoint      100     runisomer      40
6 -0.2074811 0.8436644 0.0210312
1 -1.3802239 0.7631124 0.1909142
1 0.3924575 1.5090559 -0.4510587
1 0.1089030 -1.2925112 0.9719847
8 0.1832333 -0.8317460 -0.0604141
5
-114.634     ts77     dynamics     sesquiterpene     TS     runpoint      101     runisomer      40
6 -0.2075865 0.8478624 0.0243081
1 -1.3630273 0.7735434 0.1603947
1 0.3684984 1.5290067 -0.4829196
1 0.1280792 -1.2997782 0.8746065
8 0.1825332 -0.8363534 -0.0528054
5
-114.65     ts77     dynamics     sesquiterpene     TS     runpoint      102     runisomer      40
6 -0.2106186 0.8464124 0.0296335
1 -1.3212571 0.7929109 0.1255864
1 0.3579544 1.5589627 -0.5285032
1 0.1461256 -1.2862631 0.7557048
8 0.1817053 -0.8392259 -0.0442417
5
-114.656     ts77     dynamics     sesquiterpene     TS     runpoint      103     runisomer      40
6 -0.2147437 0.8404739 0.0360908
1 -1.2672805 0.8188837 0.0889881
1 0.3518831 1.5857467 -0.5785621
1 0.1599081 -1.2768526 0.6672572
8 0.1809145 -0.8386895 -0.0380515
5
-114.633     ts77     dynamics     sesquiterpene     TS     runpoint      104     runisomer      40
6 -0.2174666 0.8311207 0.0427014
1 -1.2228967 0.8487709 0.0532215
1 0.3432904 1.5976642 -0.6235882
1 0.1671853 -1.3149290 0.6806440
8 0.1802460 -0.8319095 -0.0387631
5
-114.642     ts77     dynamics     sesquiterpene     TS     runpoint      105     runisomer      40
6 -0.2164844 0.8189993 0.0488297
1 -1.2118633 0.8809972 0.0197328
1 0.3293356 1.5881825 -0.6571838
1 0.1694843 -1.3808753 0.7604301
8 0.1795497 -0.8200958 -0.0441603
5
-114.655     ts77     dynamics     sesquiterpene     TS     runpoint      106     runisomer      40
6 -0.2113578 0.8043818 0.0542037
1 -1.2394707 0.9148900 -0.0110592
1 0.3106154 1.5553959 -0.6764421
1 0.1679446 -1.4312976 0.8406729
8 0.1787226 -0.8060247 -0.0500925
5
-114.654     ts77     dynamics     sesquiterpene     TS     runpoint      107     runisomer      40
6 -0.2038628 0.7874239 0.0586855
1 -1.2872700 0.9481091 -0.0375242
1 0.2900849 1.5009197 -0.6816325
1 0.1628950 -1.4480214 0.8935386
8 0.1777260 -0.7909119 -0.0547904
5
-114.652     ts77     dynamics     sesquiterpene     TS     runpoint      108     runisomer      40
6 -0.1962737 0.7681633 0.0622780
1 -1.3326137 0.9767361 -0.0568183
1 0.2723998 1.4296277 -0.6763454
1 0.1545392 -1.4266378 0.9102952
8 0.1765326 -0.7751236 -0.0576561
5
-114.655     ts77     dynamics     sesquiterpene     TS     runpoint      109     runisomer      40
6 -0.1903057 0.7463741 0.0652962
1 -1.3609231 0.9972773 -0.0665104
1 0.2636580 1.3497947 -0.6680190
1 0.1431102 -1.3677294 0.8886546
8 0.1751127 -0.7587562 -0.0584686
5
-114.666     ts77     dynamics     sesquiterpene     TS     runpoint      110     runisomer      40
6 -0.1870520 0.7216770 0.0683277
1 -1.3654831 1.0074569 -0.0652482
1 0.2705106 1.2718252 -0.6669707
1 0.1288571 -1.2755328 0.8308009
8 0.1734281 -0.7417683 -0.0572421
5
-114.685     ts77     dynamics     sesquiterpene     TS     runpoint      111     runisomer      40
6 -0.1869464 0.6940220 0.0717386
1 -1.3447093 1.0060814 -0.0526730
1 0.2969712 1.2038072 -0.6809097
1 0.1116406 -1.1625060 0.7506686
8 0.1714601 -0.7237723 -0.0546638
5
-114.696     ts77     dynamics     sesquiterpene     TS     runpoint      112     runisomer      40
6 -0.1895262 0.6641727 0.0750471
1 -1.3010122 0.9929576 -0.0292564
1 0.3402656 1.1473428 -0.7078644
1 0.0887949 -1.0595192 0.6946419
8 0.1693570 -0.7034849 -0.0533906
5
-114.684     ts77     dynamics     sesquiterpene     TS     runpoint      113     runisomer      40
6 -0.1934463 0.6336253 0.0770684
1 -1.2417487 0.9694659 0.0037237
1 0.3913250 1.0997683 -0.7375257
1 0.0525357 -1.0058799 0.7349804
8 0.1676347 -0.6794712 -0.0576566
5
-114.697     ts77     dynamics     sesquiterpene     TS     runpoint      114     runisomer      40
6 -0.1967932 0.6041960 0.0767098
1 -1.1814687 0.9398076 0.0442879
1 0.4397221 1.0591131 -0.7593613
1 0.0051193 -0.9879523 0.8391246
8 0.1662900 -0.6540939 -0.0651295
5
-114.699     ts77     dynamics     sesquiterpene     TS     runpoint      115     runisomer      40
6 -0.1974544 0.5776748 0.0734098
1 -1.1416144 0.9114774 0.0906268
1 0.4773378 1.0257207 -0.7672813
1 -0.0421419 -0.9795296 0.9359150
8 0.1648866 -0.6308409 -0.0711729
5
-114.672     ts77     dynamics     sesquiterpene     TS     runpoint      116     runisomer      40
6 -0.1940781 0.5559767 0.0670227
1 -1.1398101 0.8917075 0.1424460
1 0.4992629 1.0014284 -0.7596957
1 -0.0824682 -0.9717835 0.9955361
8 0.1634047 -0.6122764 -0.0738801
5
-114.648     ts77     dynamics     sesquiterpene     TS     runpoint      117     runisomer      40
6 -0.1874111 0.5415377 0.0577545
1 -1.1729356 0.8808566 0.1997032
1 0.5036531 0.9887733 -0.7382802
1 -0.1127107 -0.9637558 1.0106191
8 0.1621245 -0.6004698 -0.0728330
5
-114.639     ts77     dynamics     sesquiterpene     TS     runpoint      118     runisomer      40
6 -0.1798337 0.5367729 0.0462927
1 -1.2204920 0.8732703 0.2595253
1 0.4916144 0.9908321 -0.7072758
1 -0.1311083 -0.9563967 0.9810679
8 0.1613601 -0.5970124 -0.0680931
5
-114.643     ts77     dynamics     sesquiterpene     TS     runpoint      119     runisomer      40
6 -0.1737053 0.5428205 0.0337360
1 -1.2621642 0.8638751 0.3168111
1 0.4673293 1.0112809 -0.6736226
1 -0.1367374 -0.9504751 0.9092905
8 0.1612780 -0.6026202 -0.0598780
5
-114.66     ts77     dynamics     sesquiterpene     TS     runpoint      120     runisomer      40
6 -0.1706343 0.5587873 0.0213472
1 -1.2850215 0.8507021 0.3666865
1 0.4379491 1.0541242 -0.6464690
1 -0.1310621 -0.9480894 0.8043882
8 0.1619138 -0.6166193 -0.0488255
5
-114.68     ts77     dynamics     sesquiterpene     TS     runpoint      121     runisomer      40
6 -0.1714107 0.5820149 0.0101971
1 -1.2825366 0.8340931 0.4058180
1 0.4111544 1.1218065 -0.6337558
1 -0.1241430 -0.9599376 0.6988798
8 0.1635985 -0.6365178 -0.0370786
5
-114.681     ts77     dynamics     sesquiterpene     TS     runpoint      122     runisomer      40
6 -0.1759218 0.6093263 0.0007931
1 -1.2531605 0.8157492 0.4326701
1 0.3899645 1.2111737 -0.6366717
1 -0.1433651 -1.0138223 0.6618293
8 0.1676848 -0.6580888 -0.0291970
5
-114.69     ts77     dynamics     sesquiterpene     TS     runpoint      123     runisomer      40
6 -0.1832280 0.6382324 -0.0070077
1 -1.2006338 0.7985795 0.4477673
1 0.3709760 1.3117560 -0.6485261
1 -0.1996067 -1.1156941 0.7063684
8 0.1746032 -0.6786139 -0.0263550
5
-114.718     ts77     dynamics     sesquiterpene     TS     runpoint      124     runisomer      40
6 -0.1918301 0.6671936 -0.0138129
1 -1.1355946 0.7865155 0.4548362
1 0.3486781 1.4100161 -0.6601158
1 -0.2635834 -1.2246963 0.7637944
8 0.1824008 -0.6989068 -0.0245832
5
-114.709     ts77     dynamics     sesquiterpene     TS     runpoint      125     runisomer      40
6 -0.1997567 0.6952071 -0.0205836
1 -1.0769797 0.7835682 0.4626541
1 0.3194863 1.4945825 -0.6645654
1 -0.3157817 -1.3130137 0.7973936
8 0.1897894 -0.7195030 -0.0218326
5
-114.682     ts77     dynamics     sesquiterpene     TS     runpoint      126     runisomer      40
6 -0.2050138 0.7215505 -0.0284195
1 -1.0468822 0.7923894 0.4837943
1 0.2826546 1.5583530 -0.6586620
1 -0.3493260 -1.3696672 0.7973441
8 0.1962765 -0.7402728 -0.0176558
