5
-114.654160 ts77 dynamics sesquiterpene TS runpoint 1  runisomer  136
6 -0.0408742 0.6365830 -0.0228954
1 -0.1773074 0.9854405 0.9871946
1 -0.2665967 1.1423807 -0.9014260
1 1.0171312 -0.0849231 0.1024253
8 -0.0334082 -0.7433894 0.0053201
5
-114.646 ts77 dynamics sesquiterpene TS runpoint 2  runisomer  136
6 -0.0437519 0.627213 -0.0146537
1 -0.131174 0.984996 0.904137
1 -0.26052 1.15385 -0.901827
1 0.97912 -0.0566913 0.120186
8 -0.0321436 -0.738833 0.00327643
5
-114.641     ts77     dynamics     sesquiterpene     TS     runpoint      3     runisomer      136
6 -0.0453517 0.6163824 -0.0080880
1 -0.0942797 1.0096802 0.8581144
1 -0.2578752 1.1713713 -0.9107839
1 0.9430335 -0.0251435 0.1342070
8 -0.0311619 -0.7353552 0.0009298
5
-114.633     ts77     dynamics     sesquiterpene     TS     runpoint      4     runisomer      136
6 -0.0461047 0.6043439 -0.0058457
1 -0.0681026 1.0685694 0.8719370
1 -0.2565313 1.1890110 -0.9209885
1 0.9199291 0.0101558 0.1445362
8 -0.0308764 -0.7333704 -0.0016319
5
-114.64     ts77     dynamics     sesquiterpene     TS     runpoint      5     runisomer      136
6 -0.0465649 0.5928851 -0.0066385
1 -0.0513332 1.1495480 0.9231286
1 -0.2550278 1.2016612 -0.9269651
1 0.9201112 0.0508608 0.1515206
8 -0.0316945 -0.7332375 -0.0043277
5
-114.646     ts77     dynamics     sesquiterpene     TS     runpoint      6     runisomer      136
6 -0.0468071 0.5840000 -0.0080067
1 -0.0435940 1.2314256 0.9783889
1 -0.2527628 1.2061332 -0.9258499
1 0.9488260 0.1009503 0.1552738
8 -0.0339543 -0.7351698 -0.0070923
5
-114.645     ts77     dynamics     sesquiterpene     TS     runpoint      7     runisomer      136
6 -0.0462602 0.5784453 -0.0084348
1 -0.0451387 1.2996772 1.0190990
1 -0.2498891 1.2013611 -0.9171711
1 1.0031577 0.1663918 0.1550597
8 -0.0378723 -0.7391268 -0.0098712
5
-114.645     ts77     dynamics     sesquiterpene     TS     runpoint      8     runisomer      136
6 -0.0439410 0.5759206 -0.0071247
1 -0.0559714 1.3469572 1.0381147
1 -0.2471872 1.1882980 -0.9027558
1 1.0731479 0.2521038 0.1495096
8 -0.0435100 -0.7447911 -0.0126124
5
-114.65     ts77     dynamics     sesquiterpene     TS     runpoint      9     runisomer      136
6 -0.0388764 0.5757580 -0.0035824
1 -0.0756466 1.3697327 1.0335543
1 -0.2459475 1.1695788 -0.8865266
1 1.1459203 0.3585733 0.1374471
8 -0.0507338 -0.7516338 -0.0152464
5
-114.656     ts77     dynamics     sesquiterpene     TS     runpoint      10     runisomer      136
6 -0.0303852 0.5773768 0.0025038
1 -0.1033551 1.3662590 1.0059302
1 -0.2477709 1.1487548 -0.8736905
1 1.2095415 0.4815445 0.1184700
8 -0.0592526 -0.7590669 -0.0176851
5
-114.665     ts77     dynamics     sesquiterpene     TS     runpoint      11     runisomer      136
6 -0.0181537 0.5804497 0.0111446
1 -0.1380744 1.3362484 0.9577775
1 -0.2540950 1.1289010 -0.8689053
1 1.2551124 0.6140914 0.0930428
8 -0.0687153 -0.7665830 -0.0198334
5
-114.675     ts77     dynamics     sesquiterpene     TS     runpoint      12     runisomer      136
6 -0.0021946 0.5848400 0.0217618
1 -0.1789665 1.2821716 0.8951815
1 -0.2654981 1.1111112 -0.8739170
1 1.2771316 0.7485966 0.0623181
8 -0.0787812 -0.7738243 -0.0216020
5
-114.683     ts77     dynamics     sesquiterpene     TS     runpoint      13     runisomer      136
6 0.0173071 0.5902736 0.0328411
1 -0.2267130 1.2124016 0.8312833
1 -0.2812064 1.0941457 -0.8864837
1 1.2729193 0.8777969 0.0279440
8 -0.0891492 -0.7805767 -0.0229297
5
-114.684     ts77     dynamics     sesquiterpene     TS     runpoint      14     runisomer      136
6 0.0403443 0.5959207 0.0418964
1 -0.2866702 1.1438646 0.7890393
1 -0.2992800 1.0754482 -0.9017872
1 1.2419221 0.9953103 -0.0081805
8 -0.0995632 -0.7867217 -0.0238216
5
-114.68     ts77     dynamics     sesquiterpene     TS     runpoint      15     runisomer      136
6 0.0674847 0.6008829 0.0468322
1 -0.3695567 1.0933686 0.7892218
1 -0.3186362 1.0511438 -0.9149413
1 1.1854961 1.0971568 -0.0439116
8 -0.1099279 -0.7921494 -0.0244575
5
-114.686     ts77     dynamics     sesquiterpene     TS     runpoint      16     runisomer      136
6 0.0978298 0.6055802 0.0478439
1 -0.4744434 1.0584938 0.8245371
1 -0.3392839 1.0194064 -0.9221191
1 1.1092704 1.1796547 -0.0757737
8 -0.1199815 -0.7966740 -0.0249840
5
-114.693     ts77     dynamics     sesquiterpene     TS     runpoint      17     runisomer      136
6 0.1283775 0.6110322 0.0468496
1 -0.5828049 1.0262840 0.8680382
1 -0.3613915 0.9801948 -0.9211764
1 1.0245268 1.2416498 -0.1004359
8 -0.1293403 -0.8001707 -0.0254859
5
-114.654160 ts77 dynamics sesquiterpene TS runpoint 1  runisomer  136
6 -0.0408742 0.6365830 -0.0228954
1 -0.1773074 0.9854405 0.9871946
1 -0.2665967 1.1423807 -0.9014260
1 1.0171312 -0.0849231 0.1024253
8 -0.0334082 -0.7433894 0.0053201
5
-114.646 ts77 dynamics sesquiterpene TS runpoint 2  runisomer  136
6 -0.0367225 0.644681 -0.0291506
1 -0.22755 0.997828 1.06936
1 -0.277866 1.14102 -0.914586
1 1.04794 -0.110057 0.0812691
8 -0.0345885 -0.748575 0.00699793
5
-114.639     ts77     dynamics     sesquiterpene     TS     runpoint      3     runisomer      136
6 -0.0316140 0.6516284 -0.0316355
1 -0.2767006 1.0146468 1.1271577
1 -0.2942408 1.1492358 -0.9392316
1 1.0652571 -0.1327005 0.0573885
8 -0.0353860 -0.7539375 0.0082775
5
-114.631     ts77     dynamics     sesquiterpene     TS     runpoint      4     runisomer      136
6 -0.0260915 0.6576713 -0.0302736
1 -0.3208978 1.0322393 1.1504711
1 -0.3135082 1.1625298 -0.9668872
1 1.0655907 -0.1542840 0.0316735
8 -0.0355529 -0.7590585 0.0091495
5
-114.627     ts77     dynamics     sesquiterpene     TS     runpoint      5     runisomer      136
6 -0.0208559 0.6631789 -0.0257164
1 -0.3573735 1.0485592 1.1362943
1 -0.3324893 1.1754358 -0.9878273
1 1.0478745 -0.1774745 0.0051148
8 -0.0348727 -0.7635726 0.0096169
5
-114.629     ts77     dynamics     sesquiterpene     TS     runpoint      6     runisomer      136
6 -0.0166898 0.6685675 -0.0187387
1 -0.3841843 1.0623229 1.0857022
1 -0.3482252 1.1837105 -0.9950274
1 1.0132533 -0.2066306 -0.0213319
8 -0.0331386 -0.7671686 0.0096907
5
-114.638     ts77     dynamics     sesquiterpene     TS     runpoint      7     runisomer      136
6 -0.0143837 0.6742527 -0.0101403
1 -0.4005712 1.0731592 1.0040450
1 -0.3584918 1.1849407 -0.9853809
1 0.9651819 -0.2481133 -0.0469648
8 -0.0301637 -0.7695818 0.0093930
5
-114.653     ts77     dynamics     sesquiterpene     TS     runpoint      8     runisomer      136
6 -0.0145324 0.6805024 -0.0009698
1 -0.4085384 1.0829136 0.9040238
1 -0.3619407 1.1785127 -0.9598186
1 0.9102169 -0.3096568 -0.0717264
8 -0.0258734 -0.7706036 0.0087658
5
-114.665     ts77     dynamics     sesquiterpene     TS     runpoint      9     runisomer      136
6 -0.0170861 0.6870226 0.0070981
1 -0.4159693 1.0984625 0.8104171
1 -0.3582598 1.1656557 -0.9235833
1 0.8607381 -0.3969817 -0.0969132
8 -0.0206056 -0.7701653 0.0079159
5
-114.665     ts77     dynamics     sesquiterpene     TS     runpoint      10     runisomer      136
6 -0.0209897 0.6925518 0.0120519
1 -0.4374524 1.1326020 0.7568172
1 -0.3485315 1.1496305 -0.8867117
1 0.8398460 -0.5081110 -0.1263339
8 -0.0156233 -0.7684536 0.0071083
5
-114.663     ts77     dynamics     sesquiterpene     TS     runpoint      11     runisomer      136
6 -0.0250798 0.6957399 0.0137285
1 -0.4814333 1.1914453 0.7580469
1 -0.3354594 1.1355034 -0.8632062
1 0.8728450 -0.6363696 -0.1657950
8 -0.0126894 -0.7655835 0.0067788
5
-114.683     ts77     dynamics     sesquiterpene     TS     runpoint      12     runisomer      136
6 -0.0293657 0.6966469 0.0146901
1 -0.5376745 1.2611860 0.7940026
1 -0.3221697 1.1282227 -0.8656461
1 0.9450064 -0.7815072 -0.2147153
8 -0.0113169 -0.7610572 0.0070299
5
-114.701     ts77     dynamics     sesquiterpene     TS     runpoint      13     runisomer      136
6 -0.0344058 0.6962239 0.0171067
1 -0.5910536 1.3226339 0.8381228
1 -0.3093657 1.1288892 -0.8961284
1 1.0104686 -0.9373644 -0.2636498
8 -0.0091073 -0.7548348 0.0074424
5
-114.694     ts77     dynamics     sesquiterpene     TS     runpoint      14     runisomer      136
6 -0.0406239 0.6954744 0.0212083
1 -0.6323064 1.3635525 0.8741300
1 -0.2946432 1.1336691 -0.9439407
1 1.0401590 -1.0891251 -0.3042638
8 -0.0046443 -0.7475918 0.0076692
5
-114.676     ts77     dynamics     sesquiterpene     TS     runpoint      15     runisomer      136
6 -0.0481614 0.6951176 0.0261181
1 -0.6573258 1.3782307 0.8941954
1 -0.2751487 1.1372435 -0.9934657
1 1.0253729 -1.2225915 -0.3324074
8 0.0022879 -0.7400677 0.0076155
5
-114.661     ts77     dynamics     sesquiterpene     TS     runpoint      16     runisomer      136
6 -0.0568815 0.6955032 0.0308254
1 -0.6648310 1.3647490 0.8951104
1 -0.2495745 1.1359142 -1.0318127
1 0.9672815 -1.3270304 -0.3466178
8 0.0113498 -0.7328457 0.0073394
5
-114.656     ts77     dynamics     sesquiterpene     TS     runpoint      17     runisomer      136
6 -0.0664248 0.6966570 0.0345105
1 -0.6554489 1.3236645 0.8766190
1 -0.2182313 1.1282298 -1.0510986
1 0.8708746 -1.3945424 -0.3468630
8 0.0220152 -0.7263880 0.0069701
5
-114.665     ts77     dynamics     sesquiterpene     TS     runpoint      18     runisomer      136
6 -0.0762107 0.6982737 0.0364702
1 -0.6323120 1.2584311 0.8419941
1 -0.1824598 1.1145816 -1.0480625
1 0.7439213 -1.4203513 -0.3345961
8 0.0336412 -0.7210073 0.0067182
5
-114.682     ts77     dynamics     sesquiterpene     TS     runpoint      19     runisomer      136
6 -0.0853536 0.6995023 0.0358401
1 -0.6031529 1.1774253 0.8011008
1 -0.1440996 1.0969145 -1.0237049
1 0.6008082 -1.4081949 -0.3151640
8 0.0452599 -0.7164795 0.0070083
5
-114.688     ts77     dynamics     sesquiterpene     TS     runpoint      20     runisomer      136
6 -0.0925148 0.6987453 0.0313336
1 -0.5828245 1.0957249 0.7745910
1 -0.1050742 1.0789170 -0.9839475
1 0.4705458 -1.3862915 -0.3046324
8 0.0550966 -0.7110137 0.0088905
5
-114.665     ts77     dynamics     sesquiterpene     TS     runpoint      21     runisomer      136
6 -0.0963073 0.6942488 0.0218940
1 -0.5886769 1.0291468 0.7876734
1 -0.0669512 1.0666470 -0.9411141
1 0.3877907 -1.4136347 -0.3327707
8 0.0611198 -0.7009535 0.0142237
5
-114.664     ts77     dynamics     sesquiterpene     TS     runpoint      22     runisomer      136
6 -0.0968461 0.6855965 0.0089968
1 -0.6221589 0.9799131 0.8416672
1 -0.0302980 1.0685762 -0.9133457
1 0.3398435 -1.4895636 -0.4024567
8 0.0643429 -0.6867018 0.0231400
