5
-114.654160 ts77 dynamics sesquiterpene TS runpoint 1  runisomer  43
6 -0.0381023 0.6760417 -0.0088406
1 -0.1799211 1.0477961 0.9155507
1 -0.2283219 1.1909690 -0.9241542
1 0.8878292 -0.0335648 0.0430389
8 -0.0295881 -0.7832189 0.0044633
5
-114.643 ts77 dynamics sesquiterpene TS runpoint 2  runisomer  43
6 -0.0447777 0.68185 -0.00906079
1 -0.137713 0.995818 0.894445
1 -0.221259 1.2014 -0.939217
1 0.946785 -0.0198192 0.0668221
8 -0.0313991 -0.785825 0.00540902
5
-114.633     ts77     dynamics     sesquiterpene     TS     runpoint      3     runisomer      43
6 -0.0501264 0.6836689 -0.0132600
1 -0.1072136 0.9730803 0.9268760
1 -0.2165220 1.2124594 -0.9529155
1 1.0108775 -0.0017339 0.0877335
8 -0.0336454 -0.7875935 0.0060620
5
-114.633     ts77     dynamics     sesquiterpene     TS     runpoint      4     runisomer      43
6 -0.0534103 0.6813938 -0.0203152
1 -0.0869025 0.9755801 0.9984242
1 -0.2140262 1.2228347 -0.9613768
1 1.0692152 0.0260570 0.1039538
8 -0.0362935 -0.7884502 0.0063586
5
-114.637     ts77     dynamics     sesquiterpene     TS     runpoint      5     runisomer      43
6 -0.0540180 0.6754920 -0.0272247
1 -0.0751874 0.9930201 1.0740444
1 -0.2138395 1.2316969 -0.9627595
1 1.1153430 0.0690702 0.1139870
8 -0.0394942 -0.7883900 0.0062342
5
-114.634     ts77     dynamics     sesquiterpene     TS     runpoint      6     runisomer      43
6 -0.0513768 0.6662589 -0.0317825
1 -0.0717373 1.0176226 1.1291243
1 -0.2160961 1.2385345 -0.9567414
1 1.1462969 0.1322500 0.1167239
8 -0.0435008 -0.7874254 0.0056316
5
-114.634     ts77     dynamics     sesquiterpene     TS     runpoint      7     runisomer      43
6 -0.0450828 0.6539073 -0.0328844
1 -0.0765401 1.0444312 1.1523510
1 -0.2209953 1.2429303 -0.9438962
1 1.1611337 0.2185475 0.1114400
8 -0.0485467 -0.7855619 0.0045190
5
-114.641     ts77     dynamics     sesquiterpene     TS     runpoint      8     runisomer      43
6 -0.0349698 0.6388311 -0.0301370
1 -0.0894889 1.0698952 1.1403803
1 -0.2289160 1.2443477 -0.9252563
1 1.1598180 0.3277978 0.0978425
8 -0.0547369 -0.7828293 0.0028956
5
-114.656     ts77     dynamics     sesquiterpene     TS     runpoint      9     runisomer      43
6 -0.0211722 0.6217702 -0.0236410
1 -0.1103387 1.0911198 1.0946791
1 -0.2405297 1.2420018 -0.9020921
1 1.1437507 0.4564219 0.0762794
8 -0.0620315 -0.7793233 0.0008026
5
-114.676     ts77     dynamics     sesquiterpene     TS     runpoint      10     runisomer      43
6 -0.0042553 0.6037996 -0.0139760
1 -0.1387950 1.1059671 1.0212151
1 -0.2568093 1.2348156 -0.8759584
1 1.1178231 0.5978637 0.0479870
8 -0.0702722 -0.7752355 -0.0016813
5
-114.694     ts77     dynamics     sesquiterpene     TS     runpoint      11     runisomer      43
6 0.0147621 0.5860693 -0.0022968
1 -0.1749092 1.1141800 0.9320288
1 -0.2788553 1.2215064 -0.8489379
1 1.0913946 0.7443662 0.0149656
8 -0.0792101 -0.7708435 -0.0044434
5
-114.654160 ts77 dynamics sesquiterpene TS runpoint 1  runisomer  43
6 -0.0381023 0.6760417 -0.0088406
1 -0.1799211 1.0477961 0.9155507
1 -0.2283219 1.1909690 -0.9241542
1 0.8878292 -0.0335648 0.0430389
8 -0.0295881 -0.7832189 0.0044633
5
-114.643 ts77 dynamics sesquiterpene TS runpoint 2  runisomer  43
6 -0.0313237 0.667743 -0.0102343
1 -0.230215 1.11765 0.964442
1 -0.237985 1.18271 -0.91285
1 0.848352 -0.0480449 0.0182202
8 -0.0284086 -0.779962 0.00327968
5
-114.645     ts77     dynamics     sesquiterpene     TS     runpoint      3     runisomer      43
6 -0.0258159 0.6589239 -0.0104522
1 -0.2813010 1.1887505 1.0095213
1 -0.2504084 1.1775072 -0.9090577
1 0.8411384 -0.0674569 -0.0064265
8 -0.0280863 -0.7762747 0.0019182
5
-114.64     ts77     dynamics     sesquiterpene     TS     runpoint      4     runisomer      43
6 -0.0223762 0.6509440 -0.0081516
1 -0.3270695 1.2491410 1.0336442
1 -0.2651353 1.1746971 -0.9130362
1 0.8699308 -0.0938569 -0.0306605
8 -0.0286700 -0.7722534 0.0004506
5
-114.637     ts77     dynamics     sesquiterpene     TS     runpoint      5     runisomer      43
6 -0.0210485 0.6444049 -0.0031776
1 -0.3637979 1.2920804 1.0308106
1 -0.2808942 1.1721183 -0.9217497
1 0.9261884 -0.1271130 -0.0545811
8 -0.0299043 -0.7677950 -0.0010453
5
-114.638     ts77     dynamics     sesquiterpene     TS     runpoint      6     runisomer      43
6 -0.0214707 0.6395390 0.0040115
1 -0.3895532 1.3140409 1.0007280
1 -0.2958814 1.1670566 -0.9307859
1 0.9935990 -0.1666044 -0.0778251
8 -0.0312689 -0.7627210 -0.0025085
5
-114.639     ts77     dynamics     sesquiterpene     TS     runpoint      7     runisomer      43
6 -0.0232713 0.6365559 0.0127054
1 -0.4037397 1.3136343 0.9464933
1 -0.3082327 1.1572913 -0.9363437
1 1.0553043 -0.2127119 -0.0995332
8 -0.0321354 -0.7569369 -0.0038951
5
-114.64     ts77     dynamics     sesquiterpene     TS     runpoint      8     runisomer      43
6 -0.0262372 0.6356890 0.0220413
1 -0.4073940 1.2920100 0.8748857
1 -0.3163929 1.1417083 -0.9364284
1 1.0978881 -0.2676813 -0.1187697
8 -0.0318491 -0.7504788 -0.0051696
5
-114.643     ts77     dynamics     sesquiterpene     TS     runpoint      9     runisomer      43
6 -0.0302391 0.6369500 0.0308752
1 -0.4045915 1.2550827 0.7987896
1 -0.3193131 1.1205290 -0.9312781
1 1.1117709 -0.3362248 -0.1348523
8 -0.0297143 -0.7434453 -0.0063142
5
-114.647     ts77     dynamics     sesquiterpene     TS     runpoint      10     runisomer      43
6 -0.0349552 0.6396589 0.0375102
1 -0.4047864 1.2170080 0.7404260
1 -0.3165326 1.0953427 -0.9232861
1 1.0907117 -0.4248411 -0.1474765
8 -0.0250119 -0.7359077 -0.0073226
5
-114.653     ts77     dynamics     sesquiterpene     TS     runpoint      11     runisomer      43
6 -0.0396888 0.6423838 0.0399887
1 -0.4218775 1.1978306 0.7270620
1 -0.3082369 1.0690334 -0.9164864
1 1.0327998 -0.5383761 -0.1567695
8 -0.0172574 -0.7279326 -0.0081841
5
-114.671     ts77     dynamics     sesquiterpene     TS     runpoint      12     runisomer      43
6 -0.0440923 0.6444625 0.0379758
1 -0.4617821 1.2041496 0.7671647
1 -0.2953854 1.0454462 -0.9156170
1 0.9459334 -0.6756254 -0.1638825
8 -0.0067754 -0.7197568 -0.0088074
5
-114.697     ts77     dynamics     sesquiterpene     TS     runpoint      13     runisomer      43
6 -0.0487454 0.6468107 0.0335952
1 -0.5140625 1.2201580 0.8385041
1 -0.2796279 1.0285465 -0.9245393
1 0.8616187 -0.8298575 -0.1735559
8 0.0043308 -0.7117443 -0.0088435
5
-114.701     ts77     dynamics     sesquiterpene     TS     runpoint      14     runisomer      43
6 -0.0541624 0.6502837 0.0291380
1 -0.5648190 1.2282717 0.9130567
1 -0.2627024 1.0210825 -0.9440334
1 0.8316174 -1.0010079 -0.1954702
8 0.0124186 -0.7036059 -0.0075890
5
-114.703     ts77     dynamics     sesquiterpene     TS     runpoint      15     runisomer      43
6 -0.0603472 0.6551258 0.0256970
1 -0.6053810 1.2195991 0.9725109
1 -0.2457192 1.0236812 -0.9705767
1 0.8442345 -1.1857114 -0.2282010
8 0.0177520 -0.6952172 -0.0050191
5
-114.698     ts77     dynamics     sesquiterpene     TS     runpoint      16     runisomer      43
6 -0.0671269 0.6613339 0.0233984
1 -0.6316859 1.1918459 1.0074223
1 -0.2290023 1.0351505 -0.9975504
1 0.8498912 -1.3553981 -0.2594972
8 0.0230884 -0.6881557 -0.0018230
5
-114.676     ts77     dynamics     sesquiterpene     TS     runpoint      17     runisomer      43
6 -0.0743254 0.6687120 0.0219306
1 -0.6422185 1.1461823 1.0137591
1 -0.2125044 1.0534339 -1.0178838
1 0.8293785 -1.4872774 -0.2827963
8 0.0294068 -0.6836558 0.0016273
5
-114.656     ts77     dynamics     sesquiterpene     TS     runpoint      18     runisomer      43
6 -0.0817359 0.6768511 0.0208568
1 -0.6372711 1.0858505 0.9913185
1 -0.1962420 1.0764160 -1.0262107
1 0.7819870 -1.5712585 -0.2966380
8 0.0366188 -0.6821169 0.0052431
5
-114.65     ts77     dynamics     sesquiterpene     TS     runpoint      19     runisomer      43
6 -0.0890020 0.6851865 0.0196129
1 -0.6198378 1.0161454 0.9445376
1 -0.1805287 1.1023665 -1.0198664
1 0.7110418 -1.6028537 -0.3013734
8 0.0444542 -0.6836227 0.0090221
5
-114.656     ts77     dynamics     sesquiterpene     TS     runpoint      20     runisomer      43
6 -0.0954362 0.6929643 0.0172532
1 -0.5979087 0.9450800 0.8858538
1 -0.1659596 1.1302093 -0.9992470
1 0.6195032 -1.5793582 -0.2979903
8 0.0527513 -0.6882147 0.0129773
5
-114.668     ts77     dynamics     sesquiterpene     TS     runpoint      21     runisomer      43
6 -0.0999115 0.6990796 0.0122150
1 -0.5862857 0.8831925 0.8391617
1 -0.1531173 1.1598086 -0.9680436
1 0.5129397 -1.5046050 -0.2894621
8 0.0612835 -0.6954792 0.0171944
5
-114.676     ts77     dynamics     sesquiterpene     TS     runpoint      22     runisomer      43
6 -0.1012946 0.7023639 0.0031413
1 -0.6009896 0.8389789 0.8304582
1 -0.1423502 1.1922692 -0.9333448
1 0.4095978 -1.4077829 -0.2879334
8 0.0690829 -0.7033026 0.0222659
5
-114.658     ts77     dynamics     sesquiterpene     TS     runpoint      23     runisomer      43
6 -0.0997487 0.7021891 -0.0089390
1 -0.6428002 0.8132539 0.8600826
1 -0.1337446 1.2298830 -0.9045722
1 0.3509616 -1.3752965 -0.3335215
8 0.0737116 -0.7059680 0.0305204
