5
-114.654160 ts77 dynamics sesquiterpene TS runpoint 1  runisomer  80
6 -0.0189109 0.6641172 -0.0063728
1 -0.3077865 1.1332639 0.9134502
1 -0.3378739 1.0962700 -0.8545707
1 1.0099531 -0.0871371 0.0413059
8 -0.0367212 -0.7703158 -0.0015313
5
-114.645 ts77 dynamics sesquiterpene TS runpoint 2  runisomer  80
6 -0.0257568 0.664372 0.00561594
1 -0.279211 1.10756 0.873651
1 -0.308132 1.06713 -0.90896
1 1.06623 -0.0627756 0.0171878
8 -0.0388052 -0.768586 -0.00307156
5
-114.642     ts77     dynamics     sesquiterpene     TS     runpoint      3     runisomer      80
6 -0.0306163 0.6607715 0.0163144
1 -0.2580237 1.0978662 0.8625622
1 -0.2814603 1.0489911 -0.9783316
1 1.1100054 -0.0266580 -0.0075424
8 -0.0409332 -0.7664066 -0.0044711
5
-114.637     ts77     dynamics     sesquiterpene     TS     runpoint      4     runisomer      80
6 -0.0327657 0.6528202 0.0226295
1 -0.2487220 1.1124800 0.8929790
1 -0.2539696 1.0362106 -1.0414321
1 1.1380858 0.0275796 -0.0316860
8 -0.0434072 -0.7639739 -0.0056295
5
-114.641     ts77     dynamics     sesquiterpene     TS     runpoint      5     runisomer      80
6 -0.0320220 0.6410993 0.0243699
1 -0.2480365 1.1449559 0.9499109
1 -0.2248256 1.0258684 -1.0836902
1 1.1503839 0.1053431 -0.0538488
8 -0.0466190 -0.7614749 -0.0064646
5
-114.649     ts77     dynamics     sesquiterpene     TS     runpoint      6     runisomer      80
6 -0.0284601 0.6268112 0.0229502
1 -0.2502498 1.1816968 1.0071082
1 -0.1953110 1.0170115 -1.0981998
1 1.1484752 0.2093827 -0.0725999
8 -0.0508907 -0.7590684 -0.0069095
5
-114.656     ts77     dynamics     sesquiterpene     TS     runpoint      7     runisomer      80
6 -0.0221988 0.6111591 0.0196541
1 -0.2517568 1.2119367 1.0459841
1 -0.1679386 1.0096642 -1.0837443
1 1.1347782 0.3384162 -0.0864983
8 -0.0563548 -0.7568981 -0.0069241
5
-114.665     ts77     dynamics     sesquiterpene     TS     runpoint      8     runisomer      80
6 -0.0135125 0.5952778 0.0154161
1 -0.2512793 1.2294201 1.0576027
1 -0.1460854 1.0045225 -1.0438884
1 1.1135788 0.4870083 -0.0942777
8 -0.0629433 -0.7551237 -0.0064998
5
-114.675     ts77     dynamics     sesquiterpene     TS     runpoint      9     runisomer      80
6 -0.0029372 0.5801967 0.0111808
1 -0.2491020 1.2310308 1.0393594
1 -0.1337798 1.0031798 -0.9874590
1 1.0921514 0.6470972 -0.0952762
8 -0.0704398 -0.7539137 -0.0056681
5
-114.683     ts77     dynamics     sesquiterpene     TS     runpoint      10     runisomer      80
6 0.0089898 0.5666265 0.0081444
1 -0.2466767 1.2157974 0.9929516
1 -0.1353114 1.0085629 -0.9290371
1 1.0779380 0.8105831 -0.0897371
8 -0.0785489 -0.7534137 -0.0044980
5
-114.654160 ts77 dynamics sesquiterpene TS runpoint 1  runisomer  80
6 -0.0189109 0.6641172 -0.0063728
1 -0.3077865 1.1332639 0.9134502
1 -0.3378739 1.0962700 -0.8545707
1 1.0099531 -0.0871371 0.0413059
8 -0.0367212 -0.7703158 -0.0015313
5
-114.645 ts77 dynamics sesquiterpene TS runpoint 2  runisomer  80
6 -0.0111871 0.661078 -0.0161153
1 -0.33531 1.16143 0.958462
1 -0.375226 1.14131 -0.831451
1 0.948478 -0.106453 0.0641822
8 -0.0345548 -0.771431 4.386e-05
5
-114.645     ts77     dynamics     sesquiterpene     TS     runpoint      3     runisomer      80
6 -0.0041391 0.6568658 -0.0223825
1 -0.3551040 1.1824192 0.9923499
1 -0.4187820 1.1984862 -0.8365975
1 0.8930940 -0.1279096 0.0861876
8 -0.0323616 -0.7718440 0.0015493
5
-114.641     ts77     dynamics     sesquiterpene     TS     runpoint      4     runisomer      80
6 0.0004305 0.6535089 -0.0258430
1 -0.3634070 1.1912306 1.0073092
1 -0.4609209 1.2560601 -0.8542562
1 0.8565134 -0.1589522 0.1088513
8 -0.0303077 -0.7715520 0.0028869
5
-114.635     ts77     dynamics     sesquiterpene     TS     runpoint      5     runisomer      80
6 0.0012019 0.6526711 -0.0275060
1 -0.3586615 1.1859443 1.0008700
1 -0.4941873 1.3026614 -0.8706912
1 0.8474405 -0.2061780 0.1342843
8 -0.0285183 -0.7705505 0.0039735
5
-114.635     ts77     dynamics     sesquiterpene     TS     runpoint      6     runisomer      80
6 -0.0022858 0.6551594 -0.0281598
1 -0.3409930 1.1668978 0.9742133
1 -0.5144494 1.3312124 -0.8783860
1 0.8658106 -0.2745946 0.1639642
8 -0.0268956 -0.7687061 0.0047595
5
-114.645     ts77     dynamics     sesquiterpene     TS     runpoint      7     runisomer      80
6 -0.0097824 0.6609515 -0.0285062
1 -0.3122554 1.1369419 0.9326806
1 -0.5205964 1.3384674 -0.8744390
1 0.9026109 -0.3682884 0.1977709
8 -0.0250148 -0.7657183 0.0052588
5
-114.662     ts77     dynamics     sesquiterpene     TS     runpoint      8     runisomer      80
6 -0.0205713 0.6693317 -0.0294778
1 -0.2764439 1.1024959 0.8881241
1 -0.5137298 1.3240482 -0.8591086
1 0.9437120 -0.4898945 0.2338958
8 -0.0221999 -0.7612633 0.0055548
5
-114.678     ts77     dynamics     sesquiterpene     TS     runpoint      9     runisomer      80
6 -0.0335606 0.6788729 -0.0323584
1 -0.2393684 1.0739854 0.8605382
1 -0.4970429 1.2905355 -0.8359520
1 0.9747184 -0.6376794 0.2694372
8 -0.0177965 -0.7552005 0.0057570
5
-114.69     ts77     dynamics     sesquiterpene     TS     runpoint      10     runisomer      80
6 -0.0474385 0.6876967 -0.0379602
1 -0.2054932 1.0616765 0.8701624
1 -0.4766004 1.2446948 -0.8135028
1 0.9844329 -0.8038833 0.3012360
8 -0.0114216 -0.7476842 0.0059370
5
-114.698     ts77     dynamics     sesquiterpene     TS     runpoint      11     runisomer      80
6 -0.0609365 0.6942073 -0.0448170
1 -0.1741984 1.0672651 0.9173453
1 -0.4620406 1.1982857 -0.8068856
1 0.9662002 -0.9762132 0.3265339
8 -0.0030382 -0.7391370 0.0060991
5
-114.701     ts77     dynamics     sesquiterpene     TS     runpoint      12     runisomer      80
6 -0.0729230 0.6975384 -0.0494647
1 -0.1427729 1.0841878 0.9801721
1 -0.4633202 1.1635839 -0.8326427
1 0.9180175 -1.1407249 0.3433949
8 0.0070885 -0.7301498 0.0061892
5
-114.698     ts77     dynamics     sesquiterpene     TS     runpoint      13     runisomer      80
6 -0.0828511 0.6978601 -0.0496034
1 -0.1107511 1.1054505 1.0348577
1 -0.4819576 1.1425630 -0.8921764
1 0.8420556 -1.2845777 0.3510328
8 0.0184786 -0.7213428 0.0061181
5
-114.693     ts77     dynamics     sesquiterpene     TS     runpoint      14     runisomer      80
6 -0.0909765 0.6961831 -0.0454634
1 -0.0795793 1.1266427 1.0665801
1 -0.5094160 1.1262627 -0.9665740
1 0.7436477 -1.3980143 0.3500070
8 0.0305403 -0.7132460 0.0057673
5
-114.683     ts77     dynamics     sesquiterpene     TS     runpoint      15     runisomer      80
6 -0.0977793 0.6934500 -0.0383457
1 -0.0511465 1.1453921 1.0687573
1 -0.5357918 1.1057681 -1.0332115
1 0.6300165 -1.4756544 0.3423036
8 0.0426716 -0.7061939 0.0049757
5
-114.672     ts77     dynamics     sesquiterpene     TS     runpoint      16     runisomer      80
6 -0.1036340 0.6901424 -0.0294755
1 -0.0270043 1.1607226 1.0406175
1 -0.5547502 1.0770386 -1.0768152
1 0.5090988 -1.5178063 0.3315385
8 0.0543555 -0.7002127 0.0035214
5
-114.666     ts77     dynamics     sesquiterpene     TS     runpoint      17     runisomer      80
6 -0.1088829 0.6863217 -0.0199228
1 -0.0079320 1.1732004 0.9865221
1 -0.5632606 1.0398494 -1.0897005
1 0.3884594 -1.5322777 0.3233945
8 0.0652290 -0.6948788 0.0010882
5
-114.666     ts77     dynamics     sesquiterpene     TS     runpoint      18     runisomer      80
6 -0.1139404 0.6816754 -0.0108707
1 0.0065727 1.1859664 0.9171031
1 -0.5604537 0.9962326 -1.0697423
1 0.2732371 -1.5344222 0.3255653
8 0.0751915 -0.6893149 -0.0027231
5
-114.669     ts77     dynamics     sesquiterpene     TS     runpoint      19     runisomer      80
6 -0.1193088 0.6755075 -0.0037017
1 0.0189162 1.2061020 0.8500224
1 -0.5473560 0.9498301 -1.0200329
1 0.1627380 -1.5389877 0.3451225
8 0.0845791 -0.6827464 -0.0082391
5
-114.674     ts77     dynamics     sesquiterpene     TS     runpoint      20     runisomer      80
6 -0.1254257 0.6669511 0.0006829
1 0.0331203 1.2429254 0.8043094
1 -0.5279072 0.9060294 -0.9511329
1 0.0509599 -1.5457921 0.3832483
8 0.0940901 -0.6754584 -0.0153918
5
-114.68     ts77     dynamics     sesquiterpene     TS     runpoint      21     runisomer      80
6 -0.1322283 0.6556622 0.0033986
1 0.0521253 1.2991973 0.7861893
1 -0.5109008 0.8725235 -0.8851760
1 -0.0661253 -1.5401221 0.4338258
8 0.1043010 -0.6687807 -0.0236304
5
-114.681     ts77     dynamics     sesquiterpene     TS     runpoint      22     runisomer      80
6 -0.1389312 0.6423119 0.0077295
1 0.0752745 1.3650658 0.7850084
1 -0.5094176 0.8585804 -0.8537694
1 -0.1864929 -1.5073449 0.4877191
8 0.1153616 -0.6641029 -0.0321785
5
-114.68     ts77     dynamics     sesquiterpene     TS     runpoint      23     runisomer      80
6 -0.1449757 0.6283236 0.0159401
1 0.0999152 1.4256055 0.7864854
1 -0.5304371 0.8692740 -0.8732524
1 -0.3039727 -1.4408143 0.5363904
8 0.1270711 -0.6622895 -0.0402702
5
-114.687     ts77     dynamics     sesquiterpene     TS     runpoint      24     runisomer      80
6 -0.1509844 0.6156079 0.0268194
1 0.1238781 1.4691603 0.7816811
1 -0.5656240 0.8996344 -0.9240555
1 -0.4109703 -1.3415236 0.5730106
8 0.1390274 -0.6636644 -0.0472352
5
-114.691     ts77     dynamics     sesquiterpene     TS     runpoint      25     runisomer      80
6 -0.1579294 0.6059589 0.0378635
1 0.1461808 1.4891512 0.7669113
1 -0.6019334 0.9398177 -0.9760922
1 -0.5002160 -1.2159600 0.5926435
8 0.1507431 -0.6681287 -0.0525481
5
-114.688     ts77     dynamics     sesquiterpene     TS     runpoint      26     runisomer      80
6 -0.1663593 0.6005775 0.0472676
1 0.1668822 1.4833396 0.7417898
1 -0.6309474 0.9815091 -1.0102354
1 -0.5661613 -1.0745392 0.5926560
8 0.1617465 -0.6752640 -0.0558684
5
-114.683     ts77     dynamics     sesquiterpene     TS     runpoint      27     runisomer      80
6 -0.1764149 0.5999857 0.0539784
1 0.1870339 1.4534503 0.7083914
1 -0.6489059 1.0191123 -1.0180405
1 -0.6067294 -0.9302189 0.5736149
8 0.1717099 -0.6843996 -0.0571046
5
-114.679     ts77     dynamics     sesquiterpene     TS     runpoint      28     runisomer      80
6 -0.1880345 0.6039972 0.0572916
1 0.2090493 1.4057199 0.6715867
1 -0.6548778 1.0490537 -0.9971614
1 -0.6253459 -0.7963873 0.5401901
8 0.1805901 -0.6947218 -0.0564804
5
-114.676     ts77     dynamics     sesquiterpene     TS     runpoint      29     runisomer      80
6 -0.2010935 0.6117136 0.0566154
1 0.2374415 1.3514008 0.6396545
1 -0.6498921 1.0692850 -0.9491061
1 -0.6316425 -0.6840770 0.5008234
8 0.1886806 -0.7054409 -0.0545060
5
-114.672     ts77     dynamics     sesquiterpene     TS     runpoint      30     runisomer      80
6 -0.2153832 0.6217935 0.0516419
1 0.2785663 1.3039855 0.6226452
1 -0.6371317 1.0796838 -0.8798025
1 -0.6383332 -0.5998827 0.4648821
8 0.1964277 -0.7159764 -0.0518039
5
-114.667     ts77     dynamics     sesquiterpene     TS     runpoint      31     runisomer      80
6 -0.2301906 0.6330229 0.0431845
1 0.3361396 1.2708632 0.6259913
1 -0.6232140 1.0839994 -0.8028640
1 -0.6547604 -0.5460017 0.4384374
8 0.2040682 -0.7259802 -0.0488499
5
-114.662     ts77     dynamics     sesquiterpene     TS     runpoint      32     runisomer      80
6 -0.2437249 0.6444214 0.0339652
1 0.4050334 1.2482028 0.6449109
1 -0.6198155 1.0929255 -0.7432076
1 -0.6825625 -0.5217449 0.4223258
8 0.2114185 -0.7351943 -0.0458672
5
-114.651     ts77     dynamics     sesquiterpene     TS     runpoint      33     runisomer      80
6 -0.2536243 0.6548654 0.0275375
1 0.4733134 1.2277888 0.6684155
1 -0.6401515 1.1213716 -0.7285491
1 -0.7167019 -0.5247536 0.4135324
8 0.2179764 -0.7433461 -0.0428938
5
-114.647     ts77     dynamics     sesquiterpene     TS     runpoint      34     runisomer      80
6 -0.2587384 0.6640198 0.0251746
1 0.5296300 1.2045122 0.6866088
1 -0.6850256 1.1713949 -0.7604377
1 -0.7489275 -0.5520966 0.4074863
8 0.2231227 -0.7501767 -0.0398752
5
-114.651     ts77     dynamics     sesquiterpene     TS     runpoint      35     runisomer      80
6 -0.2595835 0.6727921 0.0254188
1 0.5668274 1.1773774 0.6933831
1 -0.7402286 1.2277618 -0.8125126
1 -0.7704769 -0.6015763 0.3996300
8 0.2262503 -0.7554826 -0.0367063
5
-114.651     ts77     dynamics     sesquiterpene     TS     runpoint      36     runisomer      80
6 -0.2570635 0.6820638 0.0265572
1 0.5820704 1.1481053 0.6860916
1 -0.7910647 1.2751968 -0.8599205
1 -0.7736707 -0.6724158 0.3861987
8 0.2268029 -0.7591206 -0.0332644
5
-114.65     ts77     dynamics     sesquiterpene     TS     runpoint      37     runisomer      80
6 -0.2519086 0.6921220 0.0275009
1 0.5765898 1.1201989 0.6651370
1 -0.8285969 1.3053830 -0.8891580
1 -0.7536053 -0.7645131 0.3648114
8 0.2243807 -0.7610085 -0.0294590
5
-114.655     ts77     dynamics     sesquiterpene     TS     runpoint      38     runisomer      80
6 -0.2448892 0.7026692 0.0275020
1 0.5561662 1.0987448 0.6343058
1 -0.8483902 1.3149733 -0.8944368
1 -0.7109661 -0.8765939 0.3353526
8 0.2189615 -0.7611137 -0.0253253
5
-114.666     ts77     dynamics     sesquiterpene     TS     runpoint      39     runisomer      80
6 -0.2371126 0.7128677 0.0258427
1 0.5319306 1.0903938 0.6013412
1 -0.8487716 1.3032972 -0.8741443
1 -0.6553802 -1.0057300 0.3009437
8 0.2111768 -0.7593688 -0.0211102
5
-114.677     ts77     dynamics     sesquiterpene     TS     runpoint      40     runisomer      80
6 -0.2299501 0.7214856 0.0218791
1 0.5186023 1.1021534 0.5765162
1 -0.8304649 1.2716545 -0.8299417
1 -0.6033413 -1.1496318 0.2667776
8 0.2022107 -0.7555162 -0.0172005
5
-114.688     ts77     dynamics     sesquiterpene     TS     runpoint      41     runisomer      80
6 -0.2241916 0.7272805 0.0156757
1 0.5260673 1.1373022 0.5664449
1 -0.7980047 1.2242771 -0.7685230
1 -0.5622369 -1.3043936 0.2342595
8 0.1927858 -0.7493427 -0.0137302
5
-114.698     ts77     dynamics     sesquiterpene     TS     runpoint      42     runisomer      80
6 -0.2189555 0.7293118 0.0088711
1 0.5505852 1.1910411 0.5678921
1 -0.7632750 1.1709756 -0.7059924
1 -0.5217288 -1.4552652 0.1989284
8 0.1825722 -0.7413892 -0.0104259
5
-114.692     ts77     dynamics     sesquiterpene     TS     runpoint      43     runisomer      80
6 -0.2117641 0.7267125 0.0045849
1 0.5792963 1.2525503 0.5713077
1 -0.7481868 1.1286552 -0.6704323
1 -0.4706790 -1.5815082 0.1571340
8 0.1711997 -0.7326943 -0.0070292
5
-114.672     ts77     dynamics     sesquiterpene     TS     runpoint      44     runisomer      80
6 -0.2004699 0.7191037 0.0053109
1 0.6006599 1.3109127 0.5683767
1 -0.7718117 1.1104688 -0.6842633
1 -0.4065488 -1.6674969 0.1088254
8 0.1588285 -0.7240989 -0.0034696
5
-114.666     ts77     dynamics     sesquiterpene     TS     runpoint      45     runisomer      80
6 -0.1857526 0.7077516 0.0101612
1 0.6085798 1.3581282 0.5548249
1 -0.8248248 1.1089616 -0.7341748
1 -0.3324617 -1.7050098 0.0560003
8 0.1459611 -0.7160985 0.0002221
5
-114.67     ts77     dynamics     sesquiterpene     TS     runpoint      46     runisomer      80
6 -0.1699545 0.6944748 0.0165377
1 0.6017133 1.3893361 0.5297194
1 -0.8823454 1.1086213 -0.7901575
1 -0.2537425 -1.6919201 0.0011315
8 0.1332054 -0.7089080 0.0040078
5
-114.67     ts77     dynamics     sesquiterpene     TS     runpoint      47     runisomer      80
6 -0.1550127 0.6804059 0.0224830
1 0.5822805 1.4026893 0.4944098
1 -0.9267418 1.1003673 -0.8323461
1 -0.1770793 -1.6340630 -0.0539447
8 0.1211854 -0.7023199 0.0079049
5
-114.669     ts77     dynamics     sesquiterpene     TS     runpoint      48     runisomer      80
6 -0.1422205 0.6660021 0.0267819
1 0.5555827 1.3996834 0.4521580
1 -0.9497019 1.0810171 -0.8519115
1 -0.1119369 -1.5544458 -0.1099830
8 0.1106107 -0.6951220 0.0121096
5
-114.662     ts77     dynamics     sesquiterpene     TS     runpoint      49     runisomer      80
6 -0.1325886 0.6513154 0.0285473
1 0.5298004 1.3856597 0.4080387
1 -0.9484252 1.0502726 -0.8459646
1 -0.0705115 -1.5022833 -0.1752819
8 0.1023170 -0.6845700 0.0173095
5
-114.655     ts77     dynamics     sesquiterpene     TS     runpoint      50     runisomer      80
6 -0.1270413 0.6363413 0.0270720
1 0.5149192 1.3692279 0.3680480
1 -0.9235087 1.0094419 -0.8149925
1 -0.0562842 -1.5107827 -0.2637986
8 0.0966244 -0.6691932 0.0245667
5
-114.669     ts77     dynamics     sesquiterpene     TS     runpoint      51     runisomer      80
6 -0.1261647 0.6215309 0.0220341
1 0.5191559 1.3584516 0.3367212
1 -0.8791604 0.9615421 -0.7630406
1 -0.0577814 -1.5393212 -0.3715242
8 0.0929977 -0.6525873 0.0338395
5
-114.68     ts77     dynamics     sesquiterpene     TS     runpoint      52     runisomer      80
6 -0.1295129 0.6080258 0.0139379
1 0.5441183 1.3550367 0.3147112
1 -0.8258728 0.9123916 -0.7003841
1 -0.0649785 -1.5422261 -0.4826654
8 0.0910310 -0.6389600 0.0443610
5
-114.676     ts77     dynamics     sesquiterpene     TS     runpoint      53     runisomer      80
6 -0.1349806 0.5971023 0.0045722
1 0.5838241 1.3536015 0.2990539
1 -0.7853330 0.8725320 -0.6483397
1 -0.0729400 -1.5018219 -0.5855092
8 0.0905764 -0.6307086 0.0555803
5
-114.664     ts77     dynamics     sesquiterpene     TS     runpoint      54     runisomer      80
6 -0.1392790 0.5894439 -0.0033207
1 0.6286788 1.3469900 0.2856764
1 -0.7877679 0.8556429 -0.6364125
1 -0.0792841 -1.4171087 -0.6727676
8 0.0915248 -0.6288214 0.0670957
5
-114.665     ts77     dynamics     sesquiterpene     TS     runpoint      55     runisomer      80
6 -0.1408499 0.5858040 -0.0086500
1 0.6698692 1.3306712 0.2713382
1 -0.8415376 0.8653261 -0.6723481
1 -0.0827834 -1.2942968 -0.7389448
8 0.0937142 -0.6334107 0.0784363
5
-114.687     ts77     dynamics     sesquiterpene     TS     runpoint      56     runisomer      80
6 -0.1411906 0.5873910 -0.0130098
1 0.7013795 1.3037767 0.2541766
1 -0.9193761 0.8900305 -0.7304548
1 -0.0828987 -1.1447573 -0.7810937
8 0.0968932 -0.6438867 0.0891098
5
-114.702     ts77     dynamics     sesquiterpene     TS     runpoint      57     runisomer      80
6 -0.1420180 0.5946812 -0.0179007
1 0.7203482 1.2687430 0.2335075
1 -0.9925723 0.9176951 -0.7850637
1 -0.0800932 -0.9851908 -0.8029166
8 0.1007504 -0.6589470 0.0989020
5
-114.7     ts77     dynamics     sesquiterpene     TS     runpoint      58     runisomer      80
6 -0.1441641 0.6071060 -0.0237480
1 0.7273999 1.2308296 0.2095791
1 -1.0453887 0.9415600 -0.8229074
1 -0.0759105 -0.8338918 -0.8167847
8 0.1049767 -0.6769178 0.1080590
5
-114.688     ts77     dynamics     sesquiterpene     TS     runpoint      59     runisomer      80
6 -0.1480606 0.6234817 -0.0303856
1 0.7269126 1.1972768 0.1833591
1 -1.0711102 0.9586015 -0.8386717
1 -0.0711490 -0.7034470 -0.8345168
8 0.1092486 -0.6963838 0.1168058
5
-114.675     ts77     dynamics     sesquiterpene     TS     runpoint      60     runisomer      80
6 -0.1541110 0.6424075 -0.0375320
1 0.7260675 1.1755711 0.1561802
1 -1.0678176 0.9678989 -0.8308687
1 -0.0639900 -0.5998168 -0.8555883
8 0.1131797 -0.7163316 0.1247199
5
-114.666     ts77     dynamics     sesquiterpene     TS     runpoint      61     runisomer      80
6 -0.1625325 0.6625498 -0.0449336
1 0.7315098 1.1708078 0.1291018
1 -1.0370374 0.9699287 -0.8004543
1 -0.0515668 -0.5263298 -0.8720313
8 0.1164303 -0.7359025 0.1311031
5
-114.662     ts77     dynamics     sesquiterpene     TS     runpoint      62     runisomer      80
6 -0.1728274 0.6828571 -0.0521745
1 0.7448338 1.1834385 0.1023248
1 -0.9850156 0.9666777 -0.7518951
1 -0.0319423 -0.4846903 -0.8776272
8 0.1187960 -0.7543543 0.1355192
5
-114.662     ts77     dynamics     sesquiterpene     TS     runpoint      63     runisomer      80
6 -0.1832731 0.7025202 -0.0582395
1 0.7613356 1.2094959 0.0753579
1 -0.9268728 0.9627763 -0.6969578
1 -0.0043923 -0.4753441 -0.8700702
8 0.1201908 -0.7710922 0.1378337
5
-114.656     ts77     dynamics     sesquiterpene     TS     runpoint      64     runisomer      80
6 -0.1908385 0.7206691 -0.0611461
1 0.7735483 1.2431617 0.0477651
1 -0.8908416 0.9668538 -0.6588031
1 0.0308500 -0.4980144 -0.8504099
8 0.1206038 -0.7856590 0.1381134
5
-114.646     ts77     dynamics     sesquiterpene     TS     runpoint      65     runisomer      80
6 -0.1926370 0.7364839 -0.0588922
1 0.7756765 1.2792502 0.0196204
1 -0.9052893 0.9872687 -0.6611609
1 0.0727876 -0.5512360 -0.8235298
8 0.1200837 -0.7977318 0.1366535
5
-114.654     ts77     dynamics     sesquiterpene     TS     runpoint      66     runisomer      80
6 -0.1890830 0.7500194 -0.0520360
1 0.7658850 1.3143742 -0.0085174
1 -0.9635358 1.0203485 -0.6983768
1 0.1200482 -0.6312572 -0.7999503
8 0.1187243 -0.8071434 0.1341462
5
-114.669     ts77     dynamics     sesquiterpene     TS     runpoint      67     runisomer      80
6 -0.1830385 0.7617890 -0.0430024
1 0.7461371 1.3470898 -0.0358775
1 -1.0338153 1.0543793 -0.7441238
1 0.1717898 -0.7324282 -0.7946206
8 0.1165986 -0.8138053 0.1316428
5
-114.674     ts77     dynamics     sesquiterpene     TS     runpoint      68     runisomer      80
6 -0.1769222 0.7718314 -0.0337596
1 0.7209362 1.3776148 -0.0617726
1 -1.0921650 1.0811456 -0.7788912
1 0.2279913 -0.8500741 -0.8139991
8 0.1137304 -0.8175371 0.1297562
5
-114.673     ts77     dynamics     sesquiterpene     TS     runpoint      69     runisomer      80
6 -0.1721708 0.7797734 -0.0254645
1 0.6957534 1.4071696 -0.0857408
1 -1.1271916 1.0971059 -0.7934711
1 0.2867918 -0.9792327 -0.8429454
8 0.1102511 -0.8182263 0.1277886
5
-114.668     ts77     dynamics     sesquiterpene     TS     runpoint      70     runisomer      80
6 -0.1695211 0.7852087 -0.0187767
1 0.6751233 1.4367785 -0.1074682
1 -1.1348766 1.1011226 -0.7844341
1 0.3432576 -1.1102996 -0.8580197
8 0.1064857 -0.8161653 0.1245241
5
-114.662     ts77     dynamics     sesquiterpene     TS     runpoint      71     runisomer      80
6 -0.1691430 0.7879193 -0.0140842
1 0.6610357 1.4659546 -0.1264873
1 -1.1152407 1.0931063 -0.7513431
1 0.3920851 -1.2312380 -0.8444030
8 0.1027731 -0.8119119 0.1192618
5
-114.66     ts77     dynamics     sesquiterpene     TS     runpoint      72     runisomer      80
6 -0.1706573 0.7878934 -0.0115468
1 0.6527185 1.4922515 -0.1419315
1 -1.0718935 1.0737784 -0.6963557
1 0.4295761 -1.3314551 -0.7977350
8 0.0993364 -0.8060181 0.1119299
5
-114.663     ts77     dynamics     sesquiterpene     TS     runpoint      73     runisomer      80
6 -0.1730296 0.7851643 -0.0109390
1 0.6478591 1.5120629 -0.1526565
1 -1.0144436 1.0454272 -0.6259868
1 0.4540063 -1.4033343 -0.7205785
8 0.0962596 -0.7989047 0.1028575
5
-114.666     ts77     dynamics     sesquiterpene     TS     runpoint      74     runisomer      80
6 -0.1742492 0.7795165 -0.0113001
1 0.6441071 1.5219895 -0.1577042
1 -0.9638441 1.0135833 -0.5547056
1 0.4658704 -1.4430700 -0.6203130
8 0.0934719 -0.7907848 0.0926416
5
-114.661     ts77     dynamics     sesquiterpene     TS     runpoint      75     runisomer      80
6 -0.1712875 0.7703353 -0.0109046
1 0.6400112 1.5199010 -0.1568185
1 -0.9538218 0.9873781 -0.5046798
1 0.4691453 -1.4530945 -0.5093729
8 0.0906673 -0.7814834 0.0821514
5
-114.656     ts77     dynamics     sesquiterpene     TS     runpoint      76     runisomer      80
6 -0.1623673 0.7571836 -0.0088141
1 0.6356080 1.5055554 -0.1507268
1 -1.0048249 0.9720248 -0.4869197
1 0.4738650 -1.4467811 -0.4059513
8 0.0871643 -0.7701439 0.0725663
5
-114.664     ts77     dynamics     sesquiterpene     TS     runpoint      77     runisomer      80
6 -0.1495609 0.7404202 -0.0061721
1 0.6328075 1.4809635 -0.1410516
1 -1.0936997 0.9619566 -0.4859996
1 0.4959805 -1.4476947 -0.3283236
8 0.0819355 -0.7553266 0.0650282
5
-114.671     ts77     dynamics     sesquiterpene     TS     runpoint      78     runisomer      80
6 -0.1362167 0.7205348 -0.0043525
1 0.6348615 1.4501522 -0.1299011
1 -1.1838731 0.9501110 -0.4829347
1 0.5443973 -1.4661525 -0.2788212
8 0.0744229 -0.7365589 0.0596510
5
-114.675     ts77     dynamics     sesquiterpene     TS     runpoint      79     runisomer      80
6 -0.1245680 0.6979001 -0.0039156
1 0.6449053 1.4178890 -0.1192804
1 -1.2521356 0.9335401 -0.4685825
1 0.6098394 -1.4834038 -0.2438692
8 0.0652249 -0.7154148 0.0555496
5
-114.673     ts77     dynamics     sesquiterpene     TS     runpoint      80     runisomer      80
6 -0.1156565 0.6731287 -0.0049169
1 0.6640505 1.3875650 -0.1105445
1 -1.2877215 0.9120243 -0.4406234
1 0.6774127 -1.4765408 -0.2119446
8 0.0553139 -0.6939983 0.0519799
5
-114.67     ts77     dynamics     sesquiterpene     TS     runpoint      81     runisomer      80
6 -0.1097306 0.6473978 -0.0072483
1 0.6901789 1.3596646 -0.1041671
1 -1.2867245 0.8864747 -0.3997488
1 0.7366805 -1.4337403 -0.1782056
8 0.0454205 -0.6740236 0.0486285
5
-114.674     ts77     dynamics     sesquiterpene     TS     runpoint      82     runisomer      80
6 -0.1065568 0.6225151 -0.0107586
1 0.7185912 1.3321990 -0.0999396
1 -1.2494407 0.8584518 -0.3479924
1 0.7822584 -1.3527964 -0.1415426
8 0.0360248 -0.6569611 0.0454285
5
-114.684     ts77     dynamics     sesquiterpene     TS     runpoint      83     runisomer      80
6 -0.1055634 0.6007191 -0.0152424
1 0.7440267 1.3025093 -0.0973759
1 -1.1810494 0.8305445 -0.2884388
1 0.8135470 -1.2385470 -0.1024274
8 0.0273925 -0.6441797 0.0424176
5
-114.694     ts77     dynamics     sesquiterpene     TS     runpoint      84     runisomer      80
6 -0.1056273 0.5841809 -0.0203565
1 0.7625312 1.2689228 -0.0959976
1 -1.0961581 0.8076780 -0.2258543
1 0.8372468 -1.1028427 -0.0622302
8 0.0194304 -0.6367677 0.0396964
5
-114.694     ts77     dynamics     sesquiterpene     TS     runpoint      85     runisomer      80
6 -0.1045350 0.5742723 -0.0255778
1 0.7725258 1.2316493 -0.0954791
1 -1.0261168 0.7991348 -0.1671316
1 0.8695732 -0.9626017 -0.0225661
8 0.0115280 -0.6352857 0.0373845
5
-114.68     ts77     dynamics     sesquiterpene     TS     runpoint      86     runisomer      80
6 -0.0995220 0.5711613 -0.0304794
1 0.7755147 1.1932634 -0.0957196
1 -1.0123331 0.8173049 -0.1176828
1 0.9238435 -0.8299707 0.0166075
8 0.0032878 -0.6400380 0.0354973
5
-114.678     ts77     dynamics     sesquiterpene     TS     runpoint      87     runisomer      80
6 -0.0909660 0.5745576 -0.0352597
1 0.7767478 1.1590840 -0.0969067
1 -1.0611455 0.8654672 -0.0750138
1 0.9884710 -0.7083523 0.0566858
8 -0.0042078 -0.6511333 0.0339485
