5
-114.654160 ts77 dynamics sesquiterpene TS runpoint 1  runisomer  158
6 -0.0537207 0.5999253 0.0070619
1 -0.1939315 1.2813465 0.9364768
1 -0.1443099 1.1362429 -0.9123094
1 0.9532154 -0.0738149 -0.0406476
8 -0.0263994 -0.7348466 -0.0042602
5
-114.645 ts77 dynamics sesquiterpene TS runpoint 2  runisomer  158
6 -0.0482837 0.608399 0.00777338
1 -0.175991 1.19783 0.879146
1 -0.165077 1.1305 -0.90754
1 0.916753 -0.0335653 -0.0158003
8 -0.0280031 -0.738116 -0.00304753
5
-114.648     ts77     dynamics     sesquiterpene     TS     runpoint      3     runisomer      158
6 -0.0426476 0.6182278 0.0081199
1 -0.1624285 1.1155524 0.8330839
1 -0.1903275 1.1285932 -0.9125862
1 0.9020433 0.0095460 0.0092335
8 -0.0305688 -0.7429010 -0.0016662
5
-114.638     ts77     dynamics     sesquiterpene     TS     runpoint      4     runisomer      158
6 -0.0366012 0.6269356 0.0049768
1 -0.1596480 1.0595518 0.8353498
1 -0.2194983 1.1305223 -0.9253982
1 0.9166819 0.0583267 0.0338052
8 -0.0343662 -0.7490996 -0.0001921
5
-114.636     ts77     dynamics     sesquiterpene     TS     runpoint      5     runisomer      158
6 -0.0297314 0.6330959 -0.0031476
1 -0.1715235 1.0390950 0.9014132
1 -0.2515094 1.1353095 -0.9411089
1 0.9608003 0.1179862 0.0570711
8 -0.0395351 -0.7564924 0.0012644
5
-114.654     ts77     dynamics     sesquiterpene     TS     runpoint      6     runisomer      158
6 -0.0218053 0.6370764 -0.0136021
1 -0.1944615 1.0390164 0.9979621
1 -0.2849537 1.1416753 -0.9546634
1 1.0272392 0.1953301 0.0776750
8 -0.0461151 -0.7647466 0.0025783
5
-114.668     ts77     dynamics     sesquiterpene     TS     runpoint      7     runisomer      158
6 -0.0125309 0.6391967 -0.0232138
1 -0.2227510 1.0446391 1.0866872
1 -0.3182334 1.1482135 -0.9619249
1 1.1038234 0.2953419 0.0937285
8 -0.0540189 -0.7734055 0.0036434
5
-114.67     ts77     dynamics     sesquiterpene     TS     runpoint      8     runisomer      158
6 -0.0015371 0.6394317 -0.0302423
1 -0.2523010 1.0491021 1.1470439
1 -0.3497832 1.1534929 -0.9599758
1 1.1767869 0.4182341 0.1032706
8 -0.0630147 -0.7819391 0.0043870
5
-114.668     ts77     dynamics     sesquiterpene     TS     runpoint      9     runisomer      158
6 0.0114476 0.6378564 -0.0339670
1 -0.2804274 1.0495396 1.1709806
1 -0.3783669 1.1562614 -0.9473182
1 1.2338747 0.5595360 0.1048559
8 -0.0727807 -0.7898617 0.0047744
5
-114.668     ts77     dynamics     sesquiterpene     TS     runpoint      10     runisomer      158
6 0.0265057 0.6348072 -0.0341758
1 -0.3051062 1.0443523 1.1565152
1 -0.4033041 1.1556679 -0.9239799
1 1.2661851 0.7119495 0.0979267
8 -0.0829878 -0.7968139 0.0048063
5
-114.672     ts77     dynamics     sesquiterpene     TS     runpoint      11     runisomer      158
6 0.0435486 0.6308276 -0.0309791
1 -0.3246957 1.0320926 1.1051530
1 -0.4246702 1.1514378 -0.8914615
1 1.2687388 0.8671467 0.0829619
8 -0.0933547 -0.8025685 0.0045355
5
-114.68     ts77     dynamics     sesquiterpene     TS     runpoint      12     runisomer      158
6 0.0624375 0.6265421 -0.0248837
1 -0.3385221 1.0111984 1.0222753
1 -0.4435326 1.1438059 -0.8524866
1 1.2403987 1.0170248 0.0614053
8 -0.1036809 -0.8070001 0.0040858
5
-114.69     ts77     dynamics     sesquiterpene     TS     runpoint      13     runisomer      158
6 0.0829502 0.6225066 -0.0167514
1 -0.3484747 0.9823454 0.9193773
1 -0.4615964 1.1327093 -0.8110313
1 1.1842413 1.1535296 0.0348006
8 -0.1137664 -0.8100566 0.0035305
5
-114.693     ts77     dynamics     sesquiterpene     TS     runpoint      14     runisomer      158
6 0.1048455 0.6189001 -0.0082284
1 -0.3614884 0.9512945 0.8187167
1 -0.4806668 1.1181097 -0.7718054
1 1.1073210 1.2689644 0.0050164
8 -0.1233244 -0.8117484 0.0028837
5
-114.681     ts77     dynamics     sesquiterpene     TS     runpoint      15     runisomer      158
6 0.1282086 0.6153396 -0.0017150
1 -0.3922084 0.9291023 0.7522797
1 -0.5021457 1.0996299 -0.7394072
1 1.0198587 1.3582154 -0.0260905
8 -0.1320506 -0.8121378 0.0021021
5
-114.654160 ts77 dynamics sesquiterpene TS runpoint 1  runisomer  158
6 -0.0537207 0.5999253 0.0070619
1 -0.1939315 1.2813465 0.9364768
1 -0.1443099 1.1362429 -0.9123094
1 0.9532154 -0.0738149 -0.0406476
8 -0.0263994 -0.7348466 -0.0042602
5
-114.645 ts77 dynamics sesquiterpene TS runpoint 2  runisomer  158
6 -0.0587828 0.594557 0.00760698
1 -0.212359 1.34825 0.982119
1 -0.128082 1.1442 -0.924716
1 0.999093 -0.112844 -0.0645542
8 -0.0253535 -0.733077 -0.00525717
5
-114.635     ts77     dynamics     sesquiterpene     TS     runpoint      3     runisomer      158
6 -0.0632009 0.5932688 0.0097037
1 -0.2295103 1.3899634 1.0064564
1 -0.1161577 1.1516078 -0.9398102
1 1.0414603 -0.1524230 -0.0866239
8 -0.0243802 -0.7327115 -0.0060221
5
-114.626     ts77     dynamics     sesquiterpene     TS     runpoint      4     runisomer      158
6 -0.0668872 0.5966087 0.0131247
1 -0.2445745 1.4029762 1.0062723
1 -0.1081482 1.1557300 -0.9523815
1 1.0694926 -0.1955304 -0.1059981
8 -0.0229367 -0.7335811 -0.0065638
5
-114.623     ts77     dynamics     sesquiterpene     TS     runpoint      5     runisomer      158
6 -0.0700927 0.6048669 0.0175645
1 -0.2571029 1.3863952 0.9813723
1 -0.1034665 1.1547615 -0.9587289
1 1.0751254 -0.2475463 -0.1220370
8 -0.0203930 -0.7353928 -0.0069151
5
-114.632     ts77     dynamics     sesquiterpene     TS     runpoint      6     runisomer      158
6 -0.0734292 0.6180059 0.0227397
1 -0.2669630 1.3417557 0.9343039
1 -0.1012487 1.1482775 -0.9574219
1 1.0532551 -0.3166310 -0.1344867
8 -0.0160314 -0.7376759 -0.0071288
5
-114.653     ts77     dynamics     sesquiterpene     TS     runpoint      7     runisomer      158
6 -0.0775892 0.6352943 0.0281600
1 -0.2750820 1.2752914 0.8730878
1 -0.1004392 1.1373791 -0.9495020
1 1.0031058 -0.4112138 -0.1436952
8 -0.0092897 -0.7398119 -0.0072563
5
-114.678     ts77     dynamics     sesquiterpene     TS     runpoint      8     runisomer      158
6 -0.0827636 0.6547625 0.0325062
1 -0.2855598 1.2028390 0.8178785
1 -0.1001001 1.1246536 -0.9382899
1 0.9327764 -0.5343089 -0.1512077
8 -0.0003379 -0.7412950 -0.0072701
5
-114.687     ts77     dynamics     sesquiterpene     TS     runpoint      9     runisomer      158
6 -0.0881700 0.6731040 0.0331359
1 -0.3080689 1.1513093 0.8055954
1 -0.0996944 1.1138876 -0.9286886
1 0.8715166 -0.6790223 -0.1619025
8 0.0089697 -0.7420113 -0.0068988
5
-114.678     ts77     dynamics     sesquiterpene     TS     runpoint      10     runisomer      158
6 -0.0926377 0.6877037 0.0283904
1 -0.3511993 1.1362552 0.8612019
1 -0.0992538 1.1094389 -0.9261260
1 0.8716403 -0.8369286 -0.1857123
8 0.0150036 -0.7417852 -0.0055030
5
-114.696     ts77     dynamics     sesquiterpene     TS     runpoint      11     runisomer      158
6 -0.0960566 0.6987991 0.0209424
1 -0.4084056 1.1409944 0.9563945
1 -0.0993316 1.1150132 -0.9348178
1 0.9268958 -1.0075329 -0.2229314
8 0.0176964 -0.7400082 -0.0030203
5
-114.713     ts77     dynamics     sesquiterpene     TS     runpoint      12     runisomer      158
6 -0.0989249 0.7073930 0.0142506
1 -0.4669074 1.1456944 1.0490076
1 -0.1006229 1.1317491 -0.9544471
1 0.9779131 -1.1739653 -0.2605646
8 0.0203996 -0.7373184 -0.0002268
5
-114.692     ts77     dynamics     sesquiterpene     TS     runpoint      13     runisomer      158
6 -0.1015455 0.7140075 0.0097866
1 -0.5182107 1.1416024 1.1149264
1 -0.1036748 1.1574711 -0.9788998
1 0.9958145 -1.3164087 -0.2904007
8 0.0246624 -0.7346666 0.0023901
5
-114.661     ts77     dynamics     sesquiterpene     TS     runpoint      14     runisomer      158
6 -0.1040063 0.7188714 0.0076127
1 -0.5579997 1.1264116 1.1442530
1 -0.1087983 1.1879694 -0.9993368
1 0.9758013 -1.4233569 -0.3098872
8 0.0305974 -0.7325401 0.0046896
5
-114.64     ts77     dynamics     sesquiterpene     TS     runpoint      15     runisomer      158
6 -0.1062956 0.7221216 0.0073245
1 -0.5842398 1.1002334 1.1339780
1 -0.1160785 1.2187766 -1.0081153
1 0.9205486 -1.4887019 -0.3187562
8 0.0379067 -0.7311519 0.0066671
5
-114.637     ts77     dynamics     sesquiterpene     TS     runpoint      16     runisomer      158
6 -0.1083512 0.7238784 0.0084711
1 -0.5964174 1.0641610 1.0848490
1 -0.1254299 1.2462242 -1.0007936
1 0.8337965 -1.5082693 -0.3174568
8 0.0462700 -0.7306920 0.0083611
5
-114.652     ts77     dynamics     sesquiterpene     TS     runpoint      17     runisomer      158
6 -0.1100231 0.7241376 0.0105451
1 -0.5960272 1.0204077 1.0020013
1 -0.1365753 1.2678588 -0.9766180
1 0.7205531 -1.4801559 -0.3073927
8 0.0553362 -0.7312634 0.0098690
5
-114.677     ts77     dynamics     sesquiterpene     TS     runpoint      18     runisomer      158
6 -0.1109143 0.7225277 0.0126342
1 -0.5889130 0.9736153 0.8995631
1 -0.1489537 1.2827380 -0.9386082
1 0.5938134 -1.4129742 -0.2941710
8 0.0643207 -0.7322753 0.0115293
5
-114.684     ts77     dynamics     sesquiterpene     TS     runpoint      19     runisomer      158
6 -0.1099481 0.7180875 0.0127919
1 -0.5902629 0.9326155 0.8083107
1 -0.1616931 1.2918647 -0.8936572
1 0.4907919 -1.3505007 -0.2991600
8 0.0709744 -0.7308693 0.0146431
5
-114.644     ts77     dynamics     sesquiterpene     TS     runpoint      20     runisomer      158
6 -0.1053210 0.7095988 0.0084709
1 -0.6245202 0.9081172 0.7697175
1 -0.1738160 1.2986252 -0.8521462
1 0.4645643 -1.3744471 -0.3672362
8 0.0720763 -0.7218704 0.0219913
5
-114.661     ts77     dynamics     sesquiterpene     TS     runpoint      21     runisomer      158
6 -0.0967059 0.6969717 0.0001380
1 -0.6983238 0.9009404 0.7901179
1 -0.1847154 1.3081548 -0.8256895
1 0.4808514 -1.4436232 -0.4834966
8 0.0699218 -0.7081824 0.0326165
