5
-114.654160 ts77 dynamics sesquiterpene TS runpoint 1  runisomer  200
6 -0.0087586 0.5900436 0.0247036
1 -0.4197574 1.2445506 0.9140195
1 -0.3002817 1.0579490 -0.9916577
1 0.9298224 -0.0982456 -0.1286415
8 -0.0346019 -0.7186416 -0.0055373
5
-114.636 ts77 dynamics sesquiterpene TS runpoint 2  runisomer  200
6 -0.012885 0.592276 0.0280482
1 -0.390241 1.19512 0.907067
1 -0.303927 1.06987 -1.04778
1 0.983997 -0.0907283 -0.114645
8 -0.0365497 -0.718426 -0.00495429
5
-114.638     ts77     dynamics     sesquiterpene     TS     runpoint      3     runisomer      200
6 -0.0182602 0.5982315 0.0292791
1 -0.3544083 1.1377449 0.8934125
1 -0.3002271 1.0767816 -1.0794442
1 1.0457743 -0.0780131 -0.0991393
8 -0.0389007 -0.7205153 -0.0039993
5
-114.637     ts77     dynamics     sesquiterpene     TS     runpoint      4     runisomer      200
6 -0.0234143 0.6061425 0.0269930
1 -0.3184924 1.0836826 0.8850344
1 -0.2893259 1.0781259 -1.0820276
1 1.1032439 -0.0534029 -0.0809078
8 -0.0416051 -0.7246774 -0.0027421
5
-114.634     ts77     dynamics     sesquiterpene     TS     runpoint      5     runisomer      200
6 -0.0269487 0.6140650 0.0199469
1 -0.2885576 1.0445179 0.8968340
1 -0.2722776 1.0746424 -1.0547394
1 1.1491155 -0.0103928 -0.0595734
8 -0.0448035 -0.7306411 -0.0012631
5
-114.637     ts77     dynamics     sesquiterpene     TS     runpoint      6     runisomer      200
6 -0.0279265 0.6205537 0.0081954
1 -0.2663581 1.0248772 0.9340755
1 -0.2510755 1.0685015 -1.0015383
1 1.1803677 0.0566117 -0.0354976
8 -0.0487749 -0.7381044 0.0003379
5
-114.65     ts77     dynamics     sesquiterpene     TS     runpoint      7     runisomer      200
6 -0.0258739 0.6248154 -0.0059993
1 -0.2489801 1.0205207 0.9848899
1 -0.2293519 1.0646663 -0.9345227
1 1.1960951 0.1508587 -0.0096590
8 -0.0537709 -0.7467207 0.0019346
5
-114.66     ts77     dynamics     sesquiterpene     TS     runpoint      8     runisomer      200
6 -0.0203403 0.6261058 -0.0187978
1 -0.2332487 1.0245823 1.0308624
1 -0.2132813 1.0729789 -0.8772584
1 1.1954997 0.2721515 0.0165121
8 -0.0598899 -0.7561096 0.0033838
5
-114.663     ts77     dynamics     sesquiterpene     TS     runpoint      9     runisomer      200
6 -0.0108365 0.6236315 -0.0264913
1 -0.2181773 1.0318761 1.0584613
1 -0.2102143 1.1057232 -0.8565268
1 1.1780866 0.4166694 0.0413386
8 -0.0670664 -0.7658804 0.0045468
5
-114.673     ts77     dynamics     sesquiterpene     TS     runpoint      10     runisomer      200
6 0.0025044 0.6177087 -0.0280224
1 -0.2046646 1.0391050 1.0615689
1 -0.2228190 1.1637998 -0.8755922
1 1.1460679 0.5772671 0.0632525
8 -0.0751157 -0.7756675 0.0053216
5
-114.689     ts77     dynamics     sesquiterpene     TS     runpoint      11     runisomer      200
6 0.0185375 0.6101536 -0.0251925
1 -0.1947521 1.0440591 1.0400733
1 -0.2469673 1.2314163 -0.9112290
1 1.1068666 0.7449533 0.0812503
8 -0.0837793 -0.7851357 0.0056669
5
-114.654160 ts77 dynamics sesquiterpene TS runpoint 1  runisomer  200
6 -0.0087586 0.5900436 0.0247036
1 -0.4197574 1.2445506 0.9140195
1 -0.3002817 1.0579490 -0.9916577
1 0.9298224 -0.0982456 -0.1286415
8 -0.0346019 -0.7186416 -0.0055373
5
-114.636 ts77 dynamics sesquiterpene TS runpoint 2  runisomer  200
6 -0.00703012 0.592626 0.0206388
1 -0.438724 1.27862 0.908611
1 -0.290715 1.04384 -0.921136
1 0.896651 -0.106892 -0.14295
8 -0.0332163 -0.721292 -0.00568893
5
-114.634     ts77     dynamics     sesquiterpene     TS     runpoint      3     runisomer      200
6 -0.0080973 0.6000300 0.0175797
1 -0.4450379 1.2936095 0.8899653
1 -0.2794304 1.0343794 -0.8548834
1 0.8925914 -0.1215189 -0.1590396
8 -0.0324719 -0.7262746 -0.0053802
5
-114.631     ts77     dynamics     sesquiterpene     TS     runpoint      4     runisomer      200
6 -0.0113991 0.6110241 0.0175982
1 -0.4385210 1.2888864 0.8605534
1 -0.2734530 1.0405899 -0.8195391
1 0.9150221 -0.1448076 -0.1769160
8 -0.0321943 -0.7331504 -0.0046412
5
-114.632     ts77     dynamics     sesquiterpene     TS     runpoint      5     runisomer      200
6 -0.0159934 0.6239607 0.0217177
1 -0.4212041 1.2669899 0.8262162
1 -0.2774030 1.0696772 -0.8330982
1 0.9522294 -0.1783390 -0.1950764
8 -0.0319324 -0.7411965 -0.0035697
5
-114.642     ts77     dynamics     sesquiterpene     TS     runpoint      6     runisomer      200
6 -0.0213681 0.6379143 0.0281815
1 -0.3982280 1.2349018 0.7974386
1 -0.2873787 1.1148701 -0.8849604
1 0.9895762 -0.2244403 -0.2114586
8 -0.0310697 -0.7495870 -0.0023060
5
-114.65     ts77     dynamics     sesquiterpene     TS     runpoint      7     runisomer      200
6 -0.0272568 0.6522813 0.0335506
1 -0.3781940 1.2046920 0.7898162
1 -0.2958766 1.1624064 -0.9489777
1 1.0141664 -0.2872229 -0.2243132
8 -0.0289266 -0.7575027 -0.0010095
5
-114.65     ts77     dynamics     sesquiterpene     TS     runpoint      8     runisomer      200
6 -0.0334502 0.6663939 0.0349707
1 -0.3695393 1.1881712 0.8177266
1 -0.2981436 1.2021413 -1.0038966
1 1.0166796 -0.3721993 -0.2325493
8 -0.0248404 -0.7642010 0.0001457
5
-114.656     ts77     dynamics     sesquiterpene     TS     runpoint      9     runisomer      200
6 -0.0402231 0.6802252 0.0317097
1 -0.3732199 1.1860023 0.8797124
1 -0.2926230 1.2289605 -1.0374329
1 0.9923992 -0.4838344 -0.2357933
8 -0.0183429 -0.7690983 0.0010052
5
-114.673     ts77     dynamics     sesquiterpene     TS     runpoint      10     runisomer      200
6 -0.0481945 0.6943111 0.0250381
1 -0.3827457 1.1884090 0.9566241
1 -0.2796301 1.2409996 -1.0438724
1 0.9441769 -0.6215619 -0.2349045
8 -0.0095409 -0.7718992 0.0015147
5
-114.689     ts77     dynamics     sesquiterpene     TS     runpoint      11     runisomer      200
6 -0.0576408 0.7088171 0.0167433
1 -0.3912505 1.1860263 1.0268877
1 -0.2605296 1.2386256 -1.0222913
1 0.8896388 -0.7780269 -0.2340051
8 0.0003155 -0.7726246 0.0018951
5
-114.695     ts77     dynamics     sesquiterpene     TS     runpoint      12     runisomer      200
6 -0.0682618 0.7231872 0.0083913
1 -0.3947267 1.1741515 1.0757018
1 -0.2375335 1.2246802 -0.9769829
1 0.8620290 -0.9457463 -0.2417014
8 0.0087952 -0.7712128 0.0027157
5
-114.696     ts77     dynamics     sesquiterpene     TS     runpoint      13     runisomer      200
6 -0.0793784 0.7363069 0.0015777
1 -0.3915691 1.1516509 1.0952721
1 -0.2137934 1.2059096 -0.9202510
1 0.8695054 -1.1218701 -0.2608773
8 0.0149700 -0.7673599 0.0042288
5
-114.695     ts77     dynamics     sesquiterpene     TS     runpoint      14     runisomer      200
6 -0.0902175 0.7466829 -0.0016664
1 -0.3817146 1.1196228 1.0832537
1 -0.1930858 1.1943728 -0.8751049
1 0.8790672 -1.2912380 -0.2823167
8 0.0205753 -0.7617294 0.0059277
5
-114.679     ts77     dynamics     sesquiterpene     TS     runpoint      15     runisomer      200
6 -0.1001515 0.7527847 0.0004424
1 -0.3664560 1.0809558 1.0428627
1 -0.1779041 1.2034011 -0.8670763
1 0.8663873 -1.4332283 -0.2982406
8 0.0269089 -0.7554938 0.0073904
5
-114.664     ts77     dynamics     sesquiterpene     TS     runpoint      16     runisomer      200
6 -0.1087986 0.7539810 0.0070844
1 -0.3490555 1.0407717 0.9858182
1 -0.1671603 1.2349207 -0.8992112
1 0.8252628 -1.5344498 -0.3061024
8 0.0342141 -0.7494687 0.0085222
5
-114.657     ts77     dynamics     sesquiterpene     TS     runpoint      17     runisomer      200
6 -0.1157481 0.7506058 0.0141506
1 -0.3356785 1.0072628 0.9366821
1 -0.1581193 1.2770264 -0.9482055
1 0.7574956 -1.5880965 -0.3059638
8 0.0422847 -0.7440998 0.0093954
5
-114.648     ts77     dynamics     sesquiterpene     TS     runpoint      18     runisomer      200
6 -0.1204237 0.7430304 0.0168213
1 -0.3339539 0.9898320 0.9273413
1 -0.1492874 1.3164155 -0.9894456
1 0.6673367 -1.5911919 -0.2989631
8 0.0508088 -0.7396068 0.0101380
5
-114.648     ts77     dynamics     sesquiterpene     TS     runpoint      19     runisomer      200
6 -0.1226871 0.7317800 0.0130987
1 -0.3460381 0.9911783 0.9671721
1 -0.1403823 1.3445648 -1.0090089
1 0.5615446 -1.5461768 -0.2878904
8 0.0593733 -0.7358639 0.0109560
5
-114.663     ts77     dynamics     sesquiterpene     TS     runpoint      20     runisomer      200
6 -0.1231512 0.7178301 0.0047854
1 -0.3657439 1.0042648 1.0300431
1 -0.1315304 1.3570535 -1.0020119
1 0.4548898 -1.4720115 -0.2812721
8 0.0671254 -0.7316852 0.0123742
5
-114.663     ts77     dynamics     sesquiterpene     TS     runpoint      21     runisomer      200
6 -0.1226013 0.7020791 -0.0053911
1 -0.3855459 1.0202912 1.0850478
1 -0.1228625 1.3524089 -0.9694855
1 0.3769689 -1.4250310 -0.3030004
8 0.0723237 -0.7235476 0.0158621
5
-114.648     ts77     dynamics     sesquiterpene     TS     runpoint      22     runisomer      200
6 -0.1216339 0.6851483 -0.0153759
1 -0.4006280 1.0333022 1.1139664
1 -0.1143899 1.3324199 -0.9175212
1 0.3445838 -1.4573135 -0.3808398
8 0.0740557 -0.7083748 0.0231611
5
-114.67     ts77     dynamics     sesquiterpene     TS     runpoint      23     runisomer      200
6 -0.1206858 0.6675212 -0.0236148
1 -0.4086298 1.0399971 1.1094590
1 -0.1059104 1.3036273 -0.8582571
1 0.3279691 -1.5119863 -0.4921990
8 0.0743619 -0.6903165 0.0329082
5
-114.677     ts77     dynamics     sesquiterpene     TS     runpoint      24     runisomer      200
6 -0.1201300 0.6494506 -0.0286345
1 -0.4088012 1.0387337 1.0709562
1 -0.0967915 1.2780846 -0.8101536
1 0.3067656 -1.5352391 -0.6052150
8 0.0747175 -0.6736094 0.0431893
5
-114.668     ts77     dynamics     sesquiterpene     TS     runpoint      25     runisomer      200
6 -0.1203012 0.6311619 -0.0293799
1 -0.4018506 1.0294181 1.0033498
1 -0.0858267 1.2688845 -0.7917146
1 0.2756684 -1.5099278 -0.7029797
8 0.0756779 -0.6603189 0.0530046
