5
-114.654160 ts77 dynamics sesquiterpene TS runpoint 1  runisomer  140
6 -0.0494749 0.6200853 -0.0141030
1 -0.1777023 1.0545747 1.0085357
1 -0.1354070 1.1263228 -0.9146622
1 0.8940109 -0.0496491 -0.0180466
8 -0.0274392 -0.7365793 0.0058031
5
-114.644 ts77 dynamics sesquiterpene TS runpoint 2  runisomer  140
6 -0.0539634 0.615517 -0.0128991
1 -0.183589 1.09632 1.07722
1 -0.105617 1.10204 -0.952802
1 0.940968 -0.0430718 -0.0429384
8 -0.0285366 -0.734667 0.00454367
5
-114.64     ts77     dynamics     sesquiterpene     TS     runpoint      3     runisomer      140
6 -0.0580497 0.6122865 -0.0086974
1 -0.1900478 1.1338506 1.1174833
1 -0.0826352 1.0867741 -0.9967082
1 1.0003950 -0.0344622 -0.0665028
8 -0.0302568 -0.7341890 0.0031065
5
-114.633     ts77     dynamics     sesquiterpene     TS     runpoint      4     runisomer      140
6 -0.0607973 0.6104736 -0.0022220
1 -0.1964764 1.1631340 1.1232756
1 -0.0668599 1.0767945 -1.0345895
1 1.0599724 -0.0181443 -0.0875448
8 -0.0325394 -0.7350729 0.0015982
5
-114.628     ts77     dynamics     sesquiterpene     TS     runpoint      5     runisomer      140
6 -0.0613041 0.6098731 0.0055556
1 -0.2026892 1.1819830 1.0937677
1 -0.0588938 1.0693103 -1.0571007
1 1.1113015 0.0119170 -0.1047937
8 -0.0355033 -0.7372322 0.0001285
5
-114.629     ts77     dynamics     sesquiterpene     TS     runpoint      6     runisomer      140
6 -0.0588471 0.6100063 0.0136826
1 -0.2087234 1.1897414 1.0321158
1 -0.0592731 1.0629409 -1.0590775
1 1.1505284 0.0612829 -0.1170791
8 -0.0394136 -0.7405297 -0.0011828
5
-114.638     ts77     dynamics     sesquiterpene     TS     runpoint      7     runisomer      140
6 -0.0529280 0.6101615 0.0211017
1 -0.2150954 1.1882740 0.9469839
1 -0.0682892 1.0573825 -1.0395395
1 1.1766583 0.1336750 -0.1233081
8 -0.0445316 -0.7447655 -0.0022214
5
-114.65     ts77     dynamics     sesquiterpene     TS     runpoint      8     runisomer      140
6 -0.0431677 0.6093461 0.0263867
1 -0.2238074 1.1844956 0.8559515
1 -0.0860249 1.0531141 -1.0017825
1 1.1891295 0.2300380 -0.1223657
8 -0.0509744 -0.7497188 -0.0028859
5
-114.659     ts77     dynamics     sesquiterpene     TS     runpoint      9     runisomer      140
6 -0.0291237 0.6061926 0.0277857
1 -0.2397062 1.1921798 0.7858802
1 -0.1125385 1.0514063 -0.9539719
1 1.1869239 0.3485840 -0.1132163
8 -0.0586994 -0.7551997 -0.0031067
5
-114.666     ts77     dynamics     sesquiterpene     TS     runpoint      10     runisomer      140
6 -0.0104506 0.5996961 0.0245215
1 -0.2686714 1.2233758 0.7579432
1 -0.1482038 1.0544281 -0.9090507
1 1.1697527 0.4849793 -0.0953506
8 -0.0675543 -0.7610764 -0.0028512
5
-114.68     ts77     dynamics     sesquiterpene     TS     runpoint      11     runisomer      140
6 0.0123600 0.5906880 0.0182679
1 -0.3104223 1.2711657 0.7668946
1 -0.1939502 1.0643729 -0.8808280
1 1.1405652 0.6326875 -0.0694256
8 -0.0773154 -0.7672627 -0.0021318
5
-114.694     ts77     dynamics     sesquiterpene     TS     runpoint      12     runisomer      140
6 0.0377081 0.5813814 0.0114820
1 -0.3580046 1.3158123 0.7924035
1 -0.2500085 1.0803720 -0.8752929
1 1.1073217 0.7843881 -0.0375502
8 -0.0877067 -0.7736608 -0.0010025
5
-114.654160 ts77 dynamics sesquiterpene TS runpoint 1  runisomer  140
6 -0.0494749 0.6200853 -0.0141030
1 -0.1777023 1.0545747 1.0085357
1 -0.1354070 1.1263228 -0.9146622
1 0.8940109 -0.0496491 -0.0180466
8 -0.0274392 -0.7365793 0.0058031
5
-114.644 ts77 dynamics sesquiterpene TS runpoint 2  runisomer  140
6 -0.0453 0.625607 -0.0126765
1 -0.174077 1.01612 0.927305
1 -0.171735 1.16184 -0.891313
1 0.871717 -0.058828 0.00732706
8 -0.0271061 -0.739959 0.00678137
5
-114.642     ts77     dynamics     sesquiterpene     TS     runpoint      3     runisomer      140
6 -0.0416051 0.6312656 -0.0110507
1 -0.1766080 0.9939683 0.8650948
1 -0.2136314 1.2062030 -0.8835639
1 0.8798266 -0.0733401 0.0327508
8 -0.0275898 -0.7446896 0.0073900
5
-114.634     ts77     dynamics     sesquiterpene     TS     runpoint      4     runisomer      140
6 -0.0379888 0.6360039 -0.0127645
1 -0.1906703 1.0023967 0.8588835
1 -0.2587824 1.2526231 -0.8850525
1 0.9141351 -0.0937111 0.0579112
8 -0.0287339 -0.7504175 0.0075747
5
-114.637     ts77     dynamics     sesquiterpene     TS     runpoint      5     runisomer      140
6 -0.0341767 0.6397892 -0.0184626
1 -0.2165108 1.0403648 0.9094449
1 -0.3041304 1.2933788 -0.8880630
1 0.9631482 -0.1191392 0.0822714
8 -0.0301972 -0.7566169 0.0073177
5
-114.648     ts77     dynamics     sesquiterpene     TS     runpoint      6     runisomer      140
6 -0.0304220 0.6437051 -0.0255635
1 -0.2471885 1.0912440 0.9811048
1 -0.3468309 1.3223797 -0.8870351
1 1.0134908 -0.1487678 0.1049745
8 -0.0315631 -0.7627225 0.0066337
5
-114.646     ts77     dynamics     sesquiterpene     TS     runpoint      7     runisomer      140
6 -0.0270899 0.6486168 -0.0317335
1 -0.2756224 1.1402186 1.0434316
1 -0.3847657 1.3359169 -0.8790649
1 1.0536604 -0.1827302 0.1250503
8 -0.0324124 -0.7682087 0.0055675
5
-114.635     ts77     dynamics     sesquiterpene     TS     runpoint      8     runisomer      140
6 -0.0244970 0.6548663 -0.0357790
1 -0.2974724 1.1791013 1.0814788
1 -0.4167946 1.3326945 -0.8637253
1 1.0752275 -0.2229638 0.1416901
8 -0.0323214 -0.7726112 0.0041897
5
-114.627     ts77     dynamics     sesquiterpene     TS     runpoint      9     runisomer      140
6 -0.0229748 0.6625146 -0.0371568
1 -0.3103847 1.2039524 1.0897253
1 -0.4429998 1.3137497 -0.8429773
1 1.0725609 -0.2737714 0.1544291
8 -0.0308299 -0.7755221 0.0025938
5
-114.629     ts77     dynamics     sesquiterpene     TS     runpoint      10     runisomer      140
6 -0.0228939 0.6714979 -0.0355821
1 -0.3130576 1.2130353 1.0673482
1 -0.4649537 1.2823749 -0.8211910
1 1.0424346 -0.3417552 0.1632177
8 -0.0274408 -0.7765747 0.0008957
5
-114.644     ts77     dynamics     sesquiterpene     TS     runpoint      11     runisomer      140
6 -0.0245706 0.6816038 -0.0309143
1 -0.3049221 1.2061983 1.0168005
1 -0.4857345 1.2437057 -0.8048416
1 0.9848857 -0.4341399 0.1685322
8 -0.0217605 -0.7754702 -0.0007857
5
-114.668     ts77     dynamics     sesquiterpene     TS     runpoint      12     runisomer      140
6 -0.0280781 0.6923449 -0.0233734
1 -0.2865879 1.1856949 0.9452637
1 -0.5090415 1.2032580 -0.8008897
1 0.9083835 -0.5541249 0.1721141
8 -0.0139972 -0.7721291 -0.0024105
5
-114.689     ts77     dynamics     sesquiterpene     TS     runpoint      13     runisomer      140
6 -0.0330600 0.7027283 -0.0141797
1 -0.2612835 1.1588162 0.8693882
1 -0.5371018 1.1644163 -0.8132507
1 0.8440401 -0.6955914 0.1799344
8 -0.0060322 -0.7668656 -0.0042414
5
-114.687     ts77     dynamics     sesquiterpene     TS     runpoint      14     runisomer      140
6 -0.0386787 0.7109933 -0.0062694
1 -0.2364876 1.1412960 0.8209582
1 -0.5688346 1.1270024 -0.8395512
1 0.8474634 -0.8510738 0.2045461
8 -0.0015959 -0.7598108 -0.0070180
5
-114.687     ts77     dynamics     sesquiterpene     TS     runpoint      15     runisomer      140
6 -0.0440370 0.7152460 -0.0031746
1 -0.2202950 1.1514449 0.8344232
1 -0.6005624 1.0889003 -0.8719620
1 0.9068368 -1.0213296 0.2452432
8 -0.0003395 -0.7505153 -0.0107099
5
-114.701     ts77     dynamics     sesquiterpene     TS     runpoint      16     runisomer      140
6 -0.0490896 0.7154798 -0.0051057
1 -0.2113866 1.1877906 0.9040936
1 -0.6284685 1.0486655 -0.9015069
1 0.9583025 -1.1882392 0.2859676
8 0.0014034 -0.7399308 -0.0143561
5
-114.697     ts77     dynamics     sesquiterpene     TS     runpoint      17     runisomer      140
6 -0.0542661 0.7132193 -0.0092533
1 -0.2030480 1.2317448 0.9908138
1 -0.6501203 1.0064156 -0.9214073
1 0.9736381 -1.3311055 0.3177405
8 0.0051566 -0.7293426 -0.0174571
5
-114.676     ts77     dynamics     sesquiterpene     TS     runpoint      18     runisomer      140
6 -0.0596829 0.7096227 -0.0132519
1 -0.1918961 1.2687203 1.0638307
1 -0.6647402 0.9635466 -0.9281014
1 0.9491238 -1.4380833 0.3381609
8 0.0109824 -0.7195359 -0.0199224
5
-114.653     ts77     dynamics     sesquiterpene     TS     runpoint      19     runisomer      140
6 -0.0651356 0.7052013 -0.0158143
1 -0.1776548 1.2917509 1.1081953
1 -0.6732172 0.9222764 -0.9212556
1 0.8882895 -1.5029243 0.3471810
8 0.0185406 -0.7109865 -0.0217943
5
-114.643     ts77     dynamics     sesquiterpene     TS     runpoint      20     runisomer      140
6 -0.0702416 0.7001775 -0.0161952
1 -0.1612443 1.2981441 1.1181515
1 -0.6781203 0.8852657 -0.9034125
1 0.7955195 -1.5212975 0.3452883
8 0.0274898 -0.7041348 -0.0231395
5
-114.648     ts77     dynamics     sesquiterpene     TS     runpoint      21     runisomer      140
6 -0.0745643 0.6946958 -0.0138709
1 -0.1438354 1.2872417 1.0925845
1 -0.6833997 0.8553730 -0.8793160
1 0.6757131 -1.4904280 0.3335389
8 0.0375155 -0.6993999 -0.0240503
5
-114.669     ts77     dynamics     sesquiterpene     TS     runpoint      22     runisomer      140
6 -0.0777767 0.6887591 -0.0085868
1 -0.1264415 1.2599490 1.0339884
1 -0.6932592 0.8353973 -0.8545754
1 0.5395725 -1.4160708 0.3164895
8 0.0480284 -0.6966560 -0.0248062
5
-114.686     ts77     dynamics     sesquiterpene     TS     runpoint      23     runisomer      140
6 -0.0798211 0.6820675 -0.0007507
1 -0.1097521 1.2200530 0.9508582
1 -0.7102757 0.8274892 -0.8334603
1 0.4178087 -1.3372080 0.3140515
8 0.0572526 -0.6935962 -0.0266231
