5
-114.654160 ts77 dynamics sesquiterpene TS runpoint 1  runisomer  69
6 -0.0181702 0.6539417 -0.0131332
1 -0.2830177 1.0494921 0.9721422
1 -0.3662327 1.0108464 -0.8743407
1 1.0405484 -0.0994491 0.0995061
8 -0.0389788 -0.7512448 -0.0025786
5
-114.64 ts77 dynamics sesquiterpene TS runpoint 2  runisomer  69
6 -0.014654 0.660419 -0.00185871
1 -0.301054 1.06126 0.970826
1 -0.386965 1.01415 -0.960629
1 1.0742 -0.0866701 0.0792716
8 -0.0412948 -0.757858 -0.00424258
5
-114.643     ts77     dynamics     sesquiterpene     TS     runpoint      3     runisomer      69
6 -0.0106591 0.6647368 0.0095251
1 -0.3183214 1.0789501 0.9656177
1 -0.4047298 1.0261187 -1.0438784
1 1.0940817 -0.0642849 0.0561503
8 -0.0433374 -0.7643760 -0.0057539
5
-114.637     ts77     dynamics     sesquiterpene     TS     runpoint      4     runisomer      69
6 -0.0064591 0.6668327 0.0189646
1 -0.3349631 1.1021859 0.9577465
1 -0.4119704 1.0397237 -1.1027663
1 1.0995795 -0.0274858 0.0309674
8 -0.0453292 -0.7705872 -0.0070435
5
-114.63     ts77     dynamics     sesquiterpene     TS     runpoint      5     runisomer      69
6 -0.0020414 0.6664640 0.0254802
1 -0.3506260 1.1298486 0.9477872
1 -0.4058301 1.0517911 -1.1281697
1 1.0924021 0.0287203 0.0048188
8 -0.0475904 -0.7763535 -0.0080571
5
-114.632     ts77     dynamics     sesquiterpene     TS     runpoint      6     runisomer      69
6 0.0026408 0.6634914 0.0287031
1 -0.3642955 1.1599107 0.9352908
1 -0.3858046 1.0606563 -1.1173129
1 1.0764007 0.1091402 -0.0210213
8 -0.0504934 -0.7816428 -0.0087447
5
-114.642     ts77     dynamics     sesquiterpene     TS     runpoint      7     runisomer      69
6 0.0074827 0.6580550 0.0286402
1 -0.3745068 1.1895485 0.9191818
1 -0.3529521 1.0652939 -1.0712290
1 1.0576593 0.2167701 -0.0451689
8 -0.0543693 -0.7865056 -0.0090665
5
-114.66     ts77     dynamics     sesquiterpene     TS     runpoint      8     runisomer      69
6 0.0120902 0.6506178 0.0256789
1 -0.3798860 1.2155671 0.8986227
1 -0.3103523 1.0655595 -0.9954240
1 1.0451473 0.3503155 -0.0662719
8 -0.0593800 -0.7909969 -0.0089989
5
-114.68     ts77     dynamics     sesquiterpene     TS     runpoint      9     runisomer      69
6 0.0158984 0.6416707 0.0208678
1 -0.3798350 1.2350059 0.8739024
1 -0.2644900 1.0637308 -0.9036424
1 1.0502508 0.5037798 -0.0831901
8 -0.0654495 -0.7950635 -0.0085511
5
-114.691     ts77     dynamics     sesquiterpene     TS     runpoint      10     runisomer      69
6 0.0190631 0.6310727 0.0163082
1 -0.3750939 1.2457207 0.8469845
1 -0.2266171 1.0676126 -0.8233058
1 1.0789178 0.6700342 -0.0946461
8 -0.0723145 -0.7985080 -0.0077760
5
-114.688     ts77     dynamics     sesquiterpene     TS     runpoint      11     runisomer      69
6 0.0232428 0.6180695 0.0146639
1 -0.3678667 1.2467178 0.8215444
1 -0.2098231 1.0904862 -0.7902738
1 1.1215159 0.8415727 -0.0988298
8 -0.0796476 -0.8010646 -0.0067593
5
-114.654160 ts77 dynamics sesquiterpene TS runpoint 1  runisomer  69
6 -0.0181702 0.6539417 -0.0131332
1 -0.2830177 1.0494921 0.9721422
1 -0.3662327 1.0108464 -0.8743407
1 1.0405484 -0.0994491 0.0995061
8 -0.0389788 -0.7512448 -0.0025786
5
-114.64 ts77 dynamics sesquiterpene TS runpoint 2  runisomer  69
6 -0.0204874 0.644915 -0.0210443
1 -0.263952 1.04361 0.968679
1 -0.356386 1.02958 -0.821079
1 0.99639 -0.107441 0.116464
8 -0.0362797 -0.744779 -0.000849363
5
-114.633     ts77     dynamics     sesquiterpene     TS     runpoint      3     runisomer      69
6 -0.0212385 0.6331870 -0.0233823
1 -0.2438682 1.0434682 0.9610493
1 -0.3678954 1.0815675 -0.8263950
1 0.9482957 -0.1156438 0.1304375
8 -0.0332259 -0.7387308 0.0008417
5
-114.643     ts77     dynamics     sesquiterpene     TS     runpoint      4     runisomer      69
6 -0.0216439 0.6204911 -0.0218883
1 -0.2232464 1.0490519 0.9516869
1 -0.3929887 1.1567008 -0.8715016
1 0.9061717 -0.1292382 0.1425772
8 -0.0299865 -0.7334360 0.0023902
5
-114.65     ts77     dynamics     sesquiterpene     TS     runpoint      5     runisomer      69
6 -0.0234165 0.6095627 -0.0196462
1 -0.2028453 1.0603306 0.9435203
1 -0.4176384 1.2334513 -0.9230495
1 0.8808999 -0.1534136 0.1546924
8 -0.0267979 -0.7292612 0.0037090
5
-114.645     ts77     dynamics     sesquiterpene     TS     runpoint      6     runisomer      69
6 -0.0275492 0.6024997 -0.0185484
1 -0.1833037 1.0768700 0.9384022
1 -0.4340023 1.2963444 -0.9612469
1 0.8793453 -0.1928742 0.1685170
8 -0.0238013 -0.7264807 0.0047455
5
-114.639     ts77     dynamics     sesquiterpene     TS     runpoint      7     runisomer      69
6 -0.0342739 0.6004896 -0.0193465
1 -0.1648484 1.0974453 0.9364318
1 -0.4396452 1.3373424 -0.9780050
1 0.8999707 -0.2517961 0.1847711
8 -0.0208634 -0.7251401 0.0055036
5
-114.64     ts77     dynamics     sesquiterpene     TS     runpoint      8     runisomer      69
6 -0.0434425 0.6040770 -0.0221678
1 -0.1472309 1.1200177 0.9361958
1 -0.4347013 1.3526468 -0.9709567
1 0.9330194 -0.3345674 0.2028205
8 -0.0174887 -0.7250023 0.0060564
5
-114.651     ts77     dynamics     sesquiterpene     TS     runpoint      9     runisomer      69
6 -0.0548514 0.6133306 -0.0268090
1 -0.1298374 1.1421482 0.9356101
1 -0.4204295 1.3409323 -0.9408295
1 0.9651540 -0.4451196 0.2211585
8 -0.0129511 -0.7256344 0.0065231
5
-114.67     ts77     dynamics     sesquiterpene     TS     runpoint      10     runisomer      69
6 -0.0682286 0.6276785 -0.0327531
1 -0.1118947 1.1616413 0.9328558
1 -0.3990401 1.3037757 -0.8918999
1 0.9850283 -0.5835215 0.2381411
8 -0.0066459 -0.7265635 0.0070049
5
-114.693     ts77     dynamics     sesquiterpene     TS     runpoint      11     runisomer      69
6 -0.0829312 0.6455727 -0.0388662
1 -0.0927881 1.1771540 0.9269817
1 -0.3749770 1.2486721 -0.8356751
1 0.9864316 -0.7433322 0.2525449
8 0.0015745 -0.7274235 0.0075134
5
-114.706     ts77     dynamics     sesquiterpene     TS     runpoint      12     runisomer      69
6 -0.0976845 0.6642777 -0.0428516
1 -0.0723124 1.1885749 0.9180350
1 -0.3573417 1.1938848 -0.7976477
1 0.9680948 -0.9133706 0.2637684
8 0.0113973 -0.7280099 0.0079656
5
-114.7     ts77     dynamics     sesquiterpene     TS     runpoint      13     runisomer      69
6 -0.1108637 0.6804793 -0.0415402
1 -0.0507129 1.1971671 0.9070415
1 -0.3582015 1.1645238 -0.8145356
1 0.9313219 -1.0812907 0.2715549
8 0.0222933 -0.7282750 0.0082500
5
-114.695     ts77     dynamics     sesquiterpene     TS     runpoint      14     runisomer      69
6 -0.1218072 0.6928393 -0.0343560
1 -0.0283893 1.2055189 0.8963619
1 -0.3788511 1.1642148 -0.8941186
1 0.8775825 -1.2355952 0.2756221
8 0.0337819 -0.7283319 0.0082936
5
-114.7     ts77     dynamics     sesquiterpene     TS     runpoint      15     runisomer      69
6 -0.1311635 0.7022993 -0.0246571
1 -0.0054106 1.2170018 0.8894618
1 -0.4069963 1.1718592 -0.9993054
1 0.8082662 -1.3662794 0.2757841
8 0.0454934 -0.7284002 0.0080724
5
-114.692     ts77     dynamics     sesquiterpene     TS     runpoint      16     runisomer      69
6 -0.1396345 0.7095672 -0.0156804
1 0.0185597 1.2342896 0.8887358
1 -0.4318388 1.1716159 -1.0937946
1 0.7258248 -1.4657666 0.2724379
8 0.0570952 -0.7286581 0.0075501
5
-114.672     ts77     dynamics     sesquiterpene     TS     runpoint      17     runisomer      69
6 -0.1475831 0.7147570 -0.0089455
1 0.0437855 1.2577232 0.8931448
1 -0.4480521 1.1580466 -1.1584586
1 0.6342547 -1.5302640 0.2669479
8 0.0682571 -0.7291093 0.0066427
5
-114.656     ts77     dynamics     sesquiterpene     TS     runpoint      18     runisomer      69
6 -0.1551681 0.7178469 -0.0047495
1 0.0699332 1.2849287 0.8981319
1 -0.4535585 1.1307297 -1.1853132
1 0.5388580 -1.5613043 0.2619762
8 0.0786552 -0.7294639 0.0051883
5
-114.648     ts77     dynamics     sesquiterpene     TS     runpoint      19     runisomer      69
6 -0.1624665 0.7188388 -0.0028123
1 0.0960492 1.3119559 0.8978245
1 -0.4478949 1.0911428 -1.1719848
1 0.4457964 -1.5677043 0.2619825
8 0.0879890 -0.7290129 0.0029153
5
-114.649     ts77     dynamics     sesquiterpene     TS     runpoint      20     runisomer      69
6 -0.1695140 0.7177184 -0.0026072
1 0.1209445 1.3348310 0.8874270
1 -0.4317379 1.0419091 -1.1201755
1 0.3605247 -1.5657673 0.2734900
8 0.0960588 -0.7266328 -0.0005711
5
-114.656     ts77     dynamics     sesquiterpene     TS     runpoint      21     runisomer      69
6 -0.1762638 0.7143664 -0.0032550
1 0.1436278 1.3506787 0.8645118
1 -0.4074044 0.9874357 -1.0381411
1 0.2839705 -1.5712014 0.3032523
8 0.1029811 -0.7213421 -0.0056830
5
-114.666     ts77     dynamics     sesquiterpene     TS     runpoint      22     runisomer      69
6 -0.1824801 0.7084205 -0.0029311
1 0.1636709 1.3583483 0.8294511
1 -0.3803168 0.9355830 -0.9480930
1 0.2106538 -1.5840534 0.3534058
8 0.1092913 -0.7132876 -0.0125487
5
-114.668     ts77     dynamics     sesquiterpene     TS     runpoint      23     runisomer      69
6 -0.1876714 0.6991542 0.0017264
1 0.1816212 1.3587987 0.7855581
1 -0.3599989 0.8986129 -0.8936365
1 0.1340429 -1.5884711 0.4192566
8 0.1155983 -0.7037562 -0.0208560
5
-114.662     ts77     dynamics     sesquiterpene     TS     runpoint      24     runisomer      69
6 -0.1916367 0.6859674 0.0134160
1 0.1995616 1.3553995 0.7391772
1 -0.3539392 0.8863615 -0.9142347
1 0.0517734 -1.5677348 0.4927351
8 0.1222413 -0.6941832 -0.0300342
5
-114.676     ts77     dynamics     sesquiterpene     TS     runpoint      25     runisomer      69
6 -0.1952836 0.6693386 0.0295238
1 0.2213241 1.3535709 0.6986960
1 -0.3578240 0.8947767 -0.9892409
1 -0.0343522 -1.5127571 0.5658029
8 0.1292732 -0.6855868 -0.0394441
5
-114.694     ts77     dynamics     sesquiterpene     TS     runpoint      26     runisomer      69
6 -0.1997523 0.6503763 0.0452851
1 0.2506872 1.3579195 0.6704442
1 -0.3638280 0.9137066 -1.0713592
1 -0.1201875 -1.4222933 0.6315773
8 0.1365575 -0.6785271 -0.0484566
5
-114.698     ts77     dynamics     sesquiterpene     TS     runpoint      27     runisomer      69
6 -0.2055085 0.6304288 0.0579416
1 0.2881849 1.3679842 0.6546593
1 -0.3681191 0.9361244 -1.1317625
1 -0.2007904 -1.3013123 0.6847763
8 0.1438594 -0.6732313 -0.0565024
5
-114.695     ts77     dynamics     sesquiterpene     TS     runpoint      28     runisomer      69
6 -0.2123585 0.6111810 0.0665574
1 0.3301614 1.3778580 0.6466562
1 -0.3698771 0.9582088 -1.1588602
1 -0.2715963 -1.1596504 0.7224490
8 0.1509206 -0.6697296 -0.0631256
5
-114.69     ts77     dynamics     sesquiterpene     TS     runpoint      29     runisomer      69
6 -0.2197768 0.5944502 0.0709141
1 0.3709872 1.3802045 0.6411336
1 -0.3696644 0.9778334 -1.1494024
1 -0.3293701 -1.0103301 0.7445940
8 0.1575362 -0.6679706 -0.0680367
5
-114.682     ts77     dynamics     sesquiterpene     TS     runpoint      30     runisomer      69
6 -0.2271888 0.5818863 0.0709578
1 0.4055429 1.3697471 0.6348234
1 -0.3687566 0.9937770 -1.1041413
1 -0.3726626 -0.8670715 0.7539094
8 0.1635852 -0.6679178 -0.0711099
5
-114.675     ts77     dynamics     sesquiterpene     TS     runpoint      31     runisomer      69
6 -0.2340821 0.5747204 0.0667760
1 0.4303405 1.3443104 0.6268586
1 -0.3690608 1.0056906 -1.0272628
1 -0.4017277 -0.7416937 0.7547456
8 0.1690394 -0.6695907 -0.0723663
5
-114.671     ts77     dynamics     sesquiterpene     TS     runpoint      32     runisomer      69
6 -0.2399956 0.5734866 0.0589254
1 0.4438087 1.3046481 0.6183440
1 -0.3733880 1.0150580 -0.9289116
1 -0.4182569 -0.6423709 0.7520782
8 0.1739357 -0.6730164 -0.0719672
5
-114.666     ts77     dynamics     sesquiterpene     TS     runpoint      33     runisomer      69
6 -0.2444557 0.5776544 0.0489965
1 0.4465113 1.2541561 0.6119387
1 -0.3861611 1.0280624 -0.8308083
1 -0.4248391 -0.5732250 0.7505486
8 0.1783257 -0.6781380 -0.0701985
5
-114.656     ts77     dynamics     sesquiterpene     TS     runpoint      34     runisomer      69
6 -0.2469165 0.5853524 0.0398402
1 0.4414587 1.1986143 0.6115341
1 -0.4142203 1.0589322 -0.7685962
1 -0.4238220 -0.5353236 0.7532902
8 0.1821889 -0.6847482 -0.0673952
5
-114.645     ts77     dynamics     sesquiterpene     TS     runpoint      35     runisomer      69
6 -0.2470417 0.5943764 0.0335092
1 0.4339686 1.1455343 0.6217024
1 -0.4637343 1.1203771 -0.7676249
1 -0.4162474 -0.5282504 0.7611011
8 0.1853916 -0.6924924 -0.0638382
5
-114.654     ts77     dynamics     sesquiterpene     TS     runpoint      36     runisomer      69
6 -0.2454092 0.6043595 0.0285024
1 0.4299529 1.1025136 0.6463195
1 -0.5307741 1.2017398 -0.8098161
1 -0.4015985 -0.5512212 0.7725715
8 0.1877160 -0.7009516 -0.0596960
5
-114.666     ts77     dynamics     sesquiterpene     TS     runpoint      37     runisomer      69
6 -0.2430802 0.6161112 0.0222367
1 0.4321353 1.0743972 0.6858970
1 -0.6030037 1.2806305 -0.8612210
1 -0.3782770 -0.6032834 0.7849158
8 0.1889079 -0.7096881 -0.0550269
5
-114.671     ts77     dynamics     sesquiterpene     TS     runpoint      38     runisomer      69
6 -0.2405858 0.6301367 0.0136248
1 0.4374091 1.0614485 0.7355168
1 -0.6691407 1.3419674 -0.9005911
1 -0.3448773 -0.6825557 0.7954788
8 0.1887623 -0.7182657 -0.0498759
5
-114.671     ts77     dynamics     sesquiterpene     TS     runpoint      39     runisomer      69
6 -0.2378482 0.6464085 0.0029300
1 0.4389090 1.0608194 0.7863353
1 -0.7219065 1.3787331 -0.9186086
1 -0.3018071 -0.7851191 0.8034349
8 0.1872191 -0.7262893 -0.0444189
5
-114.672     ts77     dynamics     sesquiterpene     TS     runpoint      40     runisomer      69
6 -0.2345803 0.6644566 -0.0089887
1 0.4301158 1.0691521 0.8293205
1 -0.7572959 1.3882743 -0.9121162
1 -0.2516032 -0.9048653 0.8100286
8 0.1843827 -0.7334107 -0.0390089
5
-114.676     ts77     dynamics     sesquiterpene     TS     runpoint      41     runisomer      69
6 -0.2305332 0.6835266 -0.0211472
1 0.4070224 1.0838565 0.8578239
1 -0.7737900 1.3703684 -0.8812952
1 -0.1969953 -1.0342521 0.8157585
8 0.1803957 -0.7393640 -0.0339854
5
-114.683     ts77     dynamics     sesquiterpene     TS     runpoint      42     runisomer      69
6 -0.2254858 0.7026856 -0.0325633
1 0.3683654 1.1032684 0.8684169
1 -0.7726657 1.3273755 -0.8297059
1 -0.1390066 -1.1641011 0.8169230
8 0.1753161 -0.7440702 -0.0294099
5
-114.689     ts77     dynamics     sesquiterpene     TS     runpoint      43     runisomer      69
6 -0.2190450 0.7207183 -0.0421165
1 0.3154139 1.1265946 0.8612023
1 -0.7601160 1.2663255 -0.7670003
1 -0.0778920 -1.2834854 0.8070126
8 0.1691738 -0.7476989 -0.0251129
5
-114.688     ts77     dynamics     sesquiterpene     TS     runpoint      44     runisomer      69
6 -0.2102864 0.7358430 -0.0482480
1 0.2519673 1.1541759 0.8404545
1 -0.7514636 1.2019055 -0.7135235
1 -0.0149030 -1.3818361 0.7813022
8 0.1620821 -0.7505280 -0.0209542
5
-114.674     ts77     dynamics     sesquiterpene     TS     runpoint      45     runisomer      69
6 -0.1977640 0.7459266 -0.0492880
1 0.1841850 1.1881260 0.8155359
1 -0.7708816 1.1528186 -0.6974237
1 0.0475971 -1.4515247 0.7392427
8 0.1542395 -0.7527482 -0.0169665
5
-114.666     ts77     dynamics     sesquiterpene     TS     runpoint      46     runisomer      69
6 -0.1812594 0.7500561 -0.0457073
1 0.1189903 1.2325864 0.8000644
1 -0.8289252 1.1223990 -0.7270926
1 0.1070637 -1.4893490 0.6845031
8 0.1458719 -0.7543466 -0.0133591
5
-114.673     ts77     dynamics     sesquiterpene     TS     runpoint      47     runisomer      69
6 -0.1628004 0.7489986 -0.0405720
1 0.0600672 1.2908395 0.8048134
1 -0.9061161 1.0957200 -0.7783837
1 0.1617398 -1.4977517 0.6248066
8 0.1371515 -0.7550136 -0.0105163
5
-114.677     ts77     dynamics     sesquiterpene     TS     runpoint      48     runisomer      69
6 -0.1443613 0.7439203 -0.0360803
1 0.0056384 1.3590666 0.8275661
1 -0.9778519 1.0610321 -0.8252651
1 0.2116899 -1.4863503 0.5720748
8 0.1281181 -0.7540354 -0.0090414
5
-114.671     ts77     dynamics     sesquiterpene     TS     runpoint      49     runisomer      69
6 -0.1269485 0.7360154 -0.0325624
1 -0.0474898 1.4259786 0.8555920
1 -1.0293401 1.0148315 -0.8537338
1 0.2599585 -1.4705982 0.5404386
8 0.1186022 -0.7504019 -0.0096566
5
-114.661     ts77     dynamics     sesquiterpene     TS     runpoint      50     runisomer      69
6 -0.1111052 0.7263263 -0.0296653
1 -0.1001509 1.4795813 0.8765634
1 -1.0536829 0.9579850 -0.8583363
1 0.3116105 -1.4612464 0.5384406
8 0.1083096 -0.7435180 -0.0127337
5
-114.657     ts77     dynamics     sesquiterpene     TS     runpoint      51     runisomer      69
6 -0.0972210 0.7156330 -0.0270934
1 -0.1510024 1.5115908 0.8834373
1 -1.0483038 0.8931728 -0.8380931
1 0.3689009 -1.4525429 0.5613302
8 0.0971464 -0.7339775 -0.0178122
5
-114.661     ts77     dynamics     sesquiterpene     TS     runpoint      52     runisomer      69
6 -0.0855743 0.7045029 -0.0247037
1 -0.1977610 1.5177602 0.8738880
1 -1.0135735 0.8240874 -0.7949907
1 0.4290356 -1.4292355 0.5959653
8 0.0853740 -0.7231328 -0.0238986
5
-114.671     ts77     dynamics     sesquiterpene     TS     runpoint      53     runisomer      69
6 -0.0762050 0.6933336 -0.0223721
1 -0.2379689 1.4970817 0.8489793
1 -0.9538009 0.7554498 -0.7346890
1 0.4871732 -1.3799602 0.6299971
8 0.0734463 -0.7122314 -0.0300211
5
-114.682     ts77     dynamics     sesquiterpene     TS     runpoint      54     runisomer      69
6 -0.0686005 0.6823356 -0.0197560
1 -0.2694700 1.4516302 0.8128364
1 -0.8809117 0.6931576 -0.6693657
1 0.5391370 -1.3012277 0.6551850
8 0.0618556 -0.7021518 -0.0354074
5
-114.688     ts77     dynamics     sesquiterpene     TS     runpoint      55     runisomer      69
6 -0.0612604 0.6715042 -0.0160940
1 -0.2911026 1.3874052 0.7734828
1 -0.8191999 0.6435558 -0.6211825
1 0.5824744 -1.1963337 0.6674927
8 0.0510896 -0.6934629 -0.0394839
5
-114.682     ts77     dynamics     sesquiterpene     TS     runpoint      56     runisomer      69
6 -0.0521409 0.6606273 -0.0107917
1 -0.3039219 1.3155800 0.7442830
1 -0.7985010 0.6115313 -0.6164425
1 0.6172176 -1.0738218 0.6671993
8 0.0415603 -0.6864793 -0.0419001
5
-114.677     ts77     dynamics     sesquiterpene     TS     runpoint      57     runisomer      69
6 -0.0410716 0.6492574 -0.0053768
1 -0.3121958 1.2512239 0.7430365
1 -0.8233948 0.6009146 -0.6605473
1 0.6466156 -0.9455955 0.6590031
8 0.0334900 -0.6813050 -0.0425868
5
-114.68     ts77     dynamics     sesquiterpene     TS     runpoint      58     runisomer      69
6 -0.0302641 0.6372899 -0.0030418
1 -0.3209148 1.2045745 0.7821293
1 -0.8683121 0.6150692 -0.7323330
1 0.6760731 -0.8236827 0.6498931
8 0.0269019 -0.6779617 -0.0417033
5
-114.683     ts77     dynamics     sesquiterpene     TS     runpoint      59     runisomer      69
6 -0.0221688 0.6259633 -0.0053818
1 -0.3299487 1.1718594 0.8549846
1 -0.9083057 0.6537349 -0.8085043
1 0.7089744 -0.7171526 0.6440329
8 0.0218418 -0.6765527 -0.0393677
5
-114.679     ts77     dynamics     sesquiterpene     TS     runpoint      60     runisomer      69
6 -0.0185154 0.6172236 -0.0119080
1 -0.3346398 1.1420930 0.9408821
1 -0.9297376 0.7129983 -0.8740503
1 0.7434923 -0.6319769 0.6399077
8 0.0185689 -0.6772235 -0.0354930
5
-114.669     ts77     dynamics     sesquiterpene     TS     runpoint      61     runisomer      69
6 -0.0201516 0.6125411 -0.0214816
1 -0.3311481 1.1079003 1.0199956
1 -0.9266912 0.7871793 -0.9204667
1 0.7746770 -0.5721824 0.6331960
8 0.0174172 -0.6799999 -0.0299465
