5
-114.654160 ts77 dynamics sesquiterpene TS runpoint 1  runisomer  75
6 -0.0301977 0.6197268 0.0118744
1 -0.3201864 1.0609617 0.8322071
1 -0.2039072 1.1026160 -0.9111381
1 0.9682196 -0.0857925 -0.1259642
8 -0.0332831 -0.7329418 0.0040011
5
-114.641 ts77 dynamics sesquiterpene TS runpoint 2  runisomer  75
6 -0.0202231 0.618496 0.0204906
1 -0.351219 1.09359 0.78317
1 -0.233708 1.11426 -0.922191
1 0.930899 -0.0507191 -0.138642
8 -0.0345818 -0.737018 0.00212167
5
-114.635     ts77     dynamics     sesquiterpene     TS     runpoint      3     runisomer      75
6 -0.0094580 0.6161723 0.0244294
1 -0.3997954 1.1562101 0.7896413
1 -0.2633303 1.1267418 -0.9361006
1 0.9110523 -0.0127346 -0.1496099
8 -0.0364806 -0.7424002 0.0003277
5
-114.641     ts77     dynamics     sesquiterpene     TS     runpoint      4     runisomer      75
6 0.0004114 0.6143816 0.0251866
1 -0.4538220 1.2308298 0.8261132
1 -0.2897386 1.1351912 -0.9465852
1 0.9198113 0.0308586 -0.1596880
8 -0.0393696 -0.7490378 -0.0012423
5
-114.643     ts77     dynamics     sesquiterpene     TS     runpoint      5     runisomer      75
6 0.0079364 0.6144200 0.0244227
1 -0.4984995 1.2973223 0.8667495
1 -0.3108929 1.1365593 -0.9494264
1 0.9615673 0.0849764 -0.1685543
8 -0.0435001 -0.7567523 -0.0024902
5
-114.642     ts77     dynamics     sesquiterpene     TS     runpoint      6     runisomer      75
6 0.0129143 0.6162823 0.0228370
1 -0.5251650 1.3443878 0.8981539
1 -0.3259407 1.1296584 -0.9426884
1 1.0307914 0.1569396 -0.1740756
8 -0.0489699 -0.7652141 -0.0033538
5
-114.645     ts77     dynamics     sesquiterpene     TS     runpoint      7     runisomer      75
6 0.0161346 0.6192304 0.0206456
1 -0.5301638 1.3671698 0.9146821
1 -0.3352390 1.1149830 -0.9270006
1 1.1140515 0.2530952 -0.1730895
8 -0.0557334 -0.7739953 -0.0038005
5
-114.652     ts77     dynamics     sesquiterpene     TS     runpoint      8     runisomer      75
6 0.0187670 0.6225092 0.0180961
1 -0.5127142 1.3639860 0.9142037
1 -0.3403385 1.0945562 -0.9058999
1 1.1951783 0.3747475 -0.1629702
8 -0.0635988 -0.7826326 -0.0038238
5
-114.663     ts77     dynamics     sesquiterpene     TS     runpoint      9     runisomer      75
6 0.0219637 0.6256299 0.0156643
1 -0.4740022 1.3350076 0.8965954
1 -0.3438851 1.0716777 -0.8857992
1 1.2597048 0.5175998 -0.1426655
8 -0.0722803 -0.7907084 -0.0034351
5
-114.674     ts77     dynamics     sesquiterpene     TS     runpoint      10     runisomer      75
6 0.0267492 0.6283084 0.0138952
1 -0.4174475 1.2826408 0.8642892
1 -0.3490699 1.0501198 -0.8745415
1 1.2971974 0.6737771 -0.1129174
8 -0.0814701 -0.7979000 -0.0026554
5
-114.684     ts77     dynamics     sesquiterpene     TS     runpoint      11     runisomer      75
6 0.0340283 0.6302711 0.0128578
1 -0.3500941 1.2135017 0.8249232
1 -0.3583228 1.0324931 -0.8777699
1 1.3019187 0.8338862 -0.0760428
8 -0.0908907 -0.8039943 -0.0015155
5
-114.688     ts77     dynamics     sesquiterpene     TS     runpoint      12     runisomer      75
6 0.0446676 0.6309869 0.0114358
1 -0.2846094 1.1413510 0.7959146
1 -0.3719538 1.0187440 -0.8950256
1 1.2727732 0.9884089 -0.0356534
8 -0.1003056 -0.8088550 -0.0000783
5
-114.681     ts77     dynamics     sesquiterpene     TS     runpoint      13     runisomer      75
6 0.0594488 0.6297311 0.0073609
1 -0.2382418 1.0850030 0.8038358
1 -0.3885432 1.0066781 -0.9195339
1 1.2130722 1.1284792 0.0036450
8 -0.1095114 -0.8124277 0.0015493
5
-114.674     ts77     dynamics     sesquiterpene     TS     runpoint      14     runisomer      75
6 0.0784179 0.6266890 -0.0006347
1 -0.2222880 1.0518022 0.8612531
1 -0.4072505 0.9927573 -0.9417160
1 1.1305690 1.2474912 0.0374252
8 -0.1183714 -0.8146759 0.0031999
5
-114.674     ts77     dynamics     sesquiterpene     TS     runpoint      15     runisomer      75
6 0.0989544 0.6232098 -0.0116111
1 -0.2281061 1.0300820 0.9482678
1 -0.4234680 0.9794844 -0.9537353
1 1.0353097 1.3399735 0.0643597
8 -0.1263882 -0.8156886 0.0050128
5
-114.669     ts77     dynamics     sesquiterpene     TS     runpoint      16     runisomer      75
6 0.1191745 0.6207200 -0.0221543
1 -0.2485371 1.0083489 1.0327723
1 -0.4371862 0.9636001 -0.9527763
1 0.9397318 1.4049033 0.0795038
8 -0.1333848 -0.8155425 0.0065848
5
-114.654160 ts77 dynamics sesquiterpene TS runpoint 1  runisomer  75
6 -0.0301977 0.6197268 0.0118744
1 -0.3201864 1.0609617 0.8322071
1 -0.2039072 1.1026160 -0.9111381
1 0.9682196 -0.0857925 -0.1259642
8 -0.0332831 -0.7329418 0.0040011
5
-114.641 ts77 dynamics sesquiterpene TS runpoint 2  runisomer  75
6 -0.0390046 0.619912 0.000282218
1 -0.302286 1.05367 0.925745
1 -0.177226 1.09778 -0.910457
1 1.01021 -0.119855 -0.1107
8 -0.0321306 -0.73017 0.00579981
5
-114.648     ts77     dynamics     sesquiterpene     TS     runpoint      3     runisomer      75
6 -0.0469853 0.6200729 -0.0106095
1 -0.2870766 1.0562847 1.0271290
1 -0.1559349 1.1043229 -0.9252445
1 1.0455332 -0.1549729 -0.0924464
8 -0.0306702 -0.7286551 0.0073654
5
-114.643     ts77     dynamics     sesquiterpene     TS     runpoint      4     runisomer      75
6 -0.0543992 0.6210650 -0.0185198
1 -0.2695335 1.0595835 1.1088429
1 -0.1404823 1.1224381 -0.9532877
1 1.0653484 -0.1943300 -0.0712849
8 -0.0284354 -0.7282683 0.0085840
5
-114.634     ts77     dynamics     sesquiterpene     TS     runpoint      5     runisomer      75
6 -0.0615666 0.6236757 -0.0229613
1 -0.2487093 1.0601948 1.1575020
1 -0.1300610 1.1477883 -0.9854635
1 1.0633694 -0.2432497 -0.0476082
8 -0.0249014 -0.7287795 0.0093853
5
-114.631     ts77     dynamics     sesquiterpene     TS     runpoint      6     runisomer      75
6 -0.0690431 0.6286657 -0.0242973
1 -0.2250232 1.0572992 1.1679402
1 -0.1234727 1.1744093 -1.0111353
1 1.0361453 -0.3095424 -0.0219644
8 -0.0194840 -0.7298411 0.0097312
5
-114.64     ts77     dynamics     sesquiterpene     TS     runpoint      7     runisomer      75
6 -0.0775355 0.6365463 -0.0230700
1 -0.1991479 1.0511895 1.1393753
1 -0.1195101 1.1972804 -1.0223965
1 0.9848583 -0.4013999 0.0049913
8 -0.0117607 -0.7310208 0.0096211
5
-114.661     ts77     dynamics     sesquiterpene     TS     runpoint      8     runisomer      75
6 -0.0875456 0.6473052 -0.0198635
1 -0.1719173 1.0432583 1.0750622
1 -0.1171710 1.2133363 -1.0153816
1 0.9210108 -0.5217265 0.0326252
8 -0.0020918 -0.7320232 0.0090840
5
-114.683     ts77     dynamics     sesquiterpene     TS     runpoint      9     runisomer      75
6 -0.0990148 0.6601653 -0.0155663
1 -0.1445981 1.0371194 0.9856452
1 -0.1158410 1.2216459 -0.9903683
1 0.8783170 -0.6634659 0.0613933
8 0.0073966 -0.7328772 0.0081041
5
-114.691     ts77     dynamics     sesquiterpene     TS     runpoint      10     runisomer      75
6 -0.1113380 0.6733674 -0.0119207
1 -0.1187075 1.0412236 0.8963325
1 -0.1152442 1.2235295 -0.9520991
1 0.9019983 -0.8193510 0.0946802
8 0.0134806 -0.7333371 0.0064871
5
-114.698     ts77     dynamics     sesquiterpene     TS     runpoint      11     runisomer      75
6 -0.1238266 0.6843384 -0.0115856
1 -0.0942516 1.0704038 0.8485069
1 -0.1152093 1.2228638 -0.9105499
1 0.9685983 -0.9869842 0.1325503
8 0.0171107 -0.7328025 0.0042435
5
-114.696     ts77     dynamics     sesquiterpene     TS     runpoint      12     runisomer      75
6 -0.1361581 0.6910258 -0.0153199
1 -0.0683324 1.1335565 0.8658680
1 -0.1154063 1.2259191 -0.8804822
1 1.0229078 -1.1492970 0.1691100
8 0.0213193 -0.7317659 0.0017522
5
-114.688     ts77     dynamics     sesquiterpene     TS     runpoint      13     runisomer      75
6 -0.1480482 0.6935062 -0.0196835
1 -0.0399815 1.2167059 0.9213486
1 -0.1151579 1.2387219 -0.8756393
1 1.0414543 -1.2886065 0.2000997
8 0.0272686 -0.7308958 -0.0007292
5
-114.675     ts77     dynamics     sesquiterpene     TS     runpoint      14     runisomer      75
6 -0.1590518 0.6930633 -0.0213833
1 -0.0117868 1.2987141 0.9778938
1 -0.1137585 1.2612722 -0.8979798
1 1.0214888 -1.3947022 0.2238704
8 0.0349179 -0.7304684 -0.0031085
5
-114.658     ts77     dynamics     sesquiterpene     TS     runpoint      15     runisomer      75
6 -0.1687578 0.6911154 -0.0196681
1 0.0135296 1.3659007 1.0151305
1 -0.1110881 1.2859833 -0.9359529
1 0.9665104 -1.4621712 0.2400043
8 0.0439005 -0.7305473 -0.0053675
5
-114.647     ts77     dynamics     sesquiterpene     TS     runpoint      16     runisomer      75
6 -0.1768784 0.6888528 -0.0151454
1 0.0343472 1.4113869 1.0252024
1 -0.1075658 1.3032851 -0.9743925
1 0.8804974 -1.4871253 0.2484889
8 0.0538797 -0.7312349 -0.0075105
5
-114.646     ts77     dynamics     sesquiterpene     TS     runpoint      17     runisomer      75
6 -0.1832671 0.6870742 -0.0085928
1 0.0499494 1.4319040 1.0063093
1 -0.1037724 1.3062057 -1.0020148
1 0.7683328 -1.4673994 0.2500257
8 0.0645196 -0.7326213 -0.0095952
5
-114.656     ts77     dynamics     sesquiterpene     TS     runpoint      18     runisomer      75
6 -0.1878989 0.6861028 -0.0006373
1 0.0601912 1.4262077 0.9599530
1 -0.1003578 1.2911219 -1.0126699
1 0.6427450 -1.4105032 0.2488130
8 0.0750493 -0.7341689 -0.0118975
5
-114.664     ts77     dynamics     sesquiterpene     TS     runpoint      19     runisomer      75
6 -0.1908404 0.6857532 0.0081468
1 0.0655454 1.3953654 0.8911046
1 -0.0980968 1.2571995 -1.0045078
1 0.5398932 -1.3560985 0.2618967
8 0.0832576 -0.7332546 -0.0154913
5
-114.648     ts77     dynamics     sesquiterpene     TS     runpoint      20     runisomer      75
6 -0.1923102 0.6852782 0.0169966
1 0.0681006 1.3454560 0.8110392
1 -0.0977771 1.2062322 -0.9797953
1 0.5116493 -1.3789455 0.3264646
8 0.0859612 -0.7251045 -0.0227132
5
-114.67     ts77     dynamics     sesquiterpene     TS     runpoint      21     runisomer      75
6 -0.1928898 0.6832122 0.0246794
1 0.0739030 1.2927229 0.7422802
1 -0.0999518 1.1431575 -0.9458959
1 0.5279800 -1.4483955 0.4359035
8 0.0851401 -0.7118842 -0.0331776
5
-114.681     ts77     dynamics     sesquiterpene     TS     runpoint      22     runisomer      75
6 -0.1936579 0.6773045 0.0296704
1 0.0942175 1.2635600 0.7171208
1 -0.1046426 1.0761248 -0.9162238
1 0.5425198 -1.4965336 0.5529769
8 0.0838169 -0.6983595 -0.0445863
5
-114.665     ts77     dynamics     sesquiterpene     TS     runpoint      23     runisomer      75
6 -0.1954255 0.6663949 0.0322160
1 0.1361784 1.2713538 0.7497554
1 -0.1112172 1.0149148 -0.9078047
1 0.5397461 -1.4994214 0.6574378
8 0.0830896 -0.6866292 -0.0556674
5
-114.663     ts77     dynamics     sesquiterpene     TS     runpoint      24     runisomer      75
6 -0.1977485 0.6522076 0.0351512
1 0.1913743 1.2985245 0.8156857
1 -0.1190782 0.9667925 -0.9310306
1 0.5163881 -1.4537597 0.7397233
8 0.0833231 -0.6775437 -0.0657468
5
-114.671     ts77     dynamics     sesquiterpene     TS     runpoint      25     runisomer      75
6 -0.1997687 0.6373892 0.0402996
1 0.2468761 1.3226254 0.8836090
1 -0.1286944 0.9330802 -0.9787344
1 0.4723109 -1.3625238 0.7936130
8 0.0847253 -0.6715711 -0.0742818
5
-114.678     ts77     dynamics     sesquiterpene     TS     runpoint      26     runisomer      75
6 -0.2010091 0.6239387 0.0473140
1 0.2946158 1.3315206 0.9350736
1 -0.1411365 0.9115718 -1.0318508
1 0.4088844 -1.2320291 0.8145366
8 0.0874283 -0.6689095 -0.0807609
5
-114.686     ts77     dynamics     sesquiterpene     TS     runpoint      27     runisomer      75
6 -0.2013693 0.6130762 0.0549930
1 0.3308118 1.3207179 0.9619725
1 -0.1570373 0.9003622 -1.0727834
1 0.3303628 -1.0741454 0.8029445
8 0.0913674 -0.6693234 -0.0849099
5
-114.692     ts77     dynamics     sesquiterpene     TS     runpoint      28     runisomer      75
6 -0.2009464 0.6055170 0.0621040
1 0.3538522 1.2894784 0.9617074
1 -0.1764024 0.8988648 -1.0907069
1 0.2463640 -0.9105335 0.7759994
8 0.0961114 -0.6719000 -0.0874035
5
-114.684     ts77     dynamics     sesquiterpene     TS     runpoint      29     runisomer      75
6 -0.1999365 0.6017576 0.0675139
1 0.3633641 1.2393082 0.9349369
1 -0.1989031 0.9073819 -1.0809041
1 0.1697385 -0.7685620 0.7805667
8 0.1010004 -0.6754024 -0.0906845
5
-114.674     ts77     dynamics     sesquiterpene     TS     runpoint      30     runisomer      75
6 -0.1986077 0.6021044 0.0702155
1 0.3605975 1.1745977 0.8857543
1 -0.2241639 0.9266057 -1.0434861
1 0.1033207 -0.6589094 0.8446761
8 0.1059531 -0.6797061 -0.0960134
