5
-114.654160 ts77 dynamics sesquiterpene TS runpoint 1  runisomer  155
6 -0.0382091 0.6002116 -0.0051888
1 -0.2881092 1.0753683 0.9829246
1 -0.2287867 1.2544642 -1.0042967
1 1.0514338 -0.1105243 -0.0599831
8 -0.0329691 -0.7272186 0.0090192
5
-114.639 ts77 dynamics sesquiterpene TS runpoint 2  runisomer  155
6 -0.0311168 0.598919 -0.00909108
1 -0.295565 1.07886 1.02541
1 -0.247702 1.18545 -0.986552
1 1.01507 -0.0828019 -0.036033
8 -0.0343371 -0.723866 0.00664271
5
-114.643     ts77     dynamics     sesquiterpene     TS     runpoint      3     runisomer      155
6 -0.0239696 0.6005744 -0.0123328
1 -0.2987280 1.0792666 1.0471963
1 -0.2649973 1.1072522 -0.9523234
1 0.9786402 -0.0467023 -0.0112816
8 -0.0361156 -0.7224804 0.0039869
5
-114.644     ts77     dynamics     sesquiterpene     TS     runpoint      4     runisomer      155
6 -0.0171603 0.6045370 -0.0135687
1 -0.2963674 1.0757449 1.0441176
1 -0.2830642 1.0312494 -0.9147249
1 0.9536390 -0.0006677 0.0138074
8 -0.0386611 -0.7233419 0.0011588
5
-114.642     ts77     dynamics     sesquiterpene     TS     runpoint      5     runisomer      155
6 -0.0107553 0.6096776 -0.0112795
1 -0.2885000 1.0690533 1.0164505
1 -0.3068360 0.9708033 -0.8937257
1 0.9509231 0.0577383 0.0389206
8 -0.0422936 -0.7266476 -0.0017202
5
-114.642     ts77     dynamics     sesquiterpene     TS     runpoint      6     runisomer      155
6 -0.0045222 0.6148256 -0.0047928
1 -0.2767613 1.0615906 0.9693690
1 -0.3405753 0.9343920 -0.9039701
1 0.9770205 0.1323144 0.0634332
8 -0.0472293 -0.7324437 -0.0045189
5
-114.653     ts77     dynamics     sesquiterpene     TS     runpoint      7     runisomer      155
6 0.0018099 0.6190672 0.0043211
1 -0.2651869 1.0581821 0.9148374
1 -0.3816263 0.9205941 -0.9393911
1 1.0309463 0.2275791 0.0858707
8 -0.0535204 -0.7405435 -0.0071024
5
-114.667     ts77     dynamics     sesquiterpene     TS     runpoint      8     runisomer      155
6 0.0087109 0.6214439 0.0128504
1 -0.2605740 1.0665570 0.8718496
1 -0.4215526 0.9230004 -0.9804806
1 1.1032238 0.3462325 0.1039628
8 -0.0610265 -0.7504827 -0.0093428
5
-114.675     ts77     dynamics     sesquiterpene     TS     runpoint      9     runisomer      155
6 0.0169757 0.6211162 0.0179927
1 -0.2699397 1.0938302 0.8577460
1 -0.4524643 0.9357321 -1.0104980
1 1.1786771 0.4865200 0.1153676
8 -0.0694444 -0.7615972 -0.0111397
5
-114.681     ts77     dynamics     sesquiterpene     TS     runpoint      10     runisomer      155
6 0.0271372 0.6182414 0.0190551
1 -0.2947149 1.1381204 0.8724018
1 -0.4695707 0.9542863 -1.0203511
1 1.2418196 0.6419948 0.1184444
8 -0.0784068 -0.7731966 -0.0124333
5
-114.686     ts77     dynamics     sesquiterpene     TS     runpoint      11     runisomer      155
6 0.0391002 0.6141128 0.0172189
1 -0.3294663 1.1876099 0.8993759
1 -0.4708009 0.9748605 -1.0069913
1 1.2810613 0.8034401 0.1125092
8 -0.0875878 -0.7846880 -0.0132227
5
-114.685     ts77     dynamics     sesquiterpene     TS     runpoint      12     runisomer      155
6 0.0526294 0.6102924 0.0140909
1 -0.3672539 1.2293728 0.9219014
1 -0.4565863 0.9935535 -0.9715641
1 1.2897672 0.9617641 0.0977610
8 -0.0968020 -0.7956075 -0.0135985
5
-114.677     ts77     dynamics     sesquiterpene     TS     runpoint      13     runisomer      155
6 0.0674701 0.6078936 0.0101078
1 -0.4020048 1.2529861 0.9309572
1 -0.4304263 1.0114324 -0.9173173
1 1.2655893 1.1085215 0.0778343
8 -0.1058724 -0.8056716 -0.0133443
5
-114.671     ts77     dynamics     sesquiterpene     TS     runpoint      14     runisomer      155
6 0.0827927 0.6076219 0.0062907
1 -0.4286967 1.2545930 0.9237834
1 -0.3962662 1.0291859 -0.8547450
1 1.2112391 1.2337976 0.0544917
8 -0.1144142 -0.8145829 -0.0125000
5
-114.664     ts77     dynamics     sesquiterpene     TS     runpoint      15     runisomer      155
6 0.0984078 0.6096690 0.0040056
1 -0.4451175 1.2331192 0.9008133
1 -0.3626359 1.0490545 -0.8000191
1 1.1322583 1.3309085 0.0294197
8 -0.1222368 -0.8221380 -0.0112064
5
-114.657     ts77     dynamics     sesquiterpene     TS     runpoint      16     runisomer      155
6 0.1142491 0.6137701 0.0044707
1 -0.4508709 1.1895959 0.8650988
1 -0.3401466 1.0750081 -0.7706061
1 1.0373354 1.3957831 0.0047358
8 -0.1291954 -0.8281969 -0.0096014
5
-114.653     ts77     dynamics     sesquiterpene     TS     runpoint      17     runisomer      155
6 0.1297978 0.6195234 0.0078216
1 -0.4478560 1.1273456 0.8226319
1 -0.3351270 1.1075201 -0.7746654
1 0.9387947 1.4280438 -0.0171492
8 -0.1351576 -0.8326740 -0.0078027
5
-114.652     ts77     dynamics     sesquiterpene     TS     runpoint      18     runisomer      155
6 0.1438505 0.6264529 0.0125930
1 -0.4417634 1.0526968 0.7834218
1 -0.3456561 1.1399502 -0.8054309
1 0.8528010 1.4330663 -0.0341153
8 -0.1400030 -0.8355313 -0.0059027
5
-114.654160 ts77 dynamics sesquiterpene TS runpoint 1  runisomer  155
6 -0.0382091 0.6002116 -0.0051888
1 -0.2881092 1.0753683 0.9829246
1 -0.2287867 1.2544642 -1.0042967
1 1.0514338 -0.1105243 -0.0599831
8 -0.0329691 -0.7272186 0.0090192
5
-114.639 ts77 dynamics sesquiterpene TS runpoint 2  runisomer  155
6 -0.0447132 0.604484 -0.0018535
1 -0.278915 1.07194 0.929441
1 -0.207781 1.30679 -0.999915
1 1.07826 -0.131218 -0.0824346
8 -0.0316825 -0.732201 0.0110254
5
-114.635     ts77     dynamics     sesquiterpene     TS     runpoint      3     runisomer      155
6 -0.0500921 0.6112111 -0.0004739
1 -0.2719715 1.0746926 0.8811702
1 -0.1850976 1.3380845 -0.9727797
1 1.0889702 -0.1467045 -0.1025774
8 -0.0301890 -0.7384176 0.0125901
5
-114.631     ts77     dynamics     sesquiterpene     TS     runpoint      4     runisomer      155
6 -0.0539517 0.6195542 -0.0023390
1 -0.2716436 1.0909519 0.8566992
1 -0.1615303 1.3466625 -0.9260167
1 1.0797971 -0.1598461 -0.1196252
8 -0.0282212 -0.7454148 0.0136581
5
-114.633     ts77     dynamics     sesquiterpene     TS     runpoint      5     runisomer      155
6 -0.0563069 0.6288912 -0.0075202
1 -0.2796120 1.1227952 0.8644839
1 -0.1381284 1.3341290 -0.8670556
1 1.0496816 -0.1748829 -0.1329465
8 -0.0255294 -0.7526901 0.0141781
5
-114.642     ts77     dynamics     sesquiterpene     TS     runpoint      6     runisomer      155
6 -0.0577217 0.6390095 -0.0140716
1 -0.2931725 1.1629747 0.8956078
1 -0.1162064 1.3076592 -0.8096610
1 1.0004387 -0.1976651 -0.1422029
8 -0.0218915 -0.7597105 0.0140982
5
-114.648     ts77     dynamics     sesquiterpene     TS     runpoint      7     runisomer      155
6 -0.0591060 0.6494754 -0.0187303
1 -0.3078366 1.2006116 0.9334501
1 -0.0970643 1.2822213 -0.7752163
1 0.9373745 -0.2356717 -0.1476109
8 -0.0171627 -0.7659374 0.0133776
5
-114.647     ts77     dynamics     sesquiterpene     TS     runpoint      8     runisomer      155
6 -0.0614760 0.6595975 -0.0184513
1 -0.3201645 1.2276229 0.9642572
1 -0.0809660 1.2747040 -0.7850831
1 0.8708893 -0.2966211 -0.1505487
8 -0.0114341 -0.7709201 0.0120340
5
-114.651     ts77     dynamics     sesquiterpene     TS     runpoint      9     runisomer      155
6 -0.0657176 0.6696865 -0.0123869
1 -0.3284639 1.2400298 0.9798229
1 -0.0665371 1.2864654 -0.8401717
1 0.8203055 -0.3835097 -0.1547811
8 -0.0054516 -0.7745372 0.0102411
5
-114.66     ts77     dynamics     sesquiterpene     TS     runpoint      10     runisomer      155
6 -0.0721529 0.6808876 -0.0021597
1 -0.3325334 1.2372015 0.9769704
1 -0.0524886 1.3022382 -0.9178345
1 0.8173840 -0.4888247 -0.1677208
8 -0.0010704 -0.7771198 0.0084561
5
-114.669     ts77     dynamics     sesquiterpene     TS     runpoint      11     runisomer      155
6 -0.0803513 0.6935172 0.0098326
1 -0.3334429 1.2214806 0.9574407
1 -0.0388707 1.3078650 -0.9926476
1 0.8825145 -0.6052684 -0.1955616
8 0.0001749 -0.7786216 0.0071564
5
-114.688     ts77     dynamics     sesquiterpene     TS     runpoint      12     runisomer      155
6 -0.0894305 0.7067539 0.0212688
1 -0.3336757 1.1984979 0.9290052
1 -0.0264855 1.2971488 -1.0475180
1 0.9799420 -0.7370650 -0.2318194
8 0.0000814 -0.7781253 0.0061089
5
-114.693     ts77     dynamics     sesquiterpene     TS     runpoint      13     runisomer      155
6 -0.0984172 0.7192232 0.0298855
1 -0.3372851 1.1771902 0.9061571
1 -0.0162457 1.2695184 -1.0732092
1 1.0608369 -0.8799378 -0.2652904
8 0.0013062 -0.7753939 0.0048112
5
-114.68     ts77     dynamics     sesquiterpene     TS     runpoint      14     runisomer      155
6 -0.1064345 0.7295086 0.0337429
1 -0.3486905 1.1668418 0.9053274
1 -0.0089257 1.2274026 -1.0660235
1 1.1009688 -1.0217097 -0.2895120
8 0.0050481 -0.7708723 0.0030426
5
-114.669     ts77     dynamics     sesquiterpene     TS     runpoint      15     runisomer      155
6 -0.1129789 0.7367361 0.0322936
1 -0.3692533 1.1703551 0.9318693
1 -0.0049773 1.1753511 -1.0273875
1 1.0938313 -1.1503282 -0.3020646
8 0.0114519 -0.7651312 0.0008144
5
-114.669     ts77     dynamics     sesquiterpene     TS     runpoint      16     runisomer      155
6 -0.1180751 0.7406798 0.0271203
1 -0.3954588 1.1819143 0.9738074
1 -0.0041017 1.1206507 -0.9663411
1 1.0406130 -1.2559325 -0.3024998
8 0.0202225 -0.7587170 -0.0017664
5
-114.672     ts77     dynamics     sesquiterpene     TS     runpoint      17     runisomer      155
6 -0.1220921 0.7411054 0.0214323
1 -0.4218280 1.1930044 1.0128036
1 -0.0044241 1.0747530 -0.9046725
1 0.9460225 -1.3306750 -0.2914145
8 0.0308771 -0.7521330 -0.0045403
5
-114.669     ts77     dynamics     sesquiterpene     TS     runpoint      18     runisomer      155
6 -0.1255153 0.7373600 0.0191283
1 -0.4440289 1.1974147 1.0351090
1 -0.0020541 1.0522972 -0.8767124
1 0.8189704 -1.3698257 -0.2707892
8 0.0426988 -0.7457193 -0.0072785
5
-114.667     ts77     dynamics     sesquiterpene     TS     runpoint      19     runisomer      155
6 -0.1286260 0.7290569 0.0223444
1 -0.4597335 1.1919596 1.0342291
1 0.0057415 1.0613848 -0.9028048
1 0.6782848 -1.3782198 -0.2461720
8 0.0543947 -0.7391892 -0.0095444
5
-114.671     ts77     dynamics     sesquiterpene     TS     runpoint      20     runisomer      155
6 -0.1311667 0.7168637 0.0292163
1 -0.4685273 1.1759089 1.0102471
1 0.0161711 1.0943918 -0.9619203
1 0.5609072 -1.3859690 -0.2310962
8 0.0635932 -0.7306205 -0.0104146
5
-114.661     ts77     dynamics     sesquiterpene     TS     runpoint      21     runisomer      155
6 -0.1326272 0.7018257 0.0362777
1 -0.4719743 1.1510021 0.9692394
1 0.0243929 1.1373612 -1.0196685
1 0.5017114 -1.4423332 -0.2428209
8 0.0681164 -0.7169248 -0.0087530
5
-114.665     ts77     dynamics     sesquiterpene     TS     runpoint      22     runisomer      155
6 -0.1325153 0.6847560 0.0406378
1 -0.4740123 1.1220568 0.9232956
1 0.0274389 1.1796905 -1.0544434
1 0.4793488 -1.5314511 -0.2759681
8 0.0693764 -0.6993460 -0.0048505
5
-114.665     ts77     dynamics     sesquiterpene     TS     runpoint      23     runisomer      155
6 -0.1303776 0.6662952 0.0401430
1 -0.4806379 1.0963782 0.8885296
1 0.0242877 1.2149820 -1.0573713
1 0.4616970 -1.6020447 -0.3144703
8 0.0694993 -0.6816532 0.0003200
5
-114.653     ts77     dynamics     sesquiterpene     TS     runpoint      24     runisomer      155
6 -0.1259872 0.6473062 0.0336345
1 -0.4969984 1.0797379 0.8770269
1 0.0151027 1.2394278 -1.0270683
1 0.4361582 -1.6269842 -0.3497178
8 0.0694216 -0.6663268 0.0062379
5
-114.65     ts77     dynamics     sesquiterpene     TS     runpoint      25     runisomer      155
6 -0.1197023 0.6293010 0.0215687
1 -0.5229964 1.0711940 0.8872362
1 0.0008764 1.2510378 -0.9671671
1 0.3997864 -1.5980252 -0.3787935
8 0.0695318 -0.6548366 0.0127041
5
-114.662     ts77     dynamics     sesquiterpene     TS     runpoint      26     runisomer      155
6 -0.1124741 0.6141232 0.0058761
1 -0.5533325 1.0641766 0.9064129
1 -0.0164902 1.2505471 -0.8869256
1 0.3533522 -1.5179560 -0.4022421
8 0.0700398 -0.6480222 0.0196898
5
-114.678     ts77     dynamics     sesquiterpene     TS     runpoint      27     runisomer      155
6 -0.1054459 0.6029552 -0.0106808
1 -0.5816001 1.0521494 0.9212267
1 -0.0339963 1.2444562 -0.8039746
1 0.3020377 -1.4039123 -0.4267767
8 0.0708839 -0.6456878 0.0274967
