5
-114.654160 ts77 dynamics sesquiterpene TS runpoint 1  runisomer  143
6 -0.0178027 0.6591218 -0.0025401
1 -0.2707420 1.1395814 0.9596172
1 -0.3422838 1.0541867 -0.9222911
1 0.9341550 -0.0661488 0.0749552
8 -0.0348335 -0.7656367 -0.0051689
5
-114.65 ts77 dynamics sesquiterpene TS runpoint 2  runisomer  143
6 -0.0273412 0.660801 0.000896392
1 -0.240601 1.06483 0.912883
1 -0.303159 1.06295 -0.938584
1 0.998655 -0.0629861 0.0522569
8 -0.0361056 -0.762938 -0.00234561
5
-114.647     ts77     dynamics     sesquiterpene     TS     runpoint      3     runisomer      143
6 -0.0358211 0.6596345 0.0030759
1 -0.2172751 1.0056314 0.8875016
1 -0.2657845 1.0809439 -0.9607422
1 1.0607564 -0.0534959 0.0278607
8 -0.0374808 -0.7600650 0.0005505
5
-114.635     ts77     dynamics     sesquiterpene     TS     runpoint      4     runisomer      143
6 -0.0419362 0.6544680 0.0012503
1 -0.2071328 0.9754915 0.9107181
1 -0.2299976 1.1057325 -0.9817134
1 1.1108670 -0.0329363 0.0022476
8 -0.0389440 -0.7571466 0.0033931
5
-114.633     ts77     dynamics     sesquiterpene     TS     runpoint      5     runisomer      143
6 -0.0451262 0.6455204 -0.0044551
1 -0.2086659 0.9729825 0.9756605
1 -0.1961303 1.1341899 -0.9948088
1 1.1443741 0.0037522 -0.0236898
8 -0.0406986 -0.7543809 0.0060403
5
-114.641     ts77     dynamics     sesquiterpene     TS     runpoint      6     runisomer      143
6 -0.0452634 0.6337686 -0.0115593
1 -0.2159741 0.9873367 1.0496732
1 -0.1651776 1.1633170 -0.9959521
1 1.1606210 0.0616228 -0.0489889
8 -0.0431091 -0.7519512 0.0083719
5
-114.645     ts77     dynamics     sesquiterpene     TS     runpoint      7     runisomer      143
6 -0.0422446 0.6200709 -0.0179355
1 -0.2245151 1.0093246 1.1065179
1 -0.1386694 1.1905664 -0.9838399
1 1.1612720 0.1442164 -0.0726319
8 -0.0465459 -0.7499806 0.0103004
5
-114.648     ts77     dynamics     sesquiterpene     TS     runpoint      8     runisomer      143
6 -0.0360054 0.6051708 -0.0224177
1 -0.2317965 1.0330577 1.1332247
1 -0.1186521 1.2140280 -0.9596147
1 1.1487685 0.2520041 -0.0933791
8 -0.0512414 -0.7485679 0.0117593
5
-114.655     ts77     dynamics     sesquiterpene     TS     runpoint      9     runisomer      143
6 -0.0266589 0.5899326 -0.0244184
1 -0.2365544 1.0546281 1.1253604
1 -0.1076898 1.2325741 -0.9265456
1 1.1264563 0.3817237 -0.1097109
8 -0.0572368 -0.7478370 0.0126991
5
-114.666     ts77     dynamics     sesquiterpene     TS     runpoint      10     runisomer      143
6 -0.0146710 0.5754068 -0.0236332
1 -0.2382953 1.0711768 1.0834106
1 -0.1086844 1.2458333 -0.8896219
1 1.1002855 0.5266988 -0.1201642
8 -0.0644087 -0.7479518 0.0130841
5
-114.677     ts77     dynamics     sesquiterpene     TS     runpoint      11     runisomer      143
6 -0.0008535 0.5626491 -0.0199893
1 -0.2373845 1.0808275 1.0119690
1 -0.1243762 1.2538046 -0.8547915
1 1.0791587 0.6787967 -0.1239886
8 -0.0725124 -0.7490745 0.0128969
5
-114.685     ts77     dynamics     sesquiterpene     TS     runpoint      12     runisomer      143
6 0.0140829 0.5524319 -0.0138477
1 -0.2356603 1.0836179 0.9212281
1 -0.1564216 1.2560510 -0.8276914
1 1.0701431 0.8308287 -0.1215674
8 -0.0812392 -0.7513070 0.0121458
5
-114.654160 ts77 dynamics sesquiterpene TS runpoint 1  runisomer  143
6 -0.0178027 0.6591218 -0.0025401
1 -0.2707420 1.1395814 0.9596172
1 -0.3422838 1.0541867 -0.9222911
1 0.9341550 -0.0661488 0.0749552
8 -0.0348335 -0.7656367 -0.0051689
5
-114.65 ts77 dynamics sesquiterpene TS runpoint 2  runisomer  143
6 -0.00883803 0.656303 -0.00479037
1 -0.299617 1.21358 0.999996
1 -0.382713 1.05511 -0.915154
1 0.881301 -0.067785 0.0963919
8 -0.0338623 -0.768139 -0.00782533
5
-114.641     ts77     dynamics     sesquiterpene     TS     runpoint      3     runisomer      143
6 -0.0019850 0.6539172 -0.0050457
1 -0.3217409 1.2755942 1.0198369
1 -0.4221949 1.0636514 -0.9149017
1 0.8547337 -0.0726551 0.1179970
8 -0.0334468 -0.7704876 -0.0102599
5
-114.631     ts77     dynamics     sesquiterpene     TS     runpoint      4     runisomer      143
6 0.0016897 0.6530520 -0.0035418
1 -0.3341895 1.3192609 1.0144893
1 -0.4570036 1.0762660 -0.9161645
1 0.8625019 -0.0841150 0.1412181
8 -0.0337150 -0.7726633 -0.0124348
5
-114.627     ts77     dynamics     sesquiterpene     TS     runpoint      5     runisomer      143
6 0.0019000 0.6540613 -0.0007907
1 -0.3357020 1.3412930 0.9842238
1 -0.4834160 1.0894554 -0.9140501
1 0.9008836 -0.1026992 0.1659977
8 -0.0345306 -0.7744683 -0.0142868
5
-114.631     ts77     dynamics     sesquiterpene     TS     runpoint      6     runisomer      143
6 -0.0009624 0.6566887 0.0027314
1 -0.3262241 1.3406739 0.9324995
1 -0.4988909 1.1006510 -0.9060545
1 0.9567187 -0.1269657 0.1903797
8 -0.0355233 -0.7755765 -0.0157110
5
-114.636     ts77     dynamics     sesquiterpene     TS     runpoint      7     runisomer      143
6 -0.0061714 0.6603641 0.0064889
1 -0.3071221 1.3193159 0.8667012
1 -0.5025513 1.1084268 -0.8924575
1 1.0143827 -0.1556234 0.2116127
8 -0.0362200 -0.7756727 -0.0165797
5
-114.639     ts77     dynamics     sesquiterpene     TS     runpoint      8     runisomer      143
6 -0.0128654 0.6642112 0.0095662
1 -0.2821056 1.2845024 0.8009878
1 -0.4952771 1.1124941 -0.8760856
1 1.0608480 -0.1888373 0.2273681
8 -0.0361585 -0.7745295 -0.0167733
5
-114.634     ts77     dynamics     sesquiterpene     TS     runpoint      9     runisomer      143
6 -0.0200697 0.6668440 0.0103627
1 -0.2580752 1.2517094 0.7590852
1 -0.4796027 1.1137017 -0.8617330
1 1.0869156 -0.2287525 0.2361927
8 -0.0348968 -0.7720012 -0.0161916
5
-114.625     ts77     dynamics     sesquiterpene     TS     runpoint      10     runisomer      143
6 -0.0269703 0.6668037 0.0071631
1 -0.2422226 1.2391550 0.7665428
1 -0.4592927 1.1139242 -0.8550193
1 1.0864870 -0.2797513 0.2374167
8 -0.0319708 -0.7679812 -0.0147623
5
-114.63     ts77     dynamics     sesquiterpene     TS     runpoint      11     runisomer      143
6 -0.0335839 0.6641992 0.0001552
1 -0.2343899 1.2483163 0.8251109
1 -0.4384259 1.1155512 -0.8605807
1 1.0558391 -0.3482678 0.2309946
8 -0.0268854 -0.7623897 -0.0124404
5
-114.655     ts77     dynamics     sesquiterpene     TS     runpoint      12     runisomer      143
6 -0.0406765 0.6607965 -0.0083974
1 -0.2282352 1.2626705 0.9087541
1 -0.4200263 1.1203903 -0.8798807
1 0.9943922 -0.4413095 0.2176868
8 -0.0192382 -0.7551850 -0.0092398
5
-114.679     ts77     dynamics     sesquiterpene     TS     runpoint      13     runisomer      143
6 -0.0489690 0.6582622 -0.0164322
1 -0.2191308 1.2675157 0.9898054
1 -0.4050017 1.1284670 -0.9098615
1 0.9105328 -0.5620733 0.2002929
8 -0.0092524 -0.7464887 -0.0053340
5
-114.691     ts77     dynamics     sesquiterpene     TS     runpoint      14     runisomer      143
6 -0.0587103 0.6574250 -0.0229416
1 -0.2057348 1.2564106 1.0507784
1 -0.3924387 1.1378729 -0.9439298
1 0.8389567 -0.7045409 0.1873615
8 0.0009320 -0.7367780 -0.0013310
5
-114.682     ts77     dynamics     sesquiterpene     TS     runpoint      15     runisomer      143
6 -0.0695934 0.6583442 -0.0275520
1 -0.1885012 1.2284069 1.0825292
1 -0.3807776 1.1457388 -0.9746455
1 0.8462297 -0.8628967 0.1943452
8 0.0068198 -0.7262217 0.0016218
5
-114.69     ts77     dynamics     sesquiterpene     TS     runpoint      16     runisomer      143
6 -0.0809904 0.6607000 -0.0301139
1 -0.1685931 1.1855905 1.0812361
1 -0.3686817 1.1495627 -0.9961516
1 0.9152752 -1.0379722 0.2174441
8 0.0090058 -0.7145026 0.0035247
5
-114.703     ts77     dynamics     sesquiterpene     TS     runpoint      17     runisomer      143
6 -0.0923390 0.6641219 -0.0306427
1 -0.1473447 1.1322789 1.0474953
1 -0.3552598 1.1481897 -1.0053333
1 0.9750954 -1.2063115 0.2396570
8 0.0115692 -0.7030194 0.0052263
5
-114.69     ts77     dynamics     sesquiterpene     TS     runpoint      18     runisomer      143
6 -0.1032379 0.6679722 -0.0294752
1 -0.1260665 1.0754465 0.9880047
1 -0.3400222 1.1421017 -1.0020699
1 0.9998932 -1.3470317 0.2539477
8 0.0158847 -0.6930774 0.0069916
5
-114.671     ts77     dynamics     sesquiterpene     TS     runpoint      19     runisomer      143
6 -0.1133832 0.6710651 -0.0276696
1 -0.1058646 1.0260393 0.9202801
1 -0.3229573 1.1333488 -0.9891708
1 0.9897004 -1.4515952 0.2593954
8 0.0217929 -0.6851454 0.0087488
5
-114.649     ts77     dynamics     sesquiterpene     TS     runpoint      20     runisomer      143
6 -0.1225589 0.6717381 -0.0272998
1 -0.0868511 0.9990993 0.8758889
1 -0.3046915 1.1252257 -0.9721215
1 0.9509695 -1.5180743 0.2568310
8 0.0287713 -0.6792525 0.0103555
5
-114.632     ts77     dynamics     sesquiterpene     TS     runpoint      21     runisomer      143
6 -0.1306750 0.6686981 -0.0300517
1 -0.0674395 1.0066386 0.8832515
1 -0.2863662 1.1215654 -0.9583563
1 0.8886406 -1.5450728 0.2469547
8 0.0364118 -0.6755167 0.0117117
5
-114.638     ts77     dynamics     sesquiterpene     TS     runpoint      22     runisomer      143
6 -0.1376240 0.6622407 -0.0344989
1 -0.0468454 1.0454640 0.9331290
1 -0.2689672 1.1254822 -0.9550753
1 0.8041690 -1.5284756 0.2298044
8 0.0445565 -0.6744129 0.0127799
5
-114.659     ts77     dynamics     sesquiterpene     TS     runpoint      23     runisomer      143
6 -0.1432674 0.6539051 -0.0375888
1 -0.0268543 1.1012327 0.9918483
1 -0.2525257 1.1374633 -0.9649239
1 0.6982423 -1.4640381 0.2055641
8 0.0531728 -0.6764896 0.0135466
5
-114.68     ts77     dynamics     sesquiterpene     TS     runpoint      24     runisomer      143
6 -0.1476538 0.6451961 -0.0376190
1 -0.0095333 1.1603093 1.0339960
1 -0.2360465 1.1543049 -0.9834942
1 0.5827729 -1.3629915 0.1780962
8 0.0616136 -0.6811086 0.0138153
5
-114.672     ts77     dynamics     sesquiterpene     TS     runpoint      25     runisomer      143
6 -0.1509677 0.6371209 -0.0344042
1 0.0039921 1.2131669 1.0476194
1 -0.2182810 1.1704866 -1.0022653
1 0.5117263 -1.2946163 0.1649805
8 0.0666088 -0.6837115 0.0125543
5
-114.62     ts77     dynamics     sesquiterpene     TS     runpoint      26     runisomer      143
6 -0.1533733 0.6304574 -0.0284135
1 0.0133927 1.2537710 1.0292151
1 -0.1984327 1.1807670 -1.0133625
1 0.5642987 -1.3699878 0.1952784
8 0.0632618 -0.6771725 0.0080098
5
-114.666     ts77     dynamics     sesquiterpene     TS     runpoint      27     runisomer      143
6 -0.1549566 0.6262292 -0.0202401
1 0.0189136 1.2791227 0.9805031
1 -0.1763074 1.1821238 -1.0122506
1 0.6587026 -1.4778228 0.2425500
8 0.0567640 -0.6688930 0.0018984
5
-114.673     ts77     dynamics     sesquiterpene     TS     runpoint      28     runisomer      143
6 -0.1557019 0.6251032 -0.0105117
1 0.0212302 1.2889038 0.9076477
1 -0.1522573 1.1737936 -0.9982488
1 0.7445505 -1.5488577 0.2875652
8 0.0502564 -0.6636676 -0.0045289
5
-114.659     ts77     dynamics     sesquiterpene     TS     runpoint      29     runisomer      143
6 -0.1555072 0.6267482 -0.0001352
1 0.0216094 1.2868281 0.8229892
1 -0.1272299 1.1570110 -0.9742927
1 0.8125768 -1.5724323 0.3257445
8 0.0442263 -0.6622328 -0.0108955
5
-114.649     ts77     dynamics     sesquiterpene     TS     runpoint      30     runisomer      143
6 -0.1544030 0.6296874 0.0094390
1 0.0229511 1.2836814 0.7476331
1 -0.1026558 1.1346369 -0.9466634
1 0.8637554 -1.5537923 0.3569162
8 0.0385434 -0.6640092 -0.0170366
5
-114.638     ts77     dynamics     sesquiterpene     TS     runpoint      31     runisomer      143
6 -0.1527434 0.6319090 0.0165457
1 0.0304249 1.2968222 0.7076451
1 -0.0798119 1.1105228 -0.9241558
1 0.8970492 -1.4967815 0.3807485
8 0.0332926 -0.6685815 -0.0227703
5
-114.637     ts77     dynamics     sesquiterpene     TS     runpoint      32     runisomer      143
6 -0.1509097 0.6323788 0.0207021
1 0.0476759 1.3353661 0.7155053
1 -0.0593877 1.0886036 -0.9155087
1 0.9074324 -1.4015555 0.3955419
8 0.0288930 -0.6759872 -0.0278611
5
-114.656     ts77     dynamics     sesquiterpene     TS     runpoint      33     runisomer      143
6 -0.1489027 0.6321488 0.0232022
1 0.0724865 1.3866185 0.7582493
1 -0.0417270 1.0715587 -0.9250190
1 0.8881530 -1.2684732 0.3987372
8 0.0259290 -0.6863599 -0.0320330
5
-114.684     ts77     dynamics     sesquiterpene     TS     runpoint      34     runisomer      143
6 -0.1465219 0.6329931 0.0254071
1 0.0998839 1.4302692 0.8140845
1 -0.0273345 1.0598250 -0.9495075
1 0.8371525 -1.1041881 0.3895301
8 0.0247261 -0.6993604 -0.0350834
5
-114.703     ts77     dynamics     sesquiterpene     TS     runpoint      35     runisomer      143
6 -0.1436743 0.6360399 0.0276557
1 0.1259290 1.4526079 0.8667355
1 -0.0169884 1.0521731 -0.9801173
1 0.7727184 -0.9286367 0.3768675
8 0.0243594 -0.7136370 -0.0373617
5
-114.693     ts77     dynamics     sesquiterpene     TS     runpoint      36     runisomer      143
6 -0.1404976 0.6417230 0.0295552
1 0.1482507 1.4473630 0.9067173
1 -0.0113836 1.0472273 -1.0070033
1 0.7543306 -0.7702915 0.3925004
8 0.0213776 -0.7272400 -0.0405977
5
-114.677     ts77     dynamics     sesquiterpene     TS     runpoint      37     runisomer      143
6 -0.1373458 0.6501409 0.0305192
1 0.1655806 1.4132401 0.9291946
1 -0.0107479 1.0444461 -1.0228131
1 0.8102571 -0.6313917 0.4531806
8 0.0143600 -0.7399865 -0.0455662
5
-114.685     ts77     dynamics     sesquiterpene     TS     runpoint      38     runisomer      143
6 -0.1345216 0.6610007 0.0301599
1 0.1774138 1.3529402 0.9327170
1 -0.0147250 1.0441873 -1.0238852
1 0.8807984 -0.5119317 0.5226429
8 0.0073039 -0.7518505 -0.0498288
5
-114.676     ts77     dynamics     sesquiterpene     TS     runpoint      39     runisomer      143
6 -0.1321388 0.6734422 0.0283295
1 0.1840576 1.2732417 0.9196983
1 -0.0225651 1.0475418 -1.0103700
1 0.9300073 -0.4203422 0.5768588
8 0.0024932 -0.7621506 -0.0519042
5
-114.661     ts77     dynamics     sesquiterpene     TS     runpoint      40     runisomer      143
6 -0.1303065 0.6861097 0.0248651
1 0.1874745 1.1853591 0.8985723
1 -0.0332599 1.0564170 -0.9863015
1 0.9480491 -0.3608931 0.6079956
8 0.0004421 -0.7704279 -0.0514524
5
-114.647     ts77     dynamics     sesquiterpene     TS     runpoint      41     runisomer      143
6 -0.1293674 0.6973409 0.0193484
1 0.1922764 1.1038102 0.8852593
1 -0.0455899 1.0736073 -0.9593995
1 0.9339542 -0.3352750 0.6141019
8 0.0011012 -0.7764182 -0.0485545
5
-114.639     ts77     dynamics     sesquiterpene     TS     runpoint      42     runisomer      143
6 -0.1298335 0.7057078 0.0114333
1 0.2040481 1.0408179 0.8967749
1 -0.0582758 1.1024318 -0.9393707
1 0.8891473 -0.3452826 0.5950734
8 0.0043335 -0.7799168 -0.0434069
5
-114.646     ts77     dynamics     sesquiterpene     TS     runpoint      43     runisomer      143
6 -0.1318978 0.7107168 0.0017800
1 0.2237460 0.9994982 0.9352890
1 -0.0703374 1.1452479 -0.9335125
1 0.8169974 -0.3929721 0.5526903
8 0.0099491 -0.7807694 -0.0362919
5
-114.666     ts77     dynamics     sesquiterpene     TS     runpoint      44     runisomer      143
6 -0.1352161 0.7127753 -0.0081323
1 0.2463234 0.9757931 0.9850295
1 -0.0814388 1.2009503 -0.9415280
1 0.7288280 -0.4768735 0.4954152
8 0.0172724 -0.7790474 -0.0278774
5
-114.677     ts77     dynamics     sesquiterpene     TS     runpoint      45     runisomer      143
6 -0.1392261 0.7126191 -0.0172168
1 0.2658391 0.9645398 1.0270658
1 -0.0917951 1.2638224 -0.9553692
1 0.6641017 -0.5822325 0.4536194
8 0.0237830 -0.7755485 -0.0202053
5
-114.653     ts77     dynamics     sesquiterpene     TS     runpoint      46     runisomer      143
6 -0.1432894 0.7107923 -0.0249660
1 0.2782496 0.9622309 1.0487758
1 -0.1016420 1.3254724 -0.9648323
1 0.7027219 -0.6842231 0.4884533
8 0.0242379 -0.7714964 -0.0173589
5
-114.671     ts77     dynamics     sesquiterpene     TS     runpoint      47     runisomer      143
6 -0.1467669 0.7075970 -0.0310313
1 0.2810160 0.9679577 1.0443865
1 -0.1108986 1.3778638 -0.9625382
1 0.8115561 -0.7935307 0.5764760
8 0.0204004 -0.7658785 -0.0182238
5
-114.69     ts77     dynamics     sesquiterpene     TS     runpoint      48     runisomer      143
6 -0.1492405 0.7033638 -0.0351776
1 0.2730961 0.9816059 1.0132223
1 -0.1193311 1.4150694 -0.9454358
1 0.9098646 -0.9091196 0.6571609
8 0.0170929 -0.7586296 -0.0193119
5
-114.676     ts77     dynamics     sesquiterpene     TS     runpoint      49     runisomer      143
6 -0.1505697 0.6983444 -0.0373931
1 0.2553692 1.0028539 0.9594699
1 -0.1267656 1.4337749 -0.9144885
1 0.9701019 -1.0193981 0.7092571
8 0.0158807 -0.7504387 -0.0194972
5
-114.66     ts77     dynamics     sesquiterpene     TS     runpoint      50     runisomer      143
6 -0.1508761 0.6924884 -0.0380069
1 0.2312160 1.0319787 0.8936573
1 -0.1332241 1.4335113 -0.8743302
1 0.9885620 -1.1155270 0.7294393
8 0.0168772 -0.7418137 -0.0186928
5
-114.65     ts77     dynamics     sesquiterpene     TS     runpoint      51     runisomer      143
6 -0.1505316 0.6853131 -0.0377192
1 0.2068078 1.0711874 0.8334271
1 -0.1389961 1.4169558 -0.8333331
1 0.9676256 -1.1914552 0.7190424
8 0.0198402 -0.7330812 -0.0170434
5
-114.647     ts77     dynamics     sesquiterpene     TS     runpoint      52     runisomer      143
6 -0.1499837 0.6760413 -0.0371238
1 0.1890169 1.1242331 0.7979315
1 -0.1446370 1.3898860 -0.8032736
1 0.9097885 -1.2419826 0.6797025
8 0.0245497 -0.7245848 -0.0146691
5
-114.654     ts77     dynamics     sesquiterpene     TS     runpoint      53     runisomer      143
6 -0.1493310 0.6642820 -0.0357580
1 0.1801095 1.1910522 0.7940133
1 -0.1508079 1.3592995 -0.7966219
1 0.8167836 -1.2617595 0.6128431
8 0.0308708 -0.7168071 -0.0116541
5
-114.674     ts77     dynamics     sesquiterpene     TS     runpoint      54     runisomer      143
6 -0.1482275 0.6507707 -0.0322257
1 0.1761740 1.2630913 0.8113886
1 -0.1580294 1.3287599 -0.8203314
1 0.6936191 -1.2476690 0.5228499
8 0.0385073 -0.7101802 -0.0082353
5
-114.696     ts77     dynamics     sesquiterpene     TS     runpoint      55     runisomer      143
6 -0.1463250 0.6371518 -0.0256755
1 0.1720111 1.3279458 0.8344836
1 -0.1664422 1.2949497 -0.8705741
1 0.5625719 -1.2115545 0.4283949
8 0.0461289 -0.7042008 -0.0054879
5
-114.678     ts77     dynamics     sesquiterpene     TS     runpoint      56     runisomer      143
6 -0.1435416 0.6251635 -0.0164047
1 0.1644716 1.3756022 0.8517034
1 -0.1756573 1.2507776 -0.9348079
1 0.4919781 -1.2168340 0.3879198
8 0.0495447 -0.6951005 -0.0069321
5
-114.648     ts77     dynamics     sesquiterpene     TS     runpoint      57     runisomer      143
6 -0.1400335 0.6162932 -0.0053253
1 0.1525277 1.4004135 0.8566417
1 -0.1848770 1.1912969 -0.9984820
1 0.5192706 -1.3180667 0.4389543
8 0.0465268 -0.6798896 -0.0147604
5
-114.685     ts77     dynamics     sesquiterpene     TS     runpoint      58     runisomer      143
6 -0.1360786 0.6118776 0.0066132
1 0.1365397 1.4008452 0.8469346
1 -0.1931989 1.1163979 -1.0498686
1 0.5646717 -1.4245251 0.5114806
8 0.0422306 -0.6651848 -0.0244374
5
-114.676     ts77     dynamics     sesquiterpene     TS     runpoint      59     runisomer      143
6 -0.1319390 0.6126091 0.0185352
1 0.1176453 1.3788704 0.8236919
1 -0.1999142 1.0299604 -1.0814581
1 0.5961326 -1.4915960 0.5731378
8 0.0387565 -0.6546837 -0.0338118
5
-114.658     ts77     dynamics     sesquiterpene     TS     runpoint      60     runisomer      143
6 -0.1278295 0.6181294 0.0294599
1 0.0978176 1.3409541 0.7926141
1 -0.2047550 0.9385149 -1.0898328
1 0.6085613 -1.5110761 0.6164920
8 0.0364458 -0.6494550 -0.0422547
5
-114.649     ts77     dynamics     sesquiterpene     TS     runpoint      61     runisomer      143
6 -0.1240526 0.6269856 0.0381133
1 0.0807792 1.3000985 0.7661606
1 -0.2082631 0.8501323 -1.0755394
1 0.6015420 -1.4836034 0.6398816
8 0.0353495 -0.6496954 -0.0494555
5
-114.648     ts77     dynamics     sesquiterpene     TS     runpoint      62     runisomer      143
6 -0.1210533 0.6369916 0.0430815
1 0.0719999 1.2746671 0.7627229
1 -0.2119823 0.7735814 -1.0436058
1 0.5733959 -1.4102925 0.6417918
8 0.0356612 -0.6554023 -0.0551008
5
-114.657     ts77     dynamics     sesquiterpene     TS     runpoint      63     runisomer      143
6 -0.1190841 0.6462442 0.0438417
1 0.0749534 1.2764831 0.7945943
1 -0.2181539 0.7178452 -1.0046248
1 0.5234112 -1.2951093 0.6217637
8 0.0375369 -0.6662103 -0.0588746
5
-114.679     ts77     dynamics     sesquiterpene     TS     runpoint      64     runisomer      143
6 -0.1178801 0.6542926 0.0419711
1 0.0872454 1.2983400 0.8529425
1 -0.2292675 0.6908114 -0.9743253
1 0.4586231 -1.1531648 0.5883923
8 0.0406426 -0.6808726 -0.0609558
5
-114.685     ts77     dynamics     sesquiterpene     TS     runpoint      65     runisomer      143
6 -0.1169265 0.6615427 0.0400205
1 0.1033318 1.3233942 0.9163715
1 -0.2474226 0.6972311 -0.9675283
1 0.4091504 -1.0255517 0.5856585
8 0.0431764 -0.6963428 -0.0637470
5
-114.659     ts77     dynamics     sesquiterpene     TS     runpoint      66     runisomer      143
6 -0.1159118 0.6683449 0.0393435
1 0.1186769 1.3387424 0.9672237
1 -0.2730617 0.7376116 -0.9871560
1 0.4168890 -0.9530214 0.6888631
8 0.0425758 -0.7095344 -0.0717102
5
-114.683     ts77     dynamics     sesquiterpene     TS     runpoint      67     runisomer      143
6 -0.1148368 0.6749312 0.0395771
1 0.1306252 1.3381921 0.9957531
1 -0.3040686 0.8083190 -1.0208194
1 0.4476723 -0.9044639 0.8400944
8 0.0410311 -0.7219616 -0.0810910
5
-114.691     ts77     dynamics     sesquiterpene     TS     runpoint      68     runisomer      143
6 -0.1138581 0.6813680 0.0395972
1 0.1379090 1.3204227 0.9983894
1 -0.3365663 0.9018890 -1.0501168
1 0.4692712 -0.8624371 0.9697123
8 0.0405245 -0.7342224 -0.0875941
5
-114.675     ts77     dynamics     sesquiterpene     TS     runpoint      69     runisomer      143
6 -0.1131720 0.6876192 0.0383162
1 0.1404082 1.2873746 0.9764309
1 -0.3665893 1.0086576 -1.0602852
1 0.4733039 -0.8258816 1.0541380
8 0.0414912 -0.7458667 -0.0899293
5
-114.662     ts77     dynamics     sesquiterpene     TS     runpoint      70     runisomer      143
6 -0.1130072 0.6935138 0.0347821
1 0.1394357 1.2440434 0.9365706
1 -0.3911049 1.1187333 -1.0432119
1 0.4591157 -0.7965579 1.0877337
8 0.0438678 -0.7563495 -0.0879594
5
-114.659     ts77     dynamics     sesquiterpene     TS     runpoint      71     runisomer      143
6 -0.1136684 0.6986290 0.0279589
1 0.1383813 1.1989817 0.8925276
1 -0.4083092 1.2232129 -0.9968785
1 0.4277070 -0.7762751 1.0694577
8 0.0474946 -0.7652166 -0.0818331
5
-114.665     ts77     dynamics     sesquiterpene     TS     runpoint      72     runisomer      143
6 -0.1155255 0.7023132 0.0167430
1 0.1426914 1.1630231 0.8640209
1 -0.4177446 1.3149865 -0.9244871
1 0.3806714 -0.7666734 1.0001589
8 0.0521767 -0.7721104 -0.0718171
5
-114.68     ts77     dynamics     sesquiterpene     TS     runpoint      73     runisomer      143
6 -0.1187422 0.7041185 0.0008429
1 0.1569697 1.1428500 0.8662238
1 -0.4205703 1.3897772 -0.8342132
1 0.3217227 -0.7691914 0.8875130
8 0.0575839 -0.7767545 -0.0586173
