5
-114.654160 ts77 dynamics sesquiterpene TS runpoint 1  runisomer  122
6 -0.0308074 0.6608349 0.0049052
1 -0.2684520 1.1484132 0.9503791
1 -0.2093776 1.1517463 -0.9733153
1 0.8753709 -0.0397222 -0.0601062
8 -0.0298914 -0.7752908 0.0015521
5
-114.648 ts77 dynamics sesquiterpene TS runpoint 2  runisomer  122
6 -0.0294676 0.671932 0.00149531
1 -0.272558 1.14769 0.959632
1 -0.224392 1.06681 -0.919856
1 0.936602 -0.031594 -0.0367589
8 -0.0335499 -0.778731 -0.00131221
5
-114.647     ts77     dynamics     sesquiterpene     TS     runpoint      3     runisomer      122
6 -0.0277857 0.6805961 0.0001014
1 -0.2761163 1.1470228 0.9631460
1 -0.2463508 0.9966342 -0.8871946
1 1.0083291 -0.0183560 -0.0122719
8 -0.0377248 -0.7816009 -0.0040886
5
-114.636     ts77     dynamics     sesquiterpene     TS     runpoint      4     runisomer      122
6 -0.0242046 0.6849962 0.0030621
1 -0.2791629 1.1469762 0.9598421
1 -0.2824487 0.9537349 -0.9034736
1 1.0770011 0.0072371 0.0129313
8 -0.0422738 -0.7838086 -0.0066652
5
-114.635     ts77     dynamics     sesquiterpene     TS     runpoint      5     runisomer      122
6 -0.0179933 0.6846646 0.0095395
1 -0.2823093 1.1487212 0.9511400
1 -0.3313852 0.9358690 -0.9609878
1 1.1341257 0.0523326 0.0377384
8 -0.0472539 -0.7853864 -0.0089160
5
-114.642     ts77     dynamics     sesquiterpene     TS     runpoint      6     runisomer      122
6 -0.0093228 0.6798082 0.0164668
1 -0.2865833 1.1536538 0.9402705
1 -0.3828121 0.9340592 -1.0268199
1 1.1753952 0.1229603 0.0609026
8 -0.0528511 -0.7863889 -0.0107396
5
-114.646     ts77     dynamics     sesquiterpene     TS     runpoint      7     runisomer      122
6 0.0014591 0.6706484 0.0214949
1 -0.2930754 1.1625610 0.9301470
1 -0.4267692 0.9417856 -1.0757349
1 1.1986239 0.2223430 0.0811634
8 -0.0592267 -0.7868272 -0.0120691
5
-114.651     ts77     dynamics     sesquiterpene     TS     runpoint      8     runisomer      122
6 0.0140408 0.6576096 0.0236337
1 -0.3025342 1.1746966 0.9214569
1 -0.4570688 0.9551500 -1.0958522
1 1.2025583 0.3497222 0.0971343
8 -0.0664111 -0.7866779 -0.0128650
5
-114.662     ts77     dynamics     sesquiterpene     TS     runpoint      9     runisomer      122
6 0.0279750 0.6415518 0.0228298
1 -0.3151572 1.1874482 0.9124273
1 -0.4704547 0.9713515 -1.0834917
1 1.1877655 0.5002468 0.1073365
8 -0.0742958 -0.7859391 -0.0131144
5
-114.677     ts77     dynamics     sesquiterpene     TS     runpoint      10     runisomer      122
6 0.0424835 0.6237451 0.0195172
1 -0.3307624 1.1969228 0.9003139
1 -0.4656810 0.9879035 -1.0395988
1 1.1588088 0.6658696 0.1105246
8 -0.0826759 -0.7846548 -0.0128314
5
-114.692     ts77     dynamics     sesquiterpene     TS     runpoint      11     runisomer      122
6 0.0565605 0.6055984 0.0143959
1 -0.3491741 1.1990913 0.8832768
1 -0.4436105 1.0024393 -0.9690709
1 1.1242796 0.8376800 0.1060587
8 -0.0912933 -0.7829186 -0.0120772
5
-114.654160 ts77 dynamics sesquiterpene TS runpoint 1  runisomer  122
6 -0.0308074 0.6608349 0.0049052
1 -0.2684520 1.1484132 0.9503791
1 -0.2093776 1.1517463 -0.9733153
1 0.8753709 -0.0397222 -0.0601062
8 -0.0298914 -0.7752908 0.0015521
5
-114.648 ts77 dynamics sesquiterpene TS runpoint 2  runisomer  122
6 -0.0332191 0.649551 0.00784825
1 -0.264235 1.14927 0.938136
1 -0.19552 1.23472 -1.01868
1 0.840445 -0.0493084 -0.0831184
8 -0.0270202 -0.771504 0.00442377
5
-114.639     ts77     dynamics     sesquiterpene     TS     runpoint      3     runisomer      122
6 -0.0374352 0.6397162 0.0090129
1 -0.2605974 1.1507733 0.9262442
1 -0.1806927 1.3038020 -1.0412710
1 0.8424674 -0.0647631 -0.1073428
8 -0.0251481 -0.7676000 0.0072495
5
-114.632     ts77     dynamics     sesquiterpene     TS     runpoint      4     runisomer      122
6 -0.0433241 0.6320610 0.0078959
1 -0.2582135 1.1534698 0.9176537
1 -0.1647879 1.3520756 -1.0363512
1 0.8797066 -0.0872422 -0.1334479
8 -0.0242287 -0.7636530 0.0099649
5
-114.633     ts77     dynamics     sesquiterpene     TS     runpoint      5     runisomer      122
6 -0.0501435 0.6267203 0.0044233
1 -0.2574701 1.1573086 0.9140156
1 -0.1484867 1.3758256 -1.0042012
1 0.9387218 -0.1160189 -0.1601636
8 -0.0239056 -0.7595721 0.0124581
5
-114.636     ts77     dynamics     sesquiterpene     TS     runpoint      6     runisomer      122
6 -0.0570704 0.6237316 -0.0011130
1 -0.2583141 1.1611999 0.9152220
1 -0.1327088 1.3736137 -0.9482709
1 1.0018933 -0.1507473 -0.1849666
8 -0.0236321 -0.7552484 0.0145746
5
-114.64     ts77     dynamics     sesquiterpene     TS     runpoint      7     runisomer      122
6 -0.0635713 0.6231945 -0.0079523
1 -0.2603673 1.1631531 0.9197725
1 -0.1183875 1.3470279 -0.8758923
1 1.0539309 -0.1926056 -0.2053669
8 -0.0228072 -0.7506553 0.0161452
5
-114.641     ts77     dynamics     sesquiterpene     TS     runpoint      8     runisomer      122
6 -0.0695373 0.6249634 -0.0146482
1 -0.2631957 1.1609861 0.9256856
1 -0.1063575 1.3037463 -0.8013978
1 1.0837806 -0.2450338 -0.2195456
8 -0.0207919 -0.7458141 0.0169968
5
-114.639     ts77     dynamics     sesquiterpene     TS     runpoint      9     runisomer      122
6 -0.0752989 0.6280990 -0.0187964
1 -0.2665271 1.1531937 0.9312886
1 -0.0970900 1.2620817 -0.7501586
1 1.0840129 -0.3142555 -0.2263495
8 -0.0168583 -0.7406887 0.0169578
5
-114.637     ts77     dynamics     sesquiterpene     TS     runpoint      10     runisomer      122
6 -0.0815354 0.6310039 -0.0176345
1 -0.2703214 1.1396269 0.9356683
1 -0.0899838 1.2464825 -0.7522721
1 1.0506782 -0.4077900 -0.2252401
8 -0.0102877 -0.7351372 0.0158757
5
-114.654     ts77     dynamics     sesquiterpene     TS     runpoint      11     runisomer      122
6 -0.0889192 0.6334280 -0.0107215
1 -0.2748975 1.1218441 0.9391303
1 -0.0831888 1.2610927 -0.8120338
1 0.9854151 -0.5298911 -0.2168511
8 -0.0007759 -0.7290619 0.0137098
5
-114.688     ts77     dynamics     sesquiterpene     TS     runpoint      12     runisomer      122
6 -0.0976288 0.6368334 -0.0007142
1 -0.2810648 1.1029669 0.9435559
1 -0.0755576 1.2847245 -0.8997544
1 0.9038318 -0.6768986 -0.2052225
8 0.0108064 -0.7226535 0.0107189
5
-114.703     ts77     dynamics     sesquiterpene     TS     runpoint      13     runisomer      122
6 -0.1072225 0.6420730 0.0093691
1 -0.2898749 1.0867601 0.9518772
1 -0.0675039 1.2986238 -0.9841368
1 0.8512406 -0.8403030 -0.2019585
8 0.0213639 -0.7161445 0.0077429
5
-114.696     ts77     dynamics     sesquiterpene     TS     runpoint      14     runisomer      122
6 -0.1169140 0.6488937 0.0174748
1 -0.3019812 1.0761167 0.9663904
1 -0.0600451 1.2950627 -1.0463291
1 0.8668645 -1.0212764 -0.2179221
8 0.0279418 -0.7089653 0.0056734
5
-114.7     ts77     dynamics     sesquiterpene     TS     runpoint      15     runisomer      122
6 -0.1260039 0.6567561 0.0225495
1 -0.3170971 1.0719609 0.9866432
1 -0.0541609 1.2731087 -1.0771253
1 0.9043614 -1.2062126 -0.2417683
8 0.0329798 -0.7015661 0.0040342
5
-114.689     ts77     dynamics     sesquiterpene     TS     runpoint      16     runisomer      122
6 -0.1340789 0.6651978 0.0243510
1 -0.3339557 1.0732566 1.0087495
1 -0.0506385 1.2349963 -1.0730351
1 0.9214566 -1.3675597 -0.2615169
8 0.0388005 -0.6954137 0.0022782
5
-114.669     ts77     dynamics     sesquiterpene     TS     runpoint      17     runisomer      122
6 -0.1409404 0.6736988 0.0232253
1 -0.3507246 1.0779515 1.0269057
1 -0.0500065 1.1849683 -1.0349745
1 0.9086533 -1.4896361 -0.2733963
8 0.0457718 -0.6912440 0.0003302
5
-114.654     ts77     dynamics     sesquiterpene     TS     runpoint      18     runisomer      122
6 -0.1465243 0.6815305 0.0200735
1 -0.3656282 1.0839960 1.0356683
1 -0.0522768 1.1299676 -0.9702284
1 0.8689075 -1.5668779 -0.2771971
8 0.0535480 -0.6891685 -0.0016969
5
-114.648     ts77     dynamics     sesquiterpene     TS     runpoint      19     runisomer      122
6 -0.1508974 0.6876837 0.0166633
1 -0.3775058 1.0898356 1.0315804
1 -0.0562603 1.0816510 -0.8980649
1 0.8061365 -1.5964897 -0.2733507
8 0.0617840 -0.6892435 -0.0036687
5
-114.643     ts77     dynamics     sesquiterpene     TS     runpoint      20     runisomer      122
6 -0.1542987 0.6908262 0.0158707
1 -0.3861743 1.0945719 1.0141803
1 -0.0588084 1.0571845 -0.8539089
1 0.7219647 -1.5746505 -0.2620834
8 0.0703471 -0.6917354 -0.0054699
5
-114.645     ts77     dynamics     sesquiterpene     TS     runpoint      21     runisomer      122
6 -0.1569816 0.6898310 0.0198707
1 -0.3925643 1.0983788 0.9869762
1 -0.0567061 1.0697034 -0.8683463
1 0.6193344 -1.5012042 -0.2445684
8 0.0790968 -0.6966460 -0.0069498
5
-114.668     ts77     dynamics     sesquiterpene     TS     runpoint      22     runisomer      122
6 -0.1587754 0.6848930 0.0267333
1 -0.3986540 1.1029876 0.9580026
1 -0.0513581 1.1120304 -0.9269376
1 0.5148118 -1.3984702 -0.2280704
8 0.0870753 -0.7023728 -0.0076196
5
-114.663     ts77     dynamics     sesquiterpene     TS     runpoint      23     runisomer      122
6 -0.1592332 0.6769251 0.0323910
1 -0.4069089 1.1111089 0.9374771
1 -0.0467003 1.1656705 -0.9918034
1 0.4624094 -1.3541617 -0.2412388
8 0.0909475 -0.7030796 -0.0056544
5
-114.633     ts77     dynamics     sesquiterpene     TS     runpoint      24     runisomer      122
6 -0.1580806 0.6668550 0.0340900
1 -0.4189081 1.1242658 0.9318544
1 -0.0451519 1.2164450 -1.0374472
1 0.4985691 -1.4389487 -0.3145133
8 0.0884644 -0.6942125 0.0009193
5
-114.67     ts77     dynamics     sesquiterpene     TS     runpoint      25     runisomer      122
6 -0.1553757 0.6560077 0.0309594
1 -0.4339139 1.1405291 0.9391474
1 -0.0474445 1.2565872 -1.0531420
1 0.5547361 -1.5350977 -0.4076146
8 0.0839855 -0.6835727 0.0096638
5
-114.662     ts77     dynamics     sesquiterpene     TS     runpoint      26     runisomer      122
6 -0.1514301 0.6459072 0.0233555
1 -0.4490024 1.1547468 0.9510883
1 -0.0534082 1.2819669 -1.0363571
1 0.5996063 -1.5860693 -0.4948074
8 0.0795253 -0.6752804 0.0190527
5
-114.646     ts77     dynamics     sesquiterpene     TS     runpoint      27     runisomer      122
6 -0.1466456 0.6378672 0.0121668
1 -0.4605840 1.1614204 0.9588823
1 -0.0624383 1.2904891 -0.9892186
1 0.6269796 -1.5813250 -0.5675395
8 0.0755098 -0.6705064 0.0285702
5
-114.643     ts77     dynamics     sesquiterpene     TS     runpoint      28     runisomer      122
6 -0.1414263 0.6326795 -0.0014437
1 -0.4660503 1.1567762 0.9566529
1 -0.0734827 1.2825255 -0.9186243
1 0.6361090 -1.5224315 -0.6221619
8 0.0720594 -0.6695322 0.0379162
5
-114.656     ts77     dynamics     sesquiterpene     TS     runpoint      29     runisomer      122
6 -0.1361622 0.6304256 -0.0158942
1 -0.4648103 1.1391416 0.9421247
1 -0.0846486 1.2636504 -0.8391985
1 0.6249412 -1.4123402 -0.6551784
8 0.0694391 -0.6724779 0.0467488
5
-114.675     ts77     dynamics     sesquiterpene     TS     runpoint      30     runisomer      122
6 -0.1312072 0.6299887 -0.0288201
1 -0.4581047 1.1092622 0.9166713
1 -0.0931663 1.2488050 -0.7770555
1 0.5916382 -1.2570006 -0.6638102
8 0.0679344 -0.6791204 0.0546796
5
-114.693     ts77     dynamics     sesquiterpene     TS     runpoint      31     runisomer      122
6 -0.1267927 0.6292603 -0.0376007
1 -0.4485674 1.0707832 0.8856285
1 -0.0965025 1.2590199 -0.7628642
1 0.5411100 -1.0722542 -0.6529447
8 0.0674151 -0.6884333 0.0616461
5
-114.703     ts77     dynamics     sesquiterpene     TS     runpoint      32     runisomer      122
6 -0.1229348 0.6273354 -0.0417671
1 -0.4402577 1.0304769 0.8584848
1 -0.0941275 1.2980025 -0.8031120
1 0.4962771 -0.8894811 -0.6534298
8 0.0666716 -0.6984221 0.0690495
5
-114.696     ts77     dynamics     sesquiterpene     TS     runpoint      33     runisomer      122
6 -0.1195313 0.6255426 -0.0434459
1 -0.4381567 0.9972566 0.8468376
1 -0.0874077 1.3443544 -0.8733275
1 0.4889755 -0.7330650 -0.7157268
8 0.0640223 -0.7077605 0.0793946
5
-114.695     ts77     dynamics     sesquiterpene     TS     runpoint      34     runisomer      122
6 -0.1165534 0.6255723 -0.0446514
1 -0.4458235 0.9784403 0.8577419
1 -0.0782997 1.3767123 -0.9466853
1 0.5046093 -0.6001983 -0.8144966
8 0.0607118 -0.7170084 0.0904598
5
-114.682     ts77     dynamics     sesquiterpene     TS     runpoint      35     runisomer      122
6 -0.1141172 0.6283827 -0.0459615
1 -0.4626367 0.9758881 0.8869616
1 -0.0687787 1.3848288 -1.0065473
1 0.5191039 -0.4959417 -0.9011317
8 0.0584307 -0.7260367 0.0988352
5
-114.656     ts77     dynamics     sesquiterpene     TS     runpoint      36     runisomer      122
6 -0.1124447 0.6342666 -0.0469015
1 -0.4843229 0.9868279 0.9215183
1 -0.0606541 1.3664119 -1.0444211
1 0.5242997 -0.4258296 -0.9559454
8 0.0577039 -0.7343980 0.1032045
5
-114.636     ts77     dynamics     sesquiterpene     TS     runpoint      37     runisomer      122
6 -0.1117453 0.6430583 -0.0467348
1 -0.5059165 1.0071297 0.9480465
1 -0.0553978 1.3232661 -1.0567439
1 0.5189001 -0.3920342 -0.9737997
8 0.0585490 -0.7416836 0.1033115
5
-114.631     ts77     dynamics     sesquiterpene     TS     runpoint      38     runisomer      122
6 -0.1121575 0.6542814 -0.0448210
1 -0.5237246 1.0331420 0.9575674
1 -0.0539486 1.2597593 -1.0437314
1 0.5033681 -0.3957933 -0.9539804
8 0.0608683 -0.7475054 0.0992098
5
-114.642     ts77     dynamics     sesquiterpene     TS     runpoint      39     runisomer      122
6 -0.1137598 0.6671864 -0.0405117
1 -0.5358171 1.0620963 0.9461223
1 -0.0565133 1.1830559 -1.0106257
1 0.4787850 -0.4384946 -0.8978880
8 0.0645419 -0.7514884 0.0910804
5
-114.665     ts77     dynamics     sesquiterpene     TS     runpoint      40     runisomer      122
6 -0.1165444 0.6806516 -0.0328842
1 -0.5420745 1.0922627 0.9144690
1 -0.0623884 1.1039214 -0.9710160
1 0.4480510 -0.5200586 -0.8121665
8 0.0693316 -0.7533661 0.0794566
5
-114.686     ts77     dynamics     sesquiterpene     TS     runpoint      41     runisomer      122
6 -0.1203056 0.6931410 -0.0207864
1 -0.5445352 1.1234733 0.8684221
1 -0.0700541 1.0353189 -0.9480577
1 0.4214308 -0.6337996 -0.7222463
8 0.0744698 -0.7532130 0.0661723
5
-114.682     ts77     dynamics     sesquiterpene     TS     runpoint      42     runisomer      122
6 -0.1243995 0.7030513 -0.0041404
1 -0.5480574 1.1579320 0.8195571
1 -0.0783300 0.9857394 -0.9617425
1 0.4280898 -0.7649466 -0.6975239
8 0.0778652 -0.7514319 0.0560697
5
-114.679     ts77     dynamics     sesquiterpene     TS     runpoint      43     runisomer      122
6 -0.1276786 0.7093050 0.0143607
1 -0.5599580 1.2000536 0.7832254
1 -0.0878838 0.9544014 -1.0069568
1 0.4831583 -0.9129710 -0.7720958
8 0.0782065 -0.7474770 0.0520298
5
-114.706     ts77     dynamics     sesquiterpene     TS     runpoint      44     runisomer      122
6 -0.1291217 0.7116631 0.0308812
1 -0.5857901 1.2524675 0.7694566
1 -0.1002525 0.9367593 -1.0598930
1 0.5454242 -1.0658550 -0.8607451
8 0.0777729 -0.7418044 0.0494279
