5
-114.654160 ts77 dynamics sesquiterpene TS runpoint 1  runisomer  147
6 -0.0396825 0.6186482 -0.0037151
1 -0.2180397 1.0289495 1.0261379
1 -0.2081073 1.1362679 -1.0418969
1 0.9471648 -0.0702712 -0.0128030
8 -0.0310129 -0.7332135 0.0045871
5
-114.643 ts77 dynamics sesquiterpene TS runpoint 2  runisomer  147
6 -0.039632 0.622179 -0.00724425
1 -0.191598 1.07282 1.01794
1 -0.194049 1.0981 -0.971842
1 0.909979 -0.0161945 0.01227
8 -0.0312595 -0.73963 0.00175767
5
-114.647     ts77     dynamics     sesquiterpene     TS     runpoint      3     runisomer      147
6 -0.0399002 0.6267279 -0.0096315
1 -0.1671107 1.1182346 0.9944352
1 -0.1835551 1.0644627 -0.8983560
1 0.8976594 0.0419256 0.0373416
8 -0.0324866 -0.7474469 -0.0011795
5
-114.643     ts77     dynamics     sesquiterpene     TS     runpoint      4     runisomer      147
6 -0.0400943 0.6306971 -0.0084089
1 -0.1460783 1.1625009 0.9580129
1 -0.1821754 1.0511549 -0.8547087
1 0.9181216 0.1075626 0.0624839
8 -0.0350430 -0.7565112 -0.0041373
5
-114.64     ts77     dynamics     sesquiterpene     TS     runpoint      5     runisomer      147
6 -0.0393023 0.6323279 -0.0019664
1 -0.1308159 1.2045282 0.9147127
1 -0.1943292 1.0696678 -0.8667582
1 0.9700795 0.1860487 0.0869575
8 -0.0391065 -0.7664944 -0.0070250
5
-114.654     ts77     dynamics     sesquiterpene     TS     runpoint      6     runisomer      147
6 -0.0366348 0.6312309 0.0077756
1 -0.1241455 1.2450614 0.8734485
1 -0.2174256 1.1112132 -0.9202712
1 1.0435668 0.2825155 0.1088389
8 -0.0447036 -0.7769203 -0.0097400
5
-114.672     ts77     dynamics     sesquiterpene     TS     runpoint      7     runisomer      147
6 -0.0313932 0.6279806 0.0173585
1 -0.1287460 1.2855131 0.8426845
1 -0.2446255 1.1570718 -0.9819638
1 1.1238315 0.3980609 0.1257205
8 -0.0516911 -0.7871992 -0.0121665
5
-114.675     ts77     dynamics     sesquiterpene     TS     runpoint      8     runisomer      147
6 -0.0230306 0.6232949 0.0245840
1 -0.1463653 1.3251720 0.8261764
1 -0.2703143 1.1937910 -1.0291855
1 1.1961827 0.5286425 0.1356874
8 -0.0597953 -0.7967221 -0.0141993
5
-114.67     ts77     dynamics     sesquiterpene     TS     runpoint      9     runisomer      147
6 -0.0112992 0.6180667 0.0287405
1 -0.1772032 1.3594587 0.8218492
1 -0.2910509 1.2144389 -1.0517183
1 1.2493933 0.6670284 0.1378091
8 -0.0687001 -0.8049787 -0.0157579
5
-114.663     ts77     dynamics     sesquiterpene     TS     runpoint      10     runisomer      147
6 0.0036842 0.6133524 0.0299337
1 -0.2197768 1.3814319 0.8245139
1 -0.3048295 1.2159029 -1.0463272
1 1.2766424 0.8050875 0.1321093
8 -0.0781074 -0.8116160 -0.0168002
5
-114.659     ts77     dynamics     sesquiterpene     TS     runpoint      11     runisomer      147
6 0.0214967 0.6101652 0.0285699
1 -0.2713466 1.3846635 0.8290412
1 -0.3105607 1.1972102 -1.0135933
1 1.2749119 0.9350542 0.1192920
8 -0.0877513 -0.8164386 -0.0173153
5
-114.661     ts77     dynamics     sesquiterpene     TS     runpoint      12     runisomer      147
6 0.0415491 0.6092918 0.0252275
1 -0.3286153 1.3650421 0.8318063
1 -0.3081704 1.1591979 -0.9574549
1 1.2441795 1.0500015 0.1004660
8 -0.0974001 -0.8193943 -0.0173307
5
-114.668     ts77     dynamics     sesquiterpene     TS     runpoint      13     runisomer      147
6 0.0633454 0.6111435 0.0209662
1 -0.3889637 1.3210482 0.8302518
1 -0.2998289 1.1056375 -0.8873499
1 1.1870774 1.1440792 0.0764477
8 -0.1068771 -0.8205626 -0.0169376
5
-114.674     ts77     dynamics     sesquiterpene     TS     runpoint      14     runisomer      147
6 0.0864966 0.6153089 0.0164250
1 -0.4479038 1.2537795 0.8240850
1 -0.2943132 1.0465772 -0.8190505
1 1.1097155 1.2138639 0.0534257
8 -0.1160053 -0.8201236 -0.0159940
5
-114.673     ts77     dynamics     sesquiterpene     TS     runpoint      15     runisomer      147
6 0.1102957 0.6206562 0.0137992
1 -0.5019792 1.1667452 0.8145732
1 -0.3024009 0.9960340 -0.7809441
1 1.0230781 1.2583468 0.0332644
8 -0.1244830 -0.8182688 -0.0145539
5
-114.654160 ts77 dynamics sesquiterpene TS runpoint 1  runisomer  147
6 -0.0396825 0.6186482 -0.0037151
1 -0.2180397 1.0289495 1.0261379
1 -0.2081073 1.1362679 -1.0418969
1 0.9471648 -0.0702712 -0.0128030
8 -0.0310129 -0.7332135 0.0045871
5
-114.643 ts77 dynamics sesquiterpene TS runpoint 2  runisomer  147
6 -0.0399563 0.616887 -0.000645628
1 -0.245813 0.990302 1.02012
1 -0.222349 1.1691 -1.08887
1 0.995644 -0.122899 -0.037838
8 -0.0312149 -0.72821 0.00720063
5
-114.636     ts77     dynamics     sesquiterpene     TS     runpoint      3     runisomer      147
6 -0.0402459 0.6171622 0.0010423
1 -0.2751337 0.9609540 1.0039330
1 -0.2350727 1.1917129 -1.1043555
1 1.0410004 -0.1771691 -0.0622859
8 -0.0312057 -0.7245719 0.0094706
5
-114.631     ts77     dynamics     sesquiterpene     TS     runpoint      4     runisomer      147
6 -0.0405127 0.6196344 0.0007727
1 -0.3069258 0.9446332 0.9835178
1 -0.2453611 1.2018365 -1.0860872
1 1.0710654 -0.2376188 -0.0852753
8 -0.0302488 -0.7222272 0.0112571
5
-114.632     ts77     dynamics     sesquiterpene     TS     runpoint      5     runisomer      147
6 -0.0410217 0.6245179 -0.0016746
1 -0.3423734 0.9437721 0.9645701
1 -0.2526646 1.1988383 -1.0357983
1 1.0768768 -0.3109771 -0.1059304
8 -0.0275402 -0.7210254 0.0124204
5
-114.644     ts77     dynamics     sesquiterpene     TS     runpoint      6     runisomer      147
6 -0.0423227 0.6319594 -0.0058770
1 -0.3819935 0.9585547 0.9499936
1 -0.2569535 1.1842856 -0.9601613
1 1.0530954 -0.4053800 -0.1235954
8 -0.0222994 -0.7206733 0.0128379
5
-114.667     ts77     dynamics     sesquiterpene     TS     runpoint      7     runisomer      147
6 -0.0449343 0.6416011 -0.0103749
1 -0.4247508 0.9865820 0.9388680
1 -0.2597182 1.1644351 -0.8747045
1 0.9996891 -0.5265254 -0.1381115
8 -0.0141069 -0.7207879 0.0124435
5
-114.687     ts77     dynamics     sesquiterpene     TS     runpoint      8     runisomer      147
6 -0.0488312 0.6521093 -0.0124608
1 -0.4681799 1.0234835 0.9279282
1 -0.2658060 1.1536379 -0.8083512
1 0.9276839 -0.6730247 -0.1509066
8 -0.0035264 -0.7210850 0.0113236
5
-114.692     ts77     dynamics     sesquiterpene     TS     runpoint      9     runisomer      147
6 -0.0533379 0.6615094 -0.0092029
1 -0.5095017 1.0639924 0.9140912
1 -0.2823325 1.1697775 -0.7940683
1 0.8694564 -0.8378447 -0.1676700
8 0.0071694 -0.7213213 0.0099082
5
-114.694     ts77     dynamics     sesquiterpene     TS     runpoint      10     runisomer      147
6 -0.0579382 0.6691326 -0.0004970
1 -0.5466819 1.1028937 0.8961411
1 -0.3093618 1.2127410 -0.8345160
1 0.8596739 -1.0188893 -0.1965381
8 0.0152821 -0.7207908 0.0088752
5
-114.71     ts77     dynamics     sesquiterpene     TS     runpoint      11     runisomer      147
6 -0.0626955 0.6760734 0.0107983
1 -0.5788305 1.1358419 0.8749076
1 -0.3379672 1.2625385 -0.9002948
1 0.8736849 -1.2062032 -0.2335626
8 0.0217963 -0.7194085 0.0082163
5
-114.707     ts77     dynamics     sesquiterpene     TS     runpoint      12     runisomer      147
6 -0.0676764 0.6833640 0.0218667
1 -0.6061276 1.1599747 0.8526317
1 -0.3600441 1.3017518 -0.9640983
1 0.8727249 -1.3738160 -0.2685406
8 0.0287031 -0.7183092 0.0075390
5
-114.68     ts77     dynamics     sesquiterpene     TS     runpoint      13     runisomer      147
6 -0.0727175 0.6913035 0.0309081
1 -0.6296139 1.1740283 0.8323550
1 -0.3715558 1.3220584 -1.0110114
1 0.8433529 -1.5022199 -0.2960591
8 0.0365406 -0.7183396 0.0067232
5
-114.653     ts77     dynamics     sesquiterpene     TS     runpoint      14     runisomer      147
6 -0.0775367 0.6997150 0.0368417
1 -0.6509108 1.1779491 0.8172755
1 -0.3711225 1.3208234 -1.0342314
1 0.7857562 -1.5817135 -0.3144679
8 0.0450993 -0.7198105 0.0058439
5
-114.639     ts77     dynamics     sesquiterpene     TS     runpoint      15     runisomer      147
6 -0.0818435 0.7082491 0.0390555
1 -0.6717608 1.1722080 0.8098728
1 -0.3587418 1.2981991 -1.0311910
1 0.7035050 -1.6076137 -0.3236127
8 0.0540449 -0.7227948 0.0050343
5
-114.643     ts77     dynamics     sesquiterpene     TS     runpoint      16     runisomer      147
6 -0.0854573 0.7164731 0.0373853
1 -0.6932292 1.1571888 0.8109781
1 -0.3353163 1.2561982 -1.0024120
1 0.6012294 -1.5789252 -0.3243908
8 0.0630754 -0.7271806 0.0044534
5
-114.662     ts77     dynamics     sesquiterpene     TS     runpoint      17     runisomer      147
6 -0.0883639 0.7237427 0.0322996
1 -0.7148374 1.1330655 0.8192663
1 -0.3028334 1.1993650 -0.9530412
1 0.4883696 -1.5049559 -0.3212239
8 0.0716803 -0.7321959 0.0044349
5
-114.676     ts77     dynamics     sesquiterpene     TS     runpoint      18     runisomer      147
6 -0.0906151 0.7290074 0.0252748
1 -0.7344873 1.1001432 0.8314535
1 -0.2651992 1.1368786 -0.8975906
1 0.3885951 -1.4261884 -0.3318163
8 0.0785206 -0.7350980 0.0061108
5
-114.653     ts77     dynamics     sesquiterpene     TS     runpoint      19     runisomer      147
6 -0.0921411 0.7307559 0.0191071
1 -0.7494868 1.0594479 0.8432054
1 -0.2287606 1.0842846 -0.8653321
1 0.3360305 -1.4238269 -0.3987492
8 0.0816258 -0.7306820 0.0121828
5
-114.653     ts77     dynamics     sesquiterpene     TS     runpoint      20     runisomer      147
6 -0.0928611 0.7277752 0.0166991
1 -0.7581034 1.0132273 0.8506168
1 -0.1990897 1.0569630 -0.8881174
1 0.3148930 -1.4810088 -0.5227424
8 0.0821704 -0.7202100 0.0227711
5
-114.677     ts77     dynamics     sesquiterpene     TS     runpoint      21     runisomer      147
6 -0.0930135 0.7203737 0.0176791
1 -0.7607077 0.9648004 0.8518056
1 -0.1757016 1.0548949 -0.9612747
1 0.2952281 -1.5211934 -0.6573977
8 0.0822125 -0.7089450 0.0350550
5
-114.68     ts77     dynamics     sesquiterpene     TS     runpoint      22     runisomer      147
6 -0.0928430 0.7098319 0.0189077
1 -0.7597859 0.9181062 0.8474169
1 -0.1557518 1.0665474 -1.0485473
1 0.2682654 -1.5157101 -0.7757697
8 0.0824671 -0.6991746 0.0473672
5
-114.67     ts77     dynamics     sesquiterpene     TS     runpoint      23     runisomer      147
6 -0.0923314 0.6972243 0.0178329
1 -0.7589305 0.8772776 0.8397786
1 -0.1383238 1.0820934 -1.1201396
1 0.2334395 -1.4610893 -0.8658551
8 0.0831240 -0.6915664 0.0588421
5
-114.661     ts77     dynamics     sesquiterpene     TS     runpoint      24     runisomer      147
6 -0.0913910 0.6833142 0.0133025
1 -0.7613435 0.8461148 0.8313455
1 -0.1237364 1.0957752 -1.1611261
1 0.1922950 -1.3613457 -0.9205396
8 0.0842430 -0.6863150 0.0688005
5
-114.662     ts77     dynamics     sesquiterpene     TS     runpoint      25     runisomer      147
6 -0.0900708 0.6687941 0.0051825
1 -0.7684100 0.8276202 0.8231012
1 -0.1125028 1.1043049 -1.1659533
1 0.1471907 -1.2233890 -0.9343671
8 0.0858308 -0.6834879 0.0765891
5
-114.676     ts77     dynamics     sesquiterpene     TS     runpoint      26     runisomer      147
6 -0.0886364 0.6544153 -0.0059412
1 -0.7791189 0.8237626 0.8138778
1 -0.1049133 1.1057765 -1.1344913
1 0.1012435 -1.0580193 -0.9052928
8 0.0878453 -0.6829718 0.0817028
5
-114.696     ts77     dynamics     sesquiterpene     TS     runpoint      27     runisomer      147
6 -0.0875307 0.6409890 -0.0188329
1 -0.7906664 0.8353595 0.8010453
1 -0.1008176 1.0996451 -1.0716242
1 0.0580812 -0.8831875 -0.8432778
8 0.0902039 -0.6842618 0.0843164
5
-114.704     ts77     dynamics     sesquiterpene     TS     runpoint      28     runisomer      147
6 -0.0872686 0.6293109 -0.0314625
1 -0.7997241 0.8619357 0.7819732
1 -0.0994703 1.0880983 -0.9900878
1 0.0196935 -0.7237717 -0.7871998
8 0.0929105 -0.6864947 0.0863229
5
-114.684     ts77     dynamics     sesquiterpene     TS     runpoint      29     runisomer      147
6 -0.0883012 0.6199372 -0.0407922
1 -0.8036701 0.9016710 0.7554229
1 -0.0994975 1.0792040 -0.9150401
1 -0.0170565 -0.5962802 -0.7936795
8 0.0962504 -0.6894415 0.0906753
5
-114.663     ts77     dynamics     sesquiterpene     TS     runpoint      30     runisomer      147
6 -0.0908812 0.6128091 -0.0434490
1 -0.8015637 0.9516494 0.7224444
1 -0.0990402 1.0880236 -0.8804895
1 -0.0530359 -0.5044851 -0.8550901
8 0.1002899 -0.6935864 0.0964393
5
-114.653     ts77     dynamics     sesquiterpene     TS     runpoint      31     runisomer      147
6 -0.0949951 0.6078449 -0.0383927
1 -0.7947339 1.0084910 0.6865803
1 -0.0957156 1.1228885 -0.9013912
1 -0.0837722 -0.4538723 -0.9271057
8 0.1046724 -0.6988321 0.1007602
5
-114.652     ts77     dynamics     sesquiterpene     TS     runpoint      32     runisomer      147
6 -0.1003691 0.6059622 -0.0282034
1 -0.7863078 1.0691484 0.6529631
1 -0.0874015 1.1717441 -0.9563643
1 -0.1062852 -0.4445774 -0.9830300
8 0.1090662 -0.7049082 0.1022209
5
-114.651     ts77     dynamics     sesquiterpene     TS     runpoint      33     runisomer      147
6 -0.1065341 0.6081464 -0.0161852
1 -0.7795120 1.1310793 0.6263405
1 -0.0736473 1.2167553 -1.0163716
1 -0.1190472 -0.4726043 -1.0102610
8 0.1131990 -0.7115219 0.1003793
5
-114.648     ts77     dynamics     sesquiterpene     TS     runpoint      34     runisomer      147
6 -0.1130086 0.6147535 -0.0044355
1 -0.7759406 1.1915668 0.6093898
1 -0.0554876 1.2465006 -1.0632330
1 -0.1207707 -0.5340271 -1.0027993
8 0.1167944 -0.7182977 0.0951147
5
-114.651     ts77     dynamics     sesquiterpene     TS     runpoint      35     runisomer      147
6 -0.1194382 0.6256758 0.0060472
1 -0.7750869 1.2470879 0.6024500
1 -0.0344780 1.2556457 -1.0878970
1 -0.1105549 -0.6255884 -0.9592826
8 0.1195938 -0.7248003 0.0864995
5
-114.664     ts77     dynamics     sesquiterpene     TS     runpoint      36     runisomer      147
6 -0.1255871 0.6404771 0.0147858
1 -0.7752092 1.2936309 0.6044419
1 -0.0121328 1.2424003 -1.0862335
1 -0.0892649 -0.7426868 -0.8860578
8 0.1214636 -0.7306266 0.0750999
5
-114.681     ts77     dynamics     sesquiterpene     TS     runpoint      37     runisomer      147
6 -0.1312662 0.6583465 0.0214166
1 -0.7745591 1.3276270 0.6139264
1 0.0101855 1.2075255 -1.0572894
1 -0.0622698 -0.8787531 -0.8070405
8 0.1225751 -0.7354077 0.0627258
5
-114.69     ts77     dynamics     sesquiterpene     TS     runpoint      38     runisomer      147
6 -0.1362840 0.6780245 0.0256230
1 -0.7721983 1.3466866 0.6297093
1 0.0314369 1.1549727 -1.0039191
1 -0.0402070 -1.0321688 -0.7668178
8 0.1234603 -0.7383968 0.0526798
5
-114.696     ts77     dynamics     sesquiterpene     TS     runpoint      39     runisomer      147
6 -0.1405215 0.6978998 0.0275335
1 -0.7682069 1.3499699 0.6509631
1 0.0516640 1.0933862 -0.9360702
1 -0.0267198 -1.2026302 -0.7750614
8 0.1242616 -0.7388963 0.0461530
5
-114.701     ts77     dynamics     sesquiterpene     TS     runpoint      40     runisomer      147
6 -0.1441308 0.7161655 0.0284483
1 -0.7633584 1.3382700 0.6769629
1 0.0737972 1.0369582 -0.8762066
1 -0.0156424 -1.3670901 -0.7899212
8 0.1245696 -0.7379466 0.0409948
5
-114.68     ts77     dynamics     sesquiterpene     TS     runpoint      41     runisomer      147
6 -0.1476229 0.7310471 0.0307222
1 -0.7587212 1.3137737 0.7068414
1 0.1046690 1.0017990 -0.8567213
1 -0.0040861 -1.5007723 -0.7846725
8 0.1242228 -0.7369316 0.0358493
5
-114.654     ts77     dynamics     sesquiterpene     TS     runpoint      42     runisomer      147
6 -0.1512692 0.7416193 0.0352194
1 -0.7556260 1.2796506 0.7398689
1 0.1482558 0.9946122 -0.8902495
1 0.0074129 -1.5907634 -0.7530357
8 0.1232913 -0.7365933 0.0305141
5
-114.647     ts77     dynamics     sesquiterpene     TS     runpoint      43     runisomer      147
6 -0.1544103 0.7480101 0.0397248
1 -0.7554270 1.2393074 0.7756712
1 0.1974595 1.0096835 -0.9514646
1 0.0174514 -1.6317753 -0.6964176
8 0.1219009 -0.7372140 0.0251680
5
-114.647     ts77     dynamics     sesquiterpene     TS     runpoint      44     runisomer      147
6 -0.1561538 0.7505848 0.0416448
1 -0.7584186 1.1952695 0.8132771
1 0.2413529 1.0389970 -1.0084759
1 0.0247411 -1.6221418 -0.6184892
8 0.1201716 -0.7388278 0.0200409
5
-114.65     ts77     dynamics     sesquiterpene     TS     runpoint      45     runisomer      147
6 -0.1560613 0.7496059 0.0397208
1 -0.7629689 1.1486836 0.8499744
1 0.2725199 1.0766200 -1.0422276
1 0.0280200 -1.5657552 -0.5261202
8 0.1182178 -0.7410845 0.0154799
5
-114.656     ts77     dynamics     sesquiterpene     TS     runpoint      46     runisomer      147
6 -0.1541432 0.7452272 0.0338457
1 -0.7659228 1.0999535 0.8814149
1 0.2874350 1.1181907 -1.0444808
1 0.0245799 -1.4850009 -0.4369827
8 0.1162418 -0.7424403 0.0124335
5
-114.647     ts77     dynamics     sesquiterpene     TS     runpoint      47     runisomer      147
6 -0.1506782 0.7375342 0.0245416
1 -0.7639037 1.0497574 0.9029664
1 0.2852384 1.1602654 -1.0133802
1 0.0063061 -1.4445105 -0.3914130
8 0.1148050 -0.7387112 0.0132275
5
-114.636     ts77     dynamics     sesquiterpene     TS     runpoint      48     runisomer      147
6 -0.1461263 0.7266415 0.0126401
1 -0.7545222 0.9996891 0.9112758
1 0.2672981 1.2005748 -0.9520014
1 -0.0364631 -1.4958537 -0.4173967
8 0.1146241 -0.7266923 0.0194061
5
-114.67     ts77     dynamics     sesquiterpene     TS     runpoint      49     runisomer      147
6 -0.1411513 0.7127190 -0.0007656
1 -0.7370952 0.9523003 0.9054167
1 0.2377692 1.2393624 -0.8694752
1 -0.0940462 -1.5697933 -0.4742052
8 0.1152826 -0.7110481 0.0282146
5
-114.683     ts77     dynamics     sesquiterpene     TS     runpoint      50     runisomer      147
6 -0.1366071 0.6956972 -0.0141932
1 -0.7129803 0.9105844 0.8875576
1 0.2044619 1.2815327 -0.7825692
1 -0.1539224 -1.6120914 -0.5297190
8 0.1162266 -0.6956435 0.0374385
5
-114.674     ts77     dynamics     sesquiterpene     TS     runpoint      51     runisomer      147
6 -0.1333476 0.6751569 -0.0260611
1 -0.6857524 0.8775399 0.8632920
1 0.1773696 1.3369660 -0.7118262
1 -0.2091898 -1.6070536 -0.5723976
8 0.1172567 -0.6819652 0.0461069
5
-114.667     ts77     dynamics     sesquiterpene     TS     runpoint      52     runisomer      147
6 -0.1317219 0.6512267 -0.0358561
1 -0.6608238 0.8558759 0.8411610
1 0.1623279 1.4108580 -0.6672698
1 -0.2558624 -1.5539734 -0.5983766
8 0.1183561 -0.6706498 0.0536830
5
-114.669     ts77     dynamics     sesquiterpene     TS     runpoint      53     runisomer      147
6 -0.1314712 0.6257574 -0.0445217
1 -0.6435417 0.8476770 0.8299207
1 0.1576255 1.4921409 -0.6418926
1 -0.2907829 -1.4565532 -0.6057051
8 0.1195766 -0.6622878 0.0597588
5
-114.677     ts77     dynamics     sesquiterpene     TS     runpoint      54     runisomer      147
6 -0.1324587 0.6017156 -0.0530045
1 -0.6360320 0.8536602 0.8335067
1 0.1595015 1.5619513 -0.6246913
1 -0.3116536 -1.3220631 -0.5940747
8 0.1210433 -0.6575043 0.0640837
5
-114.682     ts77     dynamics     sesquiterpene     TS     runpoint      55     runisomer      147
6 -0.1350587 0.5819996 -0.0612940
1 -0.6359178 0.8722557 0.8483377
1 0.1661634 1.6062425 -0.6093406
1 -0.3210029 -1.1672519 -0.5705356
8 0.1231566 -0.6564317 0.0669212
5
-114.675     ts77     dynamics     sesquiterpene     TS     runpoint      56     runisomer      147
6 -0.1398375 0.5689087 -0.0686721
1 -0.6385898 0.8997402 0.8663371
1 0.1775252 1.6180870 -0.5936225
1 -0.3359354 -1.0250866 -0.5621236
8 0.1271365 -0.6580488 0.0698049
5
-114.656     ts77     dynamics     sesquiterpene     TS     runpoint      57     runisomer      147
6 -0.1471420 0.5639782 -0.0742431
1 -0.6401815 0.9315647 0.8797892
1 0.1941126 1.5957967 -0.5775577
1 -0.3831351 -0.9250660 -0.6059566
8 0.1346472 -0.6612554 0.0748899
5
-114.658     ts77     dynamics     sesquiterpene     TS     runpoint      58     runisomer      147
6 -0.1569997 0.5676999 -0.0772772
1 -0.6387903 0.9637134 0.8838678
1 0.2166761 1.5419404 -0.5627522
1 -0.4506425 -0.8588440 -0.6849162
8 0.1447880 -0.6668545 0.0809550
5
-114.667     ts77     dynamics     sesquiterpene     TS     runpoint      59     runisomer      147
6 -0.1692543 0.5791310 -0.0773118
1 -0.6342719 0.9933893 0.8768960
1 0.2468065 1.4642044 -0.5527445
1 -0.5083139 -0.8130771 -0.7589750
8 0.1554332 -0.6752894 0.0854598
5
-114.667     ts77     dynamics     sesquiterpene     TS     runpoint      60     runisomer      147
6 -0.1837473 0.5959655 -0.0740323
1 -0.6277712 1.0194331 0.8599821
1 0.2885063 1.3770006 -0.5539497
1 -0.5407775 -0.7824149 -0.8077655
8 0.1653159 -0.6859998 0.0872189
5
-114.664     ts77     dynamics     sesquiterpene     TS     runpoint      61     runisomer      147
6 -0.2003631 0.6152906 -0.0672800
1 -0.6214561 1.0427301 0.8369934
1 0.3484311 1.2979679 -0.5745926
1 -0.5431893 -0.7646987 -0.8244889
8 0.1737615 -0.6981048 0.0859601
5
-114.667     ts77     dynamics     sesquiterpene     TS     runpoint      62     runisomer      147
6 -0.2184361 0.6350246 -0.0576699
1 -0.6183631 1.0664759 0.8148660
1 0.4284752 1.2348279 -0.6169340
1 -0.5150069 -0.7597140 -0.8081589
8 0.1803088 -0.7107441 0.0817870
5
-114.678     ts77     dynamics     sesquiterpene     TS     runpoint      63     runisomer      147
6 -0.2361200 0.6544582 -0.0470253
1 -0.6217669 1.0955358 0.8027037
1 0.5168561 1.1811073 -0.6706949
1 -0.4583480 -0.7690975 -0.7618109
8 0.1846539 -0.7231803 0.0750380
5
-114.686     ts77     dynamics     sesquiterpene     TS     runpoint      64     runisomer      147
6 -0.2512654 0.6732824 -0.0373332
1 -0.6332970 1.1338034 0.8072621
1 0.5955866 1.1295623 -0.7209806
1 -0.3809510 -0.7958781 -0.6964779
8 0.1869079 -0.7347806 0.0665354
5
-114.683     ts77     dynamics     sesquiterpene     TS     runpoint      65     runisomer      147
6 -0.2625705 0.6911772 -0.0295842
1 -0.6508630 1.1807388 0.8273431
1 0.6513122 1.0787345 -0.7571505
1 -0.3048258 -0.8442316 -0.6429320
8 0.1881915 -0.7449173 0.0583650
5
-114.662     ts77     dynamics     sesquiterpene     TS     runpoint      66     runisomer      147
6 -0.2697078 0.7078548 -0.0238122
1 -0.6692269 1.2309948 0.8542974
1 0.6772200 1.0307831 -0.7737966
1 -0.2669045 -0.9211701 -0.6547825
8 0.1906843 -0.7527292 0.0541357
5
-114.657     ts77     dynamics     sesquiterpene     TS     runpoint      67     runisomer      147
6 -0.2728993 0.7230303 -0.0197364
1 -0.6827590 1.2774997 0.8779247
1 0.6712329 0.9891763 -0.7689976
1 -0.2658883 -1.0264858 -0.7325885
8 0.1942463 -0.7577889 0.0541938
5
-114.669     ts77     dynamics     sesquiterpene     TS     runpoint      68     runisomer      147
6 -0.2726143 0.7364676 -0.0170651
1 -0.6874504 1.3143411 0.8907685
1 0.6348324 0.9577222 -0.7435359
1 -0.2664078 -1.1395706 -0.8176504
8 0.1966566 -0.7610868 0.0551409
5
-114.664     ts77     dynamics     sesquiterpene     TS     runpoint      69     runisomer      147
6 -0.2695608 0.7479197 -0.0154083
1 -0.6814363 1.3377690 0.8890721
1 0.5739747 0.9404427 -0.7019384
1 -0.2517488 -1.2410546 -0.8751903
8 0.1969013 -0.7636738 0.0550144
5
-114.654     ts77     dynamics     sesquiterpene     TS     runpoint      70     runisomer      147
6 -0.2649746 0.7569537 -0.0139909
1 -0.6648880 1.3462962 0.8726027
1 0.5027308 0.9421252 -0.6556629
1 -0.2191492 -1.3198044 -0.8939542
8 0.1948549 -0.7661350 0.0532598
5
-114.645     ts77     dynamics     sesquiterpene     TS     runpoint      71     runisomer      147
6 -0.2608879 0.7627626 -0.0114287
1 -0.6399936 1.3408723 0.8449440
1 0.4465655 0.9691373 -0.6263260
1 -0.1704907 -1.3695625 -0.8721462
8 0.1906955 -0.7687199 0.0498626
5
-114.64     ts77     dynamics     sesquiterpene     TS     runpoint      72     runisomer      147
6 -0.2590719 0.7641970 -0.0066455
1 -0.6111750 1.3254120 0.8146151
1 0.4300001 1.0277061 -0.6361821
1 -0.1093229 -1.3867524 -0.8121924
8 0.1847100 -0.7714309 0.0450336
5
-114.655     ts77     dynamics     sesquiterpene     TS     runpoint      73     runisomer      147
6 -0.2585475 0.7605235 -0.0012042
1 -0.5847700 1.3069437 0.7954923
1 0.4467598 1.1147626 -0.6811726
1 -0.0411559 -1.3719850 -0.7224909
8 0.1773042 -0.7739291 0.0393441
5
-114.675     ts77     dynamics     sesquiterpene     TS     runpoint      74     runisomer      147
6 -0.2566253 0.7519379 0.0015534
1 -0.5663323 1.2926388 0.8016730
1 0.4696125 1.2154348 -0.7360746
1 0.0245251 -1.3387970 -0.6274188
8 0.1691234 -0.7750218 0.0343597
5
-114.667     ts77     dynamics     sesquiterpene     TS     runpoint      75     runisomer      147
6 -0.2517129 0.7392965 -0.0003355
1 -0.5563103 1.2830893 0.8364234
1 0.4794379 1.3138359 -0.7808392
1 0.0746293 -1.3292284 -0.5816979
8 0.1610321 -0.7717407 0.0335319
5
-114.65     ts77     dynamics     sesquiterpene     TS     runpoint      76     runisomer      147
6 -0.2436827 0.7239368 -0.0067037
1 -0.5498253 1.2708225 0.8887265
1 0.4688405 1.3986487 -0.8059011
1 0.1074357 -1.3763648 -0.6225944
8 0.1532011 -0.7618196 0.0391744
5
-114.668     ts77     dynamics     sesquiterpene     TS     runpoint      77     runisomer      147
6 -0.2330995 0.7072757 -0.0163730
1 -0.5410193 1.2470952 0.9425078
1 0.4368848 1.4627222 -0.8081764
1 0.1330161 -1.4349510 -0.6996807
8 0.1451092 -0.7481723 0.0480440
5
-114.671     ts77     dynamics     sesquiterpene     TS     runpoint      78     runisomer      147
6 -0.2206677 0.6904522 -0.0280863
1 -0.5260542 1.2067889 0.9848857
1 0.3856637 1.5015560 -0.7880018
1 0.1547197 -1.4655816 -0.7688322
8 0.1366996 -0.7335284 0.0572517
5
-114.665     ts77     dynamics     sesquiterpene     TS     runpoint      79     runisomer      147
6 -0.2070862 0.6742581 -0.0407307
1 -0.5034525 1.1487972 1.0081113
1 0.3191350 1.5127543 -0.7481447
1 0.1725971 -1.4552195 -0.8125955
8 0.1281529 -0.7190840 0.0655259
5
-114.668     ts77     dynamics     sesquiterpene     TS     runpoint      80     runisomer      147
6 -0.1931055 0.6591322 -0.0532301
1 -0.4735813 1.0750917 1.0090072
1 0.2432775 1.4970772 -0.6944321
1 0.1863460 -1.4024805 -0.8249191
8 0.1196968 -0.7054281 0.0722434
5
-114.682     ts77     dynamics     sesquiterpene     TS     runpoint      81     runisomer      147
6 -0.1796291 0.6449735 -0.0643514
1 -0.4382892 0.9902283 0.9887842
1 0.1668769 1.4616642 -0.6377345
1 0.1959582 -1.3109735 -0.8043856
8 0.1115719 -0.6929940 0.0769988
5
-114.696     ts77     dynamics     sesquiterpene     TS     runpoint      82     runisomer      147
6 -0.1677110 0.6307940 -0.0725926
1 -0.4008915 0.9014330 0.9539408
1 0.1015389 1.4245577 -0.5959527
1 0.2022156 -1.1901515 -0.7558550
8 0.1039982 -0.6820363 0.0796916
5
-114.697     ts77     dynamics     sesquiterpene     TS     runpoint      83     runisomer      147
6 -0.1582181 0.6150479 -0.0766289
1 -0.3661878 0.8187124 0.9176268
1 0.0574738 1.4111683 -0.5897383
1 0.2083640 -1.0616388 -0.7018303
8 0.0970796 -0.6722647 0.0812170
