5
-114.654160 ts77 dynamics sesquiterpene TS runpoint 1  runisomer  117
6 -0.0240616 0.6602105 0.0178287
1 -0.3338753 1.2347751 0.9417696
1 -0.2816927 1.1497053 -1.0307109
1 1.0063801 -0.0823134 -0.0686535
8 -0.0345279 -0.7774521 -0.0034466
5
-114.643 ts77 dynamics sesquiterpene TS runpoint 2  runisomer  117
6 -0.0308778 0.655631 0.0162346
1 -0.33021 1.28717 0.935441
1 -0.240946 1.12977 -0.966943
1 1.05871 -0.0682032 -0.0902953
8 -0.0355095 -0.776951 -0.00450638
5
-114.643     ts77     dynamics     sesquiterpene     TS     runpoint      3     runisomer      117
6 -0.0370268 0.6504281 0.0144791
1 -0.3207945 1.3250724 0.9167259
1 -0.1996155 1.1075451 -0.8961517
1 1.0992503 -0.0437713 -0.1084430
8 -0.0366482 -0.7755761 -0.0053257
5
-114.638     ts77     dynamics     sesquiterpene     TS     runpoint      4     runisomer      117
6 -0.0414052 0.6436661 0.0145773
1 -0.3057500 1.3454086 0.8867364
1 -0.1636147 1.0946437 -0.8454093
1 1.1244886 -0.0042100 -0.1217750
8 -0.0381697 -0.7734652 -0.0058670
5
-114.631     ts77     dynamics     sesquiterpene     TS     runpoint      5     runisomer      117
6 -0.0430800 0.6342362 0.0182274
1 -0.2862768 1.3477508 0.8498517
1 -0.1372168 1.1031010 -0.8411535
1 1.1340721 0.0549363 -0.1291313
8 -0.0404074 -0.7707985 -0.0060862
5
-114.637     ts77     dynamics     sesquiterpene     TS     runpoint      6     runisomer      117
6 -0.0415582 0.6220595 0.0245263
1 -0.2646033 1.3347745 0.8135081
1 -0.1203218 1.1311816 -0.8819495
1 1.1298339 0.1370449 -0.1294191
8 -0.0437114 -0.7677906 -0.0059333
5
-114.652     ts77     dynamics     sesquiterpene     TS     runpoint      7     runisomer      117
6 -0.0366207 0.6080702 0.0303964
1 -0.2438802 1.3123856 0.7871634
1 -0.1112394 1.1644706 -0.9422610
1 1.1147798 0.2432363 -0.1217282
8 -0.0483436 -0.7646746 -0.0053616
5
-114.663     ts77     dynamics     sesquiterpene     TS     runpoint      8     runisomer      117
6 -0.0282509 0.5932043 0.0331225
1 -0.2278135 1.2879978 0.7795303
1 -0.1092501 1.1902374 -0.9990322
1 1.0931983 0.3712947 -0.1058713
8 -0.0544009 -0.7616799 -0.0043493
5
-114.669     ts77     dynamics     sesquiterpene     TS     runpoint      9     runisomer      117
6 -0.0169002 0.5783915 0.0314466
1 -0.2198189 1.2662565 0.7943423
1 -0.1141990 1.2018342 -1.0395603
1 1.0722883 0.5154120 -0.0830513
8 -0.0617909 -0.7590109 -0.0029088
5
-114.674     ts77     dynamics     sesquiterpene     TS     runpoint      10     runisomer      117
6 -0.0035665 0.5648153 0.0255077
1 -0.2221064 1.2458055 0.8277199
1 -0.1258611 1.1966501 -1.0582505
1 1.0619374 0.6680850 -0.0557486
8 -0.0702628 -0.7568318 -0.0010987
5
-114.679     ts77     dynamics     sesquiterpene     TS     runpoint      11     runisomer      117
6 0.0108196 0.5536813 0.0162758
1 -0.2353064 1.2212615 0.8703450
1 -0.1437853 1.1741473 -1.0534239
1 1.0678242 0.8226169 -0.0263730
8 -0.0794664 -0.7552540 0.0009866
5
-114.654160 ts77 dynamics sesquiterpene TS runpoint 1  runisomer  117
6 -0.0240616 0.6602105 0.0178287
1 -0.3338753 1.2347751 0.9417696
1 -0.2816927 1.1497053 -1.0307109
1 1.0063801 -0.0823134 -0.0686535
8 -0.0345279 -0.7774521 -0.0034466
5
-114.643 ts77 dynamics sesquiterpene TS runpoint 2  runisomer  117
6 -0.0176042 0.664561 0.0179001
1 -0.332876 1.1733 0.938197
1 -0.317165 1.16134 -1.07157
1 0.949464 -0.0911592 -0.0450082
8 -0.0336147 -0.777018 -0.0021901
5
-114.64     ts77     dynamics     sesquiterpene     TS     runpoint      3     runisomer      117
6 -0.0123903 0.6687791 0.0155116
1 -0.3295971 1.1099429 0.9309966
1 -0.3442869 1.1625152 -1.0823676
1 0.8985405 -0.1001235 -0.0207836
8 -0.0328159 -0.7757007 -0.0007901
5
-114.636     ts77     dynamics     sesquiterpene     TS     runpoint      4     runisomer      117
6 -0.0091114 0.6729021 0.0099539
1 -0.3272562 1.0522794 0.9288630
1 -0.3612844 1.1531882 -1.0611966
1 0.8651227 -0.1146361 0.0030975
8 -0.0322468 -0.7736599 0.0006764
5
-114.636     ts77     dynamics     sesquiterpene     TS     runpoint      5     runisomer      117
6 -0.0081765 0.6769647 0.0010068
1 -0.3283123 1.0058628 0.9385626
1 -0.3677576 1.1349094 -1.0104665
1 0.8571025 -0.1393790 0.0265627
8 -0.0319684 -0.7710738 0.0021028
5
-114.641     ts77     dynamics     sesquiterpene     TS     runpoint      6     runisomer      117
6 -0.0096359 0.6808452 -0.0104643
1 -0.3326188 0.9726980 0.9599063
1 -0.3656772 1.1117206 -0.9388586
1 0.8746508 -0.1778966 0.0501694
8 -0.0318390 -0.7680085 0.0033659
5
-114.649     ts77     dynamics     sesquiterpene     TS     runpoint      7     runisomer      117
6 -0.0130607 0.6839723 -0.0221028
1 -0.3375152 0.9521933 0.9857345
1 -0.3616555 1.0924152 -0.8659356
1 0.9098712 -0.2335772 0.0744279
8 -0.0314339 -0.7643402 0.0043482
5
-114.649     ts77     dynamics     sesquiterpene     TS     runpoint      8     runisomer      117
6 -0.0174941 0.6852268 -0.0303928
1 -0.3397697 0.9430951 1.0069605
1 -0.3685200 1.0917144 -0.8232385
1 0.9502631 -0.3107918 0.0993481
8 -0.0300792 -0.7598006 0.0049702
5
-114.648     ts77     dynamics     sesquiterpene     TS     runpoint      9     runisomer      117
6 -0.0221431 0.6837912 -0.0328568
1 -0.3372205 0.9443994 1.0171160
1 -0.3971548 1.1206915 -0.8329153
1 0.9831853 -0.4140489 0.1244767
8 -0.0270222 -0.7541278 0.0052052
5
-114.664     ts77     dynamics     sesquiterpene     TS     runpoint      10     runisomer      117
6 -0.0274682 0.6804306 -0.0305657
1 -0.3292717 0.9553753 1.0139705
1 -0.4422131 1.1710119 -0.8794840
1 0.9991258 -0.5449820 0.1490641
8 -0.0216931 -0.7472217 0.0050693
5
-114.685     ts77     dynamics     sesquiterpene     TS     runpoint      11     runisomer      117
6 -0.0343710 0.6766014 -0.0262101
1 -0.3166911 0.9754808 0.9991020
1 -0.4898533 1.2242367 -0.9320123
1 0.9936546 -0.6996453 0.1722536
8 -0.0139601 -0.7392266 0.0045861
5
-114.698     ts77     dynamics     sesquiterpene     TS     runpoint      12     runisomer      117
6 -0.0431161 0.6731860 -0.0218250
1 -0.3011805 1.0043985 0.9770437
1 -0.5301283 1.2665018 -0.9701126
1 0.9680301 -0.8690112 0.1934676
8 -0.0042238 -0.7304815 0.0037497
5
-114.701     ts77     dynamics     sesquiterpene     TS     runpoint      13     runisomer      117
6 -0.0533560 0.6704641 -0.0186311
1 -0.2847473 1.0419527 0.9541010
1 -0.5581182 1.2901551 -0.9847942
1 0.9266187 -1.0420453 0.2125198
8 0.0067960 -0.7213974 0.0025240
5
-114.698     ts77     dynamics     sesquiterpene     TS     runpoint      14     runisomer      117
6 -0.0645139 0.6684532 -0.0172661
1 -0.2687849 1.0875723 0.9360946
1 -0.5718802 1.2914331 -0.9736273
1 0.8715738 -1.2072860 0.2289656
8 0.0184970 -0.7124349 0.0008948
5
-114.694     ts77     dynamics     sesquiterpene     TS     runpoint      15     runisomer      117
6 -0.0760696 0.6671718 -0.0177747
1 -0.2533117 1.1392549 0.9256033
1 -0.5713031 1.2690903 -0.9382040
1 0.8016339 -1.3523585 0.2417609
8 0.0305621 -0.7041851 -0.0011001
5
-114.689     ts77     dynamics     sesquiterpene     TS     runpoint      16     runisomer      117
6 -0.0876024 0.6666792 -0.0195111
1 -0.2370707 1.1929290 0.9209731
1 -0.5583463 1.2246058 -0.8842736
1 0.7160489 -1.4655149 0.2500839
8 0.0427667 -0.6972677 -0.0034281
5
-114.684     ts77     dynamics     sesquiterpene     TS     runpoint      17     runisomer      117
6 -0.0985769 0.6668215 -0.0210508
1 -0.2184672 1.2431783 0.9180964
1 -0.5388519 1.1641386 -0.8245096
1 0.6167033 -1.5384653 0.2541489
8 0.0548603 -0.6921382 -0.0061130
5
-114.676     ts77     dynamics     sesquiterpene     TS     runpoint      18     runisomer      117
6 -0.1080429 0.6668402 -0.0200639
1 -0.1964844 1.2848839 0.9129015
1 -0.5253245 1.1011802 -0.7826759
1 0.5074793 -1.5683454 0.2555524
8 0.0666063 -0.6889329 -0.0092504
5
-114.664     ts77     dynamics     sesquiterpene     TS     runpoint      19     runisomer      117
6 -0.1148256 0.6655736 -0.0139209
1 -0.1710247 1.3145232 0.9027926
1 -0.5342038 1.0524105 -0.7881127
1 0.3937737 -1.5606523 0.2579772
8 0.0778139 -0.6872656 -0.0130315
5
-114.664     ts77     dynamics     sesquiterpene     TS     runpoint      20     runisomer      117
6 -0.1189244 0.6628735 -0.0023528
1 -0.1427441 1.3307766 0.8874045
1 -0.5688478 1.0206473 -0.8451553
1 0.2822040 -1.5339933 0.2687931
8 0.0883190 -0.6859459 -0.0178287
5
-114.673     ts77     dynamics     sesquiterpene     TS     runpoint      21     runisomer      117
6 -0.1218941 0.6596253 0.0117700
1 -0.1126320 1.3348919 0.8690779
1 -0.6144370 0.9948323 -0.9240403
1 0.1764203 -1.5177951 0.2994654
8 0.0981875 -0.6831652 -0.0242325
5
-114.677     ts77     dynamics     sesquiterpene     TS     runpoint      22     runisomer      117
6 -0.1253345 0.6563255 0.0253258
1 -0.0815295 1.3307490 0.8525303
1 -0.6558788 0.9674001 -0.9942456
1 0.0709406 -1.5251679 0.3572866
8 0.1080671 -0.6782387 -0.0325811
5
-114.678     ts77     dynamics     sesquiterpene     TS     runpoint      23     runisomer      117
6 -0.1302722 0.6529187 0.0362794
1 -0.0497124 1.3238909 0.8434053
1 -0.6851161 0.9372779 -1.0387574
1 -0.0406528 -1.5340398 0.4343742
8 0.1186397 -0.6727967 -0.0422771
5
-114.676     ts77     dynamics     sesquiterpene     TS     runpoint      24     runisomer      117
6 -0.1372786 0.6491920 0.0435578
1 -0.0168352 1.3189966 0.8455405
1 -0.6990297 0.9064435 -1.0504576
1 -0.1558080 -1.5177559 0.5151455
8 0.1299579 -0.6687788 -0.0522255
5
-114.674     ts77     dynamics     sesquiterpene     TS     runpoint      25     runisomer      117
6 -0.1465765 0.6451112 0.0468668
1 0.0174711 1.3171578 0.8582835
1 -0.6971330 0.8778725 -1.0277511
1 -0.2667622 -1.4644988 0.5864032
8 0.1416434 -0.6671602 -0.0614332
5
-114.677     ts77     dynamics     sesquiterpene     TS     runpoint      26     runisomer      117
6 -0.1580263 0.6409249 0.0466031
1 0.0527924 1.3155453 0.8763536
1 -0.6809760 0.8550206 -0.9732966
1 -0.3650764 -1.3740722 0.6390572
8 0.1531831 -0.6681788 -0.0691233
5
-114.685     ts77     dynamics     sesquiterpene     TS     runpoint      27     runisomer      117
6 -0.1710475 0.6369956 0.0438605
1 0.0877370 1.3097187 0.8924918
1 -0.6553220 0.8421741 -0.8961631
1 -0.4432045 -1.2524516 0.6671551
8 0.1640562 -0.6717210 -0.0747136
5
-114.691     ts77     dynamics     sesquiterpene     TS     runpoint      28     runisomer      117
6 -0.1844436 0.6334862 0.0406870
1 0.1204516 1.2961640 0.9004122
1 -0.6310002 0.8455155 -0.8172666
1 -0.4953373 -1.1094123 0.6676059
8 0.1737957 -0.6774602 -0.0778321
5
-114.688     ts77     dynamics     sesquiterpene     TS     runpoint      29     runisomer      117
6 -0.1963688 0.6301009 0.0401109
1 0.1493875 1.2735812 0.8965686
1 -0.6258545 0.8739922 -0.7710560
1 -0.5192259 -0.9579720 0.6415136
8 0.1820991 -0.6848369 -0.0784259
5
-114.683     ts77     dynamics     sesquiterpene     TS     runpoint      30     runisomer      117
6 -0.2055147 0.6264619 0.0439251
1 0.1741362 1.2432785 0.8811149
1 -0.6514513 0.9338849 -0.7798796
1 -0.5197528 -0.8136575 0.5970437
8 0.1890457 -0.6930675 -0.0769563
5
-114.687     ts77     dynamics     sesquiterpene     TS     runpoint      31     runisomer      117
6 -0.2126061 0.6231597 0.0500222
1 0.1961255 1.2092208 0.8582166
1 -0.6962758 1.0169330 -0.8230752
1 -0.5124118 -0.6914919 0.5513592
8 0.1953410 -0.7013785 -0.0744877
5
-114.682     ts77     dynamics     sesquiterpene     TS     runpoint      32     runisomer      117
6 -0.2191220 0.6213650 0.0549961
1 0.2185899 1.1774727 0.8349486
1 -0.7413131 1.1061003 -0.8672232
1 -0.5185708 -0.6007639 0.5244650
8 0.2020387 -0.7093707 -0.0722782
5
-114.664     ts77     dynamics     sesquiterpene     TS     runpoint      33     runisomer      117
6 -0.2260234 0.6217944 0.0566866
1 0.2454299 1.1543395 0.8184474
1 -0.7748730 1.1877274 -0.8929586
1 -0.5484923 -0.5437641 0.5241114
8 0.2095245 -0.7169744 -0.0708635
5
-114.65     ts77     dynamics     sesquiterpene     TS     runpoint      34     runisomer      117
6 -0.2336834 0.6245029 0.0544508
1 0.2787815 1.1433238 0.8118454
1 -0.7919668 1.2535706 -0.8930389
1 -0.5954228 -0.5188850 0.5428672
8 0.2172047 -0.7240325 -0.0699482
5
-114.645     ts77     dynamics     sesquiterpene     TS     runpoint      35     runisomer      117
6 -0.2420064 0.6291841 0.0488409
1 0.3168260 1.1433149 0.8121644
1 -0.7911767 1.2989496 -0.8664306
1 -0.6467653 -0.5208684 0.5688543
8 0.2242382 -0.7302830 -0.0690740
5
-114.644     ts77     dynamics     sesquiterpene     TS     runpoint      36     runisomer      117
6 -0.2505457 0.6354845 0.0410685
1 0.3543978 1.1500453 0.8127246
1 -0.7732131 1.3215194 -0.8156660
1 -0.6912981 -0.5424712 0.5920496
8 0.2299522 -0.7354992 -0.0679390
5
-114.644     ts77     dynamics     sesquiterpene     TS     runpoint      37     runisomer      117
6 -0.2586017 0.6430789 0.0325367
1 0.3856655 1.1588442 0.8072501
1 -0.7411080 1.3216757 -0.7470020
1 -0.7203073 -0.5779234 0.6053626
8 0.2338308 -0.7395305 -0.0663583
5
-114.646     ts77     dynamics     sesquiterpene     TS     runpoint      38     runisomer      117
6 -0.2651795 0.6514416 0.0247712
1 0.4063051 1.1662580 0.7921672
1 -0.7018425 1.3051378 -0.6728493
1 -0.7270398 -0.6248631 0.6041630
8 0.2354157 -0.7422766 -0.0641778
5
-114.645     ts77     dynamics     sesquiterpene     TS     runpoint      39     runisomer      117
6 -0.2688665 0.6594128 0.0196521
1 0.4144609 1.1705040 0.7670427
1 -0.6685539 1.2871999 -0.6149984
1 -0.7063254 -0.6843113 0.5857483
8 0.2342653 -0.7436528 -0.0612393
5
-114.644     ts77     dynamics     sesquiterpene     TS     runpoint      40     runisomer      117
6 -0.2681450 0.6652525 0.0190962
1 0.4111584 1.1716354 0.7343925
1 -0.6577854 1.2901728 -0.5999454
1 -0.6556285 -0.7591092 0.5496017
8 0.2300581 -0.7435840 -0.0574353
5
-114.655     ts77     dynamics     sesquiterpene     TS     runpoint      41     runisomer      117
6 -0.2627876 0.6683726 0.0231813
1 0.4007087 1.1719185 0.6995454
1 -0.6745653 1.3201736 -0.6352453
1 -0.5794588 -0.8515867 0.4996823
8 0.2229544 -0.7420096 -0.0529340
5
-114.678     ts77     dynamics     sesquiterpene     TS     runpoint      42     runisomer      117
6 -0.2544436 0.6699495 0.0295178
1 0.3906320 1.1761159 0.6700683
1 -0.7065334 1.3572130 -0.7003442
1 -0.4983628 -0.9636469 0.4499151
8 0.2142319 -0.7387342 -0.0485928
5
-114.685     ts77     dynamics     sesquiterpene     TS     runpoint      43     runisomer      117
6 -0.2452069 0.6708268 0.0355191
1 0.3894074 1.1901179 0.6533128
1 -0.7390876 1.3801902 -0.7707786
1 -0.4491631 -1.1027789 0.4245056
8 0.2063289 -0.7329587 -0.0460001
5
-114.687     ts77     dynamics     sesquiterpene     TS     runpoint      44     runisomer      117
6 -0.2365285 0.6710493 0.0397873
1 0.4014907 1.2168914 0.6519304
1 -0.7631646 1.3785150 -0.8308871
1 -0.4364306 -1.2701296 0.4248866
8 0.1997700 -0.7241662 -0.0453514
5
-114.693     ts77     dynamics     sesquiterpene     TS     runpoint      45     runisomer      117
6 -0.2289283 0.6707130 0.0421055
1 0.4238790 1.2531504 0.6614844
1 -0.7742807 1.3491912 -0.8723696
1 -0.4264212 -1.4365497 0.4249030
8 0.1927248 -0.7138686 -0.0450791
5
-114.683     ts77     dynamics     sesquiterpene     TS     runpoint      46     runisomer      117
6 -0.2222751 0.6701713 0.0428672
1 0.4488171 1.2912156 0.6737307
1 -0.7706691 1.2931588 -0.8911810
1 -0.4010207 -1.5728824 0.4098221
8 0.1843329 -0.7037444 -0.0442853
5
-114.669     ts77     dynamics     sesquiterpene     TS     runpoint      47     runisomer      117
6 -0.2162379 0.6697084 0.0425712
1 0.4687452 1.3233595 0.6813607
1 -0.7524793 1.2138492 -0.8862236
1 -0.3583253 -1.6643318 0.3775277
8 0.1747104 -0.6946666 -0.0428203
5
-114.663     ts77     dynamics     sesquiterpene     TS     runpoint      48     runisomer      117
6 -0.2104736 0.6692980 0.0417560
1 0.4787258 1.3442415 0.6799294
1 -0.7221659 1.1174495 -0.8602522
1 -0.3017582 -1.7049369 0.3304911
8 0.1642804 -0.6870472 -0.0407899
5
-114.665     ts77     dynamics     sesquiterpene     TS     runpoint      49     runisomer      117
6 -0.2045654 0.6685237 0.0412943
1 0.4767893 1.3513725 0.6676805
1 -0.6860940 1.0140186 -0.8231577
1 -0.2355079 -1.6921748 0.2721551
8 0.1535195 -0.6812068 -0.0383324
5
-114.673     ts77     dynamics     sesquiterpene     TS     runpoint      50     runisomer      117
6 -0.1978646 0.6666039 0.0427220
1 0.4638408 1.3450921 0.6451428
1 -0.6563263 0.9173664 -0.7957066
1 -0.1641914 -1.6271496 0.2066573
8 0.1429380 -0.6773822 -0.0355848
5
-114.679     ts77     dynamics     sesquiterpene     TS     runpoint      51     runisomer      117
6 -0.1897944 0.6627094 0.0476071
1 0.4439496 1.3289833 0.6154183
1 -0.6467602 0.8397298 -0.8027035
1 -0.0959495 -1.5260970 0.1412752
8 0.1332319 -0.6749247 -0.0328156
5
-114.673     ts77     dynamics     sesquiterpene     TS     runpoint      52     runisomer      117
6 -0.1810189 0.6563885 0.0553683
1 0.4249942 1.3105998 0.5849020
1 -0.6596402 0.7847109 -0.8476331
1 -0.0487788 -1.4514075 0.0906615
8 0.1256808 -0.6702689 -0.0306956
5
-114.645     ts77     dynamics     sesquiterpene     TS     runpoint      53     runisomer      117
6 -0.1736106 0.6474002 0.0630878
1 0.4176411 1.3005888 0.5622191
1 -0.6835576 0.7508760 -0.9081549
1 -0.0418040 -1.4977859 0.0679018
8 0.1216523 -0.6578447 -0.0298111
5
-114.658     ts77     dynamics     sesquiterpene     TS     runpoint      54     runisomer      117
6 -0.1695615 0.6360411 0.0681884
1 0.4294747 1.3068424 0.5529722
1 -0.7067433 0.7373059 -0.9611729
1 -0.0589636 -1.6044595 0.0604483
8 0.1204083 -0.6421455 -0.0292445
5
-114.659     ts77     dynamics     sesquiterpene     TS     runpoint      55     runisomer      117
6 -0.1696786 0.6236538 0.0697865
1 0.4583143 1.3269299 0.5546786
1 -0.7226525 0.7432562 -0.9937741
1 -0.0842964 -1.6886525 0.0587466
8 0.1212742 -0.6291938 -0.0283911
5
-114.643     ts77     dynamics     sesquiterpene     TS     runpoint      56     runisomer      117
6 -0.1737264 0.6121740 0.0681854
1 0.4942834 1.3500999 0.5596324
1 -0.7287067 0.7671224 -1.0006954
1 -0.1129063 -1.7219673 0.0606851
8 0.1242250 -0.6214514 -0.0271877
5
-114.635     ts77     dynamics     sesquiterpene     TS     runpoint      57     runisomer      117
6 -0.1810796 0.6032970 0.0640177
1 0.5270632 1.3654815 0.5608207
1 -0.7245626 0.8063134 -0.9810081
1 -0.1435967 -1.6995442 0.0657867
8 0.1293462 -0.6196477 -0.0256991
5
-114.642     ts77     dynamics     sesquiterpene     TS     runpoint      58     runisomer      117
6 -0.1910833 0.5981683 0.0579805
1 0.5497403 1.3661875 0.5539412
1 -0.7114459 0.8575629 -0.9372481
1 -0.1753317 -1.6231842 0.0729833
8 0.1365916 -0.6238907 -0.0239470
5
-114.665     ts77     dynamics     sesquiterpene     TS     runpoint      59     runisomer      117
6 -0.2029539 0.5972099 0.0509241
1 0.5588376 1.3493682 0.5372912
1 -0.6927892 0.9175300 -0.8763487
1 -0.2088591 -1.5041850 0.0811754
8 0.1458589 -0.6333948 -0.0219570
5
-114.687     ts77     dynamics     sesquiterpene     TS     runpoint      60     runisomer      117
6 -0.2155915 0.5999508 0.0440067
1 0.5536736 1.3155323 0.5117054
1 -0.6754120 0.9841052 -0.8110989
1 -0.2564433 -1.3814562 0.0924058
8 0.1575661 -0.6452533 -0.0199744
5
-114.686     ts77     dynamics     sesquiterpene     TS     runpoint      61     runisomer      117
6 -0.2277540 0.6051927 0.0385586
1 0.5369359 1.2686381 0.4806354
1 -0.6688792 1.0577726 -0.7584118
1 -0.3541621 -1.3210303 0.1147800
8 0.1734875 -0.6546855 -0.0186579
5
-114.695     ts77     dynamics     sesquiterpene     TS     runpoint      62     runisomer      117
6 -0.2387627 0.6116197 0.0352545
1 0.5161898 1.2168601 0.4502936
1 -0.6804274 1.1392145 -0.7298669
1 -0.5037710 -1.3121290 0.1468660
8 0.1932062 -0.6619433 -0.0180868
5
-114.71     ts77     dynamics     sesquiterpene     TS     runpoint      63     runisomer      117
6 -0.2490551 0.6183232 0.0333946
1 0.5040837 1.1720674 0.4289405
1 -0.7092502 1.2231325 -0.7228598
1 -0.6536943 -1.2996709 0.1754337
8 0.2129501 -0.6702276 -0.0175866
5
-114.695     ts77     dynamics     sesquiterpene     TS     runpoint      64     runisomer      117
6 -0.2595996 0.6249379 0.0316219
1 0.5130143 1.1452271 0.4235078
1 -0.7483070 1.2986998 -0.7260790
1 -0.7710665 -1.2659847 0.1934397
8 0.2301519 -0.6803896 -0.0168455
5
-114.673     ts77     dynamics     sesquiterpene     TS     runpoint      65     runisomer      117
6 -0.2705973 0.6317396 0.0291843
1 0.5444064 1.1390776 0.4342990
1 -0.7897933 1.3558175 -0.7293005
1 -0.8431832 -1.2121745 0.1990588
8 0.2435794 -0.6921012 -0.0158479
5
-114.658     ts77     dynamics     sesquiterpene     TS     runpoint      66     runisomer      117
6 -0.2810863 0.6394494 0.0262382
1 0.5862298 1.1476871 0.4545773
1 -0.8277962 1.3882061 -0.7265709
1 -0.8655487 -1.1435721 0.1923822
8 0.2526136 -0.7047965 -0.0146671
5
-114.652     ts77     dynamics     sesquiterpene     TS     runpoint      67     runisomer      117
6 -0.2897447 0.6486715 0.0233312
1 0.6229032 1.1632848 0.4760119
1 -0.8586174 1.3932363 -0.7154725
1 -0.8369517 -1.0661620 0.1742412
8 0.2569367 -0.7179000 -0.0133933
5
-114.656     ts77     dynamics     sesquiterpene     TS     runpoint      68     runisomer      117
6 -0.2955051 0.6596195 0.0209946
1 0.6430088 1.1804203 0.4925166
1 -0.8806544 1.3712677 -0.6961655
1 -0.7602580 -0.9872356 0.1463237
8 0.2565450 -0.7307881 -0.0121377
5
-114.667     ts77     dynamics     sesquiterpene     TS     runpoint      69     runisomer      117
6 -0.2975968 0.6721340 0.0196950
1 0.6405946 1.1961577 0.5007191
1 -0.8947105 1.3256028 -0.6712784
1 -0.6512873 -0.9182135 0.1124051
8 0.2522834 -0.7426456 -0.0111106
5
-114.669     ts77     dynamics     sesquiterpene     TS     runpoint      70     runisomer      117
6 -0.2954091 0.6857000 0.0199374
1 0.6144480 1.2094842 0.4994448
1 -0.9048986 1.2628831 -0.6465559
1 -0.5638595 -0.8781109 0.0809261
8 0.2474191 -0.7522445 -0.0107874
5
-114.644     ts77     dynamics     sesquiterpene     TS     runpoint      71     runisomer      117
6 -0.2885013 0.6993136 0.0222962
1 0.5681103 1.2215014 0.4897314
1 -0.9191884 1.1925264 -0.6309422
1 -0.5928507 -0.8867887 0.0622156
8 0.2478801 -0.7582424 -0.0117502
5
-114.66     ts77     dynamics     sesquiterpene     TS     runpoint      72     runisomer      117
6 -0.2770544 0.7115065 0.0270195
1 0.5111472 1.2366491 0.4756762
1 -0.9464163 1.1230183 -0.6328206
1 -0.7063805 -0.9362252 0.0502303
8 0.2517475 -0.7608552 -0.0135349
5
-114.684     ts77     dynamics     sesquiterpene     TS     runpoint      73     runisomer      117
6 -0.2625900 0.7207797 0.0332910
1 0.4598146 1.2639680 0.4652205
1 -0.9882594 1.0567950 -0.6523422
1 -0.8156246 -1.0047039 0.0369871
8 0.2536485 -0.7610511 -0.0155166
5
-114.676     ts77     dynamics     sesquiterpene     TS     runpoint      74     runisomer      117
6 -0.2476413 0.7259378 0.0393366
1 0.4308676 1.3143910 0.4672305
1 -1.0358508 0.9915540 -0.6796410
1 -0.8835862 -1.0774225 0.0206983
8 0.2515370 -0.7594102 -0.0174333
5
-114.665     ts77     dynamics     sesquiterpene     TS     runpoint      75     runisomer      117
6 -0.2338808 0.7266081 0.0438295
1 0.4270171 1.3896683 0.4828668
1 -1.0768524 0.9259607 -0.7024858
1 -0.9001790 -1.1454172 0.0017560
8 0.2450836 -0.7562434 -0.0191556
5
-114.663     ts77     dynamics     sesquiterpene     TS     runpoint      76     runisomer      117
6 -0.2213918 0.7235796 0.0466074
1 0.4350822 1.4764066 0.5032690
1 -1.1021874 0.8614448 -0.7123280
1 -0.8640251 -1.2022402 -0.0189021
8 0.2345229 -0.7517953 -0.0206034
5
-114.667     ts77     dynamics     sesquiterpene     TS     runpoint      77     runisomer      117
6 -0.2097734 0.7180067 0.0480141
1 0.4406116 1.5564204 0.5182192
1 -1.1075475 0.8011180 -0.7051229
1 -0.7776386 -1.2424853 -0.0401861
8 0.2203511 -0.7463221 -0.0217134
5
-114.676     ts77     dynamics     sesquiterpene     TS     runpoint      78     runisomer      117
6 -0.1988321 0.7106983 0.0483680
1 0.4355154 1.6159256 0.5215832
1 -1.0929078 0.7486740 -0.6804820
1 -0.6502477 -1.2630942 -0.0610555
8 0.2035135 -0.7399886 -0.0224277
5
-114.685     ts77     dynamics     sesquiterpene     TS     runpoint      79     runisomer      117
6 -0.1885197 0.7020306 0.0479278
1 0.4172217 1.6468016 0.5111879
1 -1.0624333 0.7077508 -0.6413133
1 -0.5096059 -1.2717146 -0.0814338
8 0.1861474 -0.7323142 -0.0226266
5
-114.676     ts77     dynamics     sesquiterpene     TS     runpoint      80     runisomer      117
6 -0.1786932 0.6920727 0.0470240
1 0.3867547 1.6454182 0.4876337
1 -1.0252147 0.6815004 -0.5942331
1 -0.4166188 -1.3064649 -0.1055087
8 0.1724889 -0.7209157 -0.0219142
5
-114.661     ts77     dynamics     sesquiterpene     TS     runpoint      81     runisomer      117
6 -0.1690163 0.6807545 0.0461112
1 0.3480809 1.6125810 0.4538493
1 -0.9957114 0.6722493 -0.5496133
1 -0.4054478 -1.4032599 -0.1400370
8 0.1651021 -0.7036773 -0.0197361
5
-114.678     ts77     dynamics     sesquiterpene     TS     runpoint      82     runisomer      117
6 -0.1593140 0.6679248 0.0454868
1 0.3087160 1.5555085 0.4156064
1 -0.9900207 0.6812285 -0.5183154
1 -0.4239641 -1.5112634 -0.1787396
8 0.1611108 -0.6842189 -0.0163913
5
-114.675     ts77     dynamics     sesquiterpene     TS     runpoint      83     runisomer      117
6 -0.1505055 0.6529706 0.0446049
1 0.2809583 1.4911268 0.3825252
1 -1.0151401 0.7083506 -0.5041887
1 -0.4380891 -1.5846897 -0.2133298
8 0.1587235 -0.6660283 -0.0123548
5
-114.659     ts77     dynamics     sesquiterpene     TS     runpoint      84     runisomer      117
6 -0.1449791 0.6348642 0.0419434
1 0.2805014 1.4448332 0.3668308
1 -1.0621986 0.7514408 -0.5010157
1 -0.4384666 -1.6070215 -0.2396234
8 0.1575946 -0.6508370 -0.0079120
5
-114.651     ts77     dynamics     sesquiterpene     TS     runpoint      85     runisomer      117
6 -0.1450475 0.6138262 0.0362477
1 0.3164285 1.4316960 0.3752088
1 -1.1145725 0.8056969 -0.4991090
1 -0.4234261 -1.5746293 -0.2557331
8 0.1577347 -0.6396881 -0.0032719
5
-114.663     ts77     dynamics     sesquiterpene     TS     runpoint      86     runisomer      117
6 -0.1512511 0.5928638 0.0276516
1 0.3808048 1.4379386 0.4011750
1 -1.1580307 0.8647177 -0.4913402
1 -0.3933216 -1.4896409 -0.2612857
8 0.1591738 -0.6334312 0.0014020
5
-114.682     ts77     dynamics     sesquiterpene     TS     runpoint      87     runisomer      117
6 -0.1627170 0.5759194 0.0171310
1 0.4563029 1.4391250 0.4321413
1 -1.1837962 0.9218888 -0.4741731
1 -0.3534946 -1.3646657 -0.2590276
8 0.1621332 -0.6322724 0.0061208
