5
-114.654160 ts77 dynamics sesquiterpene TS runpoint 1  runisomer  70
6 -0.0231761 0.6224157 -0.0042233
1 -0.3318371 0.9810291 0.9723829
1 -0.2341318 1.1929504 -1.0046898
1 0.9275778 -0.0744428 -0.0981375
8 -0.0333525 -0.7363294 0.0113878
5
-114.644 ts77 dynamics sesquiterpene TS runpoint 2  runisomer  70
6 -0.015505 0.612865 -0.00824656
1 -0.342381 0.997028 1.03293
1 -0.253053 1.14505 -1.00619
1 0.894683 -0.032811 -0.0781476
8 -0.0351787 -0.729778 0.00942571
5
-114.637     ts77     dynamics     sesquiterpene     TS     runpoint      3     runisomer      70
6 -0.0100703 0.6059114 -0.0116226
1 -0.3464840 1.0171063 1.0733988
1 -0.2703080 1.0916663 -0.9898648
1 0.8964978 0.0111175 -0.0582755
8 -0.0380251 -0.7252315 0.0071279
5
-114.633     ts77     dynamics     sesquiterpene     TS     runpoint      4     runisomer      70
6 -0.0072317 0.6016411 -0.0133132
1 -0.3417836 1.0375622 1.0857368
1 -0.2869657 1.0388239 -0.9619339
1 0.9411396 0.0616305 -0.0383722
8 -0.0422137 -0.7231727 0.0046040
5
-114.639     ts77     dynamics     sesquiterpene     TS     runpoint      5     runisomer      70
6 -0.0060650 0.5991044 -0.0124411
1 -0.3279678 1.0563455 1.0677605
1 -0.3054459 0.9941329 -0.9329773
1 1.0211840 0.1274362 -0.0179042
8 -0.0478396 -0.7237862 0.0019679
5
-114.651     ts77     dynamics     sesquiterpene     TS     runpoint      6     runisomer      70
6 -0.0047548 0.5969266 -0.0083130
1 -0.3062000 1.0725008 1.0215346
1 -0.3287670 0.9647556 -0.9150050
1 1.1185254 0.2174213 0.0028164
8 -0.0548594 -0.7269917 -0.0006545
5
-114.666     ts77     dynamics     sesquiterpene     TS     runpoint      7     runisomer      70
6 -0.0016121 0.5941613 -0.0010744
1 -0.2791805 1.0864990 0.9541703
1 -0.3580642 0.9539770 -0.9142222
1 1.2139687 0.3341180 0.0224976
8 -0.0630879 -0.7324753 -0.0031313
5
-114.679     ts77     dynamics     sesquiterpene     TS     runpoint      8     runisomer      70
6 0.0043589 0.5904776 0.0076473
1 -0.2516997 1.1017282 0.8801740
1 -0.3904480 0.9595136 -0.9262753
1 1.2925200 0.4727690 0.0395075
8 -0.0722088 -0.7397587 -0.0053240
5
-114.682     ts77     dynamics     sesquiterpene     TS     runpoint      9     runisomer      70
6 0.0136084 0.5857246 0.0150927
1 -0.2307140 1.1259772 0.8214677
1 -0.4202481 0.9756420 -0.9408166
1 1.3445513 0.6247312 0.0523424
8 -0.0818722 -0.7483143 -0.0071037
5
-114.676     ts77     dynamics     sesquiterpene     TS     runpoint      10     runisomer      70
6 0.0262174 0.5798749 0.0188836
1 -0.2225963 1.1671813 0.7968874
1 -0.4419575 0.9962137 -0.9487617
1 1.3651944 0.7804662 0.0597589
8 -0.0917773 -0.7576320 -0.0083662
5
-114.671     ts77     dynamics     sesquiterpene     TS     runpoint      11     runisomer      70
6 0.0417501 0.5738205 0.0186597
1 -0.2282728 1.2219776 0.8059782
1 -0.4518716 1.0160554 -0.9451612
1 1.3531422 0.9308637 0.0607303
8 -0.1016898 -0.7672707 -0.0090586
5
-114.67     ts77     dynamics     sesquiterpene     TS     runpoint      12     runisomer      70
6 0.0599505 0.5694706 0.0158471
1 -0.2450450 1.2757602 0.8325505
1 -0.4494886 1.0298057 -0.9283258
1 1.3081315 1.0684158 0.0543430
8 -0.1116033 -0.7769310 -0.0092815
5
-114.666     ts77     dynamics     sesquiterpene     TS     runpoint      13     runisomer      70
6 0.0797444 0.5680883 0.0108904
1 -0.2661786 1.3140037 0.8619108
1 -0.4367888 1.0388750 -0.8971533
1 1.2338614 1.1858977 0.0444744
8 -0.1212422 -0.7862785 -0.0087564
5
-114.662     ts77     dynamics     sesquiterpene     TS     runpoint      14     runisomer      70
6 0.0997186 0.5705669 0.0050126
1 -0.2868648 1.3285118 0.8866797
1 -0.4143448 1.0429500 -0.8575827
1 1.1371801 1.2762255 0.0307456
8 -0.1302475 -0.7950031 -0.0075361
5
-114.658     ts77     dynamics     sesquiterpene     TS     runpoint      15     runisomer      70
6 0.1192046 0.5771046 -0.0006273
1 -0.3055121 1.3160224 0.9028451
1 -0.3877695 1.0431121 -0.8180229
1 1.0274689 1.3354062 0.0136570
8 -0.1384546 -0.8028617 -0.0057390
5
-114.653     ts77     dynamics     sesquiterpene     TS     runpoint      16     runisomer      70
6 0.1374392 0.5870469 -0.0050812
1 -0.3213042 1.2764317 0.9087796
1 -0.3661088 1.0428551 -0.7891683
1 0.9193761 1.3643919 -0.0046978
8 -0.1456951 -0.8096382 -0.0034327
5
-114.654160 ts77 dynamics sesquiterpene TS runpoint 1  runisomer  70
6 -0.0231761 0.6224157 -0.0042233
1 -0.3318371 0.9810291 0.9723829
1 -0.2341318 1.1929504 -1.0046898
1 0.9275778 -0.0744428 -0.0981375
8 -0.0333525 -0.7363294 0.0113878
5
-114.644 ts77 dynamics sesquiterpene TS runpoint 2  runisomer  70
6 -0.0319017 0.633584 -0.00109792
1 -0.320296 0.975532 0.909127
1 -0.213523 1.23136 -0.983495
1 0.977576 -0.115799 -0.117272
8 -0.0319821 -0.744176 0.0128989
5
-114.643     ts77     dynamics     sesquiterpene     TS     runpoint      3     runisomer      70
6 -0.0403104 0.6449557 -0.0009246
1 -0.3161802 0.9896033 0.8699573
1 -0.1918338 1.2584138 -0.9447854
1 1.0266699 -0.1595469 -0.1339687
8 -0.0303925 -0.7525423 0.0138496
5
-114.638     ts77     dynamics     sesquiterpene     TS     runpoint      4     runisomer      70
6 -0.0475337 0.6553555 -0.0047781
1 -0.3256066 1.0290489 0.8745556
1 -0.1700848 1.2748672 -0.8953838
1 1.0611259 -0.2099368 -0.1468224
8 -0.0279206 -0.7606909 0.0141479
5
-114.641     ts77     dynamics     sesquiterpene     TS     runpoint      5     runisomer      70
6 -0.0538044 0.6645407 -0.0108116
1 -0.3455372 1.0875501 0.9135238
1 -0.1495562 1.2851405 -0.8474787
1 1.0718788 -0.2729515 -0.1549160
8 -0.0239322 -0.7679440 0.0137108
5
-114.648     ts77     dynamics     sesquiterpene     TS     runpoint      6     runisomer      70
6 -0.0600454 0.6727886 -0.0155131
1 -0.3680095 1.1510223 0.9612720
1 -0.1313156 1.2971336 -0.8166159
1 1.0535846 -0.3558836 -0.1577811
8 -0.0178298 -0.7736604 0.0124651
5
-114.656     ts77     dynamics     sesquiterpene     TS     runpoint      7     runisomer      70
6 -0.0671851 0.6803397 -0.0162239
1 -0.3870646 1.2074901 0.9980885
1 -0.1153501 1.3175116 -0.8141179
1 1.0049744 -0.4650721 -0.1554676
8 -0.0092154 -0.7772855 0.0103752
5
-114.67     ts77     dynamics     sesquiterpene     TS     runpoint      8     runisomer      70
6 -0.0758116 0.6876379 -0.0122263
1 -0.3998034 1.2496544 1.0139862
1 -0.1003969 1.3446501 -0.8386010
1 0.9340338 -0.6010978 -0.1494772
8 0.0015881 -0.7785558 0.0075388
5
-114.683     ts77     dynamics     sesquiterpene     TS     runpoint      9     runisomer      70
6 -0.0859779 0.6952776 -0.0043616
1 -0.4053081 1.2736837 1.0055354
1 -0.0851122 1.3692942 -0.8777422
1 0.8726529 -0.7553693 -0.1454642
8 0.0124666 -0.7776329 0.0043846
5
-114.682     ts77     dynamics     sesquiterpene     TS     runpoint      10     runisomer      70
6 -0.0972009 0.7034750 0.0058709
1 -0.4039372 1.2782913 0.9739406
1 -0.0689294 1.3818120 -0.9173098
1 0.8769601 -0.9209013 -0.1537447
8 0.0195102 -0.7744305 0.0017135
5
-114.691     ts77     dynamics     sesquiterpene     TS     runpoint      11     runisomer      70
6 -0.1086984 0.7119247 0.0167615
1 -0.3974099 1.2652951 0.9256297
1 -0.0519654 1.3765287 -0.9466463
1 0.9344529 -1.0969637 -0.1728098
8 0.0230336 -0.7685242 -0.0003621
5
-114.699     ts77     dynamics     sesquiterpene     TS     runpoint      12     runisomer      70
6 -0.1195961 0.7198416 0.0263296
1 -0.3896219 1.2415423 0.8746969
1 -0.0347147 1.3519608 -0.9595745
1 0.9849189 -1.2628911 -0.1915644
8 0.0264540 -0.7609625 -0.0023333
5
-114.679     ts77     dynamics     sesquiterpene     TS     runpoint      13     runisomer      70
6 -0.1289507 0.7258425 0.0322489
1 -0.3871021 1.2199190 0.8439310
1 -0.0177902 1.3099167 -0.9539889
1 1.0026281 -1.3986650 -0.2044813
8 0.0311326 -0.7528971 -0.0043714
5
-114.654     ts77     dynamics     sesquiterpene     TS     runpoint      14     runisomer      70
6 -0.1359924 0.7284189 0.0327689
1 -0.3958845 1.2129942 0.8543626
1 -0.0015941 1.2551539 -0.9321840
1 0.9846050 -1.4942891 -0.2101966
8 0.0370858 -0.7449159 -0.0064299
5
-114.643     ts77     dynamics     sesquiterpene     TS     runpoint      15     runisomer      70
6 -0.1406945 0.7270111 0.0286718
1 -0.4148330 1.2199492 0.9035332
1 0.0142444 1.1957224 -0.9024425
1 0.9342586 -1.5453264 -0.2087117
8 0.0439843 -0.7373359 -0.0084197
5
-114.647     ts77     dynamics     sesquiterpene     TS     runpoint      16     runisomer      70
6 -0.1437397 0.7218772 0.0231501
1 -0.4365151 1.2287609 0.9675832
1 0.0315207 1.1427775 -0.8799232
1 0.8552192 -1.5487609 -0.2002862
8 0.0515275 -0.7304859 -0.0102609
5
-114.652     ts77     dynamics     sesquiterpene     TS     runpoint      17     runisomer      70
6 -0.1459039 0.7132747 0.0194581
1 -0.4540849 1.2290074 1.0232963
1 0.0530298 1.1070800 -0.8810107
1 0.7514237 -1.5029513 -0.1855027
8 0.0594451 -0.7246838 -0.0118628
5
-114.663     ts77     dynamics     sesquiterpene     TS     runpoint      18     runisomer      70
6 -0.1476408 0.7015741 0.0189965
1 -0.4637191 1.2156951 1.0568758
1 0.0797150 1.0923807 -0.9092523
1 0.6345366 -1.4165544 -0.1670964
8 0.0670403 -0.7195833 -0.0130115
5
-114.668     ts77     dynamics     sesquiterpene     TS     runpoint      19     runisomer      70
6 -0.1489509 0.6874520 0.0210503
1 -0.4639056 1.1876700 1.0624308
1 0.1085942 1.0940617 -0.9506137
1 0.5454818 -1.3374110 -0.1562062
8 0.0718274 -0.7123136 -0.0129811
5
-114.634     ts77     dynamics     sesquiterpene     TS     runpoint      20     runisomer      70
6 -0.1495698 0.6716968 0.0240218
1 -0.4547332 1.1463248 1.0398274
1 0.1349855 1.1049205 -0.9862278
1 0.5580918 -1.3649022 -0.1764873
8 0.0692566 -0.6968397 -0.0102632
5
-114.659     ts77     dynamics     sesquiterpene     TS     runpoint      21     runisomer      70
6 -0.1491502 0.6552644 0.0262901
1 -0.4379634 1.0958839 0.9947811
1 0.1552222 1.1196261 -1.0028491
1 0.6321861 -1.4497167 -0.2185605
8 0.0619428 -0.6769151 -0.0054264
5
-114.678     ts77     dynamics     sesquiterpene     TS     runpoint      22     runisomer      70
6 -0.1472763 0.6390951 0.0261884
1 -0.4176386 1.0442344 0.9408610
1 0.1673505 1.1351445 -0.9943456
1 0.7075443 -1.5103298 -0.2620631
8 0.0537456 -0.6586881 0.0002548
5
-114.662     ts77     dynamics     sesquiterpene     TS     runpoint      23     runisomer      70
6 -0.1434391 0.6237751 0.0218763
1 -0.4002571 1.0029883 0.9003257
1 0.1708604 1.1499516 -0.9602544
1 0.7659121 -1.5229985 -0.2991488
8 0.0458754 -0.6447297 0.0062343
5
-114.646     ts77     dynamics     sesquiterpene     TS     runpoint      24     runisomer      70
6 -0.1373221 0.6096788 0.0121445
1 -0.3919868 0.9828636 0.8944776
1 0.1666711 1.1639053 -0.9052696
1 0.8053123 -1.4876808 -0.3276833
8 0.0385479 -0.6359909 0.0122381
5
-114.648     ts77     dynamics     sesquiterpene     TS     runpoint      25     runisomer      70
6 -0.1294154 0.5977776 -0.0019007
1 -0.3930533 0.9845623 0.9234804
1 0.1579519 1.1792939 -0.8399718
1 0.8254043 -1.4086379 -0.3469203
8 0.0319686 -0.6331191 0.0180475
5
-114.661     ts77     dynamics     sesquiterpene     TS     runpoint      26     runisomer      70
6 -0.1210275 0.5895363 -0.0169993
1 -0.3981620 0.9991063 0.9669653
1 0.1507165 1.2022803 -0.7805795
1 0.8227729 -1.2888261 -0.3559188
8 0.0266225 -0.6368493 0.0234619
5
-114.677     ts77     dynamics     sesquiterpene     TS     runpoint      27     runisomer      70
6 -0.1135821 0.5858194 -0.0298269
1 -0.4022889 1.0168719 1.0041139
1 0.1519764 1.2409826 -0.7434140
1 0.7960538 -1.1356452 -0.3551883
8 0.0229037 -0.6472700 0.0283595
5
-114.69     ts77     dynamics     sesquiterpene     TS     runpoint      28     runisomer      70
6 -0.1080003 0.5868986 -0.0385443
1 -0.4028451 1.0318073 1.0224949
1 0.1651610 1.2967612 -0.7340278
1 0.7608961 -0.9700480 -0.3530415
8 0.0201389 -0.6629695 0.0330178
5
-114.688     ts77     dynamics     sesquiterpene     TS     runpoint      29     runisomer      70
6 -0.1046311 0.5931554 -0.0429037
1 -0.3990396 1.0411435 1.0168890
1 0.1881633 1.3589084 -0.7445170
1 0.7647891 -0.8229321 -0.3738736
8 0.0156804 -0.6814376 0.0386185
5
-114.683     ts77     dynamics     sesquiterpene     TS     runpoint      30     runisomer      70
6 -0.1035402 0.6049291 -0.0434000
1 -0.3912809 1.0446355 0.9873240
1 0.2163959 1.4123618 -0.7629779
1 0.8286131 -0.7006309 -0.4290989
8 0.0085752 -0.7015664 0.0455001
5
-114.691     ts77     dynamics     sesquiterpene     TS     runpoint      31     runisomer      70
6 -0.1045343 0.6218743 -0.0408677
1 -0.3812036 1.0443640 0.9390515
1 0.2457184 1.4461776 -0.7804792
1 0.9038266 -0.5985709 -0.4910708
8 0.0021021 -0.7228237 0.0516525
5
-114.682     ts77     dynamics     sesquiterpene     TS     runpoint      32     runisomer      70
6 -0.1070662 0.6427428 -0.0366500
1 -0.3722580 1.0452460 0.8843659
1 0.2731479 1.4552313 -0.7919021
1 0.9565243 -0.5209872 -0.5389732
8 -0.0016078 -0.7439960 0.0556757
5
-114.664     ts77     dynamics     sesquiterpene     TS     runpoint      33     runisomer      70
6 -0.1103139 0.6656644 -0.0326960
1 -0.3701778 1.0554803 0.8436511
1 0.2968039 1.4389528 -0.7950664
1 0.9757154 -0.4714507 -0.5651680
8 -0.0019993 -0.7639337 0.0571286
5
-114.65     ts77     dynamics     sesquiterpene     TS     runpoint      34     runisomer      70
6 -0.1135239 0.6886597 -0.0308140
1 -0.3808597 1.0832022 0.8372506
1 0.3161336 1.4003814 -0.7904348
1 0.9594677 -0.4518515 -0.5675376
8 0.0008911 -0.7817389 0.0559820
5
-114.651     ts77     dynamics     sesquiterpene     TS     runpoint      35     runisomer      70
6 -0.1166313 0.7103892 -0.0309689
1 -0.4047241 1.1284092 0.8666658
1 0.3326913 1.3460791 -0.7817109
1 0.9092981 -0.4636734 -0.5462263
8 0.0068467 -0.7967244 0.0523564
5
-114.666     ts77     dynamics     sesquiterpene     TS     runpoint      36     runisomer      70
6 -0.1204356 0.7302407 -0.0310453
1 -0.4354827 1.1819674 0.9125952
1 0.3509288 1.2858056 -0.7763491
1 0.8308309 -0.5076193 -0.5042791
8 0.0154379 -0.8084263 0.0465420
5
-114.679     ts77     dynamics     sesquiterpene     TS     runpoint      37     runisomer      70
6 -0.1260063 0.7478218 -0.0286130
1 -0.4655322 1.2337158 0.9534772
1 0.3772043 1.2295846 -0.7833076
1 0.7420419 -0.5798356 -0.4534619
8 0.0254527 -0.8167841 0.0393818
5
-114.673     ts77     dynamics     sesquiterpene     TS     runpoint      38     runisomer      70
6 -0.1338754 0.7629091 -0.0224491
1 -0.4894256 1.2768941 0.9757384
1 0.4150187 1.1822608 -0.8059847
1 0.6940464 -0.6642918 -0.4291509
8 0.0335078 -0.8225204 0.0332559
5
-114.649     ts77     dynamics     sesquiterpene     TS     runpoint      39     runisomer      70
6 -0.1435480 0.7754768 -0.0130387
1 -0.5041756 1.3079534 0.9737641
1 0.4603445 1.1424652 -0.8370261
1 0.7503665 -0.7449994 -0.4771103
8 0.0352941 -0.8263130 0.0313023
5
-114.672     ts77     dynamics     sesquiterpene     TS     runpoint      40     runisomer      70
6 -0.1538325 0.7855046 -0.0019582
1 -0.5089315 1.3258883 0.9480533
1 0.5039458 1.1078212 -0.8633573
1 0.8548775 -0.8319830 -0.5593441
8 0.0339813 -0.8273023 0.0314530
5
-114.679     ts77     dynamics     sesquiterpene     TS     runpoint      41     runisomer      70
6 -0.1634774 0.7928085 0.0089736
1 -0.5050608 1.3323528 0.9046421
1 0.5371317 1.0776383 -0.8740735
1 0.9431948 -0.9233741 -0.6303000
8 0.0333204 -0.8255277 0.0311369
5
-114.66     ts77     dynamics     sesquiterpene     TS     runpoint      42     runisomer      70
6 -0.1713767 0.7968903 0.0179274
1 -0.4965477 1.3325290 0.8556859
1 0.5544607 1.0525946 -0.8633524
1 0.9929822 -1.0107057 -0.6737673
8 0.0344847 -0.8215195 0.0295719
5
-114.641     ts77     dynamics     sesquiterpene     TS     runpoint      43     runisomer      70
6 -0.1765982 0.7969062 0.0231215
1 -0.4897345 1.3352550 0.8184560
1 0.5541270 1.0341023 -0.8303328
1 0.9995355 -1.0865392 -0.6861181
8 0.0375844 -0.8157604 0.0267224
5
-114.633     ts77     dynamics     sesquiterpene     TS     runpoint      44     runisomer      70
6 -0.1786418 0.7920373 0.0234618
1 -0.4903345 1.3485776 0.8075890
1 0.5384172 1.0241425 -0.7791237
1 0.9632616 -1.1447631 -0.6674627
8 0.0424338 -0.8086502 0.0227536
5
-114.641     ts77     dynamics     sesquiterpene     TS     runpoint      45     runisomer      70
6 -0.1779620 0.7821431 0.0195968
1 -0.4986869 1.3713877 0.8234177
1 0.5151801 1.0256897 -0.7198510
1 0.8866962 -1.1801142 -0.6195535
8 0.0487418 -0.8005342 0.0179074
5
-114.66     ts77     dynamics     sesquiterpene     TS     runpoint      46     runisomer      70
6 -0.1760282 0.7676980 0.0138482
1 -0.5099870 1.3930959 0.8530590
1 0.4987659 1.0434215 -0.6687622
1 0.7773103 -1.1895619 -0.5479782
8 0.0559332 -0.7915861 0.0126275
5
-114.674     ts77     dynamics     sesquiterpene     TS     runpoint      47     runisomer      70
6 -0.1744613 0.7491498 0.0086248
1 -0.5189840 1.4019944 0.8823548
1 0.5042066 1.0825616 -0.6411641
1 0.6595866 -1.1801961 -0.4717276
8 0.0624027 -0.7812869 0.0081619
5
-114.664     ts77     dynamics     sesquiterpene     TS     runpoint      48     runisomer      70
6 -0.1736215 0.7270504 0.0047080
1 -0.5225516 1.3903225 0.9023539
1 0.5328181 1.1427663 -0.6374899
1 0.5957010 -1.1892075 -0.4411768
8 0.0642245 -0.7671967 0.0076889
5
-114.651     ts77     dynamics     sesquiterpene     TS     runpoint      49     runisomer      70
6 -0.1724631 0.7025616 0.0012631
1 -0.5196346 1.3546545 0.9093071
1 0.5703103 1.2143337 -0.6438013
1 0.6226668 -1.2506431 -0.4903253
8 0.0591142 -0.7472158 0.0133348
5
-114.687     ts77     dynamics     sesquiterpene     TS     runpoint      50     runisomer      70
6 -0.1698044 0.6772726 -0.0028398
1 -0.5106518 1.2952248 0.9033147
1 0.6012676 1.2843075 -0.6463548
1 0.6740626 -1.3149635 -0.5643458
8 0.0513682 -0.7248544 0.0216207
5
-114.69     ts77     dynamics     sesquiterpene     TS     runpoint      51     runisomer      70
6 -0.1649952 0.6526866 -0.0084301
1 -0.4973615 1.2155514 0.8878834
1 0.6167960 1.3422750 -0.6378988
1 0.7102108 -1.3477055 -0.6269045
8 0.0436707 -0.7029768 0.0302015
5
-114.677     ts77     dynamics     sesquiterpene     TS     runpoint      52     runisomer      70
6 -0.1578392 0.6300692 -0.0161622
1 -0.4831316 1.1225251 0.8703843
1 0.6137119 1.3814971 -0.6162267
1 0.7196735 -1.3395907 -0.6659365
8 0.0370083 -0.6831286 0.0382052
5
-114.67     ts77     dynamics     sesquiterpene     TS     runpoint      53     runisomer      70
6 -0.1484236 0.6105475 -0.0266615
1 -0.4729661 1.0257026 0.8617442
1 0.5924854 1.3983048 -0.5820109
1 0.6997393 -1.2905103 -0.6776030
8 0.0319015 -0.6665338 0.0452113
5
-114.673     ts77     dynamics     sesquiterpene     TS     runpoint      54     runisomer      70
6 -0.1371780 0.5953201 -0.0401976
1 -0.4719351 0.9342210 0.8718460
1 0.5564086 1.3919114 -0.5379390
1 0.6504915 -1.2040957 -0.6609766
8 0.0287805 -0.6543868 0.0509098
5
-114.687     ts77     dynamics     sesquiterpene     TS     runpoint      55     runisomer      70
6 -0.1251688 0.5855977 -0.0558834
1 -0.4819303 0.8534583 0.9009659
1 0.5122446 1.3656364 -0.4891562
1 0.5767785 -1.0895760 -0.6200791
8 0.0278335 -0.6475642 0.0551971
5
-114.697     ts77     dynamics     sesquiterpene     TS     runpoint      56     runisomer      70
6 -0.1143077 0.5818626 -0.0714073
1 -0.5005603 0.7862901 0.9380416
1 0.4721809 1.3300910 -0.4443561
1 0.4986362 -0.9700919 -0.5769006
8 0.0283130 -0.6458177 0.0589694
5
-114.671     ts77     dynamics     sesquiterpene     TS     runpoint      57     runisomer      70
6 -0.1071309 0.5831272 -0.0838549
1 -0.5237261 0.7360338 0.9692821
1 0.4547483 1.3055199 -0.4153615
1 0.4648833 -0.8877326 -0.5948159
8 0.0276186 -0.6472405 0.0656462
5
-114.643     ts77     dynamics     sesquiterpene     TS     runpoint      58     runisomer      70
6 -0.1057585 0.5878035 -0.0910649
1 -0.5480238 0.7062597 0.9852866
1 0.4764245 1.3115179 -0.4107372
1 0.4919160 -0.8537116 -0.7024617
8 0.0250567 -0.6513951 0.0765425
5
-114.663     ts77     dynamics     sesquiterpene     TS     runpoint      59     runisomer      70
6 -0.1102581 0.5956227 -0.0926907
1 -0.5712988 0.6993702 0.9820351
1 0.5343449 1.3444343 -0.4266272
1 0.5312463 -0.8426660 -0.8265397
8 0.0237767 -0.6595964 0.0867918
5
-114.668     ts77     dynamics     sesquiterpene     TS     runpoint      60     runisomer      70
6 -0.1189190 0.6072194 -0.0896957
1 -0.5923240 0.7158042 0.9593181
1 0.6089768 1.3824733 -0.4507721
1 0.5576912 -0.8434515 -0.9228261
8 0.0252366 -0.6716779 0.0935694
5
-114.662     ts77     dynamics     sesquiterpene     TS     runpoint      61     runisomer      70
6 -0.1298056 0.6225819 -0.0833338
1 -0.6109099 0.7543521 0.9200832
1 0.6813518 1.4079119 -0.4725634
1 0.5644581 -0.8522858 -0.9770383
8 0.0295952 -0.6866785 0.0960612
5
-114.659     ts77     dynamics     sesquiterpene     TS     runpoint      62     runisomer      70
6 -0.1412871 0.6408899 -0.0749116
1 -0.6285914 0.8128392 0.8709964
1 0.7391488 1.4125218 -0.4857911
1 0.5502416 -0.8668826 -0.9848067
8 0.0365824 -0.7034702 0.0941620
5
-114.664     ts77     dynamics     sesquiterpene     TS     runpoint      63     runisomer      70
6 -0.1519167 0.6609364 -0.0658810
1 -0.6491700 0.8888102 0.8225421
1 0.7752595 1.3942138 -0.4874941
1 0.5153712 -0.8851159 -0.9448559
8 0.0457808 -0.7209937 0.0880332
5
-114.679     ts77     dynamics     sesquiterpene     TS     runpoint      64     runisomer      70
6 -0.1604382 0.6814314 -0.0576050
1 -0.6774422 0.9798333 0.7854461
1 0.7860526 1.3541965 -0.4768300
1 0.4622691 -0.9052475 -0.8602253
8 0.0566266 -0.7383161 0.0781603
