5
-114.654160 ts77 dynamics sesquiterpene TS runpoint 1  runisomer  131
6 -0.0414564 0.6735247 0.0113797
1 -0.2520576 1.1115509 0.8953745
1 -0.1613938 1.1364636 -0.9705558
1 0.9544514 -0.0517698 -0.1013051
8 -0.0309411 -0.7807664 0.0025823
5
-114.645 ts77 dynamics sesquiterpene TS runpoint 2  runisomer  131
6 -0.0314115 0.672226 -0.000502682
1 -0.27662 1.10571 0.984852
1 -0.184377 1.13417 -0.965192
1 0.901936 -0.0133399 -0.0815717
8 -0.0321728 -0.781701 0.00427792
5
-114.648     ts77     dynamics     sesquiterpene     TS     runpoint      3     runisomer      131
6 -0.0217377 0.6694700 -0.0117461
1 -0.3000990 1.1015012 1.0653656
1 -0.2115800 1.1353895 -0.9584965
1 0.8685765 0.0285442 -0.0601952
8 -0.0341369 -0.7820841 0.0058712
5
-114.637     ts77     dynamics     sesquiterpene     TS     runpoint      4     runisomer      131
6 -0.0136831 0.6660190 -0.0203788
1 -0.3174112 1.0930405 1.1178560
1 -0.2433113 1.1412970 -0.9529632
1 0.8711943 0.0747642 -0.0379110
8 -0.0372563 -0.7822466 0.0072875
5
-114.63     ts77     dynamics     sesquiterpene     TS     runpoint      5     runisomer      131
6 -0.0078867 0.6620119 -0.0256440
1 -0.3263118 1.0789754 1.1347777
1 -0.2790776 1.1515760 -0.9488124
1 0.9182934 0.1283264 -0.0147961
8 -0.0417590 -0.7823776 0.0084541
5
-114.636     ts77     dynamics     sesquiterpene     TS     runpoint      6     runisomer      131
6 -0.0039173 0.6569297 -0.0274720
1 -0.3262599 1.0597401 1.1145564
1 -0.3172703 1.1643893 -0.9439355
1 1.0029410 0.1968106 0.0088303
8 -0.0476691 -0.7824765 0.0093039
5
-114.653     ts77     dynamics     sesquiterpene     TS     runpoint      7     runisomer      131
6 -0.0004742 0.6500647 -0.0261507
1 -0.3179639 1.0366590 1.0596760
1 -0.3553339 1.1769201 -0.9351459
1 1.1057924 0.2881489 0.0314767
8 -0.0548580 -0.7824179 0.0097902
5
-114.671     ts77     dynamics     sesquiterpene     TS     runpoint      8     runisomer      131
6 0.0038695 0.6410753 -0.0223596
1 -0.3037066 1.0122743 0.9781801
1 -0.3903209 1.1861003 -0.9197435
1 1.2053845 0.4042756 0.0509185
8 -0.0630868 -0.7820336 0.0098850
5
-114.684     ts77     dynamics     sesquiterpene     TS     runpoint      9     runisomer      131
6 0.0103063 0.6299484 -0.0175563
1 -0.2886641 0.9919795 0.8883737
1 -0.4195329 1.1892657 -0.8966940
1 1.2851438 0.5404435 0.0652137
8 -0.0720494 -0.7811885 0.0095863
5
-114.682     ts77     dynamics     sesquiterpene     TS     runpoint      10     runisomer      131
6 0.0199315 0.6165817 -0.0142920
1 -0.2824893 0.9861083 0.8225584
1 -0.4410688 1.1846900 -0.8672046
1 1.3348760 0.6883536 0.0732410
8 -0.0814368 -0.7798247 0.0089200
5
-114.672     ts77     dynamics     sesquiterpene     TS     runpoint      11     runisomer      131
6 0.0335943 0.6009390 -0.0148984
1 -0.2951757 1.0051469 0.8113191
1 -0.4542768 1.1719689 -0.8347572
1 1.3496412 0.8388419 0.0747021
8 -0.0909862 -0.7779715 0.0079462
5
-114.672     ts77     dynamics     sesquiterpene     TS     runpoint      12     runisomer      131
6 0.0510703 0.5842141 -0.0187096
1 -0.3244672 1.0437976 0.8491116
1 -0.4603363 1.1522593 -0.8040984
1 1.3281858 0.9834049 0.0701223
8 -0.1005187 -0.7757294 0.0067809
5
-114.681     ts77     dynamics     sesquiterpene     TS     runpoint      13     runisomer      131
6 0.0716829 0.5685646 -0.0227943
1 -0.3601341 1.0843755 0.9045729
1 -0.4628468 1.1264784 -0.7792566
1 1.2724656 1.1154106 0.0592311
8 -0.1100682 -0.7732406 0.0054712
5
-114.68     ts77     dynamics     sesquiterpene     TS     runpoint      14     runisomer      131
6 0.0943726 0.5555829 -0.0255016
1 -0.3930947 1.1133440 0.9553895
1 -0.4665302 1.0979263 -0.7625917
1 1.1872934 1.2262233 0.0440337
8 -0.1194158 -0.7705123 0.0042075
5
-114.673     ts77     dynamics     sesquiterpene     TS     runpoint      15     runisomer      131
6 0.1179512 0.5462688 -0.0260953
1 -0.4191134 1.1249600 0.9909005
1 -0.4749089 1.0686871 -0.7551791
1 1.0815813 1.3087150 0.0259970
8 -0.1282778 -0.7676137 0.0030848
5
-114.663     ts77     dynamics     sesquiterpene     TS     runpoint      16     runisomer      131
6 0.1409614 0.5411506 -0.0246578
1 -0.4367674 1.1178032 1.0074940
1 -0.4897449 1.0393825 -0.7558284
1 0.9681654 1.3592314 0.0070754
8 -0.1363489 -0.7646620 0.0021946
5
-114.652     ts77     dynamics     sesquiterpene     TS     runpoint      17     runisomer      131
6 0.1615958 0.5402997 -0.0216198
1 -0.4459288 1.0923077 1.0044364
1 -0.5107777 1.0094182 -0.7616400
1 0.8636938 1.3799098 -0.0109203
8 -0.1433463 -0.7618339 0.0016088
5
-114.654160 ts77 dynamics sesquiterpene TS runpoint 1  runisomer  131
6 -0.0414564 0.6735247 0.0113797
1 -0.2520576 1.1115509 0.8953745
1 -0.1613938 1.1364636 -0.9705558
1 0.9544514 -0.0517698 -0.1013051
8 -0.0309411 -0.7807664 0.0025823
5
-114.645 ts77 dynamics sesquiterpene TS runpoint 2  runisomer  131
6 -0.0504638 0.671996 0.0204856
1 -0.234932 1.13331 0.832071
1 -0.142076 1.14035 -0.971419
1 1.00921 -0.088302 -0.118166
8 -0.0299293 -0.778934 0.000855861
5
-114.632     ts77     dynamics     sesquiterpene     TS     runpoint      3     runisomer      131
6 -0.0574468 0.6663416 0.0238249
1 -0.2321582 1.1868230 0.8266417
1 -0.1260242 1.1440021 -0.9660672
1 1.0532400 -0.1254665 -0.1310365
8 -0.0286507 -0.7759532 -0.0008329
5
-114.633     ts77     dynamics     sesquiterpene     TS     runpoint      4     runisomer      131
6 -0.0625278 0.6573923 0.0223387
1 -0.2406115 1.2647933 0.8674140
1 -0.1130877 1.1464320 -0.9554519
1 1.0780353 -0.1664572 -0.1392489
8 -0.0266841 -0.7717224 -0.0024382
5
-114.641     ts77     dynamics     sesquiterpene     TS     runpoint      5     runisomer      131
6 -0.0664536 0.6475721 0.0191187
1 -0.2527586 1.3428542 0.9200659
1 -0.1032066 1.1476568 -0.9425178
1 1.0783494 -0.2155860 -0.1425812
8 -0.0236162 -0.7662553 -0.0039440
5
-114.641     ts77     dynamics     sesquiterpene     TS     runpoint      6     runisomer      131
6 -0.0700239 0.6389529 0.0163872
1 -0.2639111 1.4027044 0.9620296
1 -0.0961622 1.1484346 -0.9307990
1 1.0513042 -0.2792310 -0.1412167
8 -0.0189753 -0.7595987 -0.0053621
5
-114.643     ts77     dynamics     sesquiterpene     TS     runpoint      7     runisomer      131
6 -0.0740969 0.6329443 0.0152801
1 -0.2720337 1.4353935 0.9836591
1 -0.0913933 1.1496529 -0.9232420
1 0.9971926 -0.3654887 -0.1358637
8 -0.0122987 -0.7517929 -0.0067070
5
-114.653     ts77     dynamics     sesquiterpene     TS     runpoint      8     runisomer      131
6 -0.0794922 0.6304770 0.0162642
1 -0.2762944 1.4374172 0.9819002
1 -0.0880473 1.1516790 -0.9213130
1 0.9244076 -0.4800446 -0.1283171
8 -0.0036081 -0.7429801 -0.0079309
5
-114.667     ts77     dynamics     sesquiterpene     TS     runpoint      9     runisomer      131
6 -0.0866269 0.6319658 0.0193173
1 -0.2764581 1.4082814 0.9570257
1 -0.0852734 1.1540635 -0.9246279
1 0.8632212 -0.6187927 -0.1231372
8 0.0054355 -0.7336697 -0.0087714
5
-114.674     ts77     dynamics     sesquiterpene     TS     runpoint      10     runisomer      131
6 -0.0952706 0.6371009 0.0239137
1 -0.2729245 1.3504804 0.9126083
1 -0.0824817 1.1558156 -0.9312373
1 0.8725628 -0.7722501 -0.1286023
8 0.0109338 -0.7243224 -0.0086594
5
-114.694     ts77     dynamics     sesquiterpene     TS     runpoint      11     runisomer      131
6 -0.1046803 0.6447714 0.0288384
1 -0.2673380 1.2722200 0.8588566
1 -0.0794098 1.1560620 -0.9383934
1 0.9476964 -0.9413868 -0.1443285
8 0.0127135 -0.7145042 -0.0075235
5
-114.712     ts77     dynamics     sesquiterpene     TS     runpoint      12     runisomer      131
6 -0.1139052 0.6530195 0.0317813
1 -0.2639452 1.1922565 0.8193934
1 -0.0760414 1.1546118 -0.9434325
1 1.0189958 -1.1102938 -0.1602117
8 0.0147172 -0.7049203 -0.0059268
5
-114.69     ts77     dynamics     sesquiterpene     TS     runpoint      13     runisomer      131
6 -0.1219523 0.6592260 0.0294880
1 -0.2694419 1.1372223 0.8308405
1 -0.0725464 1.1523014 -0.9444774
1 1.0547789 -1.2587409 -0.1710319
8 0.0186266 -0.6966089 -0.0041805
5
-114.664     ts77     dynamics     sesquiterpene     TS     runpoint      14     runisomer      131
6 -0.1283535 0.6622281 0.0209697
1 -0.2859043 1.1151537 0.9057118
1 -0.0691356 1.1511450 -0.9414392
1 1.0520726 -1.3761357 -0.1758423
8 0.0244239 -0.6900009 -0.0023966
5
-114.659     ts77     dynamics     sesquiterpene     TS     runpoint      15     runisomer      131
6 -0.1334643 0.6629921 0.0095107
1 -0.3069486 1.1081348 1.0088790
1 -0.0658367 1.1540861 -0.9366857
1 1.0166229 -1.4587225 -0.1752298
8 0.0316108 -0.6851137 -0.0006389
5
-114.653     ts77     dynamics     sesquiterpene     TS     runpoint      16     runisomer      131
6 -0.1377197 0.6623836 -0.0012673
1 -0.3260648 1.1010465 1.1023596
1 -0.0624443 1.1640115 -0.9336493
1 0.9538819 -1.5043389 -0.1699286
8 0.0397492 -0.6819626 0.0010313
5
-114.646     ts77     dynamics     sesquiterpene     TS     runpoint      17     runisomer      131
6 -0.1413387 0.6608600 -0.0093936
1 -0.3399785 1.0881898 1.1658520
1 -0.0586585 1.1823081 -0.9342177
1 0.8661819 -1.5088917 -0.1603878
8 0.0486290 -0.6808761 0.0025615
5
-114.647     ts77     dynamics     sesquiterpene     TS     runpoint      18     runisomer      131
6 -0.1444274 0.6589014 -0.0142188
1 -0.3475629 1.0683805 1.1910360
1 -0.0543061 1.2078019 -0.9370525
1 0.7546592 -1.4675198 -0.1472050
8 0.0581773 -0.6823720 0.0039426
5
-114.66     ts77     dynamics     sesquiterpene     TS     runpoint      19     runisomer      131
6 -0.1470865 0.6569057 -0.0157867
1 -0.3487411 1.0420903 1.1753897
1 -0.0494634 1.2369307 -0.9382592
1 0.6289975 -1.3862666 -0.1330709
8 0.0678599 -0.6861744 0.0052904
5
-114.667     ts77     dynamics     sesquiterpene     TS     runpoint      20     runisomer      131
6 -0.1494044 0.6549817 -0.0144667
1 -0.3440512 1.0107600 1.1201889
1 -0.0443712 1.2650413 -0.9335098
1 0.5317386 -1.3153915 -0.1292240
8 0.0751110 -0.6889934 0.0072353
5
-114.632     ts77     dynamics     sesquiterpene     TS     runpoint      21     runisomer      131
6 -0.1513677 0.6530443 -0.0110363
1 -0.3349618 0.9774198 1.0326566
1 -0.0392067 1.2879965 -0.9198664
1 0.5421781 -1.3664643 -0.1621830
8 0.0750292 -0.6836664 0.0113924
5
-114.668     ts77     dynamics     sesquiterpene     TS     runpoint      22     runisomer      131
6 -0.1527419 0.6510893 -0.0072810
1 -0.3251979 0.9489156 0.9330932
1 -0.0339475 1.3035344 -0.8967948
1 0.6097786 -1.4758429 -0.2218178
8 0.0708540 -0.6744898 0.0171509
5
-114.679     ts77     dynamics     sesquiterpene     TS     runpoint      23     runisomer      131
6 -0.1529142 0.6486628 -0.0066588
1 -0.3224821 0.9383490 0.8634093
1 -0.0282833 1.3115294 -0.8665974
1 0.6754934 -1.5575754 -0.2860636
8 0.0663148 -0.6673575 0.0232191
5
-114.647     ts77     dynamics     sesquiterpene     TS     runpoint      24     runisomer      131
6 -0.1511809 0.6448463 -0.0125345
1 -0.3353048 0.9594734 0.8675637
1 -0.0214941 1.3140484 -0.8347077
1 0.7235525 -1.5883944 -0.3459850
8 0.0623674 -0.6640425 0.0291300
5
-114.64     ts77     dynamics     sesquiterpene     TS     runpoint      25     runisomer      131
6 -0.1478487 0.6398465 -0.0230978
1 -0.3609021 1.0068129 0.9317454
1 -0.0122684 1.3153546 -0.8094671
1 0.7519887 -1.5670922 -0.3981180
8 0.0591070 -0.6647004 0.0347031
5
-114.652     ts77     dynamics     sesquiterpene     TS     runpoint      26     runisomer      131
6 -0.1439899 0.6348353 -0.0337067
1 -0.3888520 1.0615891 1.0085840
1 0.0010989 1.3202897 -0.7989053
1 0.7597195 -1.4960137 -0.4399334
8 0.0566435 -0.6691810 0.0397875
5
-114.661     ts77     dynamics     sesquiterpene     TS     runpoint      27     runisomer      131
6 -0.1404511 0.6308217 -0.0415741
1 -0.4120375 1.1101093 1.0675403
1 0.0198666 1.3305914 -0.8059030
1 0.7439487 -1.3775004 -0.4685930
8 0.0552615 -0.6773441 0.0442203
5
-114.673     ts77     dynamics     sesquiterpene     TS     runpoint      28     runisomer      131
6 -0.1376814 0.6285908 -0.0458762
1 -0.4273344 1.1454913 1.0955715
1 0.0440212 1.3427152 -0.8266726
1 0.7049913 -1.2194246 -0.4834010
8 0.0550817 -0.6886236 0.0479210
5
-114.688     ts77     dynamics     sesquiterpene     TS     runpoint      29     runisomer      131
6 -0.1358885 0.6287351 -0.0466755
1 -0.4336010 1.1646439 1.0880670
1 0.0722899 1.3498729 -0.8537092
1 0.6585891 -1.0442612 -0.4955423
8 0.0552762 -0.7014271 0.0514603
5
-114.686     ts77     dynamics     sesquiterpene     TS     runpoint      30     runisomer      131
6 -0.1352239 0.6316385 -0.0442155
1 -0.4307117 1.1666257 1.0445444
1 0.1028295 1.3455959 -0.8796334
1 0.6486037 -0.8865145 -0.5431084
8 0.0533009 -0.7134003 0.0569844
5
-114.687     ts77     dynamics     sesquiterpene     TS     runpoint      31     runisomer      131
6 -0.1358300 0.6374870 -0.0387921
1 -0.4196604 1.1527877 0.9685748
1 0.1338424 1.3259125 -0.8992010
1 0.6893127 -0.7507724 -0.6421382
8 0.0485413 -0.7242277 0.0651710
5
-114.705     ts77     dynamics     sesquiterpene     TS     runpoint      32     runisomer      131
6 -0.1375994 0.6459061 -0.0312470
1 -0.4036994 1.1286392 0.8715741
1 0.1637843 1.2902346 -0.9096385
1 0.7354465 -0.6303311 -0.7456945
8 0.0440701 -0.7343632 0.0728018
5
-114.695     ts77     dynamics     sesquiterpene     TS     runpoint      33     runisomer      131
6 -0.1398430 0.6553866 -0.0238106
1 -0.3909626 1.1083895 0.7811317
1 0.1914381 1.2413090 -0.9105532
1 0.7612572 -0.5314886 -0.8225556
8 0.0415833 -0.7433445 0.0778190
5
-114.662     ts77     dynamics     sesquiterpene     TS     runpoint      34     runisomer      131
6 -0.1412740 0.6631840 -0.0202184
1 -0.3959309 1.1174666 0.7431822
1 0.2162958 1.1846072 -0.9040983
1 0.7606481 -0.4606837 -0.8627144
8 0.0414424 -0.7506549 0.0796351
5
-114.639     ts77     dynamics     sesquiterpene     TS     runpoint      35     runisomer      131
6 -0.1412724 0.6674652 -0.0218889
1 -0.4262668 1.1690308 0.7783172
1 0.2392888 1.1275728 -0.8954630
1 0.7340934 -0.4224355 -0.8641054
8 0.0435770 -0.7559321 0.0782151
5
-114.65     ts77     dynamics     sesquiterpene     TS     runpoint      36     runisomer      131
6 -0.1410806 0.6693676 -0.0251211
1 -0.4694972 1.2414473 0.8486210
1 0.2630439 1.0783334 -0.8921396
1 0.6840329 -0.4203599 -0.8274345
8 0.0478154 -0.7589504 0.0736867
5
-114.664     ts77     dynamics     sesquiterpene     TS     runpoint      37     runisomer      131
6 -0.1421756 0.6705262 -0.0261779
1 -0.5106899 1.3098440 0.9142009
1 0.2902514 1.0429336 -0.8995981
1 0.6151222 -0.4568896 -0.7569522
8 0.0538594 -0.7595956 0.0663736
5
-114.672     ts77     dynamics     sesquiterpene     TS     runpoint      38     runisomer      131
6 -0.1452429 0.6719684 -0.0236005
1 -0.5416183 1.3610036 0.9556807
1 0.3210574 1.0226398 -0.9163958
1 0.5399737 -0.5297189 -0.6693300
8 0.0609018 -0.7580338 0.0573614
5
-114.665     ts77     dynamics     sesquiterpene     TS     runpoint      39     runisomer      131
6 -0.1502117 0.6742883 -0.0175850
1 -0.5586256 1.3890515 0.9661502
1 0.3523702 1.0143883 -0.9345748
1 0.4957277 -0.6230574 -0.6203159
8 0.0665155 -0.7551411 0.0502415
5
-114.638     ts77     dynamics     sesquiterpene     TS     runpoint      40     runisomer      131
6 -0.1564568 0.6775312 -0.0091902
1 -0.5603854 1.3914930 0.9445757
1 0.3794540 1.0146066 -0.9446291
1 0.5332476 -0.7204704 -0.6921806
8 0.0672408 -0.7516041 0.0504619
5
-114.675     ts77     dynamics     sesquiterpene     TS     runpoint      41     runisomer      131
6 -0.1630982 0.6813709 0.0001563
1 -0.5473926 1.3682846 0.8939639
1 0.3977932 1.0220898 -0.9393646
1 0.6043280 -0.8314110 -0.8138826
8 0.0657701 -0.7465039 0.0539729
5
-114.693     ts77     dynamics     sesquiterpene     TS     runpoint      42     runisomer      131
6 -0.1692764 0.6853270 0.0089357
1 -0.5228314 1.3233165 0.8229647
1 0.4045981 1.0361897 -0.9153218
1 0.6617901 -0.9463130 -0.9125268
8 0.0648077 -0.7402872 0.0565573
5
-114.682     ts77     dynamics     sesquiterpene     TS     runpoint      43     runisomer      131
6 -0.1740233 0.6883138 0.0152138
1 -0.4950046 1.2689245 0.7513086
1 0.3995026 1.0561419 -0.8732892
1 0.6919093 -1.0523613 -0.9671483
8 0.0650397 -0.7336756 0.0571523
5
-114.659     ts77     dynamics     sesquiterpene     TS     runpoint      44     runisomer      131
6 -0.1760941 0.6881463 0.0162302
1 -0.4795213 1.2300733 0.7147468
1 0.3851805 1.0818391 -0.8187709
1 0.6927886 -1.1405506 -0.9752961
8 0.0664659 -0.7271647 0.0557685
5
-114.641     ts77     dynamics     sesquiterpene     TS     runpoint      45     runisomer      131
6 -0.1748137 0.6828763 0.0101800
1 -0.4898752 1.2275251 0.7439151
1 0.3680465 1.1150563 -0.7622909
1 0.6652067 -1.2043560 -0.9386482
8 0.0689764 -0.7211244 0.0525994
5
-114.654     ts77     dynamics     sesquiterpene     TS     runpoint      46     runisomer      131
6 -0.1715898 0.6734418 -0.0003977
1 -0.5188674 1.2462403 0.8218971
1 0.3575162 1.1600973 -0.7173556
1 0.6103413 -1.2383917 -0.8594211
8 0.0725049 -0.7159194 0.0477946
5
-114.68     ts77     dynamics     sesquiterpene     TS     runpoint      47     runisomer      131
6 -0.1684572 0.6619090 -0.0115344
1 -0.5503781 1.2590471 0.9106111
1 0.3605876 1.2204972 -0.6923485
1 0.5309193 -1.2391000 -0.7423107
8 0.0769513 -0.7118348 0.0416023
5
-114.7     ts77     dynamics     sesquiterpene     TS     runpoint      48     runisomer      131
6 -0.1662926 0.6498890 -0.0213427
1 -0.5742411 1.2515241 0.9852677
1 0.3756978 1.2922217 -0.6832837
1 0.4372580 -1.2120294 -0.6050067
8 0.0817805 -0.7085685 0.0350310
5
-114.692     ts77     dynamics     sesquiterpene     TS     runpoint      49     runisomer      131
6 -0.1650244 0.6387411 -0.0295833
1 -0.5860184 1.2194798 1.0341252
1 0.3952452 1.3636805 -0.6790517
1 0.3634453 -1.1999834 -0.5089908
8 0.0849910 -0.7034487 0.0318147
5
-114.641     ts77     dynamics     sesquiterpene     TS     runpoint      50     runisomer      131
6 -0.1643884 0.6295939 -0.0364504
1 -0.5842471 1.1635082 1.0521928
1 0.4120906 1.4228082 -0.6703957
1 0.3526017 -1.2856056 -0.5423970
8 0.0840251 -0.6913915 0.0373852
5
-114.674     ts77     dynamics     sesquiterpene     TS     runpoint      51     runisomer      131
6 -0.1643027 0.6235413 -0.0422022
1 -0.5691149 1.0868099 1.0383011
1 0.4221800 1.4617161 -0.6526349
1 0.3613499 -1.4005342 -0.6263678
8 0.0818217 -0.6772300 0.0467447
