5
-114.654160 ts77 dynamics sesquiterpene TS runpoint 1  runisomer  173
6 -0.0375564 0.6026137 0.0105311
1 -0.2409647 1.2819273 0.9390496
1 -0.2253254 1.1776748 -0.9717231
1 0.9101703 -0.0695740 -0.0219387
8 -0.0277465 -0.7397779 -0.0044602
5
-114.642 ts77 dynamics sesquiterpene TS runpoint 2  runisomer  173
6 -0.0299801 0.60628 -0.000691308
1 -0.262654 1.28368 0.949613
1 -0.251985 1.18239 -0.894188
1 0.884052 -0.0515661 0.00219116
8 -0.0287384 -0.744071 -0.00311184
5
-114.64     ts77     dynamics     sesquiterpene     TS     runpoint      3     runisomer      173
6 -0.0240792 0.6135757 -0.0104666
1 -0.2798794 1.2660969 0.9452913
1 -0.2789952 1.1833007 -0.8209273
1 0.8927169 -0.0333267 0.0266346
8 -0.0309231 -0.7496437 -0.0016617
5
-114.638     ts77     dynamics     sesquiterpene     TS     runpoint      4     runisomer      173
6 -0.0194276 0.6227854 -0.0168692
1 -0.2912280 1.2302608 0.9276947
1 -0.3110554 1.1921746 -0.7747181
1 0.9347512 -0.0118649 0.0516058
8 -0.0343251 -0.7562072 -0.0002354
5
-114.639     ts77     dynamics     sesquiterpene     TS     runpoint      5     runisomer      173
6 -0.0148818 0.6317678 -0.0189001
1 -0.2965757 1.1801475 0.9020941
1 -0.3523312 1.2174014 -0.7700197
1 0.9987612 0.0194001 0.0761100
8 -0.0388306 -0.7633487 0.0010621
5
-114.647     ts77     dynamics     sesquiterpene     TS     runpoint      6     runisomer      173
6 -0.0095024 0.6392261 -0.0176669
1 -0.2977281 1.1228063 0.8780280
1 -0.3994702 1.2532765 -0.7997728
1 1.0709771 0.0687090 0.0980926
8 -0.0443744 -0.7706994 0.0021430
5
-114.653     ts77     dynamics     sesquiterpene     TS     runpoint      7     runisomer      173
6 -0.0027563 0.6445151 -0.0155980
1 -0.2987910 1.0676680 0.8686635
1 -0.4431264 1.2862565 -0.8446851
1 1.1401481 0.1431389 0.1152933
8 -0.0509748 -0.7779611 0.0029270
5
-114.654     ts77     dynamics     sesquiterpene     TS     runpoint      8     runisomer      173
6 0.0057408 0.6471928 -0.0147632
1 -0.3045128 1.0227781 0.8848940
1 -0.4749048 1.3059910 -0.8877881
1 1.1978587 0.2459967 0.1257650
8 -0.0586223 -0.7848663 0.0033342
5
-114.657     ts77     dynamics     sesquiterpene     TS     runpoint      9     runisomer      173
6 0.0160978 0.6473082 -0.0157404
1 -0.3164347 0.9900608 0.9254209
1 -0.4900078 1.3074566 -0.9182912
1 1.2373681 0.3758839 0.1280023
8 -0.0671775 -0.7911673 0.0032948
5
-114.665     ts77     dynamics     sesquiterpene     TS     runpoint      10     runisomer      173
6 0.0280633 0.6454248 -0.0177143
1 -0.3317579 0.9662263 0.9763611
1 -0.4867631 1.2892325 -0.9303375
1 1.2534302 0.5276176 0.1210823
8 -0.0764051 -0.7966644 0.0027621
5
-114.675     ts77     dynamics     sesquiterpene     TS     runpoint      11     runisomer      173
6 0.0412449 0.6422483 -0.0195247
1 -0.3463253 0.9471093 1.0216928
1 -0.4660298 1.2522687 -0.9216563
1 1.2431817 0.6936298 0.1050471
8 -0.0860367 -0.8012066 0.0017281
5
-114.686     ts77     dynamics     sesquiterpene     TS     runpoint      12     runisomer      173
6 0.0553583 0.6383354 -0.0203789
1 -0.3572065 0.9291776 1.0504636
1 -0.4315782 1.1998510 -0.8934148
1 1.2072234 0.8654645 0.0813913
8 -0.0958443 -0.8046659 0.0002673
5
-114.695     ts77     dynamics     sesquiterpene     TS     runpoint      13     runisomer      173
6 0.0703456 0.6339384 -0.0197550
1 -0.3635643 0.9094204 1.0573912
1 -0.3913501 1.1381565 -0.8518365
1 1.1502822 1.0347565 0.0529622
8 -0.1056341 -0.8069023 -0.0014661
5
-114.654160 ts77 dynamics sesquiterpene TS runpoint 1  runisomer  173
6 -0.0375564 0.6026137 0.0105311
1 -0.2409647 1.2819273 0.9390496
1 -0.2253254 1.1776748 -0.9717231
1 0.9101703 -0.0695740 -0.0219387
8 -0.0277465 -0.7397779 -0.0044602
5
-114.642 ts77 dynamics sesquiterpene TS runpoint 2  runisomer  173
6 -0.0462303 0.603026 0.0214047
1 -0.217135 1.26285 0.915727
1 -0.197311 1.16266 -1.03584
1 0.9604 -0.087277 -0.0460877
8 -0.0276705 -0.736824 -0.0055872
5
-114.642     ts77     dynamics     sesquiterpene     TS     runpoint      3     runisomer      173
6 -0.0549287 0.6069045 0.0303111
1 -0.1941642 1.2324916 0.8866121
1 -0.1683622 1.1360270 -1.0760924
1 1.0182206 -0.1037150 -0.0697858
8 -0.0280594 -0.7351073 -0.0064046
5
-114.637     ts77     dynamics     sesquiterpene     TS     runpoint      4     runisomer      173
6 -0.0626232 0.6129897 0.0355793
1 -0.1753344 1.2014772 0.8644959
1 -0.1397675 1.0994985 -1.0873724
1 1.0686343 -0.1184564 -0.0919038
8 -0.0284508 -0.7344869 -0.0068599
5
-114.63     ts77     dynamics     sesquiterpene     TS     runpoint      5     runisomer      173
6 -0.0686091 0.6198373 0.0357077
1 -0.1632226 1.1820612 0.8646052
1 -0.1130914 1.0566125 -1.0686877
1 1.1012460 -0.1320862 -0.1111933
8 -0.0284586 -0.7348391 -0.0069260
5
-114.626     ts77     dynamics     sesquiterpene     TS     runpoint      6     runisomer      173
6 -0.0726391 0.6265604 0.0304170
1 -0.1583539 1.1797252 0.8932057
1 -0.0899371 1.0125948 -1.0239994
1 1.1099992 -0.1464934 -0.1266233
8 -0.0277528 -0.7360543 -0.0066026
5
-114.631     ts77     dynamics     sesquiterpene     TS     runpoint      7     runisomer      173
6 -0.0749138 0.6331015 0.0215759
1 -0.1591792 1.1888472 0.9400284
1 -0.0716934 0.9751668 -0.9655562
1 1.0920812 -0.1652362 -0.1374962
8 -0.0260151 -0.7379967 -0.0059184
5
-114.635     ts77     dynamics     sesquiterpene     TS     runpoint      8     runisomer      173
6 -0.0760005 0.6395189 0.0127963
1 -0.1635234 1.1996652 0.9871355
1 -0.0589446 0.9553211 -0.9178143
1 1.0473663 -0.1939832 -0.1434995
8 -0.0229122 -0.7404305 -0.0049295
5
-114.634     ts77     dynamics     sesquiterpene     TS     runpoint      9     runisomer      173
6 -0.0767859 0.6456037 0.0079070
1 -0.1695600 1.2051314 1.0201170
1 -0.0508545 0.9643891 -0.9103788
1 0.9790379 -0.2405232 -0.1448988
8 -0.0181476 -0.7429792 -0.0037215
5
-114.643     ts77     dynamics     sesquiterpene     TS     runpoint      10     runisomer      173
6 -0.0783132 0.6516116 0.0082561
1 -0.1760401 1.2020595 1.0314243
1 -0.0458482 1.0042123 -0.9491676
1 0.8963359 -0.3130986 -0.1431572
8 -0.0116993 -0.7452283 -0.0023636
5
-114.662     ts77     dynamics     sesquiterpene     TS     runpoint      11     runisomer      173
6 -0.0814146 0.6585389 0.0120417
1 -0.1823744 1.1902667 1.0197048
1 -0.0429619 1.0637276 -1.0081748
1 0.8225502 -0.4140820 -0.1425654
8 -0.0045060 -0.7470677 -0.0007871
5
-114.667     ts77     dynamics     sesquiterpene     TS     runpoint      12     runisomer      173
6 -0.0863169 0.6670094 0.0167349
1 -0.1887472 1.1722387 0.9892083
1 -0.0418848 1.1290102 -1.0587955
1 0.8081533 -0.5309924 -0.1529757
8 0.0004117 -0.7490328 0.0014576
5
-114.666     ts77     dynamics     sesquiterpene     TS     runpoint      13     runisomer      173
6 -0.0925211 0.6765045 0.0201524
1 -0.1961652 1.1534557 0.9503848
1 -0.0426859 1.1900143 -1.0844464
1 0.8904016 -0.6549344 -0.1832444
8 0.0004015 -0.7510072 0.0048625
5
-114.689     ts77     dynamics     sesquiterpene     TS     runpoint      14     runisomer      173
6 -0.0992081 0.6858225 0.0203269
1 -0.2063229 1.1419786 0.9195444
1 -0.0454535 1.2407148 -1.0783561
1 1.0066100 -0.7936962 -0.2220231
8 -0.0010887 -0.7517244 0.0087337
5
-114.692     ts77     dynamics     sesquiterpene     TS     runpoint      15     runisomer      173
6 -0.1057078 0.6938917 0.0158583
1 -0.2208750 1.1448069 0.9122573
1 -0.0500218 1.2776196 -1.0399040
1 1.0968286 -0.9391547 -0.2560166
8 -0.0006926 -0.7511138 0.0122641
5
-114.68     ts77     dynamics     sesquiterpene     TS     runpoint      16     runisomer      173
6 -0.1116693 0.7002580 0.0069008
1 -0.2398960 1.1617345 0.9310510
1 -0.0558849 1.2994628 -0.9736340
1 1.1407705 -1.0781428 -0.2797319
8 0.0025780 -0.7495735 0.0151174
5
-114.672     ts77     dynamics     sesquiterpene     TS     runpoint      17     runisomer      173
6 -0.1170547 0.7049154 -0.0045206
1 -0.2613540 1.1847876 0.9634542
1 -0.0620185 1.3087035 -0.8909478
1 1.1363511 -1.2004092 -0.2918976
8 0.0086353 -0.7473976 0.0171995
5
-114.665     ts77     dynamics     sesquiterpene     TS     runpoint      18     runisomer      173
6 -0.1220123 0.7075240 -0.0152689
1 -0.2825278 1.2043968 0.9935950
1 -0.0665703 1.3147355 -0.8128839
1 1.0866420 -1.2982800 -0.2927216
8 0.0171064 -0.7448034 0.0184963
5
-114.656     ts77     dynamics     sesquiterpene     TS     runpoint      19     runisomer      173
6 -0.1267390 0.7070565 -0.0220958
1 -0.3013557 1.2136844 1.0106087
1 -0.0668374 1.3342841 -0.7668929
1 0.9952993 -1.3649618 -0.2828223
8 0.0276100 -0.7420664 0.0190225
5
-114.655     ts77     dynamics     sesquiterpene     TS     runpoint      20     runisomer      173
6 -0.1313468 0.7029048 -0.0234309
1 -0.3167531 1.2089559 1.0097673
1 -0.0606127 1.3775830 -0.7670948
1 0.8672363 -1.3944646 -0.2634330
8 0.0397130 -0.7395203 0.0188674
5
-114.671     ts77     dynamics     sesquiterpene     TS     runpoint      21     runisomer      173
6 -0.1357318 0.6961344 -0.0204788
1 -0.3284788 1.1891540 0.9912730
1 -0.0480684 1.4329908 -0.8000091
1 0.7143313 -1.3863304 -0.2383301
8 0.0525842 -0.7371941 0.0183079
5
-114.684     ts77     dynamics     sesquiterpene     TS     runpoint      22     runisomer      173
6 -0.1396560 0.6882859 -0.0156071
1 -0.3371423 1.1558490 0.9597416
1 -0.0311087 1.4799930 -0.8429094
1 0.5691769 -1.3632199 -0.2200317
8 0.0641496 -0.7336230 0.0181881
5
-114.661     ts77     dynamics     sesquiterpene     TS     runpoint      23     runisomer      173
6 -0.1428593 0.6800819 -0.0110701
1 -0.3444897 1.1138067 0.9249811
1 -0.0118041 1.5044992 -0.8797024
1 0.4899778 -1.3958644 -0.2379913
8 0.0707888 -0.7243038 0.0204227
5
-114.65     ts77     dynamics     sesquiterpene     TS     runpoint      24     runisomer      173
6 -0.1450650 0.6716223 -0.0089693
1 -0.3536021 1.0709272 0.9018387
1 0.0081369 1.5004026 -0.9016534
1 0.4715608 -1.4984860 -0.2998340
8 0.0729213 -0.7085289 0.0255837
5
-114.666     ts77     dynamics     sesquiterpene     TS     runpoint      25     runisomer      173
6 -0.1460581 0.6630445 -0.0109643
1 -0.3677437 1.0350105 0.9040486
1 0.0273915 1.4668898 -0.9047715
1 0.4624181 -1.5938395 -0.3764438
8 0.0739189 -0.6917090 0.0319646
5
-114.66     ts77     dynamics     sesquiterpene     TS     runpoint      26     runisomer      173
6 -0.1459159 0.6548753 -0.0173550
1 -0.3875551 1.0084044 0.9326823
1 0.0451215 1.4067691 -0.8887083
1 0.4433502 -1.6425488 -0.4504623
8 0.0751441 -0.6770437 0.0386071
5
-114.656     ts77     dynamics     sesquiterpene     TS     runpoint      27     runisomer      173
6 -0.1451346 0.6477669 -0.0267718
1 -0.4101096 0.9879615 0.9740450
1 0.0614815 1.3271220 -0.8579168
1 0.4105110 -1.6341771 -0.5149886
8 0.0770162 -0.6659304 0.0451910
5
-114.66     ts77     dynamics     sesquiterpene     TS     runpoint      28     runisomer      173
6 -0.1445194 0.6417190 -0.0367700
1 -0.4313776 0.9700487 1.0105528
1 0.0789162 1.2417976 -0.8250898
1 0.3636410 -1.5681861 -0.5664510
8 0.0797474 -0.6590434 0.0515653
5
-114.667     ts77     dynamics     sesquiterpene     TS     runpoint      29     runisomer      173
6 -0.1450811 0.6357157 -0.0443355
1 -0.4482031 0.9534215 1.0292609
1 0.1036047 1.1718106 -0.8132298
1 0.3041347 -1.4491488 -0.6026630
8 0.0834210 -0.6565793 0.0575958
