5
-114.654160 ts77 dynamics sesquiterpene TS runpoint 1  runisomer  169
6 -0.0381003 0.6341783 0.0134657
1 -0.2933087 1.1386521 0.8289649
1 -0.1685251 1.1869456 -0.9211164
1 0.9538407 -0.0710202 -0.1368643
8 -0.0303710 -0.7549236 0.0043270
5
-114.645 ts77 dynamics sesquiterpene TS runpoint 2  runisomer  169
6 -0.0425591 0.640159 0.019997
1 -0.268061 1.17638 0.776452
1 -0.169769 1.19887 -0.918258
1 1.02033 -0.0425293 -0.122745
8 -0.0327273 -0.764334 0.00166588
5
-114.634     ts77     dynamics     sesquiterpene     TS     runpoint      3     runisomer      169
6 -0.0445551 0.6429242 0.0211715
1 -0.2578910 1.2442677 0.7828478
1 -0.1729801 1.2050808 -0.9159638
1 1.0812344 -0.0045721 -0.1043346
8 -0.0355046 -0.7734684 -0.0009231
5
-114.639     ts77     dynamics     sesquiterpene     TS     runpoint      4     runisomer      169
6 -0.0436593 0.6427341 0.0184316
1 -0.2566949 1.3279021 0.8292854
1 -0.1783775 1.2045284 -0.9149015
1 1.1303803 0.0508900 -0.0812174
8 -0.0390085 -0.7820539 -0.0033165
5
-114.646     ts77     dynamics     sesquiterpene     TS     runpoint      5     runisomer      169
6 -0.0398175 0.6408228 0.0142915
1 -0.2565466 1.4030119 0.8855468
1 -0.1864128 1.1972279 -0.9158084
1 1.1649265 0.1298426 -0.0536366
8 -0.0435708 -0.7898666 -0.0054365
5
-114.647     ts77     dynamics     sesquiterpene     TS     runpoint      6     runisomer      169
6 -0.0329096 0.6379086 0.0103708
1 -0.2536336 1.4544357 0.9328300
1 -0.1975913 1.1839548 -0.9190619
1 1.1830513 0.2345438 -0.0222671
8 -0.0493758 -0.7966807 -0.0072462
5
-114.648     ts77     dynamics     sesquiterpene     TS     runpoint      7     runisomer      169
6 -0.0228329 0.6343371 0.0074814
1 -0.2472173 1.4757400 0.9622230
1 -0.2123827 1.1657569 -0.9245666
1 1.1830936 0.3631505 0.0118091
8 -0.0564123 -0.8022995 -0.0087303
5
-114.655     ts77     dynamics     sesquiterpene     TS     runpoint      8     runisomer      169
6 -0.0096806 0.6304645 0.0059909
1 -0.2382254 1.4650966 0.9700073
1 -0.2310785 1.1435284 -0.9316050
1 1.1648775 0.5102360 0.0469915
8 -0.0645210 -0.8065909 -0.0098758
5
-114.667     ts77     dynamics     sesquiterpene     TS     runpoint      9     runisomer      169
6 0.0060592 0.6267728 0.0059885
1 -0.2287378 1.4231369 0.9554381
1 -0.2535745 1.1178323 -0.9387614
1 1.1321905 0.6677400 0.0811822
8 -0.0734517 -0.8094817 -0.0106595
5
-114.68     ts77     dynamics     sesquiterpene     TS     runpoint      10     runisomer      169
6 0.0234338 0.6236795 0.0072762
1 -0.2220373 1.3526609 0.9206687
1 -0.2792097 1.0890443 -0.9440853
1 1.0940268 0.8269394 0.1120665
8 -0.0828910 -0.8109373 -0.0110455
5
-114.654160 ts77 dynamics sesquiterpene TS runpoint 1  runisomer  169
6 -0.0381003 0.6341783 0.0134657
1 -0.2933087 1.1386521 0.8289649
1 -0.1685251 1.1869456 -0.9211164
1 0.9538407 -0.0710202 -0.1368643
8 -0.0303710 -0.7549236 0.0043270
5
-114.645 ts77 dynamics sesquiterpene TS runpoint 2  runisomer  169
6 -0.0327216 0.627082 0.00371223
1 -0.328107 1.11891 0.918778
1 -0.169439 1.17144 -0.924704
1 0.892835 -0.0986751 -0.148081
8 -0.0283128 -0.745636 0.0069183
5
-114.651     ts77     dynamics     sesquiterpene     TS     runpoint      3     runisomer      169
6 -0.0283697 0.6213795 -0.0058435
1 -0.3620988 1.1009308 1.0103850
1 -0.1730214 1.1550912 -0.9300643
1 0.8516349 -0.1340166 -0.1587678
8 -0.0266161 -0.7369671 0.0093253
5
-114.643     ts77     dynamics     sesquiterpene     TS     runpoint      4     runisomer      169
6 -0.0263861 0.6186332 -0.0128727
1 -0.3886584 1.0779778 1.0808984
1 -0.1797929 1.1404945 -0.9383230
1 0.8417977 -0.1842928 -0.1715675
8 -0.0253859 -0.7293712 0.0114808
5
-114.636     ts77     dynamics     sesquiterpene     TS     runpoint      5     runisomer      169
6 -0.0272587 0.6194729 -0.0162528
1 -0.4051546 1.0494826 1.1196426
1 -0.1899915 1.1294000 -0.9496627
1 0.8650118 -0.2547330 -0.1880338
8 -0.0245135 -0.7230670 0.0133260
5
-114.639     ts77     dynamics     sesquiterpene     TS     runpoint      6     runisomer      169
6 -0.0309142 0.6239257 -0.0156596
1 -0.4112607 1.0172545 1.1226316
1 -0.2033921 1.1223567 -0.9626267
1 0.9109337 -0.3498860 -0.2076062
8 -0.0234385 -0.7179363 0.0147411
5
-114.652     ts77     dynamics     sesquiterpene     TS     runpoint      7     runisomer      169
6 -0.0371153 0.6317181 -0.0112906
1 -0.4079918 0.9840243 1.0898747
1 -0.2192779 1.1188865 -0.9742484
1 0.9616639 -0.4735811 -0.2278378
8 -0.0211907 -0.7136738 0.0155322
5
-114.671     ts77     dynamics     sesquiterpene     TS     runpoint      8     runisomer      169
6 -0.0455390 0.6422732 -0.0038420
1 -0.3977624 0.9534994 1.0260890
1 -0.2365755 1.1180571 -0.9809719
1 0.9991864 -0.6252127 -0.2456775
8 -0.0167927 -0.7100616 0.0155081
5
-114.691     ts77     dynamics     sesquiterpene     TS     runpoint      9     runisomer      169
6 -0.0555155 0.6545298 0.0051719
1 -0.3858174 0.9314524 0.9452589
1 -0.2541154 1.1190859 -0.9798411
1 1.0105436 -0.7971071 -0.2586621
8 -0.0096745 -0.7071014 0.0145830
5
-114.7     ts77     dynamics     sesquiterpene     TS     runpoint      10     runisomer      169
6 -0.0657319 0.6668852 0.0128850
1 -0.3829504 0.9272201 0.8777771
1 -0.2709714 1.1217116 -0.9695371
1 0.9891227 -0.9762607 -0.2653644
8 0.0002166 -0.7049794 0.0128192
5
-114.694     ts77     dynamics     sesquiterpene     TS     runpoint      11     runisomer      169
6 -0.0744278 0.6775256 0.0157726
1 -0.4036855 0.9513549 0.8634066
1 -0.2867925 1.1263369 -0.9513259
1 0.9341628 -1.1479720 -0.2653862
8 0.0125038 -0.7039531 0.0104095
5
-114.692     ts77     dynamics     sesquiterpene     TS     runpoint      12     runisomer      169
6 -0.0808270 0.6856134 0.0134902
1 -0.4500851 1.0028009 0.9071316
1 -0.3020482 1.1340764 -0.9298142
1 0.8498073 -1.2990158 -0.2592970
8 0.0265012 -0.7042305 0.0076268
5
-114.699     ts77     dynamics     sesquiterpene     TS     runpoint      13     runisomer      169
6 -0.0856007 0.6916121 0.0094224
1 -0.5071098 1.0657893 0.9724150
1 -0.3179783 1.1464535 -0.9119375
1 0.7436725 -1.4199049 -0.2485912
8 0.0413630 -0.7058622 0.0047627
5
-114.693     ts77     dynamics     sesquiterpene     TS     runpoint      14     runisomer      169
6 -0.0895051 0.6960983 0.0065431
1 -0.5602384 1.1249363 1.0273607
1 -0.3359233 1.1642688 -0.9034211
1 0.6250403 -1.5064357 -0.2356104
8 0.0562414 -0.7086236 0.0021047
5
-114.676     ts77     dynamics     sesquiterpene     TS     runpoint      15     runisomer      169
6 -0.0929871 0.6993682 0.0060898
1 -0.6016703 1.1710644 1.0569675
1 -0.3562648 1.1861447 -0.9053184
1 0.5029215 -1.5608829 -0.2234790
8 0.0704362 -0.7119310 -0.0000665
5
-114.661     ts77     dynamics     sesquiterpene     TS     runpoint      16     runisomer      169
6 -0.0964312 0.7016125 0.0080854
1 -0.6280892 1.1994632 1.0563578
1 -0.3779063 1.2083089 -0.9137250
1 0.3840226 -1.5923976 -0.2159584
8 0.0835357 -0.7148147 -0.0014712
5
-114.652     ts77     dynamics     sesquiterpene     TS     runpoint      17     runisomer      169
6 -0.1002768 0.7029992 0.0119808
1 -0.6384165 1.2079457 1.0256110
1 -0.3987170 1.2260574 -0.9226178
1 0.2703711 -1.6140371 -0.2167691
8 0.0955406 -0.7161438 -0.0018465
5
-114.651     ts77     dynamics     sesquiterpene     TS     runpoint      18     runisomer      169
6 -0.1049599 0.7036332 0.0170140
1 -0.6330681 1.1961991 0.9682798
1 -0.4163531 1.2355085 -0.9268955
1 0.1580910 -1.6342115 -0.2280367
8 0.1068995 -0.7152038 -0.0010329
5
-114.658     ts77     dynamics     sesquiterpene     TS     runpoint      19     runisomer      169
6 -0.1107410 0.7034405 0.0222045
1 -0.6147904 1.1665820 0.8928274
1 -0.4288444 1.2345378 -0.9239186
1 0.0405615 -1.6493094 -0.2489056
8 0.1182748 -0.7121811 0.0009525
5
-114.668     ts77     dynamics     sesquiterpene     TS     runpoint      20     runisomer      169
6 -0.1174022 0.7019133 0.0260568
1 -0.5913649 1.1265999 0.8168094
1 -0.4349334 1.2229591 -0.9138878
1 -0.0859473 -1.6472653 -0.2760138
8 0.1301485 -0.7079144 0.0039279
5
-114.67     ts77     dynamics     sesquiterpene     TS     runpoint      21     runisomer      169
6 -0.1239184 0.6978721 0.0262912
1 -0.5784927 1.0912340 0.7703547
1 -0.4343700 1.2024164 -0.8997612
1 -0.2199027 -1.6163752 -0.3050690
8 0.1426295 -0.7033053 0.0076190
5
-114.668     ts77     dynamics     sesquiterpene     TS     runpoint      22     runisomer      169
6 -0.1290292 0.6901082 0.0210713
1 -0.5920706 1.0754513 0.7817247
1 -0.4282310 1.1761871 -0.8869952
1 -0.3554922 -1.5499448 -0.3318994
8 0.1554752 -0.6990180 0.0117037
5
-114.681     ts77     dynamics     sesquiterpene     TS     runpoint      23     runisomer      169
6 -0.1329536 0.6789233 0.0118354
1 -0.6274722 1.0765522 0.8430373
1 -0.4189957 1.1487600 -0.8827792
1 -0.4843767 -1.4469861 -0.3528231
8 0.1681874 -0.6954547 0.0158214
5
-114.699     ts77     dynamics     sesquiterpene     TS     runpoint      24     runisomer      169
6 -0.1368952 0.6656768 0.0021719
1 -0.6662038 1.0808247 0.9207857
1 -0.4097267 1.1245388 -0.8934496
1 -0.5973738 -1.3118024 -0.3648026
8 0.1801177 -0.6927779 0.0195971
5
-114.704     ts77     dynamics     sesquiterpene     TS     runpoint      25     runisomer      169
6 -0.1415649 0.6516619 -0.0053094
1 -0.6952804 1.0790929 0.9884151
1 -0.4023959 1.1056356 -0.9203613
1 -0.6861252 -1.1534108 -0.3657126
8 0.1905818 -0.6909430 0.0226997
5
-114.698     ts77     dynamics     sesquiterpene     TS     runpoint      26     runisomer      169
6 -0.1471266 0.6381247 -0.0096526
1 -0.7093920 1.0678783 1.0319676
1 -0.3969650 1.0907960 -0.9579936
1 -0.7448293 -0.9845516 -0.3547505
8 0.1989985 -0.6897845 0.0248937
5
-114.687     ts77     dynamics     sesquiterpene     TS     runpoint      27     runisomer      169
6 -0.1535034 0.6263708 -0.0109462
1 -0.7073593 1.0466619 1.0453256
1 -0.3921476 1.0769308 -0.9968099
1 -0.7719500 -0.8198702 -0.3328182
8 0.2050583 -0.6891326 0.0260851
5
-114.674     ts77     dynamics     sesquiterpene     TS     runpoint      28     runisomer      169
6 -0.1605542 0.6175862 -0.0096876
1 -0.6899105 1.0165423 1.0268910
1 -0.3865523 1.0614627 -1.0276969
1 -0.7718510 -0.6731951 -0.3027617
8 0.2088881 -0.6889119 0.0263537
5
-114.663     ts77     dynamics     sesquiterpene     TS     runpoint      29     runisomer      169
6 -0.1681198 0.6125555 -0.0065503
1 -0.6592121 0.9802833 0.9791842
1 -0.3790906 1.0435342 -1.0444484
1 -0.7559076 -0.5547007 -0.2693148
8 0.2111534 -0.6891902 0.0259528
5
-114.655     ts77     dynamics     sesquiterpene     TS     runpoint      30     runisomer      169
6 -0.1758241 0.6114821 -0.0025213
1 -0.6200709 0.9433781 0.9115535
1 -0.3690127 1.0240833 -1.0443169
1 -0.7407730 -0.4701087 -0.2381263
8 0.2128757 -0.6901633 0.0252177
5
-114.646     ts77     dynamics     sesquiterpene     TS     runpoint      31     runisomer      169
6 -0.1827286 0.6138527 0.0006324
1 -0.5827218 0.9158555 0.8460060
1 -0.3560658 1.0055309 -1.0281145
1 -0.7418780 -0.4223105 -0.2136368
8 0.2149547 -0.6920498 0.0244182
5
-114.631     ts77     dynamics     sesquiterpene     TS     runpoint      32     runisomer      169
6 -0.1873818 0.6182856 0.0002691
1 -0.5630977 0.9120503 0.8182508
1 -0.3407016 0.9915581 -1.0007097
1 -0.7656750 -0.4119251 -0.1970416
8 0.2177386 -0.6949092 0.0236659
5
-114.624     ts77     dynamics     sesquiterpene     TS     runpoint      33     runisomer      169
6 -0.1890701 0.6232135 -0.0047275
1 -0.5696359 0.9401074 0.8494488
1 -0.3241431 0.9869531 -0.9718271
1 -0.8068892 -0.4360114 -0.1860538
8 0.2209693 -0.6985649 0.0229358
5
-114.637     ts77     dynamics     sesquiterpene     TS     runpoint      34     runisomer      169
6 -0.1888357 0.6280609 -0.0114842
1 -0.5909978 0.9909722 0.9163211
1 -0.3081452 0.9969130 -0.9547790
1 -0.8522684 -0.4887966 -0.1767270
8 0.2239886 -0.7027067 0.0221284
5
-114.648     ts77     dynamics     sesquiterpene     TS     runpoint      35     runisomer      169
6 -0.1880179 0.6329260 -0.0163721
1 -0.6118326 1.0495633 0.9835677
1 -0.2940913 1.0245060 -0.9591056
1 -0.8864831 -0.5648126 -0.1655696
8 0.2259566 -0.7069967 0.0211265
5
-114.65     ts77     dynamics     sesquiterpene     TS     runpoint      36     runisomer      169
6 -0.1872560 0.6382721 -0.0178931
1 -0.6236693 1.1049040 1.0299101
1 -0.2820288 1.0673405 -0.9819551
1 -0.8961317 -0.6610833 -0.1503687
8 0.2259776 -0.7111273 0.0198295
5
-114.653     ts77     dynamics     sesquiterpene     TS     runpoint      37     runisomer      169
6 -0.1866310 0.6448252 -0.0163768
1 -0.6233137 1.1504134 1.0463362
1 -0.2709829 1.1180032 -1.0103112
1 -0.8718105 -0.7764196 -0.1301241
8 0.2232572 -0.7148351 0.0181685
5
-114.663     ts77     dynamics     sesquiterpene     TS     runpoint      38     runisomer      169
6 -0.1860398 0.6531227 -0.0127635
1 -0.6100278 1.1823143 1.0305288
1 -0.2598164 1.1680876 -1.0305805
1 -0.8103913 -0.9083940 -0.1049749
8 0.2174014 -0.7179098 0.0161468
5
-114.679     ts77     dynamics     sesquiterpene     TS     runpoint      39     runisomer      169
6 -0.1854602 0.6631804 -0.0079782
1 -0.5844151 1.1988953 0.9844316
1 -0.2476110 1.2110467 -1.0339947
1 -0.7184787 -1.0518145 -0.0762679
8 0.2087900 -0.7201694 0.0138674
5
-114.696     ts77     dynamics     sesquiterpene     TS     runpoint      40     runisomer      169
6 -0.1849307 0.6744457 -0.0029332
1 -0.5488108 1.2009730 0.9149388
1 -0.2337389 1.2427310 -1.0171444
1 -0.6145870 -1.2023635 -0.0462554
8 0.1987276 -0.7212614 0.0115079
5
-114.706     ts77     dynamics     sesquiterpene     TS     runpoint      41     runisomer      169
6 -0.1843372 0.6857678 0.0011451
1 -0.5087623 1.1940593 0.8375258
1 -0.2178136 1.2611891 -0.9814334
1 -0.5185573 -1.3593655 -0.0164447
8 0.1887033 -0.7205882 0.0091979
5
-114.704     ts77     dynamics     sesquiterpene     TS     runpoint      42     runisomer      169
6 -0.1831804 0.6952818 0.0024254
1 -0.4743909 1.1913887 0.7802096
1 -0.1996040 1.2669049 -0.9332379
1 -0.4311285 -1.5139948 0.0135555
8 0.1790117 -0.7181725 0.0069220
5
-114.686     ts77     dynamics     sesquiterpene     TS     runpoint      43     runisomer      169
6 -0.1808484 0.7008167 -0.0006327
1 -0.4563163 1.2092941 0.7737811
1 -0.1789359 1.2636629 -0.8846048
1 -0.3428063 -1.6451991 0.0439836
8 0.1692554 -0.7149805 0.0046394
5
-114.668     ts77     dynamics     sesquiterpene     TS     runpoint      44     runisomer      169
6 -0.1775783 0.7015004 -0.0066603
1 -0.4541675 1.2474193 0.8197985
1 -0.1555606 1.2589546 -0.8523396
1 -0.2505905 -1.7350236 0.0740814
8 0.1593821 -0.7119381 0.0023312
5
-114.659     ts77     dynamics     sesquiterpene     TS     runpoint      45     runisomer      169
6 -0.1743568 0.6980573 -0.0119395
1 -0.4580446 1.2877590 0.8898481
1 -0.1290389 1.2606729 -0.8508225
1 -0.1573471 -1.7744896 0.1028996
8 0.1496621 -0.7095173 -0.0000341
5
-114.652     ts77     dynamics     sesquiterpene     TS     runpoint      46     runisomer      169
6 -0.1719507 0.6917186 -0.0140516
1 -0.4597432 1.3147836 0.9568794
1 -0.0991245 1.2696064 -0.8803396
1 -0.0674799 -1.7609508 0.1298910
8 0.1404149 -0.7078792 -0.0025153
5
-114.65     ts77     dynamics     sesquiterpene     TS     runpoint      47     runisomer      169
6 -0.1706315 0.6838495 -0.0128002
1 -0.4551080 1.3211488 1.0053982
1 -0.0664801 1.2780403 -0.9263845
1 0.0150108 -1.6976622 0.1554729
8 0.1318768 -0.7068935 -0.0052230
5
-114.654     ts77     dynamics     sesquiterpene     TS     runpoint      48     runisomer      169
6 -0.1703081 0.6755441 -0.0089769
1 -0.4423657 1.3047873 1.0281235
1 -0.0325860 1.2769583 -0.9711508
1 0.0868398 -1.6019077 0.1828219
8 0.1241678 -0.7055952 -0.0084266
5
-114.654     ts77     dynamics     sesquiterpene     TS     runpoint      49     runisomer      169
6 -0.1707023 0.6674031 -0.0034173
1 -0.4211164 1.2666055 1.0226946
1 0.0007742 1.2609728 -1.0014760
1 0.1470645 -1.5199671 0.2230043
8 0.1172267 -0.7012356 -0.0128785
5
-114.647     ts77     dynamics     sesquiterpene     TS     runpoint      50     runisomer      169
6 -0.1714836 0.6596659 0.0031872
1 -0.3922123 1.2101825 0.9911028
1 0.0318989 1.2286944 -1.0100318
1 0.2024579 -1.5056664 0.2960886
8 0.1105398 -0.6907419 -0.0199107
