5
-114.654160 ts77 dynamics sesquiterpene TS runpoint 1  runisomer  120
6 -0.0236520 0.6437699 0.0002229
1 -0.2798182 1.1245401 0.9581321
1 -0.3097731 1.1316912 -0.9723251
1 0.9711675 -0.0790787 0.0246276
8 -0.0342534 -0.7572406 -0.0008246
5
-114.652 ts77 dynamics sesquiterpene TS runpoint 2  runisomer  120
6 -0.0217133 0.651263 0.00871202
1 -0.278124 1.13257 0.868865
1 -0.354401 1.13139 -0.961764
1 1.03705 -0.0825272 0.0500977
8 -0.0371534 -0.763132 -0.0038392
5
-114.646     ts77     dynamics     sesquiterpene     TS     runpoint      3     runisomer      120
6 -0.0191212 0.6569282 0.0140915
1 -0.2823821 1.1530620 0.8045140
1 -0.3924379 1.1269953 -0.9400180
1 1.0948505 -0.0778373 0.0739647
8 -0.0400740 -0.7686922 -0.0066938
5
-114.632     ts77     dynamics     sesquiterpene     TS     runpoint      4     runisomer      120
6 -0.0148668 0.6590113 0.0144382
1 -0.2993605 1.1983382 0.7903490
1 -0.4220026 1.1185425 -0.9104620
1 1.1371547 -0.0602895 0.0952796
8 -0.0429979 -0.7736807 -0.0092659
5
-114.63     ts77     dynamics     sesquiterpene     TS     runpoint      5     runisomer      120
6 -0.0088019 0.6573411 0.0108441
1 -0.3257505 1.2622119 0.8192709
1 -0.4426446 1.1073653 -0.8794143
1 1.1609428 -0.0249453 0.1131544
8 -0.0460833 -0.7779761 -0.0114742
5
-114.636     ts77     dynamics     sesquiterpene     TS     runpoint      6     runisomer      120
6 -0.0013555 0.6528918 0.0061591
1 -0.3512041 1.3251137 0.8653137
1 -0.4552610 1.0958920 -0.8544371
1 1.1661889 0.0332121 0.1266647
8 -0.0496009 -0.7815434 -0.0132848
5
-114.639     ts77     dynamics     sesquiterpene     TS     runpoint      7     runisomer      120
6 0.0071846 0.6463980 0.0026390
1 -0.3679977 1.3717398 0.9087754
1 -0.4612516 1.0867826 -0.8417522
1 1.1546923 0.1184787 0.1348389
8 -0.0538484 -0.7844073 -0.0146965
5
-114.643     ts77     dynamics     sesquiterpene     TS     runpoint      8     runisomer      120
6 0.0166263 0.6382979 0.0014196
1 -0.3729446 1.3944130 0.9395111
1 -0.4611606 1.0815303 -0.8437030
1 1.1297630 0.2329953 0.1367702
8 -0.0590538 -0.7866427 -0.0157176
5
-114.652     ts77     dynamics     sesquiterpene     TS     runpoint      9     runisomer      120
6 0.0264421 0.6291830 0.0027120
1 -0.3658688 1.3901400 0.9529925
1 -0.4539857 1.0795895 -0.8577986
1 1.0978396 0.3748317 0.1320280
8 -0.0653047 -0.7883498 -0.0163499
5
-114.667     ts77     dynamics     sesquiterpene     TS     runpoint      10     runisomer      120
6 0.0354211 0.6199266 0.0060892
1 -0.3484612 1.3584350 0.9476986
1 -0.4381101 1.0788464 -0.8782468
1 1.0717924 0.5371687 0.1212552
8 -0.0724976 -0.7895896 -0.0165831
5
-114.68     ts77     dynamics     sesquiterpene     TS     runpoint      11     runisomer      120
6 0.0420401 0.6112728 0.0108092
1 -0.3240084 1.3007810 0.9245492
1 -0.4130189 1.0768001 -0.8987076
1 1.0680793 0.7117117 0.1057945
8 -0.0803524 -0.7903334 -0.0164025
5
-114.693     ts77     dynamics     sesquiterpene     TS     runpoint      12     runisomer      120
6 0.0461985 0.6034894 0.0160719
1 -0.2977386 1.2214982 0.8881745
1 -0.3803072 1.0714742 -0.9143885
1 1.0888845 0.8916219 0.0857733
8 -0.0884996 -0.7904977 -0.0158108
5
-114.654160 ts77 dynamics sesquiterpene TS runpoint 1  runisomer  120
6 -0.0236520 0.6437699 0.0002229
1 -0.2798182 1.1245401 0.9581321
1 -0.3097731 1.1316912 -0.9723251
1 0.9711675 -0.0790787 0.0246276
8 -0.0342534 -0.7572406 -0.0008246
5
-114.652 ts77 dynamics sesquiterpene TS runpoint 2  runisomer  120
6 -0.0260618 0.636266 -0.00872026
1 -0.280371 1.11646 1.04197
1 -0.261476 1.12914 -0.971773
1 0.909763 -0.072191 -0.00141658
8 -0.0315852 -0.751375 0.00220892
5
-114.646     ts77     dynamics     sesquiterpene     TS     runpoint      3     runisomer      120
6 -0.0298244 0.6299857 -0.0161644
1 -0.2763945 1.1028198 1.1016286
1 -0.2129186 1.1262084 -0.9634263
1 0.8687651 -0.0664575 -0.0272092
8 -0.0294900 -0.7459798 0.0051346
5
-114.634     ts77     dynamics     sesquiterpene     TS     runpoint      4     runisomer      120
6 -0.0354391 0.6256034 -0.0207901
1 -0.2670044 1.0826688 1.1283253
1 -0.1673344 1.1262523 -0.9529057
1 0.8611884 -0.0654652 -0.0524720
8 -0.0282645 -0.7414872 0.0078538
5
-114.629     ts77     dynamics     sesquiterpene     TS     runpoint      5     runisomer      120
6 -0.0427919 0.6231911 -0.0217606
1 -0.2525785 1.0571818 1.1191153
1 -0.1270792 1.1325209 -0.9459332
1 0.8890868 -0.0704506 -0.0772162
8 -0.0279529 -0.7381521 0.0102838
5
-114.633     ts77     dynamics     sesquiterpene     TS     runpoint      6     runisomer      120
6 -0.0511504 0.6223763 -0.0188874
1 -0.2343330 1.0288493 1.0754396
1 -0.0932631 1.1464574 -0.9452553
1 0.9418525 -0.0803171 -0.1009621
8 -0.0282886 -0.7360117 0.0123351
5
-114.641     ts77     dynamics     sesquiterpene     TS     runpoint      7     runisomer      120
6 -0.0594944 0.6226805 -0.0129320
1 -0.2144577 1.0019406 1.0048751
1 -0.0660480 1.1665888 -0.9489885
1 1.0029153 -0.0931620 -0.1225232
8 -0.0288447 -0.7350043 0.0139092
5
-114.644     ts77     dynamics     sesquiterpene     TS     runpoint      8     runisomer      120
6 -0.0668093 0.6235568 -0.0059152
1 -0.1966515 0.9842472 0.9263554
1 -0.0452974 1.1891931 -0.9521306
1 1.0572828 -0.1075014 -0.1405053
8 -0.0292133 -0.7350664 0.0149248
5
-114.635     ts77     dynamics     sesquiterpene     TS     runpoint      9     runisomer      120
6 -0.0722030 0.6241168 -0.0011628
1 -0.1861874 0.9887434 0.8740914
1 -0.0309251 1.2100678 -0.9497385
1 1.0945699 -0.1227555 -0.1537677
8 -0.0290814 -0.7361224 0.0153396
5
-114.621     ts77     dynamics     sesquiterpene     TS     runpoint      10     runisomer      120
6 -0.0751610 0.6235222 -0.0014820
1 -0.1869692 1.0270310 0.8784344
1 -0.0228291 1.2260174 -0.9394405
1 1.1087078 -0.1394825 -0.1615678
8 -0.0282138 -0.7380378 0.0151503
5
-114.624     ts77     dynamics     sesquiterpene     TS     runpoint      11     runisomer      120
6 -0.0759105 0.6223278 -0.0058457
1 -0.1970707 1.0926971 0.9277171
1 -0.0206832 1.2355979 -0.9224272
1 1.0969269 -0.1595534 -0.1635498
8 -0.0264086 -0.7406176 0.0143731
5
-114.637     ts77     dynamics     sesquiterpene     TS     runpoint      12     runisomer      120
6 -0.0752105 0.6220818 -0.0109683
1 -0.2114202 1.1663248 0.9865917
1 -0.0238343 1.2392849 -0.9028054
1 1.0590500 -0.1866814 -0.1596991
8 -0.0234465 -0.7435946 0.0130287
5
-114.642     ts77     dynamics     sesquiterpene     TS     runpoint      13     runisomer      120
6 -0.0740189 0.6239798 -0.0143109
1 -0.2260760 1.2321010 1.0306130
1 -0.0313027 1.2391515 -0.8862321
1 0.9977968 -0.2270386 -0.1504385
8 -0.0190899 -0.7466113 0.0111374
5
-114.645     ts77     dynamics     sesquiterpene     TS     runpoint      14     runisomer      120
6 -0.0734193 0.6286979 -0.0144563
1 -0.2387630 1.2810863 1.0490005
1 -0.0418624 1.2378503 -0.8782563
1 0.9208320 -0.2887513 -0.1370690
8 -0.0132280 -0.7492655 0.0087438
5
-114.65     ts77     dynamics     sesquiterpene     TS     runpoint      15     runisomer      120
6 -0.0744545 0.6366748 -0.0107867
1 -0.2483080 1.3087896 1.0384969
1 -0.0542590 1.2369546 -0.8822458
1 0.8461500 -0.3777719 -0.1227435
8 -0.0063650 -0.7513299 0.0060036
5
-114.655     ts77     dynamics     sesquiterpene     TS     runpoint      16     runisomer      120
6 -0.0777057 0.6480655 -0.0034045
1 -0.2543337 1.3134702 0.9999677
1 -0.0675424 1.2357892 -0.8977847
1 0.8127609 -0.4884994 -0.1140208
8 -0.0006082 -0.7531195 0.0033245
5
-114.658     ts77     dynamics     sesquiterpene     TS     runpoint      17     runisomer      120
6 -0.0829646 0.6623318 0.0068072
1 -0.2572989 1.2962981 0.9384439
1 -0.0811587 1.2319121 -0.9207301
1 0.8686976 -0.6081782 -0.1184552
8 0.0008550 -0.7549550 0.0012673
5
-114.688     ts77     dynamics     sesquiterpene     TS     runpoint      18     runisomer      120
6 -0.0894363 0.6781066 0.0180512
1 -0.2590781 1.2638341 0.8665682
1 -0.0947328 1.2227191 -0.9449408
1 0.9825820 -0.7420450 -0.1317524
8 -0.0005011 -0.7557293 -0.0002749
5
-114.706     ts77     dynamics     sesquiterpene     TS     runpoint      19     runisomer      120
6 -0.0961100 0.6932586 0.0273959
1 -0.2643415 1.2323899 0.8104603
1 -0.1079315 1.2067280 -0.9645005
1 1.0860222 -0.8870397 -0.1445828
8 -0.0008508 -0.7549700 -0.0017083
5
-114.685     ts77     dynamics     sesquiterpene     TS     runpoint      20     runisomer      120
6 -0.1019194 0.7051490 0.0313149
1 -0.2803819 1.2254862 0.8056293
1 -0.1205370 1.1842182 -0.9753558
1 1.1471776 -1.0299085 -0.1525321
8 0.0014562 -0.7530332 -0.0031572
5
-114.665     ts77     dynamics     sesquiterpene     TS     runpoint      21     runisomer      120
6 -0.1063161 0.7126511 0.0288517
1 -0.3095332 1.2490205 0.8608426
1 -0.1325395 1.1573528 -0.9765775
1 1.1589308 -1.1587554 -0.1543612
8 0.0066047 -0.7503311 -0.0045937
5
-114.665     ts77     dynamics     sesquiterpene     TS     runpoint      22     runisomer      120
6 -0.1096067 0.7168508 0.0228868
1 -0.3445935 1.2829112 0.9438135
1 -0.1442212 1.1299386 -0.9710853
1 1.1229002 -1.2647407 -0.1499675
8 0.0142870 -0.7472099 -0.0059676
5
-114.664     ts77     dynamics     sesquiterpene     TS     runpoint      23     runisomer      120
6 -0.1121818 0.7188112 0.0167104
1 -0.3774875 1.3081417 1.0209850
1 -0.1562240 1.1066870 -0.9649331
1 1.0427963 -1.3406560 -0.1395560
8 0.0240924 -0.7440200 -0.0072386
5
-114.661     ts77     dynamics     sesquiterpene     TS     runpoint      24     runisomer      120
6 -0.1141365 0.7188993 0.0124153
1 -0.4036512 1.3157631 1.0738630
1 -0.1695094 1.0917855 -0.9647348
1 0.9236932 -1.3803373 -0.1235379
8 0.0355455 -0.7411254 -0.0083695
5
-114.664     ts77     dynamics     sesquiterpene     TS     runpoint      25     runisomer      120
6 -0.1153874 0.7171837 0.0109380
1 -0.4211608 1.3028621 1.0944632
1 -0.1850484 1.0871482 -0.9736077
1 0.7768539 -1.3822746 -0.1031563
8 0.0478159 -0.7386089 -0.0092848
5
-114.67     ts77     dynamics     sesquiterpene     TS     runpoint      26     runisomer      120
6 -0.1158435 0.7136841 0.0122605
1 -0.4295177 1.2692864 1.0804284
1 -0.2033361 1.0915779 -0.9886724
1 0.6330463 -1.3644377 -0.0822034
8 0.0588962 -0.7352686 -0.0097639
5
-114.655     ts77     dynamics     sesquiterpene     TS     runpoint      27     runisomer      120
6 -0.1154827 0.7083989 0.0156699
1 -0.4292534 1.2168300 1.0336562
1 -0.2240756 1.1016705 -1.0027684
1 0.5537663 -1.3903680 -0.0683148
8 0.0649075 -0.7269992 -0.0093610
5
-114.65     ts77     dynamics     sesquiterpene     TS     runpoint      28     runisomer      120
6 -0.1142388 0.7013226 0.0199038
1 -0.4226716 1.1504717 0.9624766
1 -0.2463292 1.1136607 -1.0084692
1 0.5527118 -1.4929169 -0.0628563
8 0.0650258 -0.7118010 -0.0080368
5
-114.676     ts77     dynamics     sesquiterpene     TS     runpoint      29     runisomer      120
6 -0.1117479 0.6923082 0.0229203
1 -0.4160457 1.0810459 0.8874053
1 -0.2689019 1.1247637 -1.0010485
1 0.5726939 -1.5992762 -0.0590094
8 0.0629002 -0.6946591 -0.0062794
5
-114.664     ts77     dynamics     sesquiterpene     TS     runpoint      30     runisomer      120
6 -0.1071252 0.6807933 0.0217002
1 -0.4217989 1.0259200 0.8447423
1 -0.2906641 1.1334997 -0.9796327
1 0.5861116 -1.6634542 -0.0540326
8 0.0603171 -0.6790513 -0.0043383
5
-114.641     ts77     dynamics     sesquiterpene     TS     runpoint      31     runisomer      120
6 -0.0995468 0.6666131 0.0142738
1 -0.4513145 0.9975296 0.8629922
1 -0.3109350 1.1398419 -0.9475795
1 0.5865708 -1.6714695 -0.0478070
8 0.0577368 -0.6665162 -0.0023280
5
-114.645     ts77     dynamics     sesquiterpene     TS     runpoint      32     runisomer      120
6 -0.0896044 0.6512070 0.0029552
1 -0.4987020 0.9887250 0.9241086
1 -0.3300747 1.1453381 -0.9123007
1 0.5735749 -1.6213892 -0.0410771
8 0.0552855 -0.6579026 -0.0003335
5
-114.662     ts77     dynamics     sesquiterpene     TS     runpoint      33     runisomer      120
6 -0.0786273 0.6364757 -0.0081703
1 -0.5487085 0.9862025 0.9908403
1 -0.3497292 1.1525939 -0.8829651
1 0.5488144 -1.5181929 -0.0348846
8 0.0529982 -0.6536497 0.0015693
5
-114.674     ts77     dynamics     sesquiterpene     TS     runpoint      34     runisomer      120
6 -0.0675684 0.6237229 -0.0163974
1 -0.5905165 0.9825757 1.0397964
1 -0.3717446 1.1634719 -0.8662229
1 0.5235263 -1.3851831 -0.0307413
8 0.0503141 -0.6529180 0.0033406
5
-114.662     ts77     dynamics     sesquiterpene     TS     runpoint      35     runisomer      120
6 -0.0570292 0.6138620 -0.0206858
1 -0.6185685 0.9751864 1.0611856
1 -0.3963488 1.1769478 -0.8628699
1 0.5397526 -1.2897125 -0.0320343
8 0.0447007 -0.6519170 0.0050816
5
-114.637     ts77     dynamics     sesquiterpene     TS     runpoint      36     runisomer      120
6 -0.0475059 0.6079042 -0.0210847
1 -0.6302788 0.9636304 1.0523384
1 -0.4214711 1.1892265 -0.8685781
1 0.6483849 -1.2895195 -0.0429201
8 0.0330307 -0.6475031 0.0069850
5
-114.666     ts77     dynamics     sesquiterpene     TS     runpoint      37     runisomer      120
6 -0.0394214 0.6070680 -0.0181684
1 -0.6248584 0.9488351 1.0145540
1 -0.4436384 1.1961440 -0.8776090
1 0.7950909 -1.3097888 -0.0596939
8 0.0187756 -0.6451004 0.0088041
5
-114.674     ts77     dynamics     sesquiterpene     TS     runpoint      38     runisomer      120
6 -0.0330978 0.6119399 -0.0127127
1 -0.6031036 0.9327552 0.9525678
1 -0.4591240 1.1949510 -0.8856485
1 0.9275040 -1.3030768 -0.0781554
8 0.0052933 -0.6480875 0.0102875
5
-114.669     ts77     dynamics     sesquiterpene     TS     runpoint      39     runisomer      120
6 -0.0286238 0.6220032 -0.0057877
1 -0.5688820 0.9190648 0.8767570
1 -0.4648466 1.1848578 -0.8906034
1 1.0260458 -1.2618332 -0.0964024
8 -0.0060695 -0.6567363 0.0113322
5
-114.664     ts77     dynamics     sesquiterpene     TS     runpoint      40     runisomer      120
6 -0.0254629 0.6357854 0.0008284
1 -0.5326733 0.9147189 0.8077931
1 -0.4591387 1.1668236 -0.8923645
1 1.0834752 -1.1898905 -0.1133493
8 -0.0147030 -0.6701971 0.0118931
5
-114.659     ts77     dynamics     sesquiterpene     TS     runpoint      41     runisomer      120
6 -0.0222563 0.6512327 0.0045775
1 -0.5127362 0.9301311 0.7768461
1 -0.4421569 1.1432127 -0.8924995
1 1.0950026 -1.0929491 -0.1278875
8 -0.0201631 -0.6873764 0.0119548
5
-114.663     ts77     dynamics     sesquiterpene     TS     runpoint      42     runisomer      120
6 -0.0180111 0.6665373 0.0040732
1 -0.5208160 0.9715426 0.8024857
1 -0.4158825 1.1175466 -0.8942820
1 1.0574681 -0.9780099 -0.1388335
8 -0.0221304 -0.7070899 0.0115210
5
-114.687     ts77     dynamics     sesquiterpene     TS     runpoint      43     runisomer      120
6 -0.0135585 0.6810151 0.0012190
1 -0.5457239 1.0315942 0.8655912
1 -0.3837036 1.0941232 -0.9025067
1 0.9746305 -0.8552784 -0.1457086
8 -0.0207100 -0.7279911 0.0106380
5
-114.707     ts77     dynamics     sesquiterpene     TS     runpoint      44     runisomer      120
6 -0.0103801 0.6946096 -0.0009846
1 -0.5691183 1.0973168 0.9340703
1 -0.3491492 1.0769339 -0.9216749
1 0.8706829 -0.7389383 -0.1512155
8 -0.0172497 -0.7485767 0.0095317
5
-114.695     ts77     dynamics     sesquiterpene     TS     runpoint      45     runisomer      120
6 -0.0095464 0.7074037 -0.0006895
1 -0.5800188 1.1591769 0.9865250
1 -0.3141100 1.0680038 -0.9527175
1 0.8085322 -0.6398062 -0.1660864
8 -0.0154817 -0.7677545 0.0088987
5
-114.665     ts77     dynamics     sesquiterpene     TS     runpoint      46     runisomer      120
6 -0.0117036 0.7196475 0.0026108
1 -0.5742979 1.2116313 1.0125202
1 -0.2783147 1.0666320 -0.9909964
1 0.8384715 -0.5532450 -0.2022672
8 -0.0183672 -0.7856115 0.0094769
5
-114.666     ts77     dynamics     sesquiterpene     TS     runpoint      47     runisomer      120
6 -0.0169994 0.7315083 0.0085268
1 -0.5516122 1.2515476 1.0081474
1 -0.2407222 1.0704737 -1.0279510
1 0.9120022 -0.4835746 -0.2507041
8 -0.0228271 -0.8016554 0.0106956
5
-114.664     ts77     dynamics     sesquiterpene     TS     runpoint      48     runisomer      120
6 -0.0250686 0.7428454 0.0162026
1 -0.5137787 1.2774178 0.9737901
1 -0.2009339 1.0771508 -1.0547546
1 0.9792539 -0.4398033 -0.2983105
8 -0.0259026 -0.8149676 0.0117922
5
-114.655     ts77     dynamics     sesquiterpene     TS     runpoint      49     runisomer      120
6 -0.0352110 0.7532788 0.0245285
1 -0.4647637 1.2899556 0.9146728
1 -0.1594496 1.0850107 -1.0649937
1 1.0192742 -0.4242151 -0.3378626
8 -0.0265202 -0.8250620 0.0124095
5
-114.649     ts77     dynamics     sesquiterpene     TS     runpoint      50     runisomer      120
6 -0.0464781 0.7621164 0.0320162
1 -0.4119386 1.2944828 0.8441795
1 -0.1172499 1.0931869 -1.0557773
1 1.0247522 -0.4365460 -0.3658287
8 -0.0244016 -0.8317141 0.0124182
5
-114.647     ts77     dynamics     sesquiterpene     TS     runpoint      51     runisomer      120
6 -0.0576861 0.7680573 0.0365658
1 -0.3669748 1.3044396 0.7875573
1 -0.0753174 1.1015212 -1.0282656
1 0.9936220 -0.4767265 -0.3805371
8 -0.0195094 -0.8347908 0.0117675
5
-114.647     ts77     dynamics     sesquiterpene     TS     runpoint      52     runisomer      120
6 -0.0678204 0.7694407 0.0362600
1 -0.3408144 1.3376216 0.7732721
1 -0.0342525 1.1106806 -0.9883953
1 0.9278883 -0.5443106 -0.3820173
8 -0.0120016 -0.8342377 0.0104812
5
-114.661     ts77     dynamics     sesquiterpene     TS     runpoint      53     runisomer      120
6 -0.0769407 0.7659049 0.0318181
1 -0.3324065 1.3952341 0.8039946
1 0.0061676 1.1225247 -0.9473130
1 0.8394035 -0.6355517 -0.3745403
8 -0.0026625 -0.8302116 0.0088203
5
-114.676     ts77     dynamics     sesquiterpene     TS     runpoint      54     runisomer      120
6 -0.0858987 0.7586998 0.0264387
1 -0.3316136 1.4572680 0.8552227
1 0.0474165 1.1400085 -0.9185844
1 0.7657425 -0.7400659 -0.3747127
8 0.0060472 -0.8232309 0.0078306
5
-114.666     ts77     dynamics     sesquiterpene     TS     runpoint      55     runisomer      120
6 -0.0952811 0.7490260 0.0226448
1 -0.3304757 1.5038693 0.9038223
1 0.0915355 1.1651161 -0.9099888
1 0.7688223 -0.8490740 -0.4145543
8 0.0100372 -0.8136225 0.0095867
5
-114.672     ts77     dynamics     sesquiterpene     TS     runpoint      56     runisomer      120
6 -0.1051369 0.7377260 0.0209335
1 -0.3251531 1.5239971 0.9374351
1 0.1390140 1.1959176 -0.9170495
1 0.8313831 -0.9661183 -0.4884819
8 0.0101592 -0.8009794 0.0138592
5
-114.683     ts77     dynamics     sesquiterpene     TS     runpoint      57     runisomer      120
6 -0.1151652 0.7256117 0.0204924
1 -0.3141770 1.5132478 0.9512234
1 0.1877945 1.2267680 -0.9274028
1 0.8892236 -1.0808586 -0.5601151
8 0.0102693 -0.7859267 0.0184906
5
-114.673     ts77     dynamics     sesquiterpene     TS     runpoint      58     runisomer      120
6 -0.1249335 0.7133612 0.0202436
1 -0.2973271 1.4711988 0.9446737
1 0.2344898 1.2514668 -0.9294652
1 0.9145617 -1.1793352 -0.6107188
8 0.0119936 -0.7694374 0.0224118
5
-114.662     ts77     dynamics     sesquiterpene     TS     runpoint      59     runisomer      120
6 -0.1339905 0.7013205 0.0192560
1 -0.2753910 1.4007299 0.9208664
1 0.2758487 1.2655596 -0.9164044
1 0.9019084 -1.2526876 -0.6348477
8 0.0155941 -0.7522289 0.0253546
5
-114.661     ts77     dynamics     sesquiterpene     TS     runpoint      60     runisomer      120
6 -0.1418844 0.6893829 0.0165877
1 -0.2503656 1.3091527 0.8881703
1 0.3095599 1.2669483 -0.8861498
1 0.8525179 -1.2954785 -0.6318031
8 0.0209230 -0.7348927 0.0273231
5
-114.67     ts77     dynamics     sesquiterpene     TS     runpoint      61     runisomer      120
6 -0.1482138 0.6769016 0.0109434
1 -0.2255035 1.2098524 0.8635161
1 0.3348033 1.2559707 -0.8405641
1 0.7690546 -1.3036998 -0.6024948
8 0.0277699 -0.7180618 0.0283965
5
-114.683     ts77     dynamics     sesquiterpene     TS     runpoint      62     runisomer      120
6 -0.1528233 0.6629365 0.0008102
1 -0.2042324 1.1193747 0.8707213
1 0.3529706 1.2356846 -0.7851410
1 0.6564241 -1.2758288 -0.5504709
8 0.0358360 -0.7023608 0.0287793
5
-114.7     ts77     dynamics     sesquiterpene     TS     runpoint      63     runisomer      120
6 -0.1560906 0.6472068 -0.0138541
1 -0.1880661 1.0452297 0.9212960
1 0.3685951 1.2123380 -0.7291404
1 0.5297166 -1.2212519 -0.4895380
8 0.0442646 -0.6878546 0.0292299
5
-114.701     ts77     dynamics     sesquiterpene     TS     runpoint      64     runisomer      120
6 -0.1589224 0.6304618 -0.0303165
1 -0.1767887 0.9818306 0.9976271
1 0.3894207 1.1949041 -0.6841703
1 0.4301639 -1.1831039 -0.4643347
8 0.0506358 -0.6726018 0.0323538
5
-114.672     ts77     dynamics     sesquiterpene     TS     runpoint      65     runisomer      120
6 -0.1622535 0.6138520 -0.0452553
1 -0.1702614 0.9234010 1.0719433
1 0.4227854 1.1911921 -0.6584588
1 0.3966173 -1.2215909 -0.5342734
8 0.0527327 -0.6537993 0.0416693
5
-114.689     ts77     dynamics     sesquiterpene     TS     runpoint      66     runisomer      120
6 -0.1664811 0.5992212 -0.0570853
1 -0.1686398 0.8694786 1.1256955
1 0.4690954 1.2018352 -0.6505967
1 0.3845249 -1.2856267 -0.6495033
8 0.0536431 -0.6360596 0.0539267
5
-114.683     ts77     dynamics     sesquiterpene     TS     runpoint      67     runisomer      120
6 -0.1713563 0.5888460 -0.0658568
1 -0.1721303 0.8223127 1.1506861
1 0.5209494 1.2200607 -0.6518572
1 0.3643108 -1.3262652 -0.7568804
8 0.0555238 -0.6238917 0.0657828
5
-114.659     ts77     dynamics     sesquiterpene     TS     runpoint      68     runisomer      120
6 -0.1763978 0.5844754 -0.0721502
1 -0.1809936 0.7847155 1.1449355
1 0.5689832 1.2376168 -0.6534500
1 0.3303126 -1.3307305 -0.8371651
8 0.0589779 -0.6190686 0.0760302
5
-114.643     ts77     dynamics     sesquiterpene     TS     runpoint      69     runisomer      120
6 -0.1811421 0.5867416 -0.0764171
1 -0.1956316 0.7597244 1.1101332
1 0.6060224 1.2487140 -0.6500223
1 0.2836148 -1.2994056 -0.8840339
8 0.0640653 -0.6218682 0.0841657
5
-114.644     ts77     dynamics     sesquiterpene     TS     runpoint      70     runisomer      120
6 -0.1851594 0.5952044 -0.0789442
1 -0.2165231 0.7508857 1.0514929
1 0.6276627 1.2504620 -0.6394641
1 0.2270248 -1.2359005 -0.8939958
8 0.0705944 -0.6317716 0.0897240
5
-114.66     ts77     dynamics     sesquiterpene     TS     runpoint      71     runisomer      120
6 -0.1880654 0.6086366 -0.0801639
1 -0.2443059 0.7623095 0.9797284
1 0.6319526 1.2422956 -0.6219569
1 0.1643900 -1.1457701 -0.8650835
8 0.0781983 -0.6477347 0.0922410
5
-114.683     ts77     dynamics     sesquiterpene     TS     runpoint      72     runisomer      120
6 -0.1895623 0.6252958 -0.0810238
1 -0.2802717 0.7981521 0.9135502
1 0.6196445 1.2257705 -0.5996045
1 0.1008057 -1.0397832 -0.8028695
8 0.0863664 -0.6681291 0.0917320
