5
-114.654160 ts77 dynamics sesquiterpene TS runpoint 1  runisomer  150
6 -0.0358281 0.6623304 0.0063308
1 -0.2728863 1.1774050 0.9577805
1 -0.1870450 1.2048470 -0.9949495
1 0.9106994 -0.0461705 -0.0882108
8 -0.0294782 -0.7811793 0.0031501
5
-114.647 ts77 dynamics sesquiterpene TS runpoint 2  runisomer  150
6 -0.0325373 0.666664 0.00645626
1 -0.274829 1.12399 0.976005
1 -0.225062 1.23033 -1.06062
1 0.967316 -0.0352964 -0.0666785
8 -0.0329968 -0.783355 0.00468889
5
-114.641     ts77     dynamics     sesquiterpene     TS     runpoint      3     runisomer      150
6 -0.0291464 0.6702523 0.0047188
1 -0.2764202 1.0715048 0.9877138
1 -0.2607642 1.2421742 -1.0973532
1 1.0277058 -0.0169398 -0.0435470
8 -0.0369964 -0.7846423 0.0061116
5
-114.633     ts77     dynamics     sesquiterpene     TS     runpoint      4     runisomer      150
6 -0.0249966 0.6722420 0.0006875
1 -0.2785984 1.0242639 0.9944416
1 -0.2919369 1.2390357 -1.1000250
1 1.0828717 0.0157573 -0.0191786
8 -0.0414832 -0.7850201 0.0073461
5
-114.631     ts77     dynamics     sesquiterpene     TS     runpoint      5     runisomer      150
6 -0.0195223 0.6718834 -0.0056247
1 -0.2819889 0.9856317 0.9974948
1 -0.3169300 1.2213542 -1.0680199
1 1.1271496 0.0693164 0.0055486
8 -0.0465915 -0.7845765 0.0083158
5
-114.638     ts77     dynamics     sesquiterpene     TS     runpoint      6     runisomer      150
6 -0.0122928 0.6686017 -0.0137218
1 -0.2867468 0.9577329 0.9971060
1 -0.3348154 1.1911397 -1.0049383
1 1.1575692 0.1488647 0.0293492
8 -0.0525056 -0.7834658 0.0089415
5
-114.652     ts77     dynamics     sesquiterpene     TS     runpoint      7     runisomer      150
6 -0.0029667 0.6619610 -0.0224348
1 -0.2926819 0.9414568 0.9924649
1 -0.3465379 1.1532217 -0.9209822
1 1.1725697 0.2566448 0.0505876
8 -0.0593361 -0.7818599 0.0091440
5
-114.668     ts77     dynamics     sesquiterpene     TS     runpoint      8     runisomer      150
6 0.0088988 0.6514837 -0.0296882
1 -0.2995385 0.9365745 0.9825919
1 -0.3575036 1.1177198 -0.8370254
1 1.1715692 0.3910901 0.0674198
8 -0.0670529 -0.7799261 0.0088581
5
-114.677     ts77     dynamics     sesquiterpene     TS     runpoint      9     runisomer      150
6 0.0239179 0.6366277 -0.0328150
1 -0.3072280 0.9417854 0.9674987
1 -0.3792815 1.1000439 -0.7827115
1 1.1562334 0.5469224 0.0781918
8 -0.0754986 -0.7778132 0.0080551
5
-114.685     ts77     dynamics     sesquiterpene     TS     runpoint      10     runisomer      150
6 0.0420773 0.6176713 -0.0306188
1 -0.3159494 0.9545795 0.9489617
1 -0.4209421 1.1089150 -0.7739375
1 1.1322492 0.7165520 0.0821961
8 -0.0844382 -0.7756435 0.0067711
5
-114.7     ts77     dynamics     sesquiterpene     TS     runpoint      11     runisomer      150
6 0.0619406 0.5965044 -0.0249704
1 -0.3264773 0.9706995 0.9301807
1 -0.4759895 1.1341467 -0.7948837
1 1.1074552 0.8930179 0.0801760
8 -0.0936474 -0.7734883 0.0051643
5
-114.654160 ts77 dynamics sesquiterpene TS runpoint 1  runisomer  150
6 -0.0358281 0.6623304 0.0063308
1 -0.2728863 1.1774050 0.9577805
1 -0.1870450 1.2048470 -0.9949495
1 0.9106994 -0.0461705 -0.0882108
8 -0.0294782 -0.7811793 0.0031501
5
-114.647 ts77 dynamics sesquiterpene TS runpoint 2  runisomer  150
6 -0.0396324 0.657949 0.0053916
1 -0.269701 1.22715 0.932467
1 -0.14977 1.17068 -0.913195
1 0.86891 -0.0562274 -0.10836
8 -0.0265402 -0.778241 0.00156787
5
-114.647     ts77     dynamics     sesquiterpene     TS     runpoint      3     runisomer      150
6 -0.0442973 0.6535614 0.0056582
1 -0.2648362 1.2692405 0.9013439
1 -0.1171545 1.1397036 -0.8412043
1 0.8512517 -0.0712963 -0.1277202
8 -0.0242885 -0.7747004 0.0000134
5
-114.636     ts77     dynamics     sesquiterpene     TS     runpoint      4     runisomer      150
6 -0.0498124 0.6483392 0.0098086
1 -0.2586285 1.3011508 0.8678390
1 -0.0922585 1.1299243 -0.8148193
1 0.8606368 -0.0956740 -0.1467274
8 -0.0227022 -0.7706414 -0.0014548
5
-114.631     ts77     dynamics     sesquiterpene     TS     runpoint      5     runisomer      150
6 -0.0560229 0.6419439 0.0185648
1 -0.2522947 1.3224471 0.8372265
1 -0.0742815 1.1482755 -0.8487417
1 0.8917897 -0.1323653 -0.1652173
8 -0.0215366 -0.7660298 -0.0027926
5
-114.643     ts77     dynamics     sesquiterpene     TS     runpoint      6     runisomer      150
6 -0.0627133 0.6356276 0.0292050
1 -0.2476429 1.3346894 0.8154594
1 -0.0603697 1.1795997 -0.9176276
1 0.9334940 -0.1844010 -0.1824363
8 -0.0203152 -0.7607581 -0.0039788
5
-114.65     ts77     dynamics     sesquiterpene     TS     runpoint      7     runisomer      150
6 -0.0696592 0.6308545 0.0385753
1 -0.2464150 1.3403481 0.8071873
1 -0.0489489 1.2062381 -0.9893360
1 0.9725434 -0.2560465 -0.1973939
8 -0.0183608 -0.7546976 -0.0050274
5
-114.65     ts77     dynamics     sesquiterpene     TS     runpoint      8     runisomer      150
6 -0.0768837 0.6285778 0.0448836
1 -0.2495971 1.3410960 0.8141841
1 -0.0394336 1.2188967 -1.0442863
1 0.9971695 -0.3527098 -0.2092757
8 -0.0148912 -0.7477439 -0.0059901
5
-114.653     ts77     dynamics     sesquiterpene     TS     runpoint      9     runisomer      150
6 -0.0846556 0.6293612 0.0474963
1 -0.2570455 1.3366807 0.8349403
1 -0.0315764 1.2145050 -1.0729700
1 0.9997168 -0.4782480 -0.2176756
8 -0.0092464 -0.7398668 -0.0069210
5
-114.666     ts77     dynamics     sesquiterpene     TS     runpoint      10     runisomer      150
6 -0.0931574 0.6333651 0.0463951
1 -0.2676578 1.3252576 0.8654233
1 -0.0253974 1.1932626 -1.0713252
1 0.9794276 -0.6304830 -0.2228827
8 -0.0013098 -0.7312211 -0.0077916
5
-114.685     ts77     dynamics     sesquiterpene     TS     runpoint      11     runisomer      150
6 -0.1022423 0.6403038 0.0418815
1 -0.2798995 1.3046160 0.9003795
1 -0.0211117 1.1575861 -1.0389543
1 0.9448772 -0.8005818 -0.2265795
8 0.0081850 -0.7221608 -0.0084159
5
-114.702     ts77     dynamics     sesquiterpene     TS     runpoint      12     runisomer      150
6 -0.1115112 0.6494515 0.0346039
1 -0.2922484 1.2733088 0.9345462
1 -0.0188279 1.1126172 -0.9803635
1 0.9101358 -0.9785716 -0.2315568
8 0.0179630 -0.7130032 -0.0084871
5
-114.712     ts77     dynamics     sesquiterpene     TS     runpoint      13     runisomer      150
6 -0.1205442 0.6595964 0.0259464
1 -0.3034760 1.2313348 0.9634873
1 -0.0178799 1.0681006 -0.9096903
1 0.8784852 -1.1554030 -0.2382342
8 0.0273830 -0.7040219 -0.0078480
5
-114.706     ts77     dynamics     sesquiterpene     TS     runpoint      14     runisomer      150
6 -0.1291583 0.6689505 0.0185644
1 -0.3128646 1.1804276 0.9841848
1 -0.0155761 1.0403029 -0.8568584
1 0.8387964 -1.3171955 -0.2433866
8 0.0367940 -0.6958868 -0.0066190
5
-114.683     ts77     dynamics     sesquiterpene     TS     runpoint      15     runisomer      150
6 -0.1374372 0.6755870 0.0154863
1 -0.3203218 1.1240354 0.9958245
1 -0.0073444 1.0466566 -0.8574216
1 0.7816985 -1.4482248 -0.2440037
8 0.0465555 -0.6894566 -0.0049699
5
-114.668     ts77     dynamics     sesquiterpene     TS     runpoint      16     runisomer      150
6 -0.1452359 0.6789088 0.0164979
1 -0.3264214 1.0669813 1.0008349
1 0.0075942 1.0880208 -0.9107689
1 0.7054282 -1.5373046 -0.2391464
8 0.0566579 -0.6853481 -0.0029908
5
-114.667     ts77     dynamics     sesquiterpene     TS     runpoint      17     runisomer      150
6 -0.1520149 0.6797286 0.0181533
1 -0.3322614 1.0145844 1.0045509
1 0.0242459 1.1483426 -0.9801551
1 0.6125501 -1.5787402 -0.2294696
8 0.0669168 -0.6838516 -0.0007061
5
-114.665     ts77     dynamics     sesquiterpene     TS     runpoint      18     runisomer      150
6 -0.1573875 0.6788853 0.0175163
1 -0.3389833 0.9712351 1.0123084
1 0.0378061 1.2119047 -1.0345339
1 0.5077102 -1.5729084 -0.2170937
8 0.0771249 -0.6848603 0.0019279
5
-114.662     ts77     dynamics     sesquiterpene     TS     runpoint      19     runisomer      150
6 -0.1613459 0.6768252 0.0133420
1 -0.3470665 0.9393016 1.0256469
1 0.0458827 1.2686266 -1.0588243
1 0.3991248 -1.5328556 -0.2069943
8 0.0869386 -0.6874003 0.0051115
5
-114.656     ts77     dynamics     sesquiterpene     TS     runpoint      20     runisomer      150
6 -0.1641505 0.6737708 0.0056778
1 -0.3559535 0.9191373 1.0409022
1 0.0477413 1.3124051 -1.0479431
1 0.3002214 -1.4969087 -0.2103007
8 0.0957200 -0.6888614 0.0094224
5
-114.645     ts77     dynamics     sesquiterpene     TS     runpoint      21     runisomer      150
6 -0.1662039 0.6699337 -0.0047458
1 -0.3644078 0.9098870 1.0514504
1 0.0435949 1.3396746 -1.0023547
1 0.2184993 -1.5161511 -0.2430146
8 0.1032051 -0.6859045 0.0157651
5
-114.655     ts77     dynamics     sesquiterpene     TS     runpoint      22     runisomer      150
6 -0.1679998 0.6656254 -0.0169313
1 -0.3712215 0.9102566 1.0511825
1 0.0345144 1.3495185 -0.9271729
1 0.1410852 -1.5775138 -0.3051991
8 0.1104332 -0.6794493 0.0241030
5
-114.673     ts77     dynamics     sesquiterpene     TS     runpoint      23     runisomer      150
6 -0.1701183 0.6610010 -0.0296296
1 -0.3757651 0.9187577 1.0367612
1 0.0229438 1.3455016 -0.8339980
1 0.0579580 -1.6275162 -0.3809348
8 0.1182765 -0.6731114 0.0334384
5
-114.676     ts77     dynamics     sesquiterpene     TS     runpoint      24     runisomer      150
6 -0.1732169 0.6554983 -0.0410751
1 -0.3782664 0.9337924 1.0085392
1 0.0137900 1.3394697 -0.7440089
1 -0.0303695 -1.6365147 -0.4571450
8 0.1269037 -0.6689821 0.0429324
5
-114.669     ts77     dynamics     sesquiterpene     TS     runpoint      25     runisomer      150
6 -0.1779898 0.6476582 -0.0491761
1 -0.3798449 0.9539545 0.9708960
1 0.0146081 1.3522629 -0.6850750
1 -0.1194887 -1.5962025 -0.5256597
8 0.1361501 -0.6677163 0.0519828
5
-114.667     ts77     dynamics     sesquiterpene     TS     runpoint      26     runisomer      150
6 -0.1848047 0.6366608 -0.0531982
1 -0.3822987 0.9784642 0.9319077
1 0.0309049 1.3962740 -0.6717370
1 -0.2038283 -1.5076267 -0.5805077
8 0.1457064 -0.6693634 0.0600705
5
-114.68     ts77     dynamics     sesquiterpene     TS     runpoint      27     runisomer      150
6 -0.1933152 0.6240202 -0.0547438
1 -0.3875470 1.0074003 0.9010596
1 0.0604459 1.4563056 -0.6919123
1 -0.2776909 -1.3770467 -0.6171676
8 0.1552153 -0.6737118 0.0667540
5
-114.695     ts77     dynamics     sesquiterpene     TS     runpoint      28     runisomer      150
6 -0.2028502 0.6121163 -0.0557522
1 -0.3966944 1.0409291 0.8845382
1 0.0970422 1.5076511 -0.7260512
1 -0.3369578 -1.2166564 -0.6343750
8 0.1643746 -0.6802346 0.0717850
5
-114.7     ts77     dynamics     sesquiterpene     TS     runpoint      29     runisomer      150
6 -0.2128470 0.6027645 -0.0570066
1 -0.4094506 1.0776362 0.8817118
1 0.1354585 1.5344030 -0.7609999
1 -0.3822519 -1.0452029 -0.6376188
8 0.1731139 -0.6880207 0.0753092
5
-114.694     ts77     dynamics     sesquiterpene     TS     runpoint      30     runisomer      150
6 -0.2228618 0.5972348 -0.0582759
1 -0.4245634 1.1140399 0.8864909
1 0.1720578 1.5297865 -0.7896763
1 -0.4204660 -0.8831101 -0.6394304
8 0.1816833 -0.6960882 0.0778787
5
-114.681     ts77     dynamics     sesquiterpene     TS     runpoint      31     runisomer      150
6 -0.2324771 0.5964036 -0.0589505
1 -0.4407292 1.1459438 0.8915852
1 0.2041396 1.4923701 -0.8083937
1 -0.4578623 -0.7436540 -0.6495149
8 0.1902515 -0.7039034 0.0798770
5
-114.67     ts77     dynamics     sesquiterpene     TS     runpoint      32     runisomer      150
6 -0.2412867 0.6005963 -0.0585413
1 -0.4571933 1.1700056 0.8915749
1 0.2296383 1.4240684 -0.8154879
1 -0.4927658 -0.6321595 -0.6665965
8 0.1984934 -0.7112847 0.0810913
5
-114.664     ts77     dynamics     sesquiterpene     TS     runpoint      33     runisomer      150
6 -0.2489559 0.6093270 -0.0568516
1 -0.4739073 1.1845708 0.8838401
1 0.2475383 1.3301957 -0.8113559
1 -0.5209316 -0.5495976 -0.6850655
8 0.2059479 -0.7180398 0.0812119
5
-114.661     ts77     dynamics     sesquiterpene     TS     runpoint      34     runisomer      150
6 -0.2553359 0.6212620 -0.0538426
1 -0.4914119 1.1899918 0.8685130
1 0.2592811 1.2207455 -0.7999382
1 -0.5408208 -0.4937772 -0.7009019
8 0.2123521 -0.7239560 0.0801958
5
-114.658     ts77     dynamics     sesquiterpene     TS     runpoint      35     runisomer      150
6 -0.2606344 0.6344305 -0.0493272
1 -0.5105800 1.1887657 0.8483479
1 0.2707426 1.1109035 -0.7909076
1 -0.5527965 -0.4613567 -0.7115960
8 0.2175684 -0.7288794 0.0781809
5
-114.651     ts77     dynamics     sesquiterpene     TS     runpoint      36     runisomer      150
6 -0.2653606 0.6467962 -0.0429899
1 -0.5324275 1.1853892 0.8284912
1 0.2914349 1.0168567 -0.7979946
1 -0.5572146 -0.4499102 -0.7151871
8 0.2214663 -0.7327371 0.0753483
5
-114.643     ts77     dynamics     sesquiterpene     TS     runpoint      37     runisomer      150
6 -0.2696494 0.6571219 -0.0351815
1 -0.5579526 1.1854023 0.8154451
1 0.3260825 0.9471617 -0.8275954
1 -0.5535305 -0.4588725 -0.7101214
8 0.2238767 -0.7355272 0.0718550
5
-114.64     ts77     dynamics     sesquiterpene     TS     runpoint      38     runisomer      150
6 -0.2727337 0.6652121 -0.0273104
1 -0.5875352 1.1931500 0.8141985
1 0.3676643 0.9015591 -0.8704904
1 -0.5402029 -0.4896270 -0.6955746
8 0.2245963 -0.7372719 0.0678112
5
-114.641     ts77     dynamics     sesquiterpene     TS     runpoint      39     runisomer      150
6 -0.2736075 0.6714541 -0.0207078
1 -0.6198155 1.2092294 0.8245443
1 0.4040539 0.8776381 -0.9113506
1 -0.5154287 -0.5449234 -0.6721606
8 0.2234317 -0.7379754 0.0633023
5
-114.644     ts77     dynamics     sesquiterpene     TS     runpoint      40     runisomer      150
6 -0.2717064 0.6764767 -0.0158021
1 -0.6513574 1.2301598 0.8406471
1 0.4259402 0.8736872 -0.9388404
1 -0.4795274 -0.6272918 -0.6435245
8 0.2203518 -0.7376214 0.0585311
5
-114.65     ts77     dynamics     sesquiterpene     TS     runpoint      41     runisomer      150
6 -0.2669477 0.6808113 -0.0124080
1 -0.6778891 1.2506085 0.8545779
1 0.4284449 0.8883174 -0.9471623
1 -0.4392657 -0.7367015 -0.6191280
8 0.2157600 -0.7361869 0.0540906
5
-114.658     ts77     dynamics     sesquiterpene     TS     runpoint      42     runisomer      150
6 -0.2595626 0.6845886 -0.0102619
1 -0.6958883 1.2656471 0.8598797
1 0.4103856 0.9200904 -0.9346877
1 -0.4086577 -0.8708444 -0.6138625
8 0.2105631 -0.7335164 0.0510260
5
-114.671     ts77     dynamics     sesquiterpene     TS     runpoint      43     runisomer      150
6 -0.2500018 0.6875448 -0.0091829
1 -0.7034377 1.2717770 0.8531555
1 0.3738742 0.9675678 -0.9033862
1 -0.3931950 -1.0266047 -0.6319933
8 0.2051919 -0.7292942 0.0498070
5
-114.689     ts77     dynamics     sesquiterpene     TS     runpoint      44     runisomer      150
6 -0.2389300 0.6892230 -0.0088986
1 -0.7005978 1.2672764 0.8344261
1 0.3245357 1.0296201 -0.8596870
1 -0.3782792 -1.1917854 -0.6544313
8 0.1988754 -0.7237682 0.0494309
5
-114.697     ts77     dynamics     sesquiterpene     TS     runpoint      45     runisomer      150
6 -0.2271569 0.6890324 -0.0088954
1 -0.6896767 1.2523802 0.8073099
1 0.2713102 1.1061512 -0.8152203
1 -0.3494561 -1.3459623 -0.6604121
8 0.1908915 -0.7177907 0.0487084
5
-114.692     ts77     dynamics     sesquiterpene     TS     runpoint      46     runisomer      150
6 -0.2153252 0.6862446 -0.0087351
1 -0.6753713 1.2293547 0.7792461
1 0.2232919 1.1978225 -0.7830569
1 -0.3028208 -1.4717569 -0.6410903
8 0.1812011 -0.7120962 0.0471087
5
-114.684     ts77     dynamics     sesquiterpene     TS     runpoint      47     runisomer      150
6 -0.2034501 0.6804219 -0.0088222
1 -0.6641590 1.2019660 0.7605856
1 0.1838923 1.3016074 -0.7681929
1 -0.2409349 -1.5582970 -0.5962978
8 0.1701688 -0.7070849 0.0445881
5
-114.678     ts77     dynamics     sesquiterpene     TS     runpoint      48     runisomer      150
6 -0.1910710 0.6719979 -0.0103768
1 -0.6618974 1.1734153 0.7606114
1 0.1502805 1.4066273 -0.7643356
1 -0.1686939 -1.5998234 -0.5299560
8 0.1583057 -0.7029636 0.0413265
5
-114.676     ts77     dynamics     sesquiterpene     TS     runpoint      49     runisomer      150
6 -0.1780128 0.6622058 -0.0142618
1 -0.6701698 1.1434307 0.7815845
1 0.1188969 1.4985436 -0.7621549
1 -0.0917806 -1.5951306 -0.4483774
8 0.1461625 -0.6998128 0.0376395
5
-114.676     ts77     dynamics     sesquiterpene     TS     runpoint      50     runisomer      150
6 -0.1647031 0.6525279 -0.0202834
1 -0.6851131 1.1081903 0.8169852
1 0.0883576 1.5658793 -0.7556125
1 -0.0167862 -1.5519497 -0.3617051
8 0.1343190 -0.6972925 0.0340511
5
-114.672     ts77     dynamics     sesquiterpene     TS     runpoint      51     runisomer      150
6 -0.1518615 0.6441774 -0.0275057
1 -0.7002503 1.0637458 0.8559834
1 0.0590065 1.6018005 -0.7424224
1 0.0486998 -1.5000038 -0.2879534
8 0.1233630 -0.6937619 0.0315320
5
-114.654     ts77     dynamics     sesquiterpene     TS     runpoint      52     runisomer      150
6 -0.1401538 0.6378992 -0.0348061
1 -0.7098966 1.0088439 0.8886383
1 0.0319453 1.6035663 -0.7229136
1 0.1008945 -1.4956987 -0.2507296
8 0.1136042 -0.6859734 0.0313741
5
-114.646     ts77     dynamics     sesquiterpene     TS     runpoint      53     runisomer      150
6 -0.1300908 0.6341014 -0.0411903
1 -0.7107116 0.9454361 0.9083288
1 0.0085095 1.5723792 -0.6995900
1 0.1461369 -1.5523805 -0.2525495
8 0.1047320 -0.6735900 0.0335654
5
-114.657     ts77     dynamics     sesquiterpene     TS     runpoint      54     runisomer      150
6 -0.1220363 0.6328718 -0.0458465
1 -0.7018780 0.8779794 0.9122286
1 -0.0098436 1.5146033 -0.6777817
1 0.1884002 -1.6162002 -0.2746031
8 0.0966263 -0.6607541 0.0368254
5
-114.656     ts77     dynamics     sesquiterpene     TS     runpoint      55     runisomer      150
6 -0.1161726 0.6336325 -0.0479821
1 -0.6848744 0.8124964 0.9011851
1 -0.0214681 1.4440902 -0.6673326
1 0.2263568 -1.6476673 -0.3046684
8 0.0894967 -0.6507710 0.0403551
5
-114.647     ts77     dynamics     sesquiterpene     TS     runpoint      56     runisomer      150
6 -0.1124478 0.6350095 -0.0467196
1 -0.6633826 0.7558635 0.8797838
1 -0.0247251 1.3819056 -0.6832190
1 0.2585846 -1.6323988 -0.3380621
8 0.0835230 -0.6452770 0.0438578
5
-114.644     ts77     dynamics     sesquiterpene     TS     runpoint      57     runisomer      150
6 -0.1104308 0.6358172 -0.0417318
1 -0.6433606 0.7151240 0.8565509
1 -0.0193215 1.3441623 -0.7376580
1 0.2849563 -1.5689640 -0.3731289
8 0.0787461 -0.6449318 0.0472155
5
-114.655     ts77     dynamics     sesquiterpene     TS     runpoint      58     runisomer      150
6 -0.1092173 0.6364278 -0.0344409
1 -0.6324811 0.6963896 0.8427610
1 -0.0080409 1.3256519 -0.8244343
1 0.3071935 -1.4659439 -0.4110523
8 0.0750378 -0.6495325 0.0504686
5
-114.672     ts77     dynamics     sesquiterpene     TS     runpoint      59     runisomer      150
6 -0.1077717 0.6380018 -0.0273742
1 -0.6370544 0.7033602 0.8470913
1 0.0043002 1.3090218 -0.9216158
1 0.3313276 -1.3467971 -0.4611040
8 0.0719439 -0.6576105 0.0541684
5
-114.679     ts77     dynamics     sesquiterpene     TS     runpoint      60     runisomer      150
6 -0.1055516 0.6411599 -0.0221510
1 -0.6573286 0.7362414 0.8681825
1 0.0134383 1.2819270 -1.0084175
1 0.3697068 -1.2448885 -0.5449958
8 0.0685619 -0.6667644 0.0596725
5
-114.686     ts77     dynamics     sesquiterpene     TS     runpoint      61     runisomer      150
6 -0.1026822 0.6460083 -0.0189020
1 -0.6869552 0.7916799 0.8946045
1 0.0166407 1.2398371 -1.0719530
1 0.4264649 -1.1633646 -0.6684324
8 0.0644976 -0.6763772 0.0673489
5
-114.699     ts77     dynamics     sesquiterpene     TS     runpoint      62     runisomer      150
6 -0.0996154 0.6524502 -0.0169977
1 -0.7173512 0.8637613 0.9126303
1 0.0124779 1.1831336 -1.1060059
1 0.4860859 -1.0778744 -0.7977492
8 0.0606187 -0.6875639 0.0750758
5
-114.698     ts77     dynamics     sesquiterpene     TS     runpoint      63     runisomer      150
6 -0.0967984 0.6602097 -0.0157260
1 -0.7414156 0.9456186 0.9122399
1 0.0004868 1.1151094 -1.1090918
1 0.5336204 -0.9795151 -0.9004335
8 0.0577838 -0.7004531 0.0808081
