5
-114.654160 ts77 dynamics sesquiterpene TS runpoint 1  runisomer  85
6 -0.0196836 0.6509533 -0.0002506
1 -0.3371916 1.1451201 0.9335406
1 -0.2703184 1.0789252 -0.8810523
1 0.9452617 -0.0723652 -0.0502671
8 -0.0344693 -0.7610247 0.0000478
5
-114.648 ts77 dynamics sesquiterpene TS runpoint 2  runisomer  85
6 -0.012604 0.65999 0.00166386
1 -0.361476 1.13707 0.924499
1 -0.264763 1.00524 -0.848631
1 0.90776 -0.0345237 -0.0736166
8 -0.036238 -0.765038 -0.00139062
5
-114.633     ts77     dynamics     sesquiterpene     TS     runpoint      3     runisomer      85
6 -0.0054820 0.6663593 0.0085003
1 -0.3811813 1.1289182 0.9126025
1 -0.2761430 0.9620894 -0.8756554
1 0.8919345 0.0064690 -0.0957749
8 -0.0386258 -0.7691662 -0.0026717
5
-114.633     ts77     dynamics     sesquiterpene     TS     runpoint      4     runisomer      85
6 0.0011467 0.6702053 0.0188008
1 -0.3967594 1.1231349 0.9011049
1 -0.3022266 0.9451410 -0.9503565
1 0.9059838 0.0529918 -0.1166319
8 -0.0418598 -0.7735499 -0.0036554
5
-114.642     ts77     dynamics     sesquiterpene     TS     runpoint      5     runisomer      85
6 0.0065532 0.6718588 0.0287507
1 -0.4094535 1.1223322 0.8941113
1 -0.3321243 0.9428770 -1.0339706
1 0.9510008 0.1102800 -0.1355356
8 -0.0460693 -0.7782066 -0.0042198
5
-114.645     ts77     dynamics     sesquiterpene     TS     runpoint      6     runisomer      85
6 0.0108127 0.6709413 0.0355820
1 -0.4201598 1.1281346 0.8940963
1 -0.3579225 0.9483299 -1.0991167
1 1.0198990 0.1861023 -0.1506750
8 -0.0513063 -0.7830049 -0.0042857
5
-114.647     ts77     dynamics     sesquiterpene     TS     runpoint      7     runisomer      85
6 0.0145989 0.6669001 0.0380486
1 -0.4283310 1.1401315 0.8999935
1 -0.3760057 0.9580939 -1.1332301
1 1.1000167 0.2869296 -0.1593857
8 -0.0575402 -0.7876976 -0.0038106
5
-114.653     ts77     dynamics     sesquiterpene     TS     runpoint      8     runisomer      85
6 0.0186519 0.6596085 0.0359400
1 -0.4320655 1.1557501 0.9074887
1 -0.3850468 0.9700350 -1.1319441
1 1.1769729 0.4140127 -0.1592696
8 -0.0646243 -0.7919720 -0.0027902
5
-114.663     ts77     dynamics     sesquiterpene     TS     runpoint      9     runisomer      85
6 0.0235498 0.6495267 0.0296548
1 -0.4292694 1.1711635 0.9111705
1 -0.3848148 0.9822526 -1.0952908
1 1.2377472 0.5627851 -0.1491116
8 -0.0723181 -0.7955230 -0.0012568
5
-114.675     ts77     dynamics     sesquiterpene     TS     runpoint      10     runisomer      85
6 0.0297207 0.6375477 0.0200096
1 -0.4187782 1.1824901 0.9067639
1 -0.3760847 0.9929511 -1.0272629
1 1.2726940 0.7247535 -0.1292120
8 -0.0803597 -0.7981287 0.0007160
5
-114.687     ts77     dynamics     sesquiterpene     TS     runpoint      11     runisomer      85
6 0.0375630 0.6247063 0.0083186
1 -0.4009026 1.1866384 0.8923940
1 -0.3616588 1.0013183 -0.9381061
1 1.2764784 0.8896424 -0.1013103
8 -0.0885163 -0.7996726 0.0030165
5
-114.692     ts77     dynamics     sesquiterpene     TS     runpoint      12     runisomer      85
6 0.0476864 0.6117947 -0.0033616
1 -0.3775864 1.1816767 0.8690831
1 -0.3487051 1.0097902 -0.8482019
1 1.2481707 1.0471479 -0.0681974
8 -0.0966116 -0.8001325 0.0054981
5
-114.685     ts77     dynamics     sesquiterpene     TS     runpoint      13     runisomer      85
6 0.0611367 0.5990872 -0.0123253
1 -0.3531132 1.1670765 0.8404397
1 -0.3505615 1.0266511 -0.7870907
1 1.1907123 1.1872772 -0.0335870
8 -0.1045073 -0.7995718 0.0079959
5
-114.67     ts77     dynamics     sesquiterpene     TS     runpoint      14     runisomer      85
6 0.0775559 0.5866382 -0.0179878
1 -0.3284822 1.1433045 0.8159138
1 -0.3752792 1.0616216 -0.7731878
1 1.1114637 1.3014356 0.0020991
8 -0.1118253 -0.7981322 0.0106654
5
-114.665     ts77     dynamics     sesquiterpene     TS     runpoint      15     runisomer      85
6 0.0960593 0.5755330 -0.0208465
1 -0.3095607 1.1133909 0.8025156
1 -0.4177391 1.1061255 -0.7976434
1 1.0195580 1.3844148 0.0334432
8 -0.1184314 -0.7959495 0.0132193
5
-114.659     ts77     dynamics     sesquiterpene     TS     runpoint      16     runisomer      85
6 0.1149438 0.5673096 -0.0226592
1 -0.3024211 1.0797867 0.8053060
1 -0.4649534 1.1443394 -0.8373229
1 0.9264168 1.4340503 0.0562106
8 -0.1242037 -0.7932000 0.0154673
5
-114.654     ts77     dynamics     sesquiterpene     TS     runpoint      17     runisomer      85
6 0.1324594 0.5624875 -0.0263670
1 -0.3101286 1.0416739 0.8269640
1 -0.5086010 1.1670115 -0.8722452
1 0.8445931 1.4516453 0.0758355
8 -0.1289517 -0.7897191 0.0178469
5
-114.654160 ts77 dynamics sesquiterpene TS runpoint 1  runisomer  85
6 -0.0196836 0.6509533 -0.0002506
1 -0.3371916 1.1451201 0.9335406
1 -0.2703184 1.0789252 -0.8810523
1 0.9452617 -0.0723652 -0.0502671
8 -0.0344693 -0.7610247 0.0000478
5
-114.648 ts77 dynamics sesquiterpene TS runpoint 2  runisomer  85
6 -0.0269431 0.640537 0.000363485
1 -0.30898 1.15135 0.938343
1 -0.282751 1.16809 -0.94096
1 0.992713 -0.108165 -0.0258829
8 -0.0330067 -0.756966 0.00152302
5
-114.653     ts77     dynamics     sesquiterpene     TS     runpoint      3     runisomer      85
6 -0.0344767 0.6304063 0.0009276
1 -0.2782303 1.1548978 0.9388888
1 -0.2931525 1.2532821 -0.9957889
1 1.0381953 -0.1428440 -0.0008965
8 -0.0315027 -0.7527719 0.0029467
5
-114.644     ts77     dynamics     sesquiterpene     TS     runpoint      4     runisomer      85
6 -0.0420745 0.6217739 0.0001455
1 -0.2465952 1.1556285 0.9360579
1 -0.2979118 1.3218579 -1.0293859
1 1.0717313 -0.1778154 0.0240086
8 -0.0296100 -0.7484598 0.0042612
5
-114.633     ts77     dynamics     sesquiterpene     TS     runpoint      5     runisomer      85
6 -0.0495315 0.6155324 -0.0024674
1 -0.2155936 1.1539500 0.9313702
1 -0.2963770 1.3671208 -1.0361341
1 1.0859495 -0.2157950 0.0480472
8 -0.0269626 -0.7441310 0.0054289
5
-114.626     ts77     dynamics     sesquiterpene     TS     runpoint      6     runisomer      85
6 -0.0568999 0.6124959 -0.0070462
1 -0.1862818 1.1505098 0.9266705
1 -0.2890109 1.3856086 -1.0152650
1 1.0758532 -0.2618470 0.0704928
8 -0.0231117 -0.7399005 0.0064330
5
-114.631     ts77     dynamics     sesquiterpene     TS     runpoint      7     runisomer      85
6 -0.0646109 0.6134545 -0.0135384
1 -0.1589760 1.1459025 0.9237230
1 -0.2766535 1.3758338 -0.9686999
1 1.0389595 -0.3239262 0.0908837
8 -0.0175034 -0.7358036 0.0072726
5
-114.649     ts77     dynamics     sesquiterpene     TS     runpoint      8     runisomer      85
6 -0.0733556 0.6189047 -0.0216233
1 -0.1331712 1.1404659 0.9237924
1 -0.2605362 1.3389606 -0.9016768
1 0.9774734 -0.4108413 0.1093710
8 -0.0097113 -0.7317514 0.0079491
5
-114.674     ts77     dynamics     sesquiterpene     TS     runpoint      9     runisomer      85
6 -0.0835932 0.6284593 -0.0303271
1 -0.1079053 1.1342701 0.9272803
1 -0.2431807 1.2823249 -0.8266355
1 0.9050916 -0.5259990 0.1276202
8 -0.0001571 -0.7277045 0.0083838
5
-114.687     ts77     dynamics     sesquiterpene     TS     runpoint      10     runisomer      85
6 -0.0949920 0.6400731 -0.0372768
1 -0.0823928 1.1273476 0.9334194
1 -0.2300304 1.2262929 -0.7709894
1 0.8603464 -0.6622194 0.1512629
8 0.0087769 -0.7238697 0.0082180
5
-114.674     ts77     dynamics     sesquiterpene     TS     runpoint      11     runisomer      85
6 -0.1064576 0.6501585 -0.0387005
1 -0.0564615 1.1202057 0.9403420
1 -0.2285432 1.2033338 -0.7765400
1 0.8896207 -0.8131164 0.1894516
8 0.0138055 -0.7200335 0.0067959
5
-114.686     ts77     dynamics     sesquiterpene     TS     runpoint      12     runisomer      85
6 -0.1172277 0.6571038 -0.0333443
1 -0.0304728 1.1143248 0.9461937
1 -0.2394289 1.2215254 -0.8544982
1 0.9584490 -0.9759431 0.2375522
8 0.0165963 -0.7157619 0.0042922
5
-114.708     ts77     dynamics     sesquiterpene     TS     runpoint      13     runisomer      85
6 -0.1273862 0.6625595 -0.0245020
1 -0.0047696 1.1119607 0.9502634
1 -0.2549904 1.2527039 -0.9635443
1 1.0107501 -1.1325712 0.2826013
8 0.0202809 -0.7118030 0.0014368
5
-114.696     ts77     dynamics     sesquiterpene     TS     runpoint      14     runisomer      85
6 -0.1370893 0.6677636 -0.0154297
1 0.0205950 1.1153812 0.9526099
1 -0.2688708 1.2744400 -1.0642704
1 1.0263583 -1.2663142 0.3178090
8 0.0258522 -0.7088660 -0.0013864
5
-114.668     ts77     dynamics     sesquiterpene     TS     runpoint      15     runisomer      85
6 -0.1463269 0.6727942 -0.0077760
1 0.0457228 1.1260919 0.9531752
1 -0.2780538 1.2785064 -1.1368068
1 1.0044571 -1.3681622 0.3413000
8 0.0331564 -0.7071543 -0.0040708
5
-114.646     ts77     dynamics     sesquiterpene     TS     runpoint      16     runisomer      85
6 -0.1549930 0.6773509 -0.0021584
1 0.0706306 1.1443616 0.9510810
1 -0.2814015 1.2634892 -1.1730273
1 0.9489283 -1.4331872 0.3529752
8 0.0417959 -0.7066811 -0.0066045
5
-114.638     ts77     dynamics     sesquiterpene     TS     runpoint      17     runisomer      85
6 -0.1629530 0.6812638 0.0013404
1 0.0951442 1.1691748 0.9445271
1 -0.2787033 1.2302656 -1.1701570
1 0.8629359 -1.4570215 0.3530179
8 0.0514697 -0.7075852 -0.0089979
5
-114.648     ts77     dynamics     sesquiterpene     TS     runpoint      18     runisomer      85
6 -0.1700879 0.6845126 0.0029405
1 0.1189114 1.1985096 0.9313824
1 -0.2703870 1.1806457 -1.1285338
1 0.7498107 -1.4362976 0.3423203
8 0.0619277 -0.7100498 -0.0113172
5
-114.672     ts77     dynamics     sesquiterpene     TS     runpoint      19     runisomer      85
6 -0.1762921 0.6869340 0.0031605
1 0.1414476 1.2297548 0.9101212
1 -0.2576651 1.1179858 -1.0528660
1 0.6202456 -1.3768350 0.3261288
8 0.0725235 -0.7136335 -0.0138872
5
-114.689     ts77     dynamics     sesquiterpene     TS     runpoint      20     runisomer      85
6 -0.1814312 0.6878994 0.0032199
1 0.1622821 1.2602436 0.8805551
1 -0.2428607 1.0496032 -0.9582370
1 0.5086691 -1.3170410 0.3262804
8 0.0811639 -0.7157386 -0.0180373
5
-114.661     ts77     dynamics     sesquiterpene     TS     runpoint      21     runisomer      85
6 -0.1853206 0.6861472 0.0059851
1 0.1812652 1.2880073 0.8441261
1 -0.2295983 0.9903011 -0.8812666
1 0.4698451 -1.3381211 0.3929764
8 0.0844962 -0.7111104 -0.0268651
5
-114.662     ts77     dynamics     sesquiterpene     TS     runpoint      22     runisomer      85
6 -0.1878875 0.6803888 0.0155789
1 0.1990258 1.3125775 0.8039917
1 -0.2213902 0.9587269 -0.8749188
1 0.4733761 -1.4096348 0.5159078
8 0.0845618 -0.7018435 -0.0396764
5
-114.68     ts77     dynamics     sesquiterpene     TS     runpoint      23     runisomer      85
6 -0.1894960 0.6710507 0.0319475
1 0.2174169 1.3350601 0.7649044
1 -0.2183836 0.9555816 -0.9441894
1 0.4734016 -1.4600149 0.6447049
8 0.0844175 -0.6928833 -0.0532403
5
-114.685     ts77     dynamics     sesquiterpene     TS     runpoint      24     runisomer      85
6 -0.1907704 0.6599046 0.0502825
1 0.2390822 1.3570890 0.7315824
1 -0.2187776 0.9650762 -1.0382415
1 0.4569761 -1.4665255 0.7547422
8 0.0850682 -0.6860973 -0.0658984
5
-114.673     ts77     dynamics     sesquiterpene     TS     runpoint      25     runisomer      85
6 -0.1921994 0.6483156 0.0668949
1 0.2659059 1.3788239 0.7061493
1 -0.2215529 0.9759275 -1.1176634
1 0.4228745 -1.4275519 0.8359557
8 0.0867732 -0.6819112 -0.0768661
5
-114.66     ts77     dynamics     sesquiterpene     TS     runpoint      26     runisomer      85
6 -0.1940118 0.6372117 0.0801910
1 0.2978268 1.3977455 0.6875859
1 -0.2264809 0.9833659 -1.1653013
1 0.3726437 -1.3470919 0.8826701
8 0.0895968 -0.6803103 -0.0856078
5
-114.657     ts77     dynamics     sesquiterpene     TS     runpoint      27     runisomer      85
6 -0.1962128 0.6273869 0.0896112
1 0.3329788 1.4094734 0.6733348
1 -0.2337615 0.9858495 -1.1753168
1 0.3088385 -1.2312381 0.8906413
8 0.0935119 -0.6811331 -0.0916433
5
-114.667     ts77     dynamics     sesquiterpene     TS     runpoint      28     runisomer      85
6 -0.1986840 0.6195554 0.0948837
1 0.3687163 1.4096553 0.6611536
1 -0.2438748 0.9833507 -1.1465346
1 0.2355105 -1.0896305 0.8590170
8 0.0983712 -0.6840328 -0.0946467
5
-114.686     ts77     dynamics     sesquiterpene     TS     runpoint      29     runisomer      85
6 -0.2012713 0.6143000 0.0957647
1 0.4025927 1.3954089 0.6500407
1 -0.2575750 0.9769119 -1.0806330
1 0.1593103 -0.9396296 0.8000119
8 0.1038415 -0.6882378 -0.0950366
5
-114.694     ts77     dynamics     sesquiterpene     TS     runpoint      30     runisomer      85
6 -0.2038206 0.6120304 0.0921708
1 0.4329319 1.3659005 0.6403622
1 -0.2760037 0.9690583 -0.9838389
1 0.0880153 -0.8077528 0.7586580
8 0.1094967 -0.6924901 -0.0952185
5
-114.682     ts77     dynamics     sesquiterpene     TS     runpoint      31     runisomer      85
6 -0.2061372 0.6128178 0.0848119
1 0.4590550 1.3224633 0.6336128
1 -0.3011512 0.9655216 -0.8728098
1 0.0219583 -0.7114239 0.7937744
8 0.1153355 -0.6961907 -0.0984762
5
-114.68     ts77     dynamics     sesquiterpene     TS     runpoint      32     runisomer      85
6 -0.2077883 0.6157842 0.0763066
1 0.4813358 1.2685894 0.6318285
1 -0.3374229 0.9789455 -0.7837706
1 -0.0403979 -0.6477477 0.8792069
8 0.1213862 -0.6998797 -0.1029706
5
-114.669     ts77     dynamics     sesquiterpene     TS     runpoint      33     runisomer      85
6 -0.2079899 0.6189174 0.0705526
1 0.5012294 1.2094410 0.6367019
1 -0.3928780 1.0273443 -0.7619269
1 -0.0940664 -0.6140500 0.9616337
8 0.1271606 -0.7036771 -0.1055257
5
-114.662     ts77     dynamics     sesquiterpene     TS     runpoint      34     runisomer      85
6 -0.2064908 0.6214035 0.0677123
1 0.5209638 1.1508736 0.6490358
1 -0.4694367 1.1098093 -0.8034689
1 -0.1353726 -0.6073981 1.0152894
8 0.1322205 -0.7074680 -0.1049300
5
-114.668     ts77     dynamics     sesquiterpene     TS     runpoint      35     runisomer      85
6 -0.2041875 0.6244127 0.0645679
1 0.5421763 1.0982468 0.6682837
1 -0.5550098 1.2022980 -0.8627049
1 -0.1627082 -0.6243582 1.0309768
8 0.1362719 -0.7111685 -0.1010350
5
-114.665     ts77     dynamics     sesquiterpene     TS     runpoint      36     runisomer      85
6 -0.2019447 0.6290164 0.0591332
1 0.5641839 1.0552819 0.6921123
1 -0.6359415 1.2847726 -0.9083198
1 -0.1750747 -0.6623586 1.0059465
8 0.1390820 -0.7147182 -0.0940025
5
-114.66     ts77     dynamics     sesquiterpene     TS     runpoint      37     runisomer      85
6 -0.2000300 0.6356976 0.0509888
1 0.5837162 1.0237906 0.7166905
1 -0.7033711 1.3470732 -0.9279665
1 -0.1718938 -0.7198091 0.9415454
8 0.1404636 -0.7180527 -0.0841412
5
-114.662     ts77     dynamics     sesquiterpene     TS     runpoint      38     runisomer      85
6 -0.1982976 0.6445666 0.0404409
1 0.5962461 1.0043263 0.7377349
1 -0.7523236 1.3845566 -0.9182661
1 -0.1549013 -0.7951392 0.8474992
8 0.1403898 -0.7210960 -0.0722340
5
-114.667     ts77     dynamics     sesquiterpene     TS     runpoint      39     runisomer      85
6 -0.1964641 0.6554228 0.0280835
1 0.5977234 0.9969247 0.7516408
1 -0.7801744 1.3949917 -0.8793794
1 -0.1332718 -0.8875458 0.7547871
8 0.1393142 -0.7236093 -0.0604427
5
-114.663     ts77     dynamics     sesquiterpene     TS     runpoint      40     runisomer      85
6 -0.1942523 0.6677122 0.0147087
1 0.5857660 1.0015407 0.7561694
1 -0.7861783 1.3776493 -0.8136541
1 -0.1269444 -1.0040177 0.7206657
8 0.1383887 -0.7246878 -0.0526800
5
-114.673     ts77     dynamics     sesquiterpene     TS     runpoint      41     runisomer      85
6 -0.1913820 0.6805641 0.0013197
1 0.5602397 1.0181844 0.7508544
1 -0.7726567 1.3345507 -0.7269605
1 -0.1408376 -1.1477003 0.7514094
8 0.1378692 -0.7236100 -0.0496944
5
-114.697     ts77     dynamics     sesquiterpene     TS     runpoint      42     runisomer      85
6 -0.1872596 0.6926906 -0.0107409
1 0.5234315 1.0467484 0.7375457
1 -0.7491144 1.2746792 -0.6328348
1 -0.1577562 -1.2915382 0.7897970
8 0.1366794 -0.7216722 -0.0481508
5
-114.689     ts77     dynamics     sesquiterpene     TS     runpoint      43     runisomer      85
6 -0.1802825 0.7017741 -0.0193882
1 0.4800653 1.0870475 0.7206727
1 -0.7401105 1.2206164 -0.5584807
1 -0.1681611 -1.4103069 0.8040377
8 0.1342657 -0.7201354 -0.0461772
5
-114.658     ts77     dynamics     sesquiterpene     TS     runpoint      44     runisomer      85
6 -0.1680821 0.7049756 -0.0225163
1 0.4367472 1.1391776 0.7067274
1 -0.7817151 1.2011876 -0.5353615
1 -0.1702739 -1.4919017 0.7867380
8 0.1305970 -0.7194557 -0.0433122
5
-114.652     ts77     dynamics     sesquiterpene     TS     runpoint      45     runisomer      85
6 -0.1512414 0.7023741 -0.0212911
1 0.3998166 1.2033536 0.7022721
1 -0.8753665 1.2113125 -0.5575217
1 -0.1647715 -1.5314432 0.7390686
8 0.1258444 -0.7196935 -0.0395442
5
-114.67     ts77     dynamics     sesquiterpene     TS     runpoint      46     runisomer      85
6 -0.1332127 0.6963730 -0.0187921
1 0.3712581 1.2775239 0.7093828
1 -0.9846998 1.2219277 -0.5925492
1 -0.1528398 -1.5270762 0.6647382
8 0.1202557 -0.7208091 -0.0349698
5
-114.68     ts77     dynamics     sesquiterpene     TS     runpoint      47     runisomer      85
6 -0.1163306 0.6888546 -0.0165618
1 0.3475834 1.3546219 0.7232157
1 -1.0812952 1.2164408 -0.6197849
1 -0.1366954 -1.4812306 0.5707410
8 0.1141517 -0.7225690 -0.0298696
5
-114.68     ts77     dynamics     sesquiterpene     TS     runpoint      48     runisomer      85
6 -0.1015207 0.6810123 -0.0148749
1 0.3239080 1.4243135 0.7360436
1 -1.1517117 1.1902859 -0.6311337
1 -0.1231402 -1.4116254 0.4751084
8 0.1081160 -0.7238136 -0.0251973
5
-114.66     ts77     dynamics     sesquiterpene     TS     runpoint      49     runisomer      85
6 -0.0891962 0.6735753 -0.0136881
1 0.2973671 1.4771528 0.7419337
1 -1.1903242 1.1439069 -0.6242309
1 -0.1312068 -1.3731345 0.4198322
8 0.1034834 -0.7210671 -0.0234045
5
-114.634     ts77     dynamics     sesquiterpene     TS     runpoint      50     runisomer      85
6 -0.0797207 0.6670157 -0.0129943
1 0.2675482 1.5069962 0.7381538
1 -1.1949272 1.0797329 -0.5990690
1 -0.1808052 -1.4174294 0.4383265
8 0.1016685 -0.7111919 -0.0264323
5
-114.657     ts77     dynamics     sesquiterpene     TS     runpoint      51     runisomer      85
6 -0.0735134 0.6617294 -0.0128265
1 0.2358255 1.5115519 0.7248177
1 -1.1655657 1.0015955 -0.5570958
1 -0.2521264 -1.4870965 0.4896678
8 0.1016550 -0.6981997 -0.0315907
5
-114.671     ts77     dynamics     sesquiterpene     TS     runpoint      52     runisomer      85
6 -0.0708935 0.6578400 -0.0132142
1 0.2049924 1.4922433 0.7044599
1 -1.1055751 0.9149809 -0.5017127
1 -0.3228387 -1.5308072 0.5385461
8 0.1023089 -0.6858545 -0.0365816
5
-114.672     ts77     dynamics     sesquiterpene     TS     runpoint      53     runisomer      85
6 -0.0716675 0.6549328 -0.0140729
1 0.1791755 1.4545233 0.6822086
1 -1.0260734 0.8279132 -0.4402280
1 -0.3831038 -1.5331798 0.5726054
8 0.1033043 -0.6756626 -0.0405504
5
-114.666     ts77     dynamics     sesquiterpene     TS     runpoint      54     runisomer      85
6 -0.0742968 0.6520008 -0.0149829
1 0.1634940 1.4082287 0.6662056
1 -0.9552739 0.7514767 -0.3871880
1 -0.4288735 -1.4929769 0.5881848
8 0.1046870 -0.6682644 -0.0431770
5
-114.65     ts77     dynamics     sesquiterpene     TS     runpoint      55     runisomer      85
6 -0.0756226 0.6479467 -0.0151761
1 0.1628259 1.3658036 0.6664709
1 -0.9403336 0.6964835 -0.3632089
1 -0.4575939 -1.4123073 0.5834552
8 0.1065914 -0.6641676 -0.0442560
5
-114.647     ts77     dynamics     sesquiterpene     TS     runpoint      56     runisomer      85
6 -0.0744059 0.6425593 -0.0148205
1 0.1795725 1.3364259 0.6901787
1 -1.0019345 0.6665712 -0.3748694
1 -0.4678298 -1.2957231 0.5577515
8 0.1091479 -0.6637367 -0.0436564
5
-114.676     ts77     dynamics     sesquiterpene     TS     runpoint      57     runisomer      85
6 -0.0736282 0.6366122 -0.0153308
1 0.2114852 1.3196473 0.7353251
1 -1.1028609 0.6604211 -0.4046272
1 -0.4639404 -1.1558314 0.5164670
8 0.1126669 -0.6666465 -0.0416359
5
-114.693     ts77     dynamics     sesquiterpene     TS     runpoint      58     runisomer      85
6 -0.0758718 0.6313327 -0.0173510
1 0.2520526 1.3068987 0.7905175
1 -1.2024168 0.6752539 -0.4345319
1 -0.4688426 -1.0211596 0.4823742
8 0.1183753 -0.6713051 -0.0395601
5
-114.677     ts77     dynamics     sesquiterpene     TS     runpoint      59     runisomer      85
6 -0.0817309 0.6279405 -0.0206335
1 0.2935594 1.2892583 0.8421976
1 -1.2791697 0.7067823 -0.4549965
1 -0.5248891 -0.9230259 0.4923166
8 0.1285216 -0.6758198 -0.0396849
5
-114.67     ts77     dynamics     sesquiterpene     TS     runpoint      60     runisomer      85
6 -0.0907838 0.6273398 -0.0247243
1 0.3294647 1.2619000 0.8802617
1 -1.3239171 0.7503692 -0.4619316
1 -0.6232025 -0.8550143 0.5361885
8 0.1420645 -0.6806784 -0.0413367
5
-114.669     ts77     dynamics     sesquiterpene     TS     runpoint      61     runisomer      85
6 -0.1023945 0.6298731 -0.0292126
1 0.3551519 1.2240234 0.8990440
1 -1.3330271 0.8018726 -0.4540707
1 -0.7169095 -0.8036992 0.5775155
8 0.1556349 -0.6866713 -0.0422469
5
-114.658     ts77     dynamics     sesquiterpene     TS     runpoint      62     runisomer      85
6 -0.1159739 0.6353857 -0.0337751
1 0.3680222 1.1776184 0.8964423
1 -1.3057039 0.8575105 -0.4316559
1 -0.7801631 -0.7665261 0.5991210
8 0.1672745 -0.6937316 -0.0414291
5
-114.653     ts77     dynamics     sesquiterpene     TS     runpoint      63     runisomer      85
6 -0.1309330 0.6434423 -0.0381767
1 0.3676773 1.1267702 0.8735038
1 -1.2440990 0.9137336 -0.3963012
1 -0.8040720 -0.7442106 0.5964629
8 0.1761439 -0.7015218 -0.0387364
5
-114.659     ts77     dynamics     sesquiterpene     TS     runpoint      64     runisomer      85
6 -0.1464374 0.6533760 -0.0422777
1 0.3565752 1.0774994 0.8350646
1 -1.1563442 0.9678837 -0.3519709
1 -0.7868305 -0.7379144 0.5695351
8 0.1818594 -0.7096804 -0.0343286
5
-114.671     ts77     dynamics     sesquiterpene     TS     runpoint      65     runisomer      85
6 -0.1608986 0.6641061 -0.0460023
1 0.3410282 1.0375736 0.7909569
1 -1.0630747 1.0208159 -0.3068931
1 -0.7309804 -0.7491487 0.5208621
8 0.1842918 -0.7178427 -0.0285244
5
-114.674     ts77     dynamics     sesquiterpene     TS     runpoint      66     runisomer      85
6 -0.1716242 0.6738391 -0.0492907
1 0.3311954 1.0153188 0.7556195
1 -1.0016075 1.0814632 -0.2740884
1 -0.6472375 -0.7801700 0.4577826
8 0.1838079 -0.7256109 -0.0219171
5
-114.665     ts77     dynamics     sesquiterpene     TS     runpoint      67     runisomer      85
6 -0.1765373 0.6807291 -0.0522825
1 0.3372468 1.0165742 0.7422357
1 -1.0024447 1.1616044 -0.2634257
1 -0.5676348 -0.8349453 0.3995676
8 0.1821496 -0.7324591 -0.0158276
5
-114.656     ts77     dynamics     sesquiterpene     TS     runpoint      68     runisomer      85
6 -0.1769423 0.6849352 -0.0553141
1 0.3618451 1.0411702 0.7524990
1 -1.0503798 1.2536022 -0.2710041
1 -0.5529987 -0.9226693 0.3795837
8 0.1830026 -0.7374352 -0.0124593
5
-114.669     ts77     dynamics     sesquiterpene     TS     runpoint      69     runisomer      85
6 -0.1752018 0.6880711 -0.0580800
1 0.3977778 1.0827484 0.7746274
1 -1.1104659 1.3366259 -0.2870256
1 -0.6095435 -1.0467948 0.3984430
8 0.1867831 -0.7398193 -0.0119519
5
-114.687     ts77     dynamics     sesquiterpene     TS     runpoint      70     runisomer      85
6 -0.1725013 0.6914463 -0.0598139
1 0.4344494 1.1325396 0.7934472
1 -1.1601469 1.3960413 -0.3044827
1 -0.6735661 -1.1837959 0.4205576
8 0.1896112 -0.7406012 -0.0121256
5
-114.673     ts77     dynamics     sesquiterpene     TS     runpoint      71     runisomer      85
6 -0.1692238 0.6957048 -0.0599297
1 0.4636998 1.1827480 0.7982640
1 -1.1891945 1.4253437 -0.3195644
1 -0.7098475 -1.3101181 0.4272901
8 0.1894262 -0.7408478 -0.0118122
5
-114.651     ts77     dynamics     sesquiterpene     TS     runpoint      72     runisomer      85
6 -0.1655437 0.7010134 -0.0581870
1 0.4810823 1.2276390 0.7839300
1 -1.1936062 1.4225810 -0.3303378
1 -0.7094086 -1.4122698 0.4141994
8 0.1858201 -0.7410498 -0.0107084
5
-114.64     ts77     dynamics     sesquiterpene     TS     runpoint      73     runisomer      85
6 -0.1616485 0.7072415 -0.0546281
1 0.4853306 1.2635172 0.7495836
1 -1.1725352 1.3881739 -0.3359453
1 -0.6727247 -1.4825991 0.3817488
8 0.1789904 -0.7413860 -0.0088111
5
-114.647     ts77     dynamics     sesquiterpene     TS     runpoint      74     runisomer      85
6 -0.1577580 0.7139989 -0.0495188
1 0.4780869 1.2887561 0.6978361
1 -1.1280937 1.3246607 -0.3364757
1 -0.6033358 -1.5159176 0.3318132
8 0.1693539 -0.7419457 -0.0061986
5
-114.668     ts77     dynamics     sesquiterpene     TS     runpoint      75     runisomer      85
6 -0.1539585 0.7204277 -0.0432932
1 0.4643222 1.3044383 0.6348307
1 -1.0678138 1.2381178 -0.3337372
1 -0.5077454 -1.5096585 0.2674481
8 0.1575485 -0.7427002 -0.0030124
5
-114.689     ts77     dynamics     sesquiterpene     TS     runpoint      76     runisomer      85
6 -0.1497795 0.7248455 -0.0363986
1 0.4529078 1.3154494 0.5703496
1 -1.0100463 1.1406784 -0.3332487
1 -0.4005765 -1.4706389 0.1948864
8 0.1447392 -0.7430282 0.0004249
5
-114.686     ts77     dynamics     sesquiterpene     TS     runpoint      77     runisomer      85
6 -0.1438269 0.7248131 -0.0290012
1 0.4552371 1.3302673 0.5157513
1 -0.9865916 1.0497376 -0.3458917
1 -0.3160145 -1.4349790 0.1266034
8 0.1333185 -0.7404545 0.0034191
5
-114.654     ts77     dynamics     sesquiterpene     TS     runpoint      78     runisomer      85
6 -0.1352237 0.7187201 -0.0211153
1 0.4792707 1.3562041 0.4780048
1 -1.0199475 0.9754379 -0.3804950
1 -0.3005727 -1.4717540 0.0738598
8 0.1264778 -0.7305206 0.0053898
5
-114.667     ts77     dynamics     sesquiterpene     TS     runpoint      79     runisomer      85
6 -0.1258518 0.7072809 -0.0133535
1 0.5225914 1.3921245 0.4546735
1 -1.0906205 0.9132672 -0.4298358
1 -0.3382848 -1.5623469 0.0275242
8 0.1235451 -0.7145784 0.0070710
5
-114.688     ts77     dynamics     sesquiterpene     TS     runpoint      80     runisomer      85
6 -0.1182624 0.6923239 -0.0064759
1 0.5739176 1.4282716 0.4372252
1 -1.1630924 0.8584888 -0.4788208
1 -0.3886136 -1.6375595 -0.0188319
8 0.1223531 -0.6974448 0.0090226
5
-114.672     ts77     dynamics     sesquiterpene     TS     runpoint      81     runisomer      85
6 -0.1137905 0.6755768 -0.0008560
1 0.6210036 1.4534512 0.4178472
1 -1.2148891 0.8112330 -0.5171668
1 -0.4336168 -1.6658696 -0.0641466
8 0.1221296 -0.6817071 0.0113043
5
-114.651     ts77     dynamics     sesquiterpene     TS     runpoint      82     runisomer      85
6 -0.1129082 0.6584455 0.0033880
1 0.6553171 1.4599783 0.3919641
1 -1.2364223 0.7733718 -0.5403051
1 -0.4670042 -1.6388952 -0.1061690
8 0.1227650 -0.6685807 0.0138615
5
-114.644     ts77     dynamics     sesquiterpene     TS     runpoint      83     runisomer      85
6 -0.1157499 0.6421078 0.0062419
1 0.6725185 1.4443811 0.3574731
1 -1.2250179 0.7467545 -0.5469635
1 -0.4858431 -1.5566242 -0.1432362
8 0.1242807 -0.6588483 0.0166547
5
-114.658     ts77     dynamics     sesquiterpene     TS     runpoint      84     runisomer      85
6 -0.1222830 0.6275293 0.0077516
1 0.6717796 1.4069674 0.3139016
1 -1.1820637 0.7328461 -0.5378103
1 -0.4897994 -1.4255305 -0.1748169
8 0.1267709 -0.6529373 0.0196868
