5
-114.654160 ts77 dynamics sesquiterpene TS runpoint 1  runisomer  41
6 -0.0212354 0.6131267 0.0219930
1 -0.2722034 1.2436648 0.8432597
1 -0.3458745 1.0960450 -0.9757955
1 0.9504647 -0.0882920 0.0384517
8 -0.0329663 -0.7389311 -0.0105723
5
-114.646 ts77 dynamics sesquiterpene TS runpoint 2  runisomer  41
6 -0.0139661 0.62314 0.0161972
1 -0.275229 1.22348 0.844417
1 -0.357838 1.02855 -0.911915
1 0.919917 -0.0379103 0.0624106
8 -0.035551 -0.744093 -0.0118316
5
-114.646     ts77     dynamics     sesquiterpene     TS     runpoint      3     runisomer      41
6 -0.0076919 0.6336341 0.0091294
1 -0.2799848 1.2045917 0.8601607
1 -0.3672838 0.9678837 -0.8548313
1 0.9143655 0.0176051 0.0857516
8 -0.0390142 -0.7504520 -0.0125899
5
-114.64     ts77     dynamics     sesquiterpene     TS     runpoint      4     runisomer      41
6 -0.0017546 0.6429742 0.0035639
1 -0.2860197 1.1871760 0.8877865
1 -0.3850601 0.9284338 -0.8345274
1 0.9397888 0.0827460 0.1081361
8 -0.0435707 -0.7579812 -0.0128463
5
-114.638     ts77     dynamics     sesquiterpene     TS     runpoint      5     runisomer      41
6 0.0046499 0.6499527 0.0014740
1 -0.2925966 1.1697245 0.9207018
1 -0.4182338 0.9168894 -0.8661946
1 0.9942638 0.1640616 0.1280538
8 -0.0493052 -0.7665137 -0.0126122
5
-114.653     ts77     dynamics     sesquiterpene     TS     runpoint      6     runisomer      41
6 0.0115054 0.6542301 0.0020711
1 -0.2993393 1.1506525 0.9515009
1 -0.4585090 0.9274124 -0.9300212
1 1.0686911 0.2677741 0.1428778
8 -0.0561762 -0.7757195 -0.0119134
5
-114.669     ts77     dynamics     sesquiterpene     TS     runpoint      7     runisomer      41
6 0.0185704 0.6558172 0.0036269
1 -0.3063578 1.1290415 0.9740911
1 -0.4921011 0.9509364 -0.9957496
1 1.1492086 0.3959929 0.1497377
8 -0.0639922 -0.7851113 -0.0107945
5
-114.676     ts77     dynamics     sesquiterpene     TS     runpoint      8     runisomer      41
6 0.0259958 0.6548709 0.0050477
1 -0.3140736 1.1047327 0.9846265
1 -0.5102989 0.9806936 -1.0433530
1 1.2208149 0.5452813 0.1465041
8 -0.0724432 -0.7941519 -0.0093220
5
-114.676     ts77     dynamics     sesquiterpene     TS     runpoint      9     runisomer      41
6 0.0341489 0.6517821 0.0057943
1 -0.3230504 1.0782132 0.9818487
1 -0.5097268 1.0119953 -1.0630863
1 1.2709511 0.7079908 0.1323624
8 -0.0811898 -0.8023889 -0.0075727
5
-114.675     ts77     dynamics     sesquiterpene     TS     runpoint      10     runisomer      41
6 0.0433422 0.6471551 0.0055136
1 -0.3339413 1.0505106 0.9671270
1 -0.4901857 1.0413113 -1.0514123
1 1.2914512 0.8744300 0.1079259
8 -0.0899246 -0.8095076 -0.0056316
5
-114.675     ts77     dynamics     sesquiterpene     TS     runpoint      11     runisomer      41
6 0.0537315 0.6416929 0.0038420
1 -0.3474729 1.0228375 0.9443135
1 -0.4535319 1.0662072 -1.0089217
1 1.2787862 1.0345164 0.0751620
8 -0.0983798 -0.8153235 -0.0035538
5
-114.677     ts77     dynamics     sesquiterpene     TS     runpoint      12     runisomer      41
6 0.0655977 0.6361358 0.0012724
1 -0.3656175 0.9984219 0.9175727
1 -0.4043103 1.0825140 -0.9416211
1 1.2338389 1.1793468 0.0351656
8 -0.1064093 -0.8197714 -0.0016627
5
-114.679     ts77     dynamics     sesquiterpene     TS     runpoint      13     runisomer      41
6 0.0788276 0.6309209 -0.0019746
1 -0.3882823 0.9785801 0.8928209
1 -0.3498500 1.0919963 -0.8615219
1 1.1610721 1.3004701 -0.0080691
8 -0.1137534 -0.8228389 0.0000080
5
-114.674     ts77     dynamics     sesquiterpene     TS     runpoint      14     runisomer      41
6 0.0935385 0.6260332 -0.0045760
1 -0.4149285 0.9640144 0.8738899
1 -0.3028329 1.1003749 -0.7904947
1 1.0683734 1.3920351 -0.0505530
8 -0.1202319 -0.8245530 0.0013518
5
-114.659     ts77     dynamics     sesquiterpene     TS     runpoint      15     runisomer      41
6 0.1097508 0.6209448 -0.0045406
1 -0.4436074 0.9543019 0.8616473
1 -0.2789387 1.1176135 -0.7553339
1 0.9667465 1.4512509 -0.0883208
8 -0.1256895 -0.8249426 0.0022594
5
-114.644     ts77     dynamics     sesquiterpene     TS     runpoint      16     runisomer      41
6 0.1266148 0.6154407 -0.0009818
1 -0.4712251 0.9480696 0.8545777
1 -0.2865189 1.1468678 -0.7673138
1 0.8694374 1.4792612 -0.1179857
8 -0.1299926 -0.8240307 0.0026558
5
-114.654160 ts77 dynamics sesquiterpene TS runpoint 1  runisomer  41
6 -0.0212354 0.6131267 0.0219930
1 -0.2722034 1.2436648 0.8432597
1 -0.3458745 1.0960450 -0.9757955
1 0.9504647 -0.0882920 0.0384517
8 -0.0329663 -0.7389311 -0.0105723
5
-114.646 ts77 dynamics sesquiterpene TS runpoint 2  runisomer  41
6 -0.0294661 0.605019 0.0250212
1 -0.270593 1.26232 0.854306
1 -0.326241 1.15829 -1.02582
1 0.994194 -0.136549 0.0137842
8 -0.030885 -0.734905 -0.00883387
5
-114.64     ts77     dynamics     sesquiterpene     TS     runpoint      3     runisomer      41
6 -0.0383038 0.5999911 0.0249874
1 -0.2696189 1.2748602 0.8720511
1 -0.2983117 1.2077010 -1.0521833
1 1.0373958 -0.1856508 -0.0114635
8 -0.0287982 -0.7319435 -0.0066759
5
-114.634     ts77     dynamics     sesquiterpene     TS     runpoint      4     runisomer      41
6 -0.0474710 0.5990436 0.0221664
1 -0.2686164 1.2769908 0.8907339
1 -0.2633864 1.2399005 -1.0513334
1 1.0676720 -0.2397577 -0.0368134
8 -0.0260924 -0.7299883 -0.0041946
5
-114.632     ts77     dynamics     sesquiterpene     TS     runpoint      5     runisomer      41
6 -0.0570005 0.6029860 0.0170314
1 -0.2672777 1.2660849 0.9061117
1 -0.2233337 1.2525650 -1.0232426
1 1.0752763 -0.3054139 -0.0615849
8 -0.0220297 -0.7289199 -0.0015228
5
-114.641     ts77     dynamics     sesquiterpene     TS     runpoint      6     runisomer      41
6 -0.0673004 0.6122208 0.0101774
1 -0.2655376 1.2417571 0.9161507
1 -0.1800455 1.2455047 -0.9710758
1 1.0540006 -0.3913692 -0.0850403
8 -0.0158004 -0.7284552 0.0011747
5
-114.663     ts77     dynamics     sesquiterpene     TS     runpoint      7     runisomer      41
6 -0.0788479 0.6262609 0.0024694
1 -0.2635088 1.2060376 0.9212924
1 -0.1353156 1.2224088 -0.9033861
1 1.0035852 -0.5043151 -0.1065846
8 -0.0069060 -0.7281659 0.0037235
5
-114.689     ts77     dynamics     sesquiterpene     TS     runpoint      8     runisomer      41
6 -0.0917214 0.6432851 -0.0045857
1 -0.2617976 1.1631923 0.9244362
1 -0.0906691 1.1944765 -0.8389456
1 0.9354908 -0.6429934 -0.1267606
8 0.0041215 -0.7277406 0.0060271
5
-114.699     ts77     dynamics     sesquiterpene     TS     runpoint      9     runisomer      41
6 -0.1056095 0.6602056 -0.0086750
1 -0.2616389 1.1188776 0.9303044
1 -0.0455530 1.1819776 -0.8085068
1 0.8829746 -0.7992103 -0.1500244
8 0.0149986 -0.7270133 0.0082700
5
-114.693     ts77     dynamics     sesquiterpene     TS     runpoint      10     runisomer      41
6 -0.1201614 0.6742211 -0.0084007
1 -0.2643977 1.0787121 0.9439400
1 0.0042352 1.2002374 -0.8334197
1 0.8825775 -0.9696364 -0.1843007
8 0.0229785 -0.7254090 0.0109317
5
-114.705     ts77     dynamics     sesquiterpene     TS     runpoint      11     runisomer      41
6 -0.1348192 0.6849498 -0.0056224
1 -0.2707149 1.0467205 0.9682829
1 0.0602329 1.2401309 -0.8955583
1 0.9095344 -1.1467794 -0.2269896
8 0.0291488 -0.7227946 0.0139159
5
-114.709     ts77     dynamics     sesquiterpene     TS     runpoint      12     runisomer      41
6 -0.1487666 0.6933565 -0.0032116
1 -0.2799335 1.0243031 1.0013641
1 0.1177006 1.2828741 -0.9604774
1 0.9221006 -1.3080123 -0.2683357
8 0.0357829 -0.7202239 0.0167166
5
-114.686     ts77     dynamics     sesquiterpene     TS     runpoint      13     runisomer      41
6 -0.1613364 0.7001607 -0.0026504
1 -0.2903778 1.0105919 1.0362336
1 0.1708221 1.3166116 -1.0053409
1 0.9046146 -1.4354110 -0.3027528
8 0.0436274 -0.7185631 0.0190918
5
-114.658     ts77     dynamics     sesquiterpene     TS     runpoint      14     runisomer      41
6 -0.1721316 0.7056640 -0.0042152
1 -0.3001524 1.0037667 1.0642830
1 0.2154845 1.3363180 -1.0198053
1 0.8562101 -1.5198667 -0.3284568
8 0.0525795 -0.7181815 0.0210282
5
-114.642     ts77     dynamics     sesquiterpene     TS     runpoint      15     runisomer      41
6 -0.1809592 0.7099621 -0.0077317
1 -0.3077802 1.0019967 1.0785526
1 0.2492875 1.3404740 -1.0006186
1 0.7798223 -1.5566814 -0.3452437
8 0.0623682 -0.7192376 0.0226143
5
-114.641     ts77     dynamics     sesquiterpene     TS     runpoint      16     runisomer      41
6 -0.1877709 0.7130278 -0.0129442
1 -0.3124947 1.0037350 1.0752108
1 0.2712498 1.3294294 -0.9487417
1 0.6790755 -1.5434784 -0.3538304
8 0.0727416 -0.7217843 0.0240050
5
-114.658     ts77     dynamics     sesquiterpene     TS     runpoint      17     runisomer      41
6 -0.1926852 0.7145904 -0.0195000
1 -0.3143582 1.0078588 1.0539217
1 0.2821881 1.3055088 -0.8694416
1 0.5609329 -1.4843643 -0.3575788
8 0.0833033 -0.7254338 0.0255025
5
-114.679     ts77     dynamics     sesquiterpene     TS     runpoint      18     runisomer      41
6 -0.1961080 0.7139188 -0.0267214
1 -0.3143016 1.0138480 1.0181746
1 0.2866006 1.2749534 -0.7749101
1 0.4436270 -1.4048875 -0.3702705
8 0.0929829 -0.7283910 0.0280149
5
-114.672     ts77     dynamics     sesquiterpene     TS     runpoint      19     runisomer      41
6 -0.1990041 0.7096505 -0.0334064
1 -0.3141035 1.0219131 0.9756983
1 0.2961822 1.2511529 -0.6872584
1 0.3593959 -1.3698170 -0.4317026
8 0.0998490 -0.7264076 0.0340538
5
-114.663     ts77     dynamics     sesquiterpene     TS     runpoint      20     runisomer      41
6 -0.2028121 0.7002073 -0.0383864
1 -0.3162203 1.0330970 0.9378728
1 0.3287609 1.2523123 -0.6320399
1 0.3070027 -1.3989883 -0.5644318
8 0.1040900 -0.7182633 0.0450571
5
-114.687     ts77     dynamics     sesquiterpene     TS     runpoint      21     runisomer      41
6 -0.2080215 0.6854766 -0.0421781
1 -0.3232012 1.0487605 0.9160477
1 0.3907880 1.2829991 -0.6149273
1 0.2561079 -1.4244642 -0.7177435
8 0.1077391 -0.7085276 0.0578585
5
-114.693     ts77     dynamics     sesquiterpene     TS     runpoint      22     runisomer      41
6 -0.2133784 0.6674224 -0.0465843
1 -0.3365861 1.0688075 0.9145062
1 0.4670581 1.3262698 -0.6185877
1 0.1982672 -1.4129830 -0.8522220
8 0.1114415 -0.6996966 0.0699660
