5
-114.654160 ts77 dynamics sesquiterpene TS runpoint 1  runisomer  141
6 -0.0220549 0.6203506 0.0098674
1 -0.2308641 1.1965495 0.9225344
1 -0.3373209 1.0342626 -0.9608471
1 0.8966789 -0.0680988 0.0902727
8 -0.0321069 -0.7387610 -0.0106770
5
-114.647 ts77 dynamics sesquiterpene TS runpoint 2  runisomer  141
6 -0.0186308 0.607254 0.0141545
1 -0.262497 1.19239 0.911973
1 -0.360918 1.10014 -1.01441
1 0.953577 -0.064033 0.0696988
8 -0.0347805 -0.733081 -0.00855642
5
-114.645     ts77     dynamics     sesquiterpene     TS     runpoint      3     runisomer      141
6 -0.0163870 0.5966165 0.0163416
1 -0.2939346 1.1842473 0.9006415
1 -0.3751932 1.1595516 -1.0463540
1 1.0260834 -0.0543130 0.0481005
8 -0.0381529 -0.7289441 -0.0061079
5
-114.639     ts77     dynamics     sesquiterpene     TS     runpoint      4     runisomer      141
6 -0.0144581 0.5884775 0.0160025
1 -0.3242490 1.1724340 0.8898321
1 -0.3777369 1.2061211 -1.0512229
1 1.1013337 -0.0302462 0.0253688
8 -0.0422715 -0.7265442 -0.0034317
5
-114.635     ts77     dynamics     sesquiterpene     TS     runpoint      5     runisomer      141
6 -0.0119603 0.5825818 0.0130971
1 -0.3522279 1.1575348 0.8808164
1 -0.3677141 1.2361469 -1.0287213
1 1.1700982 0.0165093 0.0021133
8 -0.0473479 -0.7260194 -0.0006349
5
-114.637     ts77     dynamics     sesquiterpene     TS     runpoint      6     runisomer      141
6 -0.0082645 0.5785744 0.0078048
1 -0.3763075 1.1400870 0.8746800
1 -0.3451092 1.2475879 -0.9814007
1 1.2272286 0.0916233 -0.0207321
8 -0.0536279 -0.7273660 0.0021811
5
-114.647     ts77     dynamics     sesquiterpene     TS     runpoint      7     runisomer      141
6 -0.0030038 0.5761772 0.0005775
1 -0.3948301 1.1203542 0.8721450
1 -0.3110445 1.2401819 -0.9147630
1 1.2690553 0.1961938 -0.0421157
8 -0.0611910 -0.7304463 0.0049129
5
-114.661     ts77     dynamics     sesquiterpene     TS     runpoint      8     runisomer      141
6 0.0041667 0.5751445 -0.0076663
1 -0.4063846 1.0983788 0.8734397
1 -0.2689323 1.2171993 -0.8393525
1 1.2914817 0.3270049 -0.0607725
8 -0.0699106 -0.7350803 0.0074423
5
-114.673     ts77     dynamics     sesquiterpene     TS     runpoint      9     runisomer      141
6 0.0137953 0.5748992 -0.0152452
1 -0.4100271 1.0742844 0.8782037
1 -0.2260505 1.1889979 -0.7743038
1 1.2905857 0.4777416 -0.0751186
8 -0.0795520 -0.7410970 0.0096349
5
-114.676     ts77     dynamics     sesquiterpene     TS     runpoint      10     runisomer      141
6 0.0265907 0.5743118 -0.0197642
1 -0.4054314 1.0485882 0.8853849
1 -0.1934982 1.1741113 -0.7467964
1 1.2644532 0.6399347 -0.0833706
8 -0.0898476 -0.7483179 0.0113616
5
-114.677     ts77     dynamics     sesquiterpene     TS     runpoint      11     runisomer      141
6 0.0428078 0.5727672 -0.0196649
1 -0.3931145 1.0223697 0.8933936
1 -0.1801376 1.1851738 -0.7738333
1 1.2150705 0.8039180 -0.0839152
8 -0.1005226 -0.7565354 0.0125234
5
-114.687     ts77     dynamics     sesquiterpene     TS     runpoint      12     runisomer      141
6 0.0616523 0.5714779 -0.0160027
1 -0.3748985 0.9970739 0.9006581
1 -0.1858367 1.2114344 -0.8415187
1 1.1491452 0.9605283 -0.0759170
8 -0.1112976 -0.7654951 0.0130807
5
-114.654160 ts77 dynamics sesquiterpene TS runpoint 1  runisomer  141
6 -0.0220549 0.6203506 0.0098674
1 -0.2308641 1.1965495 0.9225344
1 -0.3373209 1.0342626 -0.9608471
1 0.8966789 -0.0680988 0.0902727
8 -0.0321069 -0.7387610 -0.0106770
5
-114.647 ts77 dynamics sesquiterpene TS runpoint 2  runisomer  141
6 -0.0270123 0.635285 0.00476506
1 -0.199922 1.19694 0.931139
1 -0.310298 0.972844 -0.901846
1 0.866834 -0.0738231 0.110657
8 -0.0301599 -0.745759 -0.0123932
5
-114.641     ts77     dynamics     sesquiterpene     TS     runpoint      3     runisomer      141
6 -0.0328919 0.6505921 0.0014941
1 -0.1707155 1.1945289 0.9369357
1 -0.2907410 0.9316442 -0.8698080
1 0.8674467 -0.0859432 0.1315580
8 -0.0288600 -0.7537315 -0.0136395
5
-114.63     ts77     dynamics     sesquiterpene     TS     runpoint      4     runisomer      141
6 -0.0386009 0.6646060 0.0026415
1 -0.1445007 1.1911529 0.9400474
1 -0.2885847 0.9228332 -0.8964251
1 0.8921360 -0.1069132 0.1525172
8 -0.0279205 -0.7621573 -0.0143406
5
-114.635     ts77     dynamics     sesquiterpene     TS     runpoint      5     runisomer      141
6 -0.0438904 0.6767120 0.0071365
1 -0.1225337 1.1893699 0.9423591
1 -0.3007013 0.9428023 -0.9706951
1 0.9289563 -0.1385596 0.1719059
8 -0.0268943 -0.7703916 -0.0144008
5
-114.645     ts77     dynamics     sesquiterpene     TS     runpoint      6     runisomer      141
6 -0.0491984 0.6870120 0.0115188
1 -0.1056347 1.1916989 0.9467173
1 -0.3168225 0.9797758 -1.0537886
1 0.9652767 -0.1835567 0.1877806
8 -0.0252493 -0.7777614 -0.0137276
5
-114.644     ts77     dynamics     sesquiterpene     TS     runpoint      7     runisomer      141
6 -0.0549569 0.6956933 0.0133010
1 -0.0938685 1.1993916 0.9546167
1 -0.3301273 1.0243674 -1.1172290
1 0.9903927 -0.2462091 0.1986286
8 -0.0224138 -0.7836211 -0.0122492
5
-114.641     ts77     dynamics     sesquiterpene     TS     runpoint      8     runisomer      141
6 -0.0615635 0.7030594 0.0114799
1 -0.0865963 1.2116666 0.9646200
1 -0.3378089 1.0704745 -1.1475636
1 0.9964466 -0.3321948 0.2036584
8 -0.0178132 -0.7874087 -0.0099187
5
-114.646     ts77     dynamics     sesquiterpene     TS     runpoint      9     runisomer      141
6 -0.0693902 0.7095147 0.0060009
1 -0.0828026 1.2260515 0.9728235
1 -0.3391305 1.1138717 -1.1401988
1 0.9794042 -0.4462664 0.2029330
8 -0.0110235 -0.7887066 -0.0067441
5
-114.662     ts77     dynamics     sesquiterpene     TS     runpoint      10     runisomer      141
6 -0.0785984 0.7153385 -0.0026495
1 -0.0814691 1.2394847 0.9747392
1 -0.3343630 1.1514822 -1.0957994
1 0.9425526 -0.5878176 0.1979887
8 -0.0021786 -0.7873742 -0.0028610
5
-114.684     ts77     dynamics     sesquiterpene     TS     runpoint      11     runisomer      141
6 -0.0889517 0.7204551 -0.0135375
1 -0.0817418 1.2493336 0.9671014
1 -0.3247683 1.1816506 -1.0204099
1 0.9040513 -0.7485588 0.1933849
8 0.0074267 -0.7836061 0.0013278
5
-114.698     ts77     dynamics     sesquiterpene     TS     runpoint      12     runisomer      141
6 -0.0997692 0.7242803 -0.0250733
1 -0.0829014 1.2539601 0.9490222
1 -0.3133602 1.2059674 -0.9288868
1 0.8952040 -0.9197677 0.1963149
8 0.0154536 -0.7775122 0.0051692
5
-114.703     ts77     dynamics     sesquiterpene     TS     runpoint      13     runisomer      141
6 -0.1100264 0.7256002 -0.0347615
1 -0.0842499 1.2529697 0.9226926
1 -0.3057641 1.2328873 -0.8490357
1 0.9175210 -1.0972350 0.2072256
8 0.0213497 -0.7689547 0.0083771
5
-114.695     ts77     dynamics     sesquiterpene     TS     runpoint      14     runisomer      141
6 -0.1187256 0.7228140 -0.0400103
1 -0.0850250 1.2473655 0.8937130
1 -0.3083383 1.2768024 -0.8134035
1 0.9365803 -1.2655141 0.2181361
8 0.0268875 -0.7586765 0.0112067
5
-114.678     ts77     dynamics     sesquiterpene     TS     runpoint      15     runisomer      141
6 -0.1255654 0.7154211 -0.0406764
1 -0.0843725 1.2395634 0.8703489
1 -0.3211852 1.3401503 -0.8289993
1 0.9302662 -1.4053068 0.2232697
8 0.0331862 -0.7478236 0.0138377
5
-114.665     ts77     dynamics     sesquiterpene     TS     runpoint      16     runisomer      141
6 -0.1309825 0.7047070 -0.0392037
1 -0.0814875 1.2326144 0.8604670
1 -0.3372657 1.4050168 -0.8728555
1 0.8942397 -1.5045807 0.2207178
8 0.0403527 -0.7371821 0.0162803
5
-114.653     ts77     dynamics     sesquiterpene     TS     runpoint      17     runisomer      141
6 -0.1354701 0.6922378 -0.0377723
1 -0.0759092 1.2282138 0.8670680
1 -0.3498141 1.4524404 -0.9211547
1 0.8315933 -1.5576797 0.2103481
8 0.0481066 -0.7271941 0.0184861
5
-114.645     ts77     dynamics     sesquiterpene     TS     runpoint      18     runisomer      141
6 -0.1392812 0.6792160 -0.0371905
1 -0.0677719 1.2251706 0.8863719
1 -0.3551729 1.4719738 -0.9600620
1 0.7470649 -1.5621146 0.1925985
8 0.0561185 -0.7181856 0.0204029
5
-114.646     ts77     dynamics     sesquiterpene     TS     runpoint      19     runisomer      141
6 -0.1425101 0.6666123 -0.0373408
1 -0.0577962 1.2201970 0.9103365
1 -0.3520239 1.4595325 -0.9828276
1 0.6468239 -1.5191769 0.1685713
8 0.0640326 -0.7103403 0.0219532
5
-114.656     ts77     dynamics     sesquiterpene     TS     runpoint      20     runisomer      141
6 -0.1452070 0.6551334 -0.0377886
1 -0.0470257 1.2099924 0.9307585
1 -0.3404294 1.4145890 -0.9865497
1 0.5453464 -1.4450299 0.1418366
8 0.0710436 -0.7029273 0.0229201
5
-114.656     ts77     dynamics     sesquiterpene     TS     runpoint      21     runisomer      141
6 -0.1474108 0.6451078 -0.0380780
1 -0.0364950 1.1927627 0.9418217
1 -0.3213151 1.3395126 -0.9712998
1 0.4787673 -1.3960660 0.1216334
8 0.0750273 -0.6926767 0.0227505
5
-114.642     ts77     dynamics     sesquiterpene     TS     runpoint      22     runisomer      141
6 -0.1491097 0.6365294 -0.0376610
1 -0.0269814 1.1689358 0.9409535
1 -0.2965073 1.2409582 -0.9418113
1 0.4827455 -1.4415678 0.1167825
8 0.0738905 -0.6756648 0.0209395
5
-114.668     ts77     dynamics     sesquiterpene     TS     runpoint      23     runisomer      141
6 -0.1501918 0.6291676 -0.0355790
1 -0.0188708 1.1415204 0.9290373
1 -0.2691722 1.1325267 -0.9117176
1 0.5223083 -1.5265571 0.1187469
8 0.0699791 -0.6562300 0.0181086
5
-114.671     ts77     dynamics     sesquiterpene     TS     runpoint      24     runisomer      141
6 -0.1504607 0.6224522 -0.0302572
1 -0.0120295 1.1158667 0.9103778
1 -0.2435650 1.0343154 -0.9062329
1 0.5628418 -1.5860257 0.1197767
8 0.0655844 -0.6396420 0.0148816
5
-114.65     ts77     dynamics     sesquiterpene     TS     runpoint      25     runisomer      141
6 -0.1498489 0.6160812 -0.0207640
1 -0.0056660 1.0990201 0.8924145
1 -0.2223270 0.9615648 -0.9469162
1 0.5933685 -1.5972215 0.1179601
8 0.0614638 -0.6285139 0.0115704
5
-114.642     ts77     dynamics     sesquiterpene     TS     runpoint      26     runisomer      141
6 -0.1486357 0.6108294 -0.0090479
1 0.0016234 1.0981148 0.8839860
1 -0.2044270 0.9133984 -1.0229226
1 0.6122679 -1.5570388 0.1138021
8 0.0577776 -0.6240166 0.0083627
5
-114.648     ts77     dynamics     sesquiterpene     TS     runpoint      27     runisomer      141
6 -0.1472309 0.6078103 0.0015990
1 0.0112642 1.1170632 0.8901810
1 -0.1880514 0.8829909 -1.1033572
1 0.6196951 -1.4690724 0.1085894
8 0.0546186 -0.6265763 0.0053820
5
-114.658     ts77     dynamics     sesquiterpene     TS     runpoint      28     runisomer      141
6 -0.1458634 0.6077374 0.0092764
1 0.0236575 1.1535274 0.9075200
1 -0.1724981 0.8665072 -1.1647838
1 0.6216143 -1.3477159 0.1046851
8 0.0517135 -0.6354303 0.0026466
5
-114.662     ts77     dynamics     sesquiterpene     TS     runpoint      29     runisomer      141
6 -0.1444979 0.6108331 0.0136343
1 0.0379127 1.1999451 0.9261866
1 -0.1578107 0.8623942 -1.1955523
1 0.6460185 -1.2325410 0.1079623
8 0.0473317 -0.6476788 -0.0000661
5
-114.651     ts77     dynamics     sesquiterpene     TS     runpoint      30     runisomer      141
6 -0.1429593 0.6170203 0.0149922
1 0.0525996 1.2475593 0.9362548
1 -0.1443689 0.8698411 -1.1914187
1 0.7416480 -1.1686324 0.1276710
8 0.0383832 -0.6598207 -0.0032211
5
-114.669     ts77     dynamics     sesquiterpene     TS     runpoint      31     runisomer      141
6 -0.1410797 0.6261476 0.0138120
1 0.0664437 1.2894054 0.9313678
1 -0.1327114 0.8883736 -1.1528729
1 0.8876681 -1.1279678 0.1602048
8 0.0261692 -0.6730396 -0.0065060
5
-114.689     ts77     dynamics     sesquiterpene     TS     runpoint      32     runisomer      141
6 -0.1387669 0.6377713 0.0106473
1 0.0785565 1.3210098 0.9093587
1 -0.1233668 0.9177518 -1.0851808
1 1.0260826 -1.0753835 0.1941710
8 0.0143634 -0.6889202 -0.0091498
5
-114.689     ts77     dynamics     sesquiterpene     TS     runpoint      33     runisomer      141
6 -0.1360252 0.6509693 0.0064151
1 0.0885710 1.3403037 0.8720571
1 -0.1166413 0.9585083 -1.0013114
1 1.1279235 -1.0052907 0.2230157
8 0.0048371 -0.7070262 -0.0107266
5
-114.681     ts77     dynamics     sesquiterpene     TS     runpoint      34     runisomer      141
6 -0.1330041 0.6643569 0.0027226
1 0.0969826 1.3478582 0.8254773
1 -0.1124149 1.0135710 -0.9256833
1 1.1835770 -0.9228399 0.2438507
8 -0.0017296 -0.7262150 -0.0111002
5
-114.668     ts77     dynamics     sesquiterpene     TS     runpoint      35     runisomer      141
6 -0.1300195 0.6762348 0.0012929
1 0.1056342 1.3473823 0.7801609
1 -0.1102929 1.0882884 -0.8876842
1 1.1898079 -0.8348573 0.2552062
8 -0.0050380 -0.7453520 -0.0102813
5
-114.664     ts77     dynamics     sesquiterpene     TS     runpoint      36     runisomer      141
6 -0.1274918 0.6854363 0.0018341
1 0.1178229 1.3453818 0.7498970
1 -0.1103436 1.1818116 -0.8956157
1 1.1452524 -0.7481994 0.2561745
8 -0.0048901 -0.7634863 -0.0083407
5
-114.672     ts77     dynamics     sesquiterpene     TS     runpoint      37     runisomer      141
6 -0.1258154 0.6921638 0.0018375
1 0.1369527 1.3477271 0.7460383
1 -0.1131438 1.2802909 -0.9291997
1 1.0519927 -0.6700306 0.2466982
8 -0.0012986 -0.7798156 -0.0053871
5
-114.683     ts77     dynamics     sesquiterpene     TS     runpoint      38     runisomer      141
6 -0.1252190 0.6975430 -0.0006685
1 0.1638076 1.3539349 0.7698545
1 -0.1189076 1.3671611 -0.9649285
1 0.9232175 -0.6073839 0.2293486
8 0.0050409 -0.7936679 -0.0016622
5
-114.682     ts77     dynamics     sesquiterpene     TS     runpoint      39     runisomer      141
6 -0.1257421 0.7029767 -0.0060256
1 0.1955847 1.3565962 0.8119849
1 -0.1273433 1.4314393 -0.9886926
1 0.8018451 -0.5619943 0.2144212
8 0.0116124 -0.8048267 0.0021405
5
-114.65     ts77     dynamics     sesquiterpene     TS     runpoint      40     runisomer      141
6 -0.1273454 0.7096765 -0.0136556
1 0.2278430 1.3471333 0.8592832
1 -0.1379441 1.4676449 -0.9940271
1 0.7715595 -0.5174667 0.2246378
8 0.0133603 -0.8143483 0.0045777
5
-114.635     ts77     dynamics     sesquiterpene     TS     runpoint      41     runisomer      141
6 -0.1298586 0.7182309 -0.0227220
1 0.2564386 1.3206365 0.9004475
1 -0.1501140 1.4740768 -0.9790430
1 0.8439873 -0.4667061 0.2654816
8 0.0096490 -0.8227034 0.0052688
5
-114.655     ts77     dynamics     sesquiterpene     TS     runpoint      42     runisomer      141
6 -0.1328891 0.7283954 -0.0322742
1 0.2781235 1.2768537 0.9277735
1 -0.1632346 1.4522220 -0.9454663
1 0.9422312 -0.4337472 0.3149758
8 0.0051938 -0.8282729 0.0054803
5
-114.657     ts77     dynamics     sesquiterpene     TS     runpoint      43     runisomer      141
6 -0.1359700 0.7392389 -0.0411760
1 0.2907413 1.2188181 0.9371424
1 -0.1769567 1.4078521 -0.9000647
1 1.0216833 -0.4302445 0.3584687
8 0.0025705 -0.8301803 0.0059679
5
-114.65     ts77     dynamics     sesquiterpene     TS     runpoint      44     runisomer      141
6 -0.1387446 0.7491734 -0.0478789
1 0.2935131 1.1516834 0.9278451
1 -0.1916408 1.3536776 -0.8581733
1 1.0657845 -0.4575299 0.3896446
8 0.0026264 -0.8282736 0.0069795
5
-114.643     ts77     dynamics     sesquiterpene     TS     runpoint      45     runisomer      141
6 -0.1410024 0.7559728 -0.0504125
1 0.2876163 1.0823200 0.9032174
1 -0.2088561 1.3095323 -0.8447888
1 1.0687680 -0.5138691 0.4058411
8 0.0055893 -0.8226774 0.0085700
5
-114.644     ts77     dynamics     sesquiterpene     TS     runpoint      46     runisomer      141
6 -0.1427755 0.7578054 -0.0478311
1 0.2771563 1.0191242 0.8722341
1 -0.2305725 1.2898295 -0.8788986
1 1.0293075 -0.5960520 0.4061369
8 0.0114347 -0.8136535 0.0107166
5
-114.662     ts77     dynamics     sesquiterpene     TS     runpoint      47     runisomer      141
6 -0.1445903 0.7545702 -0.0423138
1 0.2696678 0.9711395 0.8501353
1 -0.2560727 1.2879063 -0.9487753
1 0.9519016 -0.6984370 0.3920124
8 0.0197533 -0.8016356 0.0132644
5
-114.681     ts77     dynamics     sesquiterpene     TS     runpoint      48     runisomer      141
6 -0.1471827 0.7470704 -0.0375127
1 0.2732187 0.9456106 0.8521173
1 -0.2817684 1.2876356 -1.0248992
1 0.8573783 -0.8121244 0.3717889
8 0.0290506 -0.7872254 0.0156086
5
-114.679     ts77     dynamics     sesquiterpene     TS     runpoint      49     runisomer      141
6 -0.1506782 0.7359669 -0.0352975
1 0.2896381 0.9451080 0.8798043
1 -0.3040495 1.2782304 -1.0846885
1 0.7985993 -0.9312451 0.3683349
8 0.0357477 -0.7707697 0.0161883
5
-114.669     ts77     dynamics     sesquiterpene     TS     runpoint      50     runisomer      141
6 -0.1543752 0.7218171 -0.0351886
1 0.3125699 0.9674177 0.9185827
1 -0.3205061 1.2551283 -1.1168036
1 0.8122880 -1.0626275 0.3999701
8 0.0372531 -0.7518309 0.0136932
5
-114.682     ts77     dynamics     sesquiterpene     TS     runpoint      51     runisomer      141
6 -0.1573745 0.7052958 -0.0358060
1 0.3333425 1.0076760 0.9502182
1 -0.3298714 1.2175356 -1.1174820
1 0.8485752 -1.1937556 0.4443926
8 0.0365001 -0.7313468 0.0094062
5
-114.68     ts77     dynamics     sesquiterpene     TS     runpoint      52     runisomer      141
6 -0.1590184 0.6871641 -0.0358950
1 0.3455511 1.0601422 0.9619755
1 -0.3319035 1.1671039 -1.0880753
1 0.8662217 -1.3012738 0.4801741
8 0.0359814 -0.7111023 0.0046242
5
-114.669     ts77     dynamics     sesquiterpene     TS     runpoint      53     runisomer      141
6 -0.1589024 0.6681477 -0.0344073
1 0.3456450 1.1190691 0.9476705
1 -0.3275545 1.1079204 -1.0352854
1 0.8536154 -1.3721874 0.4997240
8 0.0364101 -0.6923556 -0.0001493
5
-114.664     ts77     dynamics     sesquiterpene     TS     runpoint      54     runisomer      141
6 -0.1567816 0.6488673 -0.0301713
1 0.3324009 1.1790722 0.9062768
1 -0.3195056 1.0473678 -0.9736292
1 0.8106595 -1.4013049 0.5015712
8 0.0378548 -0.6760265 -0.0047198
5
-114.666     ts77     dynamics     sesquiterpene     TS     runpoint      55     runisomer      141
6 -0.1525520 0.6298820 -0.0216881
1 0.3068939 1.2356015 0.8411296
1 -0.3125833 0.9961528 -0.9267802
1 0.7396966 -1.3864853 0.4861393
8 0.0403254 -0.6630580 -0.0089588
5
-114.673     ts77     dynamics     sesquiterpene     TS     runpoint      56     runisomer      141
6 -0.1464569 0.6119900 -0.0079551
1 0.2729866 1.2859709 0.7600906
1 -0.3122065 0.9635823 -0.9176607
1 0.6445933 -1.3286301 0.4558516
8 0.0438586 -0.6544072 -0.0128219
5
-114.689     ts77     dynamics     sesquiterpene     TS     runpoint      57     runisomer      141
6 -0.1394305 0.5965143 0.0096947
1 0.2374870 1.3310341 0.6756737
1 -0.3202991 0.9492275 -0.9468731
1 0.5387781 -1.2413913 0.4213469
8 0.0480030 -0.6502338 -0.0167296
5
-114.686     ts77     dynamics     sesquiterpene     TS     runpoint      58     runisomer      141
6 -0.1329389 0.5848143 0.0278738
1 0.2087206 1.3758406 0.6023649
1 -0.3344341 0.9443994 -0.9931579
1 0.4636199 -1.1753210 0.4201216
8 0.0505724 -0.6481443 -0.0227558
5
-114.651     ts77     dynamics     sesquiterpene     TS     runpoint      59     runisomer      141
6 -0.1283007 0.5779341 0.0436118
1 0.1931115 1.4255576 0.5501225
1 -0.3512127 0.9409395 -1.0348895
1 0.4649684 -1.1936114 0.5076102
8 0.0490487 -0.6447503 -0.0341546
5
-114.669     ts77     dynamics     sesquiterpene     TS     runpoint      60     runisomer      141
6 -0.1262581 0.5771331 0.0556499
1 0.1926156 1.4787959 0.5201976
1 -0.3682033 0.9344939 -1.0594520
1 0.4949781 -1.2393683 0.6384015
8 0.0467280 -0.6442197 -0.0479946
5
-114.67     ts77     dynamics     sesquiterpene     TS     runpoint      61     runisomer      141
6 -0.1269989 0.5833276 0.0639201
1 0.2058018 1.5274740 0.5082304
1 -0.3840371 0.9234639 -1.0614180
1 0.5158651 -1.2650728 0.7600527
8 0.0461355 -0.6496256 -0.0609874
5
-114.656     ts77     dynamics     sesquiterpene     TS     runpoint      62     runisomer      141
6 -0.1303794 0.5963838 0.0687240
1 0.2302433 1.5626330 0.5090218
1 -0.3982728 0.9080631 -1.0397917
1 0.5175357 -1.2598687 0.8520518
8 0.0479251 -0.6609996 -0.0718008
5
-114.65     ts77     dynamics     sesquiterpene     TS     runpoint      63     runisomer      141
6 -0.1360507 0.6151421 0.0704360
1 0.2636267 1.5782165 0.5185581
1 -0.4115338 0.8902471 -0.9973364
1 0.4985506 -1.2246979 0.9067174
8 0.0521100 -0.6771546 -0.0798063
5
-114.658     ts77     dynamics     sesquiterpene     TS     runpoint      64     runisomer      141
6 -0.1434818 0.6378270 0.0696607
1 0.3038346 1.5716681 0.5340991
1 -0.4258953 0.8740165 -0.9420065
1 0.4597318 -1.1633694 0.9199551
8 0.0585036 -0.6966097 -0.0845241
5
-114.673     ts77     dynamics     sesquiterpene     TS     runpoint      65     runisomer      141
6 -0.1519310 0.6624090 0.0675473
1 0.3489209 1.5434717 0.5537148
1 -0.4455830 0.8654028 -0.8891159
1 0.4033750 -1.0814241 0.8900751
8 0.0667951 -0.7179031 -0.0856240
5
-114.691     ts77     dynamics     sesquiterpene     TS     runpoint      66     runisomer      141
6 -0.1605074 0.6868873 0.0656988
1 0.3973066 1.4966463 0.5759329
1 -0.4767860 0.8710049 -0.8590638
1 0.3349141 -0.9881721 0.8232816
8 0.0764619 -0.7395525 -0.0833224
5
-114.701     ts77     dynamics     sesquiterpene     TS     runpoint      67     runisomer      141
6 -0.1685426 0.7096492 0.0650607
1 0.4480499 1.4360896 0.5996487
1 -0.5236316 0.8945451 -0.8636969
1 0.2668047 -0.9001203 0.7514948
8 0.0865386 -0.7598532 -0.0795217
5
-114.687     ts77     dynamics     sesquiterpene     TS     runpoint      68     runisomer      141
6 -0.1760592 0.7297722 0.0648365
1 0.5007037 1.3674156 0.6239694
1 -0.5825548 0.9345339 -0.8934402
1 0.2176395 -0.8364162 0.7524964
8 0.0956730 -0.7771640 -0.0790745
5
-114.678     ts77     dynamics     sesquiterpene     TS     runpoint      69     runisomer      141
6 -0.1835112 0.7469588 0.0634090
1 0.5542024 1.2955028 0.6474519
1 -0.6440670 0.9862368 -0.9271855
1 0.1868255 -0.7957217 0.8502456
8 0.1037128 -0.7913563 -0.0835158
5
-114.69     ts77     dynamics     sesquiterpene     TS     runpoint      70     runisomer      141
6 -0.1911598 0.7612076 0.0597607
1 0.6055679 1.2238313 0.6672171
1 -0.6988083 1.0444830 -0.9478114
1 0.1615786 -0.7707674 0.9657526
8 0.1112576 -0.8027793 -0.0880025
5
-114.676     ts77     dynamics     sesquiterpene     TS     runpoint      71     runisomer      141
6 -0.1988764 0.7725824 0.0537411
1 0.6501040 1.1549207 0.6792801
1 -0.7403357 1.1047352 -0.9462793
1 0.1381417 -0.7601575 1.0511349
8 0.1183373 -0.8114419 -0.0897231
5
-114.654     ts77     dynamics     sesquiterpene     TS     runpoint      72     runisomer      141
6 -0.2062894 0.7811372 0.0457206
1 0.6829214 1.0912378 0.6799915
1 -0.7652437 1.1633022 -0.9199351
1 0.1164892 -0.7631414 1.0906159
8 0.1247677 -0.8173570 -0.0878982
5
-114.642     ts77     dynamics     sesquiterpene     TS     runpoint      73     runisomer      141
6 -0.2129468 0.7868690 0.0363170
1 0.7005210 1.0356140 0.6673303
1 -0.7729210 1.2175257 -0.8708286
1 0.0973518 -0.7786774 1.0802532
8 0.1303470 -0.8205972 -0.0824856
5
-114.644     ts77     dynamics     sesquiterpene     TS     runpoint      74     runisomer      141
6 -0.2183657 0.7896510 0.0263077
1 0.7017903 0.9911223 0.6415533
1 -0.7658440 1.2663868 -0.8053598
1 0.0816125 -0.8054177 1.0210591
8 0.1348815 -0.8212813 -0.0737478
5
-114.656     ts77     dynamics     sesquiterpene     TS     runpoint      75     runisomer      141
6 -0.2220264 0.7891359 0.0166352
1 0.6887111 0.9607716 0.6055021
1 -0.7502060 1.3116086 -0.7344441
1 0.0699140 -0.8415550 0.9217600
8 0.1382077 -0.8195611 -0.0624311
5
-114.667     ts77     dynamics     sesquiterpene     TS     runpoint      76     runisomer      141
6 -0.2234748 0.7847031 0.0082583
1 0.6671223 0.9472420 0.5647529
1 -0.7353625 1.3581208 -0.6717903
1 0.0611188 -0.8854448 0.8137376
8 0.1402783 -0.8155543 -0.0507203
5
-114.654     ts77     dynamics     sesquiterpene     TS     runpoint      77     runisomer      141
6 -0.2226829 0.7757139 0.0016880
1 0.6468805 0.9527472 0.5271226
1 -0.7297330 1.4107392 -0.6277272
1 0.0484414 -0.9407987 0.7730107
8 0.1414069 -0.8089906 -0.0436300
5
-114.64     ts77     dynamics     sesquiterpene     TS     runpoint      78     runisomer      141
6 -0.2203026 0.7621393 -0.0033700
1 0.6390723 0.9788972 0.5002633
1 -0.7352165 1.4674014 -0.6028370
1 0.0248939 -1.0160076 0.8401066
8 0.1419461 -0.7992923 -0.0439387
5
-114.665     ts77     dynamics     sesquiterpene     TS     runpoint      79     runisomer      141
6 -0.2170724 0.7448335 -0.0075071
1 0.6487507 1.0255030 0.4872961
1 -0.7475805 1.5181500 -0.5903564
1 -0.0022724 -1.0968136 0.9349387
8 0.1414065 -0.7873580 -0.0467800
5
-114.667     ts77     dynamics     sesquiterpene     TS     runpoint      80     runisomer      141
6 -0.2129470 0.7251429 -0.0108587
1 0.6699185 1.0884916 0.4845599
1 -0.7616187 1.5514030 -0.5832214
1 -0.0264373 -1.1657773 1.0031994
8 0.1393898 -0.7743099 -0.0488437
5
-114.655     ts77     dynamics     sesquiterpene     TS     runpoint      81     runisomer      141
6 -0.2072481 0.7044768 -0.0131244
1 0.6904811 1.1598735 0.4849546
1 -0.7741059 1.5587376 -0.5771599
1 -0.0451815 -1.2139937 1.0280875
8 0.1357911 -0.7607333 -0.0491200
5
-114.647     ts77     dynamics     sesquiterpene     TS     runpoint      82     runisomer      141
6 -0.1993143 0.6840551 -0.0139508
1 0.7002399 1.2303466 0.4825424
1 -0.7839461 1.5357530 -0.5704368
1 -0.0578431 -1.2375287 1.0066823
8 0.1306460 -0.7469266 -0.0474228
5
-114.65     ts77     dynamics     sesquiterpene     TS     runpoint      83     runisomer      141
6 -0.1888233 0.6648197 -0.0131046
1 0.6939794 1.2917685 0.4741637
1 -0.7916457 1.4815555 -0.5631515
1 -0.0643182 -1.2345881 0.9406211
8 0.1240676 -0.7331425 -0.0438274
5
-114.666     ts77     dynamics     sesquiterpene     TS     runpoint      84     runisomer      141
6 -0.1757741 0.6474456 -0.0104368
1 0.6708887 1.3382123 0.4590266
1 -0.7991884 1.3985739 -0.5570464
1 -0.0651712 -1.2058361 0.8361721
8 0.1162672 -0.7196238 -0.0386791
5
-114.688     ts77     dynamics     sesquiterpene     TS     runpoint      85     runisomer      141
6 -0.1603512 0.6323130 -0.0058391
1 0.6333419 1.3662936 0.4379856
1 -0.8104554 1.2927873 -0.5556314
1 -0.0638119 -1.1606715 0.7143067
8 0.1076914 -0.7062265 -0.0332139
5
-114.693     ts77     dynamics     sesquiterpene     TS     runpoint      86     runisomer      141
6 -0.1428671 0.6195103 0.0007140
1 0.5862474 1.3756707 0.4132177
1 -0.8312664 1.1730878 -0.5637768
1 -0.0726809 -1.1337230 0.6336423
8 0.0994162 -0.6913754 -0.0309744
5
-114.676     ts77     dynamics     sesquiterpene     TS     runpoint      87     runisomer      141
6 -0.1240523 0.6090925 0.0089399
1 0.5371592 1.3703354 0.3883816
1 -0.8665216 1.0481411 -0.5850242
1 -0.1089360 -1.1706516 0.6588584
8 0.0929040 -0.6730301 -0.0358308
5
-114.699     ts77     dynamics     sesquiterpene     TS     runpoint      88     runisomer      141
6 -0.1056083 0.6013833 0.0178927
1 0.4963885 1.3601678 0.3689042
1 -0.9143066 0.9233893 -0.6169307
1 -0.1584248 -1.2357057 0.7321952
8 0.0877697 -0.6546519 -0.0439312
5
-114.699     ts77     dynamics     sesquiterpene     TS     runpoint      89     runisomer      141
6 -0.0900147 0.5965395 0.0260138
1 0.4748663 1.3593052 0.3610115
1 -0.9648707 0.8033994 -0.6507225
1 -0.2034623 -1.2875383 0.7959619
8 0.0834566 -0.6401440 -0.0514149
5
-114.672     ts77     dynamics     sesquiterpene     TS     runpoint      90     runisomer      141
6 -0.0792896 0.5944386 0.0318864
1 0.4780334 1.3775975 0.3681764
1 -1.0074958 0.6953081 -0.6770126
1 -0.2374104 -1.3136275 0.8330281
8 0.0800412 -0.6312716 -0.0569510
5
-114.647     ts77     dynamics     sesquiterpene     TS     runpoint      91     runisomer      141
6 -0.0740877 0.5953616 0.0349096
1 0.5011136 1.4114832 0.3877962
1 -1.0357123 0.6077253 -0.6900652
1 -0.2587417 -1.3137086 0.8418900
8 0.0778108 -0.6285820 -0.0601918
5
-114.634     ts77     dynamics     sesquiterpene     TS     runpoint      92     runisomer      141
6 -0.0740438 0.6000777 0.0352430
1 0.5331873 1.4478014 0.4130866
1 -1.0472711 0.5481603 -0.6879652
1 -0.2667783 -1.2891035 0.8231347
8 0.0769967 -0.6322116 -0.0609860
5
-114.632     ts77     dynamics     sesquiterpene     TS     runpoint      93     runisomer      141
6 -0.0784707 0.6091782 0.0333738
1 0.5640327 1.4739254 0.4372012
1 -1.0424578 0.5217984 -0.6712897
1 -0.2604752 -1.2401237 0.7762487
8 0.0776794 -0.6421169 -0.0591995
5
-114.645     ts77     dynamics     sesquiterpene     TS     runpoint      94     runisomer      141
6 -0.0865886 0.6225385 0.0298401
1 0.5867006 1.4821983 0.4551416
1 -1.0233656 0.5312715 -0.6421768
1 -0.2406578 -1.1704135 0.7049306
8 0.0798939 -0.6576578 -0.0550202
5
-114.663     ts77     dynamics     sesquiterpene     TS     runpoint      95     runisomer      141
6 -0.0973740 0.6391958 0.0251888
1 0.5972661 1.4697936 0.4639756
1 -0.9947956 0.5764128 -0.6045845
1 -0.2171660 -1.0981925 0.6332557
8 0.0840437 -0.6767743 -0.0499397
5
-114.663     ts77     dynamics     sesquiterpene     TS     runpoint      96     runisomer      141
6 -0.1093573 0.6576591 0.0201383
1 0.5945560 1.4379441 0.4628314
1 -0.9665257 0.6540194 -0.5657992
1 -0.2186739 -1.0651289 0.6255297
8 0.0915236 -0.6955981 -0.0480360
5
-114.666     ts77     dynamics     sesquiterpene     TS     runpoint      97     runisomer      141
6 -0.1207498 0.6762887 0.0156232
1 0.5809389 1.3919733 0.4533676
1 -0.9539254 0.7588820 -0.5367085
1 -0.2598446 -1.0839349 0.7096383
8 0.1027349 -0.7121065 -0.0511856
5
-114.698     ts77     dynamics     sesquiterpene     TS     runpoint      98     runisomer      141
6 -0.1304629 0.6933301 0.0121738
1 0.5639282 1.3416176 0.4406306
1 -0.9689118 0.8858311 -0.5254044
1 -0.3091432 -1.1145469 0.8145856
8 0.1151497 -0.7277954 -0.0551217
5
-114.702     ts77     dynamics     sesquiterpene     TS     runpoint      99     runisomer      141
6 -0.1394421 0.7071820 0.0090305
1 0.5564629 1.2996982 0.4329529
1 -1.0052547 1.0278038 -0.5277990
1 -0.3454800 -1.1354351 0.8950054
8 0.1269419 -0.7431813 -0.0571972
5
-114.688     ts77     dynamics     sesquiterpene     TS     runpoint      100     runisomer      141
6 -0.1497630 0.7172261 0.0047927
1 0.5707414 1.2760891 0.4379358
1 -1.0438532 1.1727061 -0.5320620
1 -0.3618594 -1.1410731 0.9359739
8 0.1372553 -0.7580094 -0.0566445
5
-114.675     ts77     dynamics     sesquiterpene     TS     runpoint      101     runisomer      141
6 -0.1623165 0.7241770 -0.0011090
1 0.6067712 1.2697765 0.4555436
1 -1.0690039 1.3070974 -0.5291741
1 -0.3564933 -1.1310476 0.9336608
8 0.1456549 -0.7719311 -0.0533634
5
-114.667     ts77     dynamics     sesquiterpene     TS     runpoint      102     runisomer      141
6 -0.1763360 0.7294769 -0.0081747
1 0.6517153 1.2710230 0.4780305
1 -1.0731964 1.4203721 -0.5154727
1 -0.3296031 -1.1066038 0.8885021
8 0.1519156 -0.7846686 -0.0474970
5
-114.666     ts77     dynamics     sesquiterpene     TS     runpoint      103     runisomer      141
6 -0.1904739 0.7343837 -0.0155484
1 0.6907913 1.2702738 0.4966648
1 -1.0547893 1.5054758 -0.4908642
1 -0.2845200 -1.0711841 0.8072043
8 0.1560657 -0.7959027 -0.0395678
5
-114.665     ts77     dynamics     sesquiterpene     TS     runpoint      104     runisomer      141
6 -0.2035369 0.7396258 -0.0224895
1 0.7139940 1.2619747 0.5057056
1 -1.0156503 1.5582931 -0.4572166
1 -0.2342024 -1.0343751 0.7151780
8 0.1587734 -0.8049656 -0.0312518
5
-114.647     ts77     dynamics     sesquiterpene     TS     runpoint      105     runisomer      141
6 -0.2145781 0.7454293 -0.0284427
1 0.7166454 1.2440127 0.5026489
1 -0.9603769 1.5775422 -0.4177903
1 -0.2129342 -1.0175744 0.6781375
8 0.1620719 -0.8104654 -0.0267447
5
-114.628     ts77     dynamics     sesquiterpene     TS     runpoint      106     runisomer      141
6 -0.2227799 0.7515239 -0.0329447
1 0.6985785 1.2167424 0.4876567
1 -0.8970224 1.5661283 -0.3774744
1 -0.2461010 -1.0345299 0.7435785
8 0.1674671 -0.8115374 -0.0290880
5
-114.653     ts77     dynamics     sesquiterpene     TS     runpoint      107     runisomer      141
6 -0.2273272 0.7569515 -0.0355588
1 0.6642753 1.1827673 0.4635384
1 -0.8389209 1.5341842 -0.3435492
1 -0.2971875 -1.0640431 0.8422829
8 0.1726033 -0.8096010 -0.0339657
5
-114.653     ts77     dynamics     sesquiterpene     TS     runpoint      108     runisomer      141
6 -0.2274232 0.7597819 -0.0359115
1 0.6241142 1.1472248 0.4363591
1 -0.8054533 1.5011187 -0.3259687
1 -0.3375994 -1.0896449 0.9202911
8 0.1756484 -0.8057929 -0.0380140
5
-114.633     ts77     dynamics     sesquiterpene     TS     runpoint      109     runisomer      141
6 -0.2229791 0.7577957 -0.0340436
1 0.5951007 1.1181654 0.4157451
1 -0.8144457 1.4866461 -0.3336184
1 -0.3576207 -1.1052684 0.9590739
8 0.1759753 -0.8005803 -0.0400810
5
-114.623     ts77     dynamics     sesquiterpene     TS     runpoint      110     runisomer      141
6 -0.2155892 0.7504338 -0.0308470
1 0.5953769 1.1047164 0.4117493
1 -0.8651115 1.4894626 -0.3659255
1 -0.3549136 -1.1090090 0.9539458
8 0.1734401 -0.7941553 -0.0398717
5
-114.635     ts77     dynamics     sesquiterpene     TS     runpoint      111     runisomer      141
6 -0.2072963 0.7391100 -0.0273874
1 0.6292074 1.1110873 0.4266111
1 -0.9377823 1.4896003 -0.4125861
1 -0.3298269 -1.1004912 0.9052464
8 0.1680898 -0.7866100 -0.0373985
5
-114.658     ts77     dynamics     sesquiterpene     TS     runpoint      112     runisomer      141
6 -0.1986536 0.7256805 -0.0239205
1 0.6812275 1.1332140 0.4517584
1 -1.0112478 1.4700204 -0.4622163
1 -0.2856604 -1.0811007 0.8188539
8 0.1601797 -0.7779209 -0.0330168
5
-114.676     ts77     dynamics     sesquiterpene     TS     runpoint      113     runisomer      141
6 -0.1892489 0.7114916 -0.0202055
1 0.7308428 1.1634547 0.4757709
1 -1.0709646 1.4232277 -0.5066975
1 -0.2340206 -1.0580138 0.7166076
8 0.1505119 -0.7676911 -0.0280762
5
-114.67     ts77     dynamics     sesquiterpene     TS     runpoint      114     runisomer      141
6 -0.1787209 0.6972568 -0.0160454
1 0.7636304 1.1951856 0.4906236
1 -1.1084196 1.3482956 -0.5409586
1 -0.2055526 -1.0540711 0.6577381
8 0.1411189 -0.7545408 -0.0262692
5
-114.651     ts77     dynamics     sesquiterpene     TS     runpoint      115     runisomer      141
6 -0.1670473 0.6832968 -0.0114078
1 0.7724070 1.2238937 0.4922695
1 -1.1192155 1.2480605 -0.5619963
1 -0.2284743 -1.0955786 0.6986294
8 0.1339375 -0.7369485 -0.0311062
5
-114.68     ts77     dynamics     sesquiterpene     TS     runpoint      116     runisomer      141
6 -0.1544785 0.6697985 -0.0063663
1 0.7552778 1.2470662 0.4795941
1 -1.1023873 1.1281840 -0.5685702
1 -0.2721069 -1.1568589 0.7792817
8 0.1272827 -0.7168710 -0.0387609
5
-114.697     ts77     dynamics     sesquiterpene     TS     runpoint      117     runisomer      141
6 -0.1413567 0.6568115 -0.0010280
1 0.7144928 1.2641003 0.4538378
1 -1.0613348 0.9971465 -0.5618375
1 -0.3087787 -1.2085387 0.8439542
8 0.1197378 -0.6966910 -0.0456454
5
-114.695     ts77     dynamics     sesquiterpene     TS     runpoint      118     runisomer      141
6 -0.1279235 0.6441293 0.0045435
1 0.6567395 1.2770433 0.4187592
1 -1.0062801 0.8663837 -0.5469602
1 -0.3293777 -1.2390803 0.8744333
8 0.1111334 -0.6778307 -0.0504756
5
-114.686     ts77     dynamics     sesquiterpene     TS     runpoint      119     runisomer      141
6 -0.1142779 0.6313170 0.0104205
1 0.5939523 1.2921041 0.3809410
1 -0.9559820 0.7489353 -0.5345484
1 -0.3321137 -1.2457743 0.8679863
8 0.1018595 -0.6613492 -0.0528808
5
-114.671     ts77     dynamics     sesquiterpene     TS     runpoint      120     runisomer      141
6 -0.1007738 0.6181585 0.0166617
1 0.5415246 1.3197083 0.3485769
1 -0.9315371 0.6556206 -0.5373593
1 -0.3170924 -1.2286999 0.8261886
8 0.0925506 -0.6484157 -0.0527159
5
-114.661     ts77     dynamics     sesquiterpene     TS     runpoint      121     runisomer      141
6 -0.0886360 0.6053621 0.0228827
1 0.5103598 1.3680845 0.3270309
1 -0.9402642 0.5926996 -0.5600346
1 -0.2852696 -1.1893348 0.7526576
8 0.0839587 -0.6403824 -0.0499662
5
-114.663     ts77     dynamics     sesquiterpene     TS     runpoint      122     runisomer      141
6 -0.0794764 0.5948354 0.0283317
1 0.4992252 1.4328976 0.3149266
1 -0.9711742 0.5636826 -0.5953565
1 -0.2416446 -1.1353487 0.6596491
8 0.0769934 -0.6381445 -0.0452075
5
-114.66     ts77     dynamics     sesquiterpene     TS     runpoint      123     runisomer      141
6 -0.0743638 0.5888695 0.0323622
1 0.4993475 1.4988569 0.3069985
1 -1.0079233 0.5694818 -0.6322817
1 -0.2042288 -1.0953778 0.5877933
8 0.0731137 -0.6407131 -0.0408805
5
-114.631     ts77     dynamics     sesquiterpene     TS     runpoint      124     runisomer      141
6 -0.0737488 0.5889762 0.0345808
1 0.5029347 1.5508158 0.2989341
1 -1.0376884 0.6074149 -0.6620268
1 -0.2033570 -1.1203399 0.6067313
8 0.0742530 -0.6448871 -0.0413598
5
-114.64     ts77     dynamics     sesquiterpene     TS     runpoint      125     runisomer      141
6 -0.0777121 0.5956133 0.0348540
1 0.5057539 1.5795129 0.2888429
1 -1.0523747 0.6719518 -0.6790594
1 -0.2278826 -1.1924047 0.6928298
8 0.0795253 -0.6512036 -0.0452842
5
-114.663     ts77     dynamics     sesquiterpene     TS     runpoint      126     runisomer      141
6 -0.0860521 0.6082280 0.0331805
1 0.5064088 1.5814117 0.2767733
1 -1.0477155 0.7558739 -0.6803828
1 -0.2503173 -1.2619133 0.7810035
8 0.0868664 -0.6616999 -0.0487435
5
-114.667     ts77     dynamics     sesquiterpene     TS     runpoint      127     runisomer      141
6 -0.0983014 0.6254408 0.0295985
1 0.5057238 1.5575279 0.2641056
1 -1.0228933 0.8511703 -0.6651924
1 -0.2602578 -1.3081506 0.8441569
8 0.0951668 -0.6762038 -0.0501978
5
-114.67     ts77     dynamics     sesquiterpene     TS     runpoint      128     runisomer      141
6 -0.1138010 0.6454675 0.0242830
1 0.5071467 1.5132544 0.2532371
1 -0.9811730 0.9500315 -0.6355699
1 -0.2555140 -1.3253769 0.8743411
8 0.1037843 -0.6935867 -0.0492963
5
-114.677     ts77     dynamics     sesquiterpene     TS     runpoint      129     runisomer      141
6 -0.1317604 0.6663866 0.0177115
1 0.5175212 1.4583088 0.2474527
1 -0.9310231 1.0463764 -0.5977002
1 -0.2359954 -1.3118350 0.8686152
8 0.1122200 -0.7127465 -0.0460295
5
-114.686     ts77     dynamics     sesquiterpene     TS     runpoint      130     runisomer      141
6 -0.1511924 0.6862377 0.0107205
1 0.5459851 1.4040350 0.2503532
1 -0.8860556 1.1380161 -0.5620381
1 -0.2027103 -1.2679499 0.8267168
8 0.1200807 -0.7327633 -0.0405774
5
-114.694     ts77     dynamics     sesquiterpene     TS     runpoint      131     runisomer      141
6 -0.1708003 0.7034650 0.0043273
1 0.5979114 1.3564748 0.2637680
1 -0.8602811 1.2271496 -0.5397717
1 -0.1598281 -1.2000804 0.7568673
8 0.1272005 -0.7525867 -0.0336294
5
-114.697     ts77     dynamics     sesquiterpene     TS     runpoint      132     runisomer      141
6 -0.1891586 0.7176278 -0.0007180
1 0.6675533 1.3123912 0.2854366
1 -0.8587339 1.3153104 -0.5355879
1 -0.1206512 -1.1295929 0.6932426
8 0.1340274 -0.7704347 -0.0274660
5
-114.674     ts77     dynamics     sesquiterpene     TS     runpoint      133     runisomer      141
6 -0.2051828 0.7293954 -0.0042395
1 0.7401130 1.2651757 0.3099734
1 -0.8743929 1.3976014 -0.5449970
1 -0.1119615 -1.0949973 0.7110360
8 0.1419223 -0.7836571 -0.0269002
5
-114.665     ts77     dynamics     sesquiterpene     TS     runpoint      134     runisomer      141
6 -0.2182666 0.7397843 -0.0064171
1 0.8004650 1.2116711 0.3319541
1 -0.8956879 1.4652234 -0.5598563
1 -0.1351381 -1.0948627 0.8169251
8 0.1507431 -0.7923534 -0.0323895
5
-114.673     ts77     dynamics     sesquiterpene     TS     runpoint      135     runisomer      141
6 -0.2281251 0.7495108 -0.0074618
1 0.8382214 1.1530191 0.3476394
1 -0.9133196 1.5108375 -0.5735720
1 -0.1628318 -1.0968622 0.9324094
8 0.1586214 -0.7987068 -0.0390094
5
-114.655     ts77     dynamics     sesquiterpene     TS     runpoint      136     runisomer      141
6 -0.2346537 0.7588114 -0.0075255
1 0.8482581 1.0928580 0.3551501
1 -0.9218288 1.5304557 -0.5823331
1 -0.1809211 -1.0885139 1.0156250
8 0.1645677 -0.8036597 -0.0441284
5
-114.635     ts77     dynamics     sesquiterpene     TS     runpoint      137     runisomer      141
6 -0.2379167 0.7675412 -0.0067191
1 0.8301904 1.0360225 0.3542994
1 -0.9189868 1.5232443 -0.5846904
1 -0.1850253 -1.0681466 1.0533222
8 0.1682389 -0.8074619 -0.0469089
5
-114.628     ts77     dynamics     sesquiterpene     TS     runpoint      138     runisomer      141
6 -0.2382151 0.7752491 -0.0051446
1 0.7888444 0.9880414 0.3467562
1 -0.9053599 1.4913060 -0.5813065
1 -0.1740924 -1.0370827 1.0423160
8 0.1695253 -0.8101712 -0.0471370
5
-114.635     ts77     dynamics     sesquiterpene     TS     runpoint      139     runisomer      141
6 -0.2362185 0.7811458 -0.0029275
1 0.7361751 0.9549646 0.3367407
1 -0.8846495 1.4400614 -0.5753763
1 -0.1484752 -0.9977160 0.9838906
8 0.1684315 -0.8117671 -0.0448646
5
-114.649     ts77     dynamics     sesquiterpene     TS     runpoint      140     runisomer      141
6 -0.2330146 0.7840655 -0.0002039
1 0.6925564 0.9430013 0.3315797
1 -0.8643795 1.3786541 -0.5734308
1 -0.1108673 -0.9541051 0.8872343
8 0.1651343 -0.8120865 -0.0406192
5
-114.655     ts77     dynamics     sesquiterpene     TS     runpoint      141     runisomer      141
6 -0.2296147 0.7826662 0.0030130
1 0.6800014 0.9572570 0.3394783
1 -0.8549180 1.3183223 -0.5848740
1 -0.0707709 -0.9141920 0.7855399
8 0.1602556 -0.8106530 -0.0364048
5
-114.641     ts77     dynamics     sesquiterpene     TS     runpoint      142     runisomer      141
6 -0.2258905 0.7761213 0.0070011
1 0.7036073 0.9991038 0.3626880
1 -0.8637018 1.2666712 -0.6171015
1 -0.0498651 -0.8908114 0.7595947
8 0.1552148 -0.8066031 -0.0371976
5
-114.639     ts77     dynamics     sesquiterpene     TS     runpoint      143     runisomer      141
6 -0.2207154 0.7648025 0.0119907
1 0.7454441 1.0640477 0.3944238
1 -0.8876882 1.2224849 -0.6680589
1 -0.0552243 -0.8881486 0.8471237
8 0.1505490 -0.7995920 -0.0452495
5
-114.677     ts77     dynamics     sesquiterpene     TS     runpoint      144     runisomer      141
6 -0.2133192 0.7499173 0.0177076
1 0.7823090 1.1433912 0.4250069
1 -0.9149838 1.1791420 -0.7265663
1 -0.0640293 -0.8963324 0.9620049
8 0.1449566 -0.7901814 -0.0550222
5
-114.681     ts77     dynamics     sesquiterpene     TS     runpoint      145     runisomer      141
6 -0.2036464 0.7326652 0.0235635
1 0.7987230 1.2275462 0.4472865
1 -0.9334207 1.1312768 -0.7800619
1 -0.0645372 -0.9084277 1.0489521
8 0.1378646 -0.7787668 -0.0629304
5
-114.667     ts77     dynamics     sesquiterpene     TS     runpoint      146     runisomer      141
6 -0.1920226 0.7139608 0.0289782
1 0.7876873 1.3079341 0.4574541
1 -0.9351902 1.0769592 -0.8195384
1 -0.0542125 -0.9211650 1.0898404
8 0.1293066 -0.7655791 -0.0677246
5
-114.66     ts77     dynamics     sesquiterpene     TS     runpoint      147     runisomer      141
6 -0.1789290 0.6945134 0.0334867
1 0.7479808 1.3775068 0.4542359
1 -0.9169693 1.0169066 -0.8401607
1 -0.0333028 -0.9329278 1.0801593
8 0.1195254 -0.7508517 -0.0689990
5
-114.666     ts77     dynamics     sesquiterpene     TS     runpoint      148     runisomer      141
6 -0.1649244 0.6749495 0.0367547
1 0.6822849 1.4309240 0.4382847
1 -0.8790650 0.9535459 -0.8407645
1 -0.0028503 -0.9428887 1.0204828
8 0.1088560 -0.7349254 -0.0666506
5
-114.686     ts77     dynamics     sesquiterpene     TS     runpoint      149     runisomer      141
6 -0.1506273 0.6558664 0.0385983
1 0.5965875 1.4650917 0.4120990
1 -0.8252430 0.8906083 -0.8240493
1 0.0354639 -0.9513905 0.9176729
8 0.0977302 -0.7182634 -0.0609627
5
-114.707     ts77     dynamics     sesquiterpene     TS     runpoint      150     runisomer      141
6 -0.1366693 0.6377502 0.0390698
1 0.5003173 1.4804686 0.3803561
1 -0.7633988 0.8330288 -0.7978803
1 0.0791058 -0.9632623 0.7967154
8 0.0866837 -0.7012687 -0.0533483
5
-114.702     ts77     dynamics     sesquiterpene     TS     runpoint      151     runisomer      141
6 -0.1236136 0.6208231 0.0385826
1 0.4061057 1.4829226 0.3502001
1 -0.7059188 0.7865475 -0.7765643
1 0.1272585 -0.9972888 0.7219916
8 0.0761761 -0.6836561 -0.0477207
5
-114.675     ts77     dynamics     sesquiterpene     TS     runpoint      152     runisomer      141
6 -0.1119726 0.6051150 0.0377910
1 0.3274487 1.4840336 0.3304914
1 -0.6664201 0.7562522 -0.7776536
1 0.1869424 -1.0765198 0.7455687
8 0.0661550 -0.6650444 -0.0473055
5
-114.678     ts77     dynamics     sesquiterpene     TS     runpoint      153     runisomer      141
6 -0.1024371 0.5912272 0.0368759
1 0.2735295 1.4955207 0.3289307
1 -0.6509245 0.7441464 -0.8100640
1 0.2559595 -1.1735982 0.8038958
8 0.0570789 -0.6484730 -0.0481583
5
-114.67     ts77     dynamics     sesquiterpene     TS     runpoint      154     runisomer      141
6 -0.0958714 0.5809649 0.0350962
1 0.2453818 1.5193278 0.3482415
1 -0.6531579 0.7480113 -0.8653603
1 0.3235464 -1.2555972 0.8452987
8 0.0498149 -0.6373550 -0.0471678
5
-114.652     ts77     dynamics     sesquiterpene     TS     runpoint      155     runisomer      141
6 -0.0928771 0.5767675 0.0314943
1 0.2381808 1.5460960 0.3855213
1 -0.6617803 0.7633544 -0.9262580
1 0.3822171 -1.3082707 0.8554411
8 0.0448754 -0.6335444 -0.0436207
5
-114.639     ts77     dynamics     sesquiterpene     TS     runpoint      156     runisomer      141
6 -0.0935794 0.5804160 0.0255263
1 0.2457938 1.5634201 0.4350318
1 -0.6676221 0.7858465 -0.9778891
1 0.4276592 -1.3266360 0.8329985
8 0.0424332 -0.6376359 -0.0376006
5
-114.64     ts77     dynamics     sesquiterpene     TS     runpoint      157     runisomer      141
6 -0.0976956 0.5922888 0.0170452
1 0.2627718 1.5622975 0.4908767
1 -0.6648367 0.8123143 -1.0110034
1 0.4573707 -1.3083916 0.7789987
8 0.0424102 -0.6492934 -0.0292731
5
-114.657     ts77     dynamics     sesquiterpene     TS     runpoint      158     runisomer      141
6 -0.1046516 0.6112884 0.0061133
1 0.2846467 1.5386430 0.5481959
1 -0.6503613 0.8408626 -1.0210832
1 0.4711087 -1.2544642 0.6972140
8 0.0444780 -0.6672564 -0.0188999
5
-114.686     ts77     dynamics     sesquiterpene     TS     runpoint      159     runisomer      141
6 -0.1136710 0.6352378 -0.0069789
1 0.3080273 1.4927344 0.6033149
1 -0.6239453 0.8707189 -1.0077460
1 0.4761591 -1.1769398 0.6037473
8 0.0477940 -0.6891002 -0.0075074
