5
-114.654160 ts77 dynamics sesquiterpene TS runpoint 1  runisomer  106
6 -0.0214376 0.6467827 -0.0112951
1 -0.3548989 1.1550679 1.0088642
1 -0.2805685 1.2040264 -0.9174582
1 0.9988157 -0.0876286 -0.0483823
8 -0.0347659 -0.7654438 0.0057633
5
-114.646 ts77 dynamics sesquiterpene TS runpoint 2  runisomer  106
6 -0.025457 0.644672 -0.0175049
1 -0.335906 1.10822 1.01536
1 -0.222833 1.17022 -0.868096
1 0.956027 -0.0560244 -0.0724871
8 -0.0338891 -0.76077 0.00842121
5
-114.645     ts77     dynamics     sesquiterpene     TS     runpoint      3     runisomer      106
6 -0.0296390 0.6415779 -0.0195998
1 -0.3093142 1.0559570 1.0007164
1 -0.1720876 1.1484435 -0.8429120
1 0.9220315 -0.0194580 -0.0948247
8 -0.0334821 -0.7560883 0.0107362
5
-114.639     ts77     dynamics     sesquiterpene     TS     runpoint      4     runisomer      106
6 -0.0337937 0.6365303 -0.0163489
1 -0.2779903 1.0043440 0.9705942
1 -0.1328387 1.1514996 -0.8612071
1 0.9072133 0.0223092 -0.1151492
8 -0.0338775 -0.7518734 0.0126279
5
-114.641     ts77     dynamics     sesquiterpene     TS     runpoint      5     runisomer      106
6 -0.0378500 0.6296576 -0.0095884
1 -0.2465499 0.9618400 0.9383454
1 -0.1042397 1.1750827 -0.9138780
1 0.9188472 0.0707779 -0.1332644
8 -0.0353514 -0.7485788 0.0140478
5
-114.645     ts77     dynamics     sesquiterpene     TS     runpoint      6     runisomer      106
6 -0.0412572 0.6214639 -0.0032223
1 -0.2205518 0.9383322 0.9239517
1 -0.0849854 1.2046782 -0.9746231
1 0.9578234 0.1298890 -0.1486188
8 -0.0381019 -0.7465394 0.0149743
5
-114.644     ts77     dynamics     sesquiterpene     TS     runpoint      7     runisomer      106
6 -0.0429933 0.6120520 -0.0002772
1 -0.2034681 0.9404787 0.9415999
1 -0.0754535 1.2290266 -1.0228917
1 1.0179584 0.2052215 -0.1599593
8 -0.0422653 -0.7458933 0.0154087
5
-114.649     ts77     dynamics     sesquiterpene     TS     runpoint      8     runisomer      106
6 -0.0421204 0.6016562 -0.0011921
1 -0.1944016 0.9662941 0.9842488
1 -0.0765519 1.2422923 -1.0483939
1 1.0886394 0.3004908 -0.1656155
8 -0.0478747 -0.7465580 0.0153720
5
-114.658     ts77     dynamics     sesquiterpene     TS     runpoint      9     runisomer      106
6 -0.0380324 0.5909541 -0.0046353
1 -0.1903658 1.0070562 1.0307303
1 -0.0888258 1.2418470 -1.0475980
1 1.1582592 0.4146502 -0.1641793
8 -0.0548088 -0.7482617 0.0148864
5
-114.665     ts77     dynamics     sesquiterpene     TS     runpoint      10     runisomer      106
6 -0.0304332 0.5808140 -0.0091110
1 -0.1889892 1.0531725 1.0626715
1 -0.1122470 1.2268305 -1.0210071
1 1.2168099 0.5423092 -0.1549756
8 -0.0628096 -0.7506575 0.0139764
5
-114.669     ts77     dynamics     sesquiterpene     TS     runpoint      11     runisomer      106
6 -0.0193001 0.5720253 -0.0134712
1 -0.1889365 1.0969879 1.0700598
1 -0.1463292 1.1980947 -0.9726266
1 1.2573341 0.6760284 -0.1382285
8 -0.0715712 -0.7534401 0.0126778
5
-114.673     ts77     dynamics     sesquiterpene     TS     runpoint      12     runisomer      106
6 -0.0048014 0.5651177 -0.0167059
1 -0.1895128 1.1329517 1.0497062
1 -0.1906300 1.1592361 -0.9111457
1 1.2760392 0.8082209 -0.1149556
8 -0.0807987 -0.7564050 0.0110473
5
-114.675     ts77     dynamics     sesquiterpene     TS     runpoint      13     runisomer      106
6 0.0128734 0.5602410 -0.0177082
1 -0.1903927 1.1572550 1.0033763
1 -0.2459224 1.1178090 -0.8512889
1 1.2715033 0.9320012 -0.0867619
8 -0.0902332 -0.7594664 0.0091698
5
-114.675     ts77     dynamics     sesquiterpene     TS     runpoint      14     runisomer      106
6 0.0336657 0.5572759 -0.0155451
1 -0.1916734 1.1679017 0.9373968
1 -0.3151534 1.0835591 -0.8106044
1 1.2438185 1.0413267 -0.0556449
8 -0.0996447 -0.7626424 0.0071805
5
-114.676     ts77     dynamics     sesquiterpene     TS     runpoint      15     runisomer      106
6 0.0574357 0.5563639 -0.0105895
1 -0.1944262 1.1655942 0.8634102
1 -0.4001876 1.0607916 -0.7973182
1 1.1943908 1.1309742 -0.0237539
8 -0.1088317 -0.7660255 0.0052791
5
-114.678     ts77     dynamics     sesquiterpene     TS     runpoint      16     runisomer      106
6 0.0824835 0.5579384 -0.0049592
1 -0.1988193 1.1573371 0.7995742
1 -0.4921103 1.0455857 -0.8048604
1 1.1267233 1.1949395 0.0065033
8 -0.1172908 -0.7697588 0.0036457
5
-114.673     ts77     dynamics     sesquiterpene     TS     runpoint      17     runisomer      106
6 0.1086327 0.5626486 -0.0001496
1 -0.2179820 1.1493540 0.7619779
1 -0.5800931 1.0260976 -0.8194389
1 1.0487233 1.2321750 0.0258061
8 -0.1252423 -0.7739084 0.0021096
5
-114.67     ts77     dynamics     sesquiterpene     TS     runpoint      18     runisomer      106
6 0.1346565 0.5695270 0.0016993
1 -0.2620786 1.1473477 0.7587097
1 -0.6565444 0.9987570 -0.8261499
1 0.9753774 1.2447842 0.0337780
8 -0.1325476 -0.7780129 0.0008497
5
-114.654160 ts77 dynamics sesquiterpene TS runpoint 1  runisomer  106
6 -0.0214376 0.6467827 -0.0112951
1 -0.3548989 1.1550679 1.0088642
1 -0.2805685 1.2040264 -0.9174582
1 0.9988157 -0.0876286 -0.0483823
8 -0.0347659 -0.7654438 0.0057633
5
-114.646 ts77 dynamics sesquiterpene TS runpoint 2  runisomer  106
6 -0.0179423 0.648998 -0.00312863
1 -0.364928 1.19253 0.980894
1 -0.337446 1.2341 -0.966219
1 1.04011 -0.114257 -0.0229702
8 -0.0357745 -0.769683 0.00286995
5
-114.641     ts77     dynamics     sesquiterpene     TS     runpoint      3     runisomer      106
6 -0.0152363 0.6518375 0.0052851
1 -0.3659632 1.2186740 0.9351743
1 -0.3867897 1.2509084 -0.9990916
1 1.0716543 -0.1361105 0.0030948
8 -0.0366176 -0.7731422 -0.0001330
5
-114.634     ts77     dynamics     sesquiterpene     TS     runpoint      4     runisomer      106
6 -0.0134148 0.6553036 0.0126203
1 -0.3595006 1.2341650 0.8794942
1 -0.4242140 1.2504028 -1.0094413
1 1.0877938 -0.1538980 0.0290513
8 -0.0370503 -0.7755645 -0.0031115
5
-114.629     ts77     dynamics     sesquiterpene     TS     runpoint      5     runisomer      106
6 -0.0124203 0.6590143 0.0176127
1 -0.3488865 1.2430843 0.8260455
1 -0.4471309 1.2316915 -0.9957864
1 1.0853728 -0.1691218 0.0541059
8 -0.0368683 -0.7767715 -0.0059300
5
-114.627     ts77     dynamics     sesquiterpene     TS     runpoint      6     runisomer      106
6 -0.0121112 0.6623422 0.0190627
1 -0.3388305 1.2525667 0.7897733
1 -0.4544337 1.1958570 -0.9601252
1 1.0634359 -0.1844290 0.0774990
8 -0.0358902 -0.7766440 -0.0084538
5
-114.631     ts77     dynamics     sesquiterpene     TS     runpoint      7     runisomer      106
6 -0.0124581 0.6647737 0.0163912
1 -0.3328252 1.2686632 0.7821010
1 -0.4469563 1.1461216 -0.9083501
1 1.0231929 -0.2040181 0.0986070
8 -0.0339424 -0.7751145 -0.0105591
5
-114.64     ts77     dynamics     sesquiterpene     TS     runpoint      8     runisomer      106
6 -0.0136810 0.6663138 0.0104767
1 -0.3300180 1.2903823 0.8033805
1 -0.4290996 1.0892338 -0.8527659
1 0.9683538 -0.2340119 0.1171873
8 -0.0308694 -0.7721646 -0.0121364
5
-114.649     ts77     dynamics     sesquiterpene     TS     runpoint      9     runisomer      106
6 -0.0159621 0.6672895 0.0038694
1 -0.3260681 1.3101416 0.8434141
1 -0.4111285 1.0371207 -0.8153834
1 0.9060415 -0.2821623 0.1338526
8 -0.0266105 -0.7678249 -0.0131067
5
-114.65     ts77     dynamics     sesquiterpene     TS     runpoint      10     runisomer      106
6 -0.0191871 0.6679822 -0.0002965
1 -0.3168464 1.3198462 0.8888042
1 -0.4069445 1.0037175 -0.8225380
1 0.8491343 -0.3552081 0.1508923
8 -0.0214487 -0.7622487 -0.0134652
5
-114.652     ts77     dynamics     sesquiterpene     TS     runpoint      11     runisomer      106
6 -0.0235985 0.6690133 -0.0008699
1 -0.3004392 1.3146031 0.9284829
1 -0.4211396 0.9932239 -0.8793346
1 0.8204053 -0.4533237 0.1735333
8 -0.0164671 -0.7558496 -0.0133839
5
-114.664     ts77     dynamics     sesquiterpene     TS     runpoint      12     runisomer      106
6 -0.0299523 0.6711850 0.0004765
1 -0.2770632 1.2930587 0.9554394
1 -0.4443235 0.9977970 -0.9601830
1 0.8466954 -0.5705809 0.2095087
8 -0.0133680 -0.7490232 -0.0132662
5
-114.683     ts77     dynamics     sesquiterpene     TS     runpoint      13     runisomer      106
6 -0.0385295 0.6746173 0.0016004
1 -0.2483499 1.2568395 0.9666889
1 -0.4659584 1.0086108 -1.0357761
1 0.9194202 -0.7072049 0.2591610
8 -0.0119599 -0.7413897 -0.0131835
5
-114.699     ts77     dynamics     sesquiterpene     TS     runpoint      14     runisomer      106
6 -0.0489964 0.6788341 0.0011076
1 -0.2167008 1.2102730 0.9633585
1 -0.4804274 1.0202830 -1.0879588
1 0.9924240 -0.8601835 0.3109224
8 -0.0097892 -0.7327177 -0.0125793
5
-114.696     ts77     dynamics     sesquiterpene     TS     runpoint      15     runisomer      106
6 -0.0607796 0.6831070 -0.0018831
1 -0.1847405 1.1602145 0.9511101
1 -0.4856181 1.0299733 -1.1081346
1 1.0326002 -1.0158776 0.3542457
8 -0.0051652 -0.7235720 -0.0110223
5
-114.683     ts77     dynamics     sesquiterpene     TS     runpoint      16     runisomer      106
6 -0.0732935 0.6865960 -0.0080499
1 -0.1547088 1.1151045 0.9395883
1 -0.4811719 1.0363474 -1.0937075
1 1.0288415 -1.1593648 0.3841738
8 0.0022888 -0.7147098 -0.0084644
5
-114.674     ts77     dynamics     sesquiterpene     TS     runpoint      17     runisomer      106
6 -0.0859934 0.6885539 -0.0176389
1 -0.1277340 1.0823985 0.9384492
1 -0.4681147 1.0393325 -1.0470887
1 0.9814806 -1.2787803 0.3992467
8 0.0122794 -0.7067841 -0.0050854
5
-114.673     ts77     dynamics     sesquiterpene     TS     runpoint      18     runisomer      106
6 -0.0982876 0.6885330 -0.0297118
1 -0.1037031 1.0654475 0.9504598
1 -0.4498039 1.0408320 -0.9779066
1 0.8950808 -1.3650413 0.3995407
8 0.0242800 -0.7003614 -0.0011616
5
-114.676     ts77     dynamics     sesquiterpene     TS     runpoint      19     runisomer      106
6 -0.1093054 0.6862244 -0.0415499
1 -0.0822097 1.0630078 0.9690360
1 -0.4338214 1.0467403 -0.9077542
1 0.7760252 -1.4112162 0.3860354
8 0.0376867 -0.6959396 0.0029793
5
-114.677     ts77     dynamics     sesquiterpene     TS     runpoint      20     runisomer      106
6 -0.1178642 0.6810439 -0.0492073
1 -0.0633473 1.0715768 0.9837399
1 -0.4318884 1.0681257 -0.8693873
1 0.6344030 -1.4153106 0.3619285
8 0.0517230 -0.6936854 0.0068982
5
-114.677     ts77     dynamics     sesquiterpene     TS     runpoint      21     runisomer      106
6 -0.1233217 0.6726092 -0.0502170
1 -0.0475025 1.0875119 0.9866804
1 -0.4506375 1.1121058 -0.8814470
1 0.4906531 -1.3924033 0.3378731
8 0.0650598 -0.6925773 0.0097456
5
-114.672     ts77     dynamics     sesquiterpene     TS     runpoint      22     runisomer      106
6 -0.1264018 0.6618767 -0.0457807
1 -0.0348884 1.1078828 0.9748279
1 -0.4823020 1.1682786 -0.9250042
1 0.3786830 -1.3953504 0.3405845
8 0.0756276 -0.6891641 0.0097380
5
-114.662     ts77     dynamics     sesquiterpene     TS     runpoint      23     runisomer      106
6 -0.1283501 0.6505445 -0.0384366
1 -0.0253475 1.1309348 0.9495519
1 -0.5145683 1.2189389 -0.9703760
1 0.3069104 -1.4677458 0.3916274
8 0.0830457 -0.6807461 0.0054630
5
-114.673     ts77     dynamics     sesquiterpene     TS     runpoint      24     runisomer      106
6 -0.1301543 0.6401507 -0.0300404
1 -0.0183251 1.1564514 0.9156500
1 -0.5396828 1.2520388 -0.9994391
1 0.2437318 -1.5550085 0.4665678
8 0.0895226 -0.6711436 -0.0015917
5
-114.667     ts77     dynamics     sesquiterpene     TS     runpoint      25     runisomer      106
6 -0.1325171 0.6317580 -0.0217334
1 -0.0128034 1.1854261 0.8800364
1 -0.5544907 1.2618626 -1.0047366
1 0.1737105 -1.6075141 0.5405729
8 0.0962958 -0.6639846 -0.0099098
5
-114.655     ts77     dynamics     sesquiterpene     TS     runpoint      26     runisomer      106
6 -0.1359482 0.6258842 -0.0142524
1 -0.0073339 1.2190109 0.8496849
1 -0.5585670 1.2466046 -0.9846937
1 0.0943604 -1.6091761 0.6030240
8 0.1037854 -0.6606296 -0.0188084
5
-114.656     ts77     dynamics     sesquiterpene     TS     runpoint      27     runisomer      106
6 -0.1407420 0.6226205 -0.0079514
1 -0.0003732 1.2568529 0.8290982
1 -0.5528872 1.2072255 -0.9416324
1 0.0075929 -1.5593167 0.6496591
8 0.1120551 -0.6612282 -0.0278895
5
-114.67     ts77     dynamics     sesquiterpene     TS     runpoint      28     runisomer      106
6 -0.1469074 0.6218756 -0.0025640
1 0.0091459 1.2959047 0.8188169
1 -0.5398380 1.1480041 -0.8827651
1 -0.0822671 -1.4616914 0.6775855
8 0.1209233 -0.6655506 -0.0367527
5
-114.692     ts77     dynamics     sesquiterpene     TS     runpoint      29     runisomer      106
6 -0.1540225 0.6232059 0.0030465
1 0.0215874 1.3310882 0.8162256
1 -0.5252055 1.0789059 -0.8238150
1 -0.1699175 -1.3243649 0.6859299
8 0.1300809 -0.6730661 -0.0450395
5
-114.705     ts77     dynamics     sesquiterpene     TS     runpoint      30     runisomer      106
6 -0.1610925 0.6255466 0.0109339
1 0.0367607 1.3573160 0.8174762
1 -0.5201814 1.0168674 -0.7918927
1 -0.2523879 -1.1639095 0.6807605
8 0.1393108 -0.6826771 -0.0527220
5
-114.703     ts77     dynamics     sesquiterpene     TS     runpoint      31     runisomer      106
6 -0.1670530 0.6279415 0.0227649
1 0.0542570 1.3712253 0.8190977
1 -0.5356550 0.9768756 -0.8117310
1 -0.3334813 -1.0034397 0.6780597
8 0.1487668 -0.6929421 -0.0602804
5
-114.701     ts77     dynamics     sesquiterpene     TS     runpoint      32     runisomer      106
6 -0.1719959 0.6307938 0.0372165
1 0.0739269 1.3720530 0.8191824
1 -0.5683917 0.9576197 -0.8746142
1 -0.4183034 -0.8584987 0.6890790
8 0.1586457 -0.7030535 -0.0678593
5
-114.699     ts77     dynamics     sesquiterpene     TS     runpoint      33     runisomer      106
6 -0.1768737 0.6350225 0.0509876
1 0.0962135 1.3618001 0.8177845
1 -0.6052910 0.9494360 -0.9481584
1 -0.4997396 -0.7335912 0.7039743
8 0.1683601 -0.7129359 -0.0744059
5
-114.683     ts77     dynamics     sesquiterpene     TS     runpoint      34     runisomer      106
6 -0.1824682 0.6407962 0.0615638
1 0.1221719 1.3446575 0.8164641
1 -0.6363098 0.9462113 -1.0067037
1 -0.5665283 -0.6315553 0.7084743
8 0.1770865 -0.7224137 -0.0788507
5
-114.661     ts77     dynamics     sesquiterpene     TS     runpoint      35     runisomer      106
6 -0.1892264 0.6474984 0.0677801
1 0.1531741 1.3256255 0.8172081
1 -0.6566028 0.9457038 -1.0370534
1 -0.6140614 -0.5527292 0.6966218
8 0.1844807 -0.7311789 -0.0809015
5
-114.645     ts77     dynamics     sesquiterpene     TS     runpoint      36     runisomer      106
6 -0.1973217 0.6542453 0.0694100
1 0.1900683 1.3084746 0.8208376
1 -0.6645055 0.9473959 -1.0339720
1 -0.6439315 -0.4941897 0.6689770
8 0.1906137 -0.7389568 -0.0808055
5
-114.639     ts77     dynamics     sesquiterpene     TS     runpoint      37     runisomer      106
6 -0.2065924 0.6603929 0.0668441
1 0.2320756 1.2941920 0.8256843
1 -0.6602125 0.9514728 -0.9972682
1 -0.6605255 -0.4525215 0.6290962
8 0.1957008 -0.7455535 -0.0789863
5
-114.643     ts77     dynamics     sesquiterpene     TS     runpoint      38     runisomer      106
6 -0.2164558 0.6656879 0.0610175
1 0.2763808 1.2812106 0.8278252
1 -0.6458804 0.9588946 -0.9321308
1 -0.6689740 -0.4259179 0.5817257
8 0.1999429 -0.7508545 -0.0758691
5
-114.648     ts77     dynamics     sesquiterpene     TS     runpoint      39     runisomer      106
6 -0.2258533 0.6700343 0.0535729
1 0.3188763 1.2670528 0.8228575
1 -0.6272141 0.9725516 -0.8526325
1 -0.6743051 -0.4145903 0.5319068
8 0.2034795 -0.7548003 -0.0718400
5
-114.648     ts77     dynamics     sesquiterpene     TS     runpoint      40     runisomer      106
6 -0.2332154 0.6730864 0.0470893
1 0.3555631 1.2499151 0.8078105
1 -0.6155797 0.9993917 -0.7857298
1 -0.6807930 -0.4202546 0.4840835
8 0.2063725 -0.7573467 -0.0672292
5
-114.64     ts77     dynamics     sesquiterpene     TS     runpoint      41     runisomer      106
6 -0.2369217 0.6741695 0.0442430
1 0.3839623 1.2295378 0.7823317
1 -0.6245193 1.0491988 -0.7617357
1 -0.6911877 -0.4453297 0.4411297
8 0.2085883 -0.7584372 -0.0622932
5
-114.642     ts77     dynamics     sesquiterpene     TS     runpoint      42     runisomer      106
6 -0.2366614 0.6732481 0.0451104
1 0.4042601 1.2075976 0.7491205
1 -0.6551894 1.1220456 -0.7824016
1 -0.7060018 -0.4923400 0.4037171
8 0.2099845 -0.7579932 -0.0571909
5
-114.655     ts77     dynamics     sesquiterpene     TS     runpoint      43     runisomer      106
6 -0.2336420 0.6713502 0.0471589
1 0.4197209 1.1877457 0.7133851
1 -0.6943930 1.2029609 -0.8205137
1 -0.7230621 -0.5636262 0.3703482
8 0.2102969 -0.7559272 -0.0519722
5
-114.663     ts77     dynamics     sesquiterpene     TS     runpoint      44     runisomer      106
6 -0.2292693 0.6694539 0.0480610
1 0.4357942 1.1748668 0.6811709
1 -0.7293113 1.2757649 -0.8519710
1 -0.7378904 -0.6608724 0.3381196
8 0.2091442 -0.7521549 -0.0466056
5
-114.665     ts77     dynamics     sesquiterpene     TS     runpoint      45     runisomer      106
6 -0.2244848 0.6680052 0.0466713
1 0.4575971 1.1730624 0.6567808
1 -0.7528698 1.3302743 -0.8650392
1 -0.7452411 -0.7838570 0.3039037
8 0.2061346 -0.7466417 -0.0410470
5
-114.67     ts77     dynamics     sesquiterpene     TS     runpoint      46     runisomer      106
6 -0.2196837 0.6671562 0.0428526
1 0.4866735 1.1831033 0.6404162
1 -0.7621483 1.3611746 -0.8559157
1 -0.7406580 -0.9288402 0.2652147
8 0.2010029 -0.7394521 -0.0352882
5
-114.681     ts77     dynamics     sesquiterpene     TS     runpoint      47     runisomer      106
6 -0.2148179 0.6670040 0.0371327
1 0.5199810 1.2016200 0.6283183
1 -0.7566987 1.3660848 -0.8249142
1 -0.7204429 -1.0878788 0.2203075
8 0.1936427 -0.7307957 -0.0293575
5
-114.693     ts77     dynamics     sesquiterpene     TS     runpoint      48     runisomer      106
6 -0.2096202 0.6675992 0.0303526
1 0.5521408 1.2227977 0.6154260
1 -0.7381522 1.3450315 -0.7753006
1 -0.6808628 -1.2490465 0.1680580
8 0.1840609 -0.7210982 -0.0232924
5
-114.701     ts77     dynamics     sesquiterpene     TS     runpoint      49     runisomer      106
6 -0.2037168 0.6687612 0.0235231
1 0.5783398 1.2407721 0.5979282
1 -0.7111792 1.3016920 -0.7143875
1 -0.6192672 -1.3976617 0.1084059
8 0.1724075 -0.7110103 -0.0171440
5
-114.702     ts77     dynamics     sesquiterpene     TS     runpoint      50     runisomer      106
6 -0.1964853 0.6697633 0.0179778
1 0.5958676 1.2512184 0.5742416
1 -0.6859089 1.2463866 -0.6565168
1 -0.5363680 -1.5192675 0.0427541
8 0.1590695 -0.7012758 -0.0110003
5
-114.691     ts77     dynamics     sesquiterpene     TS     runpoint      51     runisomer      106
6 -0.1868918 0.6691660 0.0155004
1 0.6045384 1.2521016 0.5448715
1 -0.6796181 1.1975684 -0.6244098
1 -0.4367059 -1.6027158 -0.0264674
8 0.1446582 -0.6925529 -0.0049508
5
-114.677     ts77     dynamics     sesquiterpene     TS     runpoint      52     runisomer      106
6 -0.1742409 0.6657558 0.0172721
1 0.6068753 1.2440730 0.5119983
1 -0.7077810 1.1704785 -0.6362222
1 -0.3272223 -1.6416334 -0.0966896
8 0.1299028 -0.6853328 0.0009606
5
-114.678     ts77     dynamics     sesquiterpene     TS     runpoint      53     runisomer      106
6 -0.1597789 0.6600402 0.0220132
1 0.6083572 1.2307610 0.4791300
1 -0.7647956 1.1591505 -0.6828783
1 -0.2156182 -1.6352403 -0.1661532
8 0.1155275 -0.6798982 0.0067927
5
-114.686     ts77     dynamics     sesquiterpene     TS     runpoint      54     runisomer      106
6 -0.1460588 0.6532648 0.0269981
1 0.6165400 1.2182959 0.4502365
1 -0.8297648 1.1477171 -0.7390452
1 -0.1093121 -1.5908629 -0.2353168
8 0.1021223 -0.6761085 0.0127719
5
-114.685     ts77     dynamics     sesquiterpene     TS     runpoint      55     runisomer      106
6 -0.1350344 0.6461551 0.0301347
1 0.6375912 1.2127029 0.4278432
1 -0.8852315 1.1269359 -0.7854961
1 -0.0142175 -1.5278682 -0.3094904
8 0.0900351 -0.6730858 0.0194316
5
-114.677     ts77     dynamics     sesquiterpene     TS     runpoint      56     runisomer      106
6 -0.1273817 0.6392212 0.0304391
1 0.6717082 1.2160963 0.4111417
1 -0.9215440 1.0945073 -0.8125188
1 0.0686416 -1.4724709 -0.4004619
8 0.0792189 -0.6695487 0.0276930
5
-114.675     ts77     dynamics     sesquiterpene     TS     runpoint      57     runisomer      106
6 -0.1227401 0.6332101 0.0277140
1 0.7123350 1.2257879 0.3964040
1 -0.9345040 1.0516624 -0.8163782
1 0.1446893 -1.4311131 -0.5161502
8 0.0692089 -0.6655606 0.0382006
5
-114.683     ts77     dynamics     sesquiterpene     TS     runpoint      58     runisomer      106
6 -0.1202589 0.6289810 0.0221686
1 0.7501998 1.2371068 0.3794305
1 -0.9235107 1.0014355 -0.7969218
1 0.2175575 -1.3825637 -0.6455367
8 0.0596853 -0.6630005 0.0503599
5
-114.69     ts77     dynamics     sesquiterpene     TS     runpoint      59     runisomer      106
6 -0.1189685 0.6270965 0.0142912
1 0.7774406 1.2461477 0.3574040
1 -0.8915594 0.9483820 -0.7574207
1 0.2850706 -1.3083293 -0.7681254
8 0.0507405 -0.6634967 0.0628962
5
-114.692     ts77     dynamics     sesquiterpene     TS     runpoint      60     runisomer      106
6 -0.1177463 0.6275584 0.0050168
1 0.7893094 1.2507200 0.3292267
1 -0.8474088 0.8991525 -0.7066933
1 0.3432623 -1.2047676 -0.8673325
8 0.0426349 -0.6675598 0.0746865
5
-114.689     ts77     dynamics     sesquiterpene     TS     runpoint      61     runisomer      106
6 -0.1150400 0.6297868 -0.0039811
1 0.7845163 1.2503940 0.2951816
1 -0.8091578 0.8630256 -0.6623795
1 0.3888799 -1.0775383 -0.9326727
8 0.0356301 -0.6749575 0.0849109
5
-114.679     ts77     dynamics     sesquiterpene     TS     runpoint      62     runisomer      106
6 -0.1091254 0.6329105 -0.0105893
1 0.7656025 1.2466252 0.2566905
1 -0.8014491 0.8495836 -0.6475545
1 0.4197785 -0.9362718 -0.9579750
8 0.0299594 -0.6851239 0.0929575
5
-114.676     ts77     dynamics     sesquiterpene     TS     runpoint      63     runisomer      106
6 -0.0999826 0.6364112 -0.0140338
1 0.7397667 1.2432820 0.2163541
1 -0.8337088 0.8612071 -0.6699098
1 0.4349844 -0.7923759 -0.9405328
8 0.0258102 -0.6973441 0.0983975
5
-114.684     ts77     dynamics     sesquiterpene     TS     runpoint      64     runisomer      106
6 -0.0903045 0.6402936 -0.0157277
1 0.7186887 1.2468601 0.1776509
1 -0.8877309 0.8905475 -0.7118683
1 0.4353755 -0.6580011 -0.8826191
8 0.0232633 -0.7108036 0.1011063
5
-114.687     ts77     dynamics     sesquiterpene     TS     runpoint      65     runisomer      106
6 -0.0832106 0.6445995 -0.0173559
1 0.7140726 1.2639742 0.1435015
1 -0.9400689 0.9280824 -0.7521397
1 0.4256378 -0.5443810 -0.7958063
8 0.0221493 -0.7246424 0.1015503
5
-114.678     ts77     dynamics     sesquiterpene     TS     runpoint      66     runisomer      106
6 -0.0804000 0.6495891 -0.0196565
1 0.7295367 1.2955036 0.1145621
1 -0.9763267 0.9666166 -0.7780339
1 0.4172438 -0.4586002 -0.7056231
8 0.0218852 -0.7382097 0.1010520
5
-114.661     ts77     dynamics     sesquiterpene     TS     runpoint      67     runisomer      106
6 -0.0820657 0.6560951 -0.0225741
1 0.7580058 1.3340564 0.0895164
1 -0.9901016 1.0013324 -0.7839235
1 0.4280191 -0.4000604 -0.6461862
8 0.0215357 -0.7514016 0.1014476
5
-114.646     ts77     dynamics     sesquiterpene     TS     runpoint      68     runisomer      106
6 -0.0876006 0.6650124 -0.0258457
1 0.7881448 1.3689912 0.0669275
1 -0.9798797 1.0291726 -0.7682415
1 0.4700070 -0.3652335 -0.6342628
8 0.0205054 -0.7642479 0.1035898
5
-114.647     ts77     dynamics     sesquiterpene     TS     runpoint      69     runisomer      106
6 -0.0960145 0.6765338 -0.0293507
1 0.8106643 1.3920311 0.0462326
1 -0.9479282 1.0487091 -0.7324071
1 0.5376183 -0.3568163 -0.6551029
8 0.0191300 -0.7761115 0.1065819
5
-114.655     ts77     dynamics     sesquiterpene     TS     runpoint      70     runisomer      106
6 -0.1059751 0.6900718 -0.0329131
1 0.8202040 1.3988106 0.0275728
1 -0.9014102 1.0606648 -0.6817561
1 0.6153294 -0.3788002 -0.6836370
8 0.0181785 -0.7860705 0.1090398
5
-114.659     ts77     dynamics     sesquiterpene     TS     runpoint      71     runisomer      106
6 -0.1157267 0.7045209 -0.0358253
1 0.8151067 1.3882567 0.0113547
1 -0.8554031 1.0694983 -0.6279377
1 0.6884574 -0.4321877 -0.7007972
8 0.0183150 -0.7934457 0.1099405
5
-114.658     ts77     dynamics     sesquiterpene     TS     runpoint      72     runisomer      106
6 -0.1231465 0.7183462 -0.0366972
1 0.7972224 1.3620574 -0.0019882
1 -0.8338226 1.0845387 -0.5892484
1 0.7466829 -0.5158537 -0.6954769
8 0.0199849 -0.7978505 0.1086673
5
-114.657     ts77     dynamics     sesquiterpene     TS     runpoint      73     runisomer      106
6 -0.1268960 0.7299869 -0.0344439
1 0.7725433 1.3248649 -0.0121107
1 -0.8560890 1.1141590 -0.5795702
1 0.7838791 -0.6264879 -0.6626876
8 0.0234167 -0.7991442 0.1049427
5
-114.671     ts77     dynamics     sesquiterpene     TS     runpoint      74     runisomer      106
6 -0.1282524 0.7386983 -0.0297109
1 0.7520169 1.2846970 -0.0190060
1 -0.9151275 1.1543786 -0.5923450
1 0.7981254 -0.7576723 -0.6028049
8 0.0285554 -0.7974246 0.0988625
5
-114.689     ts77     dynamics     sesquiterpene     TS     runpoint      75     runisomer      106
6 -0.1301000 0.7442872 -0.0241141
1 0.7492748 1.2514138 -0.0233637
1 -0.9863423 1.1930345 -0.6096567
1 0.7939698 -0.9002283 -0.5228066
8 0.0348682 -0.7929826 0.0909934
5
-114.695     ts77     dynamics     sesquiterpene     TS     runpoint      76     runisomer      106
6 -0.1343675 0.7466643 -0.0188688
1 0.7719304 1.2314088 -0.0265257
1 -1.0491150 1.2205891 -0.6183548
1 0.7851174 -1.0457163 -0.4367068
8 0.0411601 -0.7860839 0.0823843
5
-114.69     ts77     dynamics     sesquiterpene     TS     runpoint      77     runisomer      106
6 -0.1409571 0.7460916 -0.0145926
1 0.8134384 1.2234054 -0.0298009
1 -1.0918666 1.2321146 -0.6124978
1 0.7866684 -1.1902079 -0.3570028
8 0.0460883 -0.7767812 0.0739946
5
-114.684     ts77     dynamics     sesquiterpene     TS     runpoint      78     runisomer      106
6 -0.1484534 0.7431166 -0.0115143
1 0.8578929 1.2216491 -0.0339059
1 -1.1095623 1.2256838 -0.5907269
1 0.7966577 -1.3269931 -0.2828450
8 0.0494005 -0.7654227 0.0659033
5
-114.676     ts77     dynamics     sesquiterpene     TS     runpoint      79     runisomer      106
6 -0.1552527 0.7382187 -0.0095995
1 0.8904473 1.2210493 -0.0390100
1 -1.1016677 1.2013537 -0.5544099
1 0.8008453 -1.4412185 -0.2077640
8 0.0516948 -0.7529886 0.0577729
5
-114.666     ts77     dynamics     sesquiterpene     TS     runpoint      80     runisomer      106
6 -0.1599622 0.7316198 -0.0085776
1 0.9018857 1.2188653 -0.0449706
1 -1.0721780 1.1612147 -0.5072699
1 0.7892312 -1.5188385 -0.1295514
8 0.0533857 -0.7404894 0.0494866
5
-114.66     ts77     dynamics     sesquiterpene     TS     runpoint      81     runisomer      106
6 -0.1612070 0.7232017 -0.0078700
1 0.8886125 1.2143668 -0.0515130
1 -1.0317644 1.1103199 -0.4561447
1 0.7587550 -1.5516317 -0.0494142
8 0.0545355 -0.7286251 0.0411009
5
-114.659     ts77     dynamics     sesquiterpene     TS     runpoint      82     runisomer      106
6 -0.1573982 0.7124586 -0.0065363
1 0.8521348 1.2084681 -0.0583913
1 -1.0002260 1.0574587 -0.4115377
1 0.7107873 -1.5369850 0.0307326
8 0.0550180 -0.7177934 0.0326768
5
-114.665     ts77     dynamics     sesquiterpene     TS     runpoint      83     runisomer      106
6 -0.1473000 0.6987141 -0.0035787
1 0.7997351 1.2040972 -0.0655996
1 -1.0007786 1.0121616 -0.3838902
1 0.6513240 -1.4795649 0.1097577
8 0.0545312 -0.7079768 0.0241953
5
-114.676     ts77     dynamics     sesquiterpene     TS     runpoint      84     runisomer      106
6 -0.1319110 0.6817255 0.0012602
1 0.7457029 1.2073008 -0.0736905
1 -1.0392245 0.9767749 -0.3742027
1 0.5955754 -1.3978977 0.1894602
8 0.0523309 -0.6983571 0.0154454
