5
-114.654160 ts77 dynamics sesquiterpene TS runpoint 1  runisomer  167
6 -0.0330241 0.5890874 0.0071933
1 -0.3110161 1.2260397 0.9366504
1 -0.2054002 1.1823829 -0.9424583
1 0.9343058 -0.0852287 -0.0994859
8 -0.0295090 -0.7254189 0.0012372
5
-114.643 ts77 dynamics sesquiterpene TS runpoint 2  runisomer  167
6 -0.0281572 0.598789 0.0102649
1 -0.339447 1.13948 0.890487
1 -0.229841 1.18052 -0.957494
1 1.00102 -0.0801457 -0.118482
8 -0.0340324 -0.727446 0.00398581
5
-114.648     ts77     dynamics     sesquiterpene     TS     runpoint      3     runisomer      167
6 -0.0231192 0.6109680 0.0118588
1 -0.3669501 1.0535459 0.8493221
1 -0.2525217 1.1695370 -0.9615421
1 1.0697019 -0.0680155 -0.1348860
8 -0.0389768 -0.7312399 0.0066734
5
-114.642     ts77     dynamics     sesquiterpene     TS     runpoint      4     runisomer      167
6 -0.0165503 0.6230471 0.0098539
1 -0.4020019 0.9854159 0.8377393
1 -0.2721863 1.1510382 -0.9539525
1 1.1291541 -0.0424877 -0.1467924
8 -0.0442031 -0.7364516 0.0091795
5
-114.634     ts77     dynamics     sesquiterpene     TS     runpoint      5     runisomer      167
6 -0.0075265 0.6332098 0.0034937
1 -0.4496503 0.9427703 0.8676207
1 -0.2884523 1.1283279 -0.9373084
1 1.1737018 0.0025582 -0.1527581
8 -0.0497518 -0.7427966 0.0113970
5
-114.638     ts77     dynamics     sesquiterpene     TS     runpoint      6     runisomer      167
6 0.0037095 0.6407259 -0.0052628
1 -0.5015642 0.9203584 0.9223237
1 -0.3023219 1.1061132 -0.9178318
1 1.2013868 0.0725572 -0.1518250
8 -0.0557813 -0.7500345 0.0132351
5
-114.644     ts77     dynamics     sesquiterpene     TS     runpoint      7     runisomer      167
6 0.0164825 0.6451305 -0.0135955
1 -0.5441202 0.9112473 0.9769677
1 -0.3163345 1.0895437 -0.9039240
1 1.2116208 0.1711629 -0.1433494
8 -0.0624431 -0.7579350 0.0146339
5
-114.648     ts77     dynamics     sesquiterpene     TS     runpoint      8     runisomer      167
6 0.0303535 0.6461087 -0.0195979
1 -0.5679797 0.9114556 1.0152266
1 -0.3334194 1.0821375 -0.9018871
1 1.2040801 0.2991147 -0.1269020
8 -0.0697929 -0.7662773 0.0155623
5
-114.657     ts77     dynamics     sesquiterpene     TS     runpoint      9     runisomer      167
6 0.0448466 0.6438548 -0.0226373
1 -0.5689137 0.9186816 1.0293112
1 -0.3546607 1.0836984 -0.9114197
1 1.1801449 0.4533486 -0.1024620
8 -0.0777589 -0.7748573 0.0160159
5
-114.672     ts77     dynamics     sesquiterpene     TS     runpoint      10     runisomer      167
6 0.0589560 0.6391355 -0.0230343
1 -0.5461923 0.9309198 1.0165302
1 -0.3783576 1.0905339 -0.9258372
1 1.1463707 0.6270204 -0.0707197
8 -0.0861528 -0.7834602 0.0160285
5
-114.687     ts77     dynamics     sesquiterpene     TS     runpoint      11     runisomer      167
6 0.0712821 0.6328707 -0.0216707
1 -0.5021541 0.9452390 0.9778796
1 -0.4016300 1.0979127 -0.9365148
1 1.1152081 0.8125456 -0.0327474
8 -0.0947438 -0.7918152 0.0157232
5
-114.654160 ts77 dynamics sesquiterpene TS runpoint 1  runisomer  167
6 -0.0330241 0.5890874 0.0071933
1 -0.3110161 1.2260397 0.9366504
1 -0.2054002 1.1823829 -0.9424583
1 0.9343058 -0.0852287 -0.0994859
8 -0.0295090 -0.7254189 0.0012372
5
-114.643 ts77 dynamics sesquiterpene TS runpoint 2  runisomer  167
6 -0.0388343 0.584058 0.00435181
1 -0.277811 1.29867 0.971009
1 -0.180939 1.17556 -0.919845
1 0.88549 -0.0894873 -0.0798721
8 -0.0257076 -0.725524 -0.00145665
5
-114.632     ts77     dynamics     sesquiterpene     TS     runpoint      3     runisomer      167
6 -0.0462559 0.5849223 0.0028694
1 -0.2396874 1.3488630 0.9860507
1 -0.1583988 1.1628644 -0.8958507
1 0.8690703 -0.0979883 -0.0608571
8 -0.0229280 -0.7279994 -0.0040022
5
-114.625     ts77     dynamics     sesquiterpene     TS     runpoint      4     runisomer      167
6 -0.0552764 0.5917058 0.0035721
1 -0.1980891 1.3725387 0.9795377
1 -0.1395735 1.1492992 -0.8790864
1 0.8886232 -0.1136148 -0.0423682
8 -0.0212002 -0.7327406 -0.0063402
5
-114.628     ts77     dynamics     sesquiterpene     TS     runpoint      5     runisomer      167
6 -0.0652637 0.6034700 0.0070081
1 -0.1550325 1.3685403 0.9522002
1 -0.1255651 1.1402661 -0.8781090
1 0.9336426 -0.1378420 -0.0236967
8 -0.0201391 -0.7392191 -0.0084330
5
-114.637     ts77     dynamics     sesquiterpene     TS     runpoint      6     runisomer      167
6 -0.0754826 0.6189732 0.0130644
1 -0.1126642 1.3387695 0.9078878
1 -0.1163583 1.1382136 -0.8964809
1 0.9863319 -0.1728474 -0.0045697
8 -0.0190423 -0.7466392 -0.0102320
5
-114.647     ts77     dynamics     sesquiterpene     TS     runpoint      7     runisomer      167
6 -0.0855651 0.6370065 0.0204776
1 -0.0727677 1.2904301 0.8562754
1 -0.1110717 1.1410200 -0.9294885
1 1.0298420 -0.2229232 0.0145521
8 -0.0170665 -0.7541439 -0.0116671
5
-114.651     ts77     dynamics     sesquiterpene     TS     runpoint      8     runisomer      167
6 -0.0957168 0.6559945 0.0266491
1 -0.0354824 1.2397004 0.8175495
1 -0.1086222 1.1443217 -0.9667248
1 1.0519782 -0.2945202 0.0327733
8 -0.0133497 -0.7608890 -0.0126584
5
-114.65     ts77     dynamics     sesquiterpene     TS     runpoint      9     runisomer      167
6 -0.1066788 0.6738195 0.0282488
1 0.0027432 1.2092029 0.8204777
1 -0.1081476 1.1447793 -0.9974840
1 1.0458437 -0.3939919 0.0491702
8 -0.0071788 -0.7661004 -0.0131372
5
-114.659     ts77     dynamics     sesquiterpene     TS     runpoint      10     runisomer      167
6 -0.1191633 0.6893220 0.0238023
1 0.0469584 1.2073747 0.8755667
1 -0.1091188 1.1413837 -1.0145342
1 1.0105568 -0.5231896 0.0632423
8 0.0016846 -0.7692589 -0.0130834
5
-114.685     ts77     dynamics     sesquiterpene     TS     runpoint      11     runisomer      167
6 -0.1329908 0.7030468 0.0153548
1 0.0960983 1.2194104 0.9568546
1 -0.1112288 1.1352552 -1.0155870
1 0.9559866 -0.6761877 0.0756149
8 0.0125336 -0.7702864 -0.0125796
5
-114.701     ts77     dynamics     sesquiterpene     TS     runpoint      12     runisomer      167
6 -0.1472404 0.7154194 0.0059665
1 0.1443077 1.2295100 1.0319382
1 -0.1142093 1.1291061 -1.0033645
1 0.9118805 -0.8420127 0.0893488
8 0.0231533 -0.7693668 -0.0119019
5
-114.694     ts77     dynamics     sesquiterpene     TS     runpoint      13     runisomer      167
6 -0.1608489 0.7260512 -0.0019541
1 0.1862067 1.2305997 1.0813165
1 -0.1176521 1.1267307 -0.9850626
1 0.9109092 -1.0159746 0.1090465
8 0.0310007 -0.7663001 -0.0114636
5
-114.688     ts77     dynamics     sesquiterpene     TS     runpoint      14     runisomer      167
6 -0.1729466 0.7342672 -0.0066675
1 0.2181782 1.2212425 1.0964170
1 -0.1209499 1.1321250 -0.9703561
1 0.9340100 -1.1915806 0.1335124
8 0.0368147 -0.7611483 -0.0113464
5
-114.677     ts77     dynamics     sesquiterpene     TS     runpoint      15     runisomer      167
6 -0.1829326 0.7395589 -0.0071468
1 0.2379947 1.2024003 1.0749159
1 -0.1235489 1.1477678 -0.9666867
1 0.9441532 -1.3488489 0.1575096
8 0.0425825 -0.7550058 -0.0113743
5
-114.661     ts77     dynamics     sesquiterpene     TS     runpoint      16     runisomer      167
6 -0.1904221 0.7417442 -0.0033661
1 0.2447210 1.1762573 1.0188739
1 -0.1254274 1.1727286 -0.9742631
1 0.9257094 -1.4708586 0.1778577
8 0.0490584 -0.7488819 -0.0114830
5
-114.652     ts77     dynamics     sesquiterpene     TS     runpoint      17     runisomer      167
6 -0.1952745 0.7408597 0.0035877
1 0.2396811 1.1466965 0.9360899
1 -0.1272683 1.2025708 -0.9861816
1 0.8770909 -1.5486464 0.1935344
8 0.0561953 -0.7433339 -0.0117193
5
-114.649     ts77     dynamics     sesquiterpene     TS     runpoint      18     runisomer      167
6 -0.1978389 0.7367959 0.0115557
1 0.2292709 1.1213434 0.8447474
1 -0.1301137 1.2313037 -0.9935097
1 0.8011612 -1.5778933 0.2045182
8 0.0637372 -0.7386538 -0.0121699
5
-114.648     ts77     dynamics     sesquiterpene     TS     runpoint      19     runisomer      167
6 -0.1992796 0.7288775 0.0173721
1 0.2284750 1.1139935 0.7772463
1 -0.1349299 1.2534105 -0.9898335
1 0.7023949 -1.5574634 0.2114678
8 0.0713934 -0.7349292 -0.0129481
5
-114.648     ts77     dynamics     sesquiterpene     TS     runpoint      20     runisomer      167
6 -0.2010259 0.7162329 0.0184319
1 0.2540014 1.1384879 0.7633863
1 -0.1424046 1.2649245 -0.9730863
1 0.5901336 -1.4946472 0.2171519
8 0.0786371 -0.7316672 -0.0142816
5
-114.661     ts77     dynamics     sesquiterpene     TS     runpoint      21     runisomer      167
6 -0.2028879 0.6993765 0.0157680
1 0.3020310 1.1895618 0.7940928
1 -0.1528550 1.2639235 -0.9456803
1 0.4885161 -1.4228857 0.2324375
8 0.0840669 -0.7266952 -0.0169068
5
-114.657     ts77     dynamics     sesquiterpene     TS     runpoint      22     runisomer      167
6 -0.2034798 0.6799589 0.0126436
1 0.3535828 1.2472883 0.8377162
1 -0.1661304 1.2508615 -0.9136394
1 0.4373393 -1.4141375 0.2854582
8 0.0853219 -0.7154896 -0.0226701
5
-114.66     ts77     dynamics     sesquiterpene     TS     runpoint      23     runisomer      167
6 -0.2019079 0.6594422 0.0117367
1 0.3947800 1.2960677 0.8726549
1 -0.1816777 1.2287636 -0.8852940
1 0.4297721 -1.4705987 0.3853108
8 0.0830012 -0.6982188 -0.0322669
5
-114.676     ts77     dynamics     sesquiterpene     TS     runpoint      24     runisomer      167
6 -0.1980025 0.6390348 0.0147340
1 0.4195992 1.3279853 0.8896243
1 -0.1988902 1.2022444 -0.8690989
1 0.4267652 -1.5190148 0.5006097
8 0.0797788 -0.6801962 -0.0438683
5
-114.667     ts77     dynamics     sesquiterpene     TS     runpoint      25     runisomer      167
6 -0.1920081 0.6200213 0.0224362
1 0.4263949 1.3394858 0.8857094
1 -0.2175162 1.1748549 -0.8699538
1 0.4119857 -1.5237680 0.6081242
8 0.0769556 -0.6646283 -0.0561183
5
-114.658     ts77     dynamics     sesquiterpene     TS     runpoint      26     runisomer      167
6 -0.1843831 0.6039546 0.0347248
1 0.4157422 1.3291332 0.8610033
1 -0.2377317 1.1468891 -0.8861618
1 0.3816975 -1.4769802 0.6962834
8 0.0750871 -0.6531056 -0.0683123
5
-114.662     ts77     dynamics     sesquiterpene     TS     runpoint      27     runisomer      167
6 -0.1757378 0.5924289 0.0506421
1 0.3899800 1.2973583 0.8180416
1 -0.2597984 1.1161061 -0.9102468
1 0.3360463 -1.3809776 0.7581567
8 0.0744893 -0.6465637 -0.0799252
5
-114.679     ts77     dynamics     sesquiterpene     TS     runpoint      28     runisomer      167
6 -0.1668672 0.5864782 0.0685267
1 0.3542462 1.2482754 0.7635305
1 -0.2836516 1.0805023 -0.9327750
1 0.2772608 -1.2432972 0.7890677
8 0.0752900 -0.6454366 -0.0904335
