5
-114.654160 ts77 dynamics sesquiterpene TS runpoint 1  runisomer  50
6 -0.0133620 0.6386257 -0.0007335
1 -0.3576845 1.1136197 1.0286997
1 -0.3237877 0.9928399 -0.9576360
1 1.0030953 -0.0960554 -0.0154070
8 -0.0381962 -0.7428742 -0.0029568
5
-114.643 ts77 dynamics sesquiterpene TS runpoint 2  runisomer  50
6 -0.0147528 0.63366 -0.00063055
1 -0.32021 1.10806 1.00181
1 -0.310771 0.932023 -0.914174
1 0.965052 -0.0639034 0.0100115
8 -0.0379371 -0.736992 -0.00567962
5
-114.64     ts77     dynamics     sesquiterpene     TS     runpoint      3     runisomer      50
6 -0.0162291 0.6281624 0.0029066
1 -0.2775812 1.1002023 0.9571215
1 -0.3068112 0.8947061 -0.8987601
1 0.9367060 -0.0263319 0.0353766
8 -0.0379790 -0.7323880 -0.0080881
5
-114.637     ts77     dynamics     sesquiterpene     TS     runpoint      4     runisomer      50
6 -0.0174656 0.6219070 0.0096244
1 -0.2347562 1.0955458 0.9072059
1 -0.3152771 0.8859408 -0.9225105
1 0.9286943 0.0184369 0.0602968
8 -0.0387113 -0.7296707 -0.0100559
5
-114.638     ts77     dynamics     sesquiterpene     TS     runpoint      5     runisomer      50
6 -0.0185119 0.6147678 0.0165752
1 -0.1980867 1.1031267 0.8713621
1 -0.3310149 0.9017233 -0.9705780
1 0.9482641 0.0736851 0.0841302
8 -0.0404783 -0.7292686 -0.0114858
5
-114.642     ts77     dynamics     sesquiterpene     TS     runpoint      6     runisomer      50
6 -0.0192983 0.6064479 0.0204245
1 -0.1726779 1.1311934 0.8659107
1 -0.3461463 0.9342569 -1.0192834
1 0.9959618 0.1446123 0.1056059
8 -0.0435409 -0.7313151 -0.0123154
5
-114.651     ts77     dynamics     sesquiterpene     TS     runpoint      7     runisomer      50
6 -0.0194159 0.5970483 0.0200809
1 -0.1595418 1.1777966 0.8887630
1 -0.3552289 0.9761965 -1.0519716
1 1.0645839 0.2364502 0.1228218
8 -0.0480314 -0.7356293 -0.0125215
5
-114.663     ts77     dynamics     sesquiterpene     TS     runpoint      8     runisomer      50
6 -0.0182338 0.5874153 0.0164932
1 -0.1569342 1.2305150 0.9227114
1 -0.3556868 1.0214017 -1.0604356
1 1.1413093 0.3506615 0.1336851
8 -0.0538872 -0.7417691 -0.0121207
5
-114.672     ts77     dynamics     sesquiterpene     TS     runpoint      9     runisomer      50
6 -0.0151076 0.5786611 0.0110153
1 -0.1628380 1.2759506 0.9514032
1 -0.3469133 1.0647408 -1.0421802
1 1.2119851 0.4832536 0.1365746
8 -0.0608660 -0.7491502 -0.0111523
5
-114.674     ts77     dynamics     sesquiterpene     TS     runpoint      10     runisomer      50
6 -0.0095878 0.5717558 0.0046941
1 -0.1754784 1.3049039 0.9656412
1 -0.3297107 1.1021659 -0.9988360
1 1.2652204 0.6265498 0.1308569
8 -0.0686489 -0.7571812 -0.0096783
5
-114.673     ts77     dynamics     sesquiterpene     TS     runpoint      11     runisomer      50
6 -0.0014659 0.5673651 -0.0016362
1 -0.1931020 1.3122794 0.9620851
1 -0.3062655 1.1312902 -0.9361468
1 1.2941850 0.7718570 0.1170074
8 -0.0769343 -0.7653422 -0.0077824
5
-114.672     ts77     dynamics     sesquiterpene     TS     runpoint      12     runisomer      50
6 0.0093300 0.5657524 -0.0070949
1 -0.2139518 1.2959289 0.9412096
1 -0.2805257 1.1525256 -0.8648718
1 1.2962152 0.9110492 0.0964103
8 -0.0854693 -0.7732102 -0.0055641
5
-114.67     ts77     dynamics     sesquiterpene     TS     runpoint      13     runisomer      50
6 0.0228767 0.5667121 -0.0106472
1 -0.2365591 1.2561384 0.9064924
1 -0.2585027 1.1702336 -0.8010045
1 1.2716619 1.0369830 0.0710317
8 -0.0940478 -0.7804738 -0.0031364
5
-114.666     ts77     dynamics     sesquiterpene     TS     runpoint      14     runisomer      50
6 0.0392825 0.5696802 -0.0114507
1 -0.2604122 1.1960043 0.8648092
1 -0.2472804 1.1913142 -0.7618214
1 1.2230338 1.1434020 0.0431386
8 -0.1024956 -0.7869457 -0.0006172
5
-114.663     ts77     dynamics     sesquiterpene     TS     runpoint      15     runisomer      50
6 0.0585262 0.5742017 -0.0097528
1 -0.2870856 1.1222934 0.8274148
1 -0.2518733 1.2186680 -0.7563315
1 1.1546740 1.2249234 0.0152038
8 -0.1106550 -0.7925547 0.0018802
5
-114.664     ts77     dynamics     sesquiterpene     TS     runpoint      16     runisomer      50
6 0.0798667 0.5803681 -0.0075300
1 -0.3185028 1.0463945 0.8107537
1 -0.2717325 1.2467675 -0.7807283
1 1.0718214 1.2760338 -0.0083390
8 -0.1182138 -0.7973905 0.0042831
5
-114.664     ts77     dynamics     sesquiterpene     TS     runpoint      17     runisomer      50
6 0.1027905 0.5882251 -0.0052517
1 -0.3657319 0.9773518 0.8206163
1 -0.3020076 1.2645899 -0.8210510
1 0.9858053 1.2975382 -0.0335810
8 -0.1251084 -0.8014146 0.0060839
5
-114.664     ts77     dynamics     sesquiterpene     TS     runpoint      18     runisomer      50
6 0.1251669 0.5977763 -0.0037738
1 -0.4258956 0.9176423 0.8538358
1 -0.3383562 1.2641345 -0.8649043
1 0.9109439 1.2949222 -0.0576658
8 -0.1310960 -0.8046267 0.0071628
5
-114.654160 ts77 dynamics sesquiterpene TS runpoint 1  runisomer  50
6 -0.0133620 0.6386257 -0.0007335
1 -0.3576845 1.1136197 1.0286997
1 -0.3237877 0.9928399 -0.9576360
1 1.0030953 -0.0960554 -0.0154070
8 -0.0381962 -0.7428742 -0.0029568
5
-114.643 ts77 dynamics sesquiterpene TS runpoint 2  runisomer  50
6 -0.0125924 0.643477 0.00116735
1 -0.386901 1.11431 1.03208
1 -0.33792 1.06572 -1.00467
1 1.04015 -0.123926 -0.0403846
8 -0.0383768 -0.749393 -5.90839e-05
5
-114.641     ts77     dynamics     sesquiterpene     TS     runpoint      3     runisomer      50
6 -0.0128079 0.6485466 0.0036979
1 -0.4063383 1.1094759 1.0111623
1 -0.3469395 1.1394064 -1.0365352
1 1.0674988 -0.1487015 -0.0642418
8 -0.0381454 -0.7559744 0.0028722
5
-114.635     ts77     dynamics     sesquiterpene     TS     runpoint      4     runisomer      50
6 -0.0141552 0.6539840 0.0059067
1 -0.4160575 1.1000332 0.9693596
1 -0.3475639 1.2055293 -1.0439595
1 1.0790375 -0.1722331 -0.0862183
8 -0.0372093 -0.7621415 0.0057016
5
-114.633     ts77     dynamics     sesquiterpene     TS     runpoint      5     runisomer      50
6 -0.0166160 0.6597719 0.0069745
1 -0.4182410 1.0887916 0.9150660
1 -0.3384946 1.2583652 -1.0242569
1 1.0710685 -0.1976320 -0.1056155
8 -0.0352937 -0.7675050 0.0083039
5
-114.635     ts77     dynamics     sesquiterpene     TS     runpoint      6     runisomer      50
6 -0.0200246 0.6657357 0.0059660
1 -0.4179450 1.0809417 0.8626072
1 -0.3196313 1.2943003 -0.9791675
1 1.0420401 -0.2298326 -0.1219315
8 -0.0321146 -0.7717200 0.0105548
5
-114.64     ts77     dynamics     sesquiterpene     TS     runpoint      7     runisomer      50
6 -0.0241373 0.6715938 0.0020283
1 -0.4224223 1.0830377 0.8298435
1 -0.2918717 1.3120222 -0.9146093
1 0.9927361 -0.2758810 -0.1350154
8 -0.0273905 -0.7744619 0.0123317
5
-114.65     ts77     dynamics     sesquiterpene     TS     runpoint      8     runisomer      50
6 -0.0289242 0.6771652 -0.0046399
1 -0.4366561 1.0984504 0.8282968
1 -0.2574572 1.3140514 -0.8421920
1 0.9277080 -0.3440645 -0.1453838
8 -0.0209742 -0.7754443 0.0135240
5
-114.664     ts77     dynamics     sesquiterpene     TS     runpoint      9     runisomer      50
6 -0.0347582 0.6823461 -0.0118487
1 -0.4586714 1.1230554 0.8537845
1 -0.2204490 1.3095738 -0.7812775
1 0.8601454 -0.4397842 -0.1551872
8 -0.0132848 -0.7745678 0.0141073
5
-114.668     ts77     dynamics     sesquiterpene     TS     runpoint      10     runisomer      50
6 -0.0420096 0.6865594 -0.0161549
1 -0.4820174 1.1483031 0.8915597
1 -0.1856685 1.3144543 -0.7560963
1 0.8222737 -0.5582203 -0.1708549
8 -0.0061791 -0.7721648 0.0143588
5
-114.663     ts77     dynamics     sesquiterpene     TS     runpoint      11     runisomer      50
6 -0.0507782 0.6891234 -0.0152236
1 -0.5010632 1.1667839 0.9270690
1 -0.1545277 1.3387706 -0.7793114
1 0.8575365 -0.6892784 -0.2033615
8 -0.0025853 -0.7685282 0.0149350
5
-114.683     ts77     dynamics     sesquiterpene     TS     runpoint      12     runisomer      50
6 -0.0609854 0.6905014 -0.0094626
1 -0.5128294 1.1740791 0.9505531
1 -0.1239576 1.3731837 -0.8376436
1 0.9447785 -0.8351008 -0.2501633
8 -0.0016090 -0.7630025 0.0157582
5
-114.702     ts77     dynamics     sesquiterpene     TS     runpoint      13     runisomer      50
6 -0.0723240 0.6917958 -0.0007939
1 -0.5165332 1.1685234 0.9572693
1 -0.0915008 1.4002686 -0.9060874
1 1.0230097 -0.9881284 -0.2960037
8 0.0001572 -0.7556902 0.0160323
5
-114.693     ts77     dynamics     sesquiterpene     TS     runpoint      14     runisomer      50
6 -0.0842689 0.6936185 0.0088748
1 -0.5130476 1.1509390 0.9471532
1 -0.0572654 1.4085403 -0.9648962
1 1.0621087 -1.1325138 -0.3315718
8 0.0042782 -0.7473739 0.0153622
5
-114.674     ts77     dynamics     sesquiterpene     TS     runpoint      15     runisomer      50
6 -0.0961411 0.6958563 0.0178907
1 -0.5049929 1.1247531 0.9252024
1 -0.0227189 1.3937314 -1.0023705
1 1.0558514 -1.2555081 -0.3537292
8 0.0108947 -0.7387205 0.0137385
5
-114.661     ts77     dynamics     sesquiterpene     TS     runpoint      16     runisomer      50
6 -0.1071197 0.6978800 0.0246257
1 -0.4971300 1.0960460 0.9020125
1 0.0103145 1.3560849 -1.0125134
1 1.0067328 -1.3483710 -0.3619828
8 0.0196498 -0.7302090 0.0113074
5
-114.656     ts77     dynamics     sesquiterpene     TS     runpoint      17     runisomer      50
6 -0.1163187 0.6988589 0.0275175
1 -0.4956744 1.0721973 0.8917017
1 0.0401271 1.2987175 -0.9935127
1 0.9192179 -1.4044251 -0.3567299
8 0.0300955 -0.7222957 0.0082598
5
-114.664     ts77     dynamics     sesquiterpene     TS     runpoint      18     runisomer      50
6 -0.1231265 0.6980942 0.0258147
1 -0.5048279 1.0579604 0.9036826
1 0.0656286 1.2276505 -0.9484582
1 0.7987184 -1.4184514 -0.3391276
8 0.0417663 -0.7154653 0.0048361
5
-114.682     ts77     dynamics     sesquiterpene     TS     runpoint      19     runisomer      50
6 -0.1276627 0.6950704 0.0206224
1 -0.5229702 1.0521940 0.9338592
1 0.0875229 1.1532563 -0.8887967
1 0.6560354 -1.3913078 -0.3131983
8 0.0539226 -0.7098576 0.0014385
5
-114.692     ts77     dynamics     sesquiterpene     TS     runpoint      20     runisomer      50
6 -0.1308632 0.6890243 0.0150321
1 -0.5440085 1.0501064 0.9679678
1 0.1104316 1.0917234 -0.8389219
1 0.5197808 -1.3477112 -0.2932174
8 0.0647914 -0.7040630 -0.0009166
5
-114.661     ts77     dynamics     sesquiterpene     TS     runpoint      21     runisomer      50
6 -0.1340842 0.6790317 0.0126406
1 -0.5617580 1.0474143 0.9921017
1 0.1429452 1.0605701 -0.8292607
1 0.4424258 -1.3616773 -0.3147025
8 0.0711513 -0.6935565 0.0001024
5
-114.649     ts77     dynamics     sesquiterpene     TS     runpoint      22     runisomer      50
6 -0.1380765 0.6654510 0.0143403
1 -0.5723542 1.0419069 0.9983687
1 0.1883343 1.0641091 -0.8646385
1 0.4212722 -1.4514918 -0.3886313
8 0.0732866 -0.6775878 0.0053203
5
-114.677     ts77     dynamics     sesquiterpene     TS     runpoint      23     runisomer      50
6 -0.1424392 0.6502902 0.0176743
1 -0.5745291 1.0332220 0.9852258
1 0.2383205 1.0909886 -0.9172482
1 0.4081550 -1.5365624 -0.4777241
8 0.0743733 -0.6620032 0.0125754
5
-114.671     ts77     dynamics     sesquiterpene     TS     runpoint      24     runisomer      50
6 -0.1464621 0.6357307 0.0197746
1 -0.5693163 1.0224956 0.9562298
1 0.2825888 1.1280280 -0.9593495
1 0.3848211 -1.5758192 -0.5598083
8 0.0757434 -0.6502676 0.0206506
