5
-114.654160 ts77 dynamics sesquiterpene TS runpoint 1  runisomer  158
6 -0.0266107 0.6367389 -0.0087270
1 -0.3288110 1.0290274 0.9391258
1 -0.2242861 1.1408263 -0.8876736
1 0.9682009 -0.0802312 -0.0855000
8 -0.0341460 -0.7464505 0.0086927
5
-114.649 ts77 dynamics sesquiterpene TS runpoint 2  runisomer  158
6 -0.0191803 0.646658 -0.00653588
1 -0.321221 0.955399 0.887945
1 -0.25599 1.14053 -0.899267
1 0.924105 -0.049752 -0.0631633
8 -0.0354231 -0.751154 0.00959695
5
-114.641     ts77     dynamics     sesquiterpene     TS     runpoint      3     runisomer      158
6 -0.0114392 0.6546931 -0.0057647
1 -0.3233789 0.9048944 0.8714014
1 -0.2912232 1.1477693 -0.9227508
1 0.8973727 -0.0165041 -0.0399153
8 -0.0371899 -0.7565495 0.0100755
5
-114.632     ts77     dynamics     sesquiterpene     TS     runpoint      4     runisomer      158
6 -0.0036737 0.6607404 -0.0085790
1 -0.3416686 0.8836593 0.9061505
1 -0.3264882 1.1575611 -0.9473710
1 0.8986764 0.0209477 -0.0164320
8 -0.0397233 -0.7627250 0.0100694
5
-114.635     ts77     dynamics     sesquiterpene     TS     runpoint      5     runisomer      158
6 0.0031289 0.6652401 -0.0139674
1 -0.3696538 0.8862240 0.9721858
1 -0.3581955 1.1657057 -0.9641226
1 0.9325937 0.0663937 0.0071188
8 -0.0432026 -0.7696390 0.0095222
5
-114.643     ts77     dynamics     sesquiterpene     TS     runpoint      6     runisomer      158
6 0.0082768 0.6682072 -0.0197064
1 -0.3962600 0.9045382 1.0384130
1 -0.3835628 1.1697028 -0.9677822
1 0.9949250 0.1269159 0.0305970
8 -0.0477179 -0.7770839 0.0084062
5
-114.648     ts77     dynamics     sesquiterpene     TS     runpoint      7     runisomer      158
6 0.0120162 0.6690989 -0.0241615
1 -0.4142070 0.9325832 1.0845633
1 -0.4009379 1.1686965 -0.9567408
1 1.0740466 0.2106002 0.0531589
8 -0.0532832 -0.7847295 0.0067236
5
-114.653     ts77     dynamics     sesquiterpene     TS     runpoint      8     runisomer      158
6 0.0151890 0.6673315 -0.0263065
1 -0.4203140 0.9659847 1.1011730
1 -0.4100142 1.1632445 -0.9326218
1 1.1551025 0.3218955 0.0731944
8 -0.0598141 -0.7921780 0.0045043
5
-114.661     ts77     dynamics     sesquiterpene     TS     runpoint      9     runisomer      158
6 0.0187726 0.6626550 -0.0254242
1 -0.4138632 1.0011021 1.0852777
1 -0.4120422 1.1551191 -0.9000083
1 1.2238365 0.4591614 0.0888854
8 -0.0671121 -0.7990187 0.0017990
5
-114.671     ts77     dynamics     sesquiterpene     TS     runpoint      10     runisomer      158
6 0.0236637 0.6552235 -0.0210379
1 -0.3957148 1.0346165 1.0383646
1 -0.4097513 1.1469513 -0.8658356
1 1.2690197 0.6156787 0.0987695
8 -0.0749156 -0.8049030 -0.0013121
5
-114.682     ts77     dynamics     sesquiterpene     TS     runpoint      11     runisomer      158
6 0.0306033 0.6455216 -0.0131289
1 -0.3684270 1.0638378 0.9668265
1 -0.4065237 1.1413166 -0.8376631
1 1.2836616 0.7818711 0.1020412
8 -0.0829671 -0.8095815 -0.0047198
5
-114.69     ts77     dynamics     sesquiterpene     TS     runpoint      12     runisomer      158
6 0.0401492 0.6342173 -0.0025795
1 -0.3372729 1.0881199 0.8841977
1 -0.4048747 1.1391453 -0.8207652
1 1.2653096 0.9471161 0.0986546
8 -0.0910393 -0.8129059 -0.0082802
5
-114.689     ts77     dynamics     sesquiterpene     TS     runpoint      13     runisomer      158
6 0.0527192 0.6219053 0.0084986
1 -0.3114327 1.1111208 0.8125511
1 -0.4054120 1.1386620 -0.8158717
1 1.2158630 1.1011557 0.0893879
8 -0.0989481 -0.8147944 -0.0118024
5
-114.68     ts77     dynamics     sesquiterpene     TS     runpoint      14     runisomer      158
6 0.0689564 0.6090023 0.0175570
1 -0.3042112 1.1401508 0.7743376
1 -0.4089135 1.1355351 -0.8189751
1 1.1410669 1.2354667 0.0752995
8 -0.1066513 -0.8152090 -0.0151068
5
-114.668     ts77     dynamics     sesquiterpene     TS     runpoint      15     runisomer      158
6 0.0872687 0.5965016 0.0239756
1 -0.3180975 1.1780727 0.7772085
1 -0.4101566 1.1248701 -0.8285837
1 1.0507278 1.3418042 0.0552736
8 -0.1137442 -0.8142487 -0.0182364
5
-114.661     ts77     dynamics     sesquiterpene     TS     runpoint      16     runisomer      158
6 0.1059542 0.5859156 0.0278867
1 -0.3475086 1.2139955 0.8089627
1 -0.4082078 1.1042572 -0.8399551
1 0.9555731 1.4165337 0.0320545
8 -0.1200358 -0.8119803 -0.0209908
5
-114.652     ts77     dynamics     sesquiterpene     TS     runpoint      17     runisomer      158
6 0.1231844 0.5785744 0.0298194
1 -0.3839822 1.2347747 0.8521546
1 -0.4042402 1.0731180 -0.8488818
1 0.8673360 1.4592425 0.0094270
8 -0.1253548 -0.8085099 -0.0231735
5
-114.654160 ts77 dynamics sesquiterpene TS runpoint 1  runisomer  158
6 -0.0266107 0.6367389 -0.0087270
1 -0.3288110 1.0290274 0.9391258
1 -0.2242861 1.1408263 -0.8876736
1 0.9682009 -0.0802312 -0.0855000
8 -0.0341460 -0.7464505 0.0086927
5
-114.649 ts77 dynamics sesquiterpene TS runpoint 2  runisomer  158
6 -0.0337812 0.625821 -0.0093477
1 -0.336145 1.11131 0.993742
1 -0.197969 1.15141 -0.894338
1 1.0171 -0.108354 -0.105881
8 -0.033043 -0.742339 0.00742097
5
-114.647     ts77     dynamics     sesquiterpene     TS     runpoint      3     runisomer      158
6 -0.0406228 0.6151931 -0.0071166
1 -0.3377385 1.1890752 1.0312283
1 -0.1766558 1.1698387 -0.9160369
1 1.0596665 -0.1341631 -0.1232352
8 -0.0318342 -0.7388000 0.0058450
5
-114.639     ts77     dynamics     sesquiterpene     TS     runpoint      4     runisomer      158
6 -0.0469829 0.6062829 -0.0022980
1 -0.3320291 1.2533355 1.0427159
1 -0.1589971 1.1895786 -0.9427445
1 1.0877139 -0.1578325 -0.1366945
8 -0.0303015 -0.7359163 0.0040357
5
-114.63     ts77     dynamics     sesquiterpene     TS     runpoint      5     runisomer      158
6 -0.0527342 0.6004126 0.0042969
1 -0.3193240 1.2983617 1.0260266
1 -0.1439639 1.2038498 -0.9643127
1 1.0958882 -0.1804332 -0.1456695
8 -0.0282499 -0.7338232 0.0020636
5
-114.625     ts77     dynamics     sesquiterpene     TS     runpoint      6     runisomer      158
6 -0.0579031 0.5986647 0.0118771
1 -0.3007467 1.3207262 0.9827373
1 -0.1310353 1.2079548 -0.9741221
1 1.0810551 -0.2049917 -0.1498716
8 -0.0254224 -0.7326304 -0.0000126
5
-114.629     ts77     dynamics     sesquiterpene     TS     runpoint      7     runisomer      158
6 -0.0627801 0.6017909 0.0197635
1 -0.2779792 1.3194150 0.9177825
1 -0.1198438 1.1997215 -0.9695987
1 1.0421341 -0.2374912 -0.1494378
8 -0.0214498 -0.7323241 -0.0021501
5
-114.642     ts77     dynamics     sesquiterpene     TS     runpoint      8     runisomer      158
6 -0.0679145 0.6099528 0.0272045
1 -0.2535850 1.2977540 0.8414365
1 -0.1098737 1.1793899 -0.9519356
1 0.9812861 -0.2868156 -0.1452527
8 -0.0159288 -0.7326913 -0.0042985
5
-114.659     ts77     dynamics     sesquiterpene     TS     runpoint      9     runisomer      158
6 -0.0738747 0.6221991 0.0329991
1 -0.2318405 1.2677393 0.7735370
1 -0.1004369 1.1496994 -0.9261862
1 0.9074150 -0.3619385 -0.1395256
8 -0.0087682 -0.7333805 -0.0063514
5
-114.664     ts77     dynamics     sesquiterpene     TS     runpoint      10     runisomer      158
6 -0.0808404 0.6360741 0.0353479
1 -0.2188276 1.2525866 0.7448937
1 -0.0909162 1.1160754 -0.9015829
1 0.8445671 -0.4645990 -0.1369030
8 -0.0010024 -0.7342468 -0.0080241
5
-114.657     ts77     dynamics     sesquiterpene     TS     runpoint      11     runisomer      158
6 -0.0886021 0.6488845 0.0333554
1 -0.2181074 1.2704143 0.7777661
1 -0.0809685 1.0861320 -0.8905773
1 0.8411553 -0.5839462 -0.1457022
8 0.0043647 -0.7355729 -0.0087393
5
-114.668     ts77     dynamics     sesquiterpene     TS     runpoint      12     runisomer      158
6 -0.0970033 0.6600772 0.0290694
1 -0.2257932 1.3091768 0.8563710
1 -0.0704828 1.0672603 -0.9037366
1 0.9201844 -0.7153756 -0.1701862
8 0.0055128 -0.7369400 -0.0081046
5
-114.701     ts77     dynamics     sesquiterpene     TS     runpoint      13     runisomer      158
6 -0.1059122 0.6704550 0.0251780
1 -0.2356187 1.3450052 0.9465920
1 -0.0594838 1.0624498 -0.9410547
1 1.0210421 -0.8599683 -0.1998513
8 0.0057693 -0.7375681 -0.0066507
5
-114.702     ts77     dynamics     sesquiterpene     TS     runpoint      14     runisomer      158
6 -0.1151061 0.6806534 0.0225968
1 -0.2435506 1.3637270 1.0237223
1 -0.0483807 1.0692052 -0.9901155
1 1.0936293 -1.0053482 -0.2247116
8 0.0078943 -0.7376625 -0.0049177
5
-114.68     ts77     dynamics     sesquiterpene     TS     runpoint      15     runisomer      158
6 -0.1242806 0.6907959 0.0209937
1 -0.2476248 1.3604637 1.0748998
1 -0.0380413 1.0830119 -1.0347263
1 1.1219045 -1.1381041 -0.2407096
8 0.0126015 -0.7375711 -0.0031222
5
-114.658     ts77     dynamics     sesquiterpene     TS     runpoint      16     runisomer      158
6 -0.1331016 0.7006386 0.0198045
1 -0.2470780 1.3350576 1.0944357
1 -0.0294296 1.1001683 -1.0625243
1 1.1049697 -1.2486821 -0.2468825
8 0.0197106 -0.7374668 -0.0013209
5
-114.647     ts77     dynamics     sesquiterpene     TS     runpoint      17     runisomer      158
6 -0.1412401 0.7097911 0.0185999
1 -0.2419143 1.2897402 1.0810197
1 -0.0232978 1.1183835 -1.0667911
1 1.0459084 -1.3300269 -0.2433427
8 0.0288273 -0.7374987 0.0004737
5
-114.652     ts77     dynamics     sesquiterpene     TS     runpoint      18     runisomer      158
6 -0.1483865 0.7177831 0.0170104
1 -0.2328257 1.2288506 1.0378138
1 -0.0200261 1.1365775 -1.0458434
1 0.9484972 -1.3760838 -0.2306327
8 0.0395484 -0.7379019 0.0022680
5
-114.668     ts77     dynamics     sesquiterpene     TS     runpoint      19     runisomer      158
6 -0.1542660 0.7238715 0.0144394
1 -0.2213414 1.1600418 0.9756631
1 -0.0194763 1.1548422 -1.0027980
1 0.8196213 -1.3833524 -0.2103893
8 0.0513208 -0.7388264 0.0041244
5
-114.685     ts77     dynamics     sesquiterpene     TS     runpoint      20     runisomer      158
6 -0.1586723 0.7267164 0.0096814
1 -0.2099051 1.0958840 0.9186392
1 -0.0207066 1.1749219 -0.9463576
1 0.6787224 -1.3601812 -0.1881940
8 0.0628620 -0.7396411 0.0063304
5
-114.673     ts77     dynamics     sesquiterpene     TS     runpoint      21     runisomer      158
6 -0.1615779 0.7244954 0.0011926
1 -0.2010603 1.0511241 0.9015733
1 -0.0216020 1.2011153 -0.8913959
1 0.5752940 -1.3511880 -0.1805763
8 0.0710586 -0.7373704 0.0098286
5
-114.639     ts77     dynamics     sesquiterpene     TS     runpoint      22     runisomer      158
6 -0.1632597 0.7161455 -0.0106680
1 -0.1954942 1.0305017 0.9395408
1 -0.0190404 1.2399805 -0.8553350
1 0.5586360 -1.4222120 -0.2102531
8 0.0728590 -0.7277787 0.0159318
5
-114.664     ts77     dynamics     sesquiterpene     TS     runpoint      23     runisomer      158
6 -0.1641183 0.7023957 -0.0229777
1 -0.1920103 1.0249363 1.0075616
1 -0.0106585 1.2951821 -0.8465655
1 0.5815585 -1.5244807 -0.2644510
8 0.0713116 -0.7141450 0.0237427
5
-114.677     ts77     dynamics     sesquiterpene     TS     runpoint      24     runisomer      158
6 -0.1643491 0.6851837 -0.0336385
1 -0.1893528 1.0241590 1.0727190
1 0.0031748 1.3604244 -0.8565408
1 0.6017777 -1.5980129 -0.3241273
8 0.0691736 -0.7006586 0.0320232
5
-114.662     ts77     dynamics     sesquiterpene     TS     runpoint      25     runisomer      158
6 -0.1639830 0.6667541 -0.0422850
1 -0.1867159 1.0224209 1.1151901
1 0.0202458 1.4224437 -0.8695250
1 0.6067630 -1.6221444 -0.3807964
8 0.0673453 -0.6891084 0.0402208
5
-114.647     ts77     dynamics     sesquiterpene     TS     runpoint      26     runisomer      158
6 -0.1630741 0.6490433 -0.0491303
1 -0.1836930 1.0172866 1.1264694
1 0.0384551 1.4690413 -0.8739741
1 0.5941247 -1.5931375 -0.4306000
8 0.0661231 -0.6802590 0.0480631
5
-114.643     ts77     dynamics     sesquiterpene     TS     runpoint      27     runisomer      158
6 -0.1617858 0.6335707 -0.0543815
1 -0.1803745 1.0080318 1.1044830
1 0.0566212 1.4923288 -0.8646790
1 0.5633691 -1.5122652 -0.4709142
8 0.0657422 -0.6746293 0.0553415
5
-114.657     ts77     dynamics     sesquiterpene     TS     runpoint      28     runisomer      158
6 -0.1603642 0.6214492 -0.0581943
1 -0.1774422 0.9951350 1.0515568
1 0.0744204 1.4884770 -0.8411240
1 0.5155738 -1.3854817 -0.5008973
8 0.0663816 -0.6724656 0.0619410
5
-114.681     ts77     dynamics     sesquiterpene     TS     runpoint      29     runisomer      158
6 -0.1590605 0.6132296 -0.0607974
1 -0.1761285 0.9808563 0.9755364
1 0.0921884 1.4572412 -0.8063526
1 0.4588643 -1.2315757 -0.5283118
8 0.0677766 -0.6731274 0.0682199
5
-114.694     ts77     dynamics     sesquiterpene     TS     runpoint      30     runisomer      158
6 -0.1581350 0.6086592 -0.0627566
1 -0.1781355 0.9707329 0.8935737
1 0.1112374 1.4026548 -0.7672072
1 0.4161596 -1.0902497 -0.5857108
8 0.0687008 -0.6745230 0.0760043
5
-114.689     ts77     dynamics     sesquiterpene     TS     runpoint      31     runisomer      158
6 -0.1579626 0.6065209 -0.0650775
1 -0.1855656 0.9749632 0.8343778
1 0.1349737 1.3348086 -0.7355787
1 0.4044447 -0.9860604 -0.7083870
8 0.0682841 -0.6754731 0.0872107
5
-114.694     ts77     dynamics     sesquiterpene     TS     runpoint      32     runisomer      158
6 -0.1591260 0.6050291 -0.0682356
1 -0.2005413 1.0041138 0.8245877
1 0.1699307 1.2698268 -0.7280805
1 0.4017657 -0.8973581 -0.8540879
8 0.0680677 -0.6776826 0.0989038
5
-114.689     ts77     dynamics     sesquiterpene     TS     runpoint      33     runisomer      158
6 -0.1622461 0.6033625 -0.0706628
1 -0.2235990 1.0570567 0.8602828
1 0.2230505 1.2211849 -0.7575070
1 0.3910828 -0.8149483 -0.9740366
8 0.0691895 -0.6818943 0.1078864
5
-114.681     ts77     dynamics     sesquiterpene     TS     runpoint      34     runisomer      158
6 -0.1673911 0.6027506 -0.0704775
1 -0.2524659 1.1209419 0.9128229
1 0.2932884 1.1869656 -0.8181215
1 0.3688086 -0.7421271 -1.0486534
8 0.0718492 -0.6878894 0.1129554
5
-114.674     ts77     dynamics     sesquiterpene     TS     runpoint      35     runisomer      158
6 -0.1738420 0.6050668 -0.0675031
1 -0.2834753 1.1828206 0.9569443
1 0.3699042 1.1557497 -0.8886365
1 0.3358341 -0.6840555 -1.0726269
8 0.0758951 -0.6952140 0.1138942
5
-114.664     ts77     dynamics     sesquiterpene     TS     runpoint      36     runisomer      158
6 -0.1806857 0.6112909 -0.0624380
1 -0.3132314 1.2343765 0.9788788
1 0.4409355 1.1202820 -0.9490526
1 0.2939655 -0.6452334 -1.0453285
8 0.0810690 -0.7033396 0.1107959
5
-114.659     ts77     dynamics     sesquiterpene     TS     runpoint      37     runisomer      158
6 -0.1872124 0.6214225 -0.0559413
1 -0.3391772 1.2711768 0.9730964
1 0.4981703 1.0794611 -0.9876174
1 0.2456958 -0.6293930 -0.9694308
8 0.0870374 -0.7116824 0.1039312
5
-114.665     ts77     dynamics     sesquiterpene     TS     runpoint      38     runisomer      158
6 -0.1929100 0.6349478 -0.0484795
1 -0.3596579 1.2914113 0.9391432
1 0.5367529 1.0351221 -0.9990993
1 0.1953547 -0.6396081 -0.8571988
8 0.0933452 -0.7196622 0.0941216
5
-114.674     ts77     dynamics     sesquiterpene     TS     runpoint      39     runisomer      158
6 -0.1973492 0.6510869 -0.0405508
1 -0.3740626 1.2957996 0.8810421
1 0.5537919 0.9898939 -0.9820879
1 0.1505003 -0.6764548 -0.7513078
8 0.0993375 -0.7268705 0.0840875
5
-114.659     ts77     dynamics     sesquiterpene     TS     runpoint      40     runisomer      158
6 -0.2000490 0.6685648 -0.0331095
1 -0.3834135 1.2892685 0.8093175
1 0.5480817 0.9469785 -0.9379852
1 0.1182299 -0.7359200 -0.7488988
8 0.1043483 -0.7331169 0.0800914
5
-114.664     ts77     dynamics     sesquiterpene     TS     runpoint      41     runisomer      158
6 -0.2004732 0.6852667 -0.0279100
1 -0.3915137 1.2838034 0.7441892
1 0.5213874 0.9114198 -0.8717406
1 0.0932526 -0.8184452 -0.8593680
8 0.1084345 -0.7378583 0.0830770
