5
-114.654160 ts77 dynamics sesquiterpene TS runpoint 1  runisomer  193
6 -0.0409389 0.6345778 0.0010140
1 -0.2072579 1.1235539 0.9626105
1 -0.2479399 1.1371229 -0.9893603
1 1.0089847 -0.0827986 0.0317538
8 -0.0321346 -0.7503902 -0.0010759
5
-114.651 ts77 dynamics sesquiterpene TS runpoint 2  runisomer  193
6 -0.0316742 0.61716 0.000881662
1 -0.216093 1.10953 0.950113
1 -0.294204 1.20173 -1.02276
1 0.970521 -0.0490511 0.0560126
8 -0.0331899 -0.742637 0.000387183
5
-114.646     ts77     dynamics     sesquiterpene     TS     runpoint      3     runisomer      193
6 -0.0225293 0.6012577 -0.0010465
1 -0.2275406 1.0982388 0.9370771
1 -0.3347724 1.2531610 -1.0316844
1 0.9411095 -0.0077323 0.0787956
8 -0.0349194 -0.7358399 0.0017821
5
-114.638     ts77     dynamics     sesquiterpene     TS     runpoint      4     runisomer      193
6 -0.0143371 0.5880194 -0.0050318
1 -0.2416920 1.0901700 0.9257022
1 -0.3661464 1.2857867 -1.0135069
1 0.9356108 0.0439899 0.1001374
8 -0.0378486 -0.7307149 0.0029981
5
-114.635     ts77     dynamics     sesquiterpene     TS     runpoint      5     runisomer      193
6 -0.0077082 0.5782092 -0.0108720
1 -0.2583644 1.0850931 0.9170133
1 -0.3858820 1.2967259 -0.9699979
1 0.9646349 0.1096891 0.1201731
8 -0.0423559 -0.7278654 0.0039225
5
-114.642     ts77     dynamics     sesquiterpene     TS     runpoint      6     runisomer      193
6 -0.0025709 0.5719815 -0.0179721
1 -0.2770371 1.0819857 0.9110206
1 -0.3925864 1.2852690 -0.9059005
1 1.0277023 0.1945765 0.1381002
8 -0.0485838 -0.7276248 0.0044591
5
-114.659     ts77     dynamics     sesquiterpene     TS     runpoint      7     runisomer      193
6 0.0019961 0.5689183 -0.0252968
1 -0.2968075 1.0792126 0.9072558
1 -0.3866686 1.2537121 -0.8296798
1 1.1116709 0.3029767 0.1516260
8 -0.0564276 -0.7299942 0.0045367
5
-114.675     ts77     dynamics     sesquiterpene     TS     runpoint      8     runisomer      193
6 0.0074256 0.5681998 -0.0312955
1 -0.3163818 1.0748839 0.9052681
1 -0.3721989 1.2100060 -0.7560378
1 1.1974249 0.4340558 0.1580051
8 -0.0655830 -0.7346883 0.0041206
5
-114.68     ts77     dynamics     sesquiterpene     TS     runpoint      9     runisomer      193
6 0.0153255 0.5685071 -0.0338632
1 -0.3342216 1.0673131 0.9047995
1 -0.3591283 1.1707094 -0.7080087
1 1.2681011 0.5815665 0.1555238
8 -0.0756618 -0.7412600 0.0032067
5
-114.673     ts77     dynamics     sesquiterpene     TS     runpoint      10     runisomer      193
6 0.0270971 0.5684145 -0.0310706
1 -0.3488938 1.0552977 0.9056561
1 -0.3602237 1.1547403 -0.7088051
1 1.3127135 0.7368418 0.1440751
8 -0.0863100 -0.7492113 0.0018302
5
-114.672     ts77     dynamics     sesquiterpene     TS     runpoint      11     runisomer      193
6 0.0430096 0.5680228 -0.0231656
1 -0.3596761 1.0380289 0.9076091
1 -0.3780036 1.1627259 -0.7582474
1 1.3256780 0.8912488 0.1249821
8 -0.0972648 -0.7580604 0.0000944
5
-114.681     ts77     dynamics     sesquiterpene     TS     runpoint      12     runisomer      193
6 0.0622937 0.5689174 -0.0126655
1 -0.3675974 1.0147776 0.9102555
1 -0.4028339 1.1771059 -0.8310210
1 1.3051420 1.0369709 0.1003524
8 -0.1083741 -0.7673528 -0.0018140
5
-114.683     ts77     dynamics     sesquiterpene     TS     runpoint      13     runisomer      193
6 0.0838131 0.5724719 -0.0018526
1 -0.3749034 0.9865626 0.9127411
1 -0.4246514 1.1821659 -0.9019601
1 1.2530493 1.1658117 0.0717680
8 -0.1194001 -0.7766786 -0.0038134
5
-114.671     ts77     dynamics     sesquiterpene     TS     runpoint      14     runisomer      193
6 0.1056836 0.5794092 0.0092841
1 -0.3814250 0.9601910 0.9130145
1 -0.4350693 1.1698515 -0.9593737
1 1.1747068 1.2694089 0.0368338
8 -0.1298035 -0.7859732 -0.0063679
5
-114.663     ts77     dynamics     sesquiterpene     TS     runpoint      15     runisomer      193
6 0.1268758 0.5895604 0.0195501
1 -0.3878273 0.9373387 0.9126740
1 -0.4324458 1.1394424 -0.9953054
1 1.0769923 1.3432664 -0.0015009
8 -0.1393071 -0.7948864 -0.0093702
5
-114.658     ts77     dynamics     sesquiterpene     TS     runpoint      16     runisomer      193
6 0.1463650 0.6024236 0.0279205
1 -0.3953075 0.9185032 0.9133951
1 -0.4176748 1.0930889 -1.0057419
1 0.9706075 1.3864947 -0.0397386
8 -0.1476836 -0.8031527 -0.0126294
5
-114.657     ts77     dynamics     sesquiterpene     TS     runpoint      17     runisomer      193
6 0.1630946 0.6172084 0.0340553
1 -0.4078778 0.9039269 0.9146283
1 -0.3968414 1.0315987 -0.9890484
1 0.8749202 1.4030934 -0.0753593
8 -0.1547261 -0.8104974 -0.0161167
5
-114.654160 ts77 dynamics sesquiterpene TS runpoint 1  runisomer  193
6 -0.0409389 0.6345778 0.0010140
1 -0.2072579 1.1235539 0.9626105
1 -0.2479399 1.1371229 -0.9893603
1 1.0089847 -0.0827986 0.0317538
8 -0.0321346 -0.7503902 -0.0010759
5
-114.651 ts77 dynamics sesquiterpene TS runpoint 2  runisomer  193
6 -0.0495454 0.652113 0.000362182
1 -0.200814 1.13938 0.971644
1 -0.200881 1.06933 -0.942646
1 1.04298 -0.112194 0.00649966
8 -0.031191 -0.758419 -0.00250844
5
-114.647     ts77     dynamics     sesquiterpene     TS     runpoint      3     runisomer      193
6 -0.0568812 0.6681315 0.0010620
1 -0.1965887 1.1561767 0.9744977
1 -0.1589711 1.0134940 -0.9075577
1 1.0625798 -0.1413450 -0.0188771
8 -0.0298284 -0.7661397 -0.0038247
5
-114.634     ts77     dynamics     sesquiterpene     TS     runpoint      4     runisomer      193
6 -0.0627423 0.6812200 0.0056460
1 -0.1945794 1.1736409 0.9699146
1 -0.1261650 0.9841536 -0.9151544
1 1.0615229 -0.1756159 -0.0433794
8 -0.0275566 -0.7730512 -0.0049529
5
-114.631     ts77     dynamics     sesquiterpene     TS     runpoint      5     runisomer      193
6 -0.0675659 0.6911517 0.0141718
1 -0.1949737 1.1923590 0.9593027
1 -0.1012049 0.9829850 -0.9693646
1 1.0366520 -0.2218898 -0.0661448
8 -0.0239177 -0.7786918 -0.0058306
5
-114.643     ts77     dynamics     sesquiterpene     TS     runpoint      6     runisomer      193
6 -0.0721050 0.6986819 0.0237614
1 -0.1980941 1.2137157 0.9466661
1 -0.0809499 1.0005456 -1.0409865
1 0.9877951 -0.2883197 -0.0867626
8 -0.0185133 -0.7826073 -0.0064175
5
-114.657     ts77     dynamics     sesquiterpene     TS     runpoint      7     runisomer      193
6 -0.0770397 0.7045672 0.0315688
1 -0.2042393 1.2391109 0.9365706
1 -0.0636927 1.0275741 -1.1007296
1 0.9198862 -0.3820918 -0.1057234
8 -0.0112312 -0.7844162 -0.0066818
5
-114.666     ts77     dynamics     sesquiterpene     TS     runpoint      8     runisomer      193
6 -0.0827923 0.7092806 0.0360883
1 -0.2134683 1.2686479 0.9314567
1 -0.0488238 1.0579938 -1.1323834
1 0.8516655 -0.5028458 -0.1255210
8 -0.0029714 -0.7841207 -0.0065097
5
-114.665     ts77     dynamics     sesquiterpene     TS     runpoint      9     runisomer      193
6 -0.0893591 0.7129922 0.0369103
1 -0.2253825 1.3001721 0.9302699
1 -0.0362480 1.0878815 -1.1295329
1 0.8314457 -0.6368078 -0.1537061
8 0.0031898 -0.7823331 -0.0054575
5
-114.663     ts77     dynamics     sesquiterpene     TS     runpoint      10     runisomer      193
6 -0.0963534 0.7156014 0.0342591
1 -0.2390259 1.3295206 0.9294625
1 -0.0261276 1.1147810 -1.0918119
1 0.8992838 -0.7765832 -0.1993875
8 0.0043868 -0.7790270 -0.0029192
5
-114.69     ts77     dynamics     sesquiterpene     TS     runpoint      11     runisomer      193
6 -0.1033179 0.7170015 0.0287719
1 -0.2530976 1.3518923 0.9253030
1 -0.0184749 1.1377785 -1.0242147
1 0.9967259 -0.9255800 -0.2526945
8 0.0038793 -0.7735477 0.0005569
5
-114.698     ts77     dynamics     sesquiterpene     TS     runpoint      12     runisomer      193
6 -0.1099884 0.7170573 0.0216110
1 -0.2663896 1.3632673 0.9157271
1 -0.0124642 1.1584451 -0.9392962
1 1.0675721 -1.0713569 -0.2998601
8 0.0048800 -0.7664225 0.0041517
5
-114.683     ts77     dynamics     sesquiterpene     TS     runpoint      13     runisomer      193
6 -0.1163341 0.7151995 0.0146685
1 -0.2781285 1.3612635 0.9012022
1 -0.0056223 1.1831471 -0.8601549
1 1.0942608 -1.2002725 -0.3348105
8 0.0082701 -0.7583370 0.0074894
5
-114.661     ts77     dynamics     sesquiterpene     TS     runpoint      14     runisomer      193
6 -0.1225067 0.7103375 0.0100897
1 -0.2882045 1.3454917 0.8849220
1 0.0062902 1.2229370 -0.8150739
1 1.0762723 -1.3034402 -0.3560186
8 0.0139208 -0.7497018 0.0104441
5
-114.648     ts77     dynamics     sesquiterpene     TS     runpoint      15     runisomer      193
6 -0.1285475 0.7018517 0.0083362
1 -0.2972315 1.3175742 0.8724322
1 0.0262839 1.2823426 -0.8145275
1 1.0175480 -1.3749850 -0.3635141
8 0.0214639 -0.7408110 0.0129826
5
-114.654     ts77     dynamics     sesquiterpene     TS     runpoint      16     runisomer      193
6 -0.1341054 0.6905737 0.0074433
1 -0.3063074 1.2805835 0.8701004
1 0.0526988 1.3494933 -0.8412063
1 0.9221411 -1.4098407 -0.3576201
8 0.0305540 -0.7320532 0.0151075
5
-114.667     ts77     dynamics     sesquiterpene     TS     runpoint      17     runisomer      193
6 -0.1386882 0.6779583 0.0051169
1 -0.3164464 1.2376013 0.8823268
1 0.0814706 1.4074555 -0.8722004
1 0.7947343 -1.4037492 -0.3392757
8 0.0408483 -0.7239150 0.0168783
5
-114.68     ts77     dynamics     sesquiterpene     TS     runpoint      18     runisomer      193
6 -0.1420213 0.6652164 0.0001585
1 -0.3279729 1.1900561 0.9088519
1 0.1092347 1.4447750 -0.8928776
1 0.6470643 -1.3595822 -0.3132400
8 0.0516321 -0.7164936 0.0185874
5
-114.685     ts77     dynamics     sesquiterpene     TS     runpoint      19     runisomer      193
6 -0.1441391 0.6531933 -0.0075028
1 -0.3402342 1.1375310 0.9441393
1 0.1339233 1.4558695 -0.8961896
1 0.5144565 -1.3094818 -0.2989998
8 0.0607955 -0.7080203 0.0214214
5
-114.656     ts77     dynamics     sesquiterpene     TS     runpoint      20     runisomer      193
6 -0.1453109 0.6424998 -0.0172598
1 -0.3518708 1.0793562 0.9796135
1 0.1544834 1.4391640 -0.8797495
1 0.4566492 -1.3352588 -0.3429759
8 0.0647579 -0.6936550 0.0282383
5
-114.667     ts77     dynamics     sesquiterpene     TS     runpoint      21     runisomer      193
6 -0.1459488 0.6338042 -0.0282785
1 -0.3614868 1.0164593 1.0070267
1 0.1708735 1.3967196 -0.8447594
1 0.4491060 -1.4215708 -0.4416059
8 0.0652874 -0.6750548 0.0387843
5
-114.691     ts77     dynamics     sesquiterpene     TS     runpoint      22     runisomer      193
6 -0.1465863 0.6276653 -0.0396544
1 -0.3682342 0.9517586 1.0207636
1 0.1847178 1.3353469 -0.7969283
1 0.4423908 -1.4906118 -0.5492476
8 0.0657431 -0.6581555 0.0502179
5
-114.68     ts77     dynamics     sesquiterpene     TS     runpoint      23     runisomer      193
6 -0.1479588 0.6239110 -0.0501882
1 -0.3721202 0.8895854 1.0186308
1 0.2010299 1.2689943 -0.7490922
1 0.4219930 -1.5135360 -0.6438449
8 0.0672774 -0.6457976 0.0611989
5
-114.662     ts77     dynamics     sesquiterpene     TS     runpoint      24     runisomer      193
6 -0.1511344 0.6213575 -0.0582651
1 -0.3741445 0.8352321 1.0020389
1 0.2300819 1.2189840 -0.7218096
1 0.3859090 -1.4858804 -0.7170126
8 0.0702316 -0.6390502 0.0711926
5
-114.652     ts77     dynamics     sesquiterpene     TS     runpoint      25     runisomer      193
6 -0.1570623 0.6188077 -0.0628862
1 -0.3761454 0.7946696 0.9762859
1 0.2822967 1.2014818 -0.7305327
1 0.3351367 -1.4102939 -0.7639856
8 0.0747171 -0.6382413 0.0797896
5
-114.663     ts77     dynamics     sesquiterpene     TS     runpoint      26     runisomer      193
6 -0.1654501 0.6166040 -0.0652793
1 -0.3803740 0.7739704 0.9504312
1 0.3546993 1.2101961 -0.7662696
1 0.2721764 -1.2924589 -0.7809434
8 0.0806841 -0.6432570 0.0865329
