5
-114.654160 ts77 dynamics sesquiterpene TS runpoint 1  runisomer  71
6 -0.0186662 0.6478901 -0.0141045
1 -0.3258423 1.0342563 0.9606247
1 -0.2787809 1.1899889 -0.9033890
1 0.9208894 -0.0664889 -0.0307775
8 -0.0338790 -0.7591094 0.0089151
5
-114.65 ts77 dynamics sesquiterpene TS runpoint 2  runisomer  71
6 -0.0247115 0.654985 -0.0114415
1 -0.288109 1.02113 0.884024
1 -0.283968 1.23941 -0.889632
1 0.987095 -0.0515211 -0.00555462
8 -0.0355653 -0.767663 0.00928781
5
-114.646     ts77     dynamics     sesquiterpene     TS     runpoint      3     runisomer      71
6 -0.0298436 0.6599098 -0.0106307
1 -0.2579826 1.0258747 0.8389103
1 -0.2884219 1.2848924 -0.8785407
1 1.0550439 -0.0283252 0.0196335
8 -0.0376137 -0.7759843 0.0092364
5
-114.633     ts77     dynamics     sesquiterpene     TS     runpoint      4     runisomer      71
6 -0.0325262 0.6611064 -0.0141783
1 -0.2427808 1.0591483 0.8542668
1 -0.2909663 1.3221212 -0.8682158
1 1.1139606 0.0101907 0.0437123
8 -0.0401118 -0.7837509 0.0087617
5
-114.636     ts77     dynamics     sesquiterpene     TS     runpoint      5     runisomer      71
6 -0.0323523 0.6586291 -0.0208060
1 -0.2381701 1.1134352 0.9155400
1 -0.2910085 1.3479102 -0.8579304
1 1.1582078 0.0703270 0.0653056
8 -0.0433184 -0.7907280 0.0078654
5
-114.645     ts77     dynamics     sesquiterpene     TS     runpoint      6     runisomer      71
6 -0.0294087 0.6535150 -0.0273143
1 -0.2362218 1.1707210 0.9865497
1 -0.2884883 1.3604601 -0.8479362
1 1.1852363 0.1562855 0.0829368
8 -0.0475105 -0.7967085 0.0065329
5
-114.649     ts77     dynamics     sesquiterpene     TS     runpoint      7     runisomer      71
6 -0.0236598 0.6465818 -0.0314613
1 -0.2329648 1.2178532 1.0429051
1 -0.2838814 1.3592738 -0.8389994
1 1.1934353 0.2688139 0.0952160
8 -0.0528369 -0.8014940 0.0047572
5
-114.652     ts77     dynamics     sesquiterpene     TS     runpoint      8     runisomer      71
6 -0.0150045 0.6383785 -0.0321627
1 -0.2276631 1.2481288 1.0737480
1 -0.2783459 1.3450061 -0.8322765
1 1.1817614 0.4049003 0.1010637
8 -0.0592787 -0.8049238 0.0025485
5
-114.66     ts77     dynamics     sesquiterpene     TS     runpoint      9     runisomer      71
6 -0.0035230 0.6294474 -0.0290225
1 -0.2210754 1.2585385 1.0756232
1 -0.2737955 1.3192029 -0.8292462
1 1.1515785 0.5580875 0.1000591
8 -0.0666947 -0.8069064 -0.0000522
5
-114.671     ts77     dynamics     sesquiterpene     TS     runpoint      10     runisomer      71
6 0.0102647 0.6204106 -0.0220961
1 -0.2146719 1.2479628 1.0489289
1 -0.2727824 1.2838414 -0.8314051
1 1.1094563 0.7195592 0.0928230
8 -0.0748539 -0.8074070 -0.0029743
5
-114.682     ts77     dynamics     sesquiterpene     TS     runpoint      11     runisomer      71
6 0.0253558 0.6118241 -0.0118751
1 -0.2105381 1.2167257 0.9971547
1 -0.2780716 1.2407052 -0.8396751
1 1.0674785 0.8807279 0.0809413
8 -0.0834594 -0.8064342 -0.0061091
5
-114.654160 ts77 dynamics sesquiterpene TS runpoint 1  runisomer  71
6 -0.0186662 0.6478901 -0.0141045
1 -0.3258423 1.0342563 0.9606247
1 -0.2787809 1.1899889 -0.9033890
1 0.9208894 -0.0664889 -0.0307775
8 -0.0338790 -0.7591094 0.0089151
5
-114.65 ts77 dynamics sesquiterpene TS runpoint 2  runisomer  71
6 -0.0135854 0.640469 -0.0156012
1 -0.360902 1.05274 1.03381
1 -0.274307 1.14109 -0.921789
1 0.871844 -0.0805331 -0.0555469
8 -0.0326738 -0.750739 0.00814663
5
-114.641     ts77     dynamics     sesquiterpene     TS     runpoint      3     runisomer      71
6 -0.0108916 0.6341473 -0.0143093
1 -0.3869752 1.0697476 1.0837518
1 -0.2716155 1.0961586 -0.9451853
1 0.8547240 -0.1002039 -0.0802636
8 -0.0321433 -0.7429970 0.0070635
5
-114.632     ts77     dynamics     sesquiterpene     TS     runpoint      4     runisomer      71
6 -0.0112113 0.6297822 -0.0098011
1 -0.4013975 1.0823510 1.1021094
1 -0.2709274 1.0571225 -0.9712819
1 0.8748127 -0.1296711 -0.1057705
8 -0.0323045 -0.7361995 0.0057785
5
-114.631     ts77     dynamics     sesquiterpene     TS     runpoint      5     runisomer      71
6 -0.0143774 0.6276530 -0.0023874
1 -0.4036890 1.0894540 1.0865871
1 -0.2716694 1.0247570 -0.9955990
1 0.9233953 -0.1707500 -0.1321163
8 -0.0328003 -0.7304227 0.0043894
5
-114.638     ts77     dynamics     sesquiterpene     TS     runpoint      6     runisomer      71
6 -0.0198384 0.6277566 0.0071860
1 -0.3949183 1.0911091 1.0388963
1 -0.2728788 0.9994429 -1.0130361
1 0.9825317 -0.2251391 -0.1580197
8 -0.0329054 -0.7255833 0.0029449
5
-114.646     ts77     dynamics     sesquiterpene     TS     runpoint      7     runisomer      71
6 -0.0270590 0.6300627 0.0178291
1 -0.3781055 1.0890784 0.9659024
1 -0.2735654 0.9816241 -1.0195058
1 1.0333198 -0.2961757 -0.1816007
8 -0.0317032 -0.7215858 0.0014550
5
-114.653     ts77     dynamics     sesquiterpene     TS     runpoint      8     runisomer      71
6 -0.0355810 0.6343473 0.0279055
1 -0.3596707 1.0890097 0.8837542
1 -0.2728984 0.9719091 -1.0130629
1 1.0607569 -0.3889009 -0.2012486
8 -0.0282411 -0.7183409 -0.0000947
5
-114.658     ts77     dynamics     sesquiterpene     TS     runpoint      9     runisomer      71
6 -0.0447582 0.6396665 0.0349693
1 -0.3506753 1.1033771 0.8215177
1 -0.2703274 0.9710227 -0.9946174
1 1.0553746 -0.5074970 -0.2159524
8 -0.0217447 -0.7157086 -0.0017065
5
-114.665     ts77     dynamics     sesquiterpene     TS     runpoint      10     runisomer      71
6 -0.0537664 0.6445111 0.0368324
1 -0.3619246 1.1463780 0.8081397
1 -0.2658544 0.9798171 -0.9684760
1 1.0144382 -0.6507958 -0.2253675
8 -0.0119794 -0.7135776 -0.0033146
5
-114.686     ts77     dynamics     sesquiterpene     TS     runpoint      11     runisomer      71
6 -0.0624195 0.6485233 0.0342609
1 -0.3915052 1.2141357 0.8402123
1 -0.2603802 0.9993372 -0.9423235
1 0.9451996 -0.8111153 -0.2305794
8 0.0003962 -0.7119863 -0.0047258
5
-114.708     ts77     dynamics     sesquiterpene     TS     runpoint      12     runisomer      71
6 -0.0710464 0.6526041 0.0301855
1 -0.4273914 1.2854428 0.8895311
1 -0.2554457 1.0305399 -0.9249251
1 0.8697862 -0.9793955 -0.2358573
8 0.0135708 -0.7109040 -0.0055392
5
-114.709     ts77     dynamics     sesquiterpene     TS     runpoint      13     runisomer      71
6 -0.0797072 0.6574267 0.0267766
1 -0.4596637 1.3418703 0.9335271
1 -0.2521373 1.0730208 -0.9213307
1 0.8134230 -1.1524462 -0.2470501
8 0.0254467 -0.7098510 -0.0052734
5
-114.699     ts77     dynamics     sesquiterpene     TS     runpoint      14     runisomer      71
6 -0.0882629 0.6632629 0.0246959
1 -0.4831082 1.3735424 0.9611264
1 -0.2501261 1.1235175 -0.9294898
1 0.7723936 -1.3226920 -0.2629938
8 0.0358035 -0.7086799 -0.0039302
5
-114.684     ts77     dynamics     sesquiterpene     TS     runpoint      15     runisomer      71
6 -0.0966116 0.6702755 0.0236288
1 -0.4954579 1.3764716 0.9682650
1 -0.2479569 1.1762047 -0.9420820
1 0.7270218 -1.4700028 -0.2770794
8 0.0455701 -0.7081637 -0.0018962
5
-114.666     ts77     dynamics     sesquiterpene     TS     runpoint      16     runisomer      71
6 -0.1047009 0.6785142 0.0229243
1 -0.4961080 1.3500889 0.9546890
1 -0.2440386 1.2246976 -0.9512236
1 0.6675546 -1.5766990 -0.2851727
8 0.0551816 -0.7090150 0.0005765
5
-114.654     ts77     dynamics     sesquiterpene     TS     runpoint      17     runisomer      71
6 -0.1124355 0.6877722 0.0218776
1 -0.4860531 1.2966656 0.9234451
1 -0.2373132 1.2638526 -0.9515706
1 0.5930439 -1.6333883 -0.2864473
8 0.0646245 -0.7114901 0.0034355
5
-114.652     ts77     dynamics     sesquiterpene     TS     runpoint      18     runisomer      71
6 -0.1195624 0.6973981 0.0196262
1 -0.4689791 1.2225536 0.8829797
1 -0.2274402 1.2905794 -0.9411048
1 0.5056731 -1.6372097 -0.2821221
8 0.0737812 -0.7154855 0.0067466
5
-114.659     ts77     dynamics     sesquiterpene     TS     runpoint      19     runisomer      71
6 -0.1255405 0.7060505 0.0148184
1 -0.4527854 1.1401287 0.8512288
1 -0.2146977 1.3041566 -0.9209983
1 0.4099782 -1.5939989 -0.2758533
8 0.0824752 -0.7203629 0.0106964
5
-114.663     ts77     dynamics     sesquiterpene     TS     runpoint      20     runisomer      71
6 -0.1296144 0.7119169 0.0057612
1 -0.4484061 1.0650289 0.8542787
1 -0.1998216 1.3065918 -0.8955891
1 0.3156336 -1.5287137 -0.2773196
8 0.0902643 -0.7242993 0.0157932
5
-114.657     ts77     dynamics     sesquiterpene     TS     runpoint      21     runisomer      71
6 -0.1315364 0.7138496 -0.0076599
1 -0.4607098 1.0037747 0.9036364
1 -0.1839087 1.3030490 -0.8726598
1 0.2358372 -1.4955697 -0.3083134
8 0.0965087 -0.7237546 0.0232629
5
-114.657     ts77     dynamics     sesquiterpene     TS     runpoint      22     runisomer      71
6 -0.1321037 0.7117934 -0.0225748
1 -0.4823488 0.9512168 0.9776823
1 -0.1681814 1.3012501 -0.8623195
1 0.1688538 -1.5249233 -0.3868794
8 0.1015304 -0.7169378 0.0340888
5
-114.676     ts77     dynamics     sesquiterpene     TS     runpoint      23     runisomer      71
6 -0.1323746 0.7060206 -0.0356762
1 -0.5033260 0.9033366 1.0460671
1 -0.1535129 1.3076897 -0.8716659
1 0.1011737 -1.5660741 -0.4936862
8 0.1063969 -0.7074040 0.0469307
5
-114.677     ts77     dynamics     sesquiterpene     TS     runpoint      24     runisomer      71
6 -0.1330746 0.6970763 -0.0453790
1 -0.5177720 0.8606161 1.0897391
1 -0.1401520 1.3224207 -0.8984996
1 0.0301401 -1.5753452 -0.6019889
8 0.1114677 -0.6983459 0.0599770
5
-114.666     ts77     dynamics     sesquiterpene     TS     runpoint      25     runisomer      71
6 -0.1345936 0.6858576 -0.0516298
1 -0.5234708 0.8255188 1.1006014
1 -0.1279758 1.3389840 -0.9324648
1 -0.0409034 -1.5389807 -0.6953981
8 0.1166772 -0.6910537 0.0720112
5
-114.66     ts77     dynamics     sesquiterpene     TS     runpoint      26     runisomer      71
6 -0.1371009 0.6733555 -0.0549603
1 -0.5202916 0.8010280 1.0772729
1 -0.1168091 1.3492466 -0.9619491
1 -0.1075064 -1.4573141 -0.7643175
8 0.1218516 -0.6859241 0.0821827
5
-114.663     ts77     dynamics     sesquiterpene     TS     runpoint      27     runisomer      71
6 -0.1406077 0.6604376 -0.0559898
1 -0.5096024 0.7903335 1.0234095
1 -0.1065009 1.3471029 -0.9787219
1 -0.1651353 -1.3361094 -0.8023882
8 0.1267925 -0.6830604 0.0898086
5
-114.675     ts77     dynamics     sesquiterpene     TS     runpoint      28     runisomer      71
6 -0.1449364 0.6477928 -0.0554926
1 -0.4948040 0.7970016 0.9491108
1 -0.0968819 1.3294696 -0.9789564
1 -0.2095964 -1.1848260 -0.8060835
8 0.1313051 -0.6824138 0.0943687
5
-114.689     ts77     dynamics     sesquiterpene     TS     runpoint      29     runisomer      71
6 -0.1496033 0.6358522 -0.0547062
1 -0.4826139 0.8254369 0.8742438
1 -0.0876315 1.2962799 -0.9631672
1 -0.2386582 -1.0179531 -0.7779805
8 0.1352888 -0.6836699 0.0957342
5
-114.695     ts77     dynamics     sesquiterpene     TS     runpoint      30     runisomer      71
6 -0.1538462 0.6246679 -0.0551692
1 -0.4825925 0.8811482 0.8265338
1 -0.0780121 1.2506763 -0.9367110
1 -0.2561249 -0.8559070 -0.7342667
8 0.1389679 -0.6861262 0.0946701
5
-114.687     ts77     dynamics     sesquiterpene     TS     runpoint      31     runisomer      71
6 -0.1572531 0.6141866 -0.0569175
1 -0.4997115 0.9668748 0.8206886
1 -0.0665013 1.1994633 -0.9107537
1 -0.2754899 -0.7193183 -0.7083197
8 0.1431002 -0.6890430 0.0930834
5
-114.677     ts77     dynamics     sesquiterpene     TS     runpoint      32     runisomer      71
6 -0.1604140 0.6050375 -0.0571479
1 -0.5271403 1.0739907 0.8405490
1 -0.0507053 1.1523497 -0.9008554
1 -0.3086577 -0.6176692 -0.7239653
8 0.1482967 -0.6923634 0.0923692
5
-114.671     ts77     dynamics     sesquiterpene     TS     runpoint      33     runisomer      71
6 -0.1642805 0.5984223 -0.0528839
1 -0.5538574 1.1856384 0.8607079
1 -0.0282293 1.1172654 -0.9184988
1 -0.3496609 -0.5529156 -0.7675976
8 0.1540513 -0.6963022 0.0917635
5
-114.664     ts77     dynamics     sesquiterpene     TS     runpoint      34     runisomer      71
6 -0.1693987 0.5955092 -0.0435649
1 -0.5724439 1.2868893 0.8657913
1 0.0014572 1.0942999 -0.9604148
1 -0.3868441 -0.5249499 -0.8150079
8 0.1595360 -0.7008100 0.0900837
5
-114.655     ts77     dynamics     sesquiterpene     TS     runpoint      35     runisomer      71
6 -0.1758005 0.5971407 -0.0306727
1 -0.5793032 1.3679237 0.8501947
1 0.0360640 1.0774498 -1.0108322
1 -0.4125835 -0.5305035 -0.8498394
8 0.1642139 -0.7057271 0.0867693
5
-114.647     ts77     dynamics     sesquiterpene     TS     runpoint      36     runisomer      71
6 -0.1831854 0.6036716 -0.0161496
1 -0.5730895 1.4230694 0.8139337
1 0.0716462 1.0610188 -1.0531880
1 -0.4220828 -0.5656850 -0.8627290
8 0.1677206 -0.7108474 0.0816417
5
-114.646     ts77     dynamics     sesquiterpene     TS     runpoint      37     runisomer      71
6 -0.1910579 0.6149788 -0.0015690
1 -0.5540066 1.4499774 0.7605838
1 0.1041248 1.0421618 -1.0764695
1 -0.4118619 -0.6279589 -0.8490130
8 0.1697368 -0.7159109 0.0746700
5
-114.656     ts77     dynamics     sesquiterpene     TS     runpoint      38     runisomer      71
6 -0.1987762 0.6303847 0.0117876
1 -0.5241290 1.4504407 0.6974301
1 0.1300796 1.0203481 -1.0753708
1 -0.3807039 -0.7151294 -0.8089548
8 0.1700485 -0.7206288 0.0660384
5
-114.671     ts77     dynamics     sesquiterpene     TS     runpoint      39     runisomer      71
6 -0.2055434 0.6483437 0.0224938
1 -0.4884344 1.4335049 0.6373646
1 0.1471110 0.9965500 -1.0491228
1 -0.3330619 -0.8232261 -0.7513347
8 0.1688050 -0.7247221 0.0565091
5
-114.681     ts77     dynamics     sesquiterpene     TS     runpoint      40     runisomer      71
6 -0.2104571 0.6661210 0.0287033
1 -0.4553675 1.4190846 0.6006534
1 0.1542912 0.9730580 -1.0012916
1 -0.2836040 -0.9479276 -0.6995354
8 0.1668428 -0.7278100 0.0478889
5
-114.674     ts77     dynamics     sesquiterpene     TS     runpoint      41     runisomer      71
6 -0.2129180 0.6805102 0.0288376
1 -0.4332064 1.4306501 0.6085254
1 0.1531147 0.9539062 -0.9410492
1 -0.2508822 -1.0898925 -0.6816935
8 0.1653088 -0.7291794 0.0423746
5
-114.676     ts77     dynamics     sesquiterpene     TS     runpoint      42     runisomer      71
6 -0.2134442 0.6902547 0.0236171
1 -0.4217964 1.4689931 0.6634310
1 0.1488976 0.9453748 -0.8854417
1 -0.2327262 -1.2429757 -0.6905532
8 0.1641104 -0.7287195 0.0398901
5
-114.681     ts77     dynamics     sesquiterpene     TS     runpoint      43     runisomer      71
6 -0.2135210 0.6963303 0.0163535
1 -0.4138382 1.5100943 0.7456394
1 0.1506806 0.9553514 -0.8577664
1 -0.2147272 -1.3847805 -0.6961697
8 0.1624236 -0.7275585 0.0387727
5
-114.669     ts77     dynamics     sesquiterpene     TS     runpoint      44     runisomer      71
6 -0.2143330 0.6998553 0.0099987
1 -0.4032320 1.5320132 0.8328819
1 0.1650990 0.9890889 -0.8719932
1 -0.1901811 -1.4953939 -0.6816392
8 0.1599139 -0.7267389 0.0380285
5
-114.657     ts77     dynamics     sesquiterpene     TS     runpoint      45     runisomer      71
6 -0.2159193 0.7016926 0.0048693
1 -0.3870834 1.5241394 0.9100802
1 0.1885732 1.0434278 -0.9162740
1 -0.1588859 -1.5640626 -0.6428993
8 0.1566398 -0.7267168 0.0373670
5
-114.653     ts77     dynamics     sesquiterpene     TS     runpoint      46     runisomer      71
6 -0.2176527 0.7025857 -0.0002587
1 -0.3643890 1.4835654 0.9684301
1 0.2116670 1.1088114 -0.9656932
1 -0.1229820 -1.5863396 -0.5817275
8 0.1527980 -0.7275445 0.0368012
5
-114.655     ts77     dynamics     sesquiterpene     TS     runpoint      47     runisomer      71
6 -0.2189867 0.7029667 -0.0063949
1 -0.3350567 1.4115527 1.0030362
1 0.2270363 1.1754493 -1.0010200
1 -0.0856592 -1.5632840 -0.5035836
8 0.1486347 -0.7289433 0.0365298
5
-114.664     ts77     dynamics     sesquiterpene     TS     runpoint      48     runisomer      71
6 -0.2195953 0.7028721 -0.0139533
1 -0.2996769 1.3122516 1.0119953
1 0.2310970 1.2358842 -1.0122674
1 -0.0523403 -1.5074876 -0.4205371
8 0.1445112 -0.7299366 0.0371159
5
-114.67     ts77     dynamics     sesquiterpene     TS     runpoint      49     runisomer      71
6 -0.2192761 0.7019689 -0.0230568
1 -0.2596091 1.1929240 0.9973700
1 0.2228593 1.2849627 -0.9959627
1 -0.0336568 -1.4576576 -0.3580529
8 0.1410933 -0.7279714 0.0399074
5
-114.663     ts77     dynamics     sesquiterpene     TS     runpoint      50     runisomer      71
6 -0.2179410 0.6996405 -0.0339612
1 -0.2168329 1.0645981 0.9679720
1 0.2030449 1.3196540 -0.9531263
1 -0.0426621 -1.4699490 -0.3472318
8 0.1392162 -0.7195478 0.0465628
5
-114.676     ts77     dynamics     sesquiterpene     TS     runpoint      51     runisomer      71
6 -0.2157460 0.6951957 -0.0472590
1 -0.1731588 0.9410346 0.9413775
1 0.1740970 1.3397196 -0.8891757
1 -0.0749104 -1.5293949 -0.3790623
8 0.1386772 -0.7059439 0.0561955
5
-114.688     ts77     dynamics     sesquiterpene     TS     runpoint      52     runisomer      71
6 -0.2132167 0.6881324 -0.0631708
1 -0.1293517 0.8339401 0.9369444
1 0.1408836 1.3494188 -0.8153228
1 -0.1151149 -1.5798285 -0.4236799
8 0.1386489 -0.6913277 0.0665754
5
-114.679     ts77     dynamics     sesquiterpene     TS     runpoint      53     runisomer      71
6 -0.2111502 0.6780772 -0.0800141
1 -0.0861873 0.7494012 0.9588348
1 0.1113106 1.3597219 -0.7494538
1 -0.1532712 -1.5930195 -0.4648026
8 0.1386498 -0.6782741 0.0762766
5
-114.662     ts77     dynamics     sesquiterpene     TS     runpoint      54     runisomer      71
6 -0.2102336 0.6645361 -0.0945382
1 -0.0461718 0.6910309 0.9938655
1 0.0940316 1.3857924 -0.7103776
1 -0.1840853 -1.5618701 -0.4960509
8 0.1384755 -0.6680410 0.0844774
5
-114.652     ts77     dynamics     sesquiterpene     TS     runpoint      55     runisomer      71
6 -0.2105683 0.6477918 -0.1044750
1 -0.0125773 0.6622383 1.0265960
1 0.0918306 1.4326828 -0.7035428
1 -0.2046257 -1.4882713 -0.5151008
8 0.1380472 -0.6612551 0.0906435
5
-114.654     ts77     dynamics     sesquiterpene     TS     runpoint      56     runisomer      71
6 -0.2116428 0.6296828 -0.1094787
1 0.0119888 0.6652378 1.0471829
1 0.0998526 1.4870181 -0.7182975
1 -0.2140041 -1.3800710 -0.5225951
8 0.1373952 -0.6580972 0.0945072
5
-114.661     ts77     dynamics     sesquiterpene     TS     runpoint      57     runisomer      71
6 -0.2128679 0.6125498 -0.1099426
1 0.0258157 0.7001030 1.0506341
1 0.1117913 1.5302629 -0.7412941
1 -0.2155965 -1.2545277 -0.5259808
8 0.1367948 -0.6580729 0.0963038
5
-114.661     ts77     dynamics     sesquiterpene     TS     runpoint      58     runisomer      71
6 -0.2138398 0.5982956 -0.1062148
1 0.0279834 0.7642045 1.0348945
1 0.1234908 1.5498342 -0.7640023
1 -0.2212401 -1.1418305 -0.5472497
8 0.1370099 -0.6597497 0.0972737
5
-114.656     ts77     dynamics     sesquiterpene     TS     runpoint      59     runisomer      71
6 -0.2143354 0.5883062 -0.0986022
1 0.0184280 0.8521218 1.0003554
1 0.1327181 1.5398020 -0.7824659
1 -0.2447495 -1.0671146 -0.6124437
8 0.1388876 -0.6618683 0.0990143
5
-114.667     ts77     dynamics     sesquiterpene     TS     runpoint      60     runisomer      71
6 -0.2142880 0.5834990 -0.0875959
1 -0.0018974 0.9564440 0.9505273
1 0.1383149 1.4986922 -0.7957902
1 -0.2782083 -1.0220703 -0.7082792
8 0.1418936 -0.6650804 0.1007785
5
-114.682     ts77     dynamics     sesquiterpene     TS     runpoint      61     runisomer      71
6 -0.2137639 0.5841776 -0.0739963
1 -0.0310515 1.0692771 0.8924359
1 0.1398322 1.4281766 -0.8054156
1 -0.3033002 -0.9897444 -0.7996898
8 0.1448284 -0.6702895 0.1006070
5
-114.687     ts77     dynamics     sesquiterpene     TS     runpoint      62     runisomer      71
6 -0.2129164 0.5899298 -0.0587151
1 -0.0665860 1.1838072 0.8350791
1 0.1377799 1.3332542 -0.8153583
1 -0.3097600 -0.9621741 -0.8644117
8 0.1469720 -0.6775751 0.0974659
5
-114.689     ts77     dynamics     sesquiterpene     TS     runpoint      63     runisomer      71
6 -0.2119621 0.5997288 -0.0423208
1 -0.1062731 1.2945739 0.7857289
1 0.1342430 1.2229499 -0.8329812
1 -0.2943838 -0.9369309 -0.8930097
8 0.1480159 -0.6865432 0.0911932
5
-114.691     ts77     dynamics     sesquiterpene     TS     runpoint      64     runisomer      71
6 -0.2111545 0.6123179 -0.0247969
1 -0.1482995 1.3963076 0.7468570
1 0.1326119 1.1089024 -0.8681333
1 -0.2577029 -0.9140296 -0.8835090
8 0.1478548 -0.6966515 0.0821158
