5
-114.654160 ts77 dynamics sesquiterpene TS runpoint 1  runisomer  96
6 -0.0349136 0.6179661 -0.0062188
1 -0.3342933 1.0948962 0.9335733
1 -0.1934688 1.1893407 -0.8833397
1 1.0305037 -0.1012162 -0.1195167
8 -0.0334380 -0.7382520 0.0090310
5
-114.649 ts77 dynamics sesquiterpene TS runpoint 2  runisomer  96
6 -0.0361032 0.610496 -0.0069386
1 -0.325738 1.12885 1.00731
1 -0.156851 1.15008 -0.909618
1 0.973133 -0.0753378 -0.134295
8 -0.0317772 -0.733944 0.00751163
5
-114.646     ts77     dynamics     sesquiterpene     TS     runpoint      3     runisomer      96
6 -0.0372890 0.6046530 -0.0050723
1 -0.3111507 1.1556748 1.0604797
1 -0.1255997 1.1159302 -0.9452935
1 0.9210337 -0.0462000 -0.1459738
8 -0.0304925 -0.7309349 0.0057453
5
-114.637     ts77     dynamics     sesquiterpene     TS     runpoint      4     runisomer      96
6 -0.0391488 0.6014215 -0.0005352
1 -0.2897899 1.1715855 1.0843033
1 -0.1008081 1.0868783 -0.9839381
1 0.8891798 -0.0153492 -0.1555494
8 -0.0299989 -0.7296267 0.0038785
5
-114.63     ts77     dynamics     sesquiterpene     TS     runpoint      5     runisomer      96
6 -0.0420943 0.6014132 0.0061159
1 -0.2623579 1.1752874 1.0758476
1 -0.0834018 1.0619911 -1.0174183
1 0.8891694 0.0167477 -0.1639863
8 -0.0306144 -0.7303080 0.0020639
5
-114.63     ts77     dynamics     sesquiterpene     TS     runpoint      6     runisomer      96
6 -0.0458696 0.6044870 0.0140019
1 -0.2304717 1.1673579 1.0364402
1 -0.0743674 1.0408504 -1.0388683
1 0.9228825 0.0525765 -0.1710008
8 -0.0324840 -0.7330404 0.0004252
5
-114.638     ts77     dynamics     sesquiterpene     TS     runpoint      7     runisomer      96
6 -0.0494138 0.6096255 0.0218983
1 -0.1967632 1.1510740 0.9729083
1 -0.0746819 1.0238791 -1.0441298
1 0.9817513 0.0980226 -0.1746303
8 -0.0356389 -0.7376631 -0.0009350
5
-114.648     ts77     dynamics     sesquiterpene     TS     runpoint      8     runisomer      96
6 -0.0511874 0.6150677 0.0280112
1 -0.1651701 1.1346821 0.9014213
1 -0.0851671 1.0120755 -1.0321430
1 1.0526713 0.1599797 -0.1723263
8 -0.0401076 -0.7438722 -0.0019169
5
-114.651     ts77     dynamics     sesquiterpene     TS     runpoint      9     runisomer      96
6 -0.0496889 0.6185144 0.0299348
1 -0.1406006 1.1331708 0.8497265
1 -0.1063558 1.0067141 -1.0052617
1 1.1237770 0.2429789 -0.1623257
8 -0.0459258 -0.7512533 -0.0024266
5
-114.651     ts77     dynamics     sesquiterpene     TS     runpoint      10     runisomer      96
6 -0.0439066 0.6179880 0.0259867
1 -0.1266914 1.1605343 0.8428546
1 -0.1384886 1.0093140 -0.9698602
1 1.1859808 0.3471268 -0.1442378
8 -0.0530362 -0.7593076 -0.0024021
5
-114.661     ts77     dynamics     sesquiterpene     TS     runpoint      11     runisomer      96
6 -0.0334887 0.6134086 0.0175363
1 -0.1234469 1.2118902 0.8754468
1 -0.1817811 1.0217250 -0.9360711
1 1.2322982 0.4684554 -0.1189998
8 -0.0612481 -0.7675345 -0.0018344
5
-114.675     ts77     dynamics     sesquiterpene     TS     runpoint      12     runisomer      96
6 -0.0184943 0.6062745 0.0078289
1 -0.1287041 1.2675885 0.9212436
1 -0.2365847 1.0452668 -0.9136507
1 1.2573579 0.6006146 -0.0885754
8 -0.0702933 -0.7755022 -0.0007661
5
-114.682     ts77     dynamics     sesquiterpene     TS     runpoint      13     runisomer      96
6 0.0007505 0.5983063 -0.0009192
1 -0.1402705 1.3110067 0.9596948
1 -0.3021799 1.0781302 -0.9046860
1 1.2576274 0.7362461 -0.0555987
8 -0.0798866 -0.7828751 0.0007325
5
-114.683     ts77     dynamics     sesquiterpene     TS     runpoint      14     runisomer      96
6 0.0234998 0.5911116 -0.0081770
1 -0.1564083 1.3331030 0.9811934
1 -0.3747473 1.1139855 -0.9018369
1 1.2320796 0.8677588 -0.0229955
8 -0.0897557 -0.7894147 0.0025911
5
-114.68     ts77     dynamics     sesquiterpene     TS     runpoint      15     runisomer      96
6 0.0485489 0.5860662 -0.0142921
1 -0.1756635 1.3299805 0.9830601
1 -0.4477158 1.1446807 -0.8948145
1 1.1829400 0.9881320 0.0065509
8 -0.0996421 -0.7949505 0.0047581
5
-114.676     ts77     dynamics     sesquiterpene     TS     runpoint      16     runisomer      96
6 0.0745067 0.5840629 -0.0197781
1 -0.1973326 1.3007735 0.9662563
1 -0.5145605 1.1636544 -0.8760640
1 1.1161771 1.0920071 0.0309881
8 -0.1093332 -0.7993482 0.0072126
5
-114.673     ts77     dynamics     sesquiterpene     TS     runpoint      17     runisomer      96
6 0.0998245 0.5852709 -0.0252180
1 -0.2216032 1.2459257 0.9339929
1 -0.5704530 1.1678823 -0.8419989
1 1.0424064 1.1770939 0.0493987
8 -0.1186282 -0.8024254 0.0100224
5
-114.654160 ts77 dynamics sesquiterpene TS runpoint 1  runisomer  96
6 -0.0349136 0.6179661 -0.0062188
1 -0.3342933 1.0948962 0.9335733
1 -0.1934688 1.1893407 -0.8833397
1 1.0305037 -0.1012162 -0.1195167
8 -0.0334380 -0.7382520 0.0090310
5
-114.649 ts77 dynamics sesquiterpene TS runpoint 2  runisomer  96
6 -0.0329887 0.625933 -0.0041886
1 -0.340606 1.06191 0.857891
1 -0.233646 1.23117 -0.868422
1 1.08031 -0.122379 -0.101253
8 -0.0350909 -0.743453 0.010186
5
-114.641     ts77     dynamics     sesquiterpene     TS     runpoint      3     runisomer      96
6 -0.0295025 0.6331183 -0.0034518
1 -0.3532341 1.0432447 0.8102629
1 -0.2746026 1.2704748 -0.8625044
1 1.1138510 -0.1378852 -0.0796776
8 -0.0364434 -0.7491674 0.0109017
5
-114.628     ts77     dynamics     sesquiterpene     TS     runpoint      4     runisomer      96
6 -0.0238657 0.6386063 -0.0063040
1 -0.3807769 1.0494892 0.8151294
1 -0.3130808 1.3016194 -0.8615054
1 1.1263636 -0.1473799 -0.0553178
8 -0.0373005 -0.7550421 0.0111374
5
-114.628     ts77     dynamics     sesquiterpene     TS     runpoint      5     runisomer      96
6 -0.0166437 0.6428219 -0.0121905
1 -0.4196154 1.0751158 0.8634076
1 -0.3461384 1.3201836 -0.8618621
1 1.1163839 -0.1510353 -0.0289157
8 -0.0375609 -0.7607592 0.0108700
5
-114.634     ts77     dynamics     sesquiterpene     TS     runpoint      6     runisomer      96
6 -0.0092394 0.6468698 -0.0187980
1 -0.4570285 1.1056739 0.9261267
1 -0.3716249 1.3236562 -0.8612534
1 1.0852270 -0.1496843 -0.0013058
8 -0.0371904 -0.7660249 0.0100964
5
-114.636     ts77     dynamics     sesquiterpene     TS     runpoint      7     runisomer      96
6 -0.0029068 0.6514546 -0.0242858
1 -0.4828772 1.1307741 0.9809932
1 -0.3883704 1.3115701 -0.8587636
1 1.0369468 -0.1450898 0.0267507
8 -0.0362148 -0.7705737 0.0088305
5
-114.633     ts77     dynamics     sesquiterpene     TS     runpoint      8     runisomer      96
6 0.0014474 0.6568149 -0.0276178
1 -0.4920795 1.1455614 1.0163790
1 -0.3963146 1.2855545 -0.8551690
1 0.9786513 -0.1401189 0.0547899
8 -0.0347286 -0.7742006 0.0071072
5
-114.631     ts77     dynamics     sesquiterpene     TS     runpoint      9     runisomer      96
6 0.0031500 0.6629784 -0.0282053
1 -0.4828785 1.1483877 1.0271851
1 -0.3966472 1.2492427 -0.8531951
1 0.9204043 -0.1387646 0.0829269
8 -0.0328965 -0.7768005 0.0049686
5
-114.632     ts77     dynamics     sesquiterpene     TS     runpoint      10     runisomer      96
6 0.0017403 0.6699089 -0.0256981
1 -0.4555367 1.1393567 1.0120327
1 -0.3917185 1.2077693 -0.8573099
1 0.8735899 -0.1458314 0.1120367
8 -0.0309246 -0.7783741 0.0024678
5
-114.636     ts77     dynamics     sesquiterpene     TS     runpoint      11     runisomer      96
6 -0.0029169 0.6774853 -0.0200720
1 -0.4122089 1.1201806 0.9730164
1 -0.3843300 1.1664459 -0.8722642
1 0.8472943 -0.1661317 0.1434722
8 -0.0289723 -0.7789674 -0.0003328
5
-114.644     ts77     dynamics     sesquiterpene     TS     runpoint      12     runisomer      96
6 -0.0104997 0.6853455 -0.0120537
1 -0.3578963 1.0953591 0.9182785
1 -0.3763548 1.1289152 -0.9000862
1 0.8445203 -0.2038052 0.1782295
8 -0.0270353 -0.7785620 -0.0033368
5
-114.653     ts77     dynamics     sesquiterpene     TS     runpoint      13     runisomer      96
6 -0.0202011 0.6926746 -0.0037724
1 -0.3018780 1.0745854 0.8674534
1 -0.3678805 1.0962837 -0.9374530
1 0.8611667 -0.2626506 0.2161747
8 -0.0248715 -0.7769873 -0.0063846
5
-114.655     ts77     dynamics     sesquiterpene     TS     runpoint      14     runisomer      96
6 -0.0309559 0.6981470 0.0012250
1 -0.2560697 1.0731444 0.8526736
1 -0.3579996 1.0682293 -0.9765472
1 0.8882741 -0.3466661 0.2559694
8 -0.0220228 -0.7739394 -0.0092474
5
-114.658     ts77     dynamics     sesquiterpene     TS     runpoint      15     runisomer      96
6 -0.0422491 0.7008202 0.0004572
1 -0.2251754 1.1006666 0.8930776
1 -0.3462963 1.0446070 -1.0090952
1 0.9155185 -0.4587929 0.2956020
8 -0.0179542 -0.7691242 -0.0116633
5
-114.676     ts77     dynamics     sesquiterpene     TS     runpoint      16     runisomer      96
6 -0.0543616 0.7011578 -0.0047644
1 -0.2026248 1.1482031 0.9664484
1 -0.3334189 1.0259972 -1.0298394
1 0.9340199 -0.5981477 0.3329786
8 -0.0122673 -0.7624183 -0.0134167
5
-114.694     ts77     dynamics     sesquiterpene     TS     runpoint      17     runisomer      96
6 -0.0673764 0.7000349 -0.0116004
1 -0.1819012 1.1999793 1.0376285
1 -0.3207096 1.0134135 -1.0373948
1 0.9375675 -0.7585788 0.3662528
8 -0.0048359 -0.7539348 -0.0143936
5
-114.699     ts77     dynamics     sesquiterpene     TS     runpoint      18     runisomer      96
6 -0.0808778 0.6978610 -0.0178954
1 -0.1607322 1.2451192 1.0845043
1 -0.3096933 1.0079598 -1.0338149
1 0.9221065 -0.9298153 0.3937583
8 0.0042373 -0.7440138 -0.0145833
5
-114.696     ts77     dynamics     sesquiterpene     TS     runpoint      19     runisomer      96
6 -0.0942528 0.6947054 -0.0222182
1 -0.1390143 1.2778889 1.0973185
1 -0.3016575 1.0105893 -1.0237084
1 0.8846750 -1.0992687 0.4137384
8 0.0147522 -0.7331987 -0.0140423
5
-114.69     ts77     dynamics     sesquiterpene     TS     runpoint      20     runisomer      96
6 -0.1069418 0.6905748 -0.0235901
1 -0.1172428 1.2955085 1.0732697
1 -0.2972544 1.0217795 -1.0126163
1 0.8237622 -1.2536055 0.4246220
8 0.0264572 -0.7221905 -0.0128810
5
-114.686     ts77     dynamics     sesquiterpene     TS     runpoint      21     runisomer      96
6 -0.1185800 0.6855550 -0.0215270
1 -0.0959502 1.2971011 1.0140605
1 -0.2961725 1.0409676 -1.0046030
1 0.7404686 -1.3807437 0.4258278
8 0.0390231 -0.7117232 -0.0112778
5
-114.684     ts77     dynamics     sesquiterpene     TS     runpoint      22     runisomer      96
6 -0.1290513 0.6797736 -0.0163104
1 -0.0754145 1.2843161 0.9267809
1 -0.2971604 1.0659245 -1.0003223
1 0.6385089 -1.4717901 0.4182720
8 0.0520680 -0.7024154 -0.0094849
5
-114.685     ts77     dynamics     sesquiterpene     TS     runpoint      23     runisomer      96
6 -0.1385165 0.6731118 -0.0093282
1 -0.0550097 1.2642235 0.8279563
1 -0.2985400 1.0927354 -0.9972834
1 0.5231213 -1.5223515 0.4044797
8 0.0652377 -0.6946533 -0.0078174
5
-114.681     ts77     dynamics     sesquiterpene     TS     runpoint      24     runisomer      96
6 -0.1474928 0.6646753 -0.0032656
1 -0.0316157 1.2538275 0.7478044
1 -0.2989781 1.1167191 -0.9921239
1 0.4001426 -1.5343958 0.3889709
8 0.0782708 -0.6884193 -0.0066611
5
-114.67     ts77     dynamics     sesquiterpene     TS     runpoint      25     runisomer      96
6 -0.1568505 0.6530894 -0.0009324
1 0.0010930 1.2748716 0.7184982
1 -0.2979261 1.1337753 -0.9829491
1 0.2752723 -1.5196768 0.3792881
8 0.0910286 -0.6830536 -0.0065317
