5
-114.654160 ts77 dynamics sesquiterpene TS runpoint 1  runisomer  77
6 -0.0254275 0.6368280 0.0174644
1 -0.2922956 1.2530546 0.8072972
1 -0.2608138 1.0798653 -0.8596505
1 0.9069063 -0.0650993 -0.0411225
8 -0.0311702 -0.7577460 -0.0072134
5
-114.642 ts77 dynamics sesquiterpene TS runpoint 2  runisomer  77
6 -0.0287076 0.625764 0.0113248
1 -0.254959 1.29742 0.823161
1 -0.253736 1.06545 -0.809672
1 0.89301 -0.0372628 0.0018611
8 -0.030632 -0.753088 -0.00946408
5
-114.631     ts77     dynamics     sesquiterpene     TS     runpoint      3     runisomer      77
6 -0.0319443 0.6139723 0.0085454
1 -0.2178111 1.3348829 0.8511369
1 -0.2596855 1.0774269 -0.8185842
1 0.9084252 -0.0072915 0.0449654
8 -0.0311409 -0.7492455 -0.0112954
5
-114.634     ts77     dynamics     sesquiterpene     TS     runpoint      4     runisomer      77
6 -0.0350630 0.6026180 0.0091616
1 -0.1802262 1.3567089 0.8808581
1 -0.2764545 1.1111497 -0.8763707
1 0.9527813 0.0296800 0.0880206
8 -0.0329072 -0.7465592 -0.0127016
5
-114.645     ts77     dynamics     sesquiterpene     TS     runpoint      5     runisomer      77
6 -0.0377657 0.5931565 0.0110994
1 -0.1437146 1.3580919 0.9051475
1 -0.2955670 1.1493980 -0.9497577
1 1.0177081 0.0810428 0.1297369
8 -0.0360663 -0.7451956 -0.0136900
5
-114.649     ts77     dynamics     sesquiterpene     TS     runpoint      6     runisomer      77
6 -0.0392265 0.5861616 0.0128171
1 -0.1109356 1.3378443 0.9199207
1 -0.3106865 1.1792824 -1.0134333
1 1.0915112 0.1536624 0.1676240
8 -0.0407329 -0.7451322 -0.0142848
5
-114.648     ts77     dynamics     sesquiterpene     TS     runpoint      7     runisomer      77
6 -0.0385404 0.5814704 0.0136291
1 -0.0849187 1.2977221 0.9239205
1 -0.3186541 1.1948106 -1.0543793
1 1.1635113 0.2499428 0.1987077
8 -0.0469223 -0.7461302 -0.0145250
5
-114.649     ts77     dynamics     sesquiterpene     TS     runpoint      8     runisomer      77
6 -0.0351003 0.5786432 0.0131780
1 -0.0685846 1.2420711 0.9189643
1 -0.3181515 1.1940251 -1.0668721
1 1.2254603 0.3668299 0.2202112
8 -0.0544665 -0.7478193 -0.0144422
5
-114.653     ts77     dynamics     sesquiterpene     TS     runpoint      9     runisomer      77
6 -0.0286189 0.5771544 0.0110704
1 -0.0644325 1.1777142 0.9105440
1 -0.3089164 1.1770815 -1.0490949
1 1.2715337 0.4980639 0.2300164
8 -0.0630760 -0.7498495 -0.0140682
5
-114.66     ts77     dynamics     sesquiterpene     TS     runpoint      10     runisomer      77
6 -0.0189852 0.5764213 0.0068284
1 -0.0743430 1.1131757 0.9076772
1 -0.2916843 1.1458517 -1.0024265
1 1.2979925 0.6366520 0.2269811
8 -0.0724321 -0.7520001 -0.0134546
5
-114.668     ts77     dynamics     sesquiterpene     TS     runpoint      11     runisomer      77
6 -0.0060906 0.5758990 0.0003316
1 -0.0994969 1.0559211 0.9195452
1 -0.2689071 1.1048965 -0.9333216
1 1.3025623 0.7759771 0.2110895
8 -0.0822437 -0.7542009 -0.0126828
5
-114.675     ts77     dynamics     sesquiterpene     TS     runpoint      12     runisomer      77
6 0.0103265 0.5751367 -0.0072244
1 -0.1399282 1.0085717 0.9485683
1 -0.2464477 1.0640089 -0.8580135
1 1.2839294 0.9098542 0.1835152
8 -0.0922549 -0.7565069 -0.0118511
5
-114.674     ts77     dynamics     sesquiterpene     TS     runpoint      13     runisomer      77
6 0.0307683 0.5735578 -0.0128008
1 -0.1935329 0.9685054 0.9871477
1 -0.2356118 1.0403850 -0.8061560
1 1.2418187 1.0322969 0.1466677
8 -0.1022427 -0.7590260 -0.0110442
5
-114.667     ts77     dynamics     sesquiterpene     TS     runpoint      14     runisomer      77
6 0.0556540 0.5708518 -0.0133923
1 -0.2562801 0.9310000 1.0232094
1 -0.2498061 1.0497657 -0.8048421
1 1.1778047 1.1375374 0.1041382
8 -0.1120324 -0.7618564 -0.0102759
5
-114.672     ts77     dynamics     sesquiterpene     TS     runpoint      15     runisomer      77
6 0.0841144 0.5683907 -0.0092533
1 -0.3239291 0.8922902 1.0465601
1 -0.2910653 1.0854735 -0.8446828
1 1.0973300 1.2203620 0.0596515
8 -0.1214512 -0.7650401 -0.0095392
5
-114.681     ts77     dynamics     sesquiterpene     TS     runpoint      16     runisomer      77
6 0.1137363 0.5682440 -0.0029732
1 -0.3915706 0.8509749 1.0513817
1 -0.3492253 1.1266775 -0.8939304
1 1.0100518 1.2772794 0.0176841
8 -0.1302489 -0.7685099 -0.0088066
5
-114.675     ts77     dynamics     sesquiterpene     TS     runpoint      17     runisomer      77
6 0.1416853 0.5712924 0.0035066
1 -0.4545635 0.8074149 1.0352090
1 -0.4135295 1.1584787 -0.9307266
1 0.9299397 1.3096340 -0.0180562
8 -0.1381494 -0.7720958 -0.0080788
5
-114.654160 ts77 dynamics sesquiterpene TS runpoint 1  runisomer  77
6 -0.0254275 0.6368280 0.0174644
1 -0.2922956 1.2530546 0.8072972
1 -0.2608138 1.0798653 -0.8596505
1 0.9069063 -0.0650993 -0.0411225
8 -0.0311702 -0.7577460 -0.0072134
5
-114.642 ts77 dynamics sesquiterpene TS runpoint 2  runisomer  77
6 -0.0222911 0.646958 0.0237446
1 -0.332757 1.21215 0.81442
1 -0.273351 1.10715 -0.940719
1 0.941955 -0.0930678 -0.0838906
8 -0.0323926 -0.762725 -0.00457112
5
-114.647     ts77     dynamics     sesquiterpene     TS     runpoint      3     runisomer      77
6 -0.0193435 0.6561534 0.0271704
1 -0.3788026 1.1804304 0.8481725
1 -0.2834615 1.1337359 -1.0204128
1 0.9854171 -0.1224061 -0.1255336
8 -0.0338050 -0.7674514 -0.0016220
5
-114.644     ts77     dynamics     sesquiterpene     TS     runpoint      4     runisomer      77
6 -0.0167511 0.6646119 0.0269188
1 -0.4284281 1.1554305 0.8994645
1 -0.2872346 1.1528515 -1.0791692
1 1.0247994 -0.1546630 -0.1644337
8 -0.0348682 -0.7713935 0.0014878
5
-114.636     ts77     dynamics     sesquiterpene     TS     runpoint      5     runisomer      77
6 -0.0149740 0.6726779 0.0236683
1 -0.4758929 1.1313663 0.9523070
1 -0.2835077 1.1620598 -1.1078333
1 1.0503700 -0.1925088 -0.1988702
8 -0.0350573 -0.7741245 0.0045735
5
-114.628     ts77     dynamics     sesquiterpene     TS     runpoint      6     runisomer      77
6 -0.0146025 0.6806210 0.0184798
1 -0.5155514 1.1044875 0.9927367
1 -0.2724335 1.1609301 -1.1032056
1 1.0553891 -0.2403447 -0.2274562
8 -0.0338514 -0.7753056 0.0074292
5
-114.627     ts77     dynamics     sesquiterpene     TS     runpoint      7     runisomer      77
6 -0.0162175 0.6886064 0.0123816
1 -0.5438463 1.0739717 1.0120526
1 -0.2548781 1.1503142 -1.0662112
1 1.0355334 -0.3045607 -0.2493048
8 -0.0307125 -0.7746598 0.0098334
5
-114.639     ts77     dynamics     sesquiterpene     TS     runpoint      8     runisomer      77
6 -0.0202936 0.6966425 0.0064699
1 -0.5593939 1.0409744 1.0063682
1 -0.2324875 1.1328929 -1.0028831
1 0.9888919 -0.3925974 -0.2641370
8 -0.0251491 -0.7719666 0.0115715
5
-114.662     ts77     dynamics     sesquiterpene     TS     runpoint      9     runisomer      77
6 -0.0269851 0.7043140 0.0022373
1 -0.5627461 1.0079185 0.9760336
1 -0.2083041 1.1149891 -0.9282833
1 0.9186545 -0.5094896 -0.2730044
8 -0.0170178 -0.7671471 0.0125182
5
-114.682     ts77     dynamics     sesquiterpene     TS     runpoint      10     runisomer      77
6 -0.0358046 0.7103857 0.0017820
1 -0.5568959 0.9782948 0.9264283
1 -0.1872041 1.1086238 -0.8706848
1 0.8428982 -0.6523492 -0.2815680
8 -0.0073277 -0.7604344 0.0128961
5
-114.684     ts77     dynamics     sesquiterpene     TS     runpoint      11     runisomer      77
6 -0.0455643 0.7130095 0.0066574
1 -0.5489698 0.9567203 0.8703236
1 -0.1733966 1.1274341 -0.8611151
1 0.8071392 -0.8121028 -0.3062648
8 0.0008751 -0.7521627 0.0137271
5
-114.686     ts77     dynamics     sesquiterpene     TS     runpoint      12     runisomer      77
6 -0.0547616 0.7111733 0.0149014
1 -0.5516431 0.9487811 0.8292496
1 -0.1653632 1.1715132 -0.8998680
1 0.8341459 -0.9885973 -0.3588123
8 0.0057336 -0.7419420 0.0158828
5
-114.706     ts77     dynamics     sesquiterpene     TS     runpoint      13     runisomer      77
6 -0.0620693 0.7054128 0.0219614
1 -0.5780811 0.9587912 0.8237170
1 -0.1583997 1.2259742 -0.9569005
1 0.8704562 -1.1685374 -0.4186350
8 0.0101532 -0.7303457 0.0182978
5
-114.7     ts77     dynamics     sesquiterpene     TS     runpoint      14     runisomer      77
6 -0.0672092 0.6970799 0.0254207
1 -0.6282374 0.9843142 0.8518376
1 -0.1498585 1.2761156 -1.0052932
1 0.8791051 -1.3271217 -0.4671893
8 0.0160843 -0.7188704 0.0200391
5
-114.68     ts77     dynamics     sesquiterpene     TS     runpoint      15     runisomer      77
6 -0.0710381 0.6877647 0.0257097
1 -0.6879919 1.0160631 0.8916065
1 -0.1392300 1.3130442 -1.0312082
1 0.8528154 -1.4486110 -0.4982797
8 0.0237062 -0.7085542 0.0209087
5
-114.657     ts77     dynamics     sesquiterpene     TS     runpoint      16     runisomer      77
6 -0.0744950 0.6788059 0.0239200
1 -0.7426624 1.0445527 0.9226422
1 -0.1269104 1.3322328 -1.0295554
1 0.7947391 -1.5253703 -0.5111546
8 0.0326248 -0.7000003 0.0210042
5
-114.642     ts77     dynamics     sesquiterpene     TS     runpoint      17     runisomer      77
6 -0.0781277 0.6711485 0.0208220
1 -0.7832558 1.0634738 0.9337906
1 -0.1135213 1.3318961 -1.0001185
1 0.7093594 -1.5529168 -0.5063959
8 0.0424419 -0.6936900 0.0204716
5
-114.644     ts77     dynamics     sesquiterpene     TS     runpoint      18     runisomer      77
6 -0.0822102 0.6653595 0.0169687
1 -0.8057221 1.0694516 0.9207181
1 -0.0995627 1.3126742 -0.9465372
1 0.6003299 -1.5278700 -0.4849709
8 0.0529080 -0.6900895 0.0194614
5
-114.663     ts77     dynamics     sesquiterpene     TS     runpoint      19     runisomer      77
6 -0.0869451 0.6614053 0.0130747
1 -0.8091050 1.0613670 0.8834104
1 -0.0850837 1.2788452 -0.8779275
1 0.4734726 -1.4522832 -0.4505320
8 0.0637521 -0.6892442 0.0182410
