5
-114.654160 ts77 dynamics sesquiterpene TS runpoint 1  runisomer  20
6 -0.0275052 0.6126441 -0.0060085
1 -0.2201390 1.1683713 0.9671042
1 -0.3147680 1.1365349 -0.9332210
1 0.9073926 -0.0708661 0.0956344
8 -0.0307893 -0.7374738 -0.0036526
5
-114.648 ts77 dynamics sesquiterpene TS runpoint 2  runisomer  20
6 -0.0250461 0.626363 -0.0169019
1 -0.231933 1.12026 0.990456
1 -0.324958 1.09734 -0.872961
1 0.97111 -0.0487084 0.114595
8 -0.0352639 -0.743661 -0.00194262
5
-114.648     ts77     dynamics     sesquiterpene     TS     runpoint      3     runisomer      20
6 -0.0221765 0.6397844 -0.0244905
1 -0.2424592 1.0684955 0.9997795
1 -0.3407971 1.0716921 -0.8347138
1 1.0421335 -0.0196145 0.1309913
8 -0.0402313 -0.7506855 -0.0002796
5
-114.639     ts77     dynamics     sesquiterpene     TS     runpoint      4     runisomer      20
6 -0.0171638 0.6502352 -0.0264875
1 -0.2518029 1.0175755 0.9954112
1 -0.3711916 1.0729374 -0.8418412
1 1.1081199 0.0245675 0.1422493
8 -0.0456465 -0.7581814 0.0012328
5
-114.639     ts77     dynamics     sesquiterpene     TS     runpoint      5     runisomer      20
6 -0.0093588 0.6566171 -0.0235036
1 -0.2609344 0.9725513 0.9815065
1 -0.4138047 1.0978705 -0.8875170
1 1.1621689 0.0911061 0.1463151
8 -0.0516492 -0.7658960 0.0024917
5
-114.648     ts77     dynamics     sesquiterpene     TS     runpoint      6     runisomer      20
6 0.0008685 0.6590350 -0.0183133
1 -0.2718769 0.9383533 0.9656873
1 -0.4560201 1.1322539 -0.9435939
1 1.2006252 0.1847853 0.1418136
8 -0.0583969 -0.7736249 0.0034114
5
-114.653     ts77     dynamics     sesquiterpene     TS     runpoint      7     runisomer      20
6 0.0131042 0.6577996 -0.0133730
1 -0.2872968 0.9187065 0.9562079
1 -0.4868594 1.1644404 -0.9874468
1 1.2206456 0.3065787 0.1279726
8 -0.0659239 -0.7811630 0.0039371
5
-114.659     ts77     dynamics     sesquiterpene     TS     runpoint      8     runisomer      20
6 0.0270676 0.6533449 -0.0099600
1 -0.3090222 0.9148670 0.9571545
1 -0.5006274 1.1878762 -1.0075549
1 1.2199283 0.4535552 0.1047143
8 -0.0741195 -0.7883165 0.0040490
5
-114.669     ts77     dynamics     sesquiterpene     TS     runpoint      9     runisomer      20
6 0.0422729 0.6464076 -0.0082811
1 -0.3363929 0.9249391 0.9655823
1 -0.4955561 1.1991686 -0.9996460
1 1.1986047 0.6193900 0.0730133
8 -0.0827799 -0.7949083 0.0037573
5
-114.684     ts77     dynamics     sesquiterpene     TS     runpoint      10     runisomer      20
6 0.0578121 0.6379744 -0.0079857
1 -0.3662400 0.9442257 0.9740163
1 -0.4726882 1.1967304 -0.9637161
1 1.1614576 0.7957459 0.0352605
8 -0.0916589 -0.8007545 0.0031183
5
-114.654160 ts77 dynamics sesquiterpene TS runpoint 1  runisomer  20
6 -0.0275052 0.6126441 -0.0060085
1 -0.2201390 1.1683713 0.9671042
1 -0.3147680 1.1365349 -0.9332210
1 0.9073926 -0.0708661 0.0956344
8 -0.0307893 -0.7374738 -0.0036526
5
-114.648 ts77 dynamics sesquiterpene TS runpoint 2  runisomer  20
6 -0.0312326 0.60151 0.00546352
1 -0.207637 1.20951 0.932459
1 -0.302229 1.17375 -0.989616
1 0.867289 -0.0939624 0.0764829
8 -0.0270437 -0.732602 -0.00531654
5
-114.639     ts77     dynamics     sesquiterpene     TS     runpoint      3     runisomer      20
6 -0.0371614 0.5949893 0.0156247
1 -0.1954727 1.2420887 0.8917080
1 -0.2840978 1.1994170 -1.0273943
1 0.8635838 -0.1239855 0.0582587
8 -0.0242727 -0.7294880 -0.0068432
5
-114.633     ts77     dynamics     sesquiterpene     TS     runpoint      4     runisomer      20
6 -0.0452736 0.5938885 0.0232588
1 -0.1850045 1.2667972 0.8519853
1 -0.2600701 1.2090348 -1.0404901
1 0.8961946 -0.1642779 0.0405300
8 -0.0224160 -0.7282863 -0.0081242
5
-114.635     ts77     dynamics     sesquiterpene     TS     runpoint      5     runisomer      20
6 -0.0549368 0.5980137 0.0275239
1 -0.1775449 1.2862704 0.8213261
1 -0.2311319 1.2011486 -1.0277152
1 0.9509214 -0.2176356 0.0223066
8 -0.0209096 -0.7287477 -0.0090474
5
-114.641     ts77     dynamics     sesquiterpene     TS     runpoint      6     runisomer      20
6 -0.0655516 0.6067487 0.0279674
1 -0.1738196 1.3035059 0.8066050
1 -0.1988264 1.1765448 -0.9914120
1 1.0074285 -0.2886361 0.0030593
8 -0.0187792 -0.7303624 -0.0095251
5
-114.651     ts77     dynamics     sesquiterpene     TS     runpoint      7     runisomer      20
6 -0.0769650 0.6193998 0.0248603
1 -0.1735456 1.3194474 0.8109735
1 -0.1649981 1.1390033 -0.9387524
1 1.0476722 -0.3833694 -0.0171085
8 -0.0149029 -0.7325216 -0.0095154
5
-114.665     ts77     dynamics     sesquiterpene     TS     runpoint      8     runisomer      20
6 -0.0893338 0.6349320 0.0196581
1 -0.1755570 1.3318916 0.8324928
1 -0.1316115 1.0975252 -0.8856419
1 1.0601321 -0.5059750 -0.0376578
8 -0.0083876 -0.7346189 -0.0090183
5
-114.677     ts77     dynamics     sesquiterpene     TS     runpoint      9     runisomer      20
6 -0.1026907 0.6515782 0.0151493
1 -0.1785464 1.3369366 0.8650418
1 -0.0998829 1.0674499 -0.8594393
1 1.0410887 -0.6539673 -0.0578415
8 0.0010191 -0.7362046 -0.0080637
5
-114.687     ts77     dynamics     sesquiterpene     TS     runpoint      10     runisomer      20
6 -0.1168656 0.6674958 0.0140021
1 -0.1816255 1.3313425 0.9008765
1 -0.0685354 1.0621471 -0.8843613
1 0.9958051 -0.8181636 -0.0771521
8 0.0127226 -0.7371141 -0.0066731
5
-114.701     ts77     dynamics     sesquiterpene     TS     runpoint      11     runisomer      20
6 -0.1314777 0.6820338 0.0159618
1 -0.1842638 1.3139598 0.9334359
1 -0.0356669 1.0790161 -0.9511090
1 0.9399089 -0.9878670 -0.0959881
8 0.0252996 -0.7372948 -0.0048009
5
-114.709     ts77     dynamics     sesquiterpene     TS     runpoint      12     runisomer      20
6 -0.1458166 0.6952761 0.0185741
1 -0.1860306 1.2858640 0.9588807
1 -0.0025952 1.1059159 -1.0269965
1 0.8901954 -1.1562835 -0.1155918
8 0.0372146 -0.7365419 -0.0023457
5
-114.702     ts77     dynamics     sesquiterpene     TS     runpoint      13     runisomer      20
6 -0.1591318 0.7070993 0.0197014
1 -0.1865342 1.2498493 0.9762786
1 0.0277163 1.1337544 -1.0859034
1 0.8465830 -1.3158509 -0.1360732
8 0.0480714 -0.7348423 0.0007151
5
-114.684     ts77     dynamics     sesquiterpene     TS     runpoint      14     runisomer      20
6 -0.1708793 0.7171234 0.0180882
1 -0.1854778 1.2097037 0.9871037
1 0.0528346 1.1580625 -1.1143991
1 0.7973081 -1.4527266 -0.1557903
8 0.0583366 -0.7327398 0.0042814
5
-114.664     ts77     dynamics     sesquiterpene     TS     runpoint      15     runisomer      20
6 -0.1807439 0.7249161 0.0130822
1 -0.1826924 1.1692956 0.9941705
1 0.0712778 1.1769817 -1.1074116
1 0.7346411 -1.5534905 -0.1732871
8 0.0683465 -0.7308836 0.0082536
5
-114.651     ts77     dynamics     sesquiterpene     TS     runpoint      16     runisomer      20
6 -0.1886099 0.7301254 0.0045007
1 -0.1781409 1.1315936 1.0000274
1 0.0824677 1.1900386 -1.0651318
1 0.6571836 -1.6101772 -0.1883510
8 0.0781349 -0.7296680 0.0126085
5
-114.649     ts77     dynamics     sesquiterpene     TS     runpoint      17     runisomer      20
6 -0.1945692 0.7324666 -0.0072305
1 -0.1720003 1.0980503 1.0054031
1 0.0871085 1.1982215 -0.9930819
1 0.5670732 -1.6208398 -0.2021563
8 0.0876023 -0.7291556 0.0174028
5
-114.657     ts77     dynamics     sesquiterpene     TS     runpoint      18     runisomer      20
6 -0.1990018 0.7315102 -0.0207725
1 -0.1647887 1.0687477 1.0087983
1 0.0884345 1.2056511 -0.9051626
1 0.4693011 -1.5919291 -0.2179292
8 0.0965482 -0.7288824 0.0228034
5
-114.663     ts77     dynamics     sesquiterpene     TS     runpoint      19     runisomer      20
6 -0.2026935 0.7263360 -0.0336784
1 -0.1573980 1.0431465 1.0076628
1 0.0941190 1.2225767 -0.8268332
1 0.3729263 -1.5451875 -0.2433844
8 0.1045637 -0.7273993 0.0292251
5
-114.657     ts77     dynamics     sesquiterpene     TS     runpoint      20     runisomer      20
6 -0.2066783 0.7157239 -0.0433623
1 -0.1508946 1.0207942 1.0004187
1 0.1147066 1.2633541 -0.7858406
1 0.2877083 -1.5188978 -0.2936460
8 0.1112132 -0.7222552 0.0375314
5
-114.658     ts77     dynamics     sesquiterpene     TS     runpoint      21     runisomer      20
6 -0.2113517 0.6997083 -0.0495967
1 -0.1462070 1.0017516 0.9879614
1 0.1527886 1.3294088 -0.7846724
1 0.2108583 -1.5298731 -0.3803404
8 0.1168642 -0.7125102 0.0483826
5
-114.681     ts77     dynamics     sesquiterpene     TS     runpoint      22     runisomer      20
6 -0.2161587 0.6802064 -0.0544517
1 -0.1439109 0.9867359 0.9734120
1 0.1990155 1.4026641 -0.8010640
1 0.1313654 -1.5446994 -0.4911792
8 0.1224186 -0.7006146 0.0609591
