5
-114.654160 ts77 dynamics sesquiterpene TS runpoint 1  runisomer  134
6 -0.0351116 0.6628950 0.0147740
1 -0.3019559 1.1245741 0.9266360
1 -0.1755296 1.2202230 -1.0503015
1 0.9417914 -0.0551806 -0.1455310
8 -0.0308688 -0.7786750 0.0058772
5
-114.641 ts77 dynamics sesquiterpene TS runpoint 2  runisomer  134
6 -0.0412295 0.666691 0.0193216
1 -0.287359 1.16355 0.877611
1 -0.158974 1.21511 -1.01676
1 1.00649 -0.0449032 -0.152228
8 -0.032318 -0.784305 0.00386263
5
-114.64     ts77     dynamics     sesquiterpene     TS     runpoint      3     runisomer      134
6 -0.0459014 0.6684115 0.0198416
1 -0.2785964 1.2135749 0.8506163
1 -0.1438743 1.1988361 -0.9620373
1 1.0648216 -0.0277033 -0.1536108
8 -0.0339916 -0.7888044 0.0018140
5
-114.639     ts77     dynamics     sesquiterpene     TS     runpoint      4     runisomer      134
6 -0.0482416 0.6671941 0.0169989
1 -0.2756085 1.2730430 0.8480503
1 -0.1320541 1.1761203 -0.8992009
1 1.1096599 0.0015689 -0.1483978
8 -0.0359935 -0.7920491 -0.0001782
5
-114.638     ts77     dynamics     sesquiterpene     TS     runpoint      5     runisomer      134
6 -0.0477309 0.6625967 0.0133031
1 -0.2750959 1.3322866 0.8601090
1 -0.1260602 1.1565013 -0.8502263
1 1.1380246 0.0479976 -0.1360162
8 -0.0385748 -0.7940208 -0.0020300
5
-114.634     ts77     dynamics     sesquiterpene     TS     runpoint      6     runisomer      134
6 -0.0439793 0.6542898 0.0116505
1 -0.2736028 1.3798550 0.8748230
1 -0.1286998 1.1514732 -0.8387994
1 1.1496048 0.1160366 -0.1163463
8 -0.0420474 -0.7947547 -0.0036757
5
-114.636     ts77     dynamics     sesquiterpene     TS     runpoint      7     runisomer      134
6 -0.0367718 0.6426499 0.0130930
1 -0.2691515 1.4074930 0.8840172
1 -0.1414103 1.1633408 -0.8699401
1 1.1454228 0.2082984 -0.0895264
8 -0.0466699 -0.7943234 -0.0050638
5
-114.651     ts77     dynamics     sesquiterpene     TS     runpoint      8     runisomer      134
6 -0.0262455 0.6291222 0.0163667
1 -0.2613643 1.4108196 0.8836219
1 -0.1629899 1.1814489 -0.9247444
1 1.1275127 0.3243989 -0.0560588
8 -0.0525698 -0.7928382 -0.0061499
5
-114.667     ts77     dynamics     sesquiterpene     TS     runpoint      9     runisomer      134
6 -0.0129847 0.6153860 0.0196923
1 -0.2514194 1.3886929 0.8726479
1 -0.1905327 1.1932938 -0.9802734
1 1.1005798 0.4602186 -0.0172747
8 -0.0597138 -0.7904409 -0.0068973
5
-114.679     ts77     dynamics     sesquiterpene     TS     runpoint      10     runisomer      134
6 0.0019133 0.6027056 0.0218166
1 -0.2422600 1.3430676 0.8529650
1 -0.2208217 1.1913849 -1.0214981
1 1.0745102 0.6084800 0.0244050
8 -0.0679182 -0.7872726 -0.0072784
5
-114.684     ts77     dynamics     sesquiterpene     TS     runpoint      11     runisomer      134
6 0.0171401 0.5916564 0.0218778
1 -0.2388297 1.2794186 0.8300251
1 -0.2509356 1.1728476 -1.0408579
1 1.0620773 0.7616277 0.0660254
8 -0.0768782 -0.7834527 -0.0072791
5
-114.654160 ts77 dynamics sesquiterpene TS runpoint 1  runisomer  134
6 -0.0351116 0.6628950 0.0147740
1 -0.3019559 1.1245741 0.9266360
1 -0.1755296 1.2202230 -1.0503015
1 0.9417914 -0.0551806 -0.1455310
8 -0.0308688 -0.7786750 0.0058772
5
-114.641 ts77 dynamics sesquiterpene TS runpoint 2  runisomer  134
6 -0.0288717 0.658349 0.00723582
1 -0.318704 1.0919 0.983012
1 -0.192287 1.2127 -1.05691
1 0.882738 -0.0638898 -0.135617
8 -0.0297187 -0.772183 0.00777235
5
-114.639     ts77     dynamics     sesquiterpene     TS     runpoint      3     runisomer      134
6 -0.0239596 0.6543834 -0.0016687
1 -0.3330482 1.0610308 1.0303759
1 -0.2084573 1.1931755 -1.0359592
1 0.8444484 -0.0766473 -0.1250032
8 -0.0290698 -0.7652285 0.0094795
5
-114.636     ts77     dynamics     sesquiterpene     TS     runpoint      4     runisomer      134
6 -0.0214452 0.6518700 -0.0104097
1 -0.3417246 1.0303745 1.0575929
1 -0.2239067 1.1643851 -0.9916584
1 0.8390977 -0.0982926 -0.1155606
8 -0.0291005 -0.7582347 0.0109368
5
-114.637     ts77     dynamics     sesquiterpene     TS     runpoint      5     runisomer      134
6 -0.0215775 0.6508294 -0.0175186
1 -0.3431728 1.0007208 1.0595189
1 -0.2398503 1.1322664 -0.9347405
1 0.8684849 -0.1314729 -0.1075678
8 -0.0297589 -0.7514725 0.0120592
5
-114.642     ts77     dynamics     sesquiterpene     TS     runpoint      6     runisomer      134
6 -0.0237518 0.6503742 -0.0213412
1 -0.3373600 0.9743339 1.0361858
1 -0.2598202 1.1069583 -0.8842383
1 0.9222254 -0.1773905 -0.0999762
8 -0.0306242 -0.7449832 0.0127361
5
-114.644     ts77     dynamics     sesquiterpene     TS     runpoint      7     runisomer      134
6 -0.0269455 0.6493131 -0.0204494
1 -0.3258282 0.9545423 0.9930478
1 -0.2891399 1.0999849 -0.8621214
1 0.9831947 -0.2380465 -0.0914694
8 -0.0309509 -0.7386807 0.0128555
5
-114.648     ts77     dynamics     sesquiterpene     TS     runpoint      8     runisomer      134
6 -0.0304519 0.6472047 -0.0152688
1 -0.3121549 0.9459055 0.9426549
1 -0.3300269 1.1147891 -0.8755063
1 1.0343403 -0.3171941 -0.0811300
8 -0.0298311 -0.7325033 0.0123375
5
-114.655     ts77     dynamics     sesquiterpene     TS     runpoint      9     runisomer      134
6 -0.0342708 0.6446588 -0.0087309
1 -0.3020932 0.9543833 0.9049717
1 -0.3777422 1.1426610 -0.9094347
1 1.0623640 -0.4195178 -0.0685378
8 -0.0263617 -0.7264376 0.0111527
5
-114.663     ts77     dynamics     sesquiterpene     TS     runpoint      10     runisomer      134
6 -0.0387863 0.6425029 -0.0041537
1 -0.3010202 0.9851938 0.8987114
1 -0.4248055 1.1715884 -0.9436395
1 1.0591063 -0.5478308 -0.0537361
8 -0.0198742 -0.7205017 0.0093372
5
-114.677     ts77     dynamics     sesquiterpene     TS     runpoint      11     runisomer      134
6 -0.0444971 0.6414789 -0.0028158
1 -0.3088649 1.0370252 0.9244514
1 -0.4655041 1.1929764 -0.9647127
1 1.0231137 -0.6994234 -0.0372247
8 -0.0102653 -0.7147978 0.0069993
5
-114.696     ts77     dynamics     sesquiterpene     TS     runpoint      12     runisomer      134
6 -0.0518040 0.6423778 -0.0038832
1 -0.3201576 1.1002646 0.9643815
1 -0.4966542 1.2020287 -0.9664671
1 0.9627698 -0.8659156 -0.0198678
8 0.0016914 -0.7095393 0.0043007
5
-114.707     ts77     dynamics     sesquiterpene     TS     runpoint      13     runisomer      134
6 -0.0606945 0.6457494 -0.0059935
1 -0.3291672 1.1630226 0.9993042
1 -0.5171041 1.1965825 -0.9476128
1 0.8972968 -1.0385545 -0.0024308
8 0.0143401 -0.7048037 0.0013979
5
-114.706     ts77     dynamics     sesquiterpene     TS     runpoint      14     runisomer      134
6 -0.0707295 0.6516565 -0.0080409
1 -0.3323700 1.2160104 1.0174944
1 -0.5275425 1.1767334 -0.9108871
1 0.8416817 -1.2118092 0.0151911
8 0.0262291 -0.7004100 -0.0016366
5
-114.701     ts77     dynamics     sesquiterpene     TS     runpoint      15     runisomer      134
6 -0.0812202 0.6596979 -0.0090380
1 -0.3281318 1.2534862 1.0141858
1 -0.5310446 1.1454924 -0.8639329
1 0.7894996 -1.3742815 0.0334693
8 0.0373372 -0.6966005 -0.0047910
5
-114.689     ts77     dynamics     sesquiterpene     TS     runpoint      16     runisomer      134
6 -0.0912913 0.6690205 -0.0078209
1 -0.3160026 1.2727580 0.9894022
1 -0.5341178 1.1096556 -0.8208262
1 0.7281332 -1.5078916 0.0522654
8 0.0481853 -0.6941355 -0.0080432
5
-114.672     ts77     dynamics     sesquiterpene     TS     runpoint      17     runisomer      134
6 -0.0999245 0.6784365 -0.0031580
1 -0.2964779 1.2739613 0.9471870
1 -0.5462437 1.0783909 -0.8002283
1 0.6525932 -1.5983837 0.0712839
8 0.0589519 -0.6936067 -0.0113778
5
-114.66     ts77     dynamics     sesquiterpene     TS     runpoint      18     runisomer      134
6 -0.1063984 0.6868612 0.0051701
1 -0.2712441 1.2609170 0.8967750
1 -0.5740365 1.0568728 -0.8138767
1 0.5636949 -1.6386543 0.0906938
8 0.0695671 -0.6952148 -0.0148130
5
-114.66     ts77     dynamics     sesquiterpene     TS     runpoint      19     runisomer      134
6 -0.1108487 0.6935057 0.0151306
1 -0.2434792 1.2429159 0.8547867
1 -0.6140979 1.0415914 -0.8541736
1 0.4649873 -1.6291667 0.1115145
8 0.0798964 -0.6987039 -0.0184134
5
-114.663     ts77     dynamics     sesquiterpene     TS     runpoint      20     runisomer      134
6 -0.1140261 0.6973998 0.0232145
1 -0.2169723 1.2339124 0.8431008
1 -0.6563998 1.0260031 -0.9013978
1 0.3632220 -1.5831514 0.1365250
8 0.0896824 -0.7029782 -0.0223412
