5
-114.654160 ts77 dynamics sesquiterpene TS runpoint 1  runisomer  184
6 -0.0439161 0.6053606 0.0033519
1 -0.1946320 1.1450549 0.8941727
1 -0.2682022 1.2258773 -0.9803043
1 1.0375129 -0.1021807 0.0488699
8 -0.0312164 -0.7341971 -0.0001667
5
-114.644 ts77 dynamics sesquiterpene TS runpoint 2  runisomer  184
6 -0.0439625 0.593176 0.0022159
1 -0.196535 1.15744 0.907524
1 -0.245785 1.291 -1.00115
1 0.989242 -0.0792353 0.0239421
8 -0.0294325 -0.731386 0.00272837
5
-114.639     ts77     dynamics     sesquiterpene     TS     runpoint      3     runisomer      184
6 -0.0435819 0.5845386 -0.0010277
1 -0.2016621 1.1696369 0.9259535
1 -0.2199220 1.3345879 -0.9993490
1 0.9449922 -0.0502274 -0.0018802
8 -0.0282385 -0.7302491 0.0055139
5
-114.633     ts77     dynamics     sesquiterpene     TS     runpoint      4     runisomer      184
6 -0.0433457 0.5806869 -0.0056613
1 -0.2086458 1.1763376 0.9417947
1 -0.1917335 1.3530971 -0.9749060
1 0.9188573 -0.0146003 -0.0282475
8 -0.0281074 -0.7311927 0.0081130
5
-114.631     ts77     dynamics     sesquiterpene     TS     runpoint      5     runisomer      184
6 -0.0436350 0.5821516 -0.0109402
1 -0.2163248 1.1741048 0.9499343
1 -0.1629827 1.3456615 -0.9307312
1 0.9219945 0.0291904 -0.0551015
8 -0.0294173 -0.7344424 0.0104694
5
-114.637     ts77     dynamics     sesquiterpene     TS     runpoint      6     runisomer      184
6 -0.0442396 0.5884061 -0.0161235
1 -0.2239352 1.1618619 0.9484078
1 -0.1361908 1.3148804 -0.8732794
1 0.9568883 0.0847313 -0.0820721
8 -0.0323720 -0.7399227 0.0125331
5
-114.649     ts77     dynamics     sesquiterpene     TS     runpoint      7     runisomer      184
6 -0.0441986 0.5976867 -0.0202682
1 -0.2311936 1.1407911 0.9382674
1 -0.1149347 1.2694431 -0.8153543
1 1.0161849 0.1573114 -0.1077795
8 -0.0370229 -0.7472687 0.0142504
5
-114.657     ts77     dynamics     sesquiterpene     TS     runpoint      8     runisomer      184
6 -0.0421200 0.6071659 -0.0219370
1 -0.2383726 1.1140638 0.9233235
1 -0.1038120 1.2269189 -0.7792993
1 1.0871851 0.2508610 -0.1298895
8 -0.0433070 -0.7559119 0.0155640
5
-114.658     ts77     dynamics     sesquiterpene     TS     runpoint      9     runisomer      184
6 -0.0367130 0.6139075 -0.0196928
1 -0.2464022 1.0864150 0.9096579
1 -0.1073553 1.2074704 -0.7901647
1 1.1569484 0.3650677 -0.1458658
8 -0.0510322 -0.7651986 0.0164316
5
-114.664     ts77     dynamics     sesquiterpene     TS     runpoint      10     runisomer      184
6 -0.0271713 0.6168590 -0.0141124
1 -0.2568654 1.0632311 0.9042351
1 -0.1276923 1.2129357 -0.8498805
1 1.2147545 0.4955542 -0.1537093
8 -0.0598940 -0.7745188 0.0168429
5
-114.677     ts77     dynamics     sesquiterpene     TS     runpoint      11     runisomer      184
6 -0.0133052 0.6170382 -0.0079072
1 -0.2714586 1.0486657 0.9116056
1 -0.1629201 1.2257687 -0.9322233
1 1.2526148 0.6357580 -0.1523005
8 -0.0695444 -0.7833790 0.0168226
5
-114.683     ts77     dynamics     sesquiterpene     TS     runpoint      12     runisomer      184
6 0.0045563 0.6158323 -0.0033095
1 -0.2908227 1.0435081 0.9300386
1 -0.2085627 1.2301202 -1.0097733
1 1.2652404 0.7783671 -0.1414653
8 -0.0796447 -0.7914100 0.0164161
5
-114.681     ts77     dynamics     sesquiterpene     TS     runpoint      13     runisomer      184
6 0.0257091 0.6143725 -0.0010400
1 -0.3138395 1.0450696 0.9516952
1 -0.2597634 1.2185093 -1.0661662
1 1.2501097 0.9159726 -0.1219176
8 -0.0898867 -0.7983532 0.0156697
5
-114.676     ts77     dynamics     sesquiterpene     TS     runpoint      14     runisomer      184
6 0.0491924 0.6135679 -0.0008757
1 -0.3383111 1.0491152 0.9670426
1 -0.3122038 1.1888484 -1.0937595
1 1.2077146 1.0415374 -0.0951720
8 -0.0999896 -0.8040470 0.0146330
5
-114.673     ts77     dynamics     sesquiterpene     TS     runpoint      15     runisomer      184
6 0.0737729 0.6141268 -0.0020280
1 -0.3620981 1.0530297 0.9685654
1 -0.3616500 1.1404266 -1.0899301
1 1.1421681 1.1492116 -0.0643104
8 -0.1096897 -0.8084467 0.0132153
5
-114.672     ts77     dynamics     sesquiterpene     TS     runpoint      16     runisomer      184
6 0.0979915 0.6164457 -0.0047686
1 -0.3831673 1.0518011 0.9538648
1 -0.4054684 1.0773377 -1.0542990
1 1.0619210 1.2347389 -0.0294680
8 -0.1187177 -0.8115233 0.0117563
5
-114.654160 ts77 dynamics sesquiterpene TS runpoint 1  runisomer  184
6 -0.0439161 0.6053606 0.0033519
1 -0.1946320 1.1450549 0.8941727
1 -0.2682022 1.2258773 -0.9803043
1 1.0375129 -0.1021807 0.0488699
8 -0.0312164 -0.7341971 -0.0001667
5
-114.644 ts77 dynamics sesquiterpene TS runpoint 2  runisomer  184
6 -0.0429392 0.619489 0.00204672
1 -0.197081 1.13782 0.893467
1 -0.28711 1.14612 -0.941357
1 1.07776 -0.119382 0.0722086
8 -0.0331398 -0.738231 -0.00306771
5
-114.646     ts77     dynamics     sesquiterpene     TS     runpoint      3     runisomer      184
6 -0.0406245 0.6338350 -0.0009330
1 -0.2041108 1.1383231 0.9081992
1 -0.3048412 1.0635426 -0.8973048
1 1.1018041 -0.1313673 0.0931019
8 -0.0348319 -0.7430669 -0.0058527
5
-114.641     ts77     dynamics     sesquiterpene     TS     runpoint      4     runisomer      184
6 -0.0365299 0.6467523 -0.0032908
1 -0.2147490 1.1452377 0.9337789
1 -0.3278679 0.9942281 -0.8721952
1 1.1050923 -0.1392022 0.1106855
8 -0.0359915 -0.7483323 -0.0083863
5
-114.632     ts77     dynamics     sesquiterpene     TS     runpoint      5     runisomer      184
6 -0.0303234 0.6572293 -0.0025318
1 -0.2273286 1.1551116 0.9612081
1 -0.3640995 0.9502335 -0.8882686
1 1.0861334 -0.1446344 0.1242265
8 -0.0363801 -0.7536999 -0.0105244
5
-114.633     ts77     dynamics     sesquiterpene     TS     runpoint      6     runisomer      184
6 -0.0225478 0.6654640 0.0013883
1 -0.2402398 1.1646520 0.9821824
1 -0.4127650 0.9304126 -0.9394549
1 1.0463412 -0.1501910 0.1332836
8 -0.0358276 -0.7588801 -0.0121321
5
-114.64     ts77     dynamics     sesquiterpene     TS     runpoint      7     runisomer      184
6 -0.0146466 0.6722283 0.0064760
1 -0.2522548 1.1716639 0.9916195
1 -0.4637983 0.9270644 -0.9986266
1 0.9902610 -0.1595581 0.1378926
8 -0.0342518 -0.7635951 -0.0131059
5
-114.641     ts77     dynamics     sesquiterpene     TS     runpoint      8     runisomer      184
6 -0.0081751 0.6782040 0.0108511
1 -0.2625601 1.1751712 0.9878436
1 -0.5072887 0.9343219 -1.0433331
1 0.9259366 -0.1780752 0.1387990
8 -0.0316674 -0.7675897 -0.0133907
5
-114.639     ts77     dynamics     sesquiterpene     TS     runpoint      9     runisomer      184
6 -0.0044353 0.6839891 0.0132872
1 -0.2707743 1.1754018 0.9722527
1 -0.5372651 0.9487862 -1.0619989
1 0.8648999 -0.2125814 0.1377050
8 -0.0282225 -0.7706819 -0.0129917
5
-114.637     ts77     dynamics     sesquiterpene     TS     runpoint      10     runisomer      184
6 -0.0043502 0.6901031 0.0129569
1 -0.2770345 1.1737875 0.9490493
1 -0.5510241 0.9682976 -1.0504686
1 0.8212950 -0.2693313 0.1373998
8 -0.0242800 -0.7728211 -0.0119905
5
-114.64     ts77     dynamics     sesquiterpene     TS     runpoint      11     runisomer      184
6 -0.0082833 0.6967369 0.0092980
1 -0.2820237 1.1727878 0.9246750
1 -0.5482472 0.9913485 -1.0093770
1 0.8105127 -0.3500928 0.1416201
8 -0.0205125 -0.7740989 -0.0105665
5
-114.651     ts77     dynamics     sesquiterpene     TS     runpoint      12     runisomer      184
6 -0.0159210 0.7035041 0.0022058
1 -0.2866406 1.1751479 0.9062174
1 -0.5312091 1.0172111 -0.9443236
1 0.8444472 -0.4521299 0.1539332
8 -0.0177060 -0.7745251 -0.0089598
5
-114.672     ts77     dynamics     sesquiterpene     TS     runpoint      13     runisomer      184
6 -0.0262673 0.7095113 -0.0074637
1 -0.2912030 1.1823818 0.8986189
1 -0.5064542 1.0469857 -0.8687606
1 0.9163790 -0.5752102 0.1744050
8 -0.0157510 -0.7736088 -0.0072797
5
-114.691     ts77     dynamics     sesquiterpene     TS     runpoint      14     runisomer      184
6 -0.0377154 0.7136022 -0.0174580
1 -0.2947651 1.1934839 0.9023858
1 -0.4867469 1.0857419 -0.8070664
1 0.9961579 -0.7196523 0.1980601
8 -0.0132083 -0.7707193 -0.0053997
5
-114.693     ts77     dynamics     sesquiterpene     TS     runpoint      15     runisomer      184
6 -0.0485530 0.7146584 -0.0248966
1 -0.2954692 1.2052611 0.9139843
1 -0.4866985 1.1417173 -0.7862778
1 1.0528902 -0.8777849 0.2188982
8 -0.0086119 -0.7658172 -0.0031756
5
-114.689     ts77     dynamics     sesquiterpene     TS     runpoint      16     runisomer      184
6 -0.0581967 0.7125366 -0.0287491
1 -0.2916301 1.2139358 0.9283299
1 -0.5077754 1.2144745 -0.8098449
1 1.0694774 -1.0360789 0.2329284
8 -0.0013377 -0.7593830 -0.0005924
5
-114.689     ts77     dynamics     sesquiterpene     TS     runpoint      17     runisomer      184
6 -0.0672767 0.7084334 -0.0302238
1 -0.2824262 1.2165023 0.9407729
1 -0.5369286 1.2890793 -0.8554936
1 1.0410240 -1.1805386 0.2382612
8 0.0085215 -0.7520647 0.0022678
5
-114.684     ts77     dynamics     sesquiterpene     TS     runpoint      18     runisomer      184
6 -0.0763809 0.7036666 -0.0306899
1 -0.2679632 1.2113394 0.9480054
1 -0.5616595 1.3493468 -0.9010699
1 0.9701004 -1.2993366 0.2344533
8 0.0204659 -0.7444768 0.0052706
5
-114.675     ts77     dynamics     sesquiterpene     TS     runpoint      19     runisomer      184
6 -0.0856225 0.6989930 -0.0309165
1 -0.2490897 1.1983741 0.9486347
1 -0.5754119 1.3854523 -0.9340260
1 0.8640942 -1.3839123 0.2221617
8 0.0337539 -0.7371003 0.0082497
5
-114.67     ts77     dynamics     sesquiterpene     TS     runpoint      20     runisomer      184
6 -0.0948292 0.6946534 -0.0313255
1 -0.2271358 1.1790013 0.9435270
1 -0.5757795 1.3929070 -0.9486869
1 0.7353431 -1.4312645 0.2034487
8 0.0474108 -0.7301103 0.0109786
5
-114.669     ts77     dynamics     sesquiterpene     TS     runpoint      21     runisomer      184
6 -0.1037593 0.6905264 -0.0322332
1 -0.2035772 1.1558326 0.9357378
1 -0.5626190 1.3705121 -0.9432403
1 0.6034420 -1.4504346 0.1828740
8 0.0601061 -0.7229359 0.0131011
5
-114.666     ts77     dynamics     sesquiterpene     TS     runpoint      22     runisomer      184
6 -0.1122161 0.6862188 -0.0338439
1 -0.1796505 1.1322239 0.9297245
1 -0.5374189 1.3198047 -0.9189907
1 0.4939513 -1.4706165 0.1681486
8 0.0702524 -0.7137513 0.0140859
5
-114.661     ts77     dynamics     sesquiterpene     TS     runpoint      23     runisomer      184
6 -0.1199950 0.6811465 -0.0359473
1 -0.1560958 1.1115230 0.9295229
1 -0.5039169 1.2463364 -0.8820900
1 0.4191711 -1.5227543 0.1650964
8 0.0772025 -0.7007272 0.0135415
5
-114.667     ts77     dynamics     sesquiterpene     TS     runpoint      24     runisomer      184
6 -0.1266900 0.6745389 -0.0373640
1 -0.1332581 1.0962836 0.9364713
1 -0.4697582 1.1623363 -0.8477393
1 0.3635327 -1.5935226 0.1702718
8 0.0821384 -0.6850572 0.0116750
5
-114.664     ts77     dynamics     sesquiterpene     TS     runpoint      25     runisomer      184
6 -0.1316102 0.6654635 -0.0357013
1 -0.1115123 1.0879142 0.9482582
1 -0.4468147 1.0867504 -0.8423728
1 0.3094575 -1.6478208 0.1773798
8 0.0864185 -0.6695366 0.0088972
