5
-114.654160 ts77 dynamics sesquiterpene TS runpoint 1  runisomer  33
6 -0.0168764 0.6356542 0.0212362
1 -0.2792144 1.1038217 0.9291083
1 -0.3523320 0.9879852 -1.0698058
1 0.9698054 -0.0850805 0.0360881
8 -0.0366078 -0.7404131 -0.0093414
5
-114.641 ts77 dynamics sesquiterpene TS runpoint 2  runisomer  33
6 -0.0185923 0.627243 0.0148566
1 -0.275151 1.09203 0.91544
1 -0.30357 0.976505 -0.990601
1 0.937939 -0.0403364 0.0105235
8 -0.0366408 -0.735456 -0.00707379
5
-114.647     ts77     dynamics     sesquiterpene     TS     runpoint      3     runisomer      33
6 -0.0207862 0.6187136 0.0064237
1 -0.2752974 1.0907552 0.9131716
1 -0.2530468 0.9745562 -0.9037713
1 0.9247542 0.0101815 -0.0152615
8 -0.0373379 -0.7320372 -0.0044506
5
-114.643     ts77     dynamics     sesquiterpene     TS     runpoint      4     runisomer      33
6 -0.0228797 0.6095549 -0.0007226
1 -0.2783907 1.0982716 0.9198401
1 -0.2111824 0.9946805 -0.8458195
1 0.9395946 0.0703072 -0.0405956
8 -0.0391449 -0.7306953 -0.0015651
5
-114.637     ts77     dynamics     sesquiterpene     TS     runpoint      5     runisomer      33
6 -0.0241393 0.5988738 -0.0032828
1 -0.2824278 1.1107020 0.9297232
1 -0.1860361 1.0501660 -0.8493788
1 0.9849214 0.1454732 -0.0645365
8 -0.0423862 -0.7316963 0.0014648
5
-114.652     ts77     dynamics     sesquiterpene     TS     runpoint      6     runisomer      33
6 -0.0241811 0.5871480 -0.0019874
1 -0.2857819 1.1239418 0.9375313
1 -0.1749659 1.1332914 -0.8999457
1 1.0544321 0.2411415 -0.0856969
8 -0.0472200 -0.7349974 0.0045198
5
-114.674     ts77     dynamics     sesquiterpene     TS     runpoint      7     runisomer      33
6 -0.0225384 0.5760162 0.0003527
1 -0.2875659 1.1345778 0.9396057
1 -0.1720898 1.2208940 -0.9604657
1 1.1346292 0.3589133 -0.1024492
8 -0.0535738 -0.7402545 0.0075026
5
-114.68     ts77     dynamics     sesquiterpene     TS     runpoint      8     runisomer      33
6 -0.0185564 0.5667806 0.0019762
1 -0.2876054 1.1401791 0.9339609
1 -0.1742301 1.2953163 -1.0080632
1 1.2098950 0.4945469 -0.1134657
8 -0.0611657 -0.7469137 0.0103346
5
-114.674     ts77     dynamics     sesquiterpene     TS     runpoint      9     runisomer      33
6 -0.0117755 0.5601699 0.0021939
1 -0.2863243 1.1395236 0.9204609
1 -0.1798527 1.3474260 -1.0338995
1 1.2678904 0.6399679 -0.1181735
8 -0.0696330 -0.7543581 0.0129474
5
-114.665     ts77     dynamics     sesquiterpene     TS     runpoint      10     runisomer      33
6 -0.0020770 0.5565013 0.0007768
1 -0.2846569 1.1327646 0.9009434
1 -0.1878724 1.3730326 -1.0358382
1 1.3016332 0.7863575 -0.1168099
8 -0.0786352 -0.7620158 0.0152767
5
-114.657     ts77     dynamics     sesquiterpene     TS     runpoint      11     runisomer      33
6 0.0104032 0.5558397 -0.0023848
1 -0.2839999 1.1213697 0.8790864
1 -0.1973474 1.3702950 -1.0145107
1 1.3086318 0.9258190 -0.1101290
8 -0.0878830 -0.7694158 0.0172624
5
-114.654     ts77     dynamics     sesquiterpene     TS     runpoint      12     runisomer      33
6 0.0253918 0.5581559 -0.0073678
1 -0.2860631 1.1076597 0.8598137
1 -0.2076384 1.3387329 -0.9721110
1 1.2892733 1.0516178 -0.0989990
8 -0.0971296 -0.7762264 0.0188420
5
-114.656     ts77     dynamics     sesquiterpene     TS     runpoint      13     runisomer      33
6 0.0425688 0.5634184 -0.0140779
1 -0.2924688 1.0938359 0.8479154
1 -0.2188895 1.2797114 -0.9130859
1 1.2457062 1.1579015 -0.0841049
8 -0.1061589 -0.7822794 0.0199683
5
-114.662     ts77     dynamics     sesquiterpene     TS     runpoint      14     runisomer      33
6 0.0616491 0.5714895 -0.0218915
1 -0.3041094 1.0807761 0.8461031
1 -0.2333273 1.1988592 -0.8470214
1 1.1814242 1.2394925 -0.0657718
8 -0.1147800 -0.7875565 0.0206260
5
-114.667     ts77     dynamics     sesquiterpene     TS     runpoint      15     runisomer      33
6 0.0822653 0.5815904 -0.0286806
1 -0.3204623 1.0696389 0.8532808
1 -0.2563820 1.1093418 -0.7941236
1 1.1019409 1.2926833 -0.0458117
8 -0.1227558 -0.7921425 0.0206754
5
-114.662     ts77     dynamics     sesquiterpene     TS     runpoint      16     runisomer      33
6 0.1051231 0.5925588 -0.0313406
1 -0.3431047 1.0573669 0.8638337
1 -0.3039250 1.0319897 -0.7838610
1 1.0150182 1.3149830 -0.0268459
8 -0.1300061 -0.7961295 0.0201623
5
-114.665     ts77     dynamics     sesquiterpene     TS     runpoint      17     runisomer      33
6 0.1298315 0.6037451 -0.0298870
1 -0.3718198 1.0388602 0.8742300
1 -0.3881254 0.9751759 -0.8244439
1 0.9347885 1.3094195 -0.0056904
8 -0.1363737 -0.7994254 0.0196382
5
-114.654160 ts77 dynamics sesquiterpene TS runpoint 1  runisomer  33
6 -0.0168764 0.6356542 0.0212362
1 -0.2792144 1.1038217 0.9291083
1 -0.3523320 0.9879852 -1.0698058
1 0.9698054 -0.0850805 0.0360881
8 -0.0366078 -0.7404131 -0.0093414
5
-114.641 ts77 dynamics sesquiterpene TS runpoint 2  runisomer  33
6 -0.0158936 0.643949 0.0241782
1 -0.286993 1.12436 0.950718
1 -0.392858 1.00295 -1.12189
1 1.0081 -0.127009 0.0607576
8 -0.0367147 -0.746231 -0.0111826
5
-114.633     ts77     dynamics     sesquiterpene     TS     runpoint      3     runisomer      33
6 -0.0158323 0.6521030 0.0236615
1 -0.2965047 1.1492566 0.9726267
1 -0.4219723 1.0186576 -1.1391091
1 1.0412716 -0.1692181 0.0837569
8 -0.0364186 -0.7522472 -0.0125411
5
-114.627     ts77     dynamics     sesquiterpene     TS     runpoint      4     runisomer      33
6 -0.0169573 0.6602331 0.0201755
1 -0.3053685 1.1735881 0.9870004
1 -0.4382805 1.0335902 -1.1194267
1 1.0601842 -0.2157870 0.1042708
8 -0.0351814 -0.7578857 -0.0133639
5
-114.628     ts77     dynamics     sesquiterpene     TS     runpoint      5     runisomer      33
6 -0.0196366 0.6685811 0.0142922
1 -0.3116013 1.1933901 0.9885051
1 -0.4415852 1.0467745 -1.0643688
1 1.0583147 -0.2724988 0.1215776
8 -0.0324525 -0.7626541 -0.0136042
5
-114.639     ts77     dynamics     sesquiterpene     TS     runpoint      6     runisomer      33
6 -0.0242522 0.6773947 0.0066758
1 -0.3138526 1.2061915 0.9752047
1 -0.4333904 1.0581975 -0.9800886
1 1.0316361 -0.3468983 0.1352152
8 -0.0276852 -0.7661049 -0.0132216
5
-114.66     ts77     dynamics     sesquiterpene     TS     runpoint      7     runisomer      33
6 -0.0309015 0.6866127 -0.0015476
1 -0.3114058 1.2111808 0.9487799
1 -0.4188575 1.0706145 -0.8818252
1 0.9797187 -0.4463768 0.1452942
8 -0.0204958 -0.7678488 -0.0122141
5
-114.679     ts77     dynamics     sesquiterpene     TS     runpoint      8     runisomer      33
6 -0.0388790 0.6953169 -0.0082764
1 -0.3042699 1.2093840 0.9148209
1 -0.4099323 1.0930861 -0.7998884
1 0.9112069 -0.5732251 0.1534619
8 -0.0112080 -0.7676887 -0.0107042
5
-114.682     ts77     dynamics     sesquiterpene     TS     runpoint      9     runisomer      33
6 -0.0466329 0.7016341 -0.0111060
1 -0.2934673 1.2037970 0.8830013
1 -0.4228024 1.1399481 -0.7711926
1 0.8569190 -0.7204854 0.1655534
8 -0.0018413 -0.7657502 -0.0091457
5
-114.679     ts77     dynamics     sesquiterpene     TS     runpoint      10     runisomer      33
6 -0.0532979 0.7044511 -0.0105105
1 -0.2810523 1.1989304 0.8656005
1 -0.4595830 1.2115237 -0.7999101
1 0.8649426 -0.8814825 0.1920639
8 0.0041878 -0.7619222 -0.0083576
5
-114.698     ts77     dynamics     sesquiterpene     TS     runpoint      11     runisomer      33
6 -0.0593010 0.7045032 -0.0096353
1 -0.2689689 1.1986474 0.8718924
1 -0.5050212 1.2874116 -0.8547792
1 0.9184453 -1.0543296 0.2307523
8 0.0074211 -0.7558337 -0.0083928
5
-114.705     ts77     dynamics     sesquiterpene     TS     runpoint      12     runisomer      33
6 -0.0651992 0.7030542 -0.0104902
1 -0.2573141 1.2028342 0.9011658
1 -0.5454119 1.3484818 -0.9081693
1 0.9617587 -1.2197244 0.2679559
8 0.0109263 -0.7484376 -0.0085770
5
-114.683     ts77     dynamics     sesquiterpene     TS     runpoint      13     runisomer      33
6 -0.0713001 0.7011493 -0.0131712
1 -0.2444795 1.2071900 0.9429323
1 -0.5738537 1.3848132 -0.9459220
1 0.9707653 -1.3578942 0.2959429
8 0.0159179 -0.7408673 -0.0085825
5
-114.656     ts77     dynamics     sesquiterpene     TS     runpoint      14     runisomer      33
6 -0.0777115 0.6994640 -0.0168910
1 -0.2288396 1.2066280 0.9839231
1 -0.5875040 1.3925608 -0.9620315
1 0.9426971 -1.4577916 0.3124268
8 0.0223701 -0.7337617 -0.0083996
5
-114.64     ts77     dynamics     sesquiterpene     TS     runpoint      15     runisomer      33
6 -0.0843779 0.6983163 -0.0207845
1 -0.2097436 1.1978933 1.0136682
1 -0.5855481 1.3709845 -0.9545311
1 0.8812002 -1.5137236 0.3171937
8 0.0299177 -0.7274677 -0.0081277
5
-114.639     ts77     dynamics     sesquiterpene     TS     runpoint      16     runisomer      33
6 -0.0910750 0.6977499 -0.0241295
1 -0.1875417 1.1800582 1.0260781
1 -0.5688681 1.3215006 -0.9242912
1 0.7905653 -1.5218510 0.3106288
8 0.0382017 -0.7222909 -0.0078947
5
-114.656     ts77     dynamics     sesquiterpene     TS     runpoint      17     runisomer      33
6 -0.0973816 0.6974488 -0.0262114
1 -0.1632370 1.1542136 1.0193060
1 -0.5409927 1.2487251 -0.8765149
1 0.6761723 -1.4808815 0.2941389
8 0.0468521 -0.7184340 -0.0078809
5
-114.68     ts77     dynamics     sesquiterpene     TS     runpoint      18     runisomer      33
6 -0.1025674 0.6963700 -0.0259561
1 -0.1380718 1.1233145 0.9957510
1 -0.5103075 1.1634788 -0.8254764
1 0.5523549 -1.4025627 0.2740812
8 0.0550230 -0.7152424 -0.0085428
5
-114.68     ts77     dynamics     sesquiterpene     TS     runpoint      19     runisomer      33
6 -0.1054220 0.6925658 -0.0215866
1 -0.1132369 1.0924048 0.9627772
1 -0.4921372 1.0845844 -0.7996117
1 0.4605166 -1.3412523 0.2743641
8 0.0602403 -0.7093334 -0.0113938
5
-114.64     ts77     dynamics     sesquiterpene     TS     runpoint      20     runisomer      33
6 -0.1048586 0.6843114 -0.0118695
1 -0.0896768 1.0689523 0.9334994
1 -0.5011650 1.0282827 -0.8271365
1 0.4508302 -1.3822398 0.3369988
8 0.0595102 -0.6955326 -0.0190554
5
-114.67     ts77     dynamics     sesquiterpene     TS     runpoint      21     runisomer      33
6 -0.1014359 0.6720335 0.0009402
1 -0.0679044 1.0617660 0.9241354
1 -0.5329640 0.9912428 -0.8975888
1 0.4770710 -1.4608851 0.4371787
8 0.0559179 -0.6785810 -0.0299523
5
-114.687     ts77     dynamics     sesquiterpene     TS     runpoint      22     runisomer      33
6 -0.0967418 0.6574964 0.0131171
1 -0.0481636 1.0760282 0.9429547
1 -0.5709389 0.9621554 -0.9747848
1 0.4991220 -1.5087225 0.5379814
8 0.0521535 -0.6637267 -0.0417643
5
-114.672     ts77     dynamics     sesquiterpene     TS     runpoint      23     runisomer      33
6 -0.0919171 0.6427148 0.0231618
1 -0.0312498 1.1083487 0.9811202
1 -0.6031036 0.9352164 -1.0324364
1 0.5057549 -1.5065859 0.6237522
8 0.0490753 -0.6531127 -0.0534797
