5
-114.654160 ts77 dynamics sesquiterpene TS runpoint 1  runisomer  64
6 -0.0231979 0.6319746 -0.0023195
1 -0.3323661 1.1620539 0.9523565
1 -0.2730769 1.1033621 -0.8889394
1 0.9860499 -0.0895458 -0.0407419
8 -0.0345326 -0.7483108 0.0003113
5
-114.65 ts77 dynamics sesquiterpene TS runpoint 2  runisomer  64
6 -0.0115576 0.628363 -0.000205037
1 -0.383555 1.23462 0.978243
1 -0.294123 1.11114 -0.893099
1 0.937752 -0.04901 -0.0645549
8 -0.0356709 -0.753218 -0.00114378
5
-114.643     ts77     dynamics     sesquiterpene     TS     runpoint      3     runisomer      64
6 -0.0013337 0.6257944 0.0043959
1 -0.4230606 1.2912184 0.9839995
1 -0.3168657 1.1246194 -0.9093810
1 0.9081422 -0.0027676 -0.0874395
8 -0.0375538 -0.7586202 -0.0024904
5
-114.634     ts77     dynamics     sesquiterpene     TS     runpoint      4     runisomer      64
6 0.0061512 0.6251572 0.0107572
1 -0.4470529 1.3266356 0.9673782
1 -0.3374797 1.1375793 -0.9279223
1 0.9123666 0.0509757 -0.1100519
8 -0.0406258 -0.7645772 -0.0036213
5
-114.631     ts77     dynamics     sesquiterpene     TS     runpoint      5     runisomer      64
6 0.0102291 0.6266608 0.0179650
1 -0.4533769 1.3384058 0.9297622
1 -0.3526804 1.1449303 -0.9405766
1 0.9565765 0.1162745 -0.1326049
8 -0.0451158 -0.7710247 -0.0044393
5
-114.64     ts77     dynamics     sesquiterpene     TS     runpoint      6     runisomer      64
6 0.0114045 0.6296532 0.0250599
1 -0.4415232 1.3263722 0.8752169
1 -0.3607164 1.1437261 -0.9428933
1 1.0328300 0.2004099 -0.1534234
8 -0.0510442 -0.7777375 -0.0048662
5
-114.657     ts77     dynamics     sesquiterpene     TS     runpoint      7     runisomer      64
6 0.0111914 0.6329906 0.0309374
1 -0.4135985 1.2938261 0.8117142
1 -0.3614418 1.1329847 -0.9340090
1 1.1228330 0.3092749 -0.1690519
8 -0.0582691 -0.7843751 -0.0048477
5
-114.673     ts77     dynamics     sesquiterpene     TS     runpoint      8     runisomer      64
6 0.0115735 0.6353333 0.0342033
1 -0.3763942 1.2504229 0.7542538
1 -0.3560772 1.1133700 -0.9162316
1 1.2068416 0.4424832 -0.1760788
8 -0.0665324 -0.7905556 -0.0043545
5
-114.676     ts77     dynamics     sesquiterpene     TS     runpoint      9     runisomer      64
6 0.0146772 0.6350501 0.0331185
1 -0.3425635 1.2142046 0.7267215
1 -0.3470469 1.0870843 -0.8947434
1 1.2697156 0.5937135 -0.1726061
8 -0.0755224 -0.7959357 -0.0033793
5
-114.671     ts77     dynamics     sesquiterpene     TS     runpoint      10     runisomer      64
6 0.0221511 0.6308858 0.0265856
1 -0.3239931 1.2016718 0.7500713
1 -0.3379446 1.0577741 -0.8771094
1 1.3025121 0.7537281 -0.1585940
8 -0.0849393 -0.8002595 -0.0019418
5
-114.675     ts77     dynamics     sesquiterpene     TS     runpoint      11     runisomer      64
6 0.0342184 0.6235101 0.0161111
1 -0.3195472 1.2078999 0.8173039
1 -0.3332318 1.0298511 -0.8716828
1 1.3016857 0.9126785 -0.1355913
8 -0.0945171 -0.8033768 -0.0001100
5
-114.683     ts77     dynamics     sesquiterpene     TS     runpoint      12     runisomer      64
6 0.0501269 0.6148804 0.0049039
1 -0.3202147 1.2145315 0.8999939
1 -0.3369823 1.0063913 -0.8836905
1 1.2677089 1.0613589 -0.1062362
8 -0.1040331 -0.8052130 0.0019956
5
-114.682     ts77     dynamics     sesquiterpene     TS     runpoint      13     runisomer      64
6 0.0691299 0.6068712 -0.0053147
1 -0.3200114 1.2073938 0.9741669
1 -0.3523433 0.9879772 -0.9092881
1 1.2045543 1.1922745 -0.0714049
8 -0.1133550 -0.8058460 0.0044084
5
-114.672     ts77     dynamics     sesquiterpene     TS     runpoint      14     runisomer      64
6 0.0895622 0.6006556 -0.0145956
1 -0.3156757 1.1810222 1.0277663
1 -0.3765274 0.9753442 -0.9384065
1 1.1193474 1.2973765 -0.0316856
8 -0.1220641 -0.8053504 0.0073262
5
-114.663     ts77     dynamics     sesquiterpene     TS     runpoint      15     runisomer      64
6 0.1097983 0.5967575 -0.0227487
1 -0.3069840 1.1360338 1.0549989
1 -0.4038107 0.9654788 -0.9619086
1 1.0206918 1.3725466 0.0091885
8 -0.1298580 -0.8037073 0.0106321
5
-114.654     ts77     dynamics     sesquiterpene     TS     runpoint      16     runisomer      64
6 0.1285306 0.5954784 -0.0287374
1 -0.2964791 1.0765109 1.0531181
1 -0.4299512 0.9528298 -0.9741603
1 0.9197804 1.4170769 0.0440929
8 -0.1365682 -0.8010065 0.0138158
5
-114.654160 ts77 dynamics sesquiterpene TS runpoint 1  runisomer  64
6 -0.0231979 0.6319746 -0.0023195
1 -0.3323661 1.1620539 0.9523565
1 -0.2730769 1.1033621 -0.8889394
1 0.9860499 -0.0895458 -0.0407419
8 -0.0345326 -0.7483108 0.0003113
5
-114.65 ts77 dynamics sesquiterpene TS runpoint 2  runisomer  64
6 -0.0348986 0.635529 -0.00211462
1 -0.275656 1.08315 0.915821
1 -0.256157 1.10562 -0.9029
1 1.03645 -0.126349 -0.0159155
8 -0.0335692 -0.743829 0.00177526
5
-114.649     ts77     dynamics     sesquiterpene     TS     runpoint      3     runisomer      64
6 -0.0455902 0.6380021 -0.0015176
1 -0.2219392 1.0132286 0.8903432
1 -0.2433478 1.1176508 -0.9317494
1 1.0754296 -0.1624059 0.0093844
8 -0.0321954 -0.7397660 0.0031561
5
-114.638     ts77     dynamics     sesquiterpene     TS     runpoint      4     runisomer      64
6 -0.0547437 0.6387811 -0.0036131
1 -0.1783366 0.9684659 0.9044077
1 -0.2333483 1.1355977 -0.9649482
1 1.0935508 -0.2020945 0.0343161
8 -0.0298457 -0.7361607 0.0043625
5
-114.633     ts77     dynamics     sesquiterpene     TS     runpoint      5     runisomer      64
6 -0.0627397 0.6384418 -0.0095802
1 -0.1447074 0.9530242 0.9634049
1 -0.2250570 1.1549746 -0.9915944
1 1.0848656 -0.2517878 0.0580244
8 -0.0259409 -0.7330243 0.0053082
5
-114.642     ts77     dynamics     sesquiterpene     TS     runpoint      6     runisomer      64
6 -0.0705445 0.6385083 -0.0176133
1 -0.1167756 0.9587910 1.0403396
1 -0.2178643 1.1724040 -1.0046816
1 1.0465972 -0.3199203 0.0799012
8 -0.0198874 -0.7302428 0.0059340
5
-114.655     ts77     dynamics     sesquiterpene     TS     runpoint      7     runisomer      64
6 -0.0790851 0.6402455 -0.0254679
1 -0.0918807 0.9769245 1.1062075
1 -0.2114428 1.1860481 -1.0016232
1 0.9809080 -0.4146535 0.0999492
8 -0.0113139 -0.7275806 0.0062216
5
-114.669     ts77     dynamics     sesquiterpene     TS     runpoint      8     runisomer      64
6 -0.0888953 0.6441628 -0.0316661
1 -0.0691582 1.0016566 1.1442662
1 -0.2057375 1.1957882 -0.9838147
1 0.9022385 -0.5379230 0.1196369
8 -0.0007882 -0.7249254 0.0061125
5
-114.675     ts77     dynamics     sesquiterpene     TS     runpoint      9     runisomer      64
6 -0.0999139 0.6499896 -0.0352070
1 -0.0485860 1.0293109 1.1473005
1 -0.2010273 1.2033108 -0.9563467
1 0.8535587 -0.6810961 0.1447036
8 0.0089536 -0.7224919 0.0052699
5
-114.673     ts77     dynamics     sesquiterpene     TS     runpoint      10     runisomer      64
6 -0.1115417 0.6568239 -0.0352250
1 -0.0305545 1.0574339 1.1137843
1 -0.1977216 1.2118136 -0.9273635
1 0.8868773 -0.8386803 0.1851142
8 0.0142346 -0.7199976 0.0030246
5
-114.695     ts77     dynamics     sesquiterpene     TS     runpoint      11     runisomer      64
6 -0.1230408 0.6636380 -0.0311128
1 -0.0154934 1.0847523 1.0469719
1 -0.1959415 1.2247588 -0.9058750
1 0.9596660 -1.0076253 0.2350975
8 0.0172152 -0.7170023 -0.0003517
5
-114.706     ts77     dynamics     sesquiterpene     TS     runpoint      12     runisomer      64
6 -0.1339262 0.6696599 -0.0231403
1 -0.0031400 1.1118817 0.9569737
1 -0.1952775 1.2433514 -0.8976375
1 1.0133727 -1.1675898 0.2811767
8 0.0211779 -0.7143216 -0.0040834
5
-114.693     ts77     dynamics     sesquiterpene     TS     runpoint      13     runisomer      64
6 -0.1440701 0.6741774 -0.0130990
1 0.0086614 1.1437149 0.8648727
1 -0.1949899 1.2646372 -0.9022138
1 1.0295319 -1.3019518 0.3170979
8 0.0270095 -0.7125925 -0.0077856
5
-114.669     ts77     dynamics     sesquiterpene     TS     runpoint      14     runisomer      64
6 -0.1537026 0.6761873 -0.0040701
1 0.0250987 1.1915245 0.8014828
1 -0.1945202 1.2826580 -0.9145630
1 1.0084817 -1.4025968 0.3415502
8 0.0344993 -0.7119088 -0.0113263
5
-114.65     ts77     dynamics     sesquiterpene     TS     runpoint      15     runisomer      64
6 -0.1631070 0.6750335 0.0018051
1 0.0513800 1.2639066 0.7853764
1 -0.1937644 1.2913496 -0.9290040
1 0.9545357 -1.4654428 0.3547614
8 0.0432508 -0.7121939 -0.0146391
5
-114.65     ts77     dynamics     sesquiterpene     TS     runpoint      16     runisomer      64
6 -0.1720644 0.6717642 0.0052721
1 0.0859881 1.3504175 0.8027669
1 -0.1928863 1.2863987 -0.9414508
1 0.8708447 -1.4866640 0.3569260
8 0.0530098 -0.7135442 -0.0176858
5
-114.66     ts77     dynamics     sesquiterpene     TS     runpoint      17     runisomer      64
6 -0.1800664 0.6682653 0.0081821
1 0.1228843 1.4306628 0.8291774
1 -0.1921035 1.2656783 -0.9495568
1 0.7598906 -1.4625554 0.3484422
8 0.0636325 -0.7161902 -0.0204861
5
-114.672     ts77     dynamics     sesquiterpene     TS     runpoint      18     runisomer      64
6 -0.1867716 0.6657273 0.0118038
1 0.1571071 1.4898081 0.8488751
1 -0.1917259 1.2292760 -0.9526259
1 0.6298483 -1.3966398 0.3331439
8 0.0746800 -0.7198738 -0.0232851
5
-114.677     ts77     dynamics     sesquiterpene     TS     runpoint      19     runisomer      64
6 -0.1920389 0.6643766 0.0168093
1 0.1857352 1.5204086 0.8546689
1 -0.1922085 1.1794765 -0.9518899
1 0.5105886 -1.3219264 0.3301505
8 0.0843746 -0.7223606 -0.0272608
5
-114.646     ts77     dynamics     sesquiterpene     TS     runpoint      20     runisomer      64
6 -0.1958326 0.6639061 0.0236288
1 0.2071307 1.5197147 0.8439303
1 -0.1940731 1.1204804 -0.9506931
1 0.4610489 -1.3241661 0.3937117
8 0.0891144 -0.7181074 -0.0357794
5
-114.657     ts77     dynamics     sesquiterpene     TS     runpoint      21     runisomer      64
6 -0.1982216 0.6640432 0.0326015
1 0.2206359 1.4883024 0.8166958
1 -0.1978387 1.0577080 -0.9537218
1 0.4620284 -1.3910066 0.5259485
8 0.0902325 -0.7080654 -0.0489335
5
-114.69     ts77     dynamics     sesquiterpene     TS     runpoint      22     runisomer      64
6 -0.1994064 0.6646203 0.0437242
1 0.2269946 1.4302854 0.7758537
1 -0.2040889 0.9962385 -0.9645224
1 0.4616942 -1.4421107 0.6673128
8 0.0911378 -0.6977507 -0.0629293
5
-114.687     ts77     dynamics     sesquiterpene     TS     runpoint      23     runisomer      64
6 -0.1998148 0.6651427 0.0561331
1 0.2299795 1.3553958 0.7293536
1 -0.2135096 0.9396137 -0.9824910
1 0.4452786 -1.4513112 0.7880972
8 0.0928871 -0.6892787 -0.0757847
5
-114.673     ts77     dynamics     sesquiterpene     TS     runpoint      24     runisomer      64
6 -0.2003622 0.6643346 0.0677716
1 0.2394955 1.2823310 0.6936358
1 -0.2267475 0.8903637 -1.0024967
1 0.4116414 -1.4168074 0.8771999
8 0.0956539 -0.6831414 -0.0866178
5
-114.657     ts77     dynamics     sesquiterpene     TS     runpoint      25     runisomer      64
6 -0.2024426 0.6603940 0.0759374
1 0.2713299 1.2348902 0.6905276
1 -0.2441134 0.8511256 -1.0177657
1 0.3627076 -1.3427851 0.9290439
8 0.0993891 -0.6793879 -0.0948505
5
-114.656     ts77     dynamics     sesquiterpene     TS     runpoint      26     runisomer      64
6 -0.2067044 0.6528668 0.0794079
1 0.3321774 1.2205188 0.7258855
1 -0.2654462 0.8249658 -1.0232712
1 0.3012361 -1.2348916 0.9392902
8 0.1039718 -0.6779864 -0.0999802
5
-114.675     ts77     dynamics     sesquiterpene     TS     runpoint      27     runisomer      64
6 -0.2120787 0.6433321 0.0794046
1 0.4080350 1.2231633 0.7797237
1 -0.2902942 0.8149956 -1.0172541
1 0.2309324 -1.1008575 0.9052933
8 0.1092226 -0.6788170 -0.1016051
5
-114.696     ts77     dynamics     sesquiterpene     TS     runpoint      28     runisomer      64
6 -0.2171076 0.6335130 0.0775844
1 0.4801218 1.2257650 0.8293967
1 -0.3181858 0.8238697 -1.0009357
1 0.1573402 -0.9538812 0.8327286
8 0.1148507 -0.6814351 -0.0998229
5
-114.701     ts77     dynamics     sesquiterpene     TS     runpoint      29     runisomer      64
6 -0.2208791 0.6245099 0.0749149
1 0.5363696 1.2197596 0.8620039
1 -0.3488187 0.8532131 -0.9776149
1 0.0874828 -0.8168968 0.7555872
8 0.1204707 -0.6847829 -0.0964822
5
-114.674     ts77     dynamics     sesquiterpene     TS     runpoint      30     runisomer      64
6 -0.2229584 0.6171376 0.0717844
1 0.5707574 1.2022893 0.8722721
1 -0.3820549 0.9030436 -0.9513147
1 0.0222715 -0.7141835 0.7522941
8 0.1260706 -0.6877634 -0.0962281
5
-114.659     ts77     dynamics     sesquiterpene     TS     runpoint      31     runisomer      64
6 -0.2231346 0.6120955 0.0683155
1 0.5807352 1.1736002 0.8589901
1 -0.4177375 0.9714296 -0.9248882
1 -0.0434857 -0.6465805 0.8363985
8 0.1319703 -0.6907408 -0.0997518
5
-114.672     ts77     dynamics     sesquiterpene     TS     runpoint      32     runisomer      64
6 -0.2213065 0.6096910 0.0646143
1 0.5662629 1.1361533 0.8233646
1 -0.4553196 1.0540015 -0.8983074
1 -0.1030184 -0.6104575 0.9370914
8 0.1376324 -0.6940559 -0.1027476
5
-114.672     ts77     dynamics     sesquiterpene     TS     runpoint      33     runisomer      64
6 -0.2176299 0.6098800 0.0606589
1 0.5304290 1.0942736 0.7694460
1 -0.4935032 1.1437472 -0.8687148
1 -0.1502143 -0.6027073 1.0138816
8 0.1425133 -0.6977021 -0.1030851
5
-114.666     ts77     dynamics     sesquiterpene     TS     runpoint      34     runisomer      64
6 -0.2128059 0.6124323 0.0559937
1 0.4819304 1.0551630 0.7066810
1 -0.5304055 1.2319624 -0.8326129
1 -0.1826594 -0.6189075 1.0523846
8 0.1463213 -0.7016899 -0.1003294
5
-114.658     ts77     dynamics     sesquiterpene     TS     runpoint      35     runisomer      64
6 -0.2083665 0.6167461 0.0494101
1 0.4388982 1.0309198 0.6535504
1 -0.5641994 1.3100977 -0.7882464
1 -0.1989874 -0.6553550 1.0478719
8 0.1488615 -0.7060260 -0.0945508
5
-114.65     ts77     dynamics     sesquiterpene     TS     runpoint      36     runisomer      64
6 -0.2063041 0.6218623 0.0392630
1 0.4254600 1.0363043 0.6340878
1 -0.5937788 1.3714471 -0.7366050
1 -0.1978625 -0.7096507 0.9992342
8 0.1499558 -0.7106484 -0.0858994
5
-114.657     ts77     dynamics     sesquiterpene     TS     runpoint      37     runisomer      64
6 -0.2070483 0.6275152 0.0253895
1 0.4484532 1.0742415 0.6558213
1 -0.6192675 1.4120858 -0.6813096
1 -0.1789951 -0.7798938 0.9097715
8 0.1494848 -0.7154145 -0.0747049
5
-114.682     ts77     dynamics     sesquiterpene     TS     runpoint      38     runisomer      64
6 -0.2086912 0.6345294 0.0099625
1 0.4884064 1.1296052 0.7004339
1 -0.6422281 1.4312928 -0.6279242
1 -0.1468863 -0.8641251 0.7962228
8 0.1476263 -0.7200695 -0.0621484
5
-114.69     ts77     dynamics     sesquiterpene     TS     runpoint      39     runisomer      64
6 -0.2090539 0.6433617 -0.0043961
1 0.5242352 1.1854094 0.7463694
1 -0.6657640 1.4316967 -0.5829653
1 -0.1188030 -0.9655845 0.7089951
8 0.1453564 -0.7238469 -0.0516030
5
-114.669     ts77     dynamics     sesquiterpene     TS     runpoint      40     runisomer      64
6 -0.2066545 0.6534761 -0.0156596
1 0.5445988 1.2315149 0.7803534
1 -0.6946131 1.4187698 -0.5527822
1 -0.1184353 -1.1009557 0.7105019
8 0.1440690 -0.7249974 -0.0472874
5
-114.675     ts77     dynamics     sesquiterpene     TS     runpoint      41     runisomer      64
6 -0.2006183 0.6639948 -0.0225678
1 0.5451203 1.2632669 0.7958003
1 -0.7341730 1.3985091 -0.5416900
1 -0.1337727 -1.2558169 0.7574768
8 0.1429676 -0.7238561 -0.0467332
5
-114.676     ts77     dynamics     sesquiterpene     TS     runpoint      42     runisomer      64
6 -0.1906296 0.6743893 -0.0247455
1 0.5249162 1.2788859 0.7900471
1 -0.7875398 1.3732988 -0.5495672
1 -0.1473531 -1.3944603 0.7930240
8 0.1409676 -0.7223150 -0.0464769
5
-114.665     ts77     dynamics     sesquiterpene     TS     runpoint      43     runisomer      64
6 -0.1770682 0.6845589 -0.0226716
1 0.4854102 1.2785380 0.7633530
1 -0.8524190 1.3400061 -0.5710167
1 -0.1541996 -1.4980628 0.7992628
8 0.1378041 -0.7212983 -0.0453900
5
-114.659     ts77     dynamics     sesquiterpene     TS     runpoint      44     runisomer      64
6 -0.1610766 0.6944120 -0.0175333
1 0.4312786 1.2653165 0.7201217
1 -0.9212431 1.2931470 -0.5974515
1 -0.1542556 -1.5601040 0.7748808
8 0.1335596 -0.7209960 -0.0433167
5
-114.66     ts77     dynamics     sesquiterpene     TS     runpoint      45     runisomer      64
6 -0.1445508 0.7032776 -0.0112077
1 0.3731528 1.2482720 0.6725991
1 -0.9843175 1.2292853 -0.6203174
1 -0.1482170 -1.5779847 0.7222866
8 0.1284199 -0.7214235 -0.0403109
5
-114.661     ts77     dynamics     sesquiterpene     TS     runpoint      46     runisomer      64
6 -0.1299865 0.7095289 -0.0063562
1 0.3291536 1.2455512 0.6442625
1 -1.0329958 1.1487405 -0.6331392
1 -0.1366164 -1.5499693 0.6444859
8 0.1226039 -0.7226334 -0.0364532
5
-114.664     ts77     dynamics     sesquiterpene     TS     runpoint      47     runisomer      64
6 -0.1194301 0.7112839 -0.0054069
1 0.3147631 1.2758313 0.6582581
1 -1.0615271 1.0550792 -0.6321939
1 -0.1211032 -1.4791783 0.5482120
8 0.1164128 -0.7244169 -0.0320376
5
-114.68     ts77     dynamics     sesquiterpene     TS     runpoint      48     runisomer      64
6 -0.1127773 0.7084681 -0.0081726
1 0.3240141 1.3343125 0.7088205
1 -1.0680521 0.9540920 -0.6165886
1 -0.1094498 -1.3897057 0.4552214
8 0.1105181 -0.7252642 -0.0282709
5
-114.674     ts77     dynamics     sesquiterpene     TS     runpoint      49     runisomer      64
6 -0.1085163 0.7024808 -0.0125128
1 0.3388194 1.3979858 0.7694366
1 -1.0553747 0.8531043 -0.5882824
1 -0.1259657 -1.3548955 0.4202178
8 0.1066328 -0.7206147 -0.0284108
5
-114.657     ts77     dynamics     sesquiterpene     TS     runpoint      50     runisomer      64
6 -0.1051984 0.6945272 -0.0165003
1 0.3465678 1.4486139 0.8195812
1 -1.0319674 0.7604028 -0.5523173
1 -0.1871121 -1.4141506 0.4695029
8 0.1060364 -0.7082636 -0.0339492
5
-114.679     ts77     dynamics     sesquiterpene     TS     runpoint      51     runisomer      64
6 -0.1016319 0.6854621 -0.0188065
1 0.3417375 1.4772943 0.8492802
1 -1.0117910 0.6839627 -0.5163767
1 -0.2621822 -1.4839249 0.5423394
8 0.1071265 -0.6940584 -0.0409420
5
-114.665     ts77     dynamics     sesquiterpene     TS     runpoint      52     runisomer      64
6 -0.0969586 0.6759434 -0.0186311
1 0.3230263 1.4807311 0.8549164
1 -1.0094857 0.6296648 -0.4879210
1 -0.3303725 -1.5200068 0.6046520
8 0.1089544 -0.6814392 -0.0471470
5
-114.645     ts77     dynamics     sesquiterpene     TS     runpoint      53     runisomer      64
6 -0.0911760 0.6664381 -0.0158582
1 0.2916689 1.4586582 0.8363792
1 -1.0312779 0.6009910 -0.4696527
1 -0.3845288 -1.5137295 0.6467372
8 0.1113790 -0.6715068 -0.0518606
5
-114.64     ts77     dynamics     sesquiterpene     TS     runpoint      54     runisomer      64
6 -0.0853818 0.6571789 -0.0111314
1 0.2510019 1.4135875 0.7968563
1 -1.0708567 0.5997119 -0.4583565
1 -0.4222263 -1.4669070 0.6662505
8 0.1144659 -0.6645913 -0.0548569
5
-114.649     ts77     dynamics     sesquiterpene     TS     runpoint      55     runisomer      64
6 -0.0812864 0.6481633 -0.0057142
1 0.2068585 1.3528222 0.7450657
1 -1.1153644 0.6254901 -0.4485300
1 -0.4415444 -1.3825628 0.6615955
8 0.1181988 -0.6609376 -0.0559821
5
-114.665     ts77     dynamics     sesquiterpene     TS     runpoint      56     runisomer      64
6 -0.0806350 0.6389342 -0.0015444
1 0.1684462 1.2923099 0.6992885
1 -1.1528649 0.6751498 -0.4358414
1 -0.4405933 -1.2645602 0.6312928
8 0.1224369 -0.6607670 -0.0551142
5
-114.676     ts77     dynamics     sesquiterpene     TS     runpoint      57     runisomer      64
6 -0.0848299 0.6285105 -0.0011143
1 0.1472104 1.2560136 0.6866014
1 -1.1753963 0.7429633 -0.4181541
1 -0.4218676 -1.1234167 0.5793634
8 0.1271651 -0.6638275 -0.0524770
5
-114.682     ts77     dynamics     sesquiterpene     TS     runpoint      58     runisomer      64
6 -0.0942555 0.6169344 -0.0057462
1 0.1492019 1.2560728 0.7216504
1 -1.1791827 0.8216132 -0.3953040
1 -0.4055951 -0.9860635 0.5300649
8 0.1333270 -0.6687583 -0.0495412
5
-114.676     ts77     dynamics     sesquiterpene     TS     runpoint      59     runisomer      64
6 -0.1078562 0.6066753 -0.0140104
1 0.1692428 1.2762704 0.7872784
1 -1.1642909 0.9033253 -0.3687091
1 -0.4407377 -0.8900269 0.5363043
8 0.1435461 -0.6735356 -0.0495419
5
-114.68     ts77     dynamics     sesquiterpene     TS     runpoint      60     runisomer      64
6 -0.1238898 0.6006021 -0.0235588
1 0.1981035 1.2941096 0.8568804
1 -1.1344166 0.9813746 -0.3410809
1 -0.5296506 -0.8336356 0.5982161
8 0.1574792 -0.6785772 -0.0524025
5
-114.689     ts77     dynamics     sesquiterpene     TS     runpoint      61     runisomer      64
6 -0.1406224 0.6000977 -0.0326182
1 0.2286760 1.2970560 0.9132035
1 -1.0965743 1.0515085 -0.3160581
1 -0.6201034 -0.7994227 0.6647432
8 0.1714230 -0.6849612 -0.0549214
5
-114.672     ts77     dynamics     sesquiterpene     TS     runpoint      62     runisomer      64
6 -0.1564434 0.6050918 -0.0399955
1 0.2564728 1.2808972 0.9478140
1 -1.0600571 1.1124762 -0.2976432
1 -0.6834964 -0.7815480 0.7104420
8 0.1832373 -0.6926589 -0.0556036
5
-114.65     ts77     dynamics     sesquiterpene     TS     runpoint      63     runisomer      64
6 -0.1699527 0.6147396 -0.0448782
1 0.2786539 1.2457026 0.9570441
1 -1.0340804 1.1654193 -0.2894343
1 -0.7104455 -0.7782132 0.7278435
8 0.1920387 -0.7012271 -0.0541342
5
-114.64     ts77     dynamics     sesquiterpene     TS     runpoint      64     runisomer      64
6 -0.1802045 0.6280035 -0.0467670
1 0.2933972 1.1938755 0.9399120
1 -1.0242890 1.2116912 -0.2937090
1 -0.6984774 -0.7884089 0.7153764
8 0.1974326 -0.7101865 -0.0505797
5
-114.646     ts77     dynamics     sesquiterpene     TS     runpoint      65     runisomer      64
6 -0.1869122 0.6439769 -0.0455731
1 0.3000035 1.1299554 0.8981883
1 -1.0303766 1.2504433 -0.3107480
1 -0.6479859 -0.8115668 0.6737797
8 0.1992535 -0.7191268 -0.0451498
5
-114.664     ts77     dynamics     sesquiterpene     TS     runpoint      66     runisomer      64
6 -0.1904795 0.6618320 -0.0418334
1 0.3001701 1.0616128 0.8387261
1 -1.0468932 1.2783908 -0.3387612
1 -0.5640553 -0.8479770 0.6077327
8 0.1976755 -0.7276846 -0.0382800
5
-114.682     ts77     dynamics     sesquiterpene     TS     runpoint      67     runisomer      64
6 -0.1920202 0.6804808 -0.0370365
1 0.3009187 1.0009606 0.7779297
1 -1.0661592 1.2917380 -0.3743441
1 -0.4663358 -0.9003052 0.5341284
8 0.1938444 -0.7354001 -0.0311653
5
-114.672     ts77     dynamics     sesquiterpene     TS     runpoint      68     runisomer      64
6 -0.1933167 0.6983942 -0.0335921
1 0.3165926 0.9629774 0.7426084
1 -1.0810280 1.2881191 -0.4132148
1 -0.4070493 -0.9800224 0.4972614
8 0.1910336 -0.7411965 -0.0267492
5
-114.65     ts77     dynamics     sesquiterpene     TS     runpoint      69     runisomer      64
6 -0.1958387 0.7142051 -0.0331583
1 0.3588605 0.9567391 0.7512786
1 -1.0868723 1.2675422 -0.4512403
1 -0.4261331 -1.1035150 0.5309929
8 0.1918367 -0.7435905 -0.0273474
5
-114.677     ts77     dynamics     sesquiterpene     TS     runpoint      70     runisomer      64
6 -0.1991549 0.7274593 -0.0346755
1 0.4193984 0.9787541 0.7908028
1 -1.0827111 1.2325235 -0.4856626
1 -0.4694177 -1.2450151 0.5858072
8 0.1929790 -0.7438025 -0.0299803
5
-114.684     ts77     dynamics     sesquiterpene     TS     runpoint      71     runisomer      64
6 -0.2016124 0.7380762 -0.0358553
1 0.4787152 1.0200887 0.8340947
1 -1.0710991 1.1875632 -0.5158338
1 -0.4973762 -1.3723437 0.6237933
8 0.1921185 -0.7435205 -0.0323122
5
-114.665     ts77     dynamics     sesquiterpene     TS     runpoint      72     runisomer      64
6 -0.2017425 0.7458178 -0.0350144
1 0.5221196 1.0729502 0.8622318
1 -1.0570863 1.1382136 -0.5431060
1 -0.4999669 -1.4697040 0.6341187
8 0.1887666 -0.7434200 -0.0336441
5
-114.646     ts77     dynamics     sesquiterpene     TS     runpoint      73     runisomer      64
6 -0.1986644 0.7503688 -0.0312746
1 0.5421415 1.1314815 0.8661780
1 -1.0460431 1.0896449 -0.5698113
1 -0.4772075 -1.5303038 0.6158603
8 0.1830703 -0.7436475 -0.0338608
5
-114.64     ts77     dynamics     sesquiterpene     TS     runpoint      74     runisomer      64
6 -0.1921665 0.7515606 -0.0243853
1 0.5362351 1.1911117 0.8430203
1 -1.0405477 1.0451665 -0.5972975
1 -0.4314224 -1.5504235 0.5706506
8 0.1753407 -0.7442332 -0.0329866
5
-114.65     ts77     dynamics     sesquiterpene     TS     runpoint      75     runisomer      64
6 -0.1827655 0.7494282 -0.0146734
1 0.5054920 1.2482794 0.7939717
1 -1.0385619 1.0058703 -0.6243687
1 -0.3660396 -1.5280662 0.5014674
8 0.1659841 -0.7451714 -0.0311142
5
-114.672     ts77     dynamics     sesquiterpene     TS     runpoint      76     runisomer      64
6 -0.1715965 0.7440102 -0.0030393
1 0.4550842 1.3011640 0.7246212
1 -1.0348005 0.9715197 -0.6477356
1 -0.2887385 -1.4677807 0.4158351
8 0.1556763 -0.7460763 -0.0286005
5
-114.688     ts77     dynamics     sesquiterpene     TS     runpoint      77     runisomer      64
6 -0.1602457 0.7350176 0.0090801
1 0.3956170 1.3518698 0.6462648
1 -1.0238553 0.9415519 -0.6639310
1 -0.2216339 -1.3992346 0.3361053
8 0.1459917 -0.7449587 -0.0267083
5
-114.665     ts77     dynamics     sesquiterpene     TS     runpoint      78     runisomer      64
6 -0.1504838 0.7216609 0.0199645
1 0.3422303 1.4084422 0.5746980
1 -1.0027009 0.9155203 -0.6710269
1 -0.2112441 -1.4022290 0.3086521
8 0.1400472 -0.7366771 -0.0281839
5
-114.658     ts77     dynamics     sesquiterpene     TS     runpoint      79     runisomer      64
6 -0.1435578 0.7033590 0.0285068
1 0.3065867 1.4791964 0.5212144
1 -0.9720302 0.8933571 -0.6696438
1 -0.2610004 -1.4878438 0.3363616
8 0.1383016 -0.7206166 -0.0330515
5
-114.684     ts77     dynamics     sesquiterpene     TS     runpoint      80     runisomer      64
6 -0.1394884 0.6810496 0.0349862
1 0.2886340 1.5589588 0.4841732
1 -0.9364397 0.8755273 -0.6632518
1 -0.3248818 -1.5712240 0.3760094
8 0.1381655 -0.7025320 -0.0384763
5
-114.677     ts77     dynamics     sesquiterpene     TS     runpoint      81     runisomer      64
6 -0.1375170 0.6568845 0.0403952
1 0.2819028 1.6305785 0.4560306
1 -0.9032000 0.8630193 -0.6574270
1 -0.3811371 -1.6141603 0.4088028
8 0.1385652 -0.6854247 -0.0431905
5
-114.657     ts77     dynamics     sesquiterpene     TS     runpoint      82     runisomer      64
6 -0.1369306 0.6329446 0.0455041
1 0.2814252 1.6785649 0.4320499
1 -0.8796162 0.8571059 -0.6578380
1 -0.4234256 -1.6098118 0.4302274
8 0.1393372 -0.6703922 -0.0468338
5
-114.643     ts77     dynamics     sesquiterpene     TS     runpoint      83     runisomer      64
6 -0.1374880 0.6109167 0.0505741
1 0.2851634 1.6942730 0.4108993
1 -0.8696387 0.8584559 -0.6673361
1 -0.4498944 -1.5606766 0.4395068
8 0.1405614 -0.6580391 -0.0492884
5
-114.642     ts77     dynamics     sesquiterpene     TS     runpoint      84     runisomer      64
6 -0.1395724 0.5924665 0.0554371
1 0.2930366 1.6744823 0.3926523
1 -0.8720643 0.8661833 -0.6842366
1 -0.4588062 -1.4699060 0.4356609
8 0.1423456 -0.6491585 -0.0504763
5
-114.654     ts77     dynamics     sesquiterpene     TS     runpoint      85     runisomer      64
6 -0.1439837 0.5793025 0.0597313
1 0.3061435 1.6198131 0.3775431
1 -0.8821495 0.8779210 -0.7036397
1 -0.4487745 -1.3419685 0.4176294
8 0.1448367 -0.6446413 -0.0503836
5
-114.674     ts77     dynamics     sesquiterpene     TS     runpoint      86     runisomer      64
6 -0.1514889 0.5725995 0.0630480
1 0.3265640 1.5352554 0.3660313
1 -0.8947115 0.8908543 -0.7201203
1 -0.4263339 -1.1926862 0.3902293
8 0.1485617 -0.6445070 -0.0493796
5
-114.683     ts77     dynamics     sesquiterpene     TS     runpoint      87     runisomer      64
6 -0.1625481 0.5723091 0.0648798
1 0.3582987 1.4328101 0.3599276
1 -0.9059593 0.9027736 -0.7293756
1 -0.4249616 -1.0638606 0.3783678
8 0.1554852 -0.6467037 -0.0490368
5
-114.669     ts77     dynamics     sesquiterpene     TS     runpoint      88     runisomer      64
6 -0.1774461 0.5770815 0.0645934
1 0.4092149 1.3328901 0.3633093
1 -0.9138309 0.9127716 -0.7288108
1 -0.4952378 -0.9968918 0.4178523
8 0.1683815 -0.6488403 -0.0515562
5
-114.685     ts77     dynamics     sesquiterpene     TS     runpoint      89     runisomer      64
6 -0.1962284 0.5852077 0.0618066
1 0.4878348 1.2546814 0.3800183
1 -0.9178757 0.9215762 -0.7180811
1 -0.6026339 -0.9666658 0.4820426
8 0.1845453 -0.6524690 -0.0552369
5
-114.695     ts77     dynamics     sesquiterpene     TS     runpoint      90     runisomer      64
6 -0.2175936 0.5959545 0.0570904
1 0.5888497 1.1991725 0.4068623
1 -0.9195164 0.9313229 -0.6998716
1 -0.6951563 -0.9488690 0.5348477
8 0.2001465 -0.6587706 -0.0578621
5
-114.685     ts77     dynamics     sesquiterpene     TS     runpoint      91     runisomer      64
6 -0.2387264 0.6091696 0.0518901
1 0.6909708 1.1557834 0.4341488
1 -0.9225776 0.9451329 -0.6801932
1 -0.7517669 -0.9366314 0.5629658
8 0.2133309 -0.6675937 -0.0586897
5
-114.666     ts77     dynamics     sesquiterpene     TS     runpoint      92     runisomer      64
6 -0.2568287 0.6242154 0.0476762
1 0.7736661 1.1181458 0.4534919
1 -0.9322779 0.9662843 -0.6666589
1 -0.7665833 -0.9286684 0.5634758
8 0.2232511 -0.6783459 -0.0576305
5
-114.65     ts77     dynamics     sesquiterpene     TS     runpoint      93     runisomer      64
6 -0.2700961 0.6401628 0.0453245
1 0.8249402 1.0855366 0.4605732
1 -0.9517743 0.9964663 -0.6642873
1 -0.7387309 -0.9253442 0.5367406
8 0.2294515 -0.6903689 -0.0547767
5
-114.648     ts77     dynamics     sesquiterpene     TS     runpoint      94     runisomer      64
6 -0.2778426 0.6563276 0.0449027
1 0.8395522 1.0595626 0.4539605
1 -0.9788475 1.0341064 -0.6718471
1 -0.6703541 -0.9284153 0.4850418
8 0.2317454 -0.7030395 -0.0503083
5
-114.659     ts77     dynamics     sesquiterpene     TS     runpoint      95     runisomer      64
6 -0.2802403 0.6723845 0.0458746
1 0.8165391 1.0423837 0.4338391
1 -1.0067247 1.0747810 -0.6829383
1 -0.5717876 -0.9422869 0.4154460
8 0.2305435 -0.7156944 -0.0446831
5
-114.67     ts77     dynamics     sesquiterpene     TS     runpoint      96     runisomer      64
6 -0.2780123 0.6880891 0.0475086
1 0.7591954 1.0364776 0.4017688
1 -1.0278725 1.1132925 -0.6901881
1 -0.4786135 -0.9784960 0.3488909
8 0.2279522 -0.7272498 -0.0392351
5
-114.659     ts77     dynamics     sesquiterpene     TS     runpoint      97     runisomer      64
6 -0.2725200 0.7028502 0.0490751
1 0.6784830 1.0455820 0.3617103
1 -1.0368032 1.1453156 -0.6882204
1 -0.4627916 -1.0626950 0.3240838
8 0.2284878 -0.7356118 -0.0364440
5
-114.668     ts77     dynamics     sesquiterpene     TS     runpoint      98     runisomer      64
6 -0.2662288 0.7154796 0.0497458
1 0.5994249 1.0770109 0.3219361
1 -1.0311545 1.1680625 -0.6745600
1 -0.5216291 -1.1960452 0.3363408
8 0.2321058 -0.7401001 -0.0360715
5
-114.685     ts77     dynamics     sesquiterpene     TS     runpoint      99     runisomer      64
6 -0.2624243 0.7242994 0.0486517
1 0.5589722 1.1426082 0.2939520
1 -1.0122412 1.1803477 -0.6498706
1 -0.5837382 -1.3366690 0.3476421
8 0.2345273 -0.7427645 -0.0357532
5
-114.675     ts77     dynamics     sesquiterpene     TS     runpoint      100     runisomer      64
6 -0.2621170 0.7282702 0.0458496
1 0.5710239 1.2458891 0.2816179
1 -0.9857552 1.1827343 -0.6185596
1 -0.6176235 -1.4558288 0.3430117
8 0.2340085 -0.7448962 -0.0345518
5
-114.67     ts77     dynamics     sesquiterpene     TS     runpoint      101     runisomer      64
6 -0.2624363 0.7282499 0.0427377
1 0.6078651 1.3672685 0.2768162
1 -0.9617215 1.1780761 -0.5889707
1 -0.6167956 -1.5405712 0.3204100
8 0.2303661 -0.7468979 -0.0323519
5
-114.662     ts77     dynamics     sesquiterpene     TS     runpoint      102     runisomer      64
6 -0.2602305 0.7255698 0.0408232
1 0.6402867 1.4816023 0.2716869
1 -0.9516217 1.1709669 -0.5709288
1 -0.5823524 -1.5847389 0.2814146
8 0.2238673 -0.7488623 -0.0292691
5
-114.652     ts77     dynamics     sesquiterpene     TS     runpoint      103     runisomer      64
6 -0.2540463 0.7210815 0.0408844
1 0.6546210 1.5725641 0.2628039
1 -0.9621520 1.1643055 -0.5700847
1 -0.5177109 -1.5848836 0.2285609
8 0.2149192 -0.7507987 -0.0254754
5
-114.654     ts77     dynamics     sesquiterpene     TS     runpoint      104     runisomer      64
6 -0.2440725 0.7154869 0.0427590
1 0.6470423 1.6316588 0.2492666
1 -0.9902407 1.1558858 -0.5836037
1 -0.4294540 -1.5412441 0.1654589
8 0.2041277 -0.7525456 -0.0211979
5
-114.665     ts77     dynamics     sesquiterpene     TS     runpoint      105     runisomer      64
6 -0.2314425 0.7094375 0.0456800
1 0.6181091 1.6546959 0.2312417
1 -1.0257782 1.1401561 -0.6028529
1 -0.3346682 -1.4675990 0.0985968
8 0.1927467 -0.7531100 -0.0168250
5
-114.662     ts77     dynamics     sesquiterpene     TS     runpoint      106     runisomer      64
6 -0.2174927 0.7033058 0.0487747
1 0.5707708 1.6401907 0.2095062
1 -1.0581952 1.1123785 -0.6190591
1 -0.2777724 -1.4176975 0.0386011
8 0.1837261 -0.7489909 -0.0129728
5
-114.641     ts77     dynamics     sesquiterpene     TS     runpoint      107     runisomer      64
6 -0.2035509 0.6970460 0.0512928
1 0.5108230 1.5902302 0.1855257
1 -1.0801137 1.0706218 -0.6261048
1 -0.3097060 -1.4640710 -0.0121476
8 0.1804411 -0.7355950 -0.0097064
5
-114.674     ts77     dynamics     sesquiterpene     TS     runpoint      108     runisomer      64
6 -0.1911971 0.6900632 0.0526160
1 0.4495592 1.5145239 0.1618509
1 -1.0879659 1.0158290 -0.6208308
1 -0.3878116 -1.5464729 -0.0628911
8 0.1804533 -0.7169429 -0.0063383
