5
-114.654160 ts77 dynamics sesquiterpene TS runpoint 1  runisomer  151
6 -0.0240884 0.6580173 -0.0138374
1 -0.2688859 1.1192897 0.8946945
1 -0.3167844 1.2623384 -0.8628730
1 0.9454239 -0.0677743 0.0517305
8 -0.0325505 -0.7765432 0.0051175
5
-114.649 ts77 dynamics sesquiterpene TS runpoint 2  runisomer  151
6 -0.0258425 0.658207 -0.00977469
1 -0.253916 1.09691 0.818121
1 -0.290087 1.30641 -0.845399
1 0.906129 -0.0390745 0.0276323
8 -0.0313838 -0.779861 0.00731166
5
-114.634     ts77     dynamics     sesquiterpene     TS     runpoint      3     runisomer      151
6 -0.0273519 0.6562483 -0.0092658
1 -0.2511877 1.0979510 0.7964340
1 -0.2614969 1.3414953 -0.8349189
1 0.8866392 -0.0072981 0.0029481
8 -0.0309975 -0.7826696 0.0091906
5
-114.626     ts77     dynamics     sesquiterpene     TS     runpoint      4     runisomer      151
6 -0.0285812 0.6519810 -0.0132937
1 -0.2638930 1.1277000 0.8415583
1 -0.2314182 1.3647009 -0.8312887
1 0.8952066 0.0292441 -0.0220777
8 -0.0317112 -0.7851085 0.0107170
5
-114.638     ts77     dynamics     sesquiterpene     TS     runpoint      5     runisomer      151
6 -0.0300194 0.6467651 -0.0191160
1 -0.2832648 1.1685064 0.9204929
1 -0.2011540 1.3743812 -0.8339235
1 0.9336076 0.0746953 -0.0470471
8 -0.0337382 -0.7872419 0.0118497
5
-114.647     ts77     dynamics     sesquiterpene     TS     runpoint      6     runisomer      151
6 -0.0315535 0.6414912 -0.0239263
1 -0.3005106 1.2027316 0.9984767
1 -0.1727917 1.3702554 -0.8418786
1 0.9957233 0.1355391 -0.0709753
8 -0.0372010 -0.7890170 0.0125535
5
-114.649     ts77     dynamics     sesquiterpene     TS     runpoint      7     runisomer      151
6 -0.0323068 0.6360906 -0.0263016
1 -0.3113081 1.2218498 1.0563112
1 -0.1489113 1.3532770 -0.8542105
1 1.0699427 0.2176536 -0.0922179
8 -0.0421375 -0.7902757 0.0128078
5
-114.65     ts77     dynamics     sesquiterpene     TS     runpoint      8     runisomer      151
6 -0.0312016 0.6302084 -0.0257367
1 -0.3141667 1.2230601 1.0853173
1 -0.1321865 1.3251871 -0.8702287
1 1.1433833 0.3226607 -0.1087783
8 -0.0484693 -0.7907868 0.0126089
5
-114.653     ts77     dynamics     sesquiterpene     TS     runpoint      9     runisomer      151
6 -0.0273967 0.6236732 -0.0221724
1 -0.3089580 1.2061414 1.0821024
1 -0.1249827 1.2879212 -0.8893576
1 1.2049458 0.4470636 -0.1187686
8 -0.0559861 -0.7903106 0.0119718
5
-114.661     ts77     dynamics     sesquiterpene     TS     runpoint      10     runisomer      151
6 -0.0204006 0.6166010 -0.0158369
1 -0.2964234 1.1723512 1.0465925
1 -0.1290037 1.2431374 -0.9107326
1 1.2466972 0.5840836 -0.1208438
8 -0.0644033 -0.7886904 0.0109343
5
-114.672     ts77     dynamics     sesquiterpene     TS     runpoint      11     runisomer      151
6 -0.0100059 0.6092650 -0.0073340
1 -0.2784924 1.1248875 0.9828674
1 -0.1450332 1.1920414 -0.9327954
1 1.2640802 0.7258050 -0.1144862
8 -0.0734181 -0.7859079 0.0095594
5
-114.683     ts77     dynamics     sesquiterpene     TS     runpoint      12     runisomer      151
6 0.0038785 0.6018181 0.0020386
1 -0.2595672 1.0709324 0.9030738
1 -0.1727660 1.1355586 -0.9531662
1 1.2555235 0.8644378 -0.1001415
8 -0.0827417 -0.7820997 0.0079342
5
-114.686     ts77     dynamics     sesquiterpene     TS     runpoint      13     runisomer      151
6 0.0214790 0.5939127 0.0098150
1 -0.2489590 1.0248799 0.8336538
1 -0.2107843 1.0747005 -0.9689925
1 1.2219510 0.9928823 -0.0792420
8 -0.0921047 -0.7775285 0.0061541
5
-114.676     ts77     dynamics     sesquiterpene     TS     runpoint      14     runisomer      151
6 0.0432353 0.5848004 0.0128795
1 -0.2612354 1.0060969 0.8107186
1 -0.2567700 1.0106849 -0.9778594
1 1.1665041 1.1050968 -0.0542544
8 -0.1012639 -0.7725486 0.0042836
5
-114.673     ts77     dynamics     sesquiterpene     TS     runpoint      15     runisomer      151
6 0.0693810 0.5751631 0.0104475
1 -0.3054688 1.0178149 0.8428113
1 -0.3108111 0.9432325 -0.9780811
1 1.0949412 1.1973778 -0.0267908
8 -0.1101799 -0.7676252 0.0023706
5
-114.684     ts77     dynamics     sesquiterpene     TS     runpoint      16     runisomer      151
6 0.0974038 0.5669329 0.0051154
1 -0.3701938 1.0426115 0.8987963
1 -0.3691523 0.8764772 -0.9696198
1 1.0161108 1.2659851 0.0006698
8 -0.1184841 -0.7631327 0.0005817
5
-114.677     ts77     dynamics     sesquiterpene     TS     runpoint      17     runisomer      151
6 0.1242987 0.5616077 -0.0019820
1 -0.4385461 1.0624426 0.9511163
1 -0.4277652 0.8187124 -0.9513275
1 0.9396150 1.3111550 0.0307943
8 -0.1258429 -0.7595971 -0.0004400
5
-114.654160 ts77 dynamics sesquiterpene TS runpoint 1  runisomer  151
6 -0.0240884 0.6580173 -0.0138374
1 -0.2688859 1.1192897 0.8946945
1 -0.3167844 1.2623384 -0.8628730
1 0.9454239 -0.0677743 0.0517305
8 -0.0325505 -0.7765432 0.0051175
5
-114.649 ts77 dynamics sesquiterpene TS runpoint 2  runisomer  151
6 -0.0224955 0.65674 -0.0181521
1 -0.285805 1.14681 0.985921
1 -0.341839 1.21282 -0.886742
1 0.993145 -0.093765 0.0747446
8 -0.0341079 -0.772561 0.00266034
5
-114.648     ts77     dynamics     sesquiterpene     TS     runpoint      3     runisomer      151
6 -0.0211957 0.6549251 -0.0204773
1 -0.2979680 1.1678294 1.0626336
1 -0.3655334 1.1611512 -0.9150702
1 1.0381521 -0.1170268 0.0958535
8 -0.0356606 -0.7678032 0.0000248
5
-114.638     ts77     dynamics     sesquiterpene     TS     runpoint      4     runisomer      151
6 -0.0201551 0.6527314 -0.0199996
1 -0.3028013 1.1778802 1.1107102
1 -0.3875990 1.1097980 -0.9443355
1 1.0716916 -0.1377127 0.1141316
8 -0.0368615 -0.7622517 -0.0026706
5
-114.628     ts77     dynamics     sesquiterpene     TS     runpoint      5     runisomer      151
6 -0.0193961 0.6502797 -0.0167464
1 -0.2997918 1.1758661 1.1245073
1 -0.4071105 1.0605568 -0.9699497
1 1.0879693 -0.1565528 0.1287839
8 -0.0374187 -0.7559972 -0.0052919
5
-114.624     ts77     dynamics     sesquiterpene     TS     runpoint      6     runisomer      151
6 -0.0190703 0.6477848 -0.0111406
1 -0.2893255 1.1621637 1.1028179
1 -0.4228542 1.0151332 -0.9874107
1 1.0838526 -0.1752801 0.1392718
8 -0.0370733 -0.7492200 -0.0076925
5
-114.627     ts77     dynamics     sesquiterpene     TS     runpoint      7     runisomer      151
6 -0.0194464 0.6455492 -0.0038407
1 -0.2724282 1.1383510 1.0480726
1 -0.4338333 0.9755185 -0.9934744
1 1.0585130 -0.1971570 0.1453709
8 -0.0355682 -0.7421680 -0.0097246
5
-114.638     ts77     dynamics     sesquiterpene     TS     runpoint      8     runisomer      151
6 -0.0208596 0.6438651 0.0041406
1 -0.2512462 1.1083632 0.9686479
1 -0.4396625 0.9440184 -0.9869305
1 1.0134560 -0.2275585 0.1472463
8 -0.0326366 -0.7351153 -0.0112415
5
-114.649     ts77     dynamics     sesquiterpene     TS     runpoint      9     runisomer      151
6 -0.0235878 0.6427434 0.0109843
1 -0.2303055 1.0814381 0.8847020
1 -0.4408367 0.9230665 -0.9690539
1 0.9533551 -0.2741637 0.1456604
8 -0.0280506 -0.7283208 -0.0121159
5
-114.652     ts77     dynamics     sesquiterpene     TS     runpoint      10     runisomer      151
6 -0.0276600 0.6415616 0.0137410
1 -0.2173368 1.0748830 0.8324907
1 -0.4389854 0.9150237 -0.9439064
1 0.8885848 -0.3452630 0.1425321
8 -0.0218509 -0.7220359 -0.0122851
5
-114.648     ts77     dynamics     sesquiterpene     TS     runpoint      11     runisomer      151
6 -0.0329910 0.6396327 0.0102172
1 -0.2181004 1.1041514 0.8427186
1 -0.4371400 0.9220041 -0.9184958
1 0.8411621 -0.4442340 0.1422400
8 -0.0149337 -0.7166372 -0.0118714
5
-114.658     ts77     dynamics     sesquiterpene     TS     runpoint      12     runisomer      151
6 -0.0397544 0.6377270 0.0023442
1 -0.2278676 1.1605792 0.9002021
1 -0.4395129 0.9455658 -0.9016257
1 0.8473134 -0.5657744 0.1525411
8 -0.0094849 -0.7125893 -0.0113012
5
-114.68     ts77     dynamics     sesquiterpene     TS     runpoint      13     runisomer      151
6 -0.0478648 0.6371432 -0.0061435
1 -0.2382865 1.2221287 0.9677546
1 -0.4495677 0.9855296 -0.8993254
1 0.9171369 -0.7078897 0.1770483
8 -0.0065118 -0.7095927 -0.0108816
5
-114.702     ts77     dynamics     sesquiterpene     TS     runpoint      14     runisomer      151
6 -0.0569164 0.6386039 -0.0130693
1 -0.2447699 1.2732188 1.0208583
1 -0.4673033 1.0381893 -0.9099222
1 1.0011663 -0.8676139 0.2069659
8 -0.0034926 -0.7071625 -0.0102532
5
-114.7     ts77     dynamics     sesquiterpene     TS     runpoint      15     runisomer      151
6 -0.0666232 0.6424758 -0.0178983
1 -0.2456889 1.3062352 1.0486535
1 -0.4890180 1.0963388 -0.9252119
1 1.0565279 -1.0294514 0.2330649
8 0.0017248 -0.7056157 -0.0090653
5
-114.683     ts77     dynamics     sesquiterpene     TS     runpoint      16     runisomer      151
6 -0.0768610 0.6488648 -0.0207847
1 -0.2406163 1.3180497 1.0474654
1 -0.5097015 1.1517536 -0.9362005
1 1.0686449 -1.1772061 0.2511036
8 0.0096237 -0.7053363 -0.0072711
5
-114.668     ts77     dynamics     sesquiterpene     TS     runpoint      17     runisomer      151
6 -0.0875164 0.6575990 -0.0219786
1 -0.2296154 1.3079919 1.0173646
1 -0.5252140 1.1975651 -0.9370028
1 1.0374785 -1.2992325 0.2598239
8 0.0198640 -0.7064531 -0.0049804
5
-114.662     ts77     dynamics     sesquiterpene     TS     runpoint      18     runisomer      151
6 -0.0983750 0.6682673 -0.0217416
1 -0.2132122 1.2776776 0.9619923
1 -0.5332114 1.2291598 -0.9255956
1 0.9672932 -1.3871843 0.2591182
8 0.0319017 -0.7089962 -0.0023459
5
-114.667     ts77     dynamics     sesquiterpene     TS     runpoint      19     runisomer      151
6 -0.1090649 0.6801169 -0.0206105
1 -0.1926734 1.2327124 0.8914519
1 -0.5333709 1.2442823 -0.9034447
1 0.8631514 -1.4343595 0.2494068
8 0.0451983 -0.7130338 0.0004630
5
-114.676     ts77     dynamics     sesquiterpene     TS     runpoint      20     runisomer      151
6 -0.1190573 0.6916357 -0.0199147
1 -0.1701559 1.1860991 0.8282691
1 -0.5273905 1.2432239 -0.8752962
1 0.7331023 -1.4378088 0.2323720
8 0.0590914 -0.7184554 0.0032181
5
-114.677     ts77     dynamics     sesquiterpene     TS     runpoint      21     runisomer      151
6 -0.1277889 0.7003578 -0.0218647
1 -0.1476164 1.1582117 0.8083450
1 -0.5189276 1.2292666 -0.8492179
1 0.5968753 -1.4096421 0.2140975
8 0.0722700 -0.7241367 0.0054408
5
-114.66     ts77     dynamics     sesquiterpene     TS     runpoint      22     runisomer      151
6 -0.1348667 0.7043316 -0.0271454
1 -0.1245453 1.1599020 0.8519024
1 -0.5132622 1.2085925 -0.8360380
1 0.4983455 -1.4024946 0.2121125
8 0.0819754 -0.7263725 0.0059490
5
-114.641     ts77     dynamics     sesquiterpene     TS     runpoint      23     runisomer      151
6 -0.1399876 0.7037354 -0.0326461
1 -0.1000603 1.1786064 0.9333642
1 -0.5156077 1.1880689 -0.8457210
1 0.4702209 -1.4801053 0.2469544
8 0.0861911 -0.7209210 0.0033547
5
-114.664     ts77     dynamics     sesquiterpene     TS     runpoint      24     runisomer      151
6 -0.1429701 0.6998298 -0.0349372
1 -0.0757502 1.1981670 1.0151558
1 -0.5275033 1.1705360 -0.8796823
1 0.4707089 -1.5862344 0.3028701
8 0.0876122 -0.7114325 -0.0014661
5
-114.664     ts77     dynamics     sesquiterpene     TS     runpoint      25     runisomer      151
6 -0.1440170 0.6939711 -0.0328045
1 -0.0540242 1.2103847 1.0744150
1 -0.5452340 1.1528453 -0.9276512
1 0.4684837 -1.6602319 0.3607390
8 0.0882828 -0.7020310 -0.0074263
5
-114.645     ts77     dynamics     sesquiterpene     TS     runpoint      26     runisomer      151
6 -0.1435816 0.6872878 -0.0265604
1 -0.0367999 1.2125156 1.1011218
1 -0.5628648 1.1298785 -0.9744112
1 0.4543759 -1.6801898 0.4126200
8 0.0888679 -0.6944477 -0.0141192
5
-114.636     ts77     dynamics     sesquiterpene     TS     runpoint      27     runisomer      151
6 -0.1421216 0.6805299 -0.0169651
1 -0.0253040 1.2042161 1.0922972
1 -0.5755759 1.0985004 -1.0071911
1 0.4265379 -1.6414453 0.4557287
8 0.0895998 -0.6893203 -0.0214145
