5
-114.654160 ts77 dynamics sesquiterpene TS runpoint 1  runisomer  28
6 -0.0146713 0.6242871 0.0161439
1 -0.4135958 1.2685785 0.9004078
1 -0.2975157 1.1151671 -0.9252539
1 1.0109805 -0.1057242 -0.1135252
8 -0.0358419 -0.7489803 -0.0033941
5
-114.646 ts77 dynamics sesquiterpene TS runpoint 2  runisomer  28
6 -0.0173253 0.624303 0.0126406
1 -0.404304 1.25299 0.90693
1 -0.295405 1.03695 -0.876691
1 1.07264 -0.108394 -0.0952453
8 -0.0384541 -0.742914 -0.00538841
5
-114.639     ts77     dynamics     sesquiterpene     TS     runpoint      3     runisomer      28
6 -0.0194875 0.6243518 0.0114525
1 -0.3853863 1.2236198 0.9037685
1 -0.2980669 0.9733386 -0.8541577
1 1.1218334 -0.1025064 -0.0739478
8 -0.0409552 -0.7374630 -0.0070583
5
-114.629     ts77     dynamics     sesquiterpene     TS     runpoint      4     runisomer      28
6 -0.0199082 0.6231972 0.0140423
1 -0.3588725 1.1848194 0.8937569
1 -0.3127290 0.9361948 -0.8793409
1 1.1531715 -0.0835857 -0.0500123
8 -0.0433609 -0.7330039 -0.0082899
5
-114.631     ts77     dynamics     sesquiterpene     TS     runpoint      5     runisomer      28
6 -0.0181152 0.6204784 0.0189431
1 -0.3284019 1.1436192 0.8837317
1 -0.3369019 0.9238021 -0.9425476
1 1.1652061 -0.0468997 -0.0241065
8 -0.0458609 -0.7298997 -0.0089840
5
-114.638     ts77     dynamics     sesquiterpene     TS     runpoint      6     runisomer      28
6 -0.0141682 0.6161069 0.0228288
1 -0.2987175 1.1087257 0.8837366
1 -0.3615797 0.9279646 -1.0142242
1 1.1595619 0.0124057 0.0030009
8 -0.0487816 -0.7284223 -0.0090904
5
-114.642     ts77     dynamics     sesquiterpene     TS     runpoint      7     runisomer      28
6 -0.0081526 0.6099228 0.0231940
1 -0.2737679 1.0868904 0.9015458
1 -0.3796365 0.9423594 -1.0711052
1 1.1400013 0.0984300 0.0303279
8 -0.0524968 -0.7287346 -0.0086222
5
-114.648     ts77     dynamics     sesquiterpene     TS     runpoint      8     runisomer      28
6 -0.0003352 0.6021787 0.0193898
1 -0.2547832 1.0787774 0.9353292
1 -0.3874145 0.9630078 -1.1011513
1 1.1119917 0.2129658 0.0564117
8 -0.0573040 -0.7309327 -0.0076451
5
-114.659     ts77     dynamics     sesquiterpene     TS     runpoint      9     runisomer      28
6 0.0085759 0.5937580 0.0122317
1 -0.2410891 1.0796000 0.9740800
1 -0.3835331 0.9869897 -1.0996152
1 1.0837186 0.3536706 0.0793121
8 -0.0633156 -0.7350450 -0.0062539
5
-114.671     ts77     dynamics     sesquiterpene     TS     runpoint      10     runisomer      28
6 0.0173785 0.5858119 0.0030113
1 -0.2322833 1.0832810 1.0054138
1 -0.3682286 1.0118619 -1.0661264
1 1.0673436 0.5139235 0.0973229
8 -0.0704079 -0.7409811 -0.0045534
5
-114.683     ts77     dynamics     sesquiterpene     TS     runpoint      11     runisomer      28
6 0.0249905 0.5791686 -0.0070888
1 -0.2288398 1.0849821 1.0210549
1 -0.3436551 1.0359132 -1.0043104
1 1.0733043 0.6862572 0.1098193
8 -0.0782596 -0.7484789 -0.0026412
5
-114.694     ts77     dynamics     sesquiterpene     TS     runpoint      12     runisomer      28
6 0.0317225 0.5741392 -0.0168875
1 -0.2312469 1.0812896 1.0176203
1 -0.3148724 1.0593731 -0.9236163
1 1.0972763 0.8635878 0.1167877
8 -0.0864829 -0.7571251 -0.0005945
5
-114.654160 ts77 dynamics sesquiterpene TS runpoint 1  runisomer  28
6 -0.0146713 0.6242871 0.0161439
1 -0.4135958 1.2685785 0.9004078
1 -0.2975157 1.1151671 -0.9252539
1 1.0109805 -0.1057242 -0.1135252
8 -0.0358419 -0.7489803 -0.0033941
5
-114.646 ts77 dynamics sesquiterpene TS runpoint 2  runisomer  28
6 -0.0128595 0.625744 0.0199051
1 -0.41271 1.26857 0.884431
1 -0.296476 1.19199 -0.973697
1 0.946608 -0.0989813 -0.129137
8 -0.0332666 -0.755338 -0.00117313
5
-114.643     ts77     dynamics     sesquiterpene     TS     runpoint      3     runisomer      28
6 -0.0128992 0.6296366 0.0225949
1 -0.4025949 1.2538052 0.8619499
1 -0.2882695 1.2560200 -1.0067359
1 0.8926324 -0.0927731 -0.1434669
8 -0.0309921 -0.7617535 0.0012099
5
-114.635     ts77     dynamics     sesquiterpene     TS     runpoint      4     runisomer      28
6 -0.0153475 0.6363018 0.0233738
1 -0.3859972 1.2282339 0.8391683
1 -0.2718451 1.3008903 -1.0178751
1 0.8616126 -0.0913860 -0.1585601
8 -0.0292821 -0.7680577 0.0037140
5
-114.63     ts77     dynamics     sesquiterpene     TS     runpoint      5     runisomer      28
6 -0.0201356 0.6453736 0.0214514
1 -0.3675276 1.1989836 0.8259157
1 -0.2477385 1.3235556 -1.0053011
1 0.8595851 -0.0978081 -0.1758264
8 -0.0282461 -0.7740446 0.0062872
5
-114.631     ts77     dynamics     sesquiterpene     TS     runpoint      6     runisomer      28
6 -0.0265877 0.6559054 0.0160851
1 -0.3522850 1.1742065 0.8332782
1 -0.2174545 1.3233032 -0.9701126
1 0.8828206 -0.1133455 -0.1947875
8 -0.0277397 -0.7793902 0.0088261
5
-114.637     ts77     dynamics     sesquiterpene     TS     runpoint      7     runisomer      28
6 -0.0338864 0.6668883 0.0072864
1 -0.3425825 1.1579280 0.8663130
1 -0.1833853 1.3022542 -0.9170669
1 0.9204172 -0.1387216 -0.2132050
8 -0.0273932 -0.7836796 0.0111630
5
-114.646     ts77     dynamics     sesquiterpene     TS     runpoint      8     runisomer      28
6 -0.0415135 0.6775273 -0.0033148
1 -0.3362626 1.1473068 0.9179959
1 -0.1489598 1.2678003 -0.8579575
1 0.9595140 -0.1755799 -0.2283079
8 -0.0267027 -0.7865005 0.0130859
5
-114.648     ts77     dynamics     sesquiterpene     TS     runpoint      9     runisomer      28
6 -0.0492710 0.6867425 -0.0123972
1 -0.3293749 1.1367117 0.9734051
1 -0.1182775 1.2359912 -0.8161139
1 0.9888438 -0.2273680 -0.2378671
8 -0.0251008 -0.7874816 0.0143733
5
-114.64     ts77     dynamics     sesquiterpene     TS     runpoint      10     runisomer      28
6 -0.0572674 0.6931397 -0.0161909
1 -0.3192705 1.1224346 1.0183556
1 -0.0937957 1.2273645 -0.8203862
1 0.9999055 -0.2994360 -0.2405611
8 -0.0219803 -0.7862987 0.0148248
5
-114.643     ts77     dynamics     sesquiterpene     TS     runpoint      11     runisomer      28
6 -0.0659923 0.6966049 -0.0134303
1 -0.3052689 1.1036950 1.0439206
1 -0.0739234 1.2460834 -0.8750850
1 0.9874454 -0.3976662 -0.2360062
8 -0.0167849 -0.7827096 0.0143016
5
-114.665     ts77     dynamics     sesquiterpene     TS     runpoint      12     runisomer      28
6 -0.0758855 0.6985770 -0.0061508
1 -0.2880809 1.0819040 1.0470916
1 -0.0561423 1.2753585 -0.9517547
1 0.9515693 -0.5247570 -0.2251581
8 -0.0093069 -0.7766553 0.0127882
5
-114.686     ts77     dynamics     sesquiterpene     TS     runpoint      13     runisomer      28
6 -0.0868934 0.7001146 0.0029195
1 -0.2692984 1.0601184 1.0305594
1 -0.0398660 1.2987262 -1.0205912
1 0.9043540 -0.6759483 -0.2118703
8 -0.0002849 -0.7683836 0.0105241
5
-114.692     ts77     dynamics     sesquiterpene     TS     runpoint      14     runisomer      28
6 -0.0984697 0.7012114 0.0114741
1 -0.2511420 1.0428589 1.0030533
1 -0.0255814 1.3080152 -1.0642360
1 0.8768681 -0.8417262 -0.2045623
8 0.0080863 -0.7582607 0.0081288
5
-114.69     ts77     dynamics     sesquiterpene     TS     runpoint      15     runisomer      28
6 -0.1098201 0.7012165 0.0174422
1 -0.2359689 1.0356670 0.9787711
1 -0.0138969 1.3007389 -1.0748642
1 0.8903432 -1.0185015 -0.2090118
8 0.0140577 -0.7462175 0.0061313
5
-114.693     ts77     dynamics     sesquiterpene     TS     runpoint      16     runisomer      28
6 -0.1202415 0.6994805 0.0192121
1 -0.2251554 1.0432759 0.9718705
1 -0.0052429 1.2774220 -1.0504736
1 0.9148255 -1.1955987 -0.2181125
8 0.0191054 -0.7327692 0.0042738
5
-114.689     ts77     dynamics     sesquiterpene     TS     runpoint      17     runisomer      28
6 -0.1293685 0.6957362 0.0165008
1 -0.2180774 1.0662332 0.9860586
1 0.0003221 1.2408402 -0.9941025
1 0.9184975 -1.3515163 -0.2238694
8 0.0249215 -0.7192788 0.0022243
5
-114.681     ts77     dynamics     sesquiterpene     TS     runpoint      18     runisomer      28
6 -0.1371634 0.6899915 0.0108557
1 -0.2126991 1.0995854 1.0114051
1 0.0036495 1.1972820 -0.9163483
1 0.8918522 -1.4706362 -0.2234872
8 0.0318976 -0.7068229 -0.0000617
5
-114.67     ts77     dynamics     sesquiterpene     TS     runpoint      19     runisomer      28
6 -0.1438577 0.6819615 0.0053438
1 -0.2071425 1.1358432 1.0333767
1 0.0077804 1.1596271 -0.8407239
1 0.8368064 -1.5454507 -0.2169243
8 0.0397769 -0.6959983 -0.0024902
5
-114.653     ts77     dynamics     sesquiterpene     TS     runpoint      20     runisomer      28
6 -0.1499696 0.6708094 0.0037453
1 -0.2004073 1.1682887 1.0413815
1 0.0189670 1.1475787 -0.8027801
1 0.7578523 -1.5723543 -0.2048534
8 0.0482057 -0.6872225 -0.0049467
5
-114.647     ts77     dynamics     sesquiterpene     TS     runpoint      21     runisomer      28
6 -0.1559518 0.6564737 0.0078633
1 -0.1921738 1.1921467 1.0310694
1 0.0420114 1.1716201 -0.8206310
1 0.6592485 -1.5493121 -0.1880561
8 0.0569339 -0.6809403 -0.0073215
5
-114.665     ts77     dynamics     sesquiterpene     TS     runpoint      22     runisomer      28
6 -0.1616578 0.6409199 0.0155747
1 -0.1824570 1.2046953 1.0035485
1 0.0730005 1.2170915 -0.8708962
1 0.5483178 -1.4814164 -0.1684439
8 0.0656374 -0.6772063 -0.0094438
5
-114.681     ts77     dynamics     sesquiterpene     TS     runpoint      23     runisomer      28
6 -0.1667389 0.6263511 0.0237378
1 -0.1714172 1.2055475 0.9641979
1 0.1044281 1.2625750 -0.9219832
1 0.4470473 -1.4029037 -0.1531722
8 0.0731514 -0.6741439 -0.0108336
5
-114.655     ts77     dynamics     sesquiterpene     TS     runpoint      24     runisomer      28
6 -0.1710381 0.6139425 0.0300386
1 -0.1591822 1.1973138 0.9222703
1 0.1310490 1.2947136 -0.9559873
1 0.3998092 -1.4045377 -0.1601244
8 0.0769014 -0.6662395 -0.0103404
5
-114.64     ts77     dynamics     sesquiterpene     TS     runpoint      25     runisomer      28
6 -0.1746064 0.6043174 0.0328147
1 -0.1456029 1.1858359 0.8899972
1 0.1501637 1.3077718 -0.9660169
1 0.4049670 -1.5030415 -0.1936188
8 0.0771897 -0.6529131 -0.0076477
5
-114.655     ts77     dynamics     sesquiterpene     TS     runpoint      26     runisomer      28
6 -0.1776359 0.5981520 0.0309433
1 -0.1301677 1.1778083 0.8786345
1 0.1605926 1.3004662 -0.9509657
1 0.4190404 -1.6031035 -0.2347822
8 0.0769439 -0.6410188 -0.0038838
5
-114.643     ts77     dynamics     sesquiterpene     TS     runpoint      27     runisomer      28
6 -0.1803070 0.5962331 0.0241778
1 -0.1124427 1.1757307 0.8919947
1 0.1620297 1.2740051 -0.9129803
1 0.4250643 -1.6579947 -0.2732725
8 0.0773581 -0.6343248 0.0003799
5
-114.636     ts77     dynamics     sesquiterpene     TS     runpoint      28     runisomer      28
6 -0.1827051 0.5992110 0.0133926
1 -0.0928802 1.1758188 0.9238478
1 0.1552680 1.2322024 -0.8577237
1 0.4197414 -1.6552890 -0.3059462
8 0.0786830 -0.6341038 0.0050402
5
-114.645     ts77     dynamics     sesquiterpene     TS     runpoint      29     runisomer      28
6 -0.1850053 0.6069147 0.0004825
1 -0.0731265 1.1715256 0.9624576
1 0.1438624 1.1837765 -0.7974832
1 0.4023978 -1.5943785 -0.3324870
8 0.0809727 -0.6404025 0.0101685
5
-114.661     ts77     dynamics     sesquiterpene     TS     runpoint      30     runisomer      28
6 -0.1877046 0.6176682 -0.0116580
1 -0.0554522 1.1579258 0.9962893
1 0.1366952 1.1457047 -0.7557259
1 0.3745802 -1.4849468 -0.3556243
8 0.0840867 -0.6521129 0.0159724
5
-114.669     ts77     dynamics     sesquiterpene     TS     runpoint      31     runisomer      28
6 -0.1915120 0.6287769 -0.0198365
1 -0.0418661 1.1332826 1.0167599
1 0.1463024 1.1385193 -0.7610625
1 0.3468027 -1.3618469 -0.3896656
8 0.0872297 -0.6662015 0.0232984
5
-114.662     ts77     dynamics     sesquiterpene     TS     runpoint      32     runisomer      28
6 -0.1963427 0.6388521 -0.0232780
1 -0.0335752 1.0987095 1.0193227
1 0.1753152 1.1645094 -0.8166038
1 0.3441528 -1.2943894 -0.4774657
8 0.0886687 -0.6774741 0.0347483
5
-114.68     ts77     dynamics     sesquiterpene     TS     runpoint      33     runisomer      28
6 -0.2010860 0.6484987 -0.0242406
1 -0.0307268 1.0578605 1.0042889
1 0.2120371 1.2050270 -0.8938586
1 0.3685242 -1.2826554 -0.6344783
8 0.0881966 -0.6854334 0.0511766
5
-114.711     ts77     dynamics     sesquiterpene     TS     runpoint      34     runisomer      28
6 -0.2048020 0.6583642 -0.0253235
1 -0.0323336 1.0167433 0.9775502
1 0.2446054 1.2428094 -0.9647724
1 0.3919256 -1.2626066 -0.8027869
8 0.0875580 -0.6938903 0.0687454
5
-114.699     ts77     dynamics     sesquiterpene     TS     runpoint      35     runisomer      28
6 -0.2071172 0.6682877 -0.0284255
1 -0.0364196 0.9829697 0.9504871
1 0.2666486 1.2688632 -1.0135764
1 0.4013387 -1.2135969 -0.9424784
8 0.0875688 -0.7039398 0.0846515
5
-114.672     ts77     dynamics     sesquiterpene     TS     runpoint      36     runisomer      28
6 -0.2080000 0.6776786 -0.0348118
1 -0.0407205 0.9638472 0.9364751
1 0.2756192 1.2795116 -1.0332524
1 0.3943606 -1.1381325 -1.0376771
8 0.0883758 -0.7152091 0.0975616
5
-114.655     ts77     dynamics     sesquiterpene     TS     runpoint      37     runisomer      28
6 -0.2074890 0.6860270 -0.0447897
1 -0.0442144 0.9634117 0.9424885
1 0.2710056 1.2738037 -1.0218609
1 0.3719480 -1.0440317 -1.0823624
8 0.0899147 -0.7270165 0.1067645
5
-114.653     ts77     dynamics     sesquiterpene     TS     runpoint      38     runisomer      28
6 -0.2055835 0.6931112 -0.0573176
1 -0.0480887 0.9809739 0.9630878
1 0.2539142 1.2528006 -0.9816183
1 0.3360544 -0.9398921 -1.0739274
8 0.0920675 -0.7386797 0.1117969
5
-114.666     ts77     dynamics     sesquiterpene     TS     runpoint      39     runisomer      28
6 -0.2024258 0.6987835 -0.0702289
1 -0.0547119 1.0126670 0.9850080
1 0.2280925 1.2206608 -0.9207870
1 0.2893150 -0.8348604 -1.0120575
8 0.0946873 -0.7495288 0.1123689
5
-114.682     ts77     dynamics     sesquiterpene     TS     runpoint      40     runisomer      28
6 -0.1986474 0.7025540 -0.0805565
1 -0.0660479 1.0537305 0.9956913
1 0.2024488 1.1874388 -0.8581868
1 0.2357940 -0.7394037 -0.9028887
8 0.0975535 -0.7588692 0.1086189
5
-114.686     ts77     dynamics     sesquiterpene     TS     runpoint      41     runisomer      28
6 -0.1955385 0.7034203 -0.0847576
1 -0.0830124 1.0997012 0.9875480
1 0.1922815 1.1702642 -0.8246559
1 0.1826888 -0.6646354 -0.7740916
8 0.1002773 -0.7660473 0.1020530
5
-114.662     ts77     dynamics     sesquiterpene     TS     runpoint      42     runisomer      28
6 -0.1941935 0.7009091 -0.0804964
1 -0.1054898 1.1469190 0.9587560
1 0.2091030 1.1809740 -0.8426243
1 0.1406912 -0.6137946 -0.7052763
8 0.1022693 -0.7710195 0.0974634
5
-114.638     ts77     dynamics     sesquiterpene     TS     runpoint      43     runisomer      28
6 -0.1941336 0.6963425 -0.0691662
1 -0.1325410 1.1932404 0.9133164
1 0.2453167 1.2090277 -0.8976075
1 0.1126984 -0.5765885 -0.7729814
8 0.1034085 -0.7746281 0.0995538
5
-114.671     ts77     dynamics     sesquiterpene     TS     runpoint      44     runisomer      28
6 -0.1940745 0.6912121 -0.0543177
1 -0.1627097 1.2389208 0.8606554
1 0.2848050 1.2362750 -0.9590321
1 0.0920571 -0.5642347 -0.8989303
8 0.1040763 -0.7761551 0.1035361
5
-114.678     ts77     dynamics     sesquiterpene     TS     runpoint      45     runisomer      28
6 -0.1930940 0.6858505 -0.0392254
1 -0.1946177 1.2867491 0.8133229
1 0.3168049 1.2519688 -1.0061606
1 0.0761675 -0.5838839 -1.0124357
8 0.1043333 -0.7748999 0.1053140
5
-114.66     ts77     dynamics     sesquiterpene     TS     runpoint      46     runisomer      28
6 -0.1907304 0.6800465 -0.0260973
1 -0.2275178 1.3394914 0.7813906
1 0.3363618 1.2517940 -1.0292654
1 0.0642218 -0.6321359 -1.0862085
8 0.1041508 -0.7708197 0.1035787
5
-114.647     ts77     dynamics     sesquiterpene     TS     runpoint      47     runisomer      28
6 -0.1868027 0.6739034 -0.0158850
1 -0.2610804 1.3951129 0.7667676
1 0.3416011 1.2345005 -1.0248032
1 0.0559977 -0.7029793 -1.1106591
8 0.1035056 -0.7641646 0.0980965
5
-114.648     ts77     dynamics     sesquiterpene     TS     runpoint      48     runisomer      28
6 -0.1813373 0.6680585 -0.0085739
1 -0.2945940 1.4456149 0.7641277
1 0.3322943 1.2004452 -0.9927550
1 0.0515417 -0.7900123 -1.0824063
8 0.1023827 -0.7553357 0.0889773
5
-114.664     ts77     dynamics     sesquiterpene     TS     runpoint      49     runisomer      28
6 -0.1745433 0.6632588 -0.0037036
1 -0.3268121 1.4812125 0.7665984
1 0.3098346 1.1517922 -0.9366081
1 0.0508774 -0.8861825 -1.0022740
8 0.1007721 -0.7448555 0.0765787
5
-114.688     ts77     dynamics     sesquiterpene     TS     runpoint      50     runisomer      28
6 -0.1668698 0.6598032 -0.0004931
1 -0.3564738 1.4943764 0.7693752
1 0.2786466 1.0942316 -0.8661506
1 0.0534950 -0.9840938 -0.8805913
8 0.0986835 -0.7333000 0.0618866
