5
-114.654160 ts77 dynamics sesquiterpene TS runpoint 1  runisomer  18
6 -0.0157185 0.6284463 0.0064764
1 -0.3017212 1.0496742 0.9012696
1 -0.3433385 1.1144691 -0.9955100
1 0.9544974 -0.0855394 0.0173327
8 -0.0356601 -0.7395348 -0.0000129
5
-114.646 ts77 dynamics sesquiterpene TS runpoint 2  runisomer  18
6 -0.0119539 0.629969 0.0135595
1 -0.343135 1.1115 0.909874
1 -0.365443 1.14216 -1.03966
1 1.00896 -0.0868023 -0.00732116
8 -0.0379138 -0.746238 -0.00153402
5
-114.643     ts77     dynamics     sesquiterpene     TS     runpoint      3     runisomer      18
6 -0.0089065 0.6319760 0.0178636
1 -0.3841493 1.1777644 0.9239257
1 -0.3767425 1.1602192 -1.0576213
1 1.0633620 -0.0810038 -0.0318607
8 -0.0403314 -0.7534213 -0.0029698
5
-114.636     ts77     dynamics     sesquiterpene     TS     runpoint      4     runisomer      18
6 -0.0065075 0.6345128 0.0200108
1 -0.4186751 1.2383561 0.9314539
1 -0.3757006 1.1663640 -1.0470931
1 1.1093383 -0.0628400 -0.0552892
8 -0.0429180 -0.7606728 -0.0042416
5
-114.631     ts77     dynamics     sesquiterpene     TS     runpoint      5     runisomer      18
6 -0.0045746 0.6374248 0.0204788
1 -0.4420554 1.2857189 0.9259399
1 -0.3620249 1.1599723 -1.0094428
1 1.1420726 -0.0270182 -0.0764189
8 -0.0458197 -0.7676953 -0.0052862
5
-114.632     ts77     dynamics     sesquiterpene     TS     runpoint      6     runisomer      18
6 -0.0027694 0.6403208 0.0196839
1 -0.4514165 1.3152540 0.9056959
1 -0.3368469 1.1421992 -0.9500251
1 1.1596798 0.0315059 -0.0940064
8 -0.0492813 -0.7742949 -0.0060491
5
-114.64     ts77     dynamics     sesquiterpene     TS     runpoint      7     runisomer      18
6 -0.0005249 0.6425299 0.0183125
1 -0.4455579 1.3249265 0.8725893
1 -0.3038080 1.1173317 -0.8808540
1 1.1621257 0.1168176 -0.1067324
8 -0.0535697 -0.7803689 -0.0064898
5
-114.65     ts77     dynamics     sesquiterpene     TS     runpoint      8     runisomer      18
6 0.0030354 0.6430054 0.0176675
1 -0.4251462 1.3152396 0.8315181
1 -0.2705029 1.0948077 -0.8241384
1 1.1503800 0.2307597 -0.1131447
8 -0.0588861 -0.7858742 -0.0065865
5
-114.658     ts77     dynamics     sesquiterpene     TS     runpoint      9     runisomer      18
6 0.0089156 0.6404850 0.0193004
1 -0.3933820 1.2899009 0.7906416
1 -0.2471536 1.0874709 -0.8079893
1 1.1269005 0.3714694 -0.1118002
8 -0.0652916 -0.7907893 -0.0063376
5
-114.67     ts77     dynamics     sesquiterpene     TS     runpoint      10     runisomer      18
6 0.0174408 0.6344277 0.0230523
1 -0.3568176 1.2567111 0.7616218
1 -0.2390477 1.0995993 -0.8428414
1 1.0981227 0.5325983 -0.1019394
8 -0.0726896 -0.7950686 -0.0057497
5
-114.686     ts77     dynamics     sesquiterpene     TS     runpoint      11     runisomer      18
6 0.0277993 0.6254320 0.0262558
1 -0.3249348 1.2264060 0.7574555
1 -0.2428099 1.1205083 -0.9087789
1 1.0759518 0.7051045 -0.0845497
8 -0.0808370 -0.7985960 -0.0048324
5
-114.694     ts77     dynamics     sesquiterpene     TS     runpoint      12     runisomer      18
6 0.0389439 0.6144166 0.0263384
1 -0.3063080 1.2061437 0.7849987
1 -0.2528484 1.1368885 -0.9788236
1 1.0705636 0.8810870 -0.0622900
8 -0.0894011 -0.8011744 -0.0036181
5
-114.654160 ts77 dynamics sesquiterpene TS runpoint 1  runisomer  18
6 -0.0157185 0.6284463 0.0064764
1 -0.3017212 1.0496742 0.9012696
1 -0.3433385 1.1144691 -0.9955100
1 0.9544974 -0.0855394 0.0173327
8 -0.0356601 -0.7395348 -0.0000129
5
-114.646 ts77 dynamics sesquiterpene TS runpoint 2  runisomer  18
6 -0.0202256 0.627275 -0.00361818
1 -0.265284 1.00185 0.911321
1 -0.313956 1.08219 -0.933457
1 0.911053 -0.0823216 0.0415724
8 -0.0336888 -0.733812 0.00149016
5
-114.645     ts77     dynamics     sesquiterpene     TS     runpoint      3     runisomer      18
6 -0.0254259 0.6262541 -0.0152672
1 -0.2354061 0.9722843 0.9439239
1 -0.2843061 1.0556550 -0.8728550
1 0.8891627 -0.0815114 0.0655510
8 -0.0321598 -0.7295620 0.0028466
5
-114.637     ts77     dynamics     sesquiterpene     TS     runpoint      4     runisomer      18
6 -0.0309260 0.6247893 -0.0248243
1 -0.2102232 0.9593844 0.9890238
1 -0.2648615 1.0514621 -0.8454788
1 0.8937880 -0.0859225 0.0897908
8 -0.0311378 -0.7271081 0.0039244
5
-114.63     ts77     dynamics     sesquiterpene     TS     runpoint      5     runisomer      18
6 -0.0362144 0.6223395 -0.0291057
1 -0.1877279 0.9596602 1.0314613
1 -0.2621334 1.0813639 -0.8725147
1 0.9215091 -0.0965156 0.1143051
8 -0.0305074 -0.7265045 0.0046222
5
-114.637     ts77     dynamics     sesquiterpene     TS     runpoint      6     runisomer      18
6 -0.0412998 0.6197131 -0.0285742
1 -0.1672837 0.9701100 1.0597488
1 -0.2710583 1.1359510 -0.9353766
1 0.9625372 -0.1129814 0.1380832
8 -0.0300027 -0.7275950 0.0049037
5
-114.643     ts77     dynamics     sesquiterpene     TS     runpoint      7     runisomer      18
6 -0.0463092 0.6183052 -0.0254077
1 -0.1492256 0.9884004 1.0678114
1 -0.2831363 1.1960413 -1.0006704
1 1.0050283 -0.1347133 0.1594474
8 -0.0292998 -0.7301086 0.0047893
5
-114.639     ts77     dynamics     sesquiterpene     TS     runpoint      8     runisomer      18
6 -0.0511704 0.6190173 -0.0212227
1 -0.1342333 1.0126908 1.0540886
1 -0.2932943 1.2477415 -1.0469021
1 1.0384677 -0.1618303 0.1767415
8 -0.0280652 -0.7337239 0.0043373
5
-114.632     ts77     dynamics     sesquiterpene     TS     runpoint      9     runisomer      18
6 -0.0558186 0.6222523 -0.0170428
1 -0.1229274 1.0417260 1.0210129
1 -0.2993963 1.2835741 -1.0646009
1 1.0549710 -0.1961483 0.1887795
8 -0.0259453 -0.7380773 0.0036415
5
-114.629     ts77     dynamics     sesquiterpene     TS     runpoint      10     runisomer      18
6 -0.0604075 0.6281507 -0.0137691
1 -0.1156125 1.0751758 0.9751006
1 -0.3007082 1.2998169 -1.0509827
1 1.0492184 -0.2420150 0.1949747
8 -0.0225184 -0.7427446 0.0028305
5
-114.636     ts77     dynamics     sesquiterpene     TS     runpoint      11     runisomer      18
6 -0.0653748 0.6366591 -0.0123747
1 -0.1120610 1.1139608 0.9267480
1 -0.2971959 1.2950094 -1.0073490
1 1.0184759 -0.3064003 0.1953912
8 -0.0173000 -0.7472133 0.0020568
5
-114.654     ts77     dynamics     sesquiterpene     TS     runpoint      12     runisomer      18
6 -0.0713037 0.6474289 -0.0136290
1 -0.1113734 1.1596870 0.8878553
1 -0.2896451 1.2702461 -0.9395813
1 0.9641188 -0.3968247 0.1909891
8 -0.0099465 -0.7509172 0.0014565
5
-114.677     ts77     dynamics     sesquiterpene     TS     runpoint      13     runisomer      18
6 -0.0785272 0.6596431 -0.0172628
1 -0.1121031 1.2123267 0.8665203
1 -0.2806862 1.2316914 -0.8618323
1 0.8973104 -0.5159158 0.1846616
8 -0.0008378 -0.7534648 0.0010285
5
-114.689     ts77     dynamics     sesquiterpene     TS     runpoint      14     runisomer      18
6 -0.0866601 0.6717018 -0.0210224
1 -0.1127078 1.2678865 0.8627519
1 -0.2765455 1.1950108 -0.8025562
1 0.8520851 -0.6559376 0.1840097
8 0.0078895 -0.7548798 0.0003946
5
-114.676     ts77     dynamics     sesquiterpene     TS     runpoint      15     runisomer      18
6 -0.0945996 0.6813659 -0.0211520
1 -0.1120741 1.3194716 0.8700318
1 -0.2861882 1.1827659 -0.7998758
1 0.8778491 -0.8081434 0.2004632
8 0.0127903 -0.7550196 -0.0011694
5
-114.685     ts77     dynamics     sesquiterpene     TS     runpoint      16     runisomer      18
6 -0.1015902 0.6879830 -0.0161740
1 -0.1096658 1.3605282 0.8803243
1 -0.3117015 1.1989137 -0.8624295
1 0.9518045 -0.9720383 0.2297677
8 0.0148292 -0.7532630 -0.0034544
5
-114.704     ts77     dynamics     sesquiterpene     TS     runpoint      17     runisomer      18
6 -0.1078603 0.6931489 -0.0084395
1 -0.1053200 1.3867447 0.8874555
1 -0.3444543 1.2223390 -0.9553333
1 1.0144262 -1.1323968 0.2576805
8 0.0173762 -0.7501636 -0.0056078
5
-114.692     ts77     dynamics     sesquiterpene     TS     runpoint      18     runisomer      18
6 -0.1138131 0.6981422 -0.0005869
1 -0.0990383 1.3964713 0.8880177
1 -0.3755454 1.2352550 -1.0434078
1 1.0402260 -1.2718462 0.2771339
8 0.0217787 -0.7465516 -0.0072085
5
-114.666     ts77     dynamics     sesquiterpene     TS     runpoint      19     runisomer      18
6 -0.1196340 0.7031715 0.0058230
1 -0.0908690 1.3907079 0.8815343
1 -0.3999410 1.2306970 -1.1073705
1 1.0257146 -1.3798712 0.2864733
8 0.0280822 -0.7428704 -0.0081655
5
-114.645     ts77     dynamics     sesquiterpene     TS     runpoint      20     runisomer      18
6 -0.1253460 0.7078262 0.0098686
1 -0.0808172 1.3729746 0.8705227
1 -0.4153314 1.2076358 -1.1385207
1 0.9740402 -1.4504717 0.2859808
8 0.0359588 -0.7393440 -0.0085120
5
-114.639     ts77     dynamics     sesquiterpene     TS     runpoint      21     runisomer      18
6 -0.1308921 0.7114728 0.0108777
1 -0.0687546 1.3488239 0.8601513
1 -0.4209557 1.1674429 -1.1335006
1 0.8890971 -1.4791140 0.2764663
8 0.0450657 -0.7362223 -0.0083302
5
-114.649     ts77     dynamics     sesquiterpene     TS     runpoint      22     runisomer      18
6 -0.1361767 0.7134469 0.0084159
1 -0.0544049 1.3243846 0.8566675
1 -0.4172187 1.1128107 -1.0926045
1 0.7758148 -1.4628723 0.2594546
8 0.0550285 -0.7337449 -0.0077661
5
-114.671     ts77     dynamics     sesquiterpene     TS     runpoint      23     runisomer      18
6 -0.1410401 0.7130893 0.0026954
1 -0.0375743 1.3037915 0.8641152
1 -0.4061050 1.0483914 -1.0216657
1 0.6467521 -1.4077913 0.2396279
8 0.0650487 -0.7315915 -0.0071614
5
-114.683     ts77     dynamics     sesquiterpene     TS     runpoint      24     runisomer      18
6 -0.1450849 0.7096774 -0.0046163
1 -0.0186340 1.2872988 0.8811289
1 -0.3928206 0.9828052 -0.9387428
1 0.5388329 -1.3521791 0.2329970
8 0.0728533 -0.7273664 -0.0075524
5
-114.652     ts77     dynamics     sesquiterpene     TS     runpoint      25     runisomer      18
6 -0.1474129 0.7023240 -0.0096360
1 0.0012412 1.2723923 0.9013077
1 -0.3883327 0.9303557 -0.8831478
1 0.5121280 -1.3791552 0.2738494
8 0.0747468 -0.7159071 -0.0111312
5
-114.65     ts77     dynamics     sesquiterpene     TS     runpoint      26     runisomer      18
6 -0.1469522 0.6906085 -0.0080136
1 0.0204784 1.2567964 0.9173205
1 -0.4053939 0.9045353 -0.8982226
1 0.5396949 -1.4630736 0.3564583
8 0.0725271 -0.6992216 -0.0176091
5
-114.672     ts77     dynamics     sesquiterpene     TS     runpoint      27     runisomer      18
6 -0.1439489 0.6756820 -0.0002966
1 0.0378801 1.2400916 0.9249039
1 -0.4415564 0.9030667 -0.9715390
1 0.5697390 -1.5274277 0.4475822
8 0.0695629 -0.6828246 -0.0249956
5
-114.674     ts77     dynamics     sesquiterpene     TS     runpoint      28     runisomer      18
6 -0.1397052 0.6594341 0.0096386
1 0.0529477 1.2234501 0.9235625
1 -0.4826058 0.9146744 -1.0547597
1 0.5846762 -1.5439664 0.5305686
8 0.0670750 -0.6692776 -0.0323483
5
-114.661     ts77     dynamics     sesquiterpene     TS     runpoint      29     runisomer      18
6 -0.1352991 0.6433962 0.0190271
1 0.0658210 1.2089188 0.9154678
1 -0.5178841 0.9312043 -1.1158967
1 0.5806550 -1.5075972 0.5983024
8 0.0654347 -0.6596655 -0.0392938
5
-114.652     ts77     dynamics     sesquiterpene     TS     runpoint      30     runisomer      18
6 -0.1314507 0.6287224 0.0264734
1 0.0772161 1.1987987 0.9042464
1 -0.5422083 0.9482468 -1.1415051
1 0.5568128 -1.4200320 0.6463466
8 0.0648652 -0.6546137 -0.0455844
5
-114.657     ts77     dynamics     sesquiterpene     TS     runpoint      31     runisomer      18
6 -0.1286998 0.6163565 0.0312473
1 0.0882133 1.1948440 0.8936311
1 -0.5535299 0.9633724 -1.1272610
1 0.5134679 -1.2868764 0.6717837
8 0.0655525 -0.6544342 -0.0509944
