5
-114.654160 ts77 dynamics sesquiterpene TS runpoint 1  runisomer  57
6 -0.0365498 0.6624328 0.0003766
1 -0.3013117 1.1155194 0.9632300
1 -0.1439069 1.0769057 -0.9006371
1 0.9384026 -0.0545093 -0.1321275
8 -0.0316095 -0.7687696 0.0040983
5
-114.644 ts77 dynamics sesquiterpene TS runpoint 2  runisomer  57
6 -0.0315407 0.65772 0.00128317
1 -0.292504 1.03367 0.916173
1 -0.163218 1.07593 -0.907296
1 0.902039 -0.0358086 -0.116887
8 -0.0324147 -0.761193 0.00584267
5
-114.641     ts77     dynamics     sesquiterpene     TS     runpoint      3     runisomer      57
6 -0.0261901 0.6503584 0.0028471
1 -0.2892862 0.9678393 0.8880064
1 -0.1912002 1.0930905 -0.9402921
1 0.8843825 -0.0171668 -0.0995315
8 -0.0337566 -0.7537767 0.0074302
5
-114.635     ts77     dynamics     sesquiterpene     TS     runpoint      4     runisomer      57
6 -0.0206213 0.6408458 0.0016921
1 -0.2987983 0.9291062 0.9020324
1 -0.2245924 1.1195734 -0.9802338
1 0.8947156 0.0024924 -0.0812566
8 -0.0358828 -0.7471072 0.0087779
5
-114.636     ts77     dynamics     sesquiterpene     TS     runpoint      5     runisomer      57
6 -0.0152579 0.6302388 -0.0030473
1 -0.3201351 0.9171385 0.9536260
1 -0.2594404 1.1468402 -1.0102006
1 0.9358273 0.0269999 -0.0624073
8 -0.0389570 -0.7416568 0.0097832
5
-114.643     ts77     dynamics     sesquiterpene     TS     runpoint      6     runisomer      57
6 -0.0104766 0.6194783 -0.0098059
1 -0.3450261 0.9241122 1.0159904
1 -0.2924365 1.1690729 -1.0207938
1 1.0022212 0.0636076 -0.0426432
8 -0.0430805 -0.7377303 0.0103465
5
-114.647     ts77     dynamics     sesquiterpene     TS     runpoint      7     runisomer      57
6 -0.0060675 0.6089229 -0.0168351
1 -0.3656944 0.9425879 1.0658127
1 -0.3211142 1.1829045 -1.0086188
1 1.0826988 0.1211052 -0.0217977
8 -0.0483520 -0.7354691 0.0104011
5
-114.65     ts77     dynamics     sesquiterpene     TS     runpoint      8     runisomer      57
6 -0.0014123 0.5986105 -0.0229224
1 -0.3775849 0.9672922 1.0906472
1 -0.3437944 1.1868614 -0.9745045
1 1.1647337 0.2057231 -0.0004200
8 -0.0548370 -0.7348690 0.0099071
5
-114.656     ts77     dynamics     sesquiterpene     TS     runpoint      9     runisomer      57
6 0.0041274 0.5886284 -0.0271843
1 -0.3786084 0.9942872 1.0858120
1 -0.3598518 1.1812609 -0.9229346
1 1.2368942 0.3179990 0.0203763
8 -0.0624646 -0.7358011 0.0088502
5
-114.665     ts77     dynamics     sesquiterpene     TS     runpoint      10     runisomer      57
6 0.0110967 0.5792245 -0.0288356
1 -0.3682168 1.0202584 1.0514635
1 -0.3703310 1.1686460 -0.8623228
1 1.2896488 0.4531221 0.0392830
8 -0.0710144 -0.7381008 0.0072435
5
-114.675     ts77     dynamics     sesquiterpene     TS     runpoint      11     runisomer      57
6 0.0200469 0.5707082 -0.0271718
1 -0.3470980 1.0423956 0.9918370
1 -0.3784760 1.1541361 -0.8049164
1 1.3160429 0.6032327 0.0550762
8 -0.0802104 -0.7416493 0.0051410
5
-114.682     ts77     dynamics     sesquiterpene     TS     runpoint      12     runisomer      57
6 0.0315753 0.5633483 -0.0219094
1 -0.3175459 1.0590322 0.9162658
1 -0.3891211 1.1440657 -0.7641256
1 1.3121904 0.7593534 0.0668129
8 -0.0898084 -0.7463770 0.0026454
5
-114.685     ts77     dynamics     sesquiterpene     TS     runpoint      13     runisomer      57
6 0.0462326 0.5574283 -0.0139111
1 -0.2845255 1.0712396 0.8409504
1 -0.4060101 1.1417949 -0.7481982
1 1.2773875 0.9125524 0.0740704
8 -0.0996289 -0.7522139 -0.0000701
5
-114.683     ts77     dynamics     sesquiterpene     TS     runpoint      14     runisomer      57
6 0.0645475 0.5531869 -0.0055552
1 -0.2572566 1.0842796 0.7876393
1 -0.4295734 1.1443855 -0.7547007
1 1.2141181 1.0550216 0.0769831
8 -0.1096166 -0.7589933 -0.0027530
5
-114.678     ts77     dynamics     sesquiterpene     TS     runpoint      15     runisomer      57
6 0.0862430 0.5509457 0.0010772
1 -0.2468214 1.1062619 0.7730094
1 -0.4559561 1.1437135 -0.7746124
1 1.1301653 1.1786233 0.0738896
8 -0.1195992 -0.7664411 -0.0053567
5
-114.672     ts77     dynamics     sesquiterpene     TS     runpoint      16     runisomer      57
6 0.1099746 0.5513786 0.0049676
1 -0.2576566 1.1362550 0.7969719
1 -0.4809353 1.1335905 -0.7975372
1 1.0368030 1.2764418 0.0647066
8 -0.1292642 -0.7741796 -0.0077624
5
-114.667     ts77     dynamics     sesquiterpene     TS     runpoint      17     runisomer      57
6 0.1335087 0.5555100 0.0067563
1 -0.2859873 1.1632389 0.8439984
1 -0.5007989 1.1103585 -0.8160437
1 0.9477701 1.3455784 0.0492382
8 -0.1382730 -0.7818706 -0.0099250
5
-114.654160 ts77 dynamics sesquiterpene TS runpoint 1  runisomer  57
6 -0.0365498 0.6624328 0.0003766
1 -0.3013117 1.1155194 0.9632300
1 -0.1439069 1.0769057 -0.9006371
1 0.9384026 -0.0545093 -0.1321275
8 -0.0316095 -0.7687696 0.0040983
5
-114.644 ts77 dynamics sesquiterpene TS runpoint 2  runisomer  57
6 -0.0411614 0.664709 0.00255305
1 -0.308712 1.19911 1.00393
1 -0.133754 1.09822 -0.926363
1 0.981839 -0.0730175 -0.143776
8 -0.0310598 -0.775922 0.00225587
5
-114.642     ts77     dynamics     sesquiterpene     TS     runpoint      3     runisomer      57
6 -0.0452994 0.6653987 0.0076513
1 -0.3111129 1.2733917 1.0238974
1 -0.1307174 1.1324793 -0.9702382
1 1.0218254 -0.0907664 -0.1506321
8 -0.0305138 -0.7821602 0.0003693
5
-114.636     ts77     dynamics     sesquiterpene     TS     runpoint      4     runisomer      57
6 -0.0488605 0.6654995 0.0142955
1 -0.3073755 1.3311184 1.0176899
1 -0.1324186 1.1689508 -1.0120001
1 1.0504787 -0.1074489 -0.1519931
8 -0.0297747 -0.7871195 -0.0015083
5
-114.628     ts77     dynamics     sesquiterpene     TS     runpoint      5     runisomer      57
6 -0.0517583 0.6657745 0.0212037
1 -0.2976714 1.3679417 0.9852445
1 -0.1371085 1.1992427 -1.0373848
1 1.0626806 -0.1234711 -0.1476527
8 -0.0286858 -0.7905453 -0.0033200
5
-114.624     ts77     dynamics     sesquiterpene     TS     runpoint      6     runisomer      57
6 -0.0539784 0.6667013 0.0274238
1 -0.2830063 1.3820575 0.9304206
1 -0.1435290 1.2182013 -1.0395608
1 1.0557164 -0.1403625 -0.1378488
8 -0.0271004 -0.7922589 -0.0050122
5
-114.627     ts77     dynamics     sesquiterpene     TS     runpoint      7     runisomer      57
6 -0.0556116 0.6684566 0.0321350
1 -0.2653069 1.3750648 0.8615611
1 -0.1506666 1.2231877 -1.0172875
1 1.0290329 -0.1612037 -0.1232444
8 -0.0248575 -0.7921362 -0.0065305
5
-114.635     ts77     dynamics     sesquiterpene     TS     runpoint      8     runisomer      57
6 -0.0568365 0.6707675 0.0344054
1 -0.2478584 1.3541956 0.7934514
1 -0.1576857 1.2137144 -0.9739890
1 0.9844218 -0.1910062 -0.1049623
8 -0.0217854 -0.7900789 -0.0078226
5
-114.642     ts77     dynamics     sesquiterpene     TS     runpoint      9     runisomer      57
6 -0.0578872 0.6727250 0.0331953
1 -0.2354352 1.3339473 0.7479808
1 -0.1641110 1.1919833 -0.9184887
1 0.9269174 -0.2366532 -0.0846292
8 -0.0177515 -0.7860248 -0.0088290
5
-114.646     ts77     dynamics     sesquiterpene     TS     runpoint      10     runisomer      57
6 -0.0591010 0.6731784 0.0281857
1 -0.2322809 1.3296057 0.7458581
1 -0.1703524 1.1642624 -0.8667457
1 0.8672152 -0.3050330 -0.0643244
8 -0.0128850 -0.7800355 -0.0094774
5
-114.65     ts77     dynamics     sesquiterpene     TS     runpoint      11     runisomer      57
6 -0.0609873 0.6718598 0.0211770
1 -0.2380357 1.3413417 0.7886858
1 -0.1782833 1.1413326 -0.8410240
1 0.8269866 -0.3974516 -0.0462751
8 -0.0080728 -0.7725184 -0.0096751
5
-114.654     ts77     dynamics     sesquiterpene     TS     runpoint      12     runisomer      57
6 -0.0639546 0.6695043 0.0152008
1 -0.2481042 1.3542290 0.8574251
1 -0.1903776 1.1330858 -0.8582753
1 0.8415210 -0.5054841 -0.0319250
8 -0.0053659 -0.7642354 -0.0093397
5
-114.667     ts77     dynamics     sesquiterpene     TS     runpoint      13     runisomer      57
6 -0.0680778 0.6671541 0.0116049
1 -0.2579922 1.3542052 0.9297394
1 -0.2069082 1.1389274 -0.9126142
1 0.9241075 -0.6261066 -0.0202755
8 -0.0058124 -0.7552374 -0.0085087
5
-114.693     ts77     dynamics     sesquiterpene     TS     runpoint      14     runisomer      57
6 -0.0732344 0.6657794 0.0097224
1 -0.2650901 1.3344838 0.9897251
1 -0.2255571 1.1497509 -0.9804102
1 1.0277874 -0.7640958 -0.0091721
8 -0.0068540 -0.7449494 -0.0073044
5
-114.697     ts77     dynamics     sesquiterpene     TS     runpoint      15     runisomer      57
6 -0.0792600 0.6659163 0.0084947
1 -0.2682590 1.2939789 1.0281840
1 -0.2437028 1.1572896 -1.0394699
1 1.1055568 -0.9116389 0.0020958
8 -0.0058900 -0.7336770 -0.0057953
5
-114.684     ts77     dynamics     sesquiterpene     TS     runpoint      16     runisomer      57
6 -0.0859621 0.6675413 0.0072182
1 -0.2672490 1.2351957 1.0409703
1 -0.2595301 1.1573218 -1.0763063
1 1.1382926 -1.0552908 0.0133275
8 -0.0019906 -0.7221420 -0.0040290
5
-114.671     ts77     dynamics     sesquiterpene     TS     runpoint      17     runisomer      57
6 -0.0930811 0.6701781 0.0054491
1 -0.2625760 1.1633556 1.0284534
1 -0.2720279 1.1487404 -1.0846677
1 1.1234022 -1.1834016 0.0241262
8 0.0047813 -0.7109801 -0.0020665
5
-114.667     ts77     dynamics     sesquiterpene     TS     runpoint      18     runisomer      57
6 -0.1002523 0.6730741 0.0027305
1 -0.2557935 1.0864021 0.9967061
1 -0.2809280 1.1324530 -1.0634571
1 1.0642873 -1.2869469 0.0340784
8 0.0140191 -0.7007526 0.0000090
5
-114.67     ts77     dynamics     sesquiterpene     TS     runpoint      19     runisomer      57
6 -0.1069574 0.6753221 -0.0016040
1 -0.2498573 1.0149172 0.9596838
1 -0.2868970 1.1111541 -1.0166208
1 0.9656470 -1.3583449 0.0427385
8 0.0252668 -0.6920943 0.0020973
5
-114.676     ts77     dynamics     sesquiterpene     TS     runpoint      20     runisomer      57
6 -0.1125266 0.6759333 -0.0081553
1 -0.2488126 0.9600994 0.9380601
1 -0.2920561 1.0900674 -0.9553757
1 0.8337218 -1.3916235 0.0496265
8 0.0380177 -0.6856725 0.0040813
5
-114.68     ts77     dynamics     sesquiterpene     TS     runpoint      21     runisomer      57
6 -0.1162788 0.6739516 -0.0162086
1 -0.2558228 0.9287676 0.9471636
1 -0.3006864 1.0781728 -0.9011249
1 0.6818959 -1.3881658 0.0545658
8 0.0513850 -0.6816810 0.0058197
5
-114.677     ts77     dynamics     sesquiterpene     TS     runpoint      22     runisomer      57
6 -0.1177653 0.6686478 -0.0229534
1 -0.2708703 0.9202107 0.9822924
1 -0.3186572 1.0864819 -0.8803394
1 0.5422598 -1.3751097 0.0590817
8 0.0633791 -0.6785085 0.0070720
5
-114.655     ts77     dynamics     sesquiterpene     TS     runpoint      23     runisomer      57
6 -0.1170767 0.6601538 -0.0259409
1 -0.2913814 0.9293020 1.0247634
1 -0.3487155 1.1180380 -0.9015722
1 0.4609901 -1.4204253 0.0681064
8 0.0711701 -0.6718424 0.0074068
5
-114.656     ts77     dynamics     sesquiterpene     TS     runpoint      24     runisomer      57
6 -0.1149478 0.6500733 -0.0252952
1 -0.3144095 0.9504840 1.0573499
1 -0.3866054 1.1617344 -0.9449972
1 0.4279380 -1.5307940 0.0826559
8 0.0754936 -0.6614124 0.0066887
5
-114.667     ts77     dynamics     sesquiterpene     TS     runpoint      25     runisomer      57
6 -0.1122746 0.6406140 -0.0222309
1 -0.3377272 0.9790724 1.0699648
1 -0.4254626 1.2027523 -0.9856859
1 0.4035957 -1.6361701 0.0973016
8 0.0789400 -0.6520612 0.0052368
5
-114.651     ts77     dynamics     sesquiterpene     TS     runpoint      26     runisomer      57
6 -0.1097353 0.6335570 -0.0176983
1 -0.3598863 1.0112055 1.0587871
1 -0.4602124 1.2309267 -1.0086355
1 0.3725293 -1.6967480 0.1087563
8 0.0825779 -0.6467489 0.0032657
5
-114.634     ts77     dynamics     sesquiterpene     TS     runpoint      27     runisomer      57
6 -0.1077784 0.6299797 -0.0123125
1 -0.3800944 1.0438061 1.0247142
1 -0.4880155 1.2410037 -1.0077600
1 0.3310733 -1.6999298 0.1161912
8 0.0867477 -0.6465533 0.0008500
5
-114.636     ts77     dynamics     sesquiterpene     TS     runpoint      28     runisomer      57
6 -0.1066960 0.6302100 -0.0066239
1 -0.3981765 1.0748517 0.9728953
1 -0.5074117 1.2309581 -0.9822957
1 0.2791307 -1.6468882 0.1202518
8 0.0915714 -0.6513899 -0.0020127
5
-114.654     ts77     dynamics     sesquiterpene     TS     runpoint      29     runisomer      57
6 -0.1065711 0.6338009 -0.0012776
1 -0.4147535 1.1039420 0.9130840
1 -0.5177236 1.2011518 -0.9353934
1 0.2201356 -1.5551541 0.1236305
8 0.0968892 -0.6598181 -0.0054232
5
-114.666     ts77     dynamics     sesquiterpene     TS     runpoint      30     runisomer      57
6 -0.1071833 0.6395860 0.0031077
1 -0.4316333 1.1328438 0.8592262
1 -0.5197856 1.1548044 -0.8751499
1 0.1616278 -1.4789949 0.1350809
8 0.1022287 -0.6678565 -0.0098368
5
-114.65     ts77     dynamics     sesquiterpene     TS     runpoint      31     runisomer      57
6 -0.1079721 0.6459449 0.0065506
1 -0.4512694 1.1646501 0.8255263
1 -0.5179498 1.0995604 -0.8174013
1 0.1065537 -1.5030853 0.1727710
8 0.1074137 -0.6696324 -0.0163096
5
-114.658     ts77     dynamics     sesquiterpene     TS     runpoint      32     runisomer      57
6 -0.1081970 0.6514842 0.0104416
1 -0.4745351 1.2004899 0.8189847
1 -0.5217294 1.0478343 -0.7863562
1 0.0449239 -1.5936173 0.2366074
8 0.1131715 -0.6670813 -0.0247949
5
-114.667     ts77     dynamics     sesquiterpene     TS     runpoint      33     runisomer      57
6 -0.1074711 0.6556921 0.0167973
1 -0.4990404 1.2368583 0.8355815
1 -0.5408194 1.0099311 -0.8021417
1 -0.0243335 -1.6695374 0.3095200
8 0.1197401 -0.6653565 -0.0342079
5
-114.663     ts77     dynamics     sesquiterpene     TS     runpoint      34     runisomer      57
6 -0.1065186 0.6592274 0.0259317
1 -0.5205131 1.2673925 0.8647948
1 -0.5732593 0.9845695 -0.8587226
1 -0.0970058 -1.6985788 0.3808185
8 0.1270034 -0.6665048 -0.0438292
5
-114.662     ts77     dynamics     sesquiterpene     TS     runpoint      35     runisomer      57
6 -0.1067253 0.6630456 0.0363664
1 -0.5352114 1.2861743 0.8961113
1 -0.6072399 0.9645140 -0.9299520
1 -0.1686459 -1.6745041 0.4449531
8 0.1347402 -0.6708063 -0.0531830
5
-114.663     ts77     dynamics     sesquiterpene     TS     runpoint      36     runisomer      57
6 -0.1090569 0.6675869 0.0465158
1 -0.5411394 1.2893453 0.9220995
1 -0.6325672 0.9455805 -0.9924051
1 -0.2345791 -1.5985933 0.4977519
8 0.1426145 -0.6780019 -0.0618268
5
-114.666     ts77     dynamics     sesquiterpene     TS     runpoint      37     runisomer      57
6 -0.1138265 0.6727954 0.0552754
1 -0.5381001 1.2754304 0.9389064
1 -0.6440274 0.9271948 -1.0323528
1 -0.2900310 -1.4754760 0.5356007
8 0.1502196 -0.6876310 -0.0693251
5
-114.677     ts77     dynamics     sesquiterpene     TS     runpoint      38     runisomer      57
6 -0.1208791 0.6783178 0.0618033
1 -0.5273766 1.2453345 0.9461468
1 -0.6399099 0.9105658 -1.0432269
1 -0.3320774 -1.3159230 0.5576296
8 0.1572268 -0.6988831 -0.0753818
5
-114.691     ts77     dynamics     sesquiterpene     TS     runpoint      39     runisomer      57
6 -0.1297249 0.6836368 0.0652848
1 -0.5115846 1.2023607 0.9470561
1 -0.6206796 0.8976916 -1.0230523
1 -0.3643650 -1.1405167 0.5712268
8 0.1636933 -0.7104058 -0.0801797
5
-114.697     ts77     dynamics     sesquiterpene     TS     runpoint      40     runisomer      57
6 -0.1395805 0.6881989 0.0649215
1 -0.4945000 1.1518885 0.9485089
1 -0.5888056 0.8911371 -0.9741967
1 -0.4002265 -0.9742687 0.5947499
8 0.1702633 -0.7207097 -0.0845598
5
-114.695     ts77     dynamics     sesquiterpene     TS     runpoint      41     runisomer      57
6 -0.1494028 0.6915523 0.0603907
1 -0.4801094 1.1000072 0.9591699
1 -0.5497479 0.8943402 -0.9060011
1 -0.4471430 -0.8289187 0.6379025
8 0.1772209 -0.7293165 -0.0888485
5
-114.69     ts77     dynamics     sesquiterpene     TS     runpoint      42     runisomer      57
6 -0.1579647 0.6933062 0.0528824
1 -0.4706125 1.0512199 0.9842563
1 -0.5137466 0.9126368 -0.8401453
1 -0.4922605 -0.7060172 0.6856755
8 0.1836211 -0.7364561 -0.0919567
5
-114.671     ts77     dynamics     sesquiterpene     TS     runpoint      43     runisomer      57
6 -0.1640393 0.6929072 0.0455554
1 -0.4651699 1.0073892 1.0208175
1 -0.4950263 0.9542957 -0.8104698
1 -0.5210468 -0.6095733 0.7207607
8 0.1884698 -0.7420970 -0.0928457
5
-114.651     ts77     dynamics     sesquiterpene     TS     runpoint      44     runisomer      57
6 -0.1671877 0.6899316 0.0409150
1 -0.4611882 0.9690700 1.0599446
1 -0.5005317 1.0249719 -0.8348503
1 -0.5275002 -0.5440084 0.7350457
8 0.1913357 -0.7460351 -0.0911960
5
-114.65     ts77     dynamics     sesquiterpene     TS     runpoint      45     runisomer      57
6 -0.1683156 0.6850523 0.0379770
1 -0.4563776 0.9368057 1.0925724
1 -0.5207945 1.1162583 -0.8891138
1 -0.5116168 -0.5124419 0.7271976
8 0.1921557 -0.7480819 -0.0871357
5
-114.653     ts77     dynamics     sesquiterpene     TS     runpoint      46     runisomer      57
6 -0.1685223 0.6796789 0.0346316
1 -0.4495893 0.9111177 1.1122045
1 -0.5426092 1.2115360 -0.9394234
1 -0.4765242 -0.5173811 0.7005399
8 0.1910471 -0.7481248 -0.0810155
5
-114.652     ts77     dynamics     sesquiterpene     TS     runpoint      47     runisomer      57
6 -0.1683898 0.6750933 0.0296449
1 -0.4407310 0.8921619 1.1151823
1 -0.5579036 1.2971739 -0.9665885
1 -0.4285969 -0.5605626 0.6639244
8 0.1883345 -0.7461657 -0.0734454
5
-114.652     ts77     dynamics     sesquiterpene     TS     runpoint      48     runisomer      57
6 -0.1681417 0.6721343 0.0225624
1 -0.4304309 0.8796794 1.1006509
1 -0.5628489 1.3644868 -0.9636507
1 -0.3812680 -0.6405030 0.6358629
8 0.1848304 -0.7423650 -0.0656345
5
-114.653     ts77     dynamics     sesquiterpene     TS     runpoint      49     runisomer      57
6 -0.1678683 0.6710257 0.0133789
1 -0.4197886 0.8735490 1.0709766
1 -0.5558574 1.4081627 -0.9300756
1 -0.3563053 -0.7520138 0.6452856
8 0.1819413 -0.7368741 -0.0595875
5
-114.665     ts77     dynamics     sesquiterpene     TS     runpoint      50     runisomer      57
6 -0.1676126 0.6713736 0.0024065
1 -0.4102739 0.8747101 1.0321144
1 -0.5367527 1.4253194 -0.8693585
1 -0.3591134 -0.8916890 0.6999779
8 0.1801236 -0.7294889 -0.0561821
5
-114.69     ts77     dynamics     sesquiterpene     TS     runpoint      51     runisomer      57
6 -0.1673357 0.6724596 -0.0097678
1 -0.4035214 0.8848615 0.9930282
1 -0.5069878 1.4163935 -0.7896823
1 -0.3644122 -1.0480211 0.7640603
8 0.1779495 -0.7205309 -0.0536459
5
-114.698     ts77     dynamics     sesquiterpene     TS     runpoint      52     runisomer      57
6 -0.1667797 0.6732350 -0.0220361
1 -0.4008222 0.9050691 0.9634558
1 -0.4709807 1.3886778 -0.7069325
1 -0.3528067 -1.1999743 0.8053075
8 0.1743634 -0.7110651 -0.0503944
5
-114.684     ts77     dynamics     sesquiterpene     TS     runpoint      53     runisomer      57
6 -0.1653555 0.6718710 -0.0322000
1 -0.4023391 0.9348893 0.9497204
1 -0.4379169 1.3617817 -0.6479536
1 -0.3199682 -1.3297530 0.8115842
8 0.1692376 -0.7020488 -0.0460171
5
-114.66     ts77     dynamics     sesquiterpene     TS     runpoint      54     runisomer      57
6 -0.1624199 0.6661600 -0.0373650
1 -0.4067472 0.9721384 0.9513694
1 -0.4187843 1.3627609 -0.6426885
1 -0.2687128 -1.4258965 0.7817883
8 0.1628781 -0.6941156 -0.0407025
5
-114.652     ts77     dynamics     sesquiterpene     TS     runpoint      55     runisomer      57
6 -0.1582582 0.6561935 -0.0364428
1 -0.4118793 1.0133730 0.9621374
1 -0.4141904 1.3944004 -0.6953895
1 -0.2039472 -1.4814399 0.7189724
8 0.1557088 -0.6877317 -0.0347976
5
-114.666     ts77     dynamics     sesquiterpene     TS     runpoint      56     runisomer      57
6 -0.1540212 0.6448181 -0.0307769
1 -0.4156773 1.0546648 0.9736623
1 -0.4142195 1.4293816 -0.7807834
1 -0.1310843 -1.4927157 0.6282986
8 0.1481810 -0.6832937 -0.0286847
5
-114.678     ts77     dynamics     sesquiterpene     TS     runpoint      57     runisomer      57
6 -0.1506087 0.6346842 -0.0220141
1 -0.4167581 1.0922600 0.9787867
1 -0.4107661 1.4435823 -0.8725912
1 -0.0566573 -1.4627139 0.5194446
8 0.1407825 -0.6808465 -0.0229423
5
-114.68     ts77     dynamics     sesquiterpene     TS     runpoint      58     runisomer      57
6 -0.1483967 0.6271926 -0.0113855
1 -0.4145088 1.1231654 0.9733349
1 -0.4002536 1.4262850 -0.9539718
1 0.0095306 -1.4155771 0.4147289
8 0.1341496 -0.6790561 -0.0188499
5
-114.66     ts77     dynamics     sesquiterpene     TS     runpoint      59     runisomer      57
6 -0.1474263 0.6228209 0.0000658
1 -0.4090247 1.1457339 0.9566299
1 -0.3817313 1.3753119 -1.0149760
1 0.0558529 -1.4161313 0.3542923
8 0.1289915 -0.6739528 -0.0187409
5
-114.647     ts77     dynamics     sesquiterpene     TS     runpoint      60     runisomer      57
6 -0.1476092 0.6216401 0.0113269
1 -0.4012235 1.1603578 0.9315732
1 -0.3555903 1.2929587 -1.0495984
1 0.0837781 -1.4968449 0.3498920
8 0.1252331 -0.6637154 -0.0231555
5
-114.667     ts77     dynamics     sesquiterpene     TS     runpoint      61     runisomer      57
6 -0.1488301 0.6235621 0.0214146
1 -0.3929241 1.1699443 0.9044298
1 -0.3231448 1.1846017 -1.0547804
1 0.1017928 -1.5905794 0.3665461
8 0.1224486 -0.6530287 -0.0297408
5
-114.67     ts77     dynamics     sesquiterpene     TS     runpoint      62     runisomer      57
6 -0.1509029 0.6281035 0.0295248
1 -0.3864779 1.1794294 0.8835768
1 -0.2865744 1.0588030 -1.0313806
1 0.1119288 -1.6492896 0.3839036
8 0.1206575 -0.6454097 -0.0370834
5
-114.666     ts77     dynamics     sesquiterpene     TS     runpoint      63     runisomer      57
6 -0.1535512 0.6343012 0.0355147
1 -0.3838921 1.1938119 0.8762863
1 -0.2490673 0.9282261 -0.9877303
1 0.1142589 -1.6570477 0.3963692
8 0.1199747 -0.6422509 -0.0446566
5
-114.663     ts77     dynamics     sesquiterpene     TS     runpoint      64     runisomer      57
6 -0.1564587 0.6409992 0.0406358
1 -0.3857816 1.2151198 0.8843970
1 -0.2146242 0.8093524 -0.9448275
1 0.1094617 -1.6116880 0.4035583
8 0.1204110 -0.6439887 -0.0521697
5
-114.662     ts77     dynamics     sesquiterpene     TS     runpoint      65     runisomer      57
6 -0.1594067 0.6473986 0.0473030
1 -0.3911216 1.2410609 0.9031043
1 -0.1866849 0.7174763 -0.9328033
1 0.0989195 -1.5201320 0.4081806
8 0.1218659 -0.6504070 -0.0594033
5
-114.664     ts77     dynamics     sesquiterpene     TS     runpoint      66     runisomer      57
6 -0.1623652 0.6533566 0.0566367
1 -0.3980721 1.2668137 0.9247206
1 -0.1663819 0.6601854 -0.9646790
1 0.0837310 -1.4062020 0.4210226
8 0.1242040 -0.6600702 -0.0665717
5
-114.662     ts77     dynamics     sesquiterpene     TS     runpoint      67     runisomer      57
6 -0.1653336 0.6588820 0.0670771
1 -0.4049061 1.2875743 0.9428351
1 -0.1535299 0.6394579 -1.0221636
1 0.0627130 -1.3197017 0.4721099
8 0.1273794 -0.6696691 -0.0751463
5
-114.657     ts77     dynamics     sesquiterpene     TS     runpoint      68     runisomer      57
6 -0.1682327 0.6638728 0.0763572
1 -0.4104246 1.2999805 0.9536699
1 -0.1479223 0.6546299 -1.0791057
1 0.0330629 -1.2887274 0.5876706
8 0.1314187 -0.6771042 -0.0864879
5
-114.672     ts77     dynamics     sesquiterpene     TS     runpoint      69     runisomer      57
6 -0.1709481 0.6682556 0.0828641
1 -0.4140593 1.3025985 0.9560101
1 -0.1491384 0.7022597 -1.1175340
1 -0.0002344 -1.2719553 0.7306061
8 0.1358621 -0.6846159 -0.0981058
5
-114.674     ts77     dynamics     sesquiterpene     TS     runpoint      70     runisomer      57
6 -0.1733418 0.6719017 0.0856013
1 -0.4158583 1.2958175 0.9510134
1 -0.1564188 0.7767317 -1.1276550
1 -0.0296765 -1.2399922 0.8569001
8 0.1400877 -0.6936311 -0.1071686
5
-114.666     ts77     dynamics     sesquiterpene     TS     runpoint      71     runisomer      57
6 -0.1752669 0.6746269 0.0839388
1 -0.4164210 1.2814705 0.9419962
1 -0.1687550 0.8712832 -1.1051111
1 -0.0509721 -1.1874751 0.9453100
8 0.1436893 -0.7040384 -0.1123494
5
-114.664     ts77     dynamics     sesquiterpene     TS     runpoint      72     runisomer      57
6 -0.1765965 0.6762851 0.0775853
1 -0.4166868 1.2620904 0.9337729
1 -0.1849081 0.9786883 -1.0501413
1 -0.0621174 -1.1174440 0.9875498
8 0.1464255 -0.7152409 -0.1131931
5
-114.672     ts77     dynamics     sesquiterpene     TS     runpoint      73     runisomer      57
6 -0.1772668 0.6768315 0.0667933
1 -0.4175074 1.2396811 0.9312435
1 -0.2033886 1.0920408 -0.9686874
1 -0.0621755 -1.0350914 0.9808020
8 0.1481508 -0.7265704 -0.1096484
5
-114.687     ts77     dynamics     sesquiterpene     TS     runpoint      74     runisomer      57
6 -0.1773027 0.6762775 0.0526207
1 -0.4191267 1.2144069 0.9375743
1 -0.2225821 1.2065034 -0.8737520
1 -0.0510489 -0.9469465 0.9266860
8 0.1487906 -0.7373269 -0.1019900
5
-114.702     ts77     dynamics     sesquiterpene     TS     runpoint      75     runisomer      57
6 -0.1768140 0.6745881 0.0367628
1 -0.4209555 1.1841471 0.9530973
1 -0.2410643 1.3210618 -0.7827339
1 -0.0306193 -0.8620800 0.8375919
8 0.1484193 -0.7467173 -0.0911955
5
-114.703     ts77     dynamics     sesquiterpene     TS     runpoint      76     runisomer      57
6 -0.1759831 0.6719037 0.0206765
1 -0.4218287 1.1453991 0.9755758
1 -0.2575879 1.4356775 -0.7079904
1 -0.0081942 -0.7927950 0.7554510
8 0.1474812 -0.7538479 -0.0800815
5
-114.677     ts77     dynamics     sesquiterpene     TS     runpoint      77     runisomer      57
6 -0.1750899 0.6689993 0.0049684
1 -0.4205030 1.0950072 1.0010478
1 -0.2705199 1.5445947 -0.6505540
1 0.0022754 -0.7477512 0.7613298
8 0.1468849 -0.7581933 -0.0738952
5
-114.665     ts77     dynamics     sesquiterpene     TS     runpoint      78     runisomer      57
6 -0.1744728 0.6669934 -0.0100852
1 -0.4161655 1.0322528 1.0246297
1 -0.2779261 1.6369773 -0.6057290
1 0.0015413 -0.7236880 0.8597842
8 0.1466638 -0.7600699 -0.0731194
5
-114.673     ts77     dynamics     sesquiterpene     TS     runpoint      79     runisomer      57
6 -0.1744226 0.6666439 -0.0239712
1 -0.4087874 0.9599292 1.0415668
1 -0.2782474 1.7031343 -0.5696731
1 0.0029438 -0.7182143 0.9711110
8 0.1460954 -0.7597633 -0.0730582
