5
-114.654160 ts77 dynamics sesquiterpene TS runpoint 1  runisomer  39
6 -0.0136956 0.6608665 0.0167712
1 -0.3809389 1.1324642 0.8990276
1 -0.2283504 0.9604938 -0.9093442
1 0.8778152 -0.0521341 -0.1441681
8 -0.0346006 -0.7614765 -0.0028495
5
-114.637 ts77 dynamics sesquiterpene TS runpoint 2  runisomer  39
6 -0.0207515 0.658682 0.0263807
1 -0.347033 1.10916 0.85724
1 -0.208666 0.948091 -0.955251
1 0.922589 -0.0436853 -0.152145
8 -0.0355046 -0.75812 -0.00403092
5
-114.638     ts77     dynamics     sesquiterpene     TS     runpoint      3     runisomer      39
6 -0.0272182 0.6536794 0.0337880
1 -0.3227196 1.1048137 0.8452096
1 -0.1949825 0.9530458 -1.0140748
1 0.9806845 -0.0344831 -0.1568790
8 -0.0367084 -0.7549844 -0.0048247
5
-114.635     ts77     dynamics     sesquiterpene     TS     runpoint      4     runisomer      39
6 -0.0320164 0.6452650 0.0359019
1 -0.3129333 1.1271354 0.8753651
1 -0.1843879 0.9696192 -1.0641634
1 1.0402211 -0.0188242 -0.1563422
8 -0.0381429 -0.7521083 -0.0051885
5
-114.637     ts77     dynamics     sesquiterpene     TS     runpoint      5     runisomer      39
6 -0.0348467 0.6341457 0.0328553
1 -0.3119098 1.1673761 0.9311950
1 -0.1758807 0.9934593 -1.0924141
1 1.0928834 0.0096435 -0.1492019
8 -0.0399371 -0.7495965 -0.0050910
5
-114.64     ts77     dynamics     sesquiterpene     TS     runpoint      6     runisomer      39
6 -0.0356383 0.6215476 0.0263103
1 -0.3114116 1.2100442 0.9864924
1 -0.1694924 1.0212415 -1.0932698
1 1.1344951 0.0573593 -0.1348962
8 -0.0423985 -0.7475902 -0.0045130
5
-114.641     ts77     dynamics     sesquiterpene     TS     runpoint      7     runisomer      39
6 -0.0341787 0.6083878 0.0177309
1 -0.3065752 1.2436627 1.0237253
1 -0.1656819 1.0503057 -1.0663831
1 1.1638292 0.1292970 -0.1134826
8 -0.0458866 -0.7461981 -0.0034666
5
-114.645     ts77     dynamics     sesquiterpene     TS     runpoint      8     runisomer      39
6 -0.0302184 0.5953085 0.0082526
1 -0.2956420 1.2618667 1.0348905
1 -0.1652253 1.0787691 -1.0158077
1 1.1806267 0.2271719 -0.0854533
8 -0.0506347 -0.7454914 -0.0020132
5
-114.656     ts77     dynamics     sesquiterpene     TS     runpoint      9     runisomer      39
6 -0.0235507 0.5828904 -0.0009922
1 -0.2787421 1.2615519 1.0179634
1 -0.1693919 1.1061632 -0.9503884
1 1.1844133 0.3488208 -0.0516946
8 -0.0566782 -0.7455432 -0.0002599
5
-114.67     ts77     dynamics     sesquiterpene     TS     runpoint      10     runisomer      39
6 -0.0140509 0.5716769 -0.0087278
1 -0.2573279 1.2417495 0.9750118
1 -0.1801854 1.1342751 -0.8837713
1 1.1751021 0.4886376 -0.0136651
8 -0.0638882 -0.7464618 0.0016559
5
-114.683     ts77     dynamics     sesquiterpene     TS     runpoint      11     runisomer      39
6 -0.0017108 0.5621144 -0.0138528
1 -0.2342011 1.2037377 0.9124496
1 -0.2001647 1.1665180 -0.8311774
1 1.1544148 0.6386506 0.0265043
8 -0.0720411 -0.7483746 0.0035975
5
-114.691     ts77     dynamics     sesquiterpene     TS     runpoint      12     runisomer      39
6 0.0133097 0.5545665 -0.0162846
1 -0.2139185 1.1524157 0.8430455
1 -0.2311559 1.2039144 -0.8020323
1 1.1264038 0.7901688 0.0662752
8 -0.0808706 -0.7513809 0.0054530
5
-114.654160 ts77 dynamics sesquiterpene TS runpoint 1  runisomer  39
6 -0.0136956 0.6608665 0.0167712
1 -0.3809389 1.1324642 0.8990276
1 -0.2283504 0.9604938 -0.9093442
1 0.8778152 -0.0521341 -0.1441681
8 -0.0346006 -0.7614765 -0.0028495
5
-114.637 ts77 dynamics sesquiterpene TS runpoint 2  runisomer  39
6 -0.00740362 0.661337 0.00902165
1 -0.413761 1.16061 0.945871
1 -0.257904 0.995336 -0.896926
1 0.858209 -0.0645022 -0.135108
8 -0.0341557 -0.765019 -0.00134024
5
-114.635     ts77     dynamics     sesquiterpene     TS     runpoint      3     runisomer      39
6 -0.0029700 0.6611268 0.0047998
1 -0.4373235 1.1835671 0.9804693
1 -0.2970360 1.0508513 -0.9178641
1 0.8697134 -0.0835006 -0.1263585
8 -0.0342572 -0.7686091 0.0004169
5
-114.638     ts77     dynamics     sesquiterpene     TS     runpoint      4     runisomer      39
6 -0.0011334 0.6611430 0.0032645
1 -0.4474331 1.1961970 0.9947437
1 -0.3392064 1.1168634 -0.9523499
1 0.9085483 -0.1094099 -0.1180275
8 -0.0347877 -0.7719436 0.0023190
5
-114.64     ts77     dynamics     sesquiterpene     TS     runpoint      5     runisomer      39
6 -0.0021136 0.6619065 0.0030332
1 -0.4427179 1.1964457 0.9864433
1 -0.3767149 1.1815765 -0.9806967
1 0.9629562 -0.1412388 -0.1092867
8 -0.0354141 -0.7746049 0.0042531
5
-114.639     ts77     dynamics     sesquiterpene     TS     runpoint      6     runisomer      39
6 -0.0057027 0.6635634 0.0030837
1 -0.4238551 1.1844291 0.9573342
1 -0.4043446 1.2362354 -0.9917818
1 1.0185339 -0.1785087 -0.0991690
8 -0.0356712 -0.7761862 0.0061116
5
-114.637     ts77     dynamics     sesquiterpene     TS     runpoint      7     runisomer      39
6 -0.0114839 0.6660475 0.0026212
1 -0.3936325 1.1626426 0.9136351
1 -0.4195254 1.2754183 -0.9814773
1 1.0625455 -0.2223770 -0.0870738
8 -0.0350550 -0.7763822 0.0078034
5
-114.636     ts77     dynamics     sesquiterpene     TS     runpoint      8     runisomer      39
6 -0.0189427 0.6691178 0.0006972
1 -0.3575122 1.1370052 0.8680049
1 -0.4216469 1.2962128 -0.9500915
1 1.0853881 -0.2761995 -0.0728292
8 -0.0330409 -0.7749882 0.0092479
5
-114.638     ts77     dynamics     sesquiterpene     TS     runpoint      9     runisomer      39
6 -0.0275233 0.6722906 -0.0039216
1 -0.3232248 1.1171353 0.8402173
1 -0.4118115 1.2979685 -0.9014775
1 1.0804050 -0.3456188 -0.0565374
8 -0.0290704 -0.7718521 0.0103758
5
-114.647     ts77     dynamics     sesquiterpene     TS     runpoint      10     runisomer      39
6 -0.0368388 0.6750101 -0.0119838
1 -0.2966805 1.1118136 0.8487852
1 -0.3932892 1.2832697 -0.8439818
1 1.0440112 -0.4372949 -0.0384087
8 -0.0226274 -0.7668529 0.0111208
5
-114.667     ts77     dynamics     sesquiterpene     TS     runpoint      11     runisomer      39
6 -0.0468192 0.6769561 -0.0221238
1 -0.2765829 1.1205039 0.8937431
1 -0.3725855 1.2603027 -0.7927710
1 0.9786440 -0.5551717 -0.0187384
8 -0.0135913 -0.7599851 0.0114307
5
-114.687     ts77     dynamics     sesquiterpene     TS     runpoint      12     runisomer      39
6 -0.0572097 0.6776754 -0.0308179
1 -0.2571731 1.1343769 0.9559698
1 -0.3594704 1.2439946 -0.7697836
1 0.9030811 -0.6956939 0.0018883
8 -0.0030830 -0.7515160 0.0112862
5
-114.689     ts77     dynamics     sesquiterpene     TS     runpoint      13     runisomer      39
6 -0.0673846 0.6765189 -0.0348208
1 -0.2345638 1.1450656 1.0141201
1 -0.3615478 1.2472277 -0.7915776
1 0.8664710 -0.8510952 0.0230032
8 0.0055640 -0.7417333 0.0106691
5
-114.689     ts77     dynamics     sesquiterpene     TS     runpoint      14     runisomer      39
6 -0.0770153 0.6738313 -0.0335234
1 -0.2079920 1.1481141 1.0539099
1 -0.3764042 1.2655838 -0.8505100
1 0.8981972 -1.0225568 0.0456713
8 0.0100520 -0.7302603 0.0094743
5
-114.704     ts77     dynamics     sesquiterpene     TS     runpoint      15     runisomer      39
6 -0.0861879 0.6708772 -0.0283471
1 -0.1783581 1.1422798 1.0682250
1 -0.3952775 1.2831818 -0.9221490
1 0.9449553 -1.1957351 0.0689221
8 0.0133101 -0.7178720 0.0077387
5
-114.695     ts77     dynamics     sesquiterpene     TS     runpoint      16     runisomer      39
6 -0.0950177 0.6686295 -0.0209324
1 -0.1470242 1.1285686 1.0554187
1 -0.4108662 1.2878814 -0.9852099
1 0.9665606 -1.3458469 0.0900472
8 0.0175812 -0.7061584 0.0056268
5
-114.671     ts77     dynamics     sesquiterpene     TS     runpoint      17     runisomer      39
6 -0.1035206 0.6672986 -0.0126261
1 -0.1152642 1.1100318 1.0189439
1 -0.4189984 1.2745582 -1.0271626
1 0.9547268 -1.4589618 0.1074579
8 0.0232169 -0.6960225 0.0032420
5
-114.653     ts77     dynamics     sesquiterpene     TS     runpoint      18     runisomer      39
6 -0.1116523 0.6664425 -0.0047855
1 -0.0839576 1.0922800 0.9686657
1 -0.4177477 1.2427027 -1.0419940
1 0.9132989 -1.5303045 0.1206791
8 0.0298762 -0.6877578 0.0006310
5
-114.645     ts77     dynamics     sesquiterpene     TS     runpoint      19     runisomer      39
6 -0.1193485 0.6652712 0.0009594
1 -0.0530822 1.0839063 0.9219638
1 -0.4068939 1.1944224 -1.0281450
1 0.8472685 -1.5578475 0.1297161
8 0.0371812 -0.6815718 -0.0021774
5
-114.647     ts77     dynamics     sesquiterpene     TS     runpoint      20     runisomer      39
6 -0.1265755 0.6630233 0.0031881
1 -0.0211280 1.0942665 0.8984193
1 -0.3879905 1.1339490 -0.9887299
1 0.7590964 -1.5382064 0.1347110
8 0.0449531 -0.6779643 -0.0051626
5
-114.663     ts77     dynamics     sesquiterpene     TS     runpoint      21     runisomer      39
6 -0.1332371 0.6593010 0.0022219
1 0.0137271 1.1265061 0.9045632
1 -0.3649051 1.0687109 -0.9345667
1 0.6517829 -1.4701245 0.1364964
8 0.0530601 -0.6773806 -0.0083497
5
-114.684     ts77     dynamics     sesquiterpene     TS     runpoint      22     runisomer      39
6 -0.1389139 0.6539236 0.0010218
1 0.0509115 1.1734900 0.9274039
1 -0.3443542 1.0109884 -0.8888580
1 0.5413990 -1.3721121 0.1395463
8 0.0606352 -0.6788446 -0.0119604
5
-114.668     ts77     dynamics     sesquiterpene     TS     runpoint      23     runisomer      39
6 -0.1429565 0.6466411 0.0036637
1 0.0876753 1.2237454 0.9481820
1 -0.3339667 0.9751012 -0.8828015
1 0.4818780 -1.3218007 0.1624065
8 0.0644459 -0.6774555 -0.0170720
5
-114.633     ts77     dynamics     sesquiterpene     TS     runpoint      24     runisomer      39
6 -0.1451920 0.6380361 0.0119526
1 0.1213642 1.2679978 0.9541510
1 -0.3354278 0.9655854 -0.9262110
1 0.5186236 -1.3950223 0.2322097
8 0.0617751 -0.6685750 -0.0253282
5
-114.677     ts77     dynamics     sesquiterpene     TS     runpoint      25     runisomer      39
6 -0.1461692 0.6301012 0.0242139
1 0.1505610 1.3008513 0.9400331
1 -0.3426210 0.9736918 -0.9935188
1 0.5820667 -1.4869808 0.3232237
8 0.0571224 -0.6594083 -0.0351288
5
-114.677     ts77     dynamics     sesquiterpene     TS     runpoint      26     runisomer      39
6 -0.1465387 0.6247273 0.0380081
1 0.1750143 1.3199146 0.9057887
1 -0.3488177 0.9889090 -1.0545091
1 0.6348834 -1.5393593 0.4126327
8 0.0529191 -0.6542356 -0.0451090
5
-114.657     ts77     dynamics     sesquiterpene     TS     runpoint      27     runisomer      39
6 -0.1467564 0.6228250 0.0515643
1 0.1955400 1.3254795 0.8554055
1 -0.3501452 1.0046959 -1.0915631
1 0.6684931 -1.5407097 0.4912712
8 0.0497522 -0.6540693 -0.0547232
5
-114.646     ts77     dynamics     sesquiterpene     TS     runpoint      28     runisomer      39
6 -0.1472236 0.6243440 0.0635386
1 0.2147270 1.3211963 0.7969198
1 -0.3453107 1.0176080 -1.0972096
1 0.6808198 -1.4920875 0.5545493
8 0.0478102 -0.6588156 -0.0636511
5
-114.65     ts77     dynamics     sesquiterpene     TS     runpoint      29     runisomer      39
6 -0.1484760 0.6285219 0.0727064
1 0.2379346 1.3147176 0.7420856
1 -0.3348900 1.0257404 -1.0696140
1 0.6693427 -1.3963156 0.5984299
8 0.0473507 -0.6680893 -0.0715751
5
-114.667     ts77     dynamics     sesquiterpene     TS     runpoint      30     runisomer      39
6 -0.1511004 0.6341358 0.0780405
1 0.2724084 1.3154177 0.7033187
1 -0.3208155 1.0285132 -1.0111661
1 0.6323032 -1.2589287 0.6195289
8 0.0485923 -0.6811760 -0.0781445
5
-114.694     ts77     dynamics     sesquiterpene     TS     runpoint      31     runisomer      39
6 -0.1553612 0.6401147 0.0794105
1 0.3228917 1.3271575 0.6867779
1 -0.3062757 1.0275688 -0.9302919
1 0.5739660 -1.0933580 0.6201637
8 0.0513650 -0.6967738 -0.0832640
5
-114.714     ts77     dynamics     sesquiterpene     TS     runpoint      32     runisomer      39
6 -0.1608163 0.6459350 0.0783020
1 0.3870469 1.3433611 0.6884878
1 -0.2960459 1.0288434 -0.8460136
1 0.5146573 -0.9262513 0.6233651
8 0.0545054 -0.7127705 -0.0880493
5
-114.701     ts77     dynamics     sesquiterpene     TS     runpoint      33     runisomer      39
6 -0.1664783 0.6511702 0.0776469
1 0.4569823 1.3524589 0.6991897
1 -0.2963957 1.0445519 -0.7901227
1 0.4880529 -0.7829463 0.6778238
8 0.0560422 -0.7272913 -0.0951822
5
-114.688     ts77     dynamics     sesquiterpene     TS     runpoint      34     runisomer      39
6 -0.1714106 0.6554450 0.0799147
1 0.5241160 1.3457391 0.7104137
1 -0.3121687 1.0866795 -0.7887589
1 0.4890016 -0.6618717 0.7776737
8 0.0564439 -0.7403580 -0.1039649
5
-114.687     ts77     dynamics     sesquiterpene     TS     runpoint      35     runisomer      39
6 -0.1752290 0.6593415 0.0844523
1 0.5817982 1.3199509 0.7164223
1 -0.3418292 1.1508713 -0.8307469
1 0.4912469 -0.5649164 0.8729286
8 0.0573984 -0.7518102 -0.1111008
5
-114.676     ts77     dynamics     sesquiterpene     TS     runpoint      36     runisomer      39
6 -0.1779854 0.6640092 0.0888342
1 0.6257875 1.2761535 0.7138239
1 -0.3791130 1.2205257 -0.8835796
1 0.4837478 -0.4981546 0.9377441
8 0.0595127 -0.7611467 -0.1149773
5
-114.657     ts77     dynamics     sesquiterpene     TS     runpoint      37     runisomer      39
6 -0.1798223 0.6700833 0.0913037
1 0.6541899 1.2181483 0.7011418
1 -0.4180411 1.2818901 -0.9234226
1 0.4641384 -0.4649168 0.9644325
8 0.0627876 -0.7680099 -0.1151991
5
-114.644     ts77     dynamics     sesquiterpene     TS     runpoint      38     runisomer      39
6 -0.1809297 0.6775802 0.0909821
1 0.6676434 1.1516071 0.6789213
1 -0.4544455 1.3273199 -0.9387896
1 0.4328027 -0.4667759 0.9518463
8 0.0670376 -0.7721876 -0.1117929
5
-114.644     ts77     dynamics     sesquiterpene     TS     runpoint      39     runisomer      39
6 -0.1816579 0.6861654 0.0873810
1 0.6698730 1.0835964 0.6501490
1 -0.4855976 1.3531256 -0.9255608
1 0.3916127 -0.5045799 0.9020286
8 0.0719999 -0.7735886 -0.1049702
5
-114.657     ts77     dynamics     sesquiterpene     TS     runpoint      40     runisomer      39
6 -0.1825671 0.6953267 0.0801627
1 0.6680006 1.0217705 0.6204049
1 -0.5098185 1.3579582 -0.8838881
1 0.3450181 -0.5772105 0.8236556
8 0.0772602 -0.7722965 -0.0953648
5
-114.674     ts77     dynamics     sesquiterpene     TS     runpoint      41     runisomer      39
6 -0.1842133 0.7043721 0.0693277
1 0.6708898 0.9727567 0.5965739
1 -0.5267471 1.3428731 -0.8180457
1 0.3036164 -0.6775450 0.7467563
8 0.0819864 -0.7687241 -0.0850345
5
-114.673     ts77     dynamics     sesquiterpene     TS     runpoint      42     runisomer      39
6 -0.1865328 0.7122089 0.0558494
1 0.6842581 0.9406210 0.5833762
1 -0.5388140 1.3133979 -0.7391411
1 0.2864983 -0.7942016 0.7413778
8 0.0847208 -0.7633729 -0.0787213
5
-114.674     ts77     dynamics     sesquiterpene     TS     runpoint      43     runisomer      39
6 -0.1882518 0.7171252 0.0422884
1 0.7062421 0.9270778 0.5801901
1 -0.5542643 1.2833536 -0.6694536
1 0.2952811 -0.9282860 0.8258524
8 0.0850432 -0.7558682 -0.0780574
5
-114.688     ts77     dynamics     sesquiterpene     TS     runpoint      44     runisomer      39
6 -0.1871727 0.7171426 0.0321523
1 0.7292726 0.9321442 0.5821965
1 -0.5877764 1.2736433 -0.6384657
1 0.3077823 -1.0677728 0.9194673
8 0.0841035 -0.7468013 -0.0784275
5
-114.675     ts77     dynamics     sesquiterpene     TS     runpoint      45     runisomer      39
6 -0.1818376 0.7117043 0.0271311
1 0.7456800 0.9546122 0.5841193
1 -0.6471106 1.2916641 -0.6556761
1 0.3125260 -1.1930982 0.9779536
8 0.0825049 -0.7373764 -0.0773809
5
-114.666     ts77     dynamics     sesquiterpene     TS     runpoint      46     runisomer      39
6 -0.1728322 0.7025245 0.0258908
1 0.7508338 0.9925575 0.5822947
1 -0.7203231 1.3193443 -0.6984667
1 0.3065477 -1.2921855 0.9910273
8 0.0804110 -0.7283818 -0.0744612
5
-114.659     ts77     dynamics     sesquiterpene     TS     runpoint      47     runisomer      39
6 -0.1615597 0.6915715 0.0265460
1 0.7432155 1.0435020 0.5748674
1 -0.7899952 1.3362411 -0.7411704
1 0.2895588 -1.3586035 0.9595213
8 0.0778923 -0.7202548 -0.0698062
5
-114.655     ts77     dynamics     sesquiterpene     TS     runpoint      48     runisomer      39
6 -0.1492072 0.6800467 0.0279341
1 0.7236672 1.1045430 0.5614736
1 -0.8446410 1.3316344 -0.7692812
1 0.2619619 -1.3882354 0.8867450
8 0.0750355 -0.7132979 -0.0636442
5
-114.661     ts77     dynamics     sesquiterpene     TS     runpoint      49     runisomer      39
6 -0.1366880 0.6686519 0.0294480
1 0.6946177 1.1724777 0.5428733
1 -0.8784492 1.3019224 -0.7766698
1 0.2247422 -1.3783943 0.7774034
8 0.0719474 -0.7077781 -0.0562501
5
-114.679     ts77     dynamics     sesquiterpene     TS     runpoint      50     runisomer      39
6 -0.1247484 0.6578736 0.0307307
1 0.6592405 1.2437329 0.5204765
1 -0.8890766 1.2471658 -0.7616505
1 0.1806525 -1.3328203 0.6436913
8 0.0686637 -0.7036033 -0.0483197
5
-114.693     ts77     dynamics     sesquiterpene     TS     runpoint      51     runisomer      39
6 -0.1139386 0.6480523 0.0315547
1 0.6206175 1.3141412 0.4958782
1 -0.8769298 1.1697954 -0.7253799
1 0.1369550 -1.2821003 0.5252538
8 0.0649741 -0.6989914 -0.0422081
5
-114.67     ts77     dynamics     sesquiterpene     TS     runpoint      52     runisomer      39
6 -0.1044708 0.6393944 0.0319504
1 0.5812820 1.3790119 0.4705736
1 -0.8463959 1.0751643 -0.6726520
1 0.1040825 -1.3090608 0.5040659
8 0.0604942 -0.6889216 -0.0428945
5
-114.679     ts77     dynamics     sesquiterpene     TS     runpoint      53     runisomer      39
6 -0.0959376 0.6321212 0.0325765
1 0.5432712 1.4339773 0.4459673
1 -0.8095363 0.9735248 -0.6150724
1 0.0772200 -1.4068048 0.5664338
8 0.0558545 -0.6743665 -0.0493701
5
-114.695     ts77     dynamics     sesquiterpene     TS     runpoint      54     runisomer      39
6 -0.0869890 0.6263562 0.0349554
1 0.5083378 1.4758750 0.4234237
1 -0.7901199 0.8804001 -0.5737887
1 0.0509683 -1.4937905 0.6396330
8 0.0517706 -0.6613346 -0.0569446
5
-114.667     ts77     dynamics     sesquiterpene     TS     runpoint      55     runisomer      39
6 -0.0761383 0.6222130 0.0404936
1 0.4781874 1.5032578 0.4042826
1 -0.8136004 0.8089094 -0.5691767
1 0.0256739 -1.5400363 0.6974476
8 0.0486014 -0.6525355 -0.0638256
5
-114.647     ts77     dynamics     sesquiterpene     TS     runpoint      56     runisomer      39
6 -0.0642894 0.6202316 0.0483550
1 0.4549364 1.5167979 0.3900079
1 -0.8768549 0.7604203 -0.5959682
1 0.0024970 -1.5426582 0.7350379
8 0.0466206 -0.6486845 -0.0695026
5
-114.643     ts77     dynamics     sesquiterpene     TS     runpoint      57     runisomer      39
6 -0.0542587 0.6207802 0.0562093
1 0.4411823 1.5192427 0.3821295
1 -0.9529796 0.7317709 -0.6310853
1 -0.0173888 -1.5045587 0.7516543
8 0.0460106 -0.6498483 -0.0737318
5
-114.643     ts77     dynamics     sesquiterpene     TS     runpoint      58     runisomer      39
6 -0.0483009 0.6237426 0.0623667
1 0.4394308 1.5145438 0.3818091
1 -1.0196595 0.7214794 -0.6574916
1 -0.0325895 -1.4273730 0.7451673
8 0.0468092 -0.6559919 -0.0762577
5
-114.648     ts77     dynamics     sesquiterpene     TS     runpoint      59     runisomer      39
6 -0.0475784 0.6287323 0.0660319
1 0.4514313 1.5063088 0.3894339
1 -1.0650713 0.7287153 -0.6673021
1 -0.0418439 -1.3143713 0.7142612
8 0.0489536 -0.6667946 -0.0769214
5
-114.662     ts77     dynamics     sesquiterpene     TS     runpoint      60     runisomer      39
6 -0.0524792 0.6352371 0.0668771
1 0.4774143 1.4960250 0.4042754
1 -1.0837841 0.7522724 -0.6574627
1 -0.0456437 -1.1805204 0.6696416
8 0.0524115 -0.6809484 -0.0762971
5
-114.668     ts77     dynamics     sesquiterpene     TS     runpoint      61     runisomer      39
6 -0.0628017 0.6428243 0.0648218
1 0.5153560 1.4821274 0.4242956
1 -1.0738185 0.7903015 -0.6272906
1 -0.0500178 -1.0649018 0.6587924
8 0.0574132 -0.6954483 -0.0772325
5
-114.66     ts77     dynamics     sesquiterpene     TS     runpoint      62     runisomer      39
6 -0.0777620 0.6513319 0.0600496
1 0.5609009 1.4609006 0.4464265
1 -1.0365477 0.8405207 -0.5784353
1 -0.0648786 -1.0011772 0.7455712
8 0.0643540 -0.7076754 -0.0835920
5
-114.691     ts77     dynamics     sesquiterpene     TS     runpoint      63     runisomer      39
6 -0.0958565 0.6607296 0.0532136
1 0.6082184 1.4285861 0.4673057
1 -0.9794736 0.9009954 -0.5167004
1 -0.0833284 -0.9617281 0.8779264
8 0.0725133 -0.7189873 -0.0920065
5
-114.704     ts77     dynamics     sesquiterpene     TS     runpoint      64     runisomer      39
6 -0.1145487 0.6705657 0.0456824
1 0.6513766 1.3830064 0.4840349
1 -0.9213740 0.9722412 -0.4550411
1 -0.0955362 -0.9269599 0.9909763
8 0.0809238 -0.7301754 -0.0984175
5
-114.686     ts77     dynamics     sesquiterpene     TS     runpoint      65     runisomer      39
6 -0.1304061 0.6796444 0.0393676
1 0.6857449 1.3243084 0.4947468
1 -0.8922187 1.0605002 -0.4126695
1 -0.0978731 -0.8936500 1.0600845
8 0.0889639 -0.7409483 -0.1013794
5
-114.668     ts77     dynamics     sesquiterpene     TS     runpoint      66     runisomer      39
6 -0.1413754 0.6867379 0.0352988
1 0.7091584 1.2550785 0.4989909
1 -0.9081195 1.1712825 -0.3990893
1 -0.0896261 -0.8628474 1.0785967
8 0.0961994 -0.7508301 -0.1006144
5
-114.669     ts77     dynamics     sesquiterpene     TS     runpoint      67     runisomer      39
6 -0.1487132 0.6921037 0.0326200
1 0.7224258 1.1801438 0.4978207
1 -0.9497469 1.2930251 -0.4028176
1 -0.0710072 -0.8363552 1.0456201
8 0.1023167 -0.7594748 -0.0962157
5
-114.677     ts77     dynamics     sesquiterpene     TS     runpoint      68     runisomer      39
6 -0.1546328 0.6967779 0.0300650
1 0.7289794 1.1060145 0.4935736
1 -0.9901461 1.4056740 -0.4090700
1 -0.0428249 -0.8164335 0.9644417
8 0.1071142 -0.7666645 -0.0885210
5
-114.68     ts77     dynamics     sesquiterpene     TS     runpoint      69     runisomer      39
6 -0.1605802 0.7014007 0.0268400
1 0.7338285 1.0396388 0.4893776
1 -1.0139323 1.4949838 -0.4100279
1 -0.0073952 -0.8063451 0.8501446
8 0.1105353 -0.7722149 -0.0785733
5
-114.67     ts77     dynamics     sesquiterpene     TS     runpoint      70     runisomer      39
6 -0.1672099 0.7062035 0.0225723
1 0.7412989 0.9866364 0.4880514
1 -1.0150715 1.5535206 -0.4029534
1 0.0290228 -0.8107998 0.7534856
8 0.1128141 -0.7758869 -0.0696410
5
-114.634     ts77     dynamics     sesquiterpene     TS     runpoint      71     runisomer      39
6 -0.1745179 0.7112183 0.0172869
1 0.7523406 0.9501986 0.4906942
1 -0.9924838 1.5779375 -0.3875995
1 0.0575916 -0.8353489 0.7722437
8 0.1143761 -0.7773453 -0.0679901
5
-114.639     ts77     dynamics     sesquiterpene     TS     runpoint      72     runisomer      39
6 -0.1819166 0.7163352 0.0114233
1 0.7639301 0.9315575 0.4961209
1 -0.9483362 1.5677927 -0.3652545
1 0.0829408 -0.8784625 0.8862770
8 0.1148159 -0.7766542 -0.0725240
5
-114.664     ts77     dynamics     sesquiterpene     TS     runpoint      73     runisomer      39
6 -0.1883582 0.7212212 0.0056930
1 0.7710722 0.9305845 0.5018759
1 -0.8887202 1.5266132 -0.3390557
1 0.1100987 -0.9288176 1.0005142
8 0.1137291 -0.7744913 -0.0774349
5
-114.66     ts77     dynamics     sesquiterpene     TS     runpoint      74     runisomer      39
6 -0.1923034 0.7249306 0.0010030
1 0.7693958 0.9460339 0.5057520
1 -0.8267357 1.4657984 -0.3155176
1 0.1382735 -0.9773802 1.0744226
8 0.1111120 -0.7713560 -0.0802991
5
-114.645     ts77     dynamics     sesquiterpene     TS     runpoint      75     runisomer      39
6 -0.1915520 0.7254215 -0.0014521
1 0.7568517 0.9759700 0.5066561
1 -0.7863102 1.4097015 -0.3066183
1 0.1656400 -1.0188364 1.0973523
8 0.1070661 -0.7674634 -0.0805179
5
-114.631     ts77     dynamics     sesquiterpene     TS     runpoint      76     runisomer      39
6 -0.1840005 0.7203364 -0.0004911
1 0.7344807 1.0183031 0.5049678
1 -0.7940991 1.3861867 -0.3262818
1 0.1905277 -1.0496430 1.0677969
8 0.1017314 -0.7628914 -0.0780297
5
-114.644     ts77     dynamics     sesquiterpene     TS     runpoint      77     runisomer      39
6 -0.1702327 0.7099379 0.0037320
1 0.7064872 1.0713606 0.5026230
1 -0.8489335 1.3919663 -0.3746029
1 0.2115113 -1.0671144 0.9876621
8 0.0952961 -0.7576954 -0.0729552
5
-114.677     ts77     dynamics     sesquiterpene     TS     runpoint      78     runisomer      39
6 -0.1533332 0.6966742 0.0096728
1 0.6786484 1.1340237 0.5023535
1 -0.9224092 1.3979639 -0.4364217
1 0.2278807 -1.0704339 0.8653346
8 0.0879668 -0.7518596 -0.0657905
5
-114.698     ts77     dynamics     sesquiterpene     TS     runpoint      79     runisomer      39
6 -0.1359979 0.6823740 0.0158911
1 0.6548359 1.2045995 0.5058132
1 -0.9895087 1.3834691 -0.4972271
1 0.2424805 -1.0665223 0.7307559
8 0.0797677 -0.7449107 -0.0583617
5
-114.685     ts77     dynamics     sesquiterpene     TS     runpoint      80     runisomer      39
6 -0.1196367 0.6680368 0.0216203
1 0.6345401 1.2788983 0.5120527
1 -1.0365185 1.3408550 -0.5482214
1 0.2703487 -1.0841392 0.6601636
8 0.0699761 -0.7350403 -0.0553915
5
-114.665     ts77     dynamics     sesquiterpene     TS     runpoint      81     runisomer      39
6 -0.1048016 0.6545244 0.0266182
1 0.6140914 1.3499849 0.5180903
1 -1.0569919 1.2695968 -0.5845924
1 0.3285813 -1.1483046 0.6984083
8 0.0577529 -0.7208473 -0.0596400
5
-114.689     ts77     dynamics     sesquiterpene     TS     runpoint      82     runisomer      39
6 -0.0917398 0.6428711 0.0308720
1 0.5898396 1.4102574 0.5208252
1 -1.0484175 1.1727568 -0.6038186
1 0.3967166 -1.2206763 0.7652675
8 0.0446453 -0.7052391 -0.0660051
5
-114.691     ts77     dynamics     sesquiterpene     TS     runpoint      83     runisomer      39
6 -0.0806362 0.6340265 0.0343942
1 0.5601400 1.4535590 0.5183709
1 -1.0113024 1.0559834 -0.6051916
1 0.4556175 -1.2719566 0.8113171
8 0.0321330 -0.6907417 -0.0713077
5
-114.681     ts77     dynamics     sesquiterpene     TS     runpoint      84     runisomer      39
6 -0.0715311 0.6285290 0.0372482
1 0.5256370 1.4764717 0.5103870
1 -0.9506299 0.9281093 -0.5909474
1 0.4977241 -1.2931265 0.8232942
8 0.0209974 -0.6786685 -0.0745988
5
-114.675     ts77     dynamics     sesquiterpene     TS     runpoint      85     runisomer      39
6 -0.0639733 0.6263507 0.0398059
1 0.4888784 1.4789926 0.4981127
1 -0.8798001 0.8020894 -0.5695563
1 0.5205218 -1.2828495 0.7992338
8 0.0117405 -0.6699000 -0.0755771
5
-114.669     ts77     dynamics     sesquiterpene     TS     runpoint      86     runisomer      39
6 -0.0567211 0.6269975 0.0429922
1 0.4540126 1.4651734 0.4845741
1 -0.8238621 0.6934598 -0.5591287
1 0.5233430 -1.2420745 0.7396804
8 0.0047924 -0.6652379 -0.0740194
5
-114.663     ts77     dynamics     sesquiterpene     TS     runpoint      87     runisomer      39
6 -0.0487199 0.6297989 0.0475662
1 0.4269829 1.4438264 0.4749679
1 -0.8078686 0.6140703 -0.5795073
1 0.5079773 -1.1750271 0.6487354
8 0.0004501 -0.6652155 -0.0698314
5
-114.667     ts77     dynamics     sesquiterpene     TS     runpoint      88     runisomer      39
6 -0.0412086 0.6338509 0.0523881
1 0.4152475 1.4275955 0.4763459
1 -0.8303668 0.5696282 -0.6303345
1 0.4851931 -1.0960622 0.5435701
8 -0.0015957 -0.6694078 -0.0637066
5
-114.661     ts77     dynamics     sesquiterpene     TS     runpoint      89     runisomer      39
6 -0.0367684 0.6380245 0.0550480
1 0.4243041 1.4264900 0.4943258
1 -0.8693489 0.5631044 -0.6932260
1 0.4933629 -1.0427735 0.4737062
8 -0.0035602 -0.6754155 -0.0584713
5
-114.638     ts77     dynamics     sesquiterpene     TS     runpoint      90     runisomer      39
6 -0.0368496 0.6419866 0.0540416
1 0.4524188 1.4387875 0.5279127
1 -0.9053573 0.5934355 -0.7508208
1 0.5829481 -1.0514750 0.4890071
8 -0.0086491 -0.6805255 -0.0571676
5
-114.667     ts77     dynamics     sesquiterpene     TS     runpoint      91     runisomer      39
6 -0.0413759 0.6464427 0.0492769
1 0.4909377 1.4525391 0.5693547
1 -0.9268833 0.6554723 -0.7924113
1 0.7086214 -1.0854330 0.5369918
8 -0.0142459 -0.6865042 -0.0566075
5
-114.678     ts77     dynamics     sesquiterpene     TS     runpoint      92     runisomer      39
6 -0.0495238 0.6521867 0.0413717
1 0.5297897 1.4554138 0.6092613
1 -0.9278208 0.7416849 -0.8121761
1 0.8199700 -1.1131000 0.5734536
8 -0.0175414 -0.6946825 -0.0542443
