5
-114.654160 ts77 dynamics sesquiterpene TS runpoint 1  runisomer  96
6 -0.0512062 0.6077720 0.0058692
1 -0.1611918 1.1808833 0.8522786
1 -0.1632290 1.2146056 -0.9154382
1 0.8891497 -0.0543122 -0.0124156
8 -0.0251202 -0.7405697 0.0003585
5
-114.643 ts77 dynamics sesquiterpene TS runpoint 2  runisomer  96
6 -0.0472967 0.618203 0.00241246
1 -0.15689 1.18536 0.861662
1 -0.172105 1.13361 -0.862293
1 0.882586 -0.0199376 0.0125377
8 -0.0273516 -0.745739 -0.00256031
5
-114.641     ts77     dynamics     sesquiterpene     TS     runpoint      3     runisomer      96
6 -0.0434732 0.6286229 -0.0005337
1 -0.1582296 1.1960945 0.8912638
1 -0.1876264 1.0649521 -0.8370866
1 0.9073132 0.0150266 0.0374929
8 -0.0307175 -0.7521105 -0.0053748
5
-114.636     ts77     dynamics     sesquiterpene     TS     runpoint      4     runisomer      96
6 -0.0387842 0.6370156 0.0003946
1 -0.1645545 1.2080776 0.9298436
1 -0.2157523 1.0269608 -0.8698207
1 0.9578862 0.0564876 0.0622504
8 -0.0352531 -0.7593812 -0.0080001
5
-114.644     ts77     dynamics     sesquiterpene     TS     runpoint      5     runisomer      96
6 -0.0324148 0.6429608 0.0053097
1 -0.1753577 1.2165558 0.9654948
1 -0.2558919 1.0159448 -0.9501948
1 1.0238840 0.1126132 0.0855931
8 -0.0409814 -0.7672171 -0.0103398
5
-114.658     ts77     dynamics     sesquiterpene     TS     runpoint      6     runisomer      96
6 -0.0241119 0.6468469 0.0117029
1 -0.1904126 1.2185684 0.9897932
1 -0.2997880 1.0173195 -1.0393876
1 1.0943662 0.1906121 0.1057435
8 -0.0479381 -0.7752598 -0.0123167
5
-114.66     ts77     dynamics     sesquiterpene     TS     runpoint      7     runisomer      96
6 -0.0137878 0.6487460 0.0176282
1 -0.2096649 1.2128238 0.9982669
1 -0.3395045 1.0219513 -1.1087604
1 1.1594780 0.2935092 0.1209188
8 -0.0560719 -0.7830977 -0.0138813
5
-114.658     ts77     dynamics     sesquiterpene     TS     runpoint      8     runisomer      96
6 -0.0013785 0.6486000 0.0221330
1 -0.2332737 1.1993544 0.9899378
1 -0.3701615 1.0259610 -1.1449386
1 1.2106846 0.4193663 0.1296117
8 -0.0651908 -0.7903225 -0.0150039
5
-114.66     ts77     dynamics     sesquiterpene     TS     runpoint      9     runisomer      96
6 0.0131271 0.6464935 0.0247196
1 -0.2617492 1.1793129 0.9669384
1 -0.3891157 1.0276710 -1.1432225
1 1.2412434 0.5626302 0.1307617
8 -0.0750131 -0.7966150 -0.0156758
5
-114.667     ts77     dynamics     sesquiterpene     TS     runpoint      10     runisomer      96
6 0.0296457 0.6427105 0.0250192
1 -0.2960516 1.1548181 0.9341293
1 -0.3950570 1.0261217 -1.1034096
1 1.2469585 0.7157299 0.1239098
8 -0.0852325 -0.8017822 -0.0159099
5
-114.679     ts77     dynamics     sesquiterpene     TS     runpoint      11     runisomer      96
6 0.0479724 0.6376931 0.0228221
1 -0.3374861 1.1284910 0.8980891
1 -0.3878816 1.0206532 -1.0290492
1 1.2267960 0.8702765 0.1092966
8 -0.0955555 -0.8057513 -0.0157557
5
-114.692     ts77     dynamics     sesquiterpene     TS     runpoint      12     runisomer      96
6 0.0678854 0.6319708 0.0185773
1 -0.3873354 1.1024684 0.8646636
1 -0.3698958 1.0110429 -0.9298014
1 1.1830813 1.0182751 0.0875341
8 -0.1057369 -0.8085373 -0.0153480
5
-114.697     ts77     dynamics     sesquiterpene     TS     runpoint      13     runisomer      96
6 0.0889696 0.6259149 0.0127272
1 -0.4434442 1.0749964 0.8387067
1 -0.3485642 1.0038868 -0.8238975
1 1.1212936 1.1524131 0.0636173
8 -0.1154746 -0.8102624 -0.0144902
5
-114.654160 ts77 dynamics sesquiterpene TS runpoint 1  runisomer  96
6 -0.0512062 0.6077720 0.0058692
1 -0.1611918 1.1808833 0.8522786
1 -0.1632290 1.2146056 -0.9154382
1 0.8891497 -0.0543122 -0.0124156
8 -0.0251202 -0.7405697 0.0003585
5
-114.643 ts77 dynamics sesquiterpene TS runpoint 2  runisomer  96
6 -0.0554714 0.599385 0.0072051
1 -0.171238 1.18409 0.866496
1 -0.15674 1.28749 -0.967011
1 0.9232 -0.0908655 -0.0377102
8 -0.0238414 -0.736769 0.00330377
5
-114.64     ts77     dynamics     sesquiterpene     TS     runpoint      3     runisomer      96
6 -0.0598198 0.5944773 0.0058442
1 -0.1860854 1.1909304 0.8975095
1 -0.1511421 1.3404171 -1.0019857
1 0.9726877 -0.1307942 -0.0632689
8 -0.0231132 -0.7343368 0.0061847
5
-114.634     ts77     dynamics     sesquiterpene     TS     runpoint      4     runisomer      96
6 -0.0639116 0.5940296 0.0023467
1 -0.2041148 1.1948418 0.9336623
1 -0.1461600 1.3680073 -1.0143869
1 1.0225809 -0.1756025 -0.0882769
8 -0.0223643 -0.7331632 0.0088878
5
-114.629     ts77     dynamics     sesquiterpene     TS     runpoint      5     runisomer      96
6 -0.0676547 0.5986580 -0.0024749
1 -0.2236633 1.1906153 0.9644672
1 -0.1418137 1.3682846 -1.0024904
1 1.0594012 -0.2284341 -0.1114952
8 -0.0209176 -0.7330572 0.0112781
5
-114.63     ts77     dynamics     sesquiterpene     TS     runpoint      6     runisomer      96
6 -0.0713553 0.6086131 -0.0078649
1 -0.2433417 1.1757827 0.9830456
1 -0.1380411 1.3416046 -0.9672664
1 1.0729517 -0.2951174 -0.1316292
8 -0.0179935 -0.7337079 0.0132003
5
-114.642     ts77     dynamics     sesquiterpene     TS     runpoint      7     runisomer      96
6 -0.0756596 0.6235895 -0.0130238
1 -0.2621561 1.1505358 0.9863255
1 -0.1346627 1.2916722 -0.9136010
1 1.0569109 -0.3835770 -0.1475682
8 -0.0127814 -0.7346328 0.0144863
5
-114.664     ts77     dynamics     sesquiterpene     TS     runpoint      8     runisomer      96
6 -0.0811559 0.6422285 -0.0167509
1 -0.2797330 1.1174725 0.9749556
1 -0.1317994 1.2290012 -0.8548593
1 1.0102736 -0.4995884 -0.1587716
8 -0.0047922 -0.7352739 0.0150024
5
-114.685     ts77     dynamics     sesquiterpene     TS     runpoint      9     runisomer      96
6 -0.0878897 0.6617334 -0.0169809
1 -0.2967751 1.0814750 0.9536505
1 -0.1304706 1.1748279 -0.8194329
1 0.9420306 -0.6415663 -0.1664702
8 0.0055501 -0.7352787 0.0147686
5
-114.69     ts77     dynamics     sesquiterpene     TS     runpoint      10     runisomer      96
6 -0.0953039 0.6787352 -0.0116471
1 -0.3155184 1.0493242 0.9317929
1 -0.1320143 1.1525455 -0.8416957
1 0.8818365 -0.8010708 -0.1765468
8 0.0161831 -0.7345545 0.0141814
5
-114.692     ts77     dynamics     sesquiterpene     TS     runpoint      11     runisomer      96
6 -0.1025424 0.6918219 -0.0022540
1 -0.3397306 1.0283123 0.9225776
1 -0.1360918 1.1609141 -0.9190143
1 0.8703245 -0.9741877 -0.1990607
8 0.0241212 -0.7326692 0.0140038
5
-114.705     ts77     dynamics     sesquiterpene     TS     runpoint      12     runisomer      96
6 -0.1087729 0.7015159 0.0067903
1 -0.3730214 1.0230000 0.9361192
1 -0.1415402 1.1803764 -1.0123726
1 0.8921718 -1.1557934 -0.2323142
8 0.0298598 -0.7293908 0.0143421
5
-114.704     ts77     dynamics     sesquiterpene     TS     runpoint      13     runisomer      96
6 -0.1135276 0.7085973 0.0127690
1 -0.4155559 1.0320062 0.9692705
1 -0.1479272 1.1972725 -1.0897405
1 0.9040112 -1.3229679 -0.2651487
8 0.0357636 -0.7258026 0.0147098
5
-114.68     ts77     dynamics     sesquiterpene     TS     runpoint      14     runisomer      96
6 -0.1167996 0.7137029 0.0153708
1 -0.4632876 1.0493301 1.0071963
1 -0.1552958 1.2059632 -1.1354978
1 0.8876097 -1.4556923 -0.2911305
8 0.0427238 -0.7229109 0.0148873
5
-114.653     ts77     dynamics     sesquiterpene     TS     runpoint      15     runisomer      96
6 -0.1188110 0.7172749 0.0152245
1 -0.5106750 1.0683811 1.0343145
1 -0.1637641 1.2047078 -1.1439056
1 0.8414722 -1.5436258 -0.3083295
8 0.0506592 -0.7211725 0.0149002
5
-114.638     ts77     dynamics     sesquiterpene     TS     runpoint      16     runisomer      96
6 -0.1197928 0.7195756 0.0129857
1 -0.5531312 1.0841033 1.0404338
1 -0.1734146 1.1934918 -1.1145029
1 0.7687869 -1.5816895 -0.3165798
8 0.0592584 -0.7207861 0.0148604
5
-114.64     ts77     dynamics     sesquiterpene     TS     runpoint      17     runisomer      96
6 -0.1199190 0.7206887 0.0092432
1 -0.5878246 1.0931744 1.0210587
1 -0.1843345 1.1737114 -1.0514143
1 0.6734572 -1.5673848 -0.3165159
8 0.0682325 -0.7218485 0.0149082
5
-114.659     ts77     dynamics     sesquiterpene     TS     runpoint      18     runisomer      96
6 -0.1193104 0.7203208 0.0048697
1 -0.6136330 1.0938733 0.9765085
1 -0.1967402 1.1494068 -0.9663786
1 0.5623933 -1.5046984 -0.3109935
8 0.0771819 -0.7240368 0.0152884
5
-114.678     ts77     dynamics     sesquiterpene     TS     runpoint      19     runisomer      96
6 -0.1179565 0.7174884 0.0015398
1 -0.6312552 1.0861985 0.9120426
1 -0.2115339 1.1300064 -0.8848016
1 0.4544894 -1.4202998 -0.3120177
8 0.0850080 -0.7255253 0.0167709
5
-114.661     ts77     dynamics     sesquiterpene     TS     runpoint      20     runisomer      96
6 -0.1155004 0.7105336 0.0015049
1 -0.6443109 1.0722587 0.8390319
1 -0.2311746 1.1308519 -0.8448098
1 0.3881456 -1.3875381 -0.3560669
8 0.0894050 -0.7215483 0.0216517
