5
-114.654160 ts77 dynamics sesquiterpene TS runpoint 1  runisomer  28
6 -0.0448561 0.6502325 0.0134815
1 -0.2172351 1.1959828 0.8617601
1 -0.1977183 1.1305817 -0.9346217
1 0.9884729 -0.0699671 -0.0346477
8 -0.0304387 -0.7670951 -0.0033407
5
-114.649 ts77 dynamics sesquiterpene TS runpoint 2  runisomer  28
6 -0.0405709 0.658067 0.0119555
1 -0.262538 1.23105 0.947573
1 -0.202555 1.08607 -0.960082
1 1.03145 -0.0680151 -0.0587744
8 -0.0332024 -0.7725 -0.00447866
5
-114.648     ts77     dynamics     sesquiterpene     TS     runpoint      3     runisomer      28
6 -0.0351976 0.6645551 0.0107858
1 -0.3067974 1.2588924 1.0245960
1 -0.2105059 1.0469381 -0.9870103
1 1.0651435 -0.0590688 -0.0805964
8 -0.0360667 -0.7772201 -0.0053827
5
-114.637     ts77     dynamics     sesquiterpene     TS     runpoint      4     runisomer      28
6 -0.0288039 0.6696412 0.0109154
1 -0.3451128 1.2721084 1.0758297
1 -0.2216321 1.0150338 -1.0114948
1 1.0857430 -0.0394550 -0.0989213
8 -0.0390473 -0.7810942 -0.0060112
5
-114.626     ts77     dynamics     sesquiterpene     TS     runpoint      5     runisomer      28
6 -0.0214440 0.6730120 0.0124037
1 -0.3743993 1.2685639 1.0941477
1 -0.2355121 0.9912006 -1.0288601
1 1.0922222 -0.0052966 -0.1127081
8 -0.0422574 -0.7840503 -0.0063196
5
-114.623     ts77     dynamics     sesquiterpene     TS     runpoint      6     runisomer      28
6 -0.0131981 0.6743071 0.0149461
1 -0.3925729 1.2484444 1.0776064
1 -0.2514437 0.9757942 -1.0351147
1 1.0859625 0.0475950 -0.1210414
8 -0.0458999 -0.7861155 -0.0062663
5
-114.629     ts77     dynamics     sesquiterpene     TS     runpoint      7     runisomer      28
6 -0.0041899 0.6732081 0.0180990
1 -0.3983363 1.2133303 1.0278263
1 -0.2687484 0.9689463 -1.0280398
1 1.0705287 0.1233953 -0.1231115
8 -0.0502322 -0.7874240 -0.0058106
5
-114.645     ts77     dynamics     sesquiterpene     TS     runpoint      8     runisomer      28
6 0.0053915 0.6694690 0.0212556
1 -0.3919461 1.1668167 0.9511828
1 -0.2870612 0.9705870 -1.0077485
1 1.0518135 0.2249463 -0.1183335
8 -0.0554896 -0.7881905 -0.0049304
5
-114.664     ts77     dynamics     sesquiterpene     TS     runpoint      9     runisomer      28
6 0.0152878 0.6628238 0.0233698
1 -0.3775631 1.1166699 0.8629119
1 -0.3065154 0.9803549 -0.9768856
1 1.0389486 0.3515660 -0.1067714
8 -0.0617838 -0.7886403 -0.0036272
5
-114.677     ts77     dynamics     sesquiterpene     TS     runpoint      10     runisomer      28
6 0.0253316 0.6526789 0.0225934
1 -0.3668082 1.0774685 0.7918591
1 -0.3277034 0.9974930 -0.9404279
1 1.0446502 0.4983630 -0.0896337
8 -0.0690206 -0.7888885 -0.0019441
5
-114.678     ts77     dynamics     sesquiterpene     TS     runpoint      11     runisomer      28
6 0.0358393 0.6381560 0.0169478
1 -0.3761703 1.0658810 0.7710068
1 -0.3514152 1.0207575 -0.9048099
1 1.0780036 0.6597233 -0.0686259
8 -0.0769213 -0.7888971 0.0000372
5
-114.689     ts77     dynamics     sesquiterpene     TS     runpoint      12     runisomer      28
6 0.0473331 0.6197247 0.0069969
1 -0.4085379 1.0816862 0.8025632
1 -0.3781616 1.0482195 -0.8760981
1 1.1304409 0.8304783 -0.0446167
8 -0.0851232 -0.7885553 0.0021925
5
-114.654160 ts77 dynamics sesquiterpene TS runpoint 1  runisomer  28
6 -0.0448561 0.6502325 0.0134815
1 -0.2172351 1.1959828 0.8617601
1 -0.1977183 1.1305817 -0.9346217
1 0.9884729 -0.0699671 -0.0346477
8 -0.0304387 -0.7670951 -0.0033407
5
-114.649 ts77 dynamics sesquiterpene TS runpoint 2  runisomer  28
6 -0.0479688 0.640545 0.0130254
1 -0.177813 1.17045 0.799046
1 -0.195509 1.17725 -0.912771
1 0.943193 -0.0685097 -0.00950276
8 -0.0278733 -0.761251 -0.00200794
5
-114.638     ts77     dynamics     sesquiterpene     TS     runpoint      3     runisomer      28
6 -0.0500768 0.6284220 0.0078938
1 -0.1495133 1.1743835 0.7938953
1 -0.1953469 1.2218308 -0.8950643
1 0.9054562 -0.0670164 0.0155348
8 -0.0257066 -0.7553077 -0.0005274
5
-114.636     ts77     dynamics     sesquiterpene     TS     runpoint      4     runisomer      28
6 -0.0519255 0.6152469 -0.0016457
1 -0.1305516 1.2053354 0.8446198
1 -0.1968876 1.2600047 -0.8812513
1 0.8860390 -0.0682600 0.0399312
8 -0.0241943 -0.7497017 0.0010267
5
-114.643     ts77     dynamics     sesquiterpene     TS     runpoint      5     runisomer      28
6 -0.0542404 0.6039253 -0.0127806
1 -0.1165685 1.2408045 0.9184328
1 -0.2000836 1.2881752 -0.8706897
1 0.8920888 -0.0737893 0.0639248
8 -0.0235186 -0.7448708 0.0025528
5
-114.642     ts77     dynamics     sesquiterpene     TS     runpoint      6     runisomer      28
6 -0.0570956 0.5964614 -0.0231803
1 -0.1054760 1.2636517 0.9880477
1 -0.2051156 1.3040366 -0.8627009
1 0.9224833 -0.0834331 0.0878898
8 -0.0236738 -0.7411045 0.0039555
5
-114.636     ts77     dynamics     sesquiterpene     TS     runpoint      7     runisomer      28
6 -0.0600062 0.5935055 -0.0315254
1 -0.0968532 1.2668097 1.0391035
1 -0.2123380 1.3069983 -0.8572036
1 0.9679755 -0.0957420 0.1114310
8 -0.0244460 -0.7385000 0.0051714
5
-114.63     ts77     dynamics     sesquiterpene     TS     runpoint      8     runisomer      28
6 -0.0622891 0.5948830 -0.0370290
1 -0.0908419 1.2489521 1.0649156
1 -0.2222147 1.2982816 -0.8551314
1 1.0160391 -0.1090137 0.1332790
8 -0.0255184 -0.7370244 0.0061675
5
-114.626     ts77     dynamics     sesquiterpene     TS     runpoint      9     runisomer      28
6 -0.0633686 0.6000265 -0.0391518
1 -0.0877074 1.2115028 1.0626482
1 -0.2352492 1.2805963 -0.8583257
1 1.0555987 -0.1220836 0.1518472
8 -0.0265769 -0.7365869 0.0069362
5
-114.627     ts77     dynamics     sesquiterpene     TS     runpoint      10     runisomer      28
6 -0.0629088 0.6082060 -0.0376138
1 -0.0877234 1.1577962 1.0323189
1 -0.2518579 1.2572597 -0.8687712
1 1.0789447 -0.1348264 0.1657457
8 -0.0273461 -0.7370672 0.0074764
5
-114.633     ts77     dynamics     sesquiterpene     TS     runpoint      11     runisomer      28
6 -0.0608548 0.6186036 -0.0326790
1 -0.0911902 1.0938033 0.9785323
1 -0.2721266 1.2309528 -0.8871697
1 1.0816090 -0.1485676 0.1740198
8 -0.0275599 -0.7383132 0.0078011
5
-114.64     ts77     dynamics     sesquiterpene     TS     runpoint      12     runisomer      28
6 -0.0574383 0.6302308 -0.0257131
1 -0.0986273 1.0301418 0.9155908
1 -0.2954979 1.2028664 -0.9115755
1 1.0617935 -0.1664123 0.1762376
8 -0.0269343 -0.7401312 0.0079392
5
-114.641     ts77     dynamics     sesquiterpene     TS     runpoint      13     runisomer      28
6 -0.0531130 0.6417625 -0.0197182
1 -0.1113933 0.9834497 0.8737408
1 -0.3207104 1.1730735 -0.9373511
1 1.0202126 -0.1934043 0.1725965
8 -0.0251659 -0.7422626 0.0079322
5
-114.637     ts77     dynamics     sesquiterpene     TS     runpoint      14     runisomer      28
6 -0.0484622 0.6520239 -0.0181920
1 -0.1320272 0.9693741 0.8874817
1 -0.3462583 1.1417499 -0.9590406
1 0.9607067 -0.2364237 0.1641352
8 -0.0219960 -0.7443900 0.0078214
5
-114.647     ts77     dynamics     sesquiterpene     TS     runpoint      15     runisomer      28
6 -0.0443193 0.6612437 -0.0213624
1 -0.1610391 0.9868240 0.9533794
1 -0.3711838 1.1100366 -0.9729361
1 0.8922414 -0.3030243 0.1532022
8 -0.0173914 -0.7462119 0.0076116
5
-114.665     ts77     dynamics     sesquiterpene     TS     runpoint      16     runisomer      28
6 -0.0417181 0.6705779 -0.0263921
1 -0.1944610 1.0221711 1.0339068
1 -0.3955484 1.0800291 -0.9781254
1 0.8340178 -0.3967707 0.1443435
8 -0.0120319 -0.7476441 0.0071974
5
-114.668     ts77     dynamics     sesquiterpene     TS     runpoint      17     runisomer      28
6 -0.0412544 0.6805929 -0.0307775
1 -0.2276006 1.0638214 1.0984157
1 -0.4203121 1.0542908 -0.9759941
1 0.8225523 -0.5104825 0.1450178
8 -0.0080082 -0.7489951 0.0062461
5
-114.665     ts77     dynamics     sesquiterpene     TS     runpoint      18     runisomer      28
6 -0.0427806 0.6909036 -0.0330818
1 -0.2574465 1.1049785 1.1318420
1 -0.4469285 1.0351494 -0.9692275
1 0.8867864 -0.6367984 0.1609952
8 -0.0073513 -0.7501582 0.0044351
5
-114.68     ts77     dynamics     sesquiterpene     TS     runpoint      19     runisomer      28
6 -0.0457381 0.7007514 -0.0325733
1 -0.2823672 1.1416826 1.1286610
1 -0.4767488 1.0239152 -0.9604811
1 0.9868688 -0.7797643 0.1857236
8 -0.0079884 -0.7501416 0.0021442
5
-114.69     ts77     dynamics     sesquiterpene     TS     runpoint      20     runisomer      28
6 -0.0496255 0.7095874 -0.0290632
1 -0.3013303 1.1713626 1.0886047
1 -0.5101846 1.0204614 -0.9510790
1 1.0682488 -0.9321785 0.2091261
8 -0.0068960 -0.7488201 -0.0000325
5
-114.685     ts77     dynamics     sesquiterpene     TS     runpoint      21     runisomer      28
6 -0.0541536 0.7171138 -0.0229085
1 -0.3137293 1.1926659 1.0158774
1 -0.5461293 1.0232692 -0.9405630
1 1.1062581 -1.0799156 0.2259867
8 -0.0028469 -0.7466773 -0.0017934
5
-114.68     ts77     dynamics     sesquiterpene     TS     runpoint      22     runisomer      28
6 -0.0591256 0.7230507 -0.0151470
1 -0.3200777 1.2066647 0.9214516
1 -0.5821506 1.0298415 -0.9274288
1 1.0952975 -1.2105349 0.2345951
8 0.0042440 -0.7441965 -0.0030372
5
-114.675     ts77     dynamics     sesquiterpene     TS     runpoint      23     runisomer      28
6 -0.0641902 0.7267897 -0.0077528
1 -0.3236976 1.2198728 0.8275339
1 -0.6153611 1.0372399 -0.9105087
1 1.0370781 -1.3142905 0.2347836
8 0.0140329 -0.7417625 -0.0037451
5
-114.668     ts77     dynamics     sesquiterpene     TS     runpoint      24     runisomer      28
6 -0.0686416 0.7271447 -0.0034895
1 -0.3317670 1.2464321 0.7670014
1 -0.6434670 1.0425777 -0.8901037
1 0.9362478 -1.3833306 0.2271862
8 0.0260061 -0.7396888 -0.0039369
5
-114.665     ts77     dynamics     sesquiterpene     TS     runpoint      25     runisomer      28
6 -0.0718552 0.7231993 -0.0039866
1 -0.3494465 1.2972759 0.7611460
1 -0.6655627 1.0434672 -0.8683256
1 0.8013012 -1.4127298 0.2135502
8 0.0394261 -0.7381361 -0.0037095
5
-114.678     ts77     dynamics     sesquiterpene     TS     runpoint      26     runisomer      28
6 -0.0740285 0.7157770 -0.0078445
1 -0.3712780 1.3618489 0.7966402
1 -0.6822859 1.0384205 -0.8484355
1 0.6509098 -1.4077681 0.1987548
8 0.0529622 -0.7366313 -0.0033752
5
-114.68     ts77     dynamics     sesquiterpene     TS     runpoint      27     runisomer      28
6 -0.0757233 0.7064646 -0.0125517
1 -0.3878154 1.4193296 0.8470639
1 -0.6952716 1.0270746 -0.8336026
1 0.5246897 -1.4039465 0.1961174
8 0.0640461 -0.7327921 -0.0037914
5
-114.654     ts77     dynamics     sesquiterpene     TS     runpoint      28     runisomer      28
6 -0.0772741 0.6963270 -0.0163307
1 -0.3934627 1.4555070 0.8941331
1 -0.7063945 1.0100509 -0.8260201
1 0.4628442 -1.4638524 0.2262520
8 0.0701631 -0.7226177 -0.0063002
5
-114.654     ts77     dynamics     sesquiterpene     TS     runpoint      29     runisomer      28
6 -0.0788182 0.6860851 -0.0182098
1 -0.3864849 1.4642606 0.9283002
1 -0.7170668 0.9885378 -0.8263830
1 0.4382689 -1.5635115 0.2840157
8 0.0731025 -0.7078504 -0.0106618
