5
-114.654160 ts77 dynamics sesquiterpene TS runpoint 1  runisomer  176
6 -0.0481038 0.6295383 -0.0116873
1 -0.1566047 1.1709578 0.9914716
1 -0.2260430 1.0962804 -0.8847478
1 0.9889936 -0.0753515 0.0887222
8 -0.0300706 -0.7474923 -0.0035462
5
-114.645 ts77 dynamics sesquiterpene TS runpoint 2  runisomer  176
6 -0.0481888 0.622743 -0.0120618
1 -0.155135 1.1304 0.928011
1 -0.254077 1.13122 -0.861981
1 1.05867 -0.081342 0.108151
8 -0.032723 -0.741663 -0.00192515
5
-114.644     ts77     dynamics     sesquiterpene     TS     runpoint      3     runisomer      176
6 -0.0461878 0.6148507 -0.0101806
1 -0.1576203 1.0926842 0.8688984
1 -0.2893881 1.1807266 -0.8665587
1 1.1158599 -0.0800233 0.1237759
8 -0.0354451 -0.7365681 -0.0003080
5
-114.638     ts77     dynamics     sesquiterpene     TS     runpoint      4     runisomer      176
6 -0.0416332 0.6056795 -0.0093184
1 -0.1668822 1.0713524 0.8411865
1 -0.3274029 1.2332504 -0.8839337
1 1.1555209 -0.0660132 0.1345659
8 -0.0383813 -0.7325352 0.0012054
5
-114.63     ts77     dynamics     sesquiterpene     TS     runpoint      5     runisomer      176
6 -0.0343437 0.5954529 -0.0117450
1 -0.1849122 1.0742988 0.8602532
1 -0.3625284 1.2770347 -0.9001128
1 1.1771894 -0.0335818 0.1399655
8 -0.0418643 -0.7298496 0.0025032
5
-114.633     ts77     dynamics     sesquiterpene     TS     runpoint      6     runisomer      176
6 -0.0245622 0.5852898 -0.0167888
1 -0.2095574 1.0940733 0.9121460
1 -0.3901929 1.3043929 -0.9070292
1 1.1831580 0.0222905 0.1395512
8 -0.0462812 -0.7287151 0.0034785
5
-114.641     ts77     dynamics     sesquiterpene     TS     runpoint      7     runisomer      176
6 -0.0128109 0.5765881 -0.0224007
1 -0.2359136 1.1168857 0.9709583
1 -0.4072256 1.3114104 -0.9013431
1 1.1762663 0.1048178 0.1327502
8 -0.0519270 -0.7292655 0.0040533
5
-114.648     ts77     dynamics     sesquiterpene     TS     runpoint      8     runisomer      176
6 0.0003946 0.5702992 -0.0269614
1 -0.2597818 1.1330055 1.0182502
1 -0.4118531 1.2969388 -0.8826533
1 1.1590019 0.2149357 0.1189407
8 -0.0589493 -0.7315902 0.0041862
5
-114.658     ts77     dynamics     sesquiterpene     TS     runpoint      9     runisomer      176
6 0.0145499 0.5669232 -0.0295268
1 -0.2786365 1.1376677 1.0449372
1 -0.4040509 1.2623427 -0.8529245
1 1.1346981 0.3506255 0.0979477
8 -0.0673384 -0.7357209 0.0038783
5
-114.671     ts77     dynamics     sesquiterpene     TS     runpoint      10     runisomer      176
6 0.0289997 0.5665997 -0.0295216
1 -0.2912485 1.1290812 1.0477227
1 -0.3865034 1.2121690 -0.8172141
1 1.1099891 0.5065142 0.0706752
8 -0.0769301 -0.7415985 0.0031655
5
-114.685     ts77     dynamics     sesquiterpene     TS     runpoint      11     runisomer      176
6 0.0430225 0.5689399 -0.0264076
1 -0.2972903 1.1070425 1.0266649
1 -0.3659537 1.1552273 -0.7852277
1 1.0950557 0.6753443 0.0392252
8 -0.0874204 -0.7490163 0.0021215
5
-114.654160 ts77 dynamics sesquiterpene TS runpoint 1  runisomer  176
6 -0.0481038 0.6295383 -0.0116873
1 -0.1566047 1.1709578 0.9914716
1 -0.2260430 1.0962804 -0.8847478
1 0.9889936 -0.0753515 0.0887222
8 -0.0300706 -0.7474923 -0.0035462
5
-114.645 ts77 dynamics sesquiterpene TS runpoint 2  runisomer  176
6 -0.0468045 0.635824 -0.00755836
1 -0.160257 1.20486 1.03964
1 -0.205872 1.07882 -0.935999
1 0.917591 -0.0668647 0.0671059
8 -0.0275878 -0.753779 -0.00508805
5
-114.643     ts77     dynamics     sesquiterpene     TS     runpoint      3     runisomer      176
6 -0.0455297 0.6426930 -0.0004209
1 -0.1651478 1.2271749 1.0624496
1 -0.1908491 1.0728109 -0.9996572
1 0.8603137 -0.0604007 0.0450985
8 -0.0255749 -0.7603675 -0.0064822
5
-114.636     ts77     dynamics     sesquiterpene     TS     runpoint      4     runisomer      176
6 -0.0454308 0.6511397 0.0081808
1 -0.1707913 1.2359687 1.0563037
1 -0.1782732 1.0711291 -1.0558838
1 0.8330056 -0.0600831 0.0237945
8 -0.0243666 -0.7671740 -0.0076631
5
-114.631     ts77     dynamics     sesquiterpene     TS     runpoint      5     runisomer      176
6 -0.0470464 0.6614589 0.0168997
1 -0.1770986 1.2315994 1.0224158
1 -0.1667877 1.0696476 -1.0908751
1 0.8427992 -0.0684905 0.0030921
8 -0.0240999 -0.7740178 -0.0085595
5
-114.633     ts77     dynamics     sesquiterpene     TS     runpoint      6     runisomer      176
6 -0.0500890 0.6730010 0.0245456
1 -0.1846119 1.2173584 0.9675308
1 -0.1560780 1.0669085 -1.0977245
1 0.8834255 -0.0859601 -0.0175734
8 -0.0245797 -0.7805074 -0.0091042
5
-114.639     ts77     dynamics     sesquiterpene     TS     runpoint      7     runisomer      176
6 -0.0537367 0.6843480 0.0296800
1 -0.1950219 1.2010958 0.9065924
1 -0.1463785 1.0630935 -1.0749560
1 0.9396154 -0.1120582 -0.0381723
8 -0.0253407 -0.7861108 -0.0092523
5
-114.64     ts77     dynamics     sesquiterpene     TS     runpoint      8     runisomer      176
6 -0.0570631 0.6936754 0.0305617
1 -0.2116581 1.1956898 0.8633110
1 -0.1382138 1.0596183 -1.0263821
1 0.9949790 -0.1474093 -0.0579549
8 -0.0258025 -0.7903223 -0.0089998
5
-114.636     ts77     dynamics     sesquiterpene     TS     runpoint      9     runisomer      176
6 -0.0594001 0.6994641 0.0263995
1 -0.2380346 1.2120408 0.8579212
1 -0.1323547 1.0596238 -0.9631650
1 1.0366101 -0.1943666 -0.0759768
8 -0.0253826 -0.7927376 -0.0083845
5
-114.637     ts77     dynamics     sesquiterpene     TS     runpoint      10     runisomer      176
6 -0.0607169 0.7014313 0.0193449
1 -0.2735968 1.2466097 0.8865832
1 -0.1299080 1.0691886 -0.9065325
1 1.0557604 -0.2570620 -0.0915432
8 -0.0235181 -0.7930454 -0.0074849
5
-114.642     ts77     dynamics     sesquiterpene     TS     runpoint      11     runisomer      176
6 -0.0615997 0.7002078 0.0135467
1 -0.3133443 1.2847368 0.9274585
1 -0.1320688 1.0966596 -0.8826143
1 1.0470456 -0.3410136 -0.1043180
8 -0.0196691 -0.7909717 -0.0064120
5
-114.652     ts77     dynamics     sesquiterpene     TS     runpoint      12     runisomer      176
6 -0.0628655 0.6968066 0.0115520
1 -0.3520224 1.3134148 0.9614259
1 -0.1388158 1.1448313 -0.9007243
1 1.0086672 -0.4513212 -0.1143040
8 -0.0134423 -0.7863130 -0.0052843
5
-114.672     ts77     dynamics     sesquiterpene     TS     runpoint      13     runisomer      176
6 -0.0652283 0.6927125 0.0128626
1 -0.3861805 1.3252398 0.9781665
1 -0.1481182 1.2043006 -0.9429222
1 0.9467628 -0.5884181 -0.1222406
8 -0.0050340 -0.7790957 -0.0041619
5
-114.688     ts77     dynamics     sesquiterpene     TS     runpoint      14     runisomer      176
6 -0.0689782 0.6892308 0.0158459
1 -0.4139978 1.3170204 0.9738256
1 -0.1574779 1.2611407 -0.9848952
1 0.8871881 -0.7446682 -0.1313096
8 0.0038728 -0.7697024 -0.0029088
5
-114.688     ts77     dynamics     sesquiterpene     TS     runpoint      15     runisomer      176
6 -0.0738807 0.6869018 0.0191329
1 -0.4349393 1.2884305 0.9489656
1 -0.1651572 1.3049760 -1.0109027
1 0.8764655 -0.9129737 -0.1485298
8 0.0100275 -0.7583104 -0.0010835
5
-114.693     ts77     dynamics     sesquiterpene     TS     runpoint      16     runisomer      176
6 -0.0793428 0.6856387 0.0216379
1 -0.4500625 1.2420322 0.9086211
1 -0.1701275 1.3300884 -1.0138371
1 0.9112069 -1.0920024 -0.1746087
8 0.0132004 -0.7447402 0.0014078
5
-114.7     ts77     dynamics     sesquiterpene     TS     runpoint      17     runisomer      176
6 -0.0846221 0.6849874 0.0222268
1 -0.4630106 1.1843035 0.8638554
1 -0.1717402 1.3342524 -0.9922038
1 0.9404502 -1.2622308 -0.2007763
8 0.0162324 -0.7301493 0.0040737
5
-114.687     ts77     dynamics     sesquiterpene     TS     runpoint      18     runisomer      176
6 -0.0888530 0.6841206 0.0195877
1 -0.4808366 1.1256560 0.8323778
1 -0.1695721 1.3181079 -0.9487124
1 0.9391318 -1.4023053 -0.2213943
8 0.0204725 -0.7159596 0.0065977
5
-114.669     ts77     dynamics     sesquiterpene     TS     runpoint      19     runisomer      176
6 -0.0912153 0.6820876 0.0129138
1 -0.5114853 1.0756748 0.8315600
1 -0.1635609 1.2859013 -0.8912177
1 0.9042053 -1.5008012 -0.2349693
8 0.0259954 -0.7030490 0.0088915
5
-114.659     ts77     dynamics     sesquiterpene     TS     runpoint      20     runisomer      176
6 -0.0914992 0.6782917 0.0034770
1 -0.5561151 1.0353114 0.8627059
1 -0.1544105 1.2477154 -0.8357501
1 0.8393625 -1.5525165 -0.2417050
8 0.0325263 -0.6919920 0.0109416
5
-114.656     ts77     dynamics     sesquiterpene     TS     runpoint      21     runisomer      176
6 -0.0902379 0.6723099 -0.0051406
1 -0.6068818 0.9986314 0.9087257
1 -0.1439303 1.2205005 -0.8072910
1 0.7485199 -1.5539673 -0.2422510
8 0.0398390 -0.6833856 0.0127519
5
-114.658     ts77     dynamics     sesquiterpene     TS     runpoint      22     runisomer      176
6 -0.0881780 0.6639176 -0.0095583
1 -0.6542869 0.9610954 0.9496249
1 -0.1340935 1.2186868 -0.8256602
1 0.6358984 -1.5036762 -0.2378402
8 0.0477536 -0.6777784 0.0143715
5
-114.674     ts77     dynamics     sesquiterpene     TS     runpoint      23     runisomer      176
6 -0.0860288 0.6540784 -0.0093085
1 -0.6920034 0.9220619 0.9721061
1 -0.1254262 1.2377944 -0.8824518
1 0.5131168 -1.4127687 -0.2330633
8 0.0557054 -0.6748670 0.0160495
5
-114.679     ts77     dynamics     sesquiterpene     TS     runpoint      24     runisomer      176
6 -0.0843499 0.6444466 -0.0060526
1 -0.7169809 0.8832765 0.9699084
1 -0.1176985 1.2608069 -0.9507107
1 0.4158086 -1.3359515 -0.2471628
8 0.0616602 -0.6714864 0.0189387
5
-114.644     ts77     dynamics     sesquiterpene     TS     runpoint      25     runisomer      176
6 -0.0834369 0.6363386 -0.0015471
1 -0.7288376 0.8474914 0.9421653
1 -0.1110340 1.2743550 -1.0083169
1 0.3928729 -1.3714719 -0.3229921
8 0.0627436 -0.6617617 0.0257181
5
-114.665     ts77     dynamics     sesquiterpene     TS     runpoint      26     runisomer      176
6 -0.0832577 0.6309378 0.0027450
1 -0.7302028 0.8180942 0.8929855
1 -0.1059490 1.2723502 -1.0434239
1 0.4049018 -1.4564069 -0.4416420
8 0.0616138 -0.6503778 0.0352887
