5
-114.654160 ts77 dynamics sesquiterpene TS runpoint 1  runisomer  191
6 -0.0301313 0.6542624 -0.0068262
1 -0.2521999 1.1719693 1.0157397
1 -0.2720492 1.0895184 -0.9294569
1 0.9610290 -0.0676496 0.0379980
8 -0.0328708 -0.7661636 -0.0027094
5
-114.648 ts77 dynamics sesquiterpene TS runpoint 2  runisomer  191
6 -0.0331128 0.644572 0.000878117
1 -0.202889 1.18198 0.925663
1 -0.266284 1.08737 -0.909509
1 0.926622 -0.0334712 0.0627729
8 -0.0319359 -0.761543 -0.00563186
5
-114.651     ts77     dynamics     sesquiterpene     TS     runpoint      3     runisomer      191
6 -0.0359488 0.6339457 0.0095605
1 -0.1561125 1.1912992 0.8367624
1 -0.2643883 1.0951312 -0.9043152
1 0.9080785 0.0049928 0.0864950
8 -0.0317067 -0.7570685 -0.0083672
5
-114.644     ts77     dynamics     sesquiterpene     TS     runpoint      4     runisomer      191
6 -0.0385249 0.6218023 0.0162913
1 -0.1177051 1.2152886 0.7802744
1 -0.2649520 1.1096448 -0.9115721
1 0.9144774 0.0496008 0.1087167
8 -0.0325624 -0.7531943 -0.0108003
5
-114.637     ts77     dynamics     sesquiterpene     TS     runpoint      5     runisomer      191
6 -0.0406940 0.6078120 0.0189175
1 -0.0904229 1.2652453 0.7747343
1 -0.2659616 1.1256528 -0.9249712
1 0.9494664 0.1040414 0.1285817
8 -0.0347947 -0.7502838 -0.0128291
5
-114.644     ts77     dynamics     sesquiterpene     TS     runpoint      6     runisomer      191
6 -0.0420333 0.5932015 0.0180397
1 -0.0738449 1.3299524 0.8069039
1 -0.2658551 1.1381831 -0.9380430
1 1.0092393 0.1738068 0.1446846
8 -0.0386080 -0.7485845 -0.0143878
5
-114.655     ts77     dynamics     sesquiterpene     TS     runpoint      7     runisomer      191
6 -0.0416750 0.5797518 0.0153496
1 -0.0676694 1.3882143 0.8529573
1 -0.2638357 1.1437356 -0.9458705
1 1.0835513 0.2633693 0.1553153
8 -0.0440753 -0.7481578 -0.0154477
5
-114.659     ts77     dynamics     sesquiterpene     TS     runpoint      8     runisomer      191
6 -0.0386954 0.5686153 0.0120611
1 -0.0718270 1.4256293 0.8968841
1 -0.2598403 1.1405591 -0.9456231
1 1.1594595 0.3726643 0.1589945
8 -0.0510829 -0.7488463 -0.0159956
5
-114.659     ts77     dynamics     sesquiterpene     TS     runpoint      9     runisomer      191
6 -0.0324863 0.5603566 0.0088715
1 -0.0857368 1.4356205 0.9305082
1 -0.2544287 1.1286764 -0.9368395
1 1.2253514 0.4968872 0.1549604
8 -0.0593568 -0.7503578 -0.0160212
5
-114.659     ts77     dynamics     sesquiterpene     TS     runpoint      10     runisomer      191
6 -0.0228238 0.5551944 0.0062752
1 -0.1082464 1.4160728 0.9498606
1 -0.2487145 1.1098915 -0.9216128
1 1.2731812 0.6289108 0.1433026
8 -0.0685610 -0.7523877 -0.0155168
5
-114.66     ts77     dynamics     sesquiterpene     TS     runpoint      11     runisomer      191
6 -0.0097642 0.5531054 0.0047462
1 -0.1378575 1.3672863 0.9531386
1 -0.2443234 1.0876307 -0.9045011
1 1.2986189 0.7614160 0.1247795
8 -0.0783724 -0.7546934 -0.0144876
5
-114.664     ts77     dynamics     sesquiterpene     TS     runpoint      12     runisomer      191
6 0.0064864 0.5539071 0.0047386
1 -0.1730499 1.2915746 0.9403266
1 -0.2432666 1.0662410 -0.8916375
1 1.3000521 0.8877336 0.1004849
8 -0.0885022 -0.7571356 -0.0129553
5
-114.67     ts77     dynamics     sesquiterpene     TS     runpoint      13     runisomer      191
6 0.0256604 0.5573251 0.0064298
1 -0.2128319 1.1941755 0.9143223
1 -0.2475063 1.0494660 -0.8883814
1 1.2775314 1.0018895 0.0716198
8 -0.0986938 -0.7596995 -0.0109712
5
-114.677     ts77     dynamics     sesquiterpene     TS     runpoint      14     runisomer      191
6 0.0475081 0.5629951 0.0092847
1 -0.2579586 1.0848762 0.8834407
1 -0.2581820 1.0386508 -0.8962375
1 1.2321903 1.0984905 0.0394405
8 -0.1087120 -0.7624731 -0.0086437
5
-114.681     ts77     dynamics     sesquiterpene     TS     runpoint      15     runisomer      191
6 0.0720309 0.5705269 0.0120970
1 -0.3133605 0.9781212 0.8623441
1 -0.2753786 1.0313112 -0.9119288
1 1.1660681 1.1729080 0.0046988
8 -0.1183692 -0.7656244 -0.0062461
5
-114.68     ts77     dynamics     sesquiterpene     TS     runpoint      16     runisomer      191
6 0.0989918 0.5797097 0.0119049
1 -0.3836849 0.8825181 0.8666133
1 -0.3003032 1.0269392 -0.9269547
1 1.0843425 1.2220447 -0.0251690
8 -0.1274447 -0.7693102 -0.0035415
5
-114.68     ts77     dynamics     sesquiterpene     TS     runpoint      17     runisomer      191
6 0.1265510 0.5904360 0.0096391
1 -0.4658470 0.8033079 0.8906581
1 -0.3294033 1.0210281 -0.9372592
1 0.9969892 1.2473489 -0.0506943
8 -0.1356061 -0.7735878 -0.0010993
5
-114.654160 ts77 dynamics sesquiterpene TS runpoint 1  runisomer  191
6 -0.0301313 0.6542624 -0.0068262
1 -0.2521999 1.1719693 1.0157397
1 -0.2720492 1.0895184 -0.9294569
1 0.9610290 -0.0676496 0.0379980
8 -0.0328708 -0.7661636 -0.0027094
5
-114.648 ts77 dynamics sesquiterpene TS runpoint 2  runisomer  191
6 -0.0271288 0.663136 -0.0119832
1 -0.298688 1.15409 1.08508
1 -0.281379 1.10087 -0.95954
1 1.00032 -0.0986857 0.0125404
8 -0.0340823 -0.770454 0.000289903
5
-114.639     ts77     dynamics     sesquiterpene     TS     runpoint      3     runisomer      191
6 -0.0242983 0.6711353 -0.0143644
1 -0.3387155 1.1271592 1.1227201
1 -0.2924274 1.1178422 -0.9903139
1 1.0345374 -0.1278296 -0.0130825
8 -0.0351439 -0.7739911 0.0032584
5
-114.63     ts77     dynamics     sesquiterpene     TS     runpoint      4     runisomer      191
6 -0.0219121 0.6782099 -0.0143286
1 -0.3700136 1.0926372 1.1244275
1 -0.3029152 1.1362352 -1.0122807
1 1.0561195 -0.1569627 -0.0381786
8 -0.0356612 -0.7764464 0.0060888
5
-114.627     ts77     dynamics     sesquiterpene     TS     runpoint      5     runisomer      191
6 -0.0203118 0.6843582 -0.0123491
1 -0.3913397 1.0531370 1.0902536
1 -0.3109679 1.1527301 -1.0189304
1 1.0600114 -0.1891126 -0.0619701
8 -0.0352555 -0.7775824 0.0086744
5
-114.63     ts77     dynamics     sesquiterpene     TS     runpoint      6     runisomer      191
6 -0.0198671 0.6896070 -0.0089438
1 -0.4027952 1.0123578 1.0247220
1 -0.3153850 1.1653147 -1.0075471
1 1.0433441 -0.2290131 -0.0837222
8 -0.0335401 -0.7772282 0.0109010
5
-114.641     ts77     dynamics     sesquiterpene     TS     runpoint      7     runisomer      191
6 -0.0208447 0.6939294 -0.0049294
1 -0.4073221 0.9758514 0.9399993
1 -0.3156642 1.1733703 -0.9792585
1 1.0053635 -0.2834404 -0.1029281
8 -0.0301109 -0.7752473 0.0126543
5
-114.654     ts77     dynamics     sesquiterpene     TS     runpoint      8     runisomer      191
6 -0.0231031 0.6970531 -0.0018289
1 -0.4136570 0.9521717 0.8611172
1 -0.3120586 1.1778745 -0.9392566
1 0.9485353 -0.3603710 -0.1196556
8 -0.0246648 -0.7715339 0.0138311
5
-114.66     ts77     dynamics     sesquiterpene     TS     runpoint      9     runisomer      191
6 -0.0258525 0.6983422 -0.0016207
1 -0.4368417 0.9517359 0.8230447
1 -0.3057616 1.1817590 -0.8971215
1 0.8832535 -0.4650135 -0.1354398
8 -0.0174256 -0.7661237 0.0144121
5
-114.665     ts77     dynamics     sesquiterpene     TS     runpoint      10     runisomer      191
6 -0.0284842 0.6972529 -0.0043225
1 -0.4850485 0.9782194 0.8404611
1 -0.2989774 1.1897684 -0.8658842
1 0.8388594 -0.5934525 -0.1556558
8 -0.0100463 -0.7593866 0.0146454
5
-114.675     ts77     dynamics     sesquiterpene     TS     runpoint      11     runisomer      191
6 -0.0315087 0.6938785 -0.0069240
1 -0.5471614 1.0222652 0.8891111
1 -0.2939586 1.2063042 -0.8569098
1 0.8599435 -0.7375173 -0.1906726
8 -0.0055090 -0.7515947 0.0151696
5
-114.695     ts77     dynamics     sesquiterpene     TS     runpoint      12     runisomer      191
6 -0.0356645 0.6887780 -0.0068384
1 -0.6070351 1.0704977 0.9383334
1 -0.2908073 1.2311248 -0.8718206
1 0.9319740 -0.8981055 -0.2399641
8 -0.0033573 -0.7422520 0.0160477
5
-114.708     ts77     dynamics     sesquiterpene     TS     runpoint      13     runisomer      191
6 -0.0413507 0.6829011 -0.0035787
1 -0.6545689 1.1128515 0.9703875
1 -0.2869452 1.2581089 -0.9013949
1 0.9953832 -1.0631605 -0.2892369
8 -0.0003364 -0.7318113 0.0165497
5
-114.693     ts77     dynamics     sesquiterpene     TS     runpoint      14     runisomer      191
6 -0.0486808 0.6772830 0.0021405
1 -0.6850698 1.1430546 0.9779842
1 -0.2792375 1.2792653 -0.9329608
1 1.0206598 -1.2136270 -0.3290694
8 0.0050054 -0.7213506 0.0162778
5
-114.67     ts77     dynamics     sesquiterpene     TS     runpoint      15     runisomer      191
6 -0.0575587 0.6726972 0.0093637
1 -0.6968272 1.1574768 0.9595382
1 -0.2656683 1.2885675 -0.9565457
1 1.0027535 -1.3359741 -0.3562066
8 0.0126776 -0.7116960 0.0152168
5
-114.655     ts77     dynamics     sesquiterpene     TS     runpoint      16     runisomer      191
6 -0.0677120 0.6695694 0.0172024
1 -0.6901435 1.1544955 0.9170923
1 -0.2455412 1.2829865 -0.9664238
1 0.9452023 -1.4219132 -0.3700547
8 0.0222305 -0.7033947 0.0135054
5
-114.655     ts77     dynamics     sesquiterpene     TS     runpoint      17     runisomer      191
6 -0.0786222 0.6680046 0.0247581
1 -0.6681259 1.1348636 0.8567567
1 -0.2191721 1.2621980 -0.9607263
1 0.8530007 -1.4654378 -0.3707696
8 0.0331758 -0.6969321 0.0113228
5
-114.666     ts77     dynamics     sesquiterpene     TS     runpoint      18     runisomer      191
6 -0.0893454 0.6676499 0.0308590
1 -0.6392149 1.1034939 0.7915424
1 -0.1875827 1.2283625 -0.9412098
1 0.7311800 -1.4617146 -0.3590083
8 0.0450841 -0.6927914 0.0088832
5
-114.681     ts77     dynamics     sesquiterpene     TS     runpoint      19     runisomer      191
6 -0.0983561 0.6673069 0.0338396
1 -0.6199392 1.0719114 0.7447113
1 -0.1521656 1.1862921 -0.9137304
1 0.5891081 -1.4123627 -0.3382702
8 0.0573496 -0.6910016 0.0065583
5
-114.684     ts77     dynamics     sesquiterpene     TS     runpoint      20     runisomer      191
6 -0.1040334 0.6651219 0.0322646
1 -0.6296236 1.0543865 0.7422550
1 -0.1143040 1.1435761 -0.8888491
1 0.4532918 -1.3462579 -0.3243754
8 0.0683915 -0.6897318 0.0054503
5
-114.658     ts77     dynamics     sesquiterpene     TS     runpoint      21     runisomer      191
6 -0.1063305 0.6601390 0.0270967
1 -0.6701844 1.0525322 0.7853325
1 -0.0749783 1.1095703 -0.8802906
1 0.3741550 -1.3504980 -0.3630898
8 0.0751805 -0.6834666 0.0085122
