5
-114.654160 ts77 dynamics sesquiterpene TS runpoint 1  runisomer  15
6 -0.0187072 0.6399692 -0.0203861
1 -0.3355250 1.1345660 1.0057993
1 -0.2826837 1.2022260 -0.8562808
1 0.9183599 -0.0691376 -0.0152425
8 -0.0328325 -0.7600918 0.0068343
5
-114.644 ts77 dynamics sesquiterpene TS runpoint 2  runisomer  15
6 -0.017535 0.644636 -0.0149758
1 -0.300518 1.14705 1.02644
1 -0.288324 1.198 -0.924923
1 0.872579 -0.023433 0.0105721
8 -0.0326781 -0.766993 0.00417322
5
-114.641     ts77     dynamics     sesquiterpene     TS     runpoint      3     runisomer      15
6 -0.0185808 0.6505078 -0.0075823
1 -0.2588561 1.1505696 1.0238709
1 -0.2925863 1.1897359 -0.9909603
1 0.8625294 0.0234750 0.0367720
8 -0.0336167 -0.7740551 0.0012980
5
-114.638     ts77     dynamics     sesquiterpene     TS     runpoint      4     runisomer      15
6 -0.0220806 0.6575531 0.0002978
1 -0.2140308 1.1467201 0.9999156
1 -0.2923531 1.1727797 -1.0397297
1 0.8951591 0.0739694 0.0631013
8 -0.0358870 -0.7812106 -0.0016901
5
-114.642     ts77     dynamics     sesquiterpene     TS     runpoint      5     runisomer      15
6 -0.0270524 0.6645896 0.0073053
1 -0.1709480 1.1397525 0.9621659
1 -0.2864529 1.1464247 -1.0629604
1 0.9630204 0.1348527 0.0882018
8 -0.0395203 -0.7882267 -0.0046859
5
-114.65     ts77     dynamics     sesquiterpene     TS     runpoint      6     runisomer      15
6 -0.0316481 0.6697772 0.0120599
1 -0.1352819 1.1369340 0.9247168
1 -0.2751384 1.1123853 -1.0575650
1 1.0491807 0.2141660 0.1096068
8 -0.0444612 -0.7947936 -0.0075821
5
-114.655     ts77     dynamics     sesquiterpene     TS     runpoint      7     runisomer      15
6 -0.0340026 0.6713829 0.0133909
1 -0.1119538 1.1466245 0.9043374
1 -0.2598367 1.0740094 -1.0254182
1 1.1360977 0.3156986 0.1247653
8 -0.0506050 -0.8005894 -0.0102767
5
-114.66     ts77     dynamics     sesquiterpene     TS     runpoint      8     runisomer      15
6 -0.0327640 0.6684349 0.0113600
1 -0.1035778 1.1724495 0.9091097
1 -0.2433658 1.0364194 -0.9749689
1 1.2102434 0.4373433 0.1318857
8 -0.0577722 -0.8053007 -0.0126813
5
-114.666     ts77     dynamics     sesquiterpene     TS     runpoint      9     runisomer      15
6 -0.0270742 0.6609107 0.0080573
1 -0.1104283 1.2090378 0.9313017
1 -0.2303964 1.0071227 -0.9236954
1 1.2625743 0.5730449 0.1301616
8 -0.0657237 -0.8086662 -0.0147231
5
-114.666     ts77     dynamics     sesquiterpene     TS     runpoint      10     runisomer      15
6 -0.0164093 0.6493292 0.0066746
1 -0.1312862 1.2459595 0.9557989
1 -0.2270713 0.9950938 -0.8953925
1 1.2877582 0.7151338 0.1196807
8 -0.0742073 -0.8104981 -0.0163519
5
-114.665     ts77     dynamics     sesquiterpene     TS     runpoint      11     runisomer      15
6 -0.0007247 0.6346459 0.0092131
1 -0.1640421 1.2736877 0.9706636
1 -0.2376372 1.0049401 -0.9033675
1 1.2835047 0.8555605 0.1012871
8 -0.0829759 -0.8106977 -0.0175307
5
-114.669     ts77     dynamics     sesquiterpene     TS     runpoint      12     runisomer      15
6 0.0192652 0.6185374 0.0150291
1 -0.2061687 1.2857432 0.9699491
1 -0.2603267 1.0309600 -0.9358767
1 1.2502834 0.9864146 0.0764098
8 -0.0917960 -0.8092568 -0.0182334
5
-114.675     ts77     dynamics     sesquiterpene     TS     runpoint      13     runisomer      15
6 0.0423107 0.6029948 0.0222224
1 -0.2552734 1.2785233 0.9523152
1 -0.2892338 1.0615185 -0.9704614
1 1.1912830 1.1004379 0.0466705
8 -0.1004529 -0.8062522 -0.0184652
5
-114.676     ts77     dynamics     sesquiterpene     TS     runpoint      14     runisomer      15
6 0.0674965 0.5898544 0.0293643
1 -0.3107425 1.2505260 0.9189829
1 -0.3203772 1.0849277 -0.9911695
1 1.1122374 1.1924597 0.0138010
8 -0.1089101 -0.8019027 -0.0183469
5
-114.675     ts77     dynamics     sesquiterpene     TS     runpoint      15     runisomer      15
6 0.0930659 0.5800263 0.0353094
1 -0.3701863 1.2023986 0.8738785
1 -0.3499435 1.0958687 -0.9909068
1 1.0237492 1.2588296 -0.0197005
8 -0.1169084 -0.7963694 -0.0178711
5
-114.673     ts77     dynamics     sesquiterpene     TS     runpoint      16     runisomer      15
6 0.1175044 0.5735416 0.0402403
1 -0.4339895 1.1385058 0.8220144
1 -0.3761640 1.0904283 -0.9703744
1 0.9391556 1.2997078 -0.0552391
8 -0.1242393 -0.7897116 -0.0173574
5
-114.654160 ts77 dynamics sesquiterpene TS runpoint 1  runisomer  15
6 -0.0187072 0.6399692 -0.0203861
1 -0.3355250 1.1345660 1.0057993
1 -0.2826837 1.2022260 -0.8562808
1 0.9183599 -0.0691376 -0.0152425
8 -0.0328325 -0.7600918 0.0068343
5
-114.644 ts77 dynamics sesquiterpene TS runpoint 2  runisomer  15
6 -0.0210871 0.635631 -0.0222558
1 -0.362016 1.11365 0.964922
1 -0.280557 1.21155 -0.804946
1 0.98316 -0.113881 -0.0405667
8 -0.0335945 -0.753288 0.00917382
5
-114.643     ts77     dynamics     sesquiterpene     TS     runpoint      3     runisomer      15
6 -0.0236294 0.6307105 -0.0197940
1 -0.3802003 1.0869721 0.9117788
1 -0.2858065 1.2342705 -0.7870103
1 1.0487989 -0.1582627 -0.0648666
8 -0.0343466 -0.7465509 0.0110768
5
-114.641     ts77     dynamics     sesquiterpene     TS     runpoint      4     runisomer      15
6 -0.0257673 0.6252062 -0.0140749
1 -0.3932574 1.0598831 0.8600659
1 -0.2971169 1.2683053 -0.8025038
1 1.1007654 -0.2037990 -0.0873052
8 -0.0344815 -0.7399894 0.0124354
5
-114.637     ts77     dynamics     sesquiterpene     TS     runpoint      5     runisomer      15
6 -0.0273396 0.6199431 -0.0076684
1 -0.4076852 1.0402903 0.8275506
1 -0.3090102 1.3019841 -0.8380170
1 1.1290725 -0.2533547 -0.1070539
8 -0.0334273 -0.7338053 0.0131595
5
-114.631     ts77     dynamics     sesquiterpene     TS     runpoint      6     runisomer      15
6 -0.0284623 0.6159950 -0.0028698
1 -0.4302215 1.0348573 0.8274317
1 -0.3163926 1.3237903 -0.8788047
1 1.1271691 -0.3119611 -0.1234784
8 -0.0305798 -0.7281815 0.0131737
5
-114.633     ts77     dynamics     sesquiterpene     TS     runpoint      7     runisomer      15
6 -0.0298385 0.6146754 -0.0002788
1 -0.4617619 1.0430925 0.8571614
1 -0.3164217 1.3269245 -0.9143897
1 1.0912272 -0.3869453 -0.1362045
8 -0.0252935 -0.7231837 0.0124021
5
-114.649     ts77     dynamics     sesquiterpene     TS     runpoint      8     runisomer      15
6 -0.0326858 0.6173054 0.0009639
1 -0.4967204 1.0581161 0.9010574
1 -0.3080744 1.3088985 -0.9384992
1 1.0213412 -0.4858197 -0.1452897
8 -0.0170789 -0.7187389 0.0107962
5
-114.672     ts77     dynamics     sesquiterpene     TS     runpoint      9     runisomer      15
6 -0.0380212 0.6245802 0.0020145
1 -0.5282867 1.0726821 0.9425338
1 -0.2915305 1.2705473 -0.9481236
1 0.9277254 -0.6114059 -0.1522052
8 -0.0062322 -0.7147863 0.0084375
5
-114.69     ts77     dynamics     sesquiterpene     TS     runpoint      10     runisomer      15
6 -0.0461262 0.6362043 0.0037627
1 -0.5517712 1.0821232 0.9701852
1 -0.2680653 1.2158076 -0.9436020
1 0.8475720 -0.7587259 -0.1633394
8 0.0048995 -0.7113711 0.0058030
5
-114.69     ts77     dynamics     sesquiterpene     TS     runpoint      11     runisomer      15
6 -0.0564615 0.6508785 0.0068968
1 -0.5649926 1.0841648 0.9779235
1 -0.2402422 1.1520840 -0.9300306
1 0.8430478 -0.9265599 -0.1919768
8 0.0120189 -0.7079197 0.0039157
5
-114.704     ts77     dynamics     sesquiterpene     TS     runpoint      12     runisomer      15
6 -0.0679990 0.6667802 0.0121139
1 -0.5679948 1.0784888 0.9642791
1 -0.2117387 1.0900947 -0.9187766
1 0.8901592 -1.1114278 -0.2351309
8 0.0160987 -0.7039386 0.0028743
5
-114.711     ts77     dynamics     sesquiterpene     TS     runpoint      13     runisomer      15
6 -0.0796904 0.6821858 0.0199280
1 -0.5631325 1.0669124 0.9327515
1 -0.1858634 1.0408187 -0.9244255
1 0.9258712 -1.2844173 -0.2771605
8 0.0206831 -0.7007642 0.0020046
5
-114.69     ts77     dynamics     sesquiterpene     TS     runpoint      14     runisomer      15
6 -0.0905968 0.6957920 0.0296594
1 -0.5558800 1.0538802 0.8934003
1 -0.1637113 1.0098633 -0.9535015
1 0.9285900 -1.4234990 -0.3104213
8 0.0268416 -0.6994377 0.0011140
5
-114.665     ts77     dynamics     sesquiterpene     TS     runpoint      15     runisomer      15
6 -0.0997250 0.7066854 0.0387832
1 -0.5554596 1.0464975 0.8634567
1 -0.1446438 0.9961242 -0.9968859
1 0.8978214 -1.5189683 -0.3328207
8 0.0344013 -0.7002657 0.0003026
5
-114.645     ts77     dynamics     sesquiterpene     TS     runpoint      16     runisomer      15
6 -0.1060817 0.7142471 0.0442508
1 -0.5715907 1.0514720 0.8600976
1 -0.1282901 0.9960304 -1.0381629
1 0.8375242 -1.5663725 -0.3439346
8 0.0429552 -0.7032619 -0.0002839
5
-114.639     ts77     dynamics     sesquiterpene     TS     runpoint      17     runisomer      15
6 -0.1093374 0.7184846 0.0447041
1 -0.6059954 1.0687346 0.8846302
1 -0.1151205 1.0064747 -1.0643103
1 0.7509209 -1.5621341 -0.3435963
8 0.0521916 -0.7084563 -0.0005410
5
-114.651     ts77     dynamics     sesquiterpene     TS     runpoint      18     runisomer      15
6 -0.1100828 0.7199667 0.0408989
1 -0.6501963 1.0907999 0.9204928
1 -0.1058784 1.0251133 -1.0687257
1 0.6419752 -1.5052410 -0.3326302
8 0.0618190 -0.7157186 -0.0003562
5
-114.671     ts77     dynamics     sesquiterpene     TS     runpoint      19     runisomer      15
6 -0.1092405 0.7191649 0.0343584
1 -0.6932616 1.1092601 0.9487532
1 -0.1010026 1.0500966 -1.0504726
1 0.5242604 -1.4098268 -0.3178809
8 0.0710104 -0.7238683 0.0006936
5
-114.668     ts77     dynamics     sesquiterpene     TS     runpoint      20     runisomer      15
6 -0.1075878 0.7161819 0.0265198
1 -0.7271282 1.1184968 0.9573216
1 -0.1003787 1.0802250 -1.0136580
1 0.4418186 -1.3404024 -0.3304075
8 0.0770580 -0.7284860 0.0045069
5
-114.632     ts77     dynamics     sesquiterpene     TS     runpoint      21     runisomer      15
6 -0.1056583 0.7109630 0.0186539
1 -0.7472518 1.1156348 0.9411052
1 -0.1033409 1.1156373 -0.9673754
1 0.4458146 -1.3887130 -0.4264035
8 0.0768122 -0.7235786 0.0145656
5
-114.675     ts77     dynamics     sesquiterpene     TS     runpoint      22     runisomer      15
6 -0.1037454 0.7036333 0.0118085
1 -0.7522474 1.0999360 0.9004237
1 -0.1088802 1.1582647 -0.9241930
1 0.4779882 -1.4636340 -0.5613697
8 0.0740128 -0.7150576 0.0280517
