5
-114.654160 ts77 dynamics sesquiterpene TS runpoint 1  runisomer  120
6 -0.0236099 0.6498580 0.0208420
1 -0.3374448 1.1045576 0.8584494
1 -0.2584607 1.0164125 -0.9620557
1 1.0159148 -0.0908523 -0.0968880
8 -0.0367066 -0.7525433 -0.0030043
5
-114.644 ts77 dynamics sesquiterpene TS runpoint 2  runisomer  120
6 -0.0185632 0.643553 0.0162119
1 -0.339143 1.10403 0.884188
1 -0.263574 0.940403 -0.918208
1 0.976176 -0.063552 -0.0759251
8 -0.0375599 -0.74471 -0.00523604
5
-114.642     ts77     dynamics     sesquiterpene     TS     runpoint      3     runisomer      120
6 -0.0126909 0.6350972 0.0117555
1 -0.3449648 1.1153178 0.9262689
1 -0.2762840 0.8859749 -0.9008126
1 0.9410920 -0.0310114 -0.0529297
8 -0.0385868 -0.7376980 -0.0070892
5
-114.636     ts77     dynamics     sesquiterpene     TS     runpoint      4     runisomer      120
6 -0.0066621 0.6254398 0.0100724
1 -0.3488939 1.1300926 0.9671569
1 -0.3014772 0.8599457 -0.9244668
1 0.9241236 0.0084661 -0.0287605
8 -0.0402059 -0.7322308 -0.0084343
5
-114.635     ts77     dynamics     sesquiterpene     TS     runpoint      5     runisomer      120
6 -0.0015722 0.6158684 0.0110205
1 -0.3471050 1.1422966 0.9945844
1 -0.3357941 0.8600052 -0.9760913
1 0.9373676 0.0575914 -0.0039688
8 -0.0428093 -0.7289178 -0.0091828
5
-114.639     ts77     dynamics     sesquiterpene     TS     runpoint      6     runisomer      120
6 0.0017170 0.6072382 0.0129773
1 -0.3382188 1.1486388 1.0025342
1 -0.3707249 0.8795696 -1.0304361
1 0.9855445 0.1214171 0.0210759
8 -0.0466704 -0.7280978 -0.0093050
5
-114.646     ts77     dynamics     sesquiterpene     TS     runpoint      7     runisomer      120
6 0.0033554 0.5996128 0.0145712
1 -0.3227692 1.1479679 0.9896627
1 -0.3989860 0.9122591 -1.0688419
1 1.0618083 0.2068341 0.0456842
8 -0.0518962 -0.7297773 -0.0088204
5
-114.658     ts77     dynamics     sesquiterpene     TS     runpoint      8     runisomer      120
6 0.0043860 0.5926699 0.0149855
1 -0.3028708 1.1408932 0.9584804
1 -0.4162359 0.9527157 -1.0818045
1 1.1501215 0.3179530 0.0684102
8 -0.0584000 -0.7336730 -0.0077809
5
-114.67     ts77     dynamics     sesquiterpene     TS     runpoint      9     runisomer      120
6 0.0060911 0.5862112 0.0136448
1 -0.2820510 1.1298477 0.9155797
1 -0.4203909 0.9962550 -1.0659871
1 1.2324948 0.4522237 0.0872500
8 -0.0659186 -0.7393351 -0.0062547
5
-114.678     ts77     dynamics     sesquiterpene     TS     runpoint      10     runisomer      120
6 0.0095261 0.5802459 0.0099652
1 -0.2648779 1.1192305 0.8718638
1 -0.4109409 1.0386965 -1.0222687
1 1.2950215 0.6016934 0.1003086
8 -0.0741129 -0.7462830 -0.0043166
5
-114.681     ts77     dynamics     sesquiterpene     TS     runpoint      11     runisomer      120
6 0.0153966 0.5748550 0.0034766
1 -0.2558728 1.1143277 0.8404944
1 -0.3889267 1.0767577 -0.9556552
1 1.3298415 0.7565329 0.1063803
8 -0.0826655 -0.7540841 -0.0020523
5
-114.681     ts77     dynamics     sesquiterpene     TS     runpoint      12     runisomer      120
6 0.0240831 0.5701932 -0.0055980
1 -0.2574372 1.1177623 0.8309371
1 -0.3576768 1.1092529 -0.8764615
1 1.3341163 0.9074446 0.1052382
8 -0.0913224 -0.7623591 0.0004413
5
-114.678     ts77     dynamics     sesquiterpene     TS     runpoint      13     runisomer      120
6 0.0357683 0.5665096 -0.0158294
1 -0.2682226 1.1261013 0.8433772
1 -0.3240124 1.1390197 -0.8012017
1 1.3082024 1.0465036 0.0978105
8 -0.0998972 -0.7707585 0.0030594
5
-114.671     ts77     dynamics     sesquiterpene     TS     runpoint      14     runisomer      120
6 0.0506804 0.5639775 -0.0250333
1 -0.2843879 1.1314418 0.8702586
1 -0.2982690 1.1732074 -0.7490726
1 1.2543366 1.1670173 0.0861695
8 -0.1082940 -0.7789432 0.0057198
5
-114.663     ts77     dynamics     sesquiterpene     TS     runpoint      15     runisomer      120
6 0.0690716 0.5629914 -0.0314613
1 -0.3036877 1.1256316 0.9011948
1 -0.2900458 1.2166806 -0.7308233
1 1.1768502 1.2628367 0.0718595
8 -0.1165117 -0.7866130 0.0083461
5
-114.658     ts77     dynamics     sesquiterpene     TS     runpoint      16     runisomer      120
6 0.0898459 0.5644301 -0.0348253
1 -0.3230640 1.1047125 0.9283181
1 -0.3006931 1.2637186 -0.7423827
1 1.0838051 1.3284060 0.0568594
8 -0.1243429 -0.7934695 0.0108356
5
-114.657     ts77     dynamics     sesquiterpene     TS     runpoint      17     runisomer      120
6 0.1114474 0.5694747 -0.0359482
1 -0.3408579 1.0673386 0.9465096
1 -0.3268302 1.3013805 -0.7706285
1 0.9855285 1.3602836 0.0435108
8 -0.1315888 -0.7992817 0.0131548
5
-114.654     ts77     dynamics     sesquiterpene     TS     runpoint      18     runisomer      120
6 0.1319952 0.5785875 -0.0356933
1 -0.3565327 1.0144061 0.9528952
1 -0.3636663 1.3190518 -0.8036657
1 0.8958710 1.3599393 0.0336077
8 -0.1380475 -0.8038752 0.0152691
5
-114.654160 ts77 dynamics sesquiterpene TS runpoint 1  runisomer  120
6 -0.0236099 0.6498580 0.0208420
1 -0.3374448 1.1045576 0.8584494
1 -0.2584607 1.0164125 -0.9620557
1 1.0159148 -0.0908523 -0.0968880
8 -0.0367066 -0.7525433 -0.0030043
5
-114.644 ts77 dynamics sesquiterpene TS runpoint 2  runisomer  120
6 -0.0275329 0.653746 0.0225346
1 -0.344683 1.12286 0.86219
1 -0.254272 1.1016 -1.00715
1 1.04927 -0.114288 -0.114856
8 -0.0356728 -0.760505 -0.000536218
5
-114.641     ts77     dynamics     sesquiterpene     TS     runpoint      3     runisomer      120
6 -0.0304738 0.6557836 0.0202458
1 -0.3596602 1.1558970 0.8916779
1 -0.2471357 1.1843535 -1.0358911
1 1.0687758 -0.1352326 -0.1290196
8 -0.0342013 -0.7680110 0.0020268
5
-114.638     ts77     dynamics     sesquiterpene     TS     runpoint      4     runisomer      120
6 -0.0329334 0.6570961 0.0148153
1 -0.3764368 1.1933193 0.9304172
1 -0.2357068 1.2561015 -1.0401431
1 1.0701952 -0.1554944 -0.1388487
8 -0.0321078 -0.7745982 0.0045481
5
-114.634     ts77     dynamics     sesquiterpene     TS     runpoint      5     runisomer      120
6 -0.0354560 0.6587882 0.0075676
1 -0.3893295 1.2248743 0.9626073
1 -0.2199786 1.3109845 -1.0180134
1 1.0518371 -0.1779418 -0.1441134
8 -0.0292365 -0.7799001 0.0068945
5
-114.632     ts77     dynamics     sesquiterpene     TS     runpoint      6     runisomer      120
6 -0.0385369 0.6617103 -0.0003286
1 -0.3949932 1.2438122 0.9787363
1 -0.2005880 1.3454610 -0.9717198
1 1.0142188 -0.2071820 -0.1449029
8 -0.0254202 -0.7836163 0.0089369
5
-114.637     ts77     dynamics     sesquiterpene     TS     runpoint      7     runisomer      120
6 -0.0426767 0.6664470 -0.0078318
1 -0.3921598 1.2466995 0.9749867
1 -0.1785469 1.3586827 -0.9073958
1 0.9603552 -0.2499721 -0.1417201
8 -0.0204874 -0.7854893 0.0105493
5
-114.648     ts77     dynamics     sesquiterpene     TS     runpoint      8     runisomer      120
6 -0.0483832 0.6731965 -0.0138028
1 -0.3811511 1.2327205 0.9519782
1 -0.1552022 1.3541340 -0.8365169
1 0.8972749 -0.3143216 -0.1357669
8 -0.0143956 -0.7853309 0.0116375
5
-114.659     ts77     dynamics     sesquiterpene     TS     runpoint      9     runisomer      120
6 -0.0559860 0.6813711 -0.0168919
1 -0.3638735 1.2037394 0.9148268
1 -0.1321439 1.3421470 -0.7777466
1 0.8406802 -0.4048066 -0.1297798
8 -0.0076673 -0.7831807 0.0122166
5
-114.661     ts77     dynamics     sesquiterpene     TS     runpoint      10     runisomer      120
6 -0.0653527 0.6892755 -0.0159710
1 -0.3443246 1.1652717 0.8747219
1 -0.1104237 1.3387983 -0.7539579
1 0.8231572 -0.5150461 -0.1296026
8 -0.0021356 -0.7795307 0.0125439
5
-114.659     ts77     dynamics     sesquiterpene     TS     runpoint      11     runisomer      120
6 -0.0758190 0.6949150 -0.0115827
1 -0.3288885 1.1272982 0.8503128
1 -0.0891287 1.3533334 -0.7768704
1 0.8790814 -0.6353330 -0.1419836
8 -0.0001225 -0.7747058 0.0130146
5
-114.678     ts77     dynamics     sesquiterpene     TS     runpoint      12     runisomer      120
6 -0.0864777 0.6974815 -0.0065495
1 -0.3241421 1.1011648 0.8619267
1 -0.0664023 1.3769645 -0.8339821
1 0.9796325 -0.7698400 -0.1629646
8 -0.0001941 -0.7679992 0.0134287
5
-114.696     ts77     dynamics     sesquiterpene     TS     runpoint      13     runisomer      120
6 -0.0967459 0.6975665 -0.0033165
1 -0.3313198 1.0906084 0.9133089
1 -0.0420261 1.3941143 -0.9012858
1 1.0680511 -0.9143885 -0.1830366
8 0.0008536 -0.7593700 0.0132722
5
-114.693     ts77     dynamics     sesquiterpene     TS     runpoint      14     runisomer      120
6 -0.1065700 0.6963306 -0.0019958
1 -0.3451662 1.0893976 0.9849366
1 -0.0172591 1.3946956 -0.9593713
1 1.1158732 -1.0557891 -0.1970922
8 0.0045223 -0.7494930 0.0123137
5
-114.678     ts77     dynamics     sesquiterpene     TS     runpoint      15     runisomer      120
6 -0.1160302 0.6945930 -0.0016140
1 -0.3593771 1.0897854 1.0522561
1 0.0063275 1.3751391 -0.9967538
1 1.1163801 -1.1818846 -0.2036425
8 0.0109957 -0.7390354 0.0105547
5
-114.663     ts77     dynamics     sesquiterpene     TS     runpoint      16     runisomer      120
6 -0.1250825 0.6926143 -0.0013644
1 -0.3698305 1.0872636 1.0986346
1 0.0274045 1.3360904 -1.0079987
1 1.0715701 -1.2835045 -0.2027244
8 0.0199411 -0.7285272 0.0080972
5
-114.657     ts77     dynamics     sesquiterpene     TS     runpoint      17     runisomer      120
6 -0.1335741 0.6903210 -0.0007691
1 -0.3745380 1.0801486 1.1157899
1 0.0451079 1.2810325 -0.9922939
1 0.9859681 -1.3533620 -0.1949242
8 0.0308852 -0.7184866 0.0050899
5
-114.663     ts77     dynamics     sesquiterpene     TS     runpoint      18     runisomer      120
6 -0.1413350 0.6874434 0.0005561
1 -0.3729678 1.0684003 1.1012893
1 0.0593846 1.2162182 -0.9538321
1 0.8656639 -1.3857025 -0.1813113
8 0.0432883 -0.7094655 0.0017297
5
-114.679     ts77     dynamics     sesquiterpene     TS     runpoint      19     runisomer      120
6 -0.1483074 0.6834033 0.0031640
1 -0.3657572 1.0532421 1.0576855
1 0.0717477 1.1513465 -0.9039053
1 0.7226114 -1.3805050 -0.1644072
8 0.0562979 -0.7017204 -0.0016885
5
-114.688     ts77     dynamics     sesquiterpene     TS     runpoint      20     runisomer      120
6 -0.1546352 0.6771522 0.0077569
1 -0.3549294 1.0377596 0.9942206
1 0.0861927 1.0993642 -0.8621390
1 0.5858707 -1.3590746 -0.1511922
8 0.0680682 -0.6941298 -0.0045990
5
-114.668     ts77     dynamics     sesquiterpene     TS     runpoint      21     runisomer      120
6 -0.1605172 0.6674380 0.0142341
1 -0.3444330 1.0283654 0.9304235
1 0.1080853 1.0719584 -0.8488206
1 0.5050721 -1.3843631 -0.1562888
8 0.0755304 -0.6829304 -0.0059553
5
-114.651     ts77     dynamics     sesquiterpene     TS     runpoint      22     runisomer      120
6 -0.1657544 0.6537336 0.0202357
1 -0.3397255 1.0352923 0.8950742
1 0.1388746 1.0715275 -0.8668963
1 0.4828070 -1.4800120 -0.1845068
8 0.0786243 -0.6670310 -0.0053120
5
-114.664     ts77     dynamics     sesquiterpene     TS     runpoint      23     runisomer      120
6 -0.1698816 0.6370282 0.0226446
1 -0.3436528 1.0656997 0.9061469
1 0.1737079 1.0908702 -0.8997829
1 0.4737749 -1.5783418 -0.2212193
8 0.0803412 -0.6514365 -0.0034297
5
-114.661     ts77     dynamics     sesquiterpene     TS     runpoint      24     runisomer      120
6 -0.1729091 0.6198627 0.0208489
1 -0.3523761 1.1128381 0.9496412
1 0.2061221 1.1205487 -0.9285607
1 0.4572235 -1.6355752 -0.2563565
8 0.0821605 -0.6397933 -0.0007942
5
-114.65     ts77     dynamics     sesquiterpene     TS     runpoint      25     runisomer      120
6 -0.1752748 0.6052370 0.0159811
1 -0.3595110 1.1617793 0.9982644
1 0.2316481 1.1529749 -0.9412921
1 0.4285853 -1.6374406 -0.2859778
8 0.0845805 -0.6338292 0.0024647
5
-114.642     ts77     dynamics     sesquiterpene     TS     runpoint      26     runisomer      120
6 -0.1774859 0.5954019 0.0090684
1 -0.3609131 1.2004403 1.0331125
1 0.2481632 1.1827003 -0.9327073
1 0.3877243 -1.5829036 -0.3092478
8 0.0878613 -0.6341954 0.0063826
5
-114.647     ts77     dynamics     sesquiterpene     TS     runpoint      27     runisomer      120
6 -0.1799205 0.5914632 0.0007535
1 -0.3551350 1.2218367 1.0451959
1 0.2552401 1.2060167 -0.9022336
1 0.3375672 -1.4834148 -0.3291550
8 0.0920367 -0.6403254 0.0111959
5
-114.659     ts77     dynamics     sesquiterpene     TS     runpoint      28     runisomer      120
6 -0.1827547 0.5934341 -0.0084206
1 -0.3424129 1.2226000 1.0314683
1 0.2538317 1.2211212 -0.8532055
1 0.2888298 -1.3779371 -0.3607094
8 0.0965198 -0.6494488 0.0178457
5
-114.656     ts77     dynamics     sesquiterpene     TS     runpoint      29     runisomer      120
6 -0.1860813 0.6005047 -0.0178427
1 -0.3240763 1.2019573 0.9928999
1 0.2467916 1.2291273 -0.7933661
1 0.2593480 -1.3382859 -0.4440659
8 0.1001602 -0.6564553 0.0288291
5
-114.673     ts77     dynamics     sesquiterpene     TS     runpoint      30     runisomer      120
6 -0.1901238 0.6113686 -0.0268789
1 -0.3024687 1.1623339 0.9354282
1 0.2398133 1.2355734 -0.7355860
1 0.2444476 -1.3575212 -0.5889632
8 0.1032091 -0.6613018 0.0447208
5
-114.702     ts77     dynamics     sesquiterpene     TS     runpoint      31     runisomer      120
6 -0.1952188 0.6241136 -0.0352630
1 -0.2811062 1.1111931 0.8733272
1 0.2410779 1.2498064 -0.6957636
1 0.2275618 -1.3663583 -0.7454903
8 0.1066682 -0.6679800 0.0622798
