5
-114.654160 ts77 dynamics sesquiterpene TS runpoint 1  runisomer  84
6 -0.0514817 0.6282584 -0.0158432
1 -0.1111253 1.0800080 0.8599824
1 -0.2376120 1.3186662 -0.8794159
1 0.9490790 -0.0638637 0.1131661
8 -0.0271574 -0.7555380 0.0059812
5
-114.639 ts77 dynamics sesquiterpene TS runpoint 2  runisomer  84
6 -0.0499677 0.635289 -0.0116323
1 -0.133268 1.09519 0.819278
1 -0.249141 1.32144 -0.86278
1 1.01579 -0.0548238 0.0949419
8 -0.0303743 -0.762514 0.00548669
5
-114.631     ts77     dynamics     sesquiterpene     TS     runpoint      3     runisomer      84
6 -0.0466908 0.6401708 -0.0118460
1 -0.1651965 1.1395670 0.8404786
1 -0.2605498 1.3112510 -0.8474222
1 1.0769617 -0.0389315 0.0730242
8 -0.0339563 -0.7693319 0.0047255
5
-114.638     ts77     dynamics     sesquiterpene     TS     runpoint      4     runisomer      84
6 -0.0410293 0.6428301 -0.0142211
1 -0.2044736 1.1994899 0.9009997
1 -0.2723019 1.2912030 -0.8385502
1 1.1254526 -0.0090990 0.0476650
8 -0.0380433 -0.7757191 0.0037344
5
-114.644     ts77     dynamics     sesquiterpene     TS     runpoint      5     runisomer      84
6 -0.0328121 0.6437573 -0.0156407
1 -0.2451391 1.2550857 0.9672439
1 -0.2851724 1.2654500 -0.8408777
1 1.1580677 0.0411987 0.0195691
8 -0.0428885 -0.7814641 0.0025429
5
-114.643     ts77     dynamics     sesquiterpene     TS     runpoint      6     runisomer      84
6 -0.0220285 0.6430361 -0.0143671
1 -0.2819124 1.2944696 1.0185951
1 -0.2997095 1.2371507 -0.8562030
1 1.1738764 0.1169279 -0.0103301
8 -0.0487417 -0.7863931 0.0012019
5
-114.644     ts77     dynamics     sesquiterpene     TS     runpoint      7     runisomer      84
6 -0.0088140 0.6406951 -0.0100338
1 -0.3112448 1.3126059 1.0455815
1 -0.3156466 1.2068847 -0.8818000
1 1.1728423 0.2203825 -0.0408178
8 -0.0557391 -0.7903908 -0.0002146
5
-114.652     ts77     dynamics     sesquiterpene     TS     runpoint      8     runisomer      84
6 0.0064481 0.6370511 -0.0031449
1 -0.3309159 1.3078681 1.0445812
1 -0.3318994 1.1731338 -0.9111457
1 1.1560002 0.3503490 -0.0703031
8 -0.0638647 -0.7934211 -0.0016133
5
-114.667     ts77     dynamics     sesquiterpene     TS     runpoint      9     runisomer      84
6 0.0229688 0.6327036 0.0054115
1 -0.3397447 1.2804102 1.0152269
1 -0.3472523 1.1341439 -0.9366385
1 1.1277662 0.5016923 -0.0970415
8 -0.0729574 -0.7955086 -0.0028913
5
-114.684     ts77     dynamics     sesquiterpene     TS     runpoint      10     runisomer      84
6 0.0394617 0.6282625 0.0146879
1 -0.3379292 1.2322054 0.9602812
1 -0.3610502 1.0892370 -0.9522292
1 1.0984643 0.6665120 -0.1199906
8 -0.0827292 -0.7966952 -0.0039586
5
-114.698     ts77     dynamics     sesquiterpene     TS     runpoint      11     runisomer      84
6 0.0546736 0.6238663 0.0237162
1 -0.3285095 1.1686391 0.8878789
1 -0.3734089 1.0388124 -0.9548278
1 1.0805149 0.8376738 -0.1396496
8 -0.0928247 -0.7969983 -0.0047671
5
-114.654160 ts77 dynamics sesquiterpene TS runpoint 1  runisomer  84
6 -0.0514817 0.6282584 -0.0158432
1 -0.1111253 1.0800080 0.8599824
1 -0.2376120 1.3186662 -0.8794159
1 0.9490790 -0.0638637 0.1131661
8 -0.0271574 -0.7555380 0.0059812
5
-114.639 ts77 dynamics sesquiterpene TS runpoint 2  runisomer  84
6 -0.0523658 0.621005 -0.0230608
1 -0.0965129 1.0851 0.94218
1 -0.226011 1.30195 -0.8936
1 0.88868 -0.0731367 0.128468
8 -0.0243405 -0.74878 0.00614667
5
-114.645     ts77     dynamics     sesquiterpene     TS     runpoint      3     runisomer      84
6 -0.0537521 0.6158378 -0.0304108
1 -0.0870641 1.0949872 1.0292291
1 -0.2148795 1.2727602 -0.9039391
1 0.8488148 -0.0892240 0.1430663
8 -0.0220872 -0.7426721 0.0059083
5
-114.639     ts77     dynamics     sesquiterpene     TS     runpoint      4     runisomer      84
6 -0.0563595 0.6140616 -0.0359319
1 -0.0816639 1.1011342 1.0970025
1 -0.2051830 1.2349197 -0.9116262
1 0.8398843 -0.1173751 0.1598237
8 -0.0205203 -0.7375677 0.0052081
5
-114.633     ts77     dynamics     sesquiterpene     TS     runpoint      5     runisomer      84
6 -0.0603164 0.6159048 -0.0385024
1 -0.0797944 1.1007057 1.1339673
1 -0.1981472 1.1940861 -0.9202399
1 0.8619381 -0.1613741 0.1803487
8 -0.0195036 -0.7335774 0.0040567
5
-114.633     ts77     dynamics     sesquiterpene     TS     runpoint      6     runisomer      84
6 -0.0653599 0.6209525 -0.0374404
1 -0.0811004 1.0935316 1.1354526
1 -0.1948967 1.1562483 -0.9343010
1 0.9040833 -0.2251393 0.2038873
8 -0.0184990 -0.7305084 0.0025703
5
-114.641     ts77     dynamics     sesquiterpene     TS     runpoint      7     runisomer      84
6 -0.0712835 0.6287101 -0.0325707
1 -0.0851910 1.0807539 1.1008050
1 -0.1959405 1.1254728 -0.9562678
1 0.9500599 -0.3138227 0.2279946
8 -0.0166296 -0.7279933 0.0009656
5
-114.657     ts77     dynamics     sesquiterpene     TS     runpoint      8     runisomer      84
6 -0.0781415 0.6387755 -0.0245253
1 -0.0915714 1.0649593 1.0339352
1 -0.2008690 1.1025573 -0.9839231
1 0.9847405 -0.4318787 0.2498749
8 -0.0129599 -0.7256643 -0.0004922
5
-114.677     ts77     dynamics     sesquiterpene     TS     runpoint      9     runisomer      84
6 -0.0860435 0.6504492 -0.0150171
1 -0.0997601 1.0518729 0.9476872
1 -0.2085990 1.0859273 -1.0109493
1 0.9981546 -0.5789228 0.2673324
8 -0.0068765 -0.7232810 -0.0015868
5
-114.693     ts77     dynamics     sesquiterpene     TS     runpoint      10     runisomer      84
6 -0.0948417 0.6622018 -0.0071479
1 -0.1095725 1.0535850 0.8712272
1 -0.2179971 1.0735589 -1.0301773
1 0.9867686 -0.7476795 0.2793700
8 0.0016481 -0.7207907 -0.0022191
5
-114.694     ts77     dynamics     sesquiterpene     TS     runpoint      11     runisomer      84
6 -0.1040806 0.6718004 -0.0047505
1 -0.1212848 1.0877214 0.8454512
1 -0.2283592 1.0641218 -1.0368001
1 0.9528361 -0.9265607 0.2864635
8 0.0121046 -0.7182743 -0.0024223
5
-114.697     ts77     dynamics     sesquiterpene     TS     runpoint      12     runisomer      84
6 -0.1131911 0.6780656 -0.0085986
1 -0.1349271 1.1586729 0.8797995
1 -0.2395277 1.0572460 -1.0303884
1 0.9014012 -1.1035588 0.2900012
8 0.0237405 -0.7158567 -0.0023257
5
-114.708     ts77     dynamics     sesquiterpene     TS     runpoint      13     runisomer      84
6 -0.1216996 0.6818938 -0.0152133
1 -0.1495011 1.2469674 0.9384389
1 -0.2517606 1.0535166 -1.0152732
1 0.8358188 -1.2675242 0.2909466
8 0.0359430 -0.7137230 -0.0020702
5
-114.703     ts77     dynamics     sesquiterpene     TS     runpoint      14     runisomer      84
6 -0.1292705 0.6844270 -0.0209943
1 -0.1636956 1.3311318 0.9877058
1 -0.2655263 1.0542877 -0.9990771
1 0.7568439 -1.4075523 0.2893601
8 0.0483574 -0.7121490 -0.0017567
5
-114.683     ts77     dynamics     sesquiterpene     TS     runpoint      15     runisomer      84
6 -0.1357034 0.6862060 -0.0238058
1 -0.1764729 1.3982939 1.0115677
1 -0.2812417 1.0608624 -0.9896211
1 0.6653127 -1.5140741 0.2852455
8 0.0607415 -0.7114148 -0.0014869
5
-114.663     ts77     dynamics     sesquiterpene     TS     runpoint      16     runisomer      84
6 -0.1409646 0.6874612 -0.0227820
1 -0.1870918 1.4419025 1.0049226
1 -0.2988584 1.0729931 -0.9907318
1 0.5635719 -1.5809890 0.2793913
8 0.0728760 -0.7116497 -0.0013972
5
-114.652     ts77     dynamics     sesquiterpene     TS     runpoint      17     runisomer      84
6 -0.1452141 0.6884066 -0.0180629
1 -0.1950465 1.4587399 0.9680539
1 -0.3175722 1.0879377 -0.9999819
1 0.4550779 -1.6075109 0.2738200
8 0.0845769 -0.7126884 -0.0016799
5
-114.653     ts77     dynamics     sesquiterpene     TS     runpoint      18     runisomer      84
6 -0.1487568 0.6892107 -0.0105043
1 -0.2000681 1.4480024 0.9050056
1 -0.3360483 1.1012567 -1.0107482
1 0.3438804 -1.6009801 0.2724717
8 0.0957187 -0.7138620 -0.0026144
5
-114.66     ts77     dynamics     sesquiterpene     TS     runpoint      19     runisomer      84
6 -0.1519540 0.6897187 -0.0014712
1 -0.2021948 1.4128644 0.8251041
1 -0.3528841 1.1085942 -1.0162482
1 0.2334945 -1.5798169 0.2821785
8 0.1062645 -0.7138213 -0.0046201
5
-114.665     ts77     dynamics     sesquiterpene     TS     runpoint      20     runisomer      84
6 -0.1551191 0.6890304 0.0070336
1 -0.2020214 1.3651614 0.7473953
1 -0.3669839 1.1070148 -1.0122572
1 0.1229673 -1.5674067 0.3116216
8 0.1164787 -0.7109773 -0.0082093
5
-114.664     ts77     dynamics     sesquiterpene     TS     runpoint      21     runisomer      84
6 -0.1584491 0.6851502 0.0121986
1 -0.2010080 1.3301519 0.7039428
1 -0.3778374 1.0956318 -0.9980294
1 0.0053922 -1.5685323 0.3638590
8 0.1270034 -0.7050684 -0.0135316
5
-114.663     ts77     dynamics     sesquiterpene     TS     runpoint      22     runisomer      84
6 -0.1620595 0.6762161 0.0118555
1 -0.2004899 1.3323019 0.7226725
1 -0.3857657 1.0758443 -0.9764577
1 -0.1222410 -1.5620045 0.4303621
8 0.1382181 -0.6976614 -0.0200019
5
-114.678     ts77     dynamics     sesquiterpene     TS     runpoint      23     runisomer      84
6 -0.1660934 0.6632602 0.0074175
1 -0.1996448 1.3618852 0.7919718
1 -0.3921234 1.0513948 -0.9540000
1 -0.2536904 -1.5259527 0.4975904
8 0.1498708 -0.6905319 -0.0266873
5
-114.692     ts77     dynamics     sesquiterpene     TS     runpoint      24     runisomer      84
6 -0.1705717 0.6488241 0.0023290
1 -0.1970322 1.3906965 0.8773833
1 -0.3991053 1.0278855 -0.9392699
1 -0.3785044 -1.4514533 0.5541175
8 0.1613684 -0.6847259 -0.0327377
5
-114.692     ts77     dynamics     sesquiterpene     TS     runpoint      25     runisomer      84
6 -0.1753513 0.6346335 -0.0009471
1 -0.1922172 1.4008358 0.9535961
1 -0.4087715 1.0108961 -0.9391514
1 -0.4863561 -1.3401480 0.5922239
8 0.1720520 -0.6806575 -0.0374881
5
-114.685     ts77     dynamics     sesquiterpene     TS     runpoint      26     runisomer      84
6 -0.1802945 0.6217642 -0.0015671
1 -0.1854437 1.3856567 1.0075842
1 -0.4216242 1.0033297 -0.9539491
1 -0.5685934 -1.1998815 0.6074002
8 0.1813228 -0.6784038 -0.0404455
5
-114.681     ts77     dynamics     sesquiterpene     TS     runpoint      27     runisomer      84
6 -0.1853851 0.6112045 0.0000906
1 -0.1771945 1.3443061 1.0334669
1 -0.4361561 1.0045248 -0.9765819
1 -0.6191167 -1.0423526 0.5981274
8 0.1887182 -0.6778741 -0.0413077
5
-114.682     ts77     dynamics     sesquiterpene     TS     runpoint      28     runisomer      84
6 -0.1906694 0.6039265 0.0030952
1 -0.1680271 1.2789811 1.0294294
1 -0.4498976 1.0118263 -0.9970045
1 -0.6362700 -0.8819735 0.5666704
8 0.1940484 -0.6788589 -0.0400362
5
-114.683     ts77     dynamics     sesquiterpene     TS     runpoint      29     runisomer      84
6 -0.1961565 0.6006188 0.0063954
1 -0.1585006 1.1948124 0.9975836
1 -0.4607139 1.0225198 -1.0068520
1 -0.6265538 -0.7343970 0.5209049
8 0.1976307 -0.6810421 -0.0369991
5
-114.681     ts77     dynamics     sesquiterpene     TS     runpoint      30     runisomer      84
6 -0.2017315 0.6013838 0.0087324
1 -0.1489824 1.1015908 0.9470474
1 -0.4674639 1.0347779 -1.0013916
1 -0.6079441 -0.6135377 0.4752934
8 0.2004628 -0.6841253 -0.0330362
5
-114.668     ts77     dynamics     sesquiterpene     TS     runpoint      31     runisomer      84
6 -0.2071615 0.6055242 0.0081606
1 -0.1390217 1.0159992 0.8999486
1 -0.4700995 1.0479671 -0.9798881
1 -0.6045286 -0.5278913 0.4460262
8 0.2038562 -0.6880609 -0.0291485
5
-114.647     ts77     dynamics     sesquiterpene     TS     runpoint      32     runisomer      84
6 -0.2122606 0.6116205 0.0022212
1 -0.1265133 0.9584245 0.8906978
1 -0.4696202 1.0630297 -0.9460006
1 -0.6293652 -0.4803162 0.4400438
8 0.2084235 -0.6929494 -0.0258662
5
-114.637     ts77     dynamics     sesquiterpene     TS     runpoint      33     runisomer      84
6 -0.2168681 0.6184574 -0.0093286
1 -0.1095901 0.9373814 0.9353875
1 -0.4681611 1.0831217 -0.9086811
1 -0.6764416 -0.4700635 0.4516763
8 0.2136845 -0.6986587 -0.0230994
5
-114.645     ts77     dynamics     sesquiterpene     TS     runpoint      34     runisomer      84
6 -0.2205984 0.6254532 -0.0226948
1 -0.0904539 0.9439214 1.0083968
1 -0.4687602 1.1135877 -0.8812201
1 -0.7301951 -0.4923768 0.4700017
8 0.2186992 -0.7048290 -0.0205546
5
-114.65     ts77     dynamics     sesquiterpene     TS     runpoint      35     runisomer      84
6 -0.2230581 0.6320940 -0.0336794
1 -0.0731704 0.9665853 1.0760577
1 -0.4735804 1.1588352 -0.8741551
1 -0.7748123 -0.5406295 0.4852100
8 0.2225674 -0.7110455 -0.0179792
5
-114.646     ts77     dynamics     sesquiterpene     TS     runpoint      36     runisomer      84
6 -0.2241468 0.6383000 -0.0404345
1 -0.0606963 0.9977149 1.1186066
1 -0.4814063 1.2167577 -0.8863084
1 -0.7976623 -0.6099055 0.4907540
8 0.2245272 -0.7169441 -0.0151732
5
-114.645     ts77     dynamics     sesquiterpene     TS     runpoint      37     runisomer      84
6 -0.2239868 0.6446898 -0.0431281
1 -0.0546026 1.0322950 1.1277318
1 -0.4880718 1.2781872 -0.9064980
1 -0.7897925 -0.6979551 0.4831700
8 0.2239431 -0.7222353 -0.0119755
5
-114.651     ts77     dynamics     sesquiterpene     TS     runpoint      38     runisomer      84
6 -0.2227086 0.6520764 -0.0426218
1 -0.0554538 1.0666967 1.1014609
1 -0.4893747 1.3323666 -0.9228696
1 -0.7466558 -0.8034713 0.4615205
8 0.2203973 -0.7267049 -0.0083032
5
-114.665     ts77     dynamics     sesquiterpene     TS     runpoint      39     runisomer      84
6 -0.2204289 0.6609065 -0.0397614
1 -0.0629175 1.0984500 1.0422998
1 -0.4828099 1.3710947 -0.9280236
1 -0.6711793 -0.9237050 0.4279153
8 0.2139824 -0.7301908 -0.0042776
5
-114.685     ts77     dynamics     sesquiterpene     TS     runpoint      40     runisomer      84
6 -0.2173548 0.6710071 -0.0353877
1 -0.0755152 1.1270218 0.9585297
1 -0.4676737 1.3895436 -0.9193921
1 -0.5793594 -1.0554279 0.3897316
8 0.2057248 -0.7324270 -0.0004172
5
-114.696     ts77     dynamics     sesquiterpene     TS     runpoint      41     runisomer      84
6 -0.2138602 0.6814365 -0.0307321
1 -0.0900756 1.1559471 0.8679512
1 -0.4447446 1.3859731 -0.8986877
1 -0.4996076 -1.2008403 0.3595597
8 0.1975454 -0.7326825 0.0023954
5
-114.696     ts77     dynamics     sesquiterpene     TS     runpoint      42     runisomer      84
6 -0.2104472 0.6904308 -0.0276117
1 -0.1017294 1.1951858 0.7995227
1 -0.4160957 1.3618821 -0.8720808
1 -0.4443553 -1.3612382 0.3418893
8 0.1904266 -0.7302741 0.0038038
5
-114.69     ts77     dynamics     sesquiterpene     TS     runpoint      43     runisomer      84
6 -0.2074744 0.6959979 -0.0272042
1 -0.1064172 1.2556551 0.7786367
1 -0.3849222 1.3226934 -0.8508080
1 -0.3967026 -1.5164795 0.3263695
8 0.1835204 -0.7260052 0.0044528
5
-114.68     ts77     dynamics     sesquiterpene     TS     runpoint      44     runisomer      84
6 -0.2048495 0.6973943 -0.0279291
1 -0.1045240 1.3327112 0.8009608
1 -0.3548562 1.2773786 -0.8499907
1 -0.3429581 -1.6406379 0.3043693
8 0.1761457 -0.7212247 0.0049267
5
-114.668     ts77     dynamics     sesquiterpene     TS     runpoint      45     runisomer      84
6 -0.2022969 0.6952858 -0.0267904
1 -0.0993068 1.4080241 0.8415526
1 -0.3281995 1.2340084 -0.8815277
1 -0.2811057 -1.7185777 0.2738574
8 0.1683197 -0.7167408 0.0054266
5
-114.657     ts77     dynamics     sesquiterpene     TS     runpoint      46     runisomer      84
6 -0.1997824 0.6908953 -0.0223460
1 -0.0934857 1.4659182 0.8793180
1 -0.3043556 1.1930893 -0.9431536
1 -0.2141650 -1.7443145 0.2360731
8 0.1603412 -0.7128907 0.0059796
5
-114.653     ts77     dynamics     sesquiterpene     TS     runpoint      47     runisomer      84
6 -0.1975098 0.6854911 -0.0152027
1 -0.0883680 1.4979734 0.9024831
1 -0.2809703 1.1489502 -1.0180540
1 -0.1463100 -1.7171670 0.1934477
8 0.1525598 -0.7097823 0.0065693
5
-114.656     ts77     dynamics     sesquiterpene     TS     runpoint      48     runisomer      84
6 -0.1956875 0.6799162 -0.0067953
1 -0.0841523 1.5008593 0.9057148
1 -0.2562029 1.0971548 -1.0864781
1 -0.0826415 -1.6440678 0.1495281
8 0.1453499 -0.7071200 0.0071387
5
-114.66     ts77     dynamics     sesquiterpene     TS     runpoint      49     runisomer      84
6 -0.1943894 0.6744197 0.0014965
1 -0.0803971 1.4745412 0.8878382
1 -0.2295804 1.0375116 -1.1339736
1 -0.0315825 -1.5532717 0.1102833
8 0.1392393 -0.7032975 0.0075132
5
-114.651     ts77     dynamics     sesquiterpene     TS     runpoint      50     runisomer      84
6 -0.1935890 0.6687604 0.0084820
1 -0.0763240 1.4223544 0.8516785
1 -0.2017795 0.9730699 -1.1526514
1 -0.0064637 -1.5122560 0.0843438
8 0.1350426 -0.6942843 0.0073653
5
-114.644     ts77     dynamics     sesquiterpene     TS     runpoint      51     runisomer      84
6 -0.1933349 0.6623250 0.0129547
1 -0.0706436 1.3531198 0.8060980
1 -0.1741479 0.9088450 -1.1402957
1 -0.0123550 -1.5635660 0.0740378
8 0.1331198 -0.6778107 0.0067552
5
-114.663     ts77     dynamics     sesquiterpene     TS     runpoint      52     runisomer      84
6 -0.1939304 0.6541461 0.0134693
1 -0.0608867 1.2839000 0.7690787
1 -0.1482398 0.8512011 -1.1002956
1 -0.0371048 -1.6419744 0.0722818
8 0.1328743 -0.6587378 0.0062949
5
-114.661     ts77     dynamics     sesquiterpene     TS     runpoint      53     runisomer      84
6 -0.1959236 0.6431076 0.0087521
1 -0.0433097 1.2362708 0.7644604
1 -0.1253194 0.8074296 -1.0431691
1 -0.0713931 -1.6918688 0.0748769
8 0.1339737 -0.6415509 0.0063646
5
-114.648     ts77     dynamics     sesquiterpene     TS     runpoint      54     runisomer      84
6 -0.1998053 0.6292411 -0.0003281
1 -0.0162419 1.2186832 0.8012040
1 -0.1055356 0.7854299 -0.9893056
1 -0.1112622 -1.6937003 0.0803920
8 0.1364412 -0.6285348 0.0071238
5
-114.646     ts77     dynamics     sesquiterpene     TS     runpoint      55     runisomer      84
6 -0.2057002 0.6142459 -0.0099435
1 0.0163952 1.2188620 0.8609619
1 -0.0869856 0.7928335 -0.9662903
1 -0.1546193 -1.6446900 0.0880096
8 0.1403657 -0.6208483 0.0086459
5
-114.653     ts77     dynamics     sesquiterpene     TS     runpoint      56     runisomer      84
6 -0.2134999 0.6001206 -0.0167619
1 0.0485484 1.2213090 0.9190264
1 -0.0670627 0.8335545 -0.9883412
1 -0.2001364 -1.5505541 0.0970758
8 0.1458002 -0.6188989 0.0109239
5
-114.671     ts77     dynamics     sesquiterpene     TS     runpoint      57     runisomer      84
6 -0.2227988 0.5885649 -0.0206929
1 0.0756455 1.2172573 0.9595907
1 -0.0463649 0.9025673 -1.0384852
1 -0.2508994 -1.4313731 0.1080316
8 0.1529587 -0.6218285 0.0137896
5
-114.679     ts77     dynamics     sesquiterpene     TS     runpoint      58     runisomer      84
6 -0.2329202 0.5809275 -0.0232422
1 0.0947330 1.2034659 0.9753798
1 -0.0282718 0.9875783 -1.0881453
1 -0.3242519 -1.3312624 0.1245944
8 0.1628271 -0.6268916 0.0167967
5
-114.674     ts77     dynamics     sesquiterpene     TS     runpoint      59     runisomer      84
6 -0.2431463 0.5780918 -0.0255617
1 0.1038165 1.1799717 0.9645072
1 -0.0159505 1.0758567 -1.1180309
1 -0.4431102 -1.2834950 0.1514696
8 0.1766352 -0.6318531 0.0194161
5
-114.684     ts77     dynamics     sesquiterpene     TS     runpoint      60     runisomer      84
6 -0.2528442 0.5804308 -0.0282540
1 0.1017774 1.1491720 0.9291434
1 -0.0114013 1.1576314 -1.1197983
1 -0.5851419 -1.2572854 0.1835800
8 0.1926977 -0.6384678 0.0217557
5
-114.688     ts77     dynamics     sesquiterpene     TS     runpoint      61     runisomer      84
6 -0.2615028 0.5876544 -0.0317741
1 0.0889277 1.1157832 0.8760077
1 -0.0156569 1.2260157 -1.0918009
1 -0.7111133 -1.2220078 0.2127454
8 0.2082053 -0.6483120 0.0241472
5
-114.68     ts77     dynamics     sesquiterpene     TS     runpoint      62     runisomer      84
6 -0.2688590 0.5988065 -0.0368354
1 0.0681231 1.0875681 0.8184213
1 -0.0289866 1.2763582 -1.0363695
1 -0.7992615 -1.1704035 0.2347264
8 0.2214243 -0.6613220 0.0266989
5
-114.67     ts77     dynamics     sesquiterpene     TS     runpoint      63     runisomer      84
6 -0.2750370 0.6124073 -0.0445209
1 0.0453538 1.0752826 0.7772311
1 -0.0507554 1.3063791 -0.9594771
1 -0.8407512 -1.1048637 0.2480901
8 0.2314747 -0.6767695 0.0293779
5
-114.665     ts77     dynamics     sesquiterpene     TS     runpoint      64     runisomer      84
6 -0.2803616 0.6268122 -0.0554502
1 0.0264733 1.0876005 0.7725909
1 -0.0788808 1.3178410 -0.8724864
1 -0.8328701 -1.0303384 0.2527479
8 0.2379306 -0.6937690 0.0320995
5
-114.669     ts77     dynamics     sesquiterpene     TS     runpoint      65     runisomer      84
6 -0.2848433 0.6407164 -0.0680519
1 0.0105095 1.1218822 0.8063802
1 -0.1089637 1.3202515 -0.7950484
1 -0.7778941 -0.9533501 0.2497311
8 0.2407261 -0.7113612 0.0347412
5
-114.675     ts77     dynamics     sesquiterpene     TS     runpoint      66     runisomer      84
6 -0.2882086 0.6529384 -0.0786013
1 -0.0092242 1.1653991 0.8612076
1 -0.1344102 1.3329721 -0.7538172
1 -0.6881371 -0.8834848 0.2424118
8 0.2404381 -0.7284742 0.0370688
5
-114.669     ts77     dynamics     sesquiterpene     TS     runpoint      67     runisomer      84
6 -0.2901519 0.6627674 -0.0840360
1 -0.0380219 1.2056302 0.9170728
1 -0.1505858 1.3719017 -0.7658369
1 -0.6001345 -0.8346922 0.2400834
8 0.2391799 -0.7439086 0.0385358
5
-114.652     ts77     dynamics     sesquiterpene     TS     runpoint      68     runisomer      84
6 -0.2902408 0.6713518 -0.0842533
1 -0.0774636 1.2347216 0.9601234
1 -0.1589638 1.4279556 -0.8199142
1 -0.5811743 -0.8202346 0.2607539
8 0.2410604 -0.7566242 0.0380967
5
-114.648     ts77     dynamics     sesquiterpene     TS     runpoint      69     runisomer      84
6 -0.2882269 0.6805348 -0.0808318
1 -0.1264719 1.2488972 0.9825623
1 -0.1632156 1.4786865 -0.8907270
1 -0.6450699 -0.8397044 0.3107563
8 0.2469257 -0.7663745 0.0354335
5
-114.663     ts77     dynamics     sesquiterpene     TS     runpoint      70     runisomer      84
6 -0.2842335 0.6911924 -0.0752288
1 -0.1825433 1.2473156 0.9811261
1 -0.1654703 1.5082014 -0.9581140
1 -0.7266393 -0.8821089 0.3716897
8 0.2527397 -0.7734573 0.0317335
5
-114.661     ts77     dynamics     sesquiterpene     TS     runpoint      71     runisomer      84
6 -0.2785895 0.7032693 -0.0685471
1 -0.2426105 1.2315074 0.9567741
1 -0.1664428 1.5095546 -1.0100097
1 -0.7821252 -0.9366894 0.4274136
8 0.2558426 -0.7781665 0.0280207
5
-114.652     ts77     dynamics     sesquiterpene     TS     runpoint      72     runisomer      84
6 -0.2716193 0.7161768 -0.0619102
1 -0.3038096 1.2056716 0.9158638
1 -0.1662977 1.4812198 -1.0397573
1 -0.7953991 -0.9958434 0.4697131
8 0.2552917 -0.7807096 0.0248356
5
-114.65     ts77     dynamics     sesquiterpene     TS     runpoint      73     runisomer      84
6 -0.2634939 0.7288896 -0.0567673
1 -0.3646734 1.1773676 0.8720041
1 -0.1650956 1.4248254 -1.0443174
1 -0.7623978 -1.0542699 0.4947258
8 0.2508716 -0.7812286 0.0224601
5
-114.657     ts77     dynamics     sesquiterpene     TS     runpoint      74     runisomer      84
6 -0.2541271 0.7399971 -0.0547011
1 -0.4267489 1.1563857 0.8443970
1 -0.1628245 1.3449167 -1.0246170
1 -0.6847512 -1.1077771 0.5009955
8 0.2427162 -0.7798330 0.0210209
5
-114.673     ts77     dynamics     sesquiterpene     TS     runpoint      75     runisomer      84
6 -0.2432866 0.7480427 -0.0561296
1 -0.4939526 1.1489539 0.8457516
1 -0.1590880 1.2503334 -0.9886619
1 -0.5707559 -1.1536706 0.4903698
8 0.2313951 -0.7765491 0.0204193
5
-114.691     ts77     dynamics     sesquiterpene     TS     runpoint      76     runisomer      84
6 -0.2311032 0.7518252 -0.0586919
1 -0.5672674 1.1523717 0.8688331
1 -0.1526602 1.1558499 -0.9571460
1 -0.4426115 -1.1952720 0.4731507
8 0.2183898 -0.7710266 0.0199932
5
-114.686     ts77     dynamics     sesquiterpene     TS     runpoint      77     runisomer      84
6 -0.2182480 0.7503676 -0.0579964
1 -0.6422177 1.1591860 0.8939910
1 -0.1418550 1.0783975 -0.9621247
1 -0.3413300 -1.2516902 0.4755119
8 0.2064015 -0.7619277 0.0180579
5
-114.672     ts77     dynamics     sesquiterpene     TS     runpoint      78     runisomer      84
6 -0.2053872 0.7436618 -0.0513949
1 -0.7126653 1.1634189 0.9046852
1 -0.1271384 1.0232529 -1.0180170
1 -0.2884766 -1.3422681 0.5183961
8 0.1969309 -0.7479814 0.0132588
5
-114.686     ts77     dynamics     sesquiterpene     TS     runpoint      79     runisomer      84
6 -0.1927780 0.7328639 -0.0402534
1 -0.7740316 1.1617924 0.8923596
1 -0.1123981 0.9819955 -1.0998943
1 -0.2549330 -1.4410110 0.5800217
8 0.1882922 -0.7309553 0.0069603
5
-114.687     ts77     dynamics     sesquiterpene     TS     runpoint      80     runisomer      84
6 -0.1804761 0.7191334 -0.0271938
1 -0.8239188 1.1528341 0.8547719
1 -0.1015697 0.9468048 -1.1745647
1 -0.2180619 -1.5144325 0.6345903
8 0.1791969 -0.7132446 0.0008051
5
-114.674     ts77     dynamics     sesquiterpene     TS     runpoint      81     runisomer      84
6 -0.1685004 0.7032533 -0.0141170
1 -0.8620206 1.1363800 0.7940956
1 -0.0966493 0.9146573 -1.2221485
1 -0.1721959 -1.5464336 0.6706831
8 0.1694098 -0.6962523 -0.0044514
5
-114.664     ts77     dynamics     sesquiterpene     TS     runpoint      82     runisomer      84
6 -0.1567972 0.6858134 -0.0022724
1 -0.8904741 1.1136255 0.7161162
1 -0.0979184 0.8852128 -1.2343504
1 -0.1180279 -1.5317330 0.6848575
8 0.1590869 -0.6808049 -0.0085405
5
-114.667     ts77     dynamics     sesquiterpene     TS     runpoint      83     runisomer      84
6 -0.1451623 0.6673686 0.0073616
1 -0.9144859 1.0873146 0.6296622
1 -0.1044111 0.8593265 -1.2094780
1 -0.0579621 -1.4703384 0.6772970
8 0.1484930 -0.6675466 -0.0114044
5
-114.681     ts77     dynamics     sesquiterpene     TS     runpoint      84     runisomer      84
6 -0.1332704 0.6485521 0.0140396
1 -0.9418069 1.0612252 0.5448675
1 -0.1141287 0.8386786 -1.1505326
1 0.0045039 -1.3686349 0.6527996
8 0.1379669 -0.6568930 -0.0132333
5
-114.697     ts77     dynamics     sesquiterpene     TS     runpoint      85     runisomer      84
6 -0.1209849 0.6302127 0.0176433
1 -0.9790190 1.0381471 0.4697532
1 -0.1241342 0.8259998 -1.0667013
1 0.0641498 -1.2481804 0.6294203
8 0.1279651 -0.6484708 -0.0150036
5
-114.693     ts77     dynamics     sesquiterpene     TS     runpoint      86     runisomer      84
6 -0.1087869 0.6135051 0.0192747
1 -1.0263528 1.0177114 0.4078645
1 -0.1308676 0.8257255 -0.9777282
1 0.1165298 -1.1539439 0.6525667
8 0.1189177 -0.6405688 -0.0193850
5
-114.677     ts77     dynamics     sesquiterpene     TS     runpoint      87     runisomer      84
6 -0.0977488 0.5997315 0.0214319
1 -1.0774592 0.9971086 0.3596690
1 -0.1311377 0.8448605 -0.9162168
1 0.1658022 -1.1073485 0.7528667
8 0.1107673 -0.6330792 -0.0281535
5
-114.678     ts77     dynamics     sesquiterpene     TS     runpoint      88     runisomer      84
6 -0.0890480 0.5901476 0.0264547
1 -1.1242633 0.9737290 0.3249212
1 -0.1228108 0.8902795 -0.9103390
1 0.2139857 -1.0718887 0.8793336
8 0.1036251 -0.6295108 -0.0380637
5
-114.674     ts77     dynamics     sesquiterpene     TS     runpoint      89     runisomer      84
6 -0.0836320 0.5861008 0.0337596
1 -1.1604022 0.9463830 0.3032468
1 -0.1038126 0.9589521 -0.9516471
1 0.2567144 -1.0262679 0.9843899
8 0.0979469 -0.6319525 -0.0461873
