5
-114.654160 ts77 dynamics sesquiterpene TS runpoint 1  runisomer  90
6 -0.0508876 0.6183327 0.0031869
1 -0.1395940 1.1484702 0.8873046
1 -0.1703657 1.1179360 -0.9085030
1 0.8903705 -0.0500534 0.0237999
8 -0.0263478 -0.7406271 -0.0025549
5
-114.645 ts77 dynamics sesquiterpene TS runpoint 2  runisomer  90
6 -0.0537145 0.616708 -0.00861056
1 -0.11089 1.11041 0.924442
1 -0.14531 1.08421 -0.853889
1 0.881561 -0.017421 0.0477856
8 -0.0270592 -0.736942 -0.00099617
5
-114.634     ts77     dynamics     sesquiterpene     TS     runpoint      3     runisomer      90
6 -0.0563888 0.6144517 -0.0171106
1 -0.0883310 1.0793756 0.9700561
1 -0.1298467 1.0781748 -0.8465209
1 0.9028224 0.0140519 0.0719026
8 -0.0287881 -0.7348973 0.0005229
5
-114.631     ts77     dynamics     sesquiterpene     TS     runpoint      4     runisomer      90
6 -0.0582907 0.6109915 -0.0202826
1 -0.0727820 1.0531667 1.0120576
1 -0.1249683 1.1067701 -0.8959196
1 0.9497852 0.0488972 0.0956341
8 -0.0316073 -0.7346471 0.0018732
5
-114.642     ts77     dynamics     sesquiterpene     TS     runpoint      5     runisomer      90
6 -0.0585868 0.6071221 -0.0196429
1 -0.0656116 1.0311065 1.0415275
1 -0.1280268 1.1541486 -0.9717199
1 1.0126104 0.0943005 0.1172826
8 -0.0356024 -0.7361997 0.0029474
5
-114.648     ts77     dynamics     sesquiterpene     TS     runpoint      6     runisomer      90
6 -0.0563121 0.6035319 -0.0172396
1 -0.0682212 1.0136700 1.0538008
1 -0.1363525 1.2020035 -1.0411304
1 1.0809699 0.1575821 0.1346151
8 -0.0409266 -0.7394108 0.0036509
5
-114.646     ts77     dynamics     sesquiterpene     TS     runpoint      7     runisomer      90
6 -0.0506953 0.6002567 -0.0142453
1 -0.0816397 1.0018585 1.0479643
1 -0.1480777 1.2395673 -1.0861346
1 1.1465215 0.2427866 0.1456568
8 -0.0476869 -0.7439455 0.0039108
5
-114.646     ts77     dynamics     sesquiterpene     TS     runpoint      8     runisomer      90
6 -0.0413464 0.5970903 -0.0113224
1 -0.1063553 0.9968530 1.0264084
1 -0.1618250 1.2616273 -1.0993306
1 1.2024763 0.3490968 0.1490792
8 -0.0558028 -0.7493441 0.0036916
5
-114.651     ts77     dynamics     sesquiterpene     TS     runpoint      9     runisomer      90
6 -0.0281663 0.5939226 -0.0090372
1 -0.1424517 0.9998942 0.9945005
1 -0.1765793 1.2657490 -1.0788384
1 1.2428798 0.4720451 0.1443020
8 -0.0650325 -0.7551668 0.0029979
5
-114.661     ts77     dynamics     sesquiterpene     TS     runpoint      10     runisomer      90
6 -0.0112072 0.5908483 -0.0079206
1 -0.1898471 1.0119560 0.9594934
1 -0.1917122 1.2511293 -1.0263650
1 1.2628039 0.6053445 0.1315833
8 -0.0750718 -0.7610990 0.0018615
5
-114.676     ts77     dynamics     sesquiterpene     TS     runpoint      11     runisomer      90
6 0.0093723 0.5881489 -0.0081693
1 -0.2481061 1.0327598 0.9277509
1 -0.2072435 1.2189417 -0.9479305
1 1.2589532 0.7419296 0.1120926
8 -0.0856194 -0.7669639 0.0003346
5
-114.69     ts77     dynamics     sesquiterpene     TS     runpoint      12     runisomer      90
6 0.0332636 0.5861624 -0.0091106
1 -0.3153774 1.0593971 0.9015068
1 -0.2248182 1.1742988 -0.8568749
1 1.2304214 0.8744697 0.0879156
8 -0.0963996 -0.7726913 -0.0015180
5
-114.696     ts77     dynamics     sesquiterpene     TS     runpoint      13     runisomer      90
6 0.0600514 0.5849077 -0.0089086
1 -0.3872594 1.0861233 0.8786863
1 -0.2500960 1.1292293 -0.7773710
1 1.1795663 0.9960537 0.0619804
8 -0.1071707 -0.7782561 -0.0036066
5
-114.689     ts77     dynamics     sesquiterpene     TS     runpoint      14     runisomer      90
6 0.0896145 0.5840073 -0.0055852
1 -0.4581733 1.1056116 0.8561693
1 -0.2956772 1.1003869 -0.7377578
1 1.1125500 1.1013597 0.0387620
8 -0.1177884 -0.7836269 -0.0057150
5
-114.654160 ts77 dynamics sesquiterpene TS runpoint 1  runisomer  90
6 -0.0508876 0.6183327 0.0031869
1 -0.1395940 1.1484702 0.8873046
1 -0.1703657 1.1179360 -0.9085030
1 0.8903705 -0.0500534 0.0237999
8 -0.0263478 -0.7406271 -0.0025549
5
-114.645 ts77 dynamics sesquiterpene TS runpoint 2  runisomer  90
6 -0.0482024 0.620515 0.0144286
1 -0.174184 1.19543 0.868261
1 -0.200244 1.15912 -0.975989
1 0.924679 -0.0854377 -0.000375237
8 -0.026462 -0.745588 -0.00401373
5
-114.648     ts77     dynamics     sesquiterpene     TS     runpoint      3     runisomer      90
6 -0.0456082 0.6239662 0.0228370
1 -0.2140728 1.2488163 0.8676298
1 -0.2302458 1.1932467 -1.0312239
1 0.9727576 -0.1238477 -0.0249247
8 -0.0270328 -0.7512718 -0.0052554
5
-114.644     ts77     dynamics     sesquiterpene     TS     runpoint      4     runisomer      90
6 -0.0430329 0.6291664 0.0279576
1 -0.2573099 1.3009119 0.8773320
1 -0.2571624 1.2133961 -1.0622775
1 1.0208226 -0.1659692 -0.0494495
8 -0.0275724 -0.7570722 -0.0062060
5
-114.637     ts77     dynamics     sesquiterpene     TS     runpoint      5     runisomer      90
6 -0.0406132 0.6365388 0.0301340
1 -0.3009501 1.3426617 0.8877405
1 -0.2789285 1.2168765 -1.0647676
1 1.0569033 -0.2139399 -0.0731752
8 -0.0275385 -0.7624313 -0.0068421
5
-114.632     ts77     dynamics     sesquiterpene     TS     runpoint      6     runisomer      90
6 -0.0387320 0.6463982 0.0298605
1 -0.3421154 1.3672597 0.8921405
1 -0.2942085 1.2032615 -1.0384159
1 1.0720779 -0.2720506 -0.0953081
8 -0.0263491 -0.7668583 -0.0071793
5
-114.635     ts77     dynamics     sesquiterpene     TS     runpoint      7     runisomer      90
6 -0.0379543 0.6588590 0.0276960
1 -0.3786382 1.3711455 0.8874583
1 -0.3023885 1.1740727 -0.9865919
1 1.0603900 -0.3468141 -0.1152480
8 -0.0233785 -0.7699016 -0.0072674
5
-114.651     ts77     dynamics     sesquiterpene     TS     runpoint      8     runisomer      90
6 -0.0388096 0.6736202 0.0244782
1 -0.4092730 1.3538490 0.8737865
1 -0.3042752 1.1339361 -0.9186327
1 1.0192741 -0.4451809 -0.1326709
8 -0.0180967 -0.7711598 -0.0071740
5
-114.672     ts77     dynamics     sesquiterpene     TS     runpoint      9     runisomer      90
6 -0.0413698 0.6895794 0.0217132
1 -0.4339180 1.3179107 0.8541918
1 -0.3037891 1.0928032 -0.8546914
1 0.9530404 -0.5700878 -0.1479060
8 -0.0104810 -0.7704075 -0.0069325
5
-114.685     ts77     dynamics     sesquiterpene     TS     runpoint      10     runisomer      90
6 -0.0448636 0.7046894 0.0216048
1 -0.4542378 1.2689557 0.8349998
1 -0.3091432 1.0658279 -0.8269272
1 0.8833481 -0.7162120 -0.1637835
8 -0.0018512 -0.7677544 -0.0063906
5
-114.683     ts77     dynamics     sesquiterpene     TS     runpoint      11     runisomer      90
6 -0.0480811 0.7168924 0.0251696
1 -0.4744443 1.2150757 0.8258159
1 -0.3268971 1.0627445 -0.8574792
1 0.8570456 -0.8756540 -0.1886750
8 0.0046115 -0.7632752 -0.0049925
5
-114.69     ts77     dynamics     sesquiterpene     TS     runpoint      12     runisomer      90
6 -0.0503879 0.7254643 0.0300078
1 -0.5005345 1.1641377 0.8366830
1 -0.3525020 1.0771400 -0.9290609
1 0.8872406 -1.0484244 -0.2269915
8 0.0076979 -0.7565191 -0.0023821
5
-114.706     ts77     dynamics     sesquiterpene     TS     runpoint      13     runisomer      90
6 -0.0518101 0.7307570 0.0328794
1 -0.5360005 1.1192583 0.8704157
1 -0.3766231 1.0974204 -1.0071952
1 0.9224344 -1.2191444 -0.2677210
8 0.0103023 -0.7481846 0.0008285
5
-114.695     ts77     dynamics     sesquiterpene     TS     runpoint      14     runisomer      90
6 -0.0527756 0.7334653 0.0324766
1 -0.5778955 1.0777571 0.9179102
1 -0.3933438 1.1163388 -1.0679672
1 0.9294230 -1.3653274 -0.3013093
8 0.0142795 -0.7395850 0.0040849
5
-114.67     ts77     dynamics     sesquiterpene     TS     runpoint      15     runisomer      90
6 -0.0538821 0.7341805 0.0290682
1 -0.6191691 1.0355971 0.9641905
1 -0.4003482 1.1305373 -1.0998552
1 0.9007876 -1.4731633 -0.3243653
8 0.0199564 -0.7315674 0.0071897
5
-114.649     ts77     dynamics     sesquiterpene     TS     runpoint      16     runisomer      90
6 -0.0556051 0.7332272 0.0233778
1 -0.6532554 0.9908317 0.9965342
1 -0.3972755 1.1386065 -1.0987687
1 0.8385546 -1.5357000 -0.3364687
8 0.0271243 -0.7246002 0.0101169
5
-114.642     ts77     dynamics     sesquiterpene     TS     runpoint      17     runisomer      90
6 -0.0581901 0.7307124 0.0161152
1 -0.6760208 0.9438441 1.0072467
1 -0.3848922 1.1402478 -1.0652328
1 0.7469026 -1.5490784 -0.3382125
8 0.0354925 -0.7190145 0.0128894
5
-114.653     ts77     dynamics     sesquiterpene     TS     runpoint      18     runisomer      90
6 -0.0616662 0.7265544 0.0080257
1 -0.6857097 0.8966359 0.9932854
1 -0.3650804 1.1364818 -1.0045062
1 0.6316201 -1.5125198 -0.3312265
8 0.0447276 -0.7149895 0.0155722
5
-114.674     ts77     dynamics     sesquiterpene     TS     runpoint      19     runisomer      90
6 -0.0658334 0.7203459 0.0001940
1 -0.6826662 0.8523591 0.9558606
1 -0.3415024 1.1310124 -0.9294318
1 0.5052290 -1.4362092 -0.3215325
8 0.0541420 -0.7120091 0.0184659
5
-114.682     ts77     dynamics     sesquiterpene     TS     runpoint      20     runisomer      90
6 -0.0701338 0.7111767 -0.0057252
1 -0.6698442 0.8149256 0.9012273
1 -0.3204160 1.1324769 -0.8640107
1 0.3985083 -1.3649267 -0.3315639
8 0.0619579 -0.7073576 0.0228603
5
-114.654     ts77     dynamics     sesquiterpene     TS     runpoint      21     runisomer      90
6 -0.0736348 0.6979113 -0.0082317
1 -0.6543138 0.7885079 0.8424070
1 -0.3087868 1.1533216 -0.8371503
1 0.3489279 -1.3777549 -0.4075574
8 0.0659985 -0.6962490 0.0315436
