5
-114.654160 ts77 dynamics sesquiterpene TS runpoint 1  runisomer  170
6 -0.0236695 0.6217926 -0.0078663
1 -0.3751716 1.0974397 0.9931430
1 -0.2235237 1.1375929 -0.9017089
1 0.9847637 -0.0922786 -0.1202427
8 -0.0345229 -0.7385853 0.0077166
5
-114.647 ts77 dynamics sesquiterpene TS runpoint 2  runisomer  170
6 -0.021377 0.626406 -0.00605224
1 -0.371982 1.13369 1.04746
1 -0.200566 1.1119 -0.936432
1 0.925475 -0.0430704 -0.13511
8 -0.0341551 -0.745813 0.00605773
5
-114.641     ts77     dynamics     sesquiterpene     TS     runpoint      3     runisomer      170
6 -0.0202513 0.6320127 -0.0014211
1 -0.3583352 1.1612045 1.0738219
1 -0.1823640 1.0923645 -0.9767954
1 0.8855002 0.0095142 -0.1478894
8 -0.0344874 -0.7538347 0.0042708
5
-114.634     ts77     dynamics     sesquiterpene     TS     runpoint      4     runisomer      170
6 -0.0209785 0.6387825 0.0054259
1 -0.3340469 1.1778171 1.0685284
1 -0.1692482 1.0770228 -1.0135557
1 0.8799142 0.0659559 -0.1593971
8 -0.0359453 -0.7625507 0.0025091
5
-114.634     ts77     dynamics     sesquiterpene     TS     runpoint      5     runisomer      170
6 -0.0236166 0.6463695 0.0135318
1 -0.3003492 1.1831782 1.0323257
1 -0.1618507 1.0643281 -1.0383773
1 0.9146795 0.1291255 -0.1693811
8 -0.0387455 -0.7717612 0.0009018
5
-114.644     ts77     dynamics     sesquiterpene     TS     runpoint      6     runisomer      170
6 -0.0271639 0.6536698 0.0216015
1 -0.2601660 1.1794130 0.9713878
1 -0.1611897 1.0536920 -1.0459172
1 0.9824248 0.2055020 -0.1755897
8 -0.0429273 -0.7811424 -0.0004457
5
-114.658     ts77     dynamics     sesquiterpene     TS     runpoint      7     runisomer      170
6 -0.0297972 0.6590594 0.0278230
1 -0.2188023 1.1732150 0.9007693
1 -0.1683703 1.0452325 -1.0343290
1 1.0666147 0.3012384 -0.1747661
8 -0.0484101 -0.7902933 -0.0014452
5
-114.665     ts77     dynamics     sesquiterpene     TS     runpoint      8     runisomer      170
6 -0.0295616 0.6607133 0.0298755
1 -0.1837573 1.1777619 0.8465727
1 -0.1842860 1.0394940 -1.0055047
1 1.1496601 0.4174145 -0.1646958
8 -0.0550242 -0.7987785 -0.0020201
5
-114.664     ts77     dynamics     sesquiterpene     TS     runpoint      9     runisomer      170
6 -0.0250428 0.6572316 0.0261297
1 -0.1612916 1.2064620 0.8335434
1 -0.2096314 1.0375280 -0.9657216
1 1.2178363 0.5496311 -0.1452398
8 -0.0625285 -0.8061824 -0.0021200
5
-114.669     ts77     dynamics     sesquiterpene     TS     runpoint      10     runisomer      170
6 -0.0157289 0.6489118 0.0178142
1 -0.1520111 1.2560672 0.8592500
1 -0.2453048 1.0412110 -0.9257092
1 1.2623437 0.6903919 -0.1181026
8 -0.0706586 -0.8121660 -0.0017308
5
-114.677     ts77     dynamics     sesquiterpene     TS     runpoint      11     runisomer      170
6 -0.0017262 0.6375174 0.0081443
1 -0.1528763 1.3081457 0.9001210
1 -0.2925402 1.0526926 -0.8969863
1 1.2785179 0.8312704 -0.0861033
8 -0.0791536 -0.8164980 -0.0008769
5
-114.677     ts77     dynamics     sesquiterpene     TS     runpoint      12     runisomer      170
6 0.0165124 0.6249609 -0.0005134
1 -0.1609642 1.3461291 0.9364196
1 -0.3513163 1.0718037 -0.8840180
1 1.2648830 0.9640064 -0.0524847
8 -0.0877660 -0.8190384 0.0003962
5
-114.672     ts77     dynamics     sesquiterpene     TS     runpoint      13     runisomer      170
6 0.0380788 0.6129490 -0.0075464
1 -0.1741932 1.3608885 0.9585482
1 -0.4179154 1.0939395 -0.8806642
1 1.2227298 1.0811279 -0.0203516
8 -0.0962616 -0.8197295 0.0020431
5
-114.667     ts77     dynamics     sesquiterpene     TS     runpoint      14     runisomer      170
6 0.0620854 0.6030584 -0.0132077
1 -0.1927695 1.3487870 0.9632724
1 -0.4864640 1.1111711 -0.8760332
1 1.1555421 1.1766915 0.0070420
8 -0.1045509 -0.8186535 0.0039760
5
-114.663     ts77     dynamics     sesquiterpene     TS     runpoint      15     runisomer      170
6 0.0864887 0.5959771 -0.0185100
1 -0.2137662 1.3088627 0.9516052
1 -0.5489527 1.1195026 -0.8612726
1 1.0714032 1.2468077 0.0296118
8 -0.1122997 -0.8157690 0.0063374
5
-114.662     ts77     dynamics     sesquiterpene     TS     runpoint      16     runisomer      170
6 0.1098031 0.5923394 -0.0234244
1 -0.2390909 1.2423718 0.9256487
1 -0.6000722 1.1154190 -0.8331826
1 0.9821437 1.2896016 0.0434809
8 -0.1193523 -0.8112895 0.0090159
5
-114.654160 ts77 dynamics sesquiterpene TS runpoint 1  runisomer  170
6 -0.0236695 0.6217926 -0.0078663
1 -0.3751716 1.0974397 0.9931430
1 -0.2235237 1.1375929 -0.9017089
1 0.9847637 -0.0922786 -0.1202427
8 -0.0345229 -0.7385853 0.0077166
5
-114.647 ts77 dynamics sesquiterpene TS runpoint 2  runisomer  170
6 -0.0263274 0.617926 -0.00702714
1 -0.370134 1.05706 0.920824
1 -0.25052 1.16992 -0.878876
1 1.04645 -0.138625 -0.102611
8 -0.0350319 -0.732257 0.00909435
5
-114.647     ts77     dynamics     sesquiterpene     TS     runpoint      3     runisomer      170
6 -0.0285932 0.6146491 -0.0050182
1 -0.3628545 1.0214115 0.8505873
1 -0.2796766 1.2060424 -0.8684357
1 1.0964866 -0.1834899 -0.0821168
8 -0.0351048 -0.7270016 0.0100627
5
-114.637     ts77     dynamics     sesquiterpene     TS     runpoint      4     runisomer      170
6 -0.0297196 0.6117943 -0.0045456
1 -0.3638960 1.0037814 0.8125897
1 -0.3081550 1.2403782 -0.8664895
1 1.1248646 -0.2295613 -0.0591395
8 -0.0341868 -0.7230111 0.0105321
5
-114.626     ts77     dynamics     sesquiterpene     TS     runpoint      5     runisomer      170
6 -0.0294598 0.6096473 -0.0076122
1 -0.3813786 1.0130998 0.8273643
1 -0.3332213 1.2670398 -0.8681948
1 1.1250821 -0.2814962 -0.0343331
8 -0.0317143 -0.7203964 0.0104452
5
-114.632     ts77     dynamics     sesquiterpene     TS     runpoint      6     runisomer      170
6 -0.0288637 0.6096797 -0.0133167
1 -0.4103559 1.0423964 0.8816074
1 -0.3530819 1.2816204 -0.8699312
1 1.0935933 -0.3462990 -0.0084481
8 -0.0270993 -0.7191030 0.0097848
5
-114.649     ts77     dynamics     sesquiterpene     TS     runpoint      7     runisomer      170
6 -0.0296215 0.6136259 -0.0193813
1 -0.4393018 1.0773709 0.9464096
1 -0.3670613 1.2818373 -0.8697548
1 1.0306225 -0.4322958 0.0178493
8 -0.0198575 -0.7188630 0.0085827
5
-114.667     ts77     dynamics     sesquiterpene     TS     runpoint      8     runisomer      170
6 -0.0329802 0.6223171 -0.0241170
1 -0.4599666 1.1078553 1.0007708
1 -0.3755160 1.2678349 -0.8675191
1 0.9449558 -0.5450427 0.0442028
8 -0.0101061 -0.7193186 0.0069093
5
-114.68     ts77     dynamics     sesquiterpene     TS     runpoint      9     runisomer      170
6 -0.0393184 0.6354516 -0.0265386
1 -0.4684145 1.1288337 1.0336969
1 -0.3798810 1.2423114 -0.8652313
1 0.8681176 -0.6817648 0.0716070
8 0.0002983 -0.7202733 0.0047798
5
-114.677     ts77     dynamics     sesquiterpene     TS     runpoint      10     runisomer      170
6 -0.0481398 0.6517596 -0.0259448
1 -0.4634374 1.1383472 1.0402207
1 -0.3827180 1.2100707 -0.8672640
1 0.8617457 -0.8369092 0.1053770
8 0.0071832 -0.7213008 0.0019229
5
-114.688     ts77     dynamics     sesquiterpene     TS     runpoint      11     runisomer      170
6 -0.0584281 0.6695559 -0.0217948
1 -0.4456211 1.1363262 1.0192734
1 -0.3871257 1.1765317 -0.8792773
1 0.9223085 -1.0105673 0.1480737
8 0.0102405 -0.7214701 -0.0018047
5
-114.707     ts77     dynamics     sesquiterpene     TS     runpoint      12     runisomer      170
6 -0.0692096 0.6874300 -0.0140903
1 -0.4172071 1.1247639 0.9742078
1 -0.3950737 1.1452832 -0.9046748
1 0.9802208 -1.1818283 0.1910352
8 0.0133916 -0.7213917 -0.0058535
5
-114.699     ts77     dynamics     sesquiterpene     TS     runpoint      13     runisomer      170
6 -0.0797381 0.7042559 -0.0040130
1 -0.3828633 1.1090286 0.9160479
1 -0.4059710 1.1165293 -0.9407141
1 1.0035160 -1.3284399 0.2277583
8 0.0183459 -0.7219750 -0.0097940
5
-114.678     ts77     dynamics     sesquiterpene     TS     runpoint      14     runisomer      170
6 -0.0892685 0.7187600 0.0056872
1 -0.3509255 1.0999613 0.8684419
1 -0.4172943 1.0884211 -0.9788918
1 0.9874566 -1.4386583 0.2561327
8 0.0252098 -0.7235699 -0.0134556
5
-114.653     ts77     dynamics     sesquiterpene     TS     runpoint      15     runisomer      170
6 -0.0970122 0.7294505 0.0114706
1 -0.3312300 1.1119946 0.8631811
1 -0.4265473 1.0594716 -1.0094375
1 0.9349838 -1.5067484 0.2759485
8 0.0336681 -0.7262350 -0.0167895
5
-114.643     ts77     dynamics     sesquiterpene     TS     runpoint      16     runisomer      170
6 -0.1027528 0.7356996 0.0119829
1 -0.3259122 1.1496453 0.9093202
1 -0.4326151 1.0295600 -1.0254890
1 0.8497465 -1.5287663 0.2874336
8 0.0433936 -0.7300235 -0.0197956
5
-114.656     ts77     dynamics     sesquiterpene     TS     runpoint      17     runisomer      170
6 -0.1069744 0.7382768 0.0093397
1 -0.3277927 1.2006989 0.9795090
1 -0.4359788 0.9997653 -1.0247331
1 0.7361328 -1.5023827 0.2912804
8 0.0540512 -0.7349597 -0.0225279
5
-114.674     ts77     dynamics     sesquiterpene     TS     runpoint      18     runisomer      170
6 -0.1100925 0.7380717 0.0063414
1 -0.3300525 1.2502451 1.0427401
1 -0.4383887 0.9720778 -1.0093444
1 0.6051585 -1.4339125 0.2914117
8 0.0649385 -0.7404983 -0.0252428
5
-114.677     ts77     dynamics     sesquiterpene     TS     runpoint      19     runisomer      170
6 -0.1122268 0.7354022 0.0049890
1 -0.3294129 1.2887483 1.0812541
1 -0.4425059 0.9491135 -0.9855289
1 0.4899379 -1.3614636 0.3064385
8 0.0740201 -0.7440394 -0.0291056
5
-114.642     ts77     dynamics     sesquiterpene     TS     runpoint      20     runisomer      170
6 -0.1133228 0.7302623 0.0066281
1 -0.3247412 1.3113133 1.0877331
1 -0.4514369 0.9335625 -0.9620554
1 0.4459331 -1.3700762 0.3862172
8 0.0778841 -0.7400823 -0.0372529
5
-114.654     ts77     dynamics     sesquiterpene     TS     runpoint      21     runisomer      170
6 -0.1133044 0.7228106 0.0120315
1 -0.3159624 1.3160008 1.0610233
1 -0.4677266 0.9274019 -0.9465513
1 0.4467389 -1.4332971 0.5256950
8 0.0782932 -0.7304152 -0.0493925
