5
-114.654160 ts77 dynamics sesquiterpene TS runpoint 1  runisomer  131
6 -0.0313737 0.6306366 0.0017463
1 -0.2175797 1.0979715 0.8474746
1 -0.3126956 1.1557890 -0.9168302
1 0.9846319 -0.0854176 0.0726975
8 -0.0330454 -0.7468328 -0.0015204
5
-114.645 ts77 dynamics sesquiterpene TS runpoint 2  runisomer  131
6 -0.0395344 0.622898 -0.00127897
1 -0.181932 1.08626 0.817693
1 -0.302734 1.20237 -0.896836
1 1.05199 -0.0805374 0.0940121
8 -0.0340399 -0.743533 2.31831e-05
5
-114.634     ts77     dynamics     sesquiterpene     TS     runpoint      3     runisomer      131
6 -0.0457456 0.6131322 -0.0090750
1 -0.1583397 1.1062822 0.8492257
1 -0.2911628 1.2435733 -0.8772300
1 1.1092244 -0.0672036 0.1119835
8 -0.0352013 -0.7409036 0.0015170
5
-114.637     ts77     dynamics     sesquiterpene     TS     runpoint      4     runisomer      131
6 -0.0495511 0.6025164 -0.0192624
1 -0.1421312 1.1441816 0.9182776
1 -0.2788085 1.2769161 -0.8596228
1 1.1507994 -0.0396690 0.1254358
8 -0.0367650 -0.7391647 0.0028519
5
-114.641     ts77     dynamics     sesquiterpene     TS     runpoint      5     runisomer      131
6 -0.0505742 0.5925155 -0.0286497
1 -0.1296012 1.1808492 0.9911333
1 -0.2664209 1.3007516 -0.8453788
1 1.1759253 0.0078527 0.1334670
8 -0.0391499 -0.7384704 0.0039012
5
-114.638     ts77     dynamics     sesquiterpene     TS     runpoint      6     runisomer      131
6 -0.0484513 0.5838012 -0.0352870
1 -0.1197782 1.2054113 1.0478420
1 -0.2544974 1.3140823 -0.8352704
1 1.1863979 0.0796250 0.1353897
8 -0.0427719 -0.7388425 0.0045489
5
-114.636     ts77     dynamics     sesquiterpene     TS     runpoint      7     runisomer      131
6 -0.0429321 0.5765872 -0.0382688
1 -0.1129501 1.2135814 1.0797928
1 -0.2434854 1.3164374 -0.8296160
1 1.1838621 0.1771477 0.1305817
8 -0.0478758 -0.7402405 0.0047196
5
-114.641     ts77     dynamics     sesquiterpene     TS     runpoint      8     runisomer      131
6 -0.0338974 0.5710408 -0.0372671
1 -0.1098235 1.2042425 1.0841281
1 -0.2340951 1.3078764 -0.8285296
1 1.1690279 0.2989441 0.1185497
8 -0.0545072 -0.7426287 0.0043852
5
-114.653     ts77     dynamics     sesquiterpene     TS     runpoint      9     runisomer      131
6 -0.0214369 0.5674529 -0.0323127
1 -0.1112840 1.1778184 1.0610333
1 -0.2275610 1.2890073 -0.8320667
1 1.1432123 0.4404153 0.0992908
8 -0.0625467 -0.7459995 0.0035598
5
-114.67     ts77     dynamics     sesquiterpene     TS     runpoint      10     runisomer      131
6 -0.0060044 0.5661779 -0.0238004
1 -0.1184627 1.1361060 1.0135099
1 -0.2257423 1.2609268 -0.8402096
1 1.1110300 0.5942770 0.0736637
8 -0.0717586 -0.7503433 0.0022959
5
-114.687     ts77     dynamics     sesquiterpene     TS     runpoint      11     runisomer      131
6 0.0115447 0.5673373 -0.0126572
1 -0.1331117 1.0833765 0.9494355
1 -0.2309444 1.2250251 -0.8526519
1 1.0815814 0.7523683 0.0433074
8 -0.0818175 -0.7555917 0.0006708
5
-114.654160 ts77 dynamics sesquiterpene TS runpoint 1  runisomer  131
6 -0.0313737 0.6306366 0.0017463
1 -0.2175797 1.0979715 0.8474746
1 -0.3126956 1.1557890 -0.9168302
1 0.9846319 -0.0854176 0.0726975
8 -0.0330454 -0.7468328 -0.0015204
5
-114.645 ts77 dynamics sesquiterpene TS runpoint 2  runisomer  131
6 -0.0224477 0.637148 0.00132653
1 -0.262797 1.13141 0.918919
1 -0.320567 1.1071 -0.936056
1 0.918529 -0.0872077 0.0494727
8 -0.0322325 -0.750644 -0.00303258
5
-114.652     ts77     dynamics     sesquiterpene     TS     runpoint      3     runisomer      131
6 -0.0144955 0.6440287 0.0002597
1 -0.3091831 1.1681289 0.9956396
1 -0.3263864 1.0599451 -0.9538833
1 0.8693734 -0.0911804 0.0257670
8 -0.0318141 -0.7548985 -0.0044499
5
-114.644     ts77     dynamics     sesquiterpene     TS     runpoint      4     runisomer      131
6 -0.0089531 0.6522652 0.0003201
1 -0.3497075 1.1969170 1.0540666
1 -0.3305294 1.0177597 -0.9698422
1 0.8512064 -0.1021015 0.0024116
8 -0.0320151 -0.7595462 -0.0056997
5
-114.633     ts77     dynamics     sesquiterpene     TS     runpoint      5     runisomer      131
6 -0.0064628 0.6620034 0.0022557
1 -0.3803818 1.2131617 1.0833960
1 -0.3334187 0.9833860 -0.9833279
1 0.8682079 -0.1229433 -0.0206293
8 -0.0328413 -0.7643970 -0.0066994
5
-114.629     ts77     dynamics     sesquiterpene     TS     runpoint      6     runisomer      131
6 -0.0069064 0.6727273 0.0062393
1 -0.3993323 1.2155726 1.0797660
1 -0.3352910 0.9589139 -0.9934374
1 0.9118631 -0.1547738 -0.0436489
8 -0.0339485 -0.7690477 -0.0073713
5
-114.632     ts77     dynamics     sesquiterpene     TS     runpoint      7     runisomer      131
6 -0.0098149 0.6836848 0.0120834
1 -0.4061134 1.2046019 1.0433640
1 -0.3360884 0.9456574 -0.9990103
1 0.9661454 -0.1986395 -0.0664816
8 -0.0347110 -0.7729796 -0.0076722
5
-114.639     ts77     dynamics     sesquiterpene     TS     runpoint      8     runisomer      131
6 -0.0147421 0.6942157 0.0192553
1 -0.4019336 1.1825164 0.9787311
1 -0.3355004 0.9442029 -0.9989425
1 1.0146035 -0.2572292 -0.0884795
8 -0.0343699 -0.7757071 -0.0075988
5
-114.647     ts77     dynamics     sesquiterpene     TS     runpoint      9     runisomer      131
6 -0.0212823 0.7036930 0.0266467
1 -0.3912084 1.1551187 0.8982844
1 -0.3330922 0.9544926 -0.9926885
1 1.0441396 -0.3351384 -0.1088889
8 -0.0321536 -0.7768311 -0.0071844
5
-114.653     ts77     dynamics     sesquiterpene     TS     runpoint      10     runisomer      131
6 -0.0287515 0.7111247 0.0321455
1 -0.3843934 1.1348305 0.8280733
1 -0.3284629 0.9759154 -0.9807973
1 1.0458853 -0.4373944 -0.1271252
8 -0.0273830 -0.7760358 -0.0064856
5
-114.657     ts77     dynamics     sesquiterpene     TS     runpoint      11     runisomer      131
6 -0.0360087 0.7150437 0.0329888
1 -0.3971242 1.1392144 0.8037558
1 -0.3214703 1.0074612 -0.9653634
1 1.0160282 -0.5660493 -0.1428731
8 -0.0196982 -0.7731344 -0.0055664
5
-114.671     ts77     dynamics     sesquiterpene     TS     runpoint      12     runisomer      131
6 -0.0424936 0.7148842 0.0286503
1 -0.4348400 1.1729697 0.8359886
1 -0.3125121 1.0479256 -0.9501295
1 0.9596740 -0.7170043 -0.1565331
8 -0.0094724 -0.7681794 -0.0044405
5
-114.698     ts77     dynamics     sesquiterpene     TS     runpoint      13     runisomer      131
6 -0.0488773 0.7117644 0.0219176
1 -0.4844290 1.2189149 0.8960905
1 -0.3024275 1.0958718 -0.9391528
1 0.8981134 -0.8815630 -0.1707999
8 0.0016829 -0.7613858 -0.0029699
5
-114.708     ts77     dynamics     sesquiterpene     TS     runpoint      14     runisomer      131
6 -0.0557541 0.7069285 0.0154979
1 -0.5312269 1.2581820 0.9536232
1 -0.2917676 1.1489965 -0.9340924
1 0.8619492 -1.0548524 -0.1909791
8 0.0113963 -0.7526614 -0.0008258
5
-114.703     ts77     dynamics     sesquiterpene     TS     runpoint      15     runisomer      131
6 -0.0631926 0.7011863 0.0105769
1 -0.5671148 1.2799242 0.9923007
1 -0.2802079 1.2034990 -0.9329795
1 0.8486190 -1.2314644 -0.2171627
8 0.0193474 -0.7420283 0.0020086
5
-114.692     ts77     dynamics     sesquiterpene     TS     runpoint      16     runisomer      131
6 -0.0710637 0.6951764 0.0073211
1 -0.5886352 1.2793723 1.0056856
1 -0.2667311 1.2544479 -0.9316561
1 0.8292757 -1.3913090 -0.2426521
8 0.0269747 -0.7306228 0.0051313
5
-114.673     ts77     dynamics     sesquiterpene     TS     runpoint      17     runisomer      131
6 -0.0792348 0.6894516 0.0054843
1 -0.5946591 1.2550874 0.9923861
1 -0.2502299 1.2969335 -0.9261604
1 0.7884750 -1.5144171 -0.2626129
8 0.0350131 -0.7197184 0.0082584
5
-114.657     ts77     dynamics     sesquiterpene     TS     runpoint      18     runisomer      131
6 -0.0875695 0.6844013 0.0046885
1 -0.5856256 1.2078588 0.9543351
1 -0.2299465 1.3271576 -0.9143123
1 0.7244094 -1.5896390 -0.2756265
8 0.0434525 -0.7101172 0.0113252
5
-114.653     ts77     dynamics     sesquiterpene     TS     runpoint      19     runisomer      131
6 -0.0958135 0.6801286 0.0043811
1 -0.5644164 1.1412746 0.8979042
1 -0.2056518 1.3430851 -0.8962310
1 0.6400116 -1.6119090 -0.2820365
8 0.0520854 -0.7023161 0.0143758
5
-114.661     ts77     dynamics     sesquiterpene     TS     runpoint      20     runisomer      131
6 -0.1033908 0.6762329 0.0034908
1 -0.5388923 1.0638089 0.8380367
1 -0.1776315 1.3447943 -0.8742782
1 0.5393958 -1.5804360 -0.2833425
8 0.0607319 -0.6966018 0.0175148
5
-114.671     ts77     dynamics     sesquiterpene     TS     runpoint      21     runisomer      131
6 -0.1092333 0.6715635 0.0000693
1 -0.5242431 0.9902948 0.8027664
1 -0.1464808 1.3347053 -0.8527449
1 0.4302781 -1.5047500 -0.2841189
8 0.0691012 -0.6925992 0.0209966
5
-114.67     ts77     dynamics     sesquiterpene     TS     runpoint      22     runisomer      131
6 -0.1123271 0.6648370 -0.0076689
1 -0.5360410 0.9345194 0.8205865
1 -0.1128819 1.3175374 -0.8373720
1 0.3304559 -1.4230617 -0.2996421
8 0.0763349 -0.6881019 0.0256890
