5
-114.654160 ts77 dynamics sesquiterpene TS runpoint 1  runisomer  98
6 -0.0497536 0.6266576 -0.0030536
1 -0.1365278 1.1160706 0.9984256
1 -0.1749201 1.0977544 -0.9772724
1 0.8912786 -0.0454739 0.0404782
8 -0.0271628 -0.7438478 -0.0015923
5
-114.647 ts77 dynamics sesquiterpene TS runpoint 2  runisomer  98
6 -0.053945 0.620642 -0.00596114
1 -0.120058 1.16203 1.07367
1 -0.169654 1.06277 -0.99625
1 0.943716 -0.0351532 0.0646761
8 -0.0286917 -0.740677 -0.00448121
5
-114.64     ts77     dynamics     sesquiterpene     TS     runpoint      3     runisomer      98
6 -0.0575620 0.6159772 -0.0070328
1 -0.1074610 1.1994109 1.1202640
1 -0.1683261 1.0342051 -1.0097146
1 1.0073978 -0.0214467 0.0880597
8 -0.0308680 -0.7385965 -0.0072372
5
-114.631     ts77     dynamics     sesquiterpene     TS     runpoint      4     runisomer      98
6 -0.0594928 0.6123343 -0.0058376
1 -0.0994320 1.2242904 1.1319742
1 -0.1712204 1.0139665 -1.0169621
1 1.0700100 0.0024713 0.1094102
8 -0.0336878 -0.7376646 -0.0097600
5
-114.626     ts77     dynamics     sesquiterpene     TS     runpoint      5     runisomer      98
6 -0.0587665 0.6092482 -0.0023113
1 -0.0968013 1.2349354 1.1077002
1 -0.1782916 1.0032343 -1.0174899
1 1.1238185 0.0434547 0.1274929
8 -0.0373437 -0.7379286 -0.0119825
5
-114.629     ts77     dynamics     sesquiterpene     TS     runpoint      6     runisomer      98
6 -0.0547001 0.6062302 0.0033620
1 -0.1003519 1.2309252 1.0496713
1 -0.1890925 1.0023573 -1.0109510
1 1.1656885 0.1069234 0.1413416
8 -0.0421297 -0.7393585 -0.0138676
5
-114.641     ts77     dynamics     sesquiterpene     TS     runpoint      7     runisomer      98
6 -0.0469479 0.6028565 0.0106219
1 -0.1109146 1.2137978 0.9646993
1 -0.2027931 1.0107708 -0.9972512
1 1.1945851 0.1950183 0.1501381
8 -0.0482387 -0.7418329 -0.0153787
5
-114.657     ts77     dynamics     sesquiterpene     TS     runpoint      8     runisomer      98
6 -0.0353729 0.5986643 0.0182060
1 -0.1299682 1.1897422 0.8683431
1 -0.2183383 1.0269789 -0.9768376
1 1.2092087 0.3062746 0.1530049
8 -0.0556657 -0.7452060 -0.0164652
5
-114.668     ts77     dynamics     sesquiterpene     TS     runpoint      9     runisomer      98
6 -0.0198240 0.5927968 0.0238135
1 -0.1611883 1.1737053 0.7893565
1 -0.2346135 1.0486873 -0.9511203
1 1.2078850 0.4364093 0.1491557
8 -0.0642569 -0.7493642 -0.0170736
5
-114.671     ts77     dynamics     sesquiterpene     TS     runpoint      10     runisomer      98
6 -0.0000403 0.5843311 0.0250028
1 -0.2115713 1.1846263 0.7593313
1 -0.2506371 1.0731491 -0.9227754
1 1.1899480 0.5791475 0.1383433
8 -0.0737868 -0.7542386 -0.0171792
5
-114.681     ts77     dynamics     sesquiterpene     TS     runpoint      11     runisomer      98
6 0.0236493 0.5742500 0.0219592
1 -0.2841493 1.2205513 0.7793070
1 -0.2658174 1.0975466 -0.8953942
1 1.1576770 0.7270212 0.1213340
8 -0.0839983 -0.7597973 -0.0168079
5
-114.654160 ts77 dynamics sesquiterpene TS runpoint 1  runisomer  98
6 -0.0497536 0.6266576 -0.0030536
1 -0.1365278 1.1160706 0.9984256
1 -0.1749201 1.0977544 -0.9772724
1 0.8912786 -0.0454739 0.0404782
8 -0.0271628 -0.7438478 -0.0015923
5
-114.647 ts77 dynamics sesquiterpene TS runpoint 2  runisomer  98
6 -0.0459539 0.633916 0.000448858
1 -0.157031 1.07014 0.911494
1 -0.183597 1.13674 -0.953876
1 0.863139 -0.0582732 0.016126
8 -0.026402 -0.748049 0.00131777
5
-114.643     ts77     dynamics     sesquiterpene     TS     runpoint      3     runisomer      98
6 -0.0428675 0.6413574 0.0019037
1 -0.1844716 1.0405814 0.8478250
1 -0.1950301 1.1771765 -0.9278269
1 0.8662752 -0.0773270 -0.0084868
8 -0.0264656 -0.7531171 0.0041481
5
-114.633     ts77     dynamics     sesquiterpene     TS     runpoint      4     runisomer      98
6 -0.0399653 0.6473352 -0.0016318
1 -0.2249417 1.0447334 0.8468858
1 -0.2086019 1.2169369 -0.9018412
1 0.8973129 -0.1039534 -0.0335705
8 -0.0271948 -0.7586916 0.0068034
5
-114.638     ts77     dynamics     sesquiterpene     TS     runpoint      5     runisomer      98
6 -0.0368327 0.6516530 -0.0093021
1 -0.2785130 1.0784438 0.9034406
1 -0.2239068 1.2545950 -0.8795103
1 0.9449052 -0.1383258 -0.0587040
8 -0.0282044 -0.7642635 0.0091704
5
-114.652     ts77     dynamics     sesquiterpene     TS     runpoint      6     runisomer      98
6 -0.0338112 0.6554134 -0.0173677
1 -0.3356458 1.1215707 0.9770628
1 -0.2407050 1.2890378 -0.8638181
1 0.9951641 -0.1810180 -0.0828948
8 -0.0289799 -0.7692842 0.0111174
5
-114.65     ts77     dynamics     sesquiterpene     TS     runpoint      7     runisomer      98
6 -0.0313959 0.6594650 -0.0231949
1 -0.3872314 1.1594363 1.0380460
1 -0.2586153 1.3185976 -0.8555403
1 1.0355919 -0.2339709 -0.1049916
8 -0.0289607 -0.7732373 0.0125157
5
-114.64     ts77     dynamics     sesquiterpene     TS     runpoint      8     runisomer      98
6 -0.0300552 0.6643280 -0.0257069
1 -0.4281888 1.1851531 1.0730233
1 -0.2769010 1.3407815 -0.8533441
1 1.0565452 -0.3011058 -0.1239400
8 -0.0275549 -0.7756746 0.0132513
5
-114.634     ts77     dynamics     sesquiterpene     TS     runpoint      9     runisomer      98
6 -0.0303128 0.6704429 -0.0246349
1 -0.4561953 1.1958996 1.0773289
1 -0.2945324 1.3528636 -0.8550128
1 1.0513084 -0.3881089 -0.1388770
8 -0.0241567 -0.7762205 0.0132205
5
-114.642     ts77     dynamics     sesquiterpene     TS     runpoint      10     runisomer      98
6 -0.0326982 0.6781384 -0.0200374
1 -0.4703669 1.1907236 1.0503951
1 -0.3103732 1.3527879 -0.8586289
1 1.0166890 -0.5002197 -0.1493230
8 -0.0182962 -0.7746013 0.0123540
5
-114.663     ts77     dynamics     sesquiterpene     TS     runpoint      11     runisomer      98
6 -0.0375006 0.6873999 -0.0121937
1 -0.4709187 1.1700868 0.9947627
1 -0.3233542 1.3398097 -0.8632221
1 0.9567854 -0.6378324 -0.1559376
8 -0.0100664 -0.7707626 0.0106806
5
-114.688     ts77     dynamics     sesquiterpene     TS     runpoint      12     runisomer      98
6 -0.0444865 0.6976425 -0.0018167
1 -0.4602204 1.1368448 0.9182333
1 -0.3326330 1.3146597 -0.8689296
1 0.8923239 -0.7942172 -0.1625138
8 -0.0008536 -0.7649165 0.0084912
5
-114.702     ts77     dynamics     sesquiterpene     TS     runpoint      13     runisomer      98
6 -0.0526291 0.7075198 0.0094031
1 -0.4459032 1.0989525 0.8398359
1 -0.3377578 1.2793168 -0.8767739
1 0.8620747 -0.9632814 -0.1771405
8 0.0065800 -0.7570620 0.0064279
5
-114.701     ts77     dynamics     sesquiterpene     TS     runpoint      14     runisomer      98
6 -0.0599674 0.7149553 0.0182515
1 -0.4445732 1.0722066 0.7958454
1 -0.3387743 1.2366631 -0.8880855
1 0.8708189 -1.1428180 -0.2021472
8 0.0115136 -0.7469570 0.0048487
5
-114.691     ts77     dynamics     sesquiterpene     TS     runpoint      15     runisomer      98
6 -0.0645457 0.7182154 0.0217086
1 -0.4732990 1.0709948 0.8196507
1 -0.3362787 1.1901616 -0.9039354
1 0.8785112 -1.3136514 -0.2289094
8 0.0161167 -0.7356349 0.0034403
5
-114.685     ts77     dynamics     sesquiterpene     TS     runpoint      16     runisomer      98
6 -0.0665066 0.7176488 0.0209333
1 -0.5255717 1.0879402 0.8948897
1 -0.3314317 1.1434556 -0.9248826
1 0.8609695 -1.4531289 -0.2505815
8 0.0216810 -0.7245492 0.0019663
5
-114.677     ts77     dynamics     sesquiterpene     TS     runpoint      17     runisomer      98
6 -0.0672324 0.7145674 0.0191586
1 -0.5813773 1.1062006 0.9797761
1 -0.3256066 1.0997016 -0.9502010
1 0.8138551 -1.5481516 -0.2646594
8 0.0283423 -0.7146457 0.0004299
5
-114.661     ts77     dynamics     sesquiterpene     TS     runpoint      18     runisomer      98
6 -0.0676473 0.7098190 0.0182735
1 -0.6274290 1.1159708 1.0468570
1 -0.3198926 1.0610393 -0.9771025
1 0.7400829 -1.5925384 -0.2706053
8 0.0358428 -0.7064694 -0.0010632
5
-114.648     ts77     dynamics     sesquiterpene     TS     runpoint      19     runisomer      98
6 -0.0681547 0.7038561 0.0187878
1 -0.6580507 1.1136499 1.0837915
1 -0.3149435 1.0286588 -1.0012198
1 0.6441334 -1.5835675 -0.2686112
8 0.0438868 -0.7003765 -0.0023817
5
-114.649     ts77     dynamics     sesquiterpene     TS     runpoint      20     runisomer      98
6 -0.0689653 0.6969325 0.0205787
1 -0.6714472 1.0985406 1.0860180
1 -0.3110664 1.0032636 -1.0180117
1 0.5327406 -1.5242396 -0.2603113
8 0.0521130 -0.6963717 -0.0033309
5
-114.66     ts77     dynamics     sesquiterpene     TS     runpoint      21     runisomer      98
6 -0.0702765 0.6891312 0.0233324
1 -0.6674928 1.0713526 1.0529497
1 -0.3082461 0.9854564 -1.0241216
1 0.4222442 -1.4377980 -0.2534048
8 0.0596323 -0.6931331 -0.0033634
5
-114.656     ts77     dynamics     sesquiterpene     TS     runpoint      22     runisomer      98
6 -0.0722347 0.6804121 0.0266087
1 -0.6474932 1.0339935 0.9876669
1 -0.3062356 0.9759256 -1.0182076
1 0.3479589 -1.3966046 -0.2731795
8 0.0643937 -0.6862357 -0.0008346
5
-114.646     ts77     dynamics     sesquiterpene     TS     runpoint      23     runisomer      98
6 -0.0746863 0.6707932 0.0295745
1 -0.6162323 0.9906710 0.9000125
1 -0.3047978 0.9756208 -1.0014333
1 0.3258926 -1.4576507 -0.3461246
8 0.0655623 -0.6724274 0.0060022
