5
-114.654160 ts77 dynamics sesquiterpene TS runpoint 1  runisomer  182
6 -0.0235752 0.6580801 0.0230313
1 -0.3458027 1.2803360 0.8482733
1 -0.2876637 1.1277987 -0.9466529
1 1.0242249 -0.0908521 -0.0763280
8 -0.0348889 -0.7768065 -0.0062717
5
-114.646 ts77 dynamics sesquiterpene TS runpoint 2  runisomer  182
6 -0.0178491 0.654334 0.0198823
1 -0.398624 1.34216 0.907408
1 -0.301868 1.13051 -0.942151
1 1.06628 -0.0807956 -0.0971909
8 -0.0376111 -0.778696 -0.00660441
5
-114.638     ts77     dynamics     sesquiterpene     TS     runpoint      3     runisomer      182
6 -0.0122209 0.6504129 0.0167029
1 -0.4407773 1.3837515 0.9542288
1 -0.3122237 1.1297664 -0.9335029
1 1.0962399 -0.0601498 -0.1145464
8 -0.0404125 -0.7796285 -0.0066199
5
-114.627     ts77     dynamics     sesquiterpene     TS     runpoint      4     runisomer      182
6 -0.0066803 0.6463415 0.0141989
1 -0.4677129 1.3996154 0.9807696
1 -0.3188226 1.1261072 -0.9219980
1 1.1126176 -0.0238529 -0.1274926
8 -0.0434890 -0.7796304 -0.0063222
5
-114.623     ts77     dynamics     sesquiterpene     TS     runpoint      5     runisomer      182
6 -0.0010806 0.6418478 0.0127160
1 -0.4770708 1.3883870 0.9843807
1 -0.3222232 1.1206644 -0.9099579
1 1.1161940 0.0331349 -0.1352847
8 -0.0471113 -0.7787978 -0.0057038
5
-114.628     ts77     dynamics     sesquiterpene     TS     runpoint      6     runisomer      182
6 0.0047298 0.6366440 0.0124261
1 -0.4676006 1.3505851 0.9649249
1 -0.3233430 1.1147298 -0.9001274
1 1.1095417 0.1152601 -0.1372554
8 -0.0515775 -0.7773119 -0.0047553
5
-114.643     ts77     dynamics     sesquiterpene     TS     runpoint      7     runisomer      182
6 0.0108123 0.6306022 0.0133001
1 -0.4392104 1.2883065 0.9244085
1 -0.3233048 1.1092336 -0.8947586
1 1.0967334 0.2249632 -0.1328292
8 -0.0571257 -0.7754205 -0.0034741
5
-114.665     ts77     dynamics     sesquiterpene     TS     runpoint      8     runisomer      182
6 0.0170606 0.6237558 0.0149260
1 -0.3942966 1.2066950 0.8688429
1 -0.3232479 1.1043248 -0.8947556
1 1.0838155 0.3608683 -0.1218385
8 -0.0638344 -0.7733964 -0.0018845
5
-114.687     ts77     dynamics     sesquiterpene     TS     runpoint      9     runisomer      182
6 0.0233446 0.6159470 0.0161086
1 -0.3408134 1.1174283 0.8133129
1 -0.3241944 1.0993485 -0.8992802
1 1.0793162 0.5173278 -0.1050803
8 -0.0715751 -0.7714571 -0.0000438
5
-114.694     ts77     dynamics     sesquiterpene     TS     runpoint      10     runisomer      182
6 0.0301262 0.6062841 0.0143617
1 -0.2952695 1.0416099 0.7882096
1 -0.3270271 1.0932263 -0.9059692
1 1.0902545 0.6868278 -0.0842638
8 -0.0800425 -0.7697239 0.0019590
5
-114.689     ts77     dynamics     sesquiterpene     TS     runpoint      11     runisomer      182
6 0.0386365 0.5939931 0.0070935
1 -0.2747347 0.9984412 0.8250894
1 -0.3325655 1.0849550 -0.9118322
1 1.1135836 0.8614450 -0.0610826
8 -0.0888430 -0.7682638 0.0039979
5
-114.654160 ts77 dynamics sesquiterpene TS runpoint 1  runisomer  182
6 -0.0235752 0.6580801 0.0230313
1 -0.3458027 1.2803360 0.8482733
1 -0.2876637 1.1277987 -0.9466529
1 1.0242249 -0.0908521 -0.0763280
8 -0.0348889 -0.7768065 -0.0062717
5
-114.646 ts77 dynamics sesquiterpene TS runpoint 2  runisomer  182
6 -0.0291044 0.660895 0.0245898
1 -0.291092 1.21269 0.796316
1 -0.270062 1.12192 -0.946929
1 0.97431 -0.0953937 -0.0530542
8 -0.0321521 -0.774 -0.00561609
5
-114.642     ts77     dynamics     sesquiterpene     TS     runpoint      3     runisomer      182
6 -0.0338548 0.6611112 0.0218124
1 -0.2472823 1.1646325 0.7865555
1 -0.2501175 1.1141640 -0.9440588
1 0.9237342 -0.0995884 -0.0285914
8 -0.0294179 -0.7703811 -0.0046384
5
-114.634     ts77     dynamics     sesquiterpene     TS     runpoint      4     runisomer      182
6 -0.0378181 0.6578452 0.0130190
1 -0.2205688 1.1524942 0.8429794
1 -0.2295000 1.1069209 -0.9404853
1 0.8822392 -0.1085419 -0.0039946
8 -0.0268125 -0.7661455 -0.0033703
5
-114.644     ts77     dynamics     sesquiterpene     TS     runpoint      5     runisomer      182
6 -0.0420553 0.6528185 0.0008306
1 -0.2035436 1.1614860 0.9400164
1 -0.2102536 1.1034452 -0.9402088
1 0.8598668 -0.1269615 0.0203554
8 -0.0245103 -0.7615626 -0.0018905
5
-114.651     ts77     dynamics     sesquiterpene     TS     runpoint      6     runisomer      182
6 -0.0474348 0.6480644 -0.0109353
1 -0.1886465 1.1715115 1.0372210
1 -0.1941358 1.1068319 -0.9470910
1 0.8624346 -0.1587561 0.0449734
8 -0.0225899 -0.7568385 -0.0003048
5
-114.648     ts77     dynamics     sesquiterpene     TS     runpoint      7     runisomer      182
6 -0.0541693 0.6445807 -0.0201132
1 -0.1731894 1.1730820 1.1102647
1 -0.1819673 1.1183979 -0.9618927
1 0.8878920 -0.2073513 0.0706343
8 -0.0208826 -0.7519930 0.0012952
5
-114.644     ts77     dynamics     sesquiterpene     TS     runpoint      8     runisomer      182
6 -0.0621696 0.6428232 -0.0260625
1 -0.1568643 1.1636374 1.1484970
1 -0.1735558 1.1367840 -0.9809807
1 0.9267851 -0.2768520 0.0975299
8 -0.0188902 -0.7468597 0.0028586
5
-114.646     ts77     dynamics     sesquiterpene     TS     runpoint      9     runisomer      182
6 -0.0713883 0.6431453 -0.0289483
1 -0.1399879 1.1434549 1.1481605
1 -0.1681109 1.1586336 -0.9980395
1 0.9662006 -0.3720533 0.1250496
8 -0.0158645 -0.7412101 0.0043867
5
-114.657     ts77     dynamics     sesquiterpene     TS     runpoint      10     runisomer      182
6 -0.0818676 0.6457778 -0.0292255
1 -0.1229335 1.1142004 1.1093379
1 -0.1646540 1.1800972 -1.0070014
1 0.9944368 -0.4957859 0.1520896
8 -0.0110750 -0.7348998 0.0059039
5
-114.675     ts77     dynamics     sesquiterpene     TS     runpoint      11     runisomer      182
6 -0.0935397 0.6505481 -0.0274935
1 -0.1061355 1.0792290 1.0365192
1 -0.1622865 1.1980456 -1.0040601
1 1.0042717 -0.6453038 0.1774890
8 -0.0041468 -0.7279871 0.0074082
5
-114.697     ts77     dynamics     sesquiterpene     TS     runpoint      12     runisomer      182
6 -0.1060614 0.6566652 -0.0247892
1 -0.0900948 1.0453714 0.9432218
1 -0.1603937 1.2106876 -0.9885036
1 0.9936997 -0.8118789 0.2004328
8 0.0047816 -0.7207457 0.0088323
5
-114.708     ts77     dynamics     sesquiterpene     TS     runpoint      13     runisomer      182
6 -0.1189377 0.6625672 -0.0232937
1 -0.0746183 1.0259943 0.8603981
1 -0.1587093 1.2178282 -0.9630278
1 0.9640126 -0.9838230 0.2205416
8 0.0152310 -0.7135713 0.0100572
5
-114.699     ts77     dynamics     sesquiterpene     TS     runpoint      14     runisomer      182
6 -0.1318231 0.6661056 -0.0260686
1 -0.0571008 1.0397024 0.8330427
1 -0.1572059 1.2210826 -0.9339942
1 0.9165601 -1.1490337 0.2374443
8 0.0266884 -0.7068870 0.0109681
5
-114.689     ts77     dynamics     sesquiterpene     TS     runpoint      15     runisomer      182
6 -0.1444830 0.6662100 -0.0330907
1 -0.0346601 1.0911338 0.8725596
1 -0.1557997 1.2239178 -0.9111824
1 0.8516356 -1.2957958 0.2504432
8 0.0387729 -0.7011389 0.0114895
5
-114.692     ts77     dynamics     sesquiterpene     TS     runpoint      16     runisomer      182
6 -0.1564288 0.6637787 -0.0401264
1 -0.0097390 1.1617253 0.9399648
1 -0.1539408 1.2303221 -0.9045174
1 0.7702266 -1.4138723 0.2588605
8 0.0511761 -0.6967285 0.0115709
5
-114.685     ts77     dynamics     sesquiterpene     TS     runpoint      17     runisomer      182
6 -0.1672196 0.6600805 -0.0437638
1 0.0133102 1.2319650 0.9991237
1 -0.1505744 1.2412994 -0.9175392
1 0.6752144 -1.4962305 0.2626384
8 0.0635923 -0.6938847 0.0111557
5
-114.67     ts77     dynamics     sesquiterpene     TS     runpoint      18     runisomer      182
6 -0.1767135 0.6561673 -0.0430007
1 0.0317975 1.2904693 1.0329361
1 -0.1446899 1.2527700 -0.9447065
1 0.5709995 -1.5404803 0.2627935
8 0.0757432 -0.6925721 0.0101556
5
-114.659     ts77     dynamics     sesquiterpene     TS     runpoint      19     runisomer      182
6 -0.1849965 0.6528829 -0.0382084
1 0.0445822 1.3313311 1.0355489
1 -0.1358999 1.2579531 -0.9757270
1 0.4630391 -1.5509933 0.2620827
8 0.0873974 -0.6923494 0.0083960
5
-114.654     ts77     dynamics     sesquiterpene     TS     runpoint      20     runisomer      182
6 -0.1922581 0.6507720 -0.0301544
1 0.0512879 1.3513703 1.0062939
1 -0.1245788 1.2509911 -1.0010599
1 0.3574410 -1.5423997 0.2661074
8 0.0983589 -0.6921326 0.0055411
5
-114.654     ts77     dynamics     sesquiterpene     TS     runpoint      21     runisomer      182
6 -0.1987111 0.6500487 -0.0196323
1 0.0519665 1.3492578 0.9477380
1 -0.1116811 1.2286445 -1.0143991
1 0.2579189 -1.5383266 0.2834632
8 0.1086124 -0.6903082 0.0010851
