5
-114.654160 ts77 dynamics sesquiterpene TS runpoint 1  runisomer  62
6 -0.0349906 0.6362320 0.0112705
1 -0.2445546 1.1692840 0.9222865
1 -0.2737677 1.1222141 -1.0005633
1 1.0205234 -0.0896599 0.0094201
8 -0.0333467 -0.7531411 -0.0041172
5
-114.65 ts77 dynamics sesquiterpene TS runpoint 2  runisomer  62
6 -0.0327922 0.651026 0.00742628
1 -0.250429 1.16539 0.932692
1 -0.291129 1.04001 -0.94783
1 1.06705 -0.0858283 0.0343897
8 -0.0364633 -0.759056 -0.00678475
5
-114.647     ts77     dynamics     sesquiterpene     TS     runpoint      3     runisomer      62
6 -0.0293099 0.6640111 0.0036203
1 -0.2577183 1.1627513 0.9437283
1 -0.3100952 0.9670886 -0.8998891
1 1.0998597 -0.0734613 0.0582242
8 -0.0394876 -0.7648167 -0.0091488
5
-114.635     ts77     dynamics     sesquiterpene     TS     runpoint      4     runisomer      62
6 -0.0236103 0.6735908 0.0025476
1 -0.2656610 1.1610495 0.9522229
1 -0.3392460 0.9170837 -0.8861873
1 1.1152474 -0.0491598 0.0798293
8 -0.0423958 -0.7702777 -0.0111059
5
-114.627     ts77     dynamics     sesquiterpene     TS     runpoint      5     runisomer      62
6 -0.0151919 0.6790394 0.0053003
1 -0.2736988 1.1600428 0.9558688
1 -0.3829155 0.8941653 -0.9176516
1 1.1127857 -0.0090537 0.0980536
8 -0.0452978 -0.7753856 -0.0125677
5
-114.634     ts77     dynamics     sesquiterpene     TS     runpoint      6     runisomer      62
6 -0.0046196 0.6804599 0.0101053
1 -0.2817266 1.1597913 0.9541533
1 -0.4331462 0.8927143 -0.9725260
1 1.0949746 0.0513243 0.1118268
8 -0.0484364 -0.7801504 -0.0134771
5
-114.642     ts77     dynamics     sesquiterpene     TS     runpoint      7     runisomer      62
6 0.0070848 0.6781149 0.0146385
1 -0.2901424 1.1604821 0.9478490
1 -0.4775891 0.9059140 -1.0232142
1 1.0671670 0.1363117 0.1201971
8 -0.0521342 -0.7846217 -0.0138165
5
-114.648     ts77     dynamics     sesquiterpene     TS     runpoint      8     runisomer      62
6 0.0188795 0.6723476 0.0174976
1 -0.2997748 1.1621217 0.9380706
1 -0.5073497 0.9287804 -1.0530956
1 1.0383805 0.2479785 0.1224152
8 -0.0566859 -0.7888762 -0.0136045
5
-114.654     ts77     dynamics     sesquiterpene     TS     runpoint      9     runisomer      62
6 0.0293801 0.6638036 0.0180805
1 -0.3117006 1.1642475 0.9256645
1 -0.5177267 0.9575638 -1.0551279
1 1.0234267 0.3833175 0.1182690
8 -0.0622151 -0.7929413 -0.0128733
5
-114.662     ts77     dynamics     sesquiterpene     TS     runpoint      10     runisomer      62
6 0.0367858 0.6532654 0.0162315
1 -0.3269387 1.1657546 0.9111711
1 -0.5071661 0.9890664 -1.0279173
1 1.0412138 0.5354861 0.1082968
8 -0.0685961 -0.7967023 -0.0116599
5
-114.678     ts77     dynamics     sesquiterpene     TS     runpoint      11     runisomer      62
6 0.0404864 0.6411394 0.0121966
1 -0.3460844 1.1649319 0.8952051
1 -0.4769822 1.0203923 -0.9742250
1 1.0959365 0.7001936 0.0925846
8 -0.0755144 -0.7999049 -0.0100208
5
-114.698     ts77     dynamics     sesquiterpene     TS     runpoint      12     runisomer      62
6 0.0423742 0.6279024 0.0067388
1 -0.3688156 1.1597346 0.8787023
1 -0.4319467 1.0494838 -0.9020564
1 1.1638850 0.8718949 0.0705129
8 -0.0826158 -0.8022990 -0.0080439
5
-114.654160 ts77 dynamics sesquiterpene TS runpoint 1  runisomer  62
6 -0.0349906 0.6362320 0.0112705
1 -0.2445546 1.1692840 0.9222865
1 -0.2737677 1.1222141 -1.0005633
1 1.0205234 -0.0896599 0.0094201
8 -0.0333467 -0.7531411 -0.0041172
5
-114.65 ts77 dynamics sesquiterpene TS runpoint 2  runisomer  62
6 -0.0366746 0.621414 0.0132483
1 -0.240668 1.17431 0.914854
1 -0.253349 1.20007 -1.03686
1 0.967876 -0.0882264 -0.0158665
8 -0.0302974 -0.747337 -0.00125215
5
-114.645     ts77     dynamics     sesquiterpene     TS     runpoint      3     runisomer      62
6 -0.0385163 0.6082655 0.0126471
1 -0.2388753 1.1794065 0.9109357
1 -0.2288153 1.2640418 -1.0475006
1 0.9205815 -0.0847918 -0.0411712
8 -0.0275936 -0.7420408 0.0017096
5
-114.637     ts77     dynamics     sesquiterpene     TS     runpoint      4     runisomer      62
6 -0.0411485 0.5983486 0.0095284
1 -0.2388327 1.1826981 0.9095576
1 -0.2008115 1.3081707 -1.0304821
1 0.8917811 -0.0823373 -0.0668483
8 -0.0255707 -0.7377431 0.0046817
5
-114.632     ts77     dynamics     sesquiterpene     TS     runpoint      5     runisomer      62
6 -0.0449652 0.5928842 0.0043320
1 -0.2399942 1.1821389 0.9092843
1 -0.1707196 1.3290582 -0.9877323
1 0.8907649 -0.0828429 -0.0935585
8 -0.0244669 -0.7348916 0.0075865
5
-114.633     ts77     dynamics     sesquiterpene     TS     runpoint      6     runisomer      62
6 -0.0498382 0.5924213 -0.0023227
1 -0.2418808 1.1762526 0.9092384
1 -0.1403552 1.3257672 -0.9242908
1 0.9173287 -0.0866516 -0.1213137
8 -0.0242791 -0.7337268 0.0103340
5
-114.64     ts77     dynamics     sesquiterpene     TS     runpoint      7     runisomer      62
6 -0.0551278 0.5966209 -0.0095914
1 -0.2442484 1.1645592 0.9096064
1 -0.1118987 1.3013607 -0.8497630
1 0.9617823 -0.0927440 -0.1488033
8 -0.0247550 -0.7342200 0.0127997
5
-114.644     ts77     dynamics     sesquiterpene     TS     runpoint      8     runisomer      62
6 -0.0599894 0.6041224 -0.0160725
1 -0.2471320 1.1476445 0.9115192
1 -0.0876974 1.2665403 -0.7818226
1 1.0106798 -0.0997060 -0.1738360
8 -0.0255320 -0.7361498 0.0148389
5
-114.637     ts77     dynamics     sesquiterpene     TS     runpoint      9     runisomer      62
6 -0.0637128 0.6125209 -0.0195761
1 -0.2508255 1.1270092 0.9164116
1 -0.0694751 1.2422784 -0.7479333
1 1.0523598 -0.1064243 -0.1942877
8 -0.0262795 -0.7391999 0.0163122
5
-114.625     ts77     dynamics     sesquiterpene     TS     runpoint      10     runisomer      62
6 -0.0659191 0.6195401 -0.0182784
1 -0.2557669 1.1048289 0.9252725
1 -0.0572964 1.2476202 -0.7706405
1 1.0790188 -0.1122707 -0.2086241
8 -0.0267609 -0.7430377 0.0171142
5
-114.627     ts77     dynamics     sesquiterpene     TS     runpoint      11     runisomer      62
6 -0.0664674 0.6251150 -0.0130258
1 -0.2623715 1.0837066 0.9383125
1 -0.0505554 1.2759314 -0.8401038
1 1.0864168 -0.1171109 -0.2159100
8 -0.0268245 -0.7473700 0.0171879
5
-114.635     ts77     dynamics     sesquiterpene     TS     runpoint      12     runisomer      62
6 -0.0653320 0.6305303 -0.0063734
1 -0.2708741 1.0661697 0.9547626
1 -0.0493641 1.3056771 -0.9252986
1 1.0729504 -0.1215442 -0.2156868
8 -0.0263677 -0.7519241 0.0165145
5
-114.637     ts77     dynamics     sesquiterpene     TS     runpoint      13     runisomer      62
6 -0.0626795 0.6366351 -0.0002583
1 -0.2812116 1.0540040 0.9726196
1 -0.0538535 1.3221714 -1.0011469
1 1.0392243 -0.1273317 -0.2079800
8 -0.0252994 -0.7564138 0.0150967
5
-114.634     ts77     dynamics     sesquiterpene     TS     runpoint      14     runisomer      62
6 -0.0589356 0.6437307 0.0044360
1 -0.2930064 1.0479276 0.9888059
1 -0.0636864 1.3196278 -1.0537400
1 0.9884304 -0.1377264 -0.1934660
8 -0.0235457 -0.7605412 0.0129562
5
-114.634     ts77     dynamics     sesquiterpene     TS     runpoint      15     runisomer      62
6 -0.0547948 0.6519561 0.0075016
1 -0.3056562 1.0477812 0.9999007
1 -0.0780965 1.2971160 -1.0764728
1 0.9271686 -0.1576841 -0.1737055
8 -0.0210890 -0.7640278 0.0101455
5
-114.637     ts77     dynamics     sesquiterpene     TS     runpoint      16     runisomer      62
6 -0.0511674 0.6615044 0.0090667
1 -0.3185421 1.0529665 1.0031192
1 -0.0959981 1.2561536 -1.0670916
1 0.8661400 -0.1936079 -0.1512895
8 -0.0180267 -0.7666753 0.0067678
5
-114.644     ts77     dynamics     sesquiterpene     TS     runpoint      17     runisomer      62
6 -0.0489797 0.6725570 0.0094528
1 -0.3312642 1.0628780 0.9971287
1 -0.1161334 1.2003405 -1.0273510
1 0.8201515 -0.2513000 -0.1296877
8 -0.0147013 -0.7684415 0.0029932
5
-114.654     ts77     dynamics     sesquiterpene     TS     runpoint      18     runisomer      62
6 -0.0488257 0.6848667 0.0092944
1 -0.3438368 1.0772143 0.9825327
1 -0.1375627 1.1365594 -0.9656843
1 0.8073762 -0.3315960 -0.1126418
8 -0.0118705 -0.7695043 -0.0009256
5
-114.662     ts77     dynamics     sesquiterpene     TS     runpoint      19     runisomer      62
6 -0.0506548 0.6972327 0.0099687
1 -0.3567812 1.0961417 0.9619468
1 -0.1608506 1.0770107 -0.9028659
1 0.8440162 -0.4300088 -0.1026901
8 -0.0105266 -0.7700224 -0.0047186
5
-114.669     ts77     dynamics     sesquiterpene     TS     runpoint      20     runisomer      62
6 -0.0537216 0.7076176 0.0137743
1 -0.3711383 1.1201835 0.9396608
1 -0.1895461 1.0380820 -0.8734144
1 0.9247706 -0.5463521 -0.0987728
8 -0.0106044 -0.7695451 -0.0082707
5
-114.678     ts77     dynamics     sesquiterpene     TS     runpoint      21     runisomer      62
6 -0.0570313 0.7145128 0.0219279
1 -0.3883694 1.1498383 0.9208649
1 -0.2278692 1.0286480 -0.9003100
1 1.0160313 -0.6832679 -0.0969957
8 -0.0103733 -0.7673655 -0.0116203
5
-114.691     ts77     dynamics     sesquiterpene     TS     runpoint      22     runisomer      62
6 -0.0601460 0.7180093 0.0321739
1 -0.4097679 1.1848598 0.9098751
1 -0.2738156 1.0409211 -0.9641366
1 1.0840085 -0.8351456 -0.0942112
8 -0.0080775 -0.7634003 -0.0147668
5
-114.694     ts77     dynamics     sesquiterpene     TS     runpoint      23     runisomer      62
6 -0.0631721 0.7188792 0.0412966
1 -0.4352608 1.2230992 0.9073894
1 -0.3208256 1.0623906 -1.0299370
1 1.1104453 -0.9899878 -0.0888908
8 -0.0029074 -0.7580594 -0.0176425
5
-114.685     ts77     dynamics     sesquiterpene     TS     runpoint      24     runisomer      62
6 -0.0663200 0.7178345 0.0475425
1 -0.4628046 1.2600601 0.9098587
1 -0.3633646 1.0846457 -1.0751531
1 1.0896372 -1.1347586 -0.0804461
8 0.0051798 -0.7518852 -0.0201663
5
-114.674     ts77     dynamics     sesquiterpene     TS     runpoint      25     runisomer      62
6 -0.0697432 0.7154757 0.0504346
1 -0.4891927 1.2900577 0.9119874
1 -0.3980904 1.1029335 -1.0898789
1 1.0231807 -1.2578634 -0.0686968
8 0.0157846 -0.7454007 -0.0222802
5
-114.669     ts77     dynamics     sesquiterpene     TS     runpoint      26     runisomer      62
6 -0.0734943 0.7122967 0.0500750
1 -0.5113570 1.3079335 0.9095445
1 -0.4231818 1.1144069 -1.0714023
1 0.9176234 -1.3502415 -0.0536576
8 0.0282270 -0.7390443 -0.0239656
5
-114.671     ts77     dynamics     sesquiterpene     TS     runpoint      27     runisomer      62
6 -0.0775165 0.7086330 0.0468007
1 -0.5271880 1.3101411 0.9007189
1 -0.4378963 1.1173276 -1.0215093
1 0.7852455 -1.4077699 -0.0354644
8 0.0415097 -0.7329931 -0.0252416
5
-114.678     ts77     dynamics     sesquiterpene     TS     runpoint      28     runisomer      62
6 -0.0816407 0.7045479 0.0411976
1 -0.5357947 1.2951872 0.8863827
1 -0.4428370 1.1113591 -0.9469304
1 0.6470945 -1.4378793 -0.0141440
8 0.0541614 -0.7267122 -0.0261756
5
-114.678     ts77     dynamics     sesquiterpene     TS     runpoint      29     runisomer      62
6 -0.0855069 0.6996756 0.0343725
1 -0.5375196 1.2638360 0.8700501
1 -0.4413022 1.0991686 -0.8625447
1 0.5316454 -1.4679310 0.0114212
8 0.0643463 -0.7184187 -0.0269524
5
-114.668     ts77     dynamics     sesquiterpene     TS     runpoint      30     runisomer      62
6 -0.0883880 0.6931078 0.0282805
1 -0.5339356 1.2191989 0.8576216
1 -0.4414319 1.0889866 -0.7949422
1 0.4531350 -1.5270095 0.0443935
8 0.0712348 -0.7063138 -0.0279329
5
-114.66     ts77     dynamics     sesquiterpene     TS     runpoint      31     runisomer      62
6 -0.0893013 0.6837411 0.0251462
1 -0.5277029 1.1662760 0.8563675
1 -0.4545716 1.0928994 -0.7745186
1 0.3954630 -1.6009530 0.0861219
8 0.0759875 -0.6915385 -0.0294156
5
-114.658     ts77     dynamics     sesquiterpene     TS     runpoint      32     runisomer      62
6 -0.0880332 0.6715415 0.0252488
1 -0.5218031 1.1105048 0.8723297
1 -0.4835165 1.1137304 -0.8067461
1 0.3403455 -1.6553343 0.1341853
8 0.0799607 -0.6767582 -0.0314946
5
-114.662     ts77     dynamics     sesquiterpene     TS     runpoint      33     runisomer      62
6 -0.0856193 0.6580176 0.0267293
1 -0.5179818 1.0558818 0.9065549
1 -0.5182620 1.1401595 -0.8663104
1 0.2800565 -1.6692048 0.1856103
8 0.0838968 -0.6639602 -0.0342473
5
-114.665     ts77     dynamics     sesquiterpene     TS     runpoint      34     runisomer      62
6 -0.0833960 0.6450009 0.0281160
1 -0.5156331 1.0041938 0.9533478
1 -0.5481087 1.1601068 -0.9258192
1 0.2128846 -1.6366556 0.2385485
8 0.0881941 -0.6542438 -0.0378199
5
-114.666     ts77     dynamics     sesquiterpene     TS     runpoint      35     runisomer      62
6 -0.0824093 0.6338919 0.0291490
1 -0.5125537 0.9559885 1.0029184
1 -0.5673247 1.1671211 -0.9686350
1 0.1397166 -1.5637195 0.2933408
8 0.0930805 -0.6479086 -0.0424710
5
-114.669     ts77     dynamics     sesquiterpene     TS     runpoint      36     runisomer      62
6 -0.0833391 0.6255890 0.0301961
1 -0.5066128 0.9118506 1.0456908
1 -0.5737698 1.1590153 -0.9865974
1 0.0620410 -1.4697341 0.3554567
8 0.0987053 -0.6443090 -0.0487318
5
-114.671     ts77     dynamics     sesquiterpene     TS     runpoint      37     runisomer      62
6 -0.0865544 0.6205965 0.0317172
1 -0.4967203 0.8728482 1.0748860
1 -0.5671691 1.1361137 -0.9765225
1 -0.0215073 -1.3839595 0.4385456
8 0.1053426 -0.6420666 -0.0575813
5
-114.679     ts77     dynamics     sesquiterpene     TS     runpoint      38     runisomer      62
6 -0.0921393 0.6191432 0.0340616
1 -0.4829705 0.8404077 1.0871296
1 -0.5486426 1.1008979 -0.9390144
1 -0.1146727 -1.3163264 0.5512544
8 0.1133709 -0.6409741 -0.0695747
5
-114.696     ts77     dynamics     sesquiterpene     TS     runpoint      39     runisomer      62
6 -0.0998302 0.6211074 0.0375251
1 -0.4664431 0.8162382 1.0823772
1 -0.5214229 1.0588465 -0.8798090
1 -0.2118667 -1.2449646 0.6748418
8 0.1225101 -0.6427709 -0.0833895
5
-114.704     ts77     dynamics     sesquiterpene     TS     runpoint      40     runisomer      62
6 -0.1088472 0.6257044 0.0426477
1 -0.4490338 0.8024402 1.0641796
1 -0.4925897 1.0200556 -0.8136590
1 -0.2997884 -1.1546683 0.7810497
8 0.1319025 -0.6485957 -0.0969455
5
-114.692     ts77     dynamics     sesquiterpene     TS     runpoint      41     runisomer      62
6 -0.1177905 0.6313757 0.0504896
1 -0.4335492 0.8014304 1.0404234
1 -0.4741955 0.9997626 -0.7672870
1 -0.3675091 -1.0475620 0.8517767
8 0.1407470 -0.6582577 -0.1087095
5
-114.672     ts77     dynamics     sesquiterpene     TS     runpoint      42     runisomer      62
6 -0.1251879 0.6365086 0.0616333
1 -0.4236556 0.8154809 1.0231982
1 -0.4771370 1.0112995 -0.7662253
1 -0.4087418 -0.9335120 0.8791202
8 0.1484579 -0.6709074 -0.1177738
5
-114.665     ts77     dynamics     sesquiterpene     TS     runpoint      43     runisomer      62
6 -0.1306769 0.6407485 0.0740749
1 -0.4227550 0.8459081 1.0249387
1 -0.4986395 1.0524824 -0.8050332
1 -0.4207454 -0.8238428 0.8613598
8 0.1546319 -0.6855094 -0.1236534
5
-114.672     ts77     dynamics     sesquiterpene     TS     runpoint      44     runisomer      62
6 -0.1349162 0.6448913 0.0846093
1 -0.4313970 0.8915503 1.0495770
1 -0.5263415 1.1088578 -0.8546811
1 -0.4041068 -0.7294079 0.8017578
8 0.1590556 -0.7009939 -0.1262240
5
-114.678     ts77     dynamics     sesquiterpene     TS     runpoint      45     runisomer      62
6 -0.1386798 0.6499732 0.0915857
1 -0.4460671 0.9472420 1.0880572
1 -0.5503567 1.1668536 -0.8913982
1 -0.3648260 -0.6605092 0.7119408
8 0.1618442 -0.7163107 -0.1259093
5
-114.675     ts77     dynamics     sesquiterpene     TS     runpoint      46     runisomer      62
6 -0.1424874 0.6570377 0.0948154
1 -0.4614563 1.0047315 1.1254725
1 -0.5654861 1.2176307 -0.9033172
1 -0.3199146 -0.6261486 0.6211107
8 0.1637952 -0.7305976 -0.1242140
5
-114.654     ts77     dynamics     sesquiterpene     TS     runpoint      47     runisomer      62
6 -0.1465912 0.6669562 0.0946130
1 -0.4730568 1.0557428 1.1495988
1 -0.5694150 1.2560088 -0.8866511
1 -0.3024476 -0.6288525 0.5823722
8 0.1667538 -0.7435007 -0.1241909
5
-114.638     ts77     dynamics     sesquiterpene     TS     runpoint      48     runisomer      62
6 -0.1510824 0.6798803 0.0915655
1 -0.4780398 1.0947066 1.1537292
1 -0.5616757 1.2795106 -0.8428074
1 -0.3332359 -0.6651395 0.6266962
8 0.1718919 -0.7548470 -0.1277195
5
-114.659     ts77     dynamics     sesquiterpene     TS     runpoint      49     runisomer      62
6 -0.1559018 0.6950054 0.0866239
1 -0.4751150 1.1193963 1.1361172
1 -0.5437438 1.2886436 -0.7782721
1 -0.3842393 -0.7342489 0.7096340
8 0.1774099 -0.7639716 -0.1321940
5
-114.675     ts77     dynamics     sesquiterpene     TS     runpoint      50     runisomer      62
6 -0.1607145 0.7108991 0.0811307
1 -0.4642335 1.1297094 1.0992825
1 -0.5200196 1.2887632 -0.7069442
1 -0.4247454 -0.8291552 0.7830066
8 0.1813947 -0.7705748 -0.1348685
5
-114.672     ts77     dynamics     sesquiterpene     TS     runpoint      51     runisomer      62
6 -0.1647280 0.7255947 0.0767798
1 -0.4467089 1.1272180 1.0506282
1 -0.4989789 1.2925474 -0.6523589
1 -0.4406429 -0.9392286 0.8239543
8 0.1829797 -0.7747474 -0.1345577
5
-114.66     ts77     dynamics     sesquiterpene     TS     runpoint      52     runisomer      62
6 -0.1668966 0.7368379 0.0748400
1 -0.4257038 1.1158815 1.0039416
1 -0.4901799 1.3159295 -0.6400527
1 -0.4276162 -1.0541173 0.8244620
8 0.1819108 -0.7767025 -0.1309679
5
-114.657     ts77     dynamics     sesquiterpene     TS     runpoint      53     runisomer      62
6 -0.1667841 0.7434522 0.0743369
1 -0.4061565 1.1023548 0.9785319
1 -0.4944134 1.3608313 -0.6745226
1 -0.3859378 -1.1641673 0.7832911
8 0.1782378 -0.7767090 -0.1242231
5
-114.668     ts77     dynamics     sesquiterpene     TS     runpoint      54     runisomer      62
6 -0.1648559 0.7459352 0.0725495
1 -0.3923367 1.0929422 0.9896036
1 -0.5027818 1.4108099 -0.7351127
1 -0.3191828 -1.2607216 0.7040411
8 0.1722445 -0.7750454 -0.1147678
5
-114.682     ts77     dynamics     sesquiterpene     TS     runpoint      55     runisomer      62
6 -0.1619360 0.7454202 0.0681449
1 -0.3841937 1.0881821 1.0336830
1 -0.5068690 1.4484477 -0.7984512
1 -0.2356632 -1.3386429 0.5977560
8 0.1645393 -0.7718216 -0.1035519
5
-114.688     ts77     dynamics     sesquiterpene     TS     runpoint      56     runisomer      62
6 -0.1587963 0.7428822 0.0619068
1 -0.3782160 1.0836604 1.0908920
1 -0.5025709 1.4636260 -0.8495270
1 -0.1506400 -1.4038069 0.4876586
8 0.1561816 -0.7664851 -0.0923204
5
-114.677     ts77     dynamics     sesquiterpene     TS     runpoint      57     runisomer      62
6 -0.1559329 0.7388144 0.0552848
1 -0.3711330 1.0753170 1.1406358
1 -0.4888342 1.4521767 -0.8806977
1 -0.0815708 -1.4786365 0.4033705
8 0.1483736 -0.7574729 -0.0832098
5
-114.664     ts77     dynamics     sesquiterpene     TS     runpoint      58     runisomer      62
6 -0.1535576 0.7333096 0.0494519
1 -0.3613151 1.0615285 1.1695107
1 -0.4662585 1.4138131 -0.8891670
1 -0.0316872 -1.5730709 0.3510825
8 0.1414114 -0.7441091 -0.0768236
5
-114.662     ts77     dynamics     sesquiterpene     TS     runpoint      59     runisomer      62
6 -0.1516780 0.7262248 0.0452279
1 -0.3484330 1.0426530 1.1711811
1 -0.4365979 1.3515438 -0.8761659
1 0.0068232 -1.6611889 0.3134002
8 0.1348965 -0.7281298 -0.0722039
5
-114.662     ts77     dynamics     sesquiterpene     TS     runpoint      60     runisomer      62
6 -0.1501308 0.7171599 0.0433351
1 -0.3329896 1.0204121 1.1449072
1 -0.4029820 1.2724061 -0.8483133
1 0.0381219 -1.7157509 0.2780990
8 0.1286765 -0.7115049 -0.0686581
5
-114.661     ts77     dynamics     sesquiterpene     TS     runpoint      61     runisomer      62
6 -0.1485512 0.7053485 0.0446388
1 -0.3162327 0.9978147 1.0956245
1 -0.3704000 1.1886444 -0.8204687
1 0.0627300 -1.7235190 0.2415806
8 0.1228363 -0.6954541 -0.0659833
5
-114.661     ts77     dynamics     sesquiterpene     TS     runpoint      62     runisomer      62
6 -0.1463997 0.6897817 0.0498883
1 -0.3004565 0.9796741 1.0360273
1 -0.3448777 1.1158556 -0.8148419
1 0.0803053 -1.6818630 0.2044123
8 0.1175161 -0.6806713 -0.0641772
5
-114.664     ts77     dynamics     sesquiterpene     TS     runpoint      63     runisomer      62
6 -0.1432651 0.6699264 0.0582640
1 -0.2892939 0.9733125 0.9883974
1 -0.3295192 1.0639286 -0.8457207
1 0.0906572 -1.5988513 0.1699678
8 0.1128440 -0.6673329 -0.0633425
5
-114.669     ts77     dynamics     sesquiterpene     TS     runpoint      64     runisomer      62
6 -0.1391904 0.6463896 0.0666150
1 -0.2865931 0.9869431 0.9768258
1 -0.3218293 1.0306636 -0.9023923
1 0.0936549 -1.5032792 0.1463473
8 0.1089469 -0.6544607 -0.0638191
5
-114.665     ts77     dynamics     sesquiterpene     TS     runpoint      65     runisomer      62
6 -0.1346887 0.6209678 0.0724422
1 -0.2929659 1.0221662 1.0045930
1 -0.3174787 1.0091972 -0.9611338
1 0.0889011 -1.4542023 0.1487765
8 0.1060008 -0.6393483 -0.0663911
5
-114.659     ts77     dynamics     sesquiterpene     TS     runpoint      66     runisomer      62
6 -0.1306143 0.5966501 0.0759304
1 -0.3048297 1.0696841 1.0499044
1 -0.3137229 0.9948635 -1.0035259
1 0.0758709 -1.4832352 0.1870500
8 0.1042797 -0.6213658 -0.0716026
5
-114.665     ts77     dynamics     sesquiterpene     TS     runpoint      67     runisomer      62
6 -0.1278971 0.5770656 0.0783993
1 -0.3179163 1.1168910 1.0891424
1 -0.3096038 0.9857145 -1.0201847
1 0.0551889 -1.5368088 0.2482491
8 0.1041142 -0.6056961 -0.0787341
5
-114.654     ts77     dynamics     sesquiterpene     TS     runpoint      68     runisomer      62
6 -0.1273273 0.5654351 0.0809969
1 -0.3292500 1.1543625 1.1087471
1 -0.3052602 0.9813460 -1.0082733
1 0.0281848 -1.5671033 0.3167965
8 0.1058328 -0.5971473 -0.0869879
5
-114.64     ts77     dynamics     sesquiterpene     TS     runpoint      69     runisomer      62
6 -0.1293948 0.5635916 0.0844691
1 -0.3369284 1.1766097 1.1035820
1 -0.3013426 0.9823177 -0.9695122
1 -0.0038736 -1.5569828 0.3836170
8 0.1096460 -0.5978648 -0.0959199
5
-114.645     ts77     dynamics     sesquiterpene     TS     runpoint      70     runisomer      62
6 -0.1341327 0.5714962 0.0892794
1 -0.3399396 1.1812160 1.0739666
1 -0.2985688 0.9903134 -0.9102061
1 -0.0388880 -1.5040511 0.4435757
8 0.1154261 -0.6079242 -0.1051777
5
-114.667     ts77     dynamics     sesquiterpene     TS     runpoint      71     runisomer      62
6 -0.1410562 0.5872972 0.0957560
1 -0.3385052 1.1688516 1.0253791
1 -0.2978058 1.0088356 -0.8428867
1 -0.0738543 -1.4129403 0.4940739
8 0.1226890 -0.6259074 -0.1143999
5
-114.693     ts77     dynamics     sesquiterpene     TS     runpoint      72     runisomer      62
6 -0.1492441 0.6077255 0.1038998
1 -0.3345839 1.1449434 0.9711760
1 -0.3005179 1.0435995 -0.7864480
1 -0.1071004 -1.2973558 0.5378792
8 0.1308551 -0.6491996 -0.1234114
5
-114.705     ts77     dynamics     sesquiterpene     TS     runpoint      73     runisomer      62
6 -0.1575438 0.6289462 0.1125067
1 -0.3325320 1.1217080 0.9361270
1 -0.3079879 1.0996843 -0.7581283
1 -0.1410523 -1.1797820 0.5872844
8 0.1395669 -0.6745978 -0.1325571
5
-114.701     ts77     dynamics     sesquiterpene     TS     runpoint      74     runisomer      62
6 -0.1649878 0.6480534 0.1186865
1 -0.3377346 1.1137238 0.9494556
1 -0.3193431 1.1751601 -0.7593938
1 -0.1797303 -1.0770204 0.6552771
8 0.1486364 -0.6996606 -0.1422371
5
-114.702     ts77     dynamics     sesquiterpene     TS     runpoint      75     runisomer      62
6 -0.1713387 0.6646618 0.1203810
1 -0.3508140 1.1218492 1.0161411
1 -0.3316255 1.2599045 -0.7757984
1 -0.2192026 -0.9884711 0.7328571
8 0.1574895 -0.7235532 -0.1515636
5
-114.704     ts77     dynamics     sesquiterpene     TS     runpoint      76     runisomer      62
6 -0.1770194 0.6802752 0.1182614
1 -0.3663143 1.1318747 1.1087282
1 -0.3418737 1.3418070 -0.7905962
1 -0.2498789 -0.9105410 0.7974970
8 0.1653109 -0.7459694 -0.1589478
5
-114.69     ts77     dynamics     sesquiterpene     TS     runpoint      77     runisomer      62
6 -0.1824622 0.6961941 0.1138943
1 -0.3788233 1.1318422 1.1967969
1 -0.3482292 1.4115553 -0.7927069
1 -0.2650121 -0.8445162 0.8335837
8 0.1715413 -0.7664649 -0.1633620
5
-114.667     ts77     dynamics     sesquiterpene     TS     runpoint      78     runisomer      62
6 -0.1878625 0.7128918 0.1084739
1 -0.3855396 1.1173499 1.2616938
1 -0.3498981 1.4636724 -0.7772072
1 -0.2620593 -0.7938170 0.8351695
8 0.1759393 -0.7845576 -0.1644616
5
-114.652     ts77     dynamics     sesquiterpene     TS     runpoint      79     runisomer      62
6 -0.1932371 0.7302708 0.1028255
1 -0.3855457 1.0884938 1.2944115
1 -0.3468493 1.4962044 -0.7439986
1 -0.2414897 -0.7620064 0.8033497
8 0.1784867 -0.7998325 -0.1623739
5
-114.648     ts77     dynamics     sesquiterpene     TS     runpoint      80     runisomer      62
6 -0.1984944 0.7478630 0.0976619
1 -0.3789237 1.0472197 1.2915936
1 -0.3396602 1.5108079 -0.6972513
1 -0.2068858 -0.7520910 0.7468114
8 0.1793847 -0.8119760 -0.1577055
5
-114.652     ts77     dynamics     sesquiterpene     TS     runpoint      81     runisomer      62
6 -0.2034621 0.7647908 0.0937539
1 -0.3664067 0.9963360 1.2539753
1 -0.3295489 1.5136768 -0.6458026
1 -0.1671963 -0.7654081 0.6874062
8 0.1791902 -0.8208119 -0.1519030
5
-114.651     ts77     dynamics     sesquiterpene     TS     runpoint      82     runisomer      62
6 -0.2078786 0.7796268 0.0918496
1 -0.3495035 0.9396196 1.1877668
1 -0.3183016 1.5161178 -0.6030072
1 -0.1383430 -0.8003799 0.6648044
8 0.1789162 -0.8263194 -0.1475756
5
-114.646     ts77     dynamics     sesquiterpene     TS     runpoint      83     runisomer      62
6 -0.2114101 0.7906152 0.0919659
1 -0.3310196 0.8824070 1.1093034
1 -0.3075091 1.5309151 -0.5824118
1 -0.1305650 -0.8551555 0.7067835
8 0.1792342 -0.8284387 -0.1466626
5
-114.652     ts77     dynamics     sesquiterpene     TS     runpoint      84     runisomer      62
6 -0.2137297 0.7966341 0.0921353
1 -0.3154108 0.8309878 1.0503307
1 -0.2972504 1.5626251 -0.5884407
1 -0.1321418 -0.9276833 0.7832540
8 0.1794475 -0.8271434 -0.1475138
5
-114.65     ts77     dynamics     sesquiterpene     TS     runpoint      85     runisomer      62
6 -0.2146602 0.7979262 0.0889598
1 -0.3070345 0.7892763 1.0470607
1 -0.2861180 1.6029645 -0.6128617
1 -0.1284973 -1.0105677 0.8503561
8 0.1786910 -0.8228035 -0.1476167
5
-114.646     ts77     dynamics     sesquiterpene     TS     runpoint      86     runisomer      62
6 -0.2143804 0.7954537 0.0816072
1 -0.3061231 0.7582306 1.1005505
1 -0.2726502 1.6386971 -0.6428932
1 -0.1134870 -1.0942694 0.8844479
8 0.1766336 -0.8159712 -0.1457286
5
-114.649     ts77     dynamics     sesquiterpene     TS     runpoint      87     runisomer      62
6 -0.2133045 0.7898760 0.0725372
1 -0.3094814 0.7397342 1.1754661
1 -0.2560323 1.6593638 -0.6686593
1 -0.0863784 -1.1701595 0.8771905
8 0.1732885 -0.8071413 -0.1415664
5
-114.649     ts77     dynamics     sesquiterpene     TS     runpoint      88     runisomer      62
6 -0.2117637 0.7814238 0.0642837
1 -0.3142868 0.7357539 1.2397232
1 -0.2359824 1.6590734 -0.6847174
1 -0.0489933 -1.2311895 0.8286392
8 0.1688217 -0.7966851 -0.1353538
5
-114.651     ts77     dynamics     sesquiterpene     TS     runpoint      89     runisomer      62
6 -0.2099480 0.7700855 0.0583862
1 -0.3189369 0.7466616 1.2764107
1 -0.2124930 1.6359426 -0.6893928
1 -0.0048823 -1.2729155 0.7460037
8 0.1634984 -0.7847788 -0.1277415
5
-114.658     ts77     dynamics     sesquiterpene     TS     runpoint      90     runisomer      62
6 -0.2079677 0.7556561 0.0557605
1 -0.3225793 0.7713928 1.2788015
1 -0.1856209 1.5915972 -0.6842740
1 0.0405322 -1.2973117 0.6473011
8 0.1576920 -0.7711795 -0.1200288
5
-114.665     ts77     dynamics     sesquiterpene     TS     runpoint      91     runisomer      62
6 -0.2059015 0.7377436 0.0570538
1 -0.3247839 0.8079727 1.2460527
1 -0.1552792 1.5311404 -0.6742299
1 0.0806757 -1.3196520 0.5651415
8 0.1518440 -0.7548294 -0.1143939
5
-114.67     ts77     dynamics     sesquiterpene     TS     runpoint      92     runisomer      62
6 -0.2038271 0.7158756 0.0626433
1 -0.3255545 0.8539341 1.1826566
1 -0.1210033 1.4628082 -0.6672099
1 0.1122027 -1.3625017 0.5296961
8 0.1461940 -0.7343124 -0.1128039
