5
-114.654160 ts77 dynamics sesquiterpene TS runpoint 1  runisomer  99
6 -0.0351079 0.6005207 -0.0136643
1 -0.1749450 1.1000471 0.8756345
1 -0.3075790 1.1847516 -0.8446294
1 0.9367480 -0.0816765 0.1303078
8 -0.0302351 -0.7264307 0.0000881
5
-114.645 ts77 dynamics sesquiterpene TS runpoint 2  runisomer  99
6 -0.0343127 0.603825 -0.01086
1 -0.184247 1.02204 0.845543
1 -0.315592 1.18221 -0.870594
1 0.999018 -0.0781046 0.115983
8 -0.0336642 -0.72406 0.00241892
5
-114.636     ts77     dynamics     sesquiterpene     TS     runpoint      3     runisomer      99
6 -0.0322290 0.6069493 -0.0113246
1 -0.2045466 0.9731485 0.8686204
1 -0.3238450 1.1793879 -0.9037553
1 1.0621284 -0.0691453 0.0985436
8 -0.0374049 -0.7237098 0.0045017
5
-114.635     ts77     dynamics     sesquiterpene     TS     runpoint      4     runisomer      99
6 -0.0281882 0.6095089 -0.0153281
1 -0.2365549 0.9540316 0.9417150
1 -0.3301831 1.1736407 -0.9352433
1 1.1167638 -0.0479906 0.0774980
8 -0.0414630 -0.7253973 0.0062097
5
-114.642     ts77     dynamics     sesquiterpene     TS     runpoint      5     runisomer      99
6 -0.0222215 0.6118760 -0.0203347
1 -0.2736102 0.9528837 1.0296284
1 -0.3330799 1.1637178 -0.9585452
1 1.1582744 -0.0077542 0.0530176
8 -0.0460374 -0.7290107 0.0074380
5
-114.642     ts77     dynamics     sesquiterpene     TS     runpoint      6     runisomer      99
6 -0.0145035 0.6139358 -0.0241325
1 -0.3085668 0.9608227 1.1027018
1 -0.3317119 1.1496848 -0.9700769
1 1.1851985 0.0574241 0.0255811
8 -0.0514077 -0.7342796 0.0081383
5
-114.641     ts77     dynamics     sesquiterpene     TS     runpoint      7     runisomer      99
6 -0.0051110 0.6152054 -0.0256148
1 -0.3367543 0.9733777 1.1460117
1 -0.3261278 1.1326275 -0.9689551
1 1.1971934 0.1510449 -0.0040746
8 -0.0577871 -0.7408483 0.0083182
5
-114.645     ts77     dynamics     sesquiterpene     TS     runpoint      8     runisomer      99
6 0.0059391 0.6152742 -0.0243212
1 -0.3554558 0.9880539 1.1537237
1 -0.3175499 1.1144119 -0.9567268
1 1.1938505 0.2733361 -0.0347715
8 -0.0652292 -0.7483830 0.0080242
5
-114.658     ts77     dynamics     sesquiterpene     TS     runpoint      9     runisomer      99
6 0.0185558 0.6140464 -0.0200816
1 -0.3631449 1.0029899 1.1246346
1 -0.3085569 1.0974298 -0.9370687
1 1.1756495 0.4207556 -0.0647162
8 -0.0736302 -0.7566227 0.0073234
5
-114.676     ts77     dynamics     sesquiterpene     TS     runpoint      10     runisomer      99
6 0.0323706 0.6117650 -0.0129437
1 -0.3593315 1.0166599 1.0609212
1 -0.3028732 1.0840568 -0.9150729
1 1.1465593 0.5861590 -0.0916876
8 -0.0827596 -0.7653537 0.0062939
5
-114.695     ts77     dynamics     sesquiterpene     TS     runpoint      11     runisomer      99
6 0.0466686 0.6088266 -0.0033409
1 -0.3453324 1.0284741 0.9696136
1 -0.3044686 1.0756240 -0.8957960
1 1.1152933 0.7606236 -0.1138251
8 -0.0922982 -0.7743571 0.0050209
5
-114.654160 ts77 dynamics sesquiterpene TS runpoint 1  runisomer  99
6 -0.0351079 0.6005207 -0.0136643
1 -0.1749450 1.1000471 0.8756345
1 -0.3075790 1.1847516 -0.8446294
1 0.9367480 -0.0816765 0.1303078
8 -0.0302351 -0.7264307 0.0000881
5
-114.645 ts77 dynamics sesquiterpene TS runpoint 2  runisomer  99
6 -0.0357922 0.598757 -0.0167624
1 -0.170616 1.18849 0.928519
1 -0.30202 1.18999 -0.83409
1 0.888484 -0.0859137 0.143108
8 -0.0273037 -0.730744 -0.00239048
5
-114.643     ts77     dynamics     sesquiterpene     TS     runpoint      3     runisomer      99
6 -0.0373509 0.6001882 -0.0179220
1 -0.1670181 1.2686228 0.9775156
1 -0.2999920 1.1989141 -0.8422318
1 0.8665473 -0.0955097 0.1567217
8 -0.0251071 -0.7368254 -0.0049532
5
-114.636     ts77     dynamics     sesquiterpene     TS     runpoint      4     runisomer      99
6 -0.0402534 0.6056784 -0.0165125
1 -0.1625787 1.3294832 1.0092345
1 -0.3008162 1.2091437 -0.8657325
1 0.8754086 -0.1132432 0.1726925
8 -0.0237160 -0.7443066 -0.0075348
5
-114.632     ts77     dynamics     sesquiterpene     TS     runpoint      5     runisomer      99
6 -0.0444210 0.6153393 -0.0127998
1 -0.1570915 1.3658411 1.0182262
1 -0.3027171 1.2162031 -0.8971006
1 0.9084885 -0.1403814 0.1904527
8 -0.0228993 -0.7525822 -0.0100307
5
-114.633     ts77     dynamics     sesquiterpene     TS     runpoint      6     runisomer      99
6 -0.0494981 0.6288069 -0.0073428
1 -0.1508385 1.3756137 1.0028707
1 -0.3039037 1.2159549 -0.9282896
1 0.9520083 -0.1782808 0.2076842
8 -0.0221510 -0.7608995 -0.0122795
5
-114.637     ts77     dynamics     sesquiterpene     TS     runpoint      7     runisomer      99
6 -0.0551999 0.6455122 -0.0007992
1 -0.1442207 1.3590181 0.9642738
1 -0.3031957 1.2060419 -0.9529954
1 0.9912386 -0.2299102 0.2216757
8 -0.0208064 -0.7685111 -0.0140843
5
-114.645     ts77     dynamics     sesquiterpene     TS     runpoint      8     runisomer      99
6 -0.0614993 0.6646999 0.0059737
1 -0.1377100 1.3196624 0.9077815
1 -0.3001715 1.1862004 -0.9675070
1 1.0141979 -0.3003820 0.2302858
8 -0.0181268 -0.7747378 -0.0152351
5
-114.657     ts77     dynamics     sesquiterpene     TS     runpoint      9     runisomer      99
6 -0.0685579 0.6850809 0.0115659
1 -0.1321260 1.2679124 0.8476061
1 -0.2951188 1.1581488 -0.9709595
1 1.0128511 -0.3957460 0.2322326
8 -0.0134159 -0.7789934 -0.0155448
5
-114.667     ts77     dynamics     sesquiterpene     TS     runpoint      10     runisomer      99
6 -0.0764421 0.7043383 0.0136200
1 -0.1290512 1.2244675 0.8125421
1 -0.2890005 1.1254709 -0.9655633
1 0.9843294 -0.5192956 0.2273277
8 -0.0062827 -0.7808608 -0.0149088
5
-114.673     ts77     dynamics     sesquiterpene     TS     runpoint      11     runisomer      99
6 -0.0849116 0.7197831 0.0098656
1 -0.1299842 1.2112963 0.8349268
1 -0.2835610 1.0933922 -0.9570197
1 0.9351765 -0.6674572 0.2175995
8 0.0028845 -0.7802638 -0.0134294
5
-114.687     ts77     dynamics     sesquiterpene     TS     runpoint      12     runisomer      99
6 -0.0935429 0.7305983 0.0015747
1 -0.1341155 1.2259492 0.9098147
1 -0.2813061 1.0680022 -0.9544470
1 0.8894662 -0.8306883 0.2095507
8 0.0123591 -0.7774187 -0.0115827
5
-114.698     ts77     dynamics     sesquiterpene     TS     runpoint      13     runisomer      99
6 -0.1017890 0.7374785 -0.0071173
1 -0.1396027 1.2486972 0.9992196
1 -0.2846063 1.0542133 -0.9667829
1 0.8793970 -1.0034044 0.2119611
8 0.0197338 -0.7722656 -0.0100702
5
-114.698     ts77     dynamics     sesquiterpene     TS     runpoint      14     runisomer      99
6 -0.1091379 0.7410569 -0.0132682
1 -0.1455129 1.2657850 1.0723844
1 -0.2940868 1.0532010 -0.9954907
1 0.8955600 -1.1806265 0.2230353
8 0.0251992 -0.7647994 -0.0089542
5
-114.689     ts77     dynamics     sesquiterpene     TS     runpoint      15     runisomer      99
6 -0.1153230 0.7418256 -0.0161092
1 -0.1515684 1.2715999 1.1141187
1 -0.3081266 1.0621424 -1.0319854
1 0.9028459 -1.3432124 0.2337224
8 0.0306465 -0.7560633 -0.0078258
5
-114.667     ts77     dynamics     sesquiterpene     TS     runpoint      16     runisomer      99
6 -0.1202873 0.7402136 -0.0160682
1 -0.1576696 1.2646666 1.1188036
1 -0.3239973 1.0764796 -1.0635077
1 0.8839330 -1.4724366 0.2390375
8 0.0369482 -0.7471792 -0.0065003
5
-114.648     ts77     dynamics     sesquiterpene     TS     runpoint      17     runisomer      99
6 -0.1240596 0.7365235 -0.0138723
1 -0.1637454 1.2454772 1.0861875
1 -0.3391316 1.0919940 -1.0795860
1 0.8366426 -1.5577148 0.2378585
8 0.0440952 -0.7388065 -0.0050041
5
-114.642     ts77     dynamics     sesquiterpene     TS     runpoint      18     runisomer      99
6 -0.1266777 0.7308829 -0.0103074
1 -0.1697946 1.2162813 1.0210065
1 -0.3517266 1.1055158 -1.0743949
1 0.7641092 -1.5938874 0.2305828
8 0.0518042 -0.7313093 -0.0034388
5
-114.65     ts77     dynamics     sesquiterpene     TS     runpoint      19     runisomer      99
6 -0.1281445 0.7231184 -0.0064853
1 -0.1761284 1.1826024 0.9363337
1 -0.3609532 1.1149659 -1.0468644
1 0.6709002 -1.5790017 0.2182678
8 0.0597574 -0.7248959 -0.0019286
5
-114.664     ts77     dynamics     sesquiterpene     TS     runpoint      20     runisomer      99
6 -0.1283971 0.7124368 -0.0043289
1 -0.1838241 1.1561998 0.8593994
1 -0.3670901 1.1195179 -1.0007996
1 0.5649918 -1.5182891 0.2035414
8 0.0674900 -0.7193326 -0.0006725
5
-114.668     ts77     dynamics     sesquiterpene     TS     runpoint      21     runisomer      99
6 -0.1272565 0.6973981 -0.0061663
1 -0.1949688 1.1541288 0.8275515
1 -0.3717058 1.1202067 -0.9456961
1 0.4667015 -1.4409881 0.1947501
8 0.0738198 -0.7128354 -0.0002057
5
-114.651     ts77     dynamics     sesquiterpene     TS     runpoint      22     runisomer      99
6 -0.1245349 0.6773992 -0.0117429
1 -0.2106110 1.1818219 0.8534911
1 -0.3779086 1.1205999 -0.8969126
1 0.4153059 -1.4219501 0.2128626
8 0.0763916 -0.7008016 -0.0018712
5
-114.651     ts77     dynamics     sesquiterpene     TS     runpoint      23     runisomer      99
6 -0.1202621 0.6539864 -0.0172563
1 -0.2283626 1.2228988 0.9095060
1 -0.3896679 1.1258468 -0.8706673
1 0.4170776 -1.4887824 0.2691818
8 0.0749334 -0.6819465 -0.0064661
5
-114.676     ts77     dynamics     sesquiterpene     TS     runpoint      24     runisomer      99
6 -0.1147451 0.6298906 -0.0194727
1 -0.2449098 1.2586842 0.9649947
1 -0.4087991 1.1377556 -0.8725478
1 0.4321629 -1.5617008 0.3413378
8 0.0720905 -0.6622828 -0.0127265
5
-114.667     ts77     dynamics     sesquiterpene     TS     runpoint      25     runisomer      99
6 -0.1085729 0.6082544 -0.0175912
1 -0.2582087 1.2786115 1.0035837
1 -0.4327186 1.1510837 -0.8934038
1 0.4405266 -1.5933266 0.4120968
8 0.0692781 -0.6461555 -0.0197146
5
-114.648     ts77     dynamics     sesquiterpene     TS     runpoint      26     runisomer      99
6 -0.1024247 0.5921298 -0.0121438
1 -0.2674625 1.2781697 1.0188566
1 -0.4565501 1.1575743 -0.9187184
1 0.4370965 -1.5701807 0.4738175
8 0.0669654 -0.6359017 -0.0270582
5
-114.64     ts77     dynamics     sesquiterpene     TS     runpoint      27     runisomer      99
6 -0.0968561 0.5838706 -0.0038970
1 -0.2725702 1.2561188 1.0094204
1 -0.4762682 1.1511290 -0.9370467
1 0.4211366 -1.4918751 0.5229258
8 0.0653556 -0.6328473 -0.0345901
