5
-114.654160 ts77 dynamics sesquiterpene TS runpoint 1  runisomer  6
6 -0.0365870 0.6184859 -0.0085104
1 -0.3016056 1.0998857 0.9025203
1 -0.2255129 1.3142229 -0.9080250
1 1.0283253 -0.0996352 -0.0719764
8 -0.0320856 -0.7469251 0.0112672
5
-114.646 ts77 dynamics sesquiterpene TS runpoint 2  runisomer  6
6 -0.033714 0.627636 -0.0147758
1 -0.343893 1.10567 0.895369
1 -0.225715 1.29469 -0.826695
1 1.082 -0.0993954 -0.0940848
8 -0.0349454 -0.752938 0.0126869
5
-114.643     ts77     dynamics     sesquiterpene     TS     runpoint      3     runisomer      6
6 -0.0295659 0.6364491 -0.0200608
1 -0.3846842 1.1126440 0.8958369
1 -0.2274697 1.2709667 -0.7593466
1 1.1210408 -0.0896877 -0.1131132
8 -0.0378352 -0.7591062 0.0135777
5
-114.63     ts77     dynamics     sesquiterpene     TS     runpoint      4     runisomer      6
6 -0.0235619 0.6427604 -0.0217219
1 -0.4206610 1.1177111 0.9004832
1 -0.2366016 1.2633238 -0.7341135
1 1.1418119 -0.0667972 -0.1281490
8 -0.0408047 -0.7651207 0.0138889
5
-114.622     ts77     dynamics     sesquiterpene     TS     runpoint      5     runisomer      6
6 -0.0154396 0.6453244 -0.0184512
1 -0.4484032 1.1185094 0.9055431
1 -0.2565004 1.2814234 -0.7634236
1 1.1439162 -0.0267158 -0.1384726
8 -0.0440286 -0.7707614 0.0136137
5
-114.632     ts77     dynamics     sesquiterpene     TS     runpoint      6     runisomer      6
6 -0.0056731 0.6449451 -0.0116650
1 -0.4650674 1.1139755 0.9080938
1 -0.2822526 1.3107029 -0.8288637
1 1.1294762 0.0348811 -0.1433842
8 -0.0477737 -0.7759174 0.0127955
5
-114.644     ts77     dynamics     sesquiterpene     TS     runpoint      7     runisomer      6
6 0.0049826 0.6428969 -0.0036832
1 -0.4688544 1.1043322 0.9065433
1 -0.3061526 1.3316467 -0.9031793
1 1.1027155 0.1219574 -0.1421436
8 -0.0523375 -0.7805789 0.0115109
5
-114.652     ts77     dynamics     sesquiterpene     TS     runpoint      8     runisomer      6
6 0.0158463 0.6398806 0.0037440
1 -0.4594392 1.0909371 0.9009233
1 -0.3234094 1.3334844 -0.9675121
1 1.0704609 0.2364968 -0.1341827
8 -0.0579619 -0.7848047 0.0098463
5
-114.66     ts77     dynamics     sesquiterpene     TS     runpoint      9     runisomer      6
6 0.0260399 0.6362731 0.0095157
1 -0.4383934 1.0761346 0.8930552
1 -0.3323630 1.3127574 -1.0116010
1 1.0443532 0.3761116 -0.1197181
8 -0.0647272 -0.7886564 0.0078791
5
-114.668     ts77     dynamics     sesquiterpene     TS     runpoint      10     runisomer      6
6 0.0342215 0.6323219 0.0129682
1 -0.4094150 1.0629760 0.8864117
1 -0.3332756 1.2697424 -1.0303962
1 1.0419704 0.5339397 -0.1003021
8 -0.0724835 -0.7920963 0.0056695
5
-114.677     ts77     dynamics     sesquiterpene     TS     runpoint      11     runisomer      6
6 0.0395513 0.6278823 0.0136466
1 -0.3779543 1.0545213 0.8853482
1 -0.3275404 1.2066169 -1.0221134
1 1.0746324 0.7037600 -0.0774749
8 -0.0808843 -0.7949542 0.0032691
5
-114.692     ts77     dynamics     sesquiterpene     TS     runpoint      12     runisomer      6
6 0.0433058 0.6227247 0.0113211
1 -0.3496394 1.0526259 0.8931000
1 -0.3174590 1.1271344 -0.9882194
1 1.1284995 0.8795796 -0.0510933
8 -0.0895146 -0.7970346 0.0007292
5
-114.654160 ts77 dynamics sesquiterpene TS runpoint 1  runisomer  6
6 -0.0365870 0.6184859 -0.0085104
1 -0.3016056 1.0998857 0.9025203
1 -0.2255129 1.3142229 -0.9080250
1 1.0283253 -0.0996352 -0.0719764
8 -0.0320856 -0.7469251 0.0112672
5
-114.646 ts77 dynamics sesquiterpene TS runpoint 2  runisomer  6
6 -0.0387826 0.610666 -0.00322079
1 -0.260243 1.09785 0.91859
1 -0.223699 1.31673 -0.981409
1 0.967901 -0.0941752 -0.0479965
8 -0.0293519 -0.741432 0.00939908
5
-114.642     ts77     dynamics     sesquiterpene     TS     runpoint      3     runisomer      6
6 -0.0410147 0.6053824 0.0002039
1 -0.2209974 1.1002704 0.9414048
1 -0.2193022 1.2976671 -1.0342793
1 0.9132655 -0.0869954 -0.0234929
8 -0.0269853 -0.7368717 0.0071789
5
-114.636     ts77     dynamics     sesquiterpene     TS     runpoint      4     runisomer      6
6 -0.0440701 0.6036159 0.0016058
1 -0.1842731 1.1060093 0.9658670
1 -0.2123354 1.2571070 -1.0601831
1 0.8792632 -0.0819998 0.0005545
8 -0.0253035 -0.7336684 0.0047028
5
-114.632     ts77     dynamics     sesquiterpene     TS     runpoint      5     runisomer      6
6 -0.0484792 0.6059602 0.0011704
1 -0.1503781 1.1131521 0.9860343
1 -0.2033002 1.1978098 -1.0565774
1 0.8764548 -0.0821835 0.0239676
8 -0.0245247 -0.7321292 0.0020569
5
-114.636     ts77     dynamics     sesquiterpene     TS     runpoint      6     runisomer      6
6 -0.0541582 0.6122639 -0.0007149
1 -0.1198688 1.1201582 0.9970642
1 -0.1932184 1.1251000 -1.0249648
1 0.9042621 -0.0888645 0.0470352
8 -0.0245747 -0.7322977 -0.0006691
5
-114.644     ts77     dynamics     sesquiterpene     TS     runpoint      7     runisomer      6
6 -0.0604234 0.6215180 -0.0032490
1 -0.0934989 1.1264441 0.9962071
1 -0.1839915 1.0480613 -0.9739151
1 0.9511371 -0.1021498 0.0696427
8 -0.0250719 -0.7339460 -0.0033550
5
-114.648     ts77     dynamics     sesquiterpene     TS     runpoint      8     runisomer      6
6 -0.0663444 0.6320309 -0.0047695
1 -0.0719930 1.1325387 0.9831890
1 -0.1789212 0.9808421 -0.9246234
1 1.0014179 -0.1222760 0.0909553
8 -0.0254731 -0.7367141 -0.0058426
5
-114.639     ts77     dynamics     sesquiterpene     TS     runpoint      9     runisomer      6
6 -0.0711225 0.6419096 -0.0028629
1 -0.0558107 1.1401277 0.9605957
1 -0.1823562 0.9397342 -0.9101291
1 1.0415131 -0.1506138 0.1097953
8 -0.0252179 -0.7402280 -0.0079512
5
-114.629     ts77     dynamics     sesquiterpene     TS     runpoint      10     runisomer      6
6 -0.0745107 0.6500902 0.0032729
1 -0.0449017 1.1521123 0.9344089
1 -0.1963968 0.9315818 -0.9478149
1 1.0620132 -0.1902059 0.1251107
8 -0.0237716 -0.7441119 -0.0094953
5
-114.635     ts77     dynamics     sesquiterpene     TS     runpoint      11     runisomer      6
6 -0.0770565 0.6567354 0.0109005
1 -0.0385210 1.1722245 0.9132506
1 -0.2180325 0.9488191 -1.0156477
1 1.0573012 -0.2460658 0.1361810
8 -0.0206057 -0.7479315 -0.0103078
5
-114.645     ts77     dynamics     sesquiterpene     TS     runpoint      12     runisomer      6
6 -0.0797436 0.6623981 0.0165195
1 -0.0353922 1.2031000 0.9041743
1 -0.2423792 0.9804462 -1.0807754
1 1.0250057 -0.3248067 0.1426539
8 -0.0152209 -0.7511584 -0.0102554
5
-114.657     ts77     dynamics     sesquiterpene     TS     runpoint      13     runisomer      6
6 -0.0834988 0.6676642 0.0182512
1 -0.0342707 1.2433809 0.9075065
1 -0.2658066 1.0183467 -1.1225746
1 0.9674687 -0.4321551 0.1448426
8 -0.0073757 -0.7532717 -0.0092671
5
-114.671     ts77     dynamics     sesquiterpene     TS     runpoint      14     runisomer      6
6 -0.0888470 0.6731282 0.0158258
1 -0.0344231 1.2871816 0.9167326
1 -0.2862811 1.0570592 -1.1320545
1 0.8989339 -0.5675159 0.1450536
8 0.0022512 -0.7540425 -0.0074440
5
-114.68     ts77     dynamics     sesquiterpene     TS     runpoint      15     runisomer      6
6 -0.0957436 0.6791473 0.0098322
1 -0.0355862 1.3268704 0.9232571
1 -0.3029031 1.0926857 -1.1071825
1 0.8604171 -0.7209914 0.1506448
8 0.0109694 -0.7536357 -0.0052768
5
-114.681     ts77     dynamics     sesquiterpene     TS     runpoint      16     runisomer      6
6 -0.1036586 0.6856417 0.0012458
1 -0.0375855 1.3560593 0.9205425
1 -0.3156427 1.1225307 -1.0511026
1 0.8966611 -0.8876407 0.1709400
8 0.0155479 -0.7517299 -0.0034759
5
-114.702     ts77     dynamics     sesquiterpene     TS     runpoint      17     runisomer      6
6 -0.1118695 0.6922423 -0.0086038
1 -0.0400352 1.3709152 0.9056889
1 -0.3255996 1.1459401 -0.9735608
1 0.9661945 -1.0634337 0.1993249
8 0.0181041 -0.7480183 -0.0018240
5
-114.706     ts77     dynamics     sesquiterpene     TS     runpoint      18     runisomer      6
6 -0.1196353 0.6982397 -0.0178660
1 -0.0422677 1.3703168 0.8797086
1 -0.3359213 1.1665397 -0.8940616
1 1.0154013 -1.2275969 0.2249268
8 0.0216158 -0.7434361 0.0001399
5
-114.684     ts77     dynamics     sesquiterpene     TS     runpoint      19     runisomer      6
6 -0.1261705 0.7023364 -0.0243012
1 -0.0432973 1.3559247 0.8475862
1 -0.3522990 1.1937252 -0.8408679
1 1.0269354 -1.3629866 0.2431834
8 0.0268851 -0.7387861 0.0024906
5
-114.657     ts77     dynamics     sesquiterpene     TS     runpoint      20     runisomer      6
6 -0.1309147 0.7031755 -0.0267279
1 -0.0417361 1.3323820 0.8182012
1 -0.3794751 1.2354818 -0.8340759
1 1.0010436 -1.4607583 0.2530566
8 0.0336847 -0.7344047 0.0051144
5
-114.645     ts77     dynamics     sesquiterpene     TS     runpoint      21     runisomer      6
6 -0.1340107 0.7005488 -0.0265685
1 -0.0359234 1.3067635 0.8027492
1 -0.4150101 1.2853070 -0.8657790
1 0.9422713 -1.5163523 0.2545675
8 0.0415790 -0.7304579 0.0078711
5
-114.646     ts77     dynamics     sesquiterpene     TS     runpoint      22     runisomer      6
6 -0.1360517 0.6952473 -0.0263546
1 -0.0245772 1.2855833 0.8097613
1 -0.4514503 1.3275207 -0.9126551
1 0.8547069 -1.5260580 0.2478435
8 0.0502038 -0.7271959 0.0106459
5
-114.654     ts77     dynamics     sesquiterpene     TS     runpoint      23     runisomer      6
6 -0.1374849 0.6883201 -0.0275292
1 -0.0077929 1.2703224 0.8388689
1 -0.4824539 1.3500203 -0.9556481
1 0.7428294 -1.4875510 0.2334297
8 0.0592196 -0.7248835 0.0133101
5
-114.667     ts77     dynamics     sesquiterpene     TS     runpoint      24     runisomer      6
6 -0.1384662 0.6807407 -0.0301019
1 0.0126039 1.2568769 0.8803325
1 -0.5044609 1.3469178 -0.9836827
1 0.6196873 -1.4098459 0.2149491
8 0.0678122 -0.7230538 0.0155588
5
-114.666     ts77     dynamics     sesquiterpene     TS     runpoint      25     runisomer      6
6 -0.1389794 0.6731431 -0.0333648
1 0.0338757 1.2397378 0.9211749
1 -0.5159297 1.3166970 -0.9913340
1 0.5284050 -1.3435386 0.2078135
8 0.0733266 -0.7185501 0.0163654
5
-114.631     ts77     dynamics     sesquiterpene     TS     runpoint      26     runisomer      6
6 -0.1389183 0.6658243 -0.0364507
1 0.0534368 1.2156074 0.9507729
1 -0.5167581 1.2610015 -0.9773582
1 0.5363136 -1.3843826 0.2427096
8 0.0715990 -0.7054584 0.0137355
5
-114.661     ts77     dynamics     sesquiterpene     TS     runpoint      27     runisomer      6
6 -0.1380588 0.6590490 -0.0384271
1 0.0693706 1.1845397 0.9629102
1 -0.5086242 1.1850711 -0.9452864
1 0.5966652 -1.4738260 0.3042060
8 0.0656317 -0.6879999 0.0085583
5
-114.679     ts77     dynamics     sesquiterpene     TS     runpoint      28     runisomer      6
6 -0.1359756 0.6528527 -0.0381234
1 0.0805840 1.1493185 0.9558692
1 -0.4961655 1.0987831 -0.9059417
1 0.6561948 -1.5349937 0.3661134
8 0.0588231 -0.6718434 0.0023940
5
-114.666     ts77     dynamics     sesquiterpene     TS     runpoint      29     runisomer      6
6 -0.1319812 0.6467615 -0.0340310
1 0.0868990 1.1147682 0.9324983
1 -0.4880261 1.0165546 -0.8795309
1 0.6990986 -1.5452379 0.4183883
8 0.0522080 -0.6592711 -0.0041612
5
-114.651     ts77     dynamics     sesquiterpene     TS     runpoint      30     runisomer      6
6 -0.1254749 0.6401685 -0.0251370
1 0.0893590 1.0876021 0.9010313
1 -0.4937623 0.9514152 -0.8872091
1 0.7223038 -1.5024860 0.4578556
8 0.0460675 -0.6512033 -0.0108536
5
-114.651     ts77     dynamics     sesquiterpene     TS     runpoint      31     runisomer      6
6 -0.1168042 0.6331944 -0.0127898
1 0.0905869 1.0762104 0.8752943
1 -0.5147216 0.9058306 -0.9287803
1 0.7238869 -1.4090902 0.4828669
8 0.0407031 -0.6482658 -0.0174522
5
-114.667     ts77     dynamics     sesquiterpene     TS     runpoint      32     runisomer      6
6 -0.1072533 0.6265064 -0.0003616
1 0.0938186 1.0882404 0.8697796
1 -0.5428840 0.8749777 -0.9815935
1 0.7020646 -1.2702530 0.4926411
8 0.0364803 -0.6508118 -0.0237169
5
-114.688     ts77     dynamics     sesquiterpene     TS     runpoint      33     runisomer      6
6 -0.0980215 0.6208336 0.0095340
1 0.1000303 1.1247047 0.8882231
1 -0.5695180 0.8551868 -1.0228764
1 0.6628214 -1.1010811 0.4920299
8 0.0333105 -0.6582679 -0.0296642
5
-114.697     ts77     dynamics     sesquiterpene     TS     runpoint      34     runisomer      6
6 -0.0897884 0.6170968 0.0161672
1 0.1068233 1.1769666 0.9195355
1 -0.5892819 0.8453393 -1.0395408
1 0.6360738 -0.9340111 0.5051503
8 0.0296333 -0.6686650 -0.0363903
5
-114.684     ts77     dynamics     sesquiterpene     TS     runpoint      35     runisomer      6
6 -0.0829721 0.6163415 0.0197155
1 0.1108044 1.2319820 0.9481230
1 -0.5998810 0.8456520 -1.0266659
1 0.6653510 -0.7959199 0.5705053
8 0.0230886 -0.6802866 -0.0457828
5
-114.688     ts77     dynamics     sesquiterpene     TS     runpoint      36     runisomer      6
6 -0.0778532 0.6193719 0.0204822
1 0.1095100 1.2788512 0.9628892
1 -0.6013566 0.8569509 -0.9850459
1 0.7254125 -0.6789871 0.6655397
8 0.0156361 -0.6935943 -0.0558987
5
-114.686     ts77     dynamics     sesquiterpene     TS     runpoint      37     runisomer      6
6 -0.0744002 0.6262729 0.0189522
1 0.1018006 1.3110750 0.9587054
1 -0.5960620 0.8803572 -0.9206315
1 0.7752801 -0.5834661 0.7487260
8 0.0100530 -0.7082960 -0.0637883
5
-114.671     ts77     dynamics     sesquiterpene     TS     runpoint      38     runisomer      6
6 -0.0721785 0.6364112 0.0160307
1 0.0878100 1.3259429 0.9352746
1 -0.5896244 0.9174981 -0.8457527
1 0.7999699 -0.5146157 0.8026888
8 0.0073041 -0.7235180 -0.0682386
5
-114.658     ts77     dynamics     sesquiterpene     TS     runpoint      39     runisomer      6
6 -0.0703740 0.6486126 0.0130001
1 0.0689453 1.3239277 0.8967559
1 -0.5918036 0.9710275 -0.7792688
1 0.7966983 -0.4755557 0.8227652
8 0.0074791 -0.7383800 -0.0689927
5
-114.653     ts77     dynamics     sesquiterpene     TS     runpoint      40     runisomer      6
6 -0.0682069 0.6614046 0.0106579
1 0.0479863 1.3090747 0.8526852
1 -0.6125931 1.0431198 -0.7385028
1 0.7661800 -0.4679833 0.8084016
8 0.0104036 -0.7520610 -0.0661236
5
-114.659     ts77     dynamics     sesquiterpene     TS     runpoint      41     runisomer      6
6 -0.0658056 0.6735738 0.0079586
1 0.0288466 1.2896182 0.8186952
1 -0.6523151 1.1297001 -0.7248318
1 0.7107386 -0.4931665 0.7612606
8 0.0158018 -0.7638333 -0.0598495
