5
-114.654160 ts77 dynamics sesquiterpene TS runpoint 1  runisomer  100
6 -0.0517874 0.6528380 0.0188380
1 -0.2089193 1.1890200 0.9193541
1 -0.1575878 1.0520386 -0.9931243
1 1.0388120 -0.0778462 -0.0644251
8 -0.0314633 -0.7631655 -0.0054262
5
-114.646 ts77 dynamics sesquiterpene TS runpoint 2  runisomer  100
6 -0.044656 0.636555 0.0198457
1 -0.214395 1.18223 0.912123
1 -0.20177 1.11444 -1.03732
1 1.00601 -0.0644188 -0.0401242
8 -0.0316175 -0.7553 -0.00447279
5
-114.647     ts77     dynamics     sesquiterpene     TS     runpoint      3     runisomer      100
6 -0.0365374 0.6199897 0.0179070
1 -0.2239352 1.1792734 0.9125518
1 -0.2457436 1.1719955 -1.0593624
1 0.9696306 -0.0449722 -0.0146809
8 -0.0320459 -0.7475376 -0.0032597
5
-114.643     ts77     dynamics     sesquiterpene     TS     runpoint      4     runisomer      100
6 -0.0282275 0.6046133 0.0129349
1 -0.2366155 1.1775253 0.9178456
1 -0.2860298 1.2174507 -1.0532042
1 0.9417096 -0.0177581 0.0107396
8 -0.0331841 -0.7404708 -0.0018534
5
-114.639     ts77     dynamics     sesquiterpene     TS     runpoint      5     runisomer      100
6 -0.0206099 0.5918309 0.0054782
1 -0.2508131 1.1733357 0.9234852
1 -0.3198663 1.2462661 -1.0187291
1 0.9354773 0.0191725 0.0354972
8 -0.0354811 -0.7347606 -0.0003460
5
-114.639     ts77     dynamics     sesquiterpene     TS     runpoint      6     runisomer      100
6 -0.0143183 0.5826354 -0.0036850
1 -0.2647563 1.1636369 0.9257169
1 -0.3452000 1.2560190 -0.9594721
1 0.9602562 0.0689950 0.0594421
8 -0.0392887 -0.7310056 0.0011453
5
-114.646     ts77     dynamics     sesquiterpene     TS     runpoint      7     runisomer      100
6 -0.0093065 0.5772239 -0.0136183
1 -0.2770296 1.1468327 0.9228918
1 -0.3610413 1.2467990 -0.8825525
1 1.0159558 0.1370263 0.0821793
8 -0.0447879 -0.7295948 0.0024957
5
-114.659     ts77     dynamics     sesquiterpene     TS     runpoint      8     runisomer      100
6 -0.0046820 0.5749089 -0.0230643
1 -0.2868366 1.1229108 0.9157268
1 -0.3685964 1.2229218 -0.8002550
1 1.0921738 0.2287993 0.1022145
8 -0.0519678 -0.7306306 0.0035866
5
-114.67     ts77     dynamics     sesquiterpene     TS     runpoint      9     runisomer      100
6 0.0010609 0.5742912 -0.0302927
1 -0.2940274 1.0931375 0.9069454
1 -0.3732473 1.1955044 -0.7318255
1 1.1730303 0.3458300 0.1171258
8 -0.0606268 -0.7339400 0.0043131
5
-114.672     ts77     dynamics     sesquiterpene     TS     runpoint      10     runisomer      100
6 0.0096032 0.5736834 -0.0334360
1 -0.2989691 1.0596160 0.9004640
1 -0.3847030 1.1810327 -0.6998517
1 1.2431680 0.4840758 0.1245919
8 -0.0704236 -0.7391730 0.0045946
5
-114.673     ts77     dynamics     sesquiterpene     TS     runpoint      11     runisomer      100
6 0.0219933 0.5722841 -0.0318107
1 -0.3023614 1.0247313 0.9002026
1 -0.4092646 1.1879397 -0.7143797
1 1.2912151 0.6359613 0.1232961
8 -0.0809881 -0.7459332 0.0043899
5
-114.68     ts77     dynamics     sesquiterpene     TS     runpoint      12     runisomer      100
6 0.0380380 0.5709492 -0.0267839
1 -0.3051605 0.9903460 0.9087671
1 -0.4416813 1.2063711 -0.7621215
1 1.3103359 0.7929987 0.1132842
8 -0.0920140 -0.7538235 0.0037185
5
-114.686     ts77     dynamics     sesquiterpene     TS     runpoint      13     runisomer      100
6 0.0570703 0.5710339 -0.0205572
1 -0.3089634 0.9567122 0.9263315
1 -0.4721369 1.2209507 -0.8201556
1 1.2973074 0.9472560 0.0957462
8 -0.1033158 -0.7624097 0.0027034
5
-114.686     ts77     dynamics     sesquiterpene     TS     runpoint      14     runisomer      100
6 0.0783727 0.5735168 -0.0146653
1 -0.3156486 0.9231348 0.9498730
1 -0.4939204 1.2217744 -0.8704758
1 1.2525271 1.0903542 0.0720190
8 -0.1146857 -0.7712286 0.0014659
5
-114.682     ts77     dynamics     sesquiterpene     TS     runpoint      15     runisomer      100
6 0.1008753 0.5789477 -0.0097193
1 -0.3254814 0.8892653 0.9742530
1 -0.5038938 1.2048687 -0.9029504
1 1.1802967 1.2135193 0.0436575
8 -0.1257719 -0.7798681 0.0000537
5
-114.676     ts77     dynamics     sesquiterpene     TS     runpoint      16     runisomer      100
6 0.1232553 0.5874994 -0.0058571
1 -0.3373450 0.8550644 0.9940413
1 -0.5015370 1.1699407 -0.9128427
1 1.0886347 1.3099441 0.0126934
8 -0.1361912 -0.7880067 -0.0015141
5
-114.671     ts77     dynamics     sesquiterpene     TS     runpoint      17     runisomer      100
6 0.1440360 0.5989482 -0.0030411
1 -0.3495486 0.8210558 1.0049297
1 -0.4882938 1.1189242 -0.8990548
1 0.9892298 1.3765939 -0.0184297
8 -0.1455870 -0.7954426 -0.0032187
5
-114.666     ts77     dynamics     sesquiterpene     TS     runpoint      18     runisomer      100
6 0.1617035 0.6125496 -0.0011149
1 -0.3604785 0.7884023 1.0044570
1 -0.4677116 1.0556863 -0.8639515
1 0.8972421 1.4160976 -0.0472205
8 -0.1536573 -0.8020988 -0.0050305
5
-114.654160 ts77 dynamics sesquiterpene TS runpoint 1  runisomer  100
6 -0.0517874 0.6528380 0.0188380
1 -0.2089193 1.1890200 0.9193541
1 -0.1575878 1.0520386 -0.9931243
1 1.0388120 -0.0778462 -0.0644251
8 -0.0314633 -0.7631655 -0.0054262
5
-114.646 ts77 dynamics sesquiterpene TS runpoint 2  runisomer  100
6 -0.0573506 0.667438 0.0161932
1 -0.207492 1.19993 0.933108
1 -0.117229 0.995695 -0.943277
1 1.0595 -0.087184 -0.0862276
8 -0.031226 -0.770667 -0.00607579
5
-114.637     ts77     dynamics     sesquiterpene     TS     runpoint      3     runisomer      100
6 -0.0610573 0.6790833 0.0145853
1 -0.2094321 1.2131829 0.9486137
1 -0.0840673 0.9588467 -0.9165120
1 1.0631090 -0.0947228 -0.1042808
8 -0.0306412 -0.7774409 -0.0063965
5
-114.625     ts77     dynamics     sesquiterpene     TS     runpoint      4     runisomer      100
6 -0.0630029 0.6870588 0.0163840
1 -0.2138880 1.2264079 0.9602723
1 -0.0588517 0.9504420 -0.9366227
1 1.0476559 -0.1032780 -0.1176008
8 -0.0295160 -0.7831885 -0.0063762
5
-114.626     ts77     dynamics     sesquiterpene     TS     runpoint      5     runisomer      100
6 -0.0635618 0.6916745 0.0210621
1 -0.2201904 1.2378445 0.9644123
1 -0.0405191 0.9678218 -0.9942416
1 1.0136034 -0.1163970 -0.1256075
8 -0.0277098 -0.7876403 -0.0060128
5
-114.635     ts77     dynamics     sesquiterpene     TS     runpoint      6     runisomer      100
6 -0.0631853 0.6938073 0.0261774
1 -0.2279858 1.2467199 0.9600903
1 -0.0285113 1.0018104 -1.0590856
1 0.9637738 -0.1387144 -0.1283763
8 -0.0251193 -0.7905331 -0.0053199
5
-114.639     ts77     dynamics     sesquiterpene     TS     runpoint      7     runisomer      100
6 -0.0624439 0.6943577 0.0297163
1 -0.2372604 1.2531276 0.9485897
1 -0.0224781 1.0438803 -1.1071202
1 0.9038713 -0.1762429 -0.1269657
8 -0.0216968 -0.7916350 -0.0043150
5
-114.642     ts77     dynamics     sesquiterpene     TS     runpoint      8     runisomer      100
6 -0.0620521 0.6941924 0.0306084
1 -0.2482967 1.2577612 0.9326804
1 -0.0216339 1.0876568 -1.1260002
1 0.8437523 -0.2355616 -0.1237021
8 -0.0175615 -0.7908222 -0.0030003
5
-114.645     ts77     dynamics     sesquiterpene     TS     runpoint      9     runisomer      100
6 -0.0626907 0.6941044 0.0284386
1 -0.2615973 1.2615212 0.9157867
1 -0.0248412 1.1283248 -1.1113703
1 0.8001414 -0.3198156 -0.1223948
8 -0.0132961 -0.7882458 -0.0013144
5
-114.649     ts77     dynamics     sesquiterpene     TS     runpoint      10     runisomer      100
6 -0.0647153 0.6945542 0.0232383
1 -0.2777036 1.2650027 0.9010313
1 -0.0309398 1.1623706 -1.0643213
1 0.7997838 -0.4228959 -0.1284271
8 -0.0103570 -0.7844528 0.0009316
5
-114.66     ts77     dynamics     sesquiterpene     TS     runpoint      11     runisomer      100
6 -0.0680085 0.6953951 0.0155077
1 -0.2968717 1.2678822 0.8903510
1 -0.0389241 1.1883114 -0.9915663
1 0.8640831 -0.5370807 -0.1461435
8 -0.0102279 -0.7797050 0.0039353
5
-114.685     ts77     dynamics     sesquiterpene     TS     runpoint      12     runisomer      100
6 -0.0721828 0.6959514 0.0064689
1 -0.3187915 1.2685427 0.8842144
1 -0.0477340 1.2085184 -0.9077629
1 0.9666224 -0.6677694 -0.1715908
8 -0.0116231 -0.7732026 0.0074248
5
-114.7     ts77     dynamics     sesquiterpene     TS     runpoint      13     runisomer      100
6 -0.0769077 0.6951977 -0.0017593
1 -0.3426643 1.2644398 0.8820724
1 -0.0559120 1.2315320 -0.8372224
1 1.0582046 -0.8146378 -0.1960051
8 -0.0118313 -0.7645759 0.0108256
5
-114.691     ts77     dynamics     sesquiterpene     TS     runpoint      14     runisomer      100
6 -0.0820011 0.6919843 -0.0069162
1 -0.3675008 1.2530449 0.8831428
1 -0.0617557 1.2696345 -0.8054067
1 1.1103035 -0.9665292 -0.2137492
8 -0.0093612 -0.7542777 0.0137406
5
-114.678     ts77     dynamics     sesquiterpene     TS     runpoint      15     runisomer      100
6 -0.0873031 0.6860749 -0.0085145
1 -0.3924452 1.2327263 0.8868948
1 -0.0640721 1.3249574 -0.8169824
1 1.1140752 -1.1104208 -0.2227164
8 -0.0039045 -0.7429849 0.0159984
5
-114.675     ts77     dynamics     sesquiterpene     TS     runpoint      16     runisomer      100
6 -0.0925969 0.6786076 -0.0080740
1 -0.4169040 1.2031284 0.8929306
1 -0.0626264 1.3836249 -0.8531679
1 1.0702498 -1.2351605 -0.2226660
8 0.0042764 -0.7313557 0.0175632
5
-114.674     ts77     dynamics     sesquiterpene     TS     runpoint      17     runisomer      100
6 -0.0976139 0.6709676 -0.0073285
1 -0.4405783 1.1651138 0.9007322
1 -0.0579010 1.4294732 -0.8927819
1 0.9833854 -1.3315830 -0.2142181
8 0.0147050 -0.7200432 0.0184752
5
-114.674     ts77     dynamics     sesquiterpene     TS     runpoint      18     runisomer      100
6 -0.1020681 0.6641157 -0.0073762
1 -0.4635018 1.1204329 0.9096283
1 -0.0507211 1.4526045 -0.9223180
1 0.8601627 -1.3922697 -0.1986646
8 0.0268006 -0.7097212 0.0188296
5
-114.677     ts77     dynamics     sesquiterpene     TS     runpoint      19     runisomer      100
6 -0.1057187 0.6586081 -0.0087436
1 -0.4859919 1.0713196 0.9187626
1 -0.0420158 1.4488683 -0.9349246
1 0.7116206 -1.4141724 -0.1787793
8 0.0397663 -0.7008789 0.0188210
5
-114.682     ts77     dynamics     sesquiterpene     TS     runpoint      20     runisomer      100
6 -0.1084623 0.6546385 -0.0115465
1 -0.5084130 1.0202744 0.9269665
1 -0.0326778 1.4178990 -0.9281602
1 0.5596964 -1.4092652 -0.1612176
8 0.0522189 -0.6930428 0.0188728
5
-114.676     ts77     dynamics     sesquiterpene     TS     runpoint      21     runisomer      100
6 -0.1103909 0.6520159 -0.0155127
1 -0.5308892 0.9700529 0.9327496
1 -0.0233821 1.3627157 -0.9035184
1 0.4399075 -1.4223977 -0.1597307
8 0.0620424 -0.6836063 0.0198363
5
-114.665     ts77     dynamics     sesquiterpene     TS     runpoint      22     runisomer      100
6 -0.1117876 0.6502272 -0.0199006
1 -0.5532738 0.9237445 0.9345506
1 -0.0142593 1.2912637 -0.8681920
1 0.3657580 -1.4958980 -0.1860053
8 0.0685951 -0.6702126 0.0224422
5
-114.674     ts77     dynamics     sesquiterpene     TS     runpoint      23     runisomer      100
6 -0.1130899 0.6484991 -0.0233418
1 -0.5754431 0.8847093 0.9311539
1 -0.0043435 1.2187198 -0.8383472
1 0.3081793 -1.5886666 -0.2313371
8 0.0739690 -0.6560412 0.0262111
