5
-114.654160 ts77 dynamics sesquiterpene TS runpoint 1  runisomer  127
6 -0.0472322 0.6441359 -0.0048440
1 -0.2087994 1.0744225 0.8843746
1 -0.1768990 1.2246240 -0.9037915
1 0.9770388 -0.0676094 -0.0340512
8 -0.0297789 -0.7609359 0.0070034
5
-114.647 ts77 dynamics sesquiterpene TS runpoint 2  runisomer  127
6 -0.0422341 0.638979 -0.00242998
1 -0.217863 0.997576 0.854611
1 -0.170867 1.20816 -0.915525
1 0.93739 -0.03908 -0.0582193
8 -0.0308396 -0.752985 0.00932978
5
-114.634     ts77     dynamics     sesquiterpene     TS     runpoint      3     runisomer      127
6 -0.0359089 0.6315345 -0.0047964
1 -0.2417482 0.9545347 0.8880838
1 -0.1683992 1.1901371 -0.9282664
1 0.9096299 -0.0070993 -0.0815438
8 -0.0324873 -0.7455677 0.0112694
5
-114.637     ts77     dynamics     sesquiterpene     TS     runpoint      4     runisomer      127
6 -0.0289623 0.6229228 -0.0105623
1 -0.2778026 0.9401417 0.9677457
1 -0.1702477 1.1715706 -0.9399420
1 0.9056976 0.0297823 -0.1040979
8 -0.0350630 -0.7393539 0.0127330
5
-114.644     ts77     dynamics     sesquiterpene     TS     runpoint      5     runisomer      127
6 -0.0224243 0.6145256 -0.0163183
1 -0.3161248 0.9418106 1.0527207
1 -0.1775154 1.1538239 -0.9496838
1 0.9334547 0.0747054 -0.1256327
8 -0.0388443 -0.7348714 0.0136689
5
-114.644     ts77     dynamics     sesquiterpene     TS     runpoint      6     runisomer      127
6 -0.0165692 0.6067461 -0.0199657
1 -0.3488762 0.9519529 1.1165116
1 -0.1913375 1.1381423 -0.9570106
1 0.9920957 0.1335127 -0.1450141
8 -0.0439964 -0.7323898 0.0140702
5
-114.644     ts77     dynamics     sesquiterpene     TS     runpoint      7     runisomer      127
6 -0.0108117 0.5992946 -0.0208293
1 -0.3717550 0.9668519 1.1477705
1 -0.2124769 1.1251893 -0.9611488
1 1.0717987 0.2129442 -0.1602268
8 -0.0505628 -0.7319267 0.0139681
5
-114.65     ts77     dynamics     sesquiterpene     TS     runpoint      8     runisomer      127
6 -0.0042565 0.5918702 -0.0189710
1 -0.3826025 0.9842193 1.1429349
1 -0.2409267 1.1147631 -0.9608050
1 1.1579414 0.3162465 -0.1690589
8 -0.0584323 -0.7333026 0.0134144
5
-114.659     ts77     dynamics     sesquiterpene     TS     runpoint      9     runisomer      127
6 0.0037991 0.5845616 -0.0147644
1 -0.3804603 1.0021381 1.1023624
1 -0.2757152 1.1058262 -0.9544463
1 1.2359311 0.4410092 -0.1698715
8 -0.0673327 -0.7362472 0.0124654
5
-114.671     ts77     dynamics     sesquiterpene     TS     runpoint      10     runisomer      127
6 0.0137197 0.5778496 -0.0087672
1 -0.3654553 1.0190306 1.0298652
1 -0.3149394 1.0968288 -0.9409296
1 1.2941959 0.5806965 -0.1620306
8 -0.0769210 -0.7405098 0.0111884
5
-114.682     ts77     dynamics     sesquiterpene     TS     runpoint      11     runisomer      127
6 0.0256564 0.5723389 -0.0018502
1 -0.3396157 1.0346464 0.9348308
1 -0.3560003 1.0861368 -0.9202095
1 1.3251570 0.7270812 -0.1459805
8 -0.0868675 -0.7459085 0.0096697
5
-114.688     ts77     dynamics     sesquiterpene     TS     runpoint      12     runisomer      127
6 0.0398193 0.5683593 0.0045215
1 -0.3087807 1.0525988 0.8361381
1 -0.3960041 1.0723573 -0.8938905
1 1.3249158 0.8717223 -0.1232004
8 -0.0969014 -0.7522998 0.0080149
5
-114.683     ts77     dynamics     sesquiterpene     TS     runpoint      13     runisomer      127
6 0.0568103 0.5656019 0.0083428
1 -0.2844482 1.0830725 0.7625293
1 -0.4324896 1.0543044 -0.8654704
1 1.2925461 1.0067717 -0.0964546
8 -0.1068435 -0.7595238 0.0063113
5
-114.674     ts77     dynamics     sesquiterpene     TS     runpoint      14     runisomer      127
6 0.0782448 0.5636980 0.0082005
1 -0.2817619 1.1361856 0.7353577
1 -0.4676482 1.0295365 -0.8373269
1 1.2289840 1.1258971 -0.0685200
8 -0.1168752 -0.7673879 0.0045971
5
-114.669     ts77     dynamics     sesquiterpene     TS     runpoint      15     runisomer      127
6 0.1017440 0.5634437 0.0038804
1 -0.2941762 1.2036072 0.7529802
1 -0.4969536 1.0029100 -0.8132604
1 1.1417526 1.2209079 -0.0394548
8 -0.1263804 -0.7757546 0.0033812
5
-114.679     ts77     dynamics     sesquiterpene     TS     runpoint      16     runisomer      127
6 0.1266825 0.5660562 -0.0014340
1 -0.3200018 1.2666383 0.7887086
1 -0.5250356 0.9718051 -0.7937949
1 1.0421706 1.2873276 -0.0155043
8 -0.1354188 -0.7839120 0.0023813
5
-114.672     ts77     dynamics     sesquiterpene     TS     runpoint      17     runisomer      127
6 0.1506817 0.5722038 -0.0062775
1 -0.3519113 1.3107502 0.8263387
1 -0.5515769 0.9378674 -0.7789036
1 0.9456958 1.3248088 0.0008700
8 -0.1436621 -0.7915277 0.0016739
5
-114.654160 ts77 dynamics sesquiterpene TS runpoint 1  runisomer  127
6 -0.0472322 0.6441359 -0.0048440
1 -0.2087994 1.0744225 0.8843746
1 -0.1768990 1.2246240 -0.9037915
1 0.9770388 -0.0676094 -0.0340512
8 -0.0297789 -0.7609359 0.0070034
5
-114.647 ts77 dynamics sesquiterpene TS runpoint 2  runisomer  127
6 -0.0510062 0.647616 -0.00927404
1 -0.207416 1.16889 0.946013
1 -0.186164 1.23907 -0.896006
1 1.01698 -0.0934831 -0.00915968
8 -0.0289673 -0.768779 0.00438428
5
-114.65     ts77     dynamics     sesquiterpene     TS     runpoint      3     runisomer      127
6 -0.0537231 0.6505591 -0.0126941
1 -0.2072937 1.2599810 1.0044506
1 -0.1985066 1.2510145 -0.8941468
1 1.0479730 -0.1174206 0.0160135
8 -0.0281109 -0.7759712 0.0015646
5
-114.64     ts77     dynamics     sesquiterpene     TS     runpoint      4     runisomer      127
6 -0.0554394 0.6536918 -0.0136818
1 -0.2056667 1.3343631 1.0418086
1 -0.2136347 1.2594074 -0.8980769
1 1.0636091 -0.1406532 0.0408073
8 -0.0269574 -0.7820732 -0.0013617
5
-114.628     ts77     dynamics     sesquiterpene     TS     runpoint      5     runisomer      127
6 -0.0562769 0.6574607 -0.0119333
1 -0.2016956 1.3852445 1.0516489
1 -0.2309586 1.2624976 -0.9058027
1 1.0600924 -0.1655064 0.0644811
8 -0.0252644 -0.7867349 -0.0042986
5
-114.623     ts77     dynamics     sesquiterpene     TS     runpoint      6     runisomer      127
6 -0.0565378 0.6622554 -0.0076754
1 -0.1952343 1.4093135 1.0328372
1 -0.2496317 1.2583696 -0.9145371
1 1.0359476 -0.1959610 0.0863479
8 -0.0227763 -0.7896691 -0.0071354
5
-114.627     ts77     dynamics     sesquiterpene     TS     runpoint      7     runisomer      127
6 -0.0567336 0.6684717 -0.0013936
1 -0.1863655 1.4053294 0.9871701
1 -0.2687144 1.2456190 -0.9218061
1 0.9920756 -0.2380819 0.1058951
8 -0.0192199 -0.7906243 -0.0097430
5
-114.641     ts77     dynamics     sesquiterpene     TS     runpoint      8     runisomer      127
6 -0.0575405 0.6764126 0.0061771
1 -0.1753887 1.3745907 0.9198931
1 -0.2873927 1.2238554 -0.9262043
1 0.9326835 -0.2996627 0.1230292
8 -0.0143863 -0.7893924 -0.0119861
5
-114.66     ts77     dynamics     sesquiterpene     TS     runpoint      9     runisomer      127
6 -0.0595992 0.6858956 0.0137893
1 -0.1632379 1.3239250 0.8432925
1 -0.3052132 1.1939617 -0.9277106
1 0.8686340 -0.3870976 0.1388104
8 -0.0084479 -0.7859196 -0.0137695
5
-114.67     ts77     dynamics     sesquiterpene     TS     runpoint      10     runisomer      127
6 -0.0631318 0.6954925 0.0191376
1 -0.1523910 1.2714470 0.7835451
1 -0.3222669 1.1581645 -0.9275984
1 0.8256059 -0.4980884 0.1575741
8 -0.0026942 -0.7805627 -0.0152078
5
-114.661     ts77     dynamics     sesquiterpene     TS     runpoint      11     runisomer      127
6 -0.0677216 0.7023344 0.0189886
1 -0.1466567 1.2459229 0.7797312
1 -0.3393232 1.1198630 -0.9280827
1 0.8449713 -0.6213792 0.1890049
8 0.0002436 -0.7739041 -0.0168058
5
-114.667     ts77     dynamics     sesquiterpene     TS     runpoint      12     runisomer      127
6 -0.0727629 0.7047679 0.0125073
1 -0.1466709 1.2572304 0.8447827
1 -0.3579254 1.0831592 -0.9321322
1 0.9259770 -0.7573071 0.2359516
8 0.0000959 -0.7655638 -0.0187452
5
-114.701     ts77     dynamics     sesquiterpene     TS     runpoint      13     runisomer      127
6 -0.0778836 0.7040099 0.0031299
1 -0.1488411 1.2827064 0.9423196
1 -0.3800922 1.0519446 -0.9426981
1 1.0108855 -0.9051575 0.2853634
8 0.0001224 -0.7553167 -0.0203034
5
-114.703     ts77     dynamics     sesquiterpene     TS     runpoint      14     runisomer      127
6 -0.0827682 0.7014670 -0.0056671
1 -0.1506608 1.3013907 1.0337467
1 -0.4071971 1.0285610 -0.9603158
1 1.0613721 -1.0516548 0.3262490
8 0.0024284 -0.7438816 -0.0209296
5
-114.682     ts77     dynamics     sesquiterpene     TS     runpoint      15     runisomer      127
6 -0.0871645 0.6978013 -0.0122547
1 -0.1515536 1.3045386 1.0984560
1 -0.4389484 1.0131175 -0.9814411
1 1.0661967 -1.1831950 0.3541911
8 0.0074797 -0.7320685 -0.0204944
5
-114.661     ts77     dynamics     sesquiterpene     TS     runpoint      16     runisomer      127
6 -0.0909494 0.6933160 -0.0162620
1 -0.1517480 1.2901187 1.1278831
1 -0.4734528 1.0040611 -0.9996329
1 1.0260102 -1.2897167 0.3681823
8 0.0150380 -0.7205133 -0.0190771
5
-114.651     ts77     dynamics     sesquiterpene     TS     runpoint      17     runisomer      127
6 -0.0940753 0.6882609 -0.0178223
1 -0.1516826 1.2588358 1.1193665
1 -0.5081694 0.9992220 -1.0082936
1 0.9449951 -1.3635998 0.3684546
8 0.0246721 -0.7097891 -0.0168410
5
-114.656     ts77     dynamics     sesquiterpene     TS     runpoint      18     runisomer      127
6 -0.0965124 0.6829196 -0.0172107
1 -0.1518677 1.2129278 1.0739503
1 -0.5408856 0.9965564 -1.0027281
1 0.8283938 -1.3985530 0.3558608
8 0.0359214 -0.7005185 -0.0139947
5
-114.674     ts77     dynamics     sesquiterpene     TS     runpoint      19     runisomer      127
6 -0.0982332 0.6774562 -0.0148979
1 -0.1529105 1.1568287 0.9977914
1 -0.5702474 0.9945499 -0.9810547
1 0.6848352 -1.3919451 0.3331127
8 0.0481741 -0.6931750 -0.0108640
5
-114.695     ts77     dynamics     sesquiterpene     TS     runpoint      20     runisomer      127
6 -0.0992272 0.6715118 -0.0120293
1 -0.1557096 1.0997055 0.9079121
1 -0.5959353 0.9925189 -0.9446132
1 0.5348886 -1.3567231 0.3100148
8 0.0601634 -0.6872076 -0.0081939
5
-114.685     ts77     dynamics     sesquiterpene     TS     runpoint      21     runisomer      127
6 -0.0994186 0.6638327 -0.0111212
1 -0.1620284 1.0590145 0.8406451
1 -0.6189263 0.9907569 -0.8982417
1 0.4209176 -1.3476911 0.3150074
8 0.0693351 -0.6793413 -0.0078730
5
-114.65     ts77     dynamics     sesquiterpene     TS     runpoint      22     runisomer      127
6 -0.0985675 0.6530001 -0.0149920
1 -0.1744593 1.0548805 0.8395332
1 -0.6420690 0.9905563 -0.8501848
1 0.3636037 -1.4207552 0.3770694
8 0.0745490 -0.6663368 -0.0118372
5
-114.67     ts77     dynamics     sesquiterpene     TS     runpoint      23     runisomer      127
6 -0.0965419 0.6399142 -0.0222630
1 -0.1926739 1.0853906 0.9009642
1 -0.6702056 0.9938990 -0.8104054
1 0.3223699 -1.5124277 0.4671720
8 0.0785473 -0.6528764 -0.0184363
5
-114.681     ts77     dynamics     sesquiterpene     TS     runpoint      24     runisomer      127
6 -0.0936079 0.6273867 -0.0285253
1 -0.2124576 1.1294456 0.9819259
1 -0.7076157 1.0019838 -0.7853785
1 0.2759023 -1.5677233 0.5559297
8 0.0828765 -0.6432785 -0.0260080
5
-114.667     ts77     dynamics     sesquiterpene     TS     runpoint      25     runisomer      127
6 -0.0904086 0.6178470 -0.0311531
1 -0.2299268 1.1705151 1.0511350
1 -0.7539469 1.0134005 -0.7735231
1 0.2199891 -1.5701613 0.6310004
8 0.0880192 -0.6392752 -0.0338735
5
-114.654     ts77     dynamics     sesquiterpene     TS     runpoint      26     runisomer      127
6 -0.0878552 0.6127613 -0.0296610
1 -0.2426452 1.2001032 1.0948434
1 -0.8036353 1.0244517 -0.7675382
1 0.1553313 -1.5192645 0.6871612
8 0.0941082 -0.6412270 -0.0416629
5
-114.654     ts77     dynamics     sesquiterpene     TS     runpoint      27     runisomer      127
6 -0.0867910 0.6127926 -0.0244738
1 -0.2492955 1.2140329 1.1083249
1 -0.8491278 1.0311982 -0.7599570
1 0.0848301 -1.4194824 0.7210955
8 0.1010364 -0.6488408 -0.0490198
5
-114.668     ts77     dynamics     sesquiterpene     TS     runpoint      28     runisomer      127
6 -0.0877895 0.6179381 -0.0162348
1 -0.2492333 1.2101977 1.0909767
1 -0.8839762 1.0310588 -0.7460409
1 0.0126651 -1.2801314 0.7326590
8 0.1085225 -0.6612309 -0.0557138
5
-114.69     ts77     dynamics     sesquiterpene     TS     runpoint      29     runisomer      127
6 -0.0911264 0.6275969 -0.0057185
1 -0.2421348 1.1881660 1.0452714
1 -0.9041611 1.0233889 -0.7241011
1 -0.0581369 -1.1209840 0.7331318
8 0.1163105 -0.6766337 -0.0621367
5
-114.704     ts77     dynamics     sesquiterpene     TS     runpoint      30     runisomer      127
6 -0.0967394 0.6407113 0.0059294
1 -0.2282006 1.1504110 0.9789346
1 -0.9086338 1.0094569 -0.6951785
1 -0.1306620 -0.9696695 0.7519649
8 0.1244954 -0.6927505 -0.0697065
5
-114.707     ts77     dynamics     sesquiterpene     TS     runpoint      31     runisomer      127
6 -0.1041350 0.6557711 0.0167580
1 -0.2088895 1.1055806 0.9108471
1 -0.8998677 0.9922285 -0.6629219
1 -0.2093075 -0.8381814 0.8045266
8 0.1332293 -0.7084254 -0.0788876
5
-114.7     ts77     dynamics     sesquiterpene     TS     runpoint      32     runisomer      127
6 -0.1123411 0.6706016 0.0237285
1 -0.1872262 1.0715118 0.8769348
1 -0.8843230 0.9759469 -0.6335145
1 -0.2847990 -0.7249051 0.8627017
8 0.1417966 -0.7235170 -0.0875017
5
-114.674     ts77     dynamics     sesquiterpene     TS     runpoint      33     runisomer      127
6 -0.1202120 0.6831104 0.0243891
1 -0.1648872 1.0650417 0.9114657
1 -0.8720283 0.9655255 -0.6149872
1 -0.3454157 -0.6334140 0.8991652
8 0.1493388 -0.7376021 -0.0936403
5
-114.659     ts77     dynamics     sesquiterpene     TS     runpoint      34     runisomer      127
6 -0.1268988 0.6930960 0.0205784
1 -0.1398166 1.0809263 0.9999320
1 -0.8735134 0.9653344 -0.6144824
1 -0.3856464 -0.5681740 0.9032389
8 0.1554042 -0.7501939 -0.0966459
5
-114.656     ts77     dynamics     sesquiterpene     TS     runpoint      35     runisomer      127
6 -0.1319637 0.7014250 0.0161362
1 -0.1115257 1.1034281 1.0991603
1 -0.8929399 0.9769177 -0.6328460
1 -0.4043192 -0.5314377 0.8735186
8 0.1598211 -0.7609058 -0.0965386
5
-114.652     ts77     dynamics     sesquiterpene     TS     runpoint      36     runisomer      127
6 -0.1355867 0.7087921 0.0129882
1 -0.0822298 1.1227067 1.1794681
1 -0.9242072 0.9978436 -0.6622817
1 -0.4025035 -0.5243569 0.8135428
8 0.1625477 -0.7694133 -0.0936068
5
-114.649     ts77     dynamics     sesquiterpene     TS     runpoint      37     runisomer      127
6 -0.1383114 0.7157370 0.0112780
1 -0.0546271 1.1343286 1.2271886
1 -0.9560897 1.0235506 -0.6914220
1 -0.3839493 -0.5481586 0.7323824
8 0.1636915 -0.7754763 -0.0883844
5
-114.647     ts77     dynamics     sesquiterpene     TS     runpoint      38     runisomer      127
6 -0.1405870 0.7227092 0.0105622
1 -0.0309067 1.1362747 1.2370009
1 -0.9789004 1.0497204 -0.7111029
1 -0.3595045 -0.6024607 0.6499839
8 0.1638018 -0.7790571 -0.0820364
5
-114.642     ts77     dynamics     sesquiterpene     TS     runpoint      39     runisomer      127
6 -0.1426376 0.7298868 0.0104924
1 -0.0125824 1.1278233 1.2076942
1 -0.9868417 1.0732601 -0.7161972
1 -0.3550091 -0.6817619 0.6047141
8 0.1644029 -0.7803964 -0.0769666
5
-114.641     ts77     dynamics     sesquiterpene     TS     runpoint      40     runisomer      127
6 -0.1445258 0.7369298 0.0109839
1 -0.0004012 1.1099729 1.1415232
1 -0.9778499 1.0924354 -0.7052609
1 -0.3967332 -0.7819698 0.6288900
8 0.1671140 -0.7794491 -0.0753826
5
-114.67     ts77     dynamics     sesquiterpene     TS     runpoint      41     runisomer      127
6 -0.1462204 0.7430252 0.0119003
1 0.0060898 1.0864343 1.0467590
1 -0.9533123 1.1068900 -0.6801663
1 -0.4624306 -0.9035152 0.6892554
8 0.1705693 -0.7757906 -0.0754881
5
-114.691     ts77     dynamics     sesquiterpene     TS     runpoint      42     runisomer      127
6 -0.1476364 0.7470079 0.0123033
1 0.0098838 1.0650593 0.9445389
1 -0.9183741 1.1178392 -0.6464098
1 -0.5166147 -1.0354163 0.7395842
8 0.1726049 -0.7698113 -0.0746519
5
-114.681     ts77     dynamics     sesquiterpene     TS     runpoint      43     runisomer      127
6 -0.1487161 0.7471546 0.0098274
1 0.0185185 1.0600503 0.8759397
1 -0.8824297 1.1284773 -0.6134665
1 -0.5429478 -1.1631766 0.7594560
8 0.1722657 -0.7622253 -0.0718045
5
-114.656     ts77     dynamics     sesquiterpene     TS     runpoint      44     runisomer      127
6 -0.1492635 0.7416822 0.0025057
1 0.0410845 1.0854016 0.8791632
1 -0.8578938 1.1437699 -0.5932969
1 -0.5375369 -1.2752202 0.7438983
8 0.1693684 -0.7536195 -0.0668111
5
-114.656     ts77     dynamics     sesquiterpene     TS     runpoint      45     runisomer      127
6 -0.1484356 0.7306072 -0.0072347
1 0.0760892 1.1354898 0.9366181
1 -0.8541716 1.1677062 -0.5945507
1 -0.5015685 -1.3628595 0.6938195
8 0.1640397 -0.7444532 -0.0598938
5
-114.672     ts77     dynamics     sesquiterpene     TS     runpoint      46     runisomer      127
6 -0.1456821 0.7155751 -0.0156001
1 0.1140430 1.1922247 1.0035961
1 -0.8692854 1.1983002 -0.6152919
1 -0.4386665 -1.4194611 0.6127423
8 0.1565709 -0.7351115 -0.0514282
5
-114.682     ts77     dynamics     sesquiterpene     TS     runpoint      47     runisomer      127
6 -0.1414754 0.6984441 -0.0209687
1 0.1477006 1.2421635 1.0522167
1 -0.8916510 1.2273771 -0.6449995
1 -0.3554684 -1.4416188 0.5073689
8 0.1474611 -0.7258428 -0.0419575
5
-114.685     ts77     dynamics     sesquiterpene     TS     runpoint      48     runisomer      127
6 -0.1366301 0.6807053 -0.0231968
1 0.1734169 1.2780399 1.0711296
1 -0.9094850 1.2459713 -0.6728479
1 -0.2653063 -1.4360923 0.3914421
8 0.1376486 -0.7163160 -0.0324250
5
-114.675     ts77     dynamics     sesquiterpene     TS     runpoint      49     runisomer      127
6 -0.1317758 0.6634248 -0.0225826
1 0.1896629 1.2959753 1.0570653
1 -0.9154166 1.2478913 -0.6917562
1 -0.1929068 -1.4357467 0.2898543
8 0.1287961 -0.7046256 -0.0244134
5
-114.655     ts77     dynamics     sesquiterpene     TS     runpoint      50     runisomer      127
6 -0.1273154 0.6474347 -0.0195182
1 0.1961119 1.2939542 1.0106174
1 -0.9063194 1.2302409 -0.6983858
1 -0.1608467 -1.4901443 0.2221958
8 0.1224502 -0.6879638 -0.0191108
5
-114.663     ts77     dynamics     sesquiterpene     TS     runpoint      51     runisomer      127
6 -0.1235761 0.6335575 -0.0144631
1 0.1935828 1.2719943 0.9356760
1 -0.8823919 1.1931977 -0.6924825
1 -0.1579132 -1.5810205 0.1737133
8 0.1181123 -0.6681100 -0.0155045
5
-114.677     ts77     dynamics     sesquiterpene     TS     runpoint      52     runisomer      127
6 -0.1209303 0.6224484 -0.0080882
1 0.1849662 1.2339499 0.8416369
1 -0.8470639 1.1400100 -0.6769860
1 -0.1662066 -1.6564662 0.1281600
8 0.1149669 -0.6492739 -0.0124749
5
-114.674     ts77     dynamics     sesquiterpene     TS     runpoint      53     runisomer      127
6 -0.1198554 0.6139322 -0.0016168
1 0.1774801 1.1918050 0.7485364
1 -0.8077994 1.0773857 -0.6589648
1 -0.1789425 -1.6904733 0.0816239
8 0.1129615 -0.6341423 -0.0096734
5
-114.657     ts77     dynamics     sesquiterpene     TS     runpoint      54     runisomer      127
6 -0.1209983 0.6064651 0.0029475
1 0.1849311 1.1697137 0.6899846
1 -0.7766173 1.0153962 -0.6501549
1 -0.1947002 -1.6760553 0.0347796
8 0.1123797 -0.6241518 -0.0070178
5
-114.64     ts77     dynamics     sesquiterpene     TS     runpoint      55     runisomer      127
6 -0.1247652 0.5985926 0.0043499
1 0.2201931 1.1890340 0.6911582
1 -0.7666932 0.9646421 -0.6635502
1 -0.2130269 -1.6132621 -0.0113300
8 0.1135158 -0.6202232 -0.0044002
5
-114.653     ts77     dynamics     sesquiterpene     TS     runpoint      56     runisomer      127
6 -0.1305430 0.5918276 0.0041832
1 0.2772101 1.2381180 0.7342412
1 -0.7828546 0.9304762 -0.7037104
1 -0.2348302 -1.5102038 -0.0563980
8 0.1166526 -0.6225819 -0.0016249
5
-114.677     ts77     dynamics     sesquiterpene     TS     runpoint      57     runisomer      127
6 -0.1377162 0.5889229 0.0042463
1 0.3387135 1.2903575 0.7848858
1 -0.8162529 0.9106766 -0.7607359
1 -0.2694946 -1.3974714 -0.1023287
8 0.1224504 -0.6295505 0.0016178
5
-114.675     ts77     dynamics     sesquiterpene     TS     runpoint      58     runisomer      127
6 -0.1462806 0.5913254 0.0048518
1 0.3916926 1.3288031 0.8212961
1 -0.8524538 0.9001134 -0.8183418
1 -0.3446990 -1.3315540 -0.1580705
8 0.1325592 -0.6372647 0.0060053
5
-114.672     ts77     dynamics     sesquiterpene     TS     runpoint      59     runisomer      127
6 -0.1563380 0.5992109 0.0057205
1 0.4291198 1.3464578 0.8335703
1 -0.8801712 0.8949479 -0.8635693
1 -0.4704164 -1.3172318 -0.2304798
8 0.1474155 -0.6448725 0.0119860
5
-114.685     ts77     dynamics     sesquiterpene     TS     runpoint      60     runisomer      127
6 -0.1677684 0.6119773 0.0066357
1 0.4477184 1.3418184 0.8181062
1 -0.8929641 0.8933311 -0.8891679
1 -0.6063162 -1.3022070 -0.3064241
8 0.1641911 -0.6550055 0.0186665
5
-114.684     ts77     dynamics     sesquiterpene     TS     runpoint      61     runisomer      127
6 -0.1801858 0.6284270 0.0075423
1 0.4466842 1.3166061 0.7749037
1 -0.8882032 0.8947751 -0.8924995
1 -0.7185208 -1.2630045 -0.3722167
8 0.1803450 -0.6683229 0.0250596
5
-114.68     ts77     dynamics     sesquiterpene     TS     runpoint      62     runisomer      127
6 -0.1930898 0.6470009 0.0084266
1 0.4281184 1.2759845 0.7077571
1 -0.8665518 0.8996829 -0.8747487
1 -0.7913427 -1.1988858 -0.4209060
8 0.1944224 -0.6840507 0.0305716
5
-114.681     ts77     dynamics     sesquiterpene     TS     runpoint      63     runisomer      127
6 -0.2061546 0.6657840 0.0091239
1 0.3998589 1.2309038 0.6269564
1 -0.8324574 0.9093169 -0.8416370
1 -0.8181510 -1.1159937 -0.4493664
8 0.2055469 -0.7011356 0.0348429
5
-114.68     ts77     dynamics     sesquiterpene     TS     runpoint      64     runisomer      127
6 -0.2196050 0.6822708 0.0091768
1 0.3803569 1.2010980 0.5526654
1 -0.7951516 0.9260920 -0.8053542
1 -0.7965322 -1.0222791 -0.4562461
8 0.2131555 -0.7185926 0.0376276
5
-114.672     ts77     dynamics     sesquiterpene     TS     runpoint      65     runisomer      127
6 -0.2339931 0.6938025 0.0084210
1 0.3952433 1.2093960 0.5080734
1 -0.7679536 0.9536112 -0.7846322
1 -0.7282369 -0.9270768 -0.4420027
8 0.2169978 -0.7355038 0.0387981
5
-114.674     ts77     dynamics     sesquiterpene     TS     runpoint      66     runisomer      127
6 -0.2484228 0.6997182 0.0083510
1 0.4493201 1.2580328 0.4944487
1 -0.7614184 0.9945775 -0.7959028
1 -0.6248166 -0.8422165 -0.4120861
8 0.2174906 -0.7509385 0.0385304
