5
-114.654160 ts77 dynamics sesquiterpene TS runpoint 1  runisomer  144
6 -0.0357335 0.6325944 0.0076824
1 -0.3214157 1.1198959 0.8841879
1 -0.1843425 1.1332042 -0.9101651
1 1.0150384 -0.0904803 -0.1332953
8 -0.0332351 -0.7479410 0.0042715
5
-114.649 ts77 dynamics sesquiterpene TS runpoint 2  runisomer  144
6 -0.0361826 0.616602 0.0100296
1 -0.309685 1.12184 0.873809
1 -0.173328 1.21699 -0.956568
1 0.963303 -0.0701535 -0.144247
8 -0.0310713 -0.742626 0.00677838
5
-114.648     ts77     dynamics     sesquiterpene     TS     runpoint      3     runisomer      144
6 -0.0362130 0.6016576 0.0099630
1 -0.3018280 1.1321959 0.8807839
1 -0.1631618 1.2901061 -0.9917506
1 0.9176598 -0.0469308 -0.1523436
8 -0.0293076 -0.7381369 0.0091155
5
-114.638     ts77     dynamics     sesquiterpene     TS     runpoint      4     runisomer      144
6 -0.0365977 0.5896362 0.0073537
1 -0.2961967 1.1471329 0.8997605
1 -0.1533101 1.3430790 -1.0065976
1 0.8927347 -0.0209052 -0.1595862
8 -0.0284243 -0.7350365 0.0112699
5
-114.629     ts77     dynamics     sesquiterpene     TS     runpoint      5     runisomer      144
6 -0.0379345 0.5819748 0.0029032
1 -0.2902309 1.1607387 0.9218396
1 -0.1443359 1.3712062 -0.9988137
1 0.8999398 0.0091470 -0.1676708
8 -0.0288164 -0.7338129 0.0132375
5
-114.626     ts77     dynamics     sesquiterpene     TS     runpoint      6     runisomer      144
6 -0.0401525 0.5792452 -0.0026584
1 -0.2819165 1.1680012 0.9394114
1 -0.1373380 1.3726450 -0.9693364
1 0.9410628 0.0472619 -0.1764956
8 -0.0307080 -0.7347153 0.0150028
5
-114.633     ts77     dynamics     sesquiterpene     TS     runpoint      7     runisomer      144
6 -0.0423566 0.5810185 -0.0088154
1 -0.2702304 1.1661219 0.9480438
1 -0.1338278 1.3479171 -0.9214686
1 1.0073439 0.1001810 -0.1839024
8 -0.0341888 -0.7377037 0.0165305
5
-114.646     ts77     dynamics     sesquiterpene     TS     runpoint      8     runisomer      144
6 -0.0432162 0.5860900 -0.0150588
1 -0.2550104 1.1545595 0.9465226
1 -0.1358126 1.3010672 -0.8622678
1 1.0852346 0.1741645 -0.1870491
8 -0.0392868 -0.7424898 0.0177814
5
-114.659     ts77     dynamics     sesquiterpene     TS     runpoint      9     runisomer      144
6 -0.0414580 0.5926208 -0.0204293
1 -0.2368250 1.1347378 0.9364640
1 -0.1461273 1.2427408 -0.8061930
1 1.1619757 0.2713826 -0.1837990
8 -0.0459379 -0.7485917 0.0187074
5
-114.664     ts77     dynamics     sesquiterpene     TS     runpoint      10     runisomer      144
6 -0.0360104 0.5981748 -0.0231999
1 -0.2169740 1.1098203 0.9219819
1 -0.1691837 1.1925345 -0.7781120
1 1.2272551 0.3892039 -0.1732186
8 -0.0539370 -0.7554495 0.0192637
5
-114.662     ts77     dynamics     sesquiterpene     TS     runpoint      11     runisomer      144
6 -0.0259765 0.6006496 -0.0218931
1 -0.1975117 1.0844040 0.9092789
1 -0.2103935 1.1686240 -0.8013022
1 1.2730941 0.5219910 -0.1555693
8 -0.0629830 -0.7625662 0.0194346
5
-114.671     ts77     dynamics     sesquiterpene     TS     runpoint      12     runisomer      144
6 -0.0110727 0.6001306 -0.0176796
1 -0.1811369 1.0636661 0.9054473
1 -0.2699822 1.1660889 -0.8681835
1 1.2938236 0.6628013 -0.1320763
8 -0.0727490 -0.7695827 0.0192514
5
-114.684     ts77     dynamics     sesquiterpene     TS     runpoint      13     runisomer      144
6 0.0081147 0.5981979 -0.0135217
1 -0.1707065 1.0513426 0.9152359
1 -0.3399010 1.1659798 -0.9474072
1 1.2862268 0.8042107 -0.1046420
8 -0.0829184 -0.7762599 0.0187791
5
-114.687     ts77     dynamics     sesquiterpene     TS     runpoint      14     runisomer      144
6 0.0305876 0.5962715 -0.0113722
1 -0.1683457 1.0474590 0.9373307
1 -0.4103329 1.1559621 -1.0133535
1 1.2497957 0.9387745 -0.0755817
8 -0.0931937 -0.7824178 0.0180992
5
-114.683     ts77     dynamics     sesquiterpene     TS     runpoint      15     runisomer      144
6 0.0552152 0.5953803 -0.0117095
1 -0.1748634 1.0480617 0.9646998
1 -0.4739867 1.1321903 -1.0526677
1 1.1872140 1.0597091 -0.0472293
8 -0.1033061 -0.7879093 0.0173193
5
-114.676     ts77     dynamics     sesquiterpene     TS     runpoint      16     runisomer      144
6 0.0808642 0.5963722 -0.0142670
1 -0.1909159 1.0478283 0.9887558
1 -0.5268377 1.0946608 -1.0594738
1 1.1050102 1.1613492 -0.0217270
8 -0.1130284 -0.7926784 0.0165439
5
-114.668     ts77     dynamics     sesquiterpene     TS     runpoint      17     runisomer      144
6 0.1059818 0.5996032 -0.0169575
1 -0.2175768 1.0450876 1.0006011
1 -0.5649276 1.0420708 -1.0346268
1 1.0156607 1.2416371 -0.0071219
8 -0.1221630 -0.7966746 0.0153307
5
-114.654160 ts77 dynamics sesquiterpene TS runpoint 1  runisomer  144
6 -0.0357335 0.6325944 0.0076824
1 -0.3214157 1.1198959 0.8841879
1 -0.1843425 1.1332042 -0.9101651
1 1.0150384 -0.0904803 -0.1332953
8 -0.0332351 -0.7479410 0.0042715
5
-114.649 ts77 dynamics sesquiterpene TS runpoint 2  runisomer  144
6 -0.0342133 0.64762 0.00479783
1 -0.336277 1.12587 0.909178
1 -0.199136 1.05484 -0.87419
1 1.0604 -0.107436 -0.118299
8 -0.0353658 -0.753583 0.00164926
5
-114.639     ts77     dynamics     sesquiterpene     TS     runpoint      3     runisomer      144
6 -0.0310916 0.6599092 0.0046123
1 -0.3515469 1.1362323 0.9394164
1 -0.2235099 0.9998689 -0.8795122
1 1.0909280 -0.1205546 -0.0990689
8 -0.0371331 -0.7591647 -0.0009937
5
-114.63     ts77     dynamics     sesquiterpene     TS     runpoint      4     runisomer      144
6 -0.0262733 0.6689795 0.0085812
1 -0.3643318 1.1472983 0.9648662
1 -0.2604189 0.9730134 -0.9349641
1 1.1018808 -0.1296487 -0.0760851
8 -0.0383073 -0.7644016 -0.0035306
5
-114.634     ts77     dynamics     sesquiterpene     TS     runpoint      5     runisomer      144
6 -0.0204455 0.6755443 0.0148197
1 -0.3727092 1.1565614 0.9788157
1 -0.3042012 0.9650357 -1.0126183
1 1.0915849 -0.1350826 -0.0501615
8 -0.0387434 -0.7690650 -0.0058325
5
-114.635     ts77     dynamics     sesquiterpene     TS     runpoint      6     runisomer      144
6 -0.0145645 0.6802508 0.0208784
1 -0.3758730 1.1628033 0.9784589
1 -0.3464608 0.9671644 -1.0812078
1 1.0609802 -0.1380235 -0.0223090
8 -0.0383646 -0.7729382 -0.0077907
5
-114.632     ts77     dynamics     sesquiterpene     TS     runpoint      7     runisomer      144
6 -0.0094399 0.6834142 0.0252034
1 -0.3740253 1.1659942 0.9644273
1 -0.3811548 0.9748450 -1.1231169
1 1.0137209 -0.1406617 0.0063634
8 -0.0371631 -0.7758295 -0.0093203
5
-114.629     ts77     dynamics     sesquiterpene     TS     runpoint      8     runisomer      144
6 -0.0057501 0.6852456 0.0268841
1 -0.3683086 1.1672712 0.9404034
1 -0.4047125 0.9858345 -1.1311380
1 0.9565648 -0.1464211 0.0348277
8 -0.0352062 -0.7776144 -0.0103581
5
-114.63     ts77     dynamics     sesquiterpene     TS     runpoint      9     runisomer      144
6 -0.0041168 0.6860363 0.0252751
1 -0.3606761 1.1688416 0.9126308
1 -0.4151650 0.9987882 -1.1037923
1 0.8993966 -0.1600494 0.0624807
8 -0.0326517 -0.7782629 -0.0108689
5
-114.634     ts77     dynamics     sesquiterpene     TS     runpoint      10     runisomer      144
6 -0.0050732 0.6861932 0.0199530
1 -0.3533511 1.1734171 0.8886201
1 -0.4119324 1.0128635 -1.0437870
1 0.8539349 -0.1871501 0.0895883
8 -0.0297359 -0.7778483 -0.0108548
5
-114.641     ts77     dynamics     sesquiterpene     TS     runpoint      11     runisomer      144
6 -0.0088885 0.6861199 0.0110727
1 -0.3477257 1.1828659 0.8745998
1 -0.3967230 1.0282836 -0.9597298
1 0.8307309 -0.2328226 0.1175530
8 -0.0267246 -0.7764820 -0.0103705
5
-114.651     ts77     dynamics     sesquiterpene     TS     runpoint      12     runisomer      144
6 -0.0152990 0.6858935 0.0000352
1 -0.3433213 1.1966948 0.8728359
1 -0.3758387 1.0484387 -0.8709900
1 0.8357463 -0.3004111 0.1485559
8 -0.0238267 -0.7741942 -0.0095269
5
-114.657     ts77     dynamics     sesquiterpene     TS     runpoint      13     runisomer      144
6 -0.0233078 0.6848745 -0.0101512
1 -0.3379918 1.2118054 0.8811340
1 -0.3621527 1.0831320 -0.8108980
1 0.8678214 -0.3920399 0.1843935
8 -0.0210393 -0.7707927 -0.0084556
5
-114.661     ts77     dynamics     sesquiterpene     TS     runpoint      14     runisomer      144
6 -0.0317707 0.6820812 -0.0165772
1 -0.3293479 1.2239150 0.8949540
1 -0.3678441 1.1438032 -0.8081450
1 0.9170526 -0.5093810 0.2248543
8 -0.0179796 -0.7658882 -0.0072320
5
-114.679     ts77     dynamics     sesquiterpene     TS     runpoint      15     runisomer      144
6 -0.0406569 0.6778857 -0.0195683
1 -0.3159465 1.2292802 0.9097757
1 -0.3891272 1.2240954 -0.8519778
1 0.9662675 -0.6513948 0.2668116
8 -0.0139200 -0.7591884 -0.0058070
5
-114.698     ts77     dynamics     sesquiterpene     TS     runpoint      16     runisomer      144
6 -0.0505135 0.6738159 -0.0212751
1 -0.2974685 1.2256383 0.9220206
1 -0.4133690 1.3030725 -0.9101779
1 0.9972683 -0.8112791 0.3052868
8 -0.0081177 -0.7508054 -0.0040581
5
-114.7     ts77     dynamics     sesquiterpene     TS     runpoint      17     runisomer      144
6 -0.0614699 0.6709790 -0.0231205
1 -0.2744188 1.2125612 0.9294484
1 -0.4320732 1.3641023 -0.9601584
1 0.9972765 -0.9768685 0.3355280
8 -0.0001759 -0.7412622 -0.0019006
5
-114.691     ts77     dynamics     sesquiterpene     TS     runpoint      18     runisomer      144
6 -0.0732553 0.6697479 -0.0256688
1 -0.2478270 1.1914736 0.9316228
1 -0.4415094 1.3986468 -0.9912429
1 0.9612563 -1.1339241 0.3544184
8 0.0098512 -0.7312881 0.0006381
5
-114.681     ts77     dynamics     sesquiterpene     TS     runpoint      19     runisomer      144
6 -0.0854545 0.6700301 -0.0291086
1 -0.2189762 1.1653859 0.9301231
1 -0.4403622 1.4032891 -0.9992834
1 0.8908416 -1.2694022 0.3608426
8 0.0215470 -0.7216095 0.0034108
5
-114.676     ts77     dynamics     sesquiterpene     TS     runpoint      20     runisomer      144
6 -0.0976514 0.6714946 -0.0334878
1 -0.1891146 1.1382893 0.9281317
1 -0.4285527 1.3775420 -0.9836255
1 0.7922633 -1.3734999 0.3555446
8 0.0342794 -0.7128181 0.0061648
5
-114.676     ts77     dynamics     sesquiterpene     TS     runpoint      21     runisomer      144
6 -0.1094611 0.6736503 -0.0386214
1 -0.1591895 1.1141829 0.9291261
1 -0.4072520 1.3236763 -0.9470044
1 0.6747261 -1.4412044 0.3410693
8 0.0473138 -0.7052537 0.0085542
5
-114.681     ts77     dynamics     sesquiterpene     TS     runpoint      22     runisomer      144
6 -0.1204921 0.6757083 -0.0436992
1 -0.1297567 1.0960227 0.9348899
1 -0.3798517 1.2487678 -0.8984818
1 0.5496686 -1.4749813 0.3222539
8 0.0598851 -0.6988040 0.0101249
5
-114.68     ts77     dynamics     sesquiterpene     TS     runpoint      23     runisomer      144
6 -0.1302157 0.6762616 -0.0466840
1 -0.1011885 1.0852817 0.9441507
1 -0.3534787 1.1685152 -0.8596181
1 0.4296578 -1.4888440 0.3070770
8 0.0712764 -0.6926108 0.0102847
5
-114.667     ts77     dynamics     sesquiterpene     TS     runpoint      24     runisomer      144
6 -0.1380138 0.6734304 -0.0443460
1 -0.0739693 1.0824582 0.9532349
1 -0.3379186 1.1056585 -0.8649117
1 0.3231990 -1.5062889 0.3054219
8 0.0811342 -0.6852473 0.0083930
5
-114.657     ts77     dynamics     sesquiterpene     TS     runpoint      25     runisomer      144
6 -0.1439210 0.6666611 -0.0351467
1 -0.0486615 1.0878984 0.9585215
1 -0.3363149 1.0696944 -0.9299136
1 0.2268783 -1.5395490 0.3223511
8 0.0899344 -0.6761481 0.0041838
5
-114.67     ts77     dynamics     sesquiterpene     TS     runpoint      26     runisomer      144
6 -0.1489724 0.6575287 -0.0216089
1 -0.0255659 1.1020635 0.9583570
1 -0.3410235 1.0478960 -1.0245117
1 0.1301065 -1.5741634 0.3535463
8 0.0986576 -0.6666330 -0.0019709
5
-114.677     ts77     dynamics     sesquiterpene     TS     runpoint      27     runisomer      144
6 -0.1542618 0.6476976 -0.0070341
1 -0.0045399 1.1251277 0.9527329
1 -0.3443926 1.0278485 -1.1112274
1 0.0267543 -1.5878443 0.3911850
8 0.1080218 -0.6585831 -0.0094627
5
-114.673     ts77     dynamics     sesquiterpene     TS     runpoint      28     runisomer      144
6 -0.1605015 0.6381382 0.0065566
1 0.0148711 1.1564458 0.9421339
1 -0.3429377 1.0051045 -1.1688337
1 -0.0832432 -1.5672924 0.4291147
8 0.1183148 -0.6532437 -0.0177554
5
-114.67     ts77     dynamics     sesquiterpene     TS     runpoint      29     runisomer      144
6 -0.1680614 0.6294176 0.0181429
1 0.0331880 1.1942232 0.9267081
1 -0.3357065 0.9796049 -1.1886905
1 -0.1964052 -1.5089821 0.4632689
8 0.1295022 -0.6511473 -0.0263793
5
-114.675     ts77     dynamics     sesquiterpene     TS     runpoint      30     runisomer      144
6 -0.1770525 0.6219908 0.0272048
1 0.0507950 1.2355148 0.9060776
1 -0.3228705 0.9530225 -1.1687647
1 -0.3075292 -1.4158658 0.4909513
8 0.1413269 -0.6523663 -0.0348802
5
-114.686     ts77     dynamics     sesquiterpene     TS     runpoint      31     runisomer      144
6 -0.1873720 0.6162824 0.0335116
1 0.0678545 1.2766055 0.8797572
1 -0.3053476 0.9280128 -1.1114282
1 -0.4110440 -1.2955095 0.5106228
8 0.1534073 -0.6566770 -0.0428077
5
-114.7     ts77     dynamics     sesquiterpene     TS     runpoint      32     runisomer      144
6 -0.1986883 0.6126224 0.0372164
1 0.0843435 1.3136602 0.8478542
1 -0.2850352 0.9085544 -1.0250066
1 -0.5020685 -1.1587448 0.5217864
8 0.1653084 -0.6636549 -0.0497282
5
-114.706     ts77     dynamics     sesquiterpene     TS     runpoint      33     runisomer      144
6 -0.2104487 0.6110626 0.0393221
1 0.1001788 1.3434532 0.8116984
1 -0.2651597 0.9011699 -0.9291646
1 -0.5766733 -1.0176113 0.5243522
8 0.1765768 -0.6727875 -0.0552332
5
-114.697     ts77     dynamics     sesquiterpene     TS     runpoint      34     runisomer      144
6 -0.2219809 0.6111138 0.0422082
1 0.1154237 1.3640083 0.7741871
1 -0.2497721 0.9163366 -0.8600939
1 -0.6318213 -0.8833998 0.5181429
8 0.1867681 -0.6835313 -0.0589982
5
-114.676     ts77     dynamics     sesquiterpene     TS     runpoint      35     runisomer      144
6 -0.2327599 0.6119447 0.0482552
1 0.1305878 1.3750236 0.7398033
1 -0.2414632 0.9640577 -0.8530926
1 -0.6664220 -0.7654804 0.5035270
8 0.1955505 -0.6952826 -0.0608910
5
-114.667     ts77     dynamics     sesquiterpene     TS     runpoint      36     runisomer      144
6 -0.2425304 0.6136085 0.0562853
1 0.1468181 1.3778485 0.7138975
1 -0.2406490 1.0387949 -0.8995297
1 -0.6830242 -0.6704435 0.4824458
8 0.2028483 -0.7074038 -0.0610317
5
-114.667     ts77     dynamics     sesquiterpene     TS     runpoint      37     runisomer      144
6 -0.2510790 0.6170083 0.0629187
1 0.1654179 1.3745482 0.7008184
1 -0.2476546 1.1217791 -0.9621704
1 -0.6879842 -0.6018676 0.4584819
8 0.2088388 -0.7192934 -0.0597310
5
-114.657     ts77     dynamics     sesquiterpene     TS     runpoint      38     runisomer      144
6 -0.2581515 0.6227936 0.0659033
1 0.1869561 1.3665498 0.7023369
1 -0.2625312 1.1973368 -1.0142242
1 -0.6891853 -0.5612474 0.4357212
8 0.2137962 -0.7304472 -0.0573545
5
-114.645     ts77     dynamics     sesquiterpene     TS     runpoint      39     runisomer      144
6 -0.2634724 0.6312151 0.0644303
1 0.2107152 1.3538791 0.7174301
1 -0.2845455 1.2566859 -1.0432297
1 -0.6927044 -0.5490933 0.4171174
8 0.2178940 -0.7404685 -0.0542049
5
-114.638     ts77     dynamics     sesquiterpene     TS     runpoint      40     runisomer      144
6 -0.2667860 0.6422870 0.0585489
1 0.2347365 1.3354027 0.7429152
1 -0.3123363 1.2954690 -1.0444214
1 -0.7003682 -0.5652775 0.4033683
8 0.2210955 -0.7490327 -0.0504612
5
-114.639     ts77     dynamics     sesquiterpene     TS     runpoint      41     runisomer      144
6 -0.2679057 0.6558497 0.0487736
1 0.2563485 1.3097799 0.7743888
1 -0.3441201 1.3118066 -1.0168880
1 -0.7093551 -0.6091472 0.3929584
8 0.2231387 -0.7558566 -0.0461929
5
-114.648     ts77     dynamics     sesquiterpene     TS     runpoint      42     runisomer      144
6 -0.2667179 0.6715438 0.0359444
1 0.2728541 1.2764113 0.8071138
1 -0.3779059 1.3059424 -0.9629722
1 -0.7139058 -0.6796974 0.3832177
8 0.2236188 -0.7607114 -0.0414167
5
-114.664     ts77     dynamics     sesquiterpene     TS     runpoint      43     runisomer      144
6 -0.2631528 0.6886473 0.0213390
1 0.2820996 1.2359749 0.8367190
1 -0.4120542 1.2816621 -0.8904380
1 -0.7083143 -0.7751243 0.3717068
8 0.2221567 -0.7634492 -0.0361743
5
-114.678     ts77     dynamics     sesquiterpene     TS     runpoint      44     runisomer      144
6 -0.2570844 0.7057013 0.0070621
1 0.2828470 1.1905470 0.8597562
1 -0.4469833 1.2497958 -0.8174859
1 -0.6899093 -0.8917801 0.3572468
8 0.2185941 -0.7640203 -0.0306039
5
-114.682     ts77     dynamics     sesquiterpene     TS     runpoint      45     runisomer      144
6 -0.2481221 0.7202760 -0.0037738
1 0.2750754 1.1435084 0.8742901
1 -0.4882831 1.2305220 -0.7755430
1 -0.6601814 -1.0240023 0.3400181
8 0.2130854 -0.7624423 -0.0249517
5
-114.679     ts77     dynamics     sesquiterpene     TS     runpoint      46     runisomer      144
6 -0.2358337 0.7301432 -0.0088622
1 0.2603890 1.0993943 0.8808623
1 -0.5447187 1.2402404 -0.7890038
1 -0.6222633 -1.1648575 0.3203041
8 0.2059538 -0.7587992 -0.0194630
5
-114.688     ts77     dynamics     sesquiterpene     TS     runpoint      47     runisomer      144
6 -0.2209324 0.7352542 -0.0096403
1 0.2422073 1.0635363 0.8835867
1 -0.6141857 1.2695742 -0.8419738
1 -0.5766298 -1.3056129 0.2969039
8 0.1974174 -0.7533506 -0.0142432
5
-114.693     ts77     dynamics     sesquiterpene     TS     runpoint      48     runisomer      144
6 -0.2051289 0.7366261 -0.0094028
1 0.2247230 1.0410411 0.8894098
1 -0.6839985 1.2980662 -0.9003153
1 -0.5209306 -1.4348393 0.2674926
8 0.1875474 -0.7466133 -0.0092626
5
-114.683     ts77     dynamics     sesquiterpene     TS     runpoint      49     runisomer      144
6 -0.1898526 0.7348744 -0.0104674
1 0.2105718 1.0351327 0.9041857
1 -0.7433143 1.3130437 -0.9414289
1 -0.4538868 -1.5405156 0.2304901
8 0.1764857 -0.7392090 -0.0044779
5
-114.668     ts77     dynamics     sesquiterpene     TS     runpoint      50     runisomer      144
6 -0.1757975 0.7303122 -0.0136754
1 0.1989859 1.0457918 0.9279091
1 -0.7862705 1.3095038 -0.9552394
1 -0.3774875 -1.6134341 0.1859612
8 0.1645589 -0.7316381 0.0001059
5
-114.658     ts77     dynamics     sesquiterpene     TS     runpoint      51     runisomer      144
6 -0.1631009 0.7232589 -0.0187997
1 0.1865068 1.0698163 0.9540796
1 -0.8104164 1.2862815 -0.9386303
1 -0.2964494 -1.6491073 0.1352406
8 0.1522294 -0.7241468 0.0044472
5
-114.658     ts77     dynamics     sesquiterpene     TS     runpoint      52     runisomer      144
6 -0.1516382 0.7140903 -0.0251205
1 0.1694397 1.1021576 0.9737252
1 -0.8155254 1.2441753 -0.8925278
1 -0.2170631 -1.6488790 0.0801914
8 0.1400188 -0.7166651 0.0085106
5
-114.665     ts77     dynamics     sesquiterpene     TS     runpoint      53     runisomer      144
6 -0.1411328 0.7031302 -0.0317692
1 0.1456433 1.1373767 0.9795345
1 -0.8040268 1.1859652 -0.8219125
1 -0.1464629 -1.6220615 0.0223718
8 0.1284588 -0.7086814 0.0123222
5
-114.674     ts77     dynamics     sesquiterpene     TS     runpoint      54     runisomer      144
6 -0.1309864 0.6904704 -0.0376806
1 0.1150206 1.1706028 0.9677745
1 -0.7836837 1.1180103 -0.7383357
1 -0.0916521 -1.5881389 -0.0383631
8 0.1180355 -0.6991300 0.0160546
5
-114.675     ts77     dynamics     sesquiterpene     TS     runpoint      55     runisomer      144
6 -0.1199224 0.6758072 -0.0413787
1 0.0793351 1.1981867 0.9387969
1 -0.7722370 1.0523871 -0.6631200
1 -0.0566940 -1.5700892 -0.1055832
8 0.1090559 -0.6868677 0.0201471
5
-114.669     ts77     dynamics     sesquiterpene     TS     runpoint      56     runisomer      144
6 -0.1062244 0.6587952 -0.0415039
1 0.0417709 1.2183484 0.8972337
1 -0.7950997 1.0035302 -0.6213935
1 -0.0395526 -1.5725785 -0.1841550
8 0.1015029 -0.6721384 0.0251768
5
-114.672     ts77     dynamics     sesquiterpene     TS     runpoint      57     runisomer      144
6 -0.0898418 0.6402913 -0.0388333
1 0.0062370 1.2317987 0.8518561
1 -0.8600096 0.9740661 -0.6180818
1 -0.0345165 -1.5758835 -0.2740998
8 0.0952203 -0.6570367 0.0314869
5
-114.68     ts77     dynamics     sesquiterpene     TS     runpoint      58     runisomer      144
6 -0.0732538 0.6224277 -0.0363629
1 -0.0238341 1.2416094 0.8136072
1 -0.9449107 0.9535180 -0.6345277
1 -0.0367502 -1.5574553 -0.3704750
8 0.0901557 -0.6441185 0.0391486
5
-114.679     ts77     dynamics     sesquiterpene     TS     runpoint      59     runisomer      144
6 -0.0590001 0.6073105 -0.0367698
1 -0.0465755 1.2511794 0.7911049
1 -1.0248378 0.9329841 -0.6531400
1 -0.0431208 -1.5049693 -0.4674372
8 0.0863286 -0.6353925 0.0481506
5
-114.673     ts77     dynamics     sesquiterpene     TS     runpoint      60     runisomer      144
6 -0.0484805 0.5966370 -0.0413022
1 -0.0615598 1.2611878 0.7865938
1 -1.0854508 0.9089918 -0.6652691
1 -0.0515355 -1.4165763 -0.5605765
8 0.0837267 -0.6320725 0.0584650
5
-114.672     ts77     dynamics     sesquiterpene     TS     runpoint      61     runisomer      144
6 -0.0422663 0.5916819 -0.0499788
1 -0.0688776 1.2687664 0.7959707
1 -1.1202663 0.8810946 -0.6678007
1 -0.0607117 -1.2984545 -0.6478731
8 0.0822936 -0.6345175 0.0700406
5
-114.678     ts77     dynamics     sesquiterpene     TS     runpoint      62     runisomer      144
6 -0.0404963 0.5930851 -0.0620534
1 -0.0686534 1.2697882 0.8121323
1 -1.1267177 0.8501576 -0.6601856
1 -0.0700658 -1.1617524 -0.7296986
8 0.0819448 -0.6422993 0.0827543
5
-114.687     ts77     dynamics     sesquiterpene     TS     runpoint      63     runisomer      144
6 -0.0430291 0.6006944 -0.0763396
1 -0.0611320 1.2616004 0.8281696
1 -1.1046959 0.8178711 -0.6433545
1 -0.0789519 -1.0180563 -0.8056142
8 0.0825410 -0.6545115 0.0961816
5
-114.696     ts77     dynamics     sesquiterpene     TS     runpoint      64     runisomer      144
6 -0.0493846 0.6136490 -0.0914020
1 -0.0468696 1.2442822 0.8389862
1 -1.0574293 0.7869221 -0.6199327
1 -0.0856350 -0.8769931 -0.8694379
8 0.0838506 -0.6700789 0.1093433
5
-114.698     ts77     dynamics     sesquiterpene     TS     runpoint      65     runisomer      144
6 -0.0584958 0.6305908 -0.1056469
1 -0.0267650 1.2205490 0.8417979
1 -0.9948100 0.7613539 -0.5956104
1 -0.0875987 -0.7483016 -0.9114944
8 0.0855949 -0.6877924 0.1209670
5
-114.689     ts77     dynamics     sesquiterpene     TS     runpoint      66     runisomer      144
6 -0.0683177 0.6498943 -0.1173269
1 -0.0019573 1.1949804 0.8361967
1 -0.9383037 0.7464436 -0.5813509
1 -0.0826961 -0.6421540 -0.9257212
8 0.0875283 -0.7064120 0.1300773
5
-114.67     ts77     dynamics     sesquiterpene     TS     runpoint      67     runisomer      144
6 -0.0760605 0.6699615 -0.1247411
1 0.0263515 1.1730589 0.8241599
1 -0.9183687 0.7470122 -0.5922338
1 -0.0696229 -0.5668774 -0.9122558
8 0.0894698 -0.7248655 0.1362314
5
-114.656     ts77     dynamics     sesquiterpene     TS     runpoint      68     runisomer      144
6 -0.0803972 0.6895935 -0.1273713
1 0.0571132 1.1602612 0.8100913
1 -0.9482919 0.7642859 -0.6342306
1 -0.0480065 -0.5277498 -0.8761971
8 0.0913048 -0.7423422 0.1394609
5
-114.659     ts77     dynamics     sesquiterpene     TS     runpoint      69     runisomer      144
6 -0.0829153 0.7080815 -0.1266182
1 0.0895495 1.1610937 0.7998907
1 -1.0067513 0.7953971 -0.6940605
1 -0.0187515 -0.5269292 -0.8270544
8 0.0929874 -0.7582764 0.1402085
5
-114.663     ts77     dynamics     sesquiterpene     TS     runpoint      70     runisomer      144
6 -0.0858309 0.7250276 -0.1243081
1 0.1228955 1.1777859 0.7978072
1 -1.0645985 0.8359018 -0.7531830
1 0.0157902 -0.5630171 -0.7806555
8 0.0945386 -0.7723184 0.1394059
5
-114.66     ts77     dynamics     sesquiterpene     TS     runpoint      71     runisomer      144
6 -0.0903816 0.7401927 -0.1214681
1 0.1557771 1.2092042 0.8030847
1 -1.1036038 0.8815428 -0.7990305
1 0.0528258 -0.6306833 -0.7600240
8 0.0960022 -0.7842854 0.1385287
5
-114.658     ts77     dynamics     sesquiterpene     TS     runpoint      72     runisomer      144
6 -0.0969065 0.7533772 -0.1183760
1 0.1859256 1.2510891 0.8101016
1 -1.1155361 0.9289111 -0.8250246
1 0.0913277 -0.7239501 -0.7826322
8 0.0973196 -0.7939212 0.1388269
5
-114.664     ts77     dynamics     sesquiterpene     TS     runpoint      73     runisomer      144
6 -0.1052449 0.7644028 -0.1150124
1 0.2107153 1.2975478 0.8117235
1 -1.0979879 0.9754154 -0.8283643
1 0.1319369 -0.8393245 -0.8354879
8 0.0983455 -0.8007786 0.1397397
5
-114.675     ts77     dynamics     sesquiterpene     TS     runpoint      74     runisomer      144
6 -0.1149759 0.7731875 -0.1113084
1 0.2280642 1.3426884 0.8024509
1 -1.0523394 1.0189737 -0.8091252
1 0.1735454 -0.9697583 -0.8852182
8 0.0990523 -0.8047379 0.1394651
5
-114.68     ts77     dynamics     sesquiterpene     TS     runpoint      75     runisomer      144
6 -0.1254340 0.7797018 -0.1071177
1 0.2371602 1.3816745 0.7797880
1 -0.9843234 1.0582150 -0.7710955
1 0.2131872 -1.1033170 -0.9067726
8 0.0995380 -0.8061363 0.1367096
5
-114.68     ts77     dynamics     sesquiterpene     TS     runpoint      76     runisomer      144
6 -0.1355022 0.7837558 -0.1019993
1 0.2388788 1.4113080 0.7445575
1 -0.9068719 1.0938248 -0.7243842
1 0.2478219 -1.2275489 -0.8895070
8 0.0999174 -0.8054577 0.1310570
5
-114.674     ts77     dynamics     sesquiterpene     TS     runpoint      77     runisomer      144
6 -0.1434389 0.7846975 -0.0950102
1 0.2360223 1.4304758 0.7010232
1 -0.8423801 1.1309667 -0.6879722
1 0.2751280 -1.3319394 -0.8325550
8 0.1002638 -0.8031322 0.1226729
5
-114.665     ts77     dynamics     sesquiterpene     TS     runpoint      78     runisomer      144
6 -0.1476632 0.7814443 -0.0852814
1 0.2333612 1.4406251 0.6568362
1 -0.8134603 1.1780098 -0.6830631
1 0.2937507 -1.4088413 -0.7415012
8 0.1006017 -0.7994458 0.1121110
5
-114.664     ts77     dynamics     sesquiterpene     TS     runpoint      79     runisomer      144
6 -0.1486434 0.7734796 -0.0736483
1 0.2370266 1.4456581 0.6217182
1 -0.8199499 1.2346025 -0.7124743
1 0.3038499 -1.4552818 -0.6281390
8 0.1008762 -0.7944247 0.1003062
5
-114.669     ts77     dynamics     sesquiterpene     TS     runpoint      80     runisomer      144
6 -0.1485231 0.7613678 -0.0624263
1 0.2524093 1.4497054 0.6034310
1 -0.8413057 1.2877622 -0.7590966
1 0.3084327 -1.4775330 -0.5119713
8 0.1008708 -0.7875376 0.0886568
5
-114.664     ts77     dynamics     sesquiterpene     TS     runpoint      81     runisomer      144
6 -0.1489672 0.7460480 -0.0533375
1 0.2812678 1.4530650 0.6031310
1 -0.8592071 1.3243717 -0.8053672
1 0.3145792 -1.4958186 -0.4181775
8 0.1001239 -0.7774080 0.0788628
5
-114.652     ts77     dynamics     sesquiterpene     TS     runpoint      82     runisomer      144
6 -0.1505421 0.7285133 -0.0468437
1 0.3208149 1.4509845 0.6151316
1 -0.8639371 1.3371409 -0.8407611
1 0.3295418 -1.5317550 -0.3623029
8 0.0981667 -0.7626593 0.0719437
5
-114.65     ts77     dynamics     sesquiterpene     TS     runpoint      83     runisomer      144
6 -0.1531274 0.7097294 -0.0426571
1 0.3656137 1.4370695 0.6310062
1 -0.8515079 1.3234596 -0.8601725
1 0.3519998 -1.5787455 -0.3364737
8 0.0950837 -0.7438644 0.0673980
5
-114.654     ts77     dynamics     sesquiterpene     TS     runpoint      84     runisomer      144
6 -0.1563347 0.6905186 -0.0402783
1 0.4100375 1.4069453 0.6433728
1 -0.8211684 1.2837088 -0.8618907
1 0.3748323 -1.6118625 -0.3254605
8 0.0913397 -0.7229594 0.0642483
5
-114.659     ts77     dynamics     sesquiterpene     TS     runpoint      85     runisomer      144
6 -0.1596721 0.6714742 -0.0391745
1 0.4496020 1.3595973 0.6474066
1 -0.7748290 1.2208598 -0.8472525
1 0.3925629 -1.6131867 -0.3203151
8 0.0873124 -0.7016406 0.0619191
5
-114.668     ts77     dynamics     sesquiterpene     TS     runpoint      86     runisomer      144
6 -0.1624970 0.6528869 -0.0386631
1 0.4814029 1.2973045 0.6410310
1 -0.7181287 1.1415182 -0.8223287
1 0.4028174 -1.5763582 -0.3178631
8 0.0832072 -0.6810897 0.0602110
5
-114.679     ts77     dynamics     sesquiterpene     TS     runpoint      87     runisomer      144
6 -0.1639166 0.6346764 -0.0376088
1 0.5044480 1.2253924 0.6248533
1 -0.6623050 1.0577167 -0.8014615
1 0.4059485 -1.5046772 -0.3186514
8 0.0791033 -0.6621302 0.0591736
5
-114.682     ts77     dynamics     sesquiterpene     TS     runpoint      88     runisomer      144
6 -0.1629716 0.6165480 -0.0344118
1 0.5203099 1.1521095 0.6021863
1 -0.6228695 0.9856488 -0.8076287
1 0.4062829 -1.4126245 -0.3277270
8 0.0748859 -0.6451688 0.0591635
5
-114.675     ts77     dynamics     sesquiterpene     TS     runpoint      89     runisomer      144
6 -0.1596692 0.5988923 -0.0283848
1 0.5338641 1.0881928 0.5789179
1 -0.6079982 0.9354800 -0.8560463
1 0.4144028 -1.3275543 -0.3573181
8 0.0701027 -0.6300923 0.0610234
5
-114.669     ts77     dynamics     sesquiterpene     TS     runpoint      90     runisomer      144
6 -0.1556986 0.5834897 -0.0213236
1 0.5524585 1.0449559 0.5619896
1 -0.6088344 0.9039282 -0.9340117
1 0.4416706 -1.2724606 -0.4213315
8 0.0642850 -0.6172931 0.0657373
5
-114.668     ts77     dynamics     sesquiterpene     TS     runpoint      91     runisomer      144
6 -0.1530018 0.5727643 -0.0158663
1 0.5812673 1.0301480 0.5552179
1 -0.6111551 0.8836334 -1.0158607
1 0.4835435 -1.2361824 -0.5145249
8 0.0579517 -0.6093175 0.0730971
5
-114.666     ts77     dynamics     sesquiterpene     TS     runpoint      92     runisomer      144
6 -0.1523392 0.5687756 -0.0134589
1 0.6180106 1.0442249 0.5558461
1 -0.6060635 0.8701880 -1.0828686
1 0.5244482 -1.1941595 -0.6150663
8 0.0522391 -0.6090113 0.0818075
5
-114.66     ts77     dynamics     sesquiterpene     TS     runpoint      93     runisomer      144
6 -0.1533364 0.5724829 -0.0143027
1 0.6541264 1.0812048 0.5567273
1 -0.5900298 0.8617316 -1.1253226
1 0.5531458 -1.1350346 -0.7040677
8 0.0478909 -0.6173120 0.0906676
5
-114.659     ts77     dynamics     sesquiterpene     TS     runpoint      94     runisomer      144
6 -0.1551888 0.5835205 -0.0180064
1 0.6803157 1.1325265 0.5509992
1 -0.5624772 0.8575885 -1.1391706
1 0.5643191 -1.0585974 -0.7697770
8 0.0451889 -0.6333790 0.0988195
5
-114.666     ts77     dynamics     sesquiterpene     TS     runpoint      95     runisomer      144
6 -0.1571416 0.6006173 -0.0239631
1 0.6900194 1.1899311 0.5344245
1 -0.5244672 0.8576808 -1.1242705
1 0.5558152 -0.9695146 -0.8050314
8 0.0441815 -0.6554381 0.1056162
5
-114.679     ts77     dynamics     sesquiterpene     TS     runpoint      96     runisomer      144
6 -0.1585939 0.6221336 -0.0313697
1 0.6800377 1.2466555 0.5056561
1 -0.4786809 0.8625088 -1.0850082
1 0.5279574 -0.8750719 -0.8068596
8 0.0447689 -0.6814068 0.1106268
5
-114.694     ts77     dynamics     sesquiterpene     TS     runpoint      97     runisomer      144
6 -0.1590419 0.6463703 -0.0389991
1 0.6503604 1.2979341 0.4660754
1 -0.4301498 0.8734985 -1.0330973
1 0.4848791 -0.7846369 -0.7793954
8 0.0466298 -0.7092086 0.1138432
5
-114.701     ts77     dynamics     sesquiterpene     TS     runpoint      98     runisomer      144
6 -0.1580881 0.6716494 -0.0449659
1 0.6044044 1.3416321 0.4198826
1 -0.3865501 0.8933511 -0.9905971
1 0.4363126 -0.7080708 -0.7385858
8 0.0491214 -0.7370007 0.1159808
5
-114.692     ts77     dynamics     sesquiterpene     TS     runpoint      99     runisomer      144
6 -0.1557221 0.6963889 -0.0472771
1 0.5497635 1.3793711 0.3743292
1 -0.3556451 0.9247850 -0.9840483
1 0.3965808 -0.6516202 -0.7128686
8 0.0513433 -0.7634754 0.1185522
5
-114.676     ts77     dynamics     sesquiterpene     TS     runpoint      100     runisomer      144
6 -0.1527680 0.7193325 -0.0457666
1 0.4981779 1.4175188 0.3391730
1 -0.3396871 0.9661006 -1.0218212
1 0.3752504 -0.6155083 -0.7248023
8 0.0527137 -0.7879680 0.1227659
5
-114.671     ts77     dynamics     sesquiterpene     TS     runpoint      101     runisomer      144
6 -0.1505762 0.7397004 -0.0426879
1 0.4616843 1.4649541 0.3235736
1 -0.3347136 1.0098829 -1.0848565
1 0.3682472 -0.6000551 -0.7663798
8 0.0534952 -0.8099668 0.1280302
5
-114.666     ts77     dynamics     sesquiterpene     TS     runpoint      102     runisomer      144
6 -0.1499194 0.7573053 -0.0404607
1 0.4447582 1.5249742 0.3309083
1 -0.3355815 1.0484718 -1.1479933
1 0.3658960 -0.6078905 -0.8130409
8 0.0542698 -0.8288924 0.1328147
5
-114.658     ts77     dynamics     sesquiterpene     TS     runpoint      103     runisomer      144
6 -0.1505669 0.7727381 -0.0402502
1 0.4416116 1.5898600 0.3571451
1 -0.3385165 1.0772048 -1.1943102
1 0.3614137 -0.6400610 -0.8457152
8 0.0554202 -0.8443398 0.1359804
5
-114.648     ts77     dynamics     sesquiterpene     TS     runpoint      104     runisomer      144
6 -0.1518442 0.7869242 -0.0422341
1 0.4426187 1.6466114 0.3947699
1 -0.3410899 1.0939801 -1.2151415
1 0.3516694 -0.6951468 -0.8549204
8 0.0570892 -0.8561427 0.1369897
5
-114.643     ts77     dynamics     sesquiterpene     TS     runpoint      105     runisomer      144
6 -0.1531574 0.8005350 -0.0461686
1 0.4401984 1.6845312 0.4367476
1 -0.3418307 1.0982974 -1.2072939
1 0.3361510 -0.7698441 -0.8392350
8 0.0592496 -0.8643075 0.1358137
5
-114.644     ts77     dynamics     sesquiterpene     TS     runpoint      106     runisomer      144
6 -0.1541052 0.8137756 -0.0516160
1 0.4300671 1.6975463 0.4778761
1 -0.3401145 1.0909122 -1.1719555
1 0.3166632 -0.8594021 -0.8055465
8 0.0617184 -0.8689522 0.1329594
5
-114.65     ts77     dynamics     sesquiterpene     TS     runpoint      107     runisomer      144
6 -0.1544032 0.8263710 -0.0578713
1 0.4106093 1.6836471 0.5148254
1 -0.3364150 1.0741683 -1.1159096
1 0.2973461 -0.9589034 -0.7703335
8 0.0641504 -0.8701993 0.1295728
5
-114.655     ts77     dynamics     sesquiterpene     TS     runpoint      108     runisomer      144
6 -0.1537972 0.8375622 -0.0637079
1 0.3823699 1.6442820 0.5461886
1 -0.3329323 1.0527474 -1.0547525
1 0.2827112 -1.0657373 -0.7534412
8 0.0661759 -0.8680315 0.1270575
5
-114.656     ts77     dynamics     sesquiterpene     TS     runpoint      109     runisomer      144
6 -0.1520530 0.8461369 -0.0672837
1 0.3481370 1.5845512 0.5731181
1 -0.3340262 1.0337018 -1.0144001
1 0.2726994 -1.1777316 -0.7584270
8 0.0677230 -0.8624436 0.1258155
5
-114.655     ts77     dynamics     sesquiterpene     TS     runpoint      110     runisomer      144
6 -0.1491817 0.8506704 -0.0672528
1 0.3133521 1.5137867 0.6006039
1 -0.3441187 1.0234049 -1.0186815
1 0.2624032 -1.2865974 -0.7681717
8 0.0690439 -0.8538771 0.1249448
5
-114.655     ts77     dynamics     sesquiterpene     TS     runpoint      111     runisomer      144
6 -0.1458329 0.8499797 -0.0648922
1 0.2855730 1.4445056 0.6379700
1 -0.3624913 1.0230404 -1.0641917
1 0.2473722 -1.3801151 -0.7647724
8 0.0703849 -0.8430775 0.1234731
5
-114.655     ts77     dynamics     sesquiterpene     TS     runpoint      112     runisomer      144
6 -0.1429608 0.8434727 -0.0633543
1 0.2705247 1.3865517 0.6940623
1 -0.3831729 1.0299674 -1.1241292
1 0.2257095 -1.4481844 -0.7395704
8 0.0718450 -0.8306913 0.1209741
5
-114.654     ts77     dynamics     sesquiterpene     TS     runpoint      113     runisomer      144
6 -0.1409255 0.8313989 -0.0646753
1 0.2666919 1.3399820 0.7671221
1 -0.4001445 1.0414718 -1.1736114
1 0.1973505 -1.4849615 -0.6917559
8 0.0734141 -0.8171048 0.1174675
5
-114.657     ts77     dynamics     sesquiterpene     TS     runpoint      114     runisomer      144
6 -0.1393980 0.8145612 -0.0689057
1 0.2666202 1.2976171 0.8434162
1 -0.4097285 1.0556006 -1.1986256
1 0.1632613 -1.4895240 -0.6263765
8 0.0750219 -0.8024052 0.1132927
5
-114.661     ts77     dynamics     sesquiterpene     TS     runpoint      115     runisomer      144
6 -0.1378840 0.7936885 -0.0751298
1 0.2629256 1.2529542 0.9070478
1 -0.4103598 1.0708414 -1.1937689
1 0.1250288 -1.4682094 -0.5550771
8 0.0765656 -0.7862339 0.1091556
5
-114.664     ts77     dynamics     sesquiterpene     TS     runpoint      116     runisomer      144
6 -0.1360082 0.7692276 -0.0822584
1 0.2511034 1.2032277 0.9468010
1 -0.4020741 1.0860454 -1.1596127
1 0.0840826 -1.4386029 -0.4979578
8 0.0779599 -0.7675712 0.1062495
5
-114.668     ts77     dynamics     sesquiterpene     TS     runpoint      117     runisomer      144
6 -0.1335062 0.7414344 -0.0891601
1 0.2293126 1.1488268 0.9571534
1 -0.3864315 1.1009143 -1.1022626
1 0.0397081 -1.4249577 -0.4772493
8 0.0792651 -0.7450864 0.1058597
5
-114.679     ts77     dynamics     sesquiterpene     TS     runpoint      118     runisomer      144
6 -0.1301693 0.7104923 -0.0945737
1 0.1977624 1.0924246 0.9378733
1 -0.3667371 1.1171327 -1.0343012
1 -0.0106846 -1.4319314 -0.4950560
8 0.0806826 -0.7188993 0.1079787
5
-114.695     ts77     dynamics     sesquiterpene     TS     runpoint      119     runisomer      144
6 -0.1258789 0.6766045 -0.0972791
1 0.1585932 1.0388153 0.8947894
1 -0.3477234 1.1392692 -0.9737911
1 -0.0664418 -1.4380563 -0.5308767
8 0.0822468 -0.6911044 0.1111701
5
-114.701     ts77     dynamics     sesquiterpene     TS     runpoint      120     runisomer      144
6 -0.1208352 0.6403017 -0.0970004
1 0.1160963 0.9954355 0.8420451
1 -0.3333404 1.1721811 -0.9360426
1 -0.1234547 -1.4229544 -0.5646610
8 0.0838261 -0.6641573 0.1140371
