5
-114.654160 ts77 dynamics sesquiterpene TS runpoint 1  runisomer  135
6 -0.0489749 0.6055343 0.0034382
1 -0.1879909 1.1792388 0.9263719
1 -0.1690024 1.1510694 -0.9354590
1 0.9291060 -0.0671328 -0.0197085
8 -0.0272597 -0.7339759 -0.0007653
5
-114.65 ts77 dynamics sesquiterpene TS runpoint 2  runisomer  135
6 -0.0515921 0.605723 0.00389669
1 -0.1714 1.1891 0.926544
1 -0.192748 1.24397 -0.989251
1 0.979807 -0.0659915 0.00549421
8 -0.0280397 -0.740664 0.000681431
5
-114.645     ts77     dynamics     sesquiterpene     TS     runpoint      3     runisomer      135
6 -0.0535436 0.6086316 0.0029127
1 -0.1579438 1.1946557 0.9255384
1 -0.2164087 1.3208871 -1.0240736
1 1.0345472 -0.0598650 0.0303090
8 -0.0293816 -0.7484282 0.0021133
5
-114.635     ts77     dynamics     sesquiterpene     TS     runpoint      4     runisomer      135
6 -0.0541089 0.6138296 0.0000519
1 -0.1482424 1.1956529 0.9236718
1 -0.2381305 1.3743505 -1.0332327
1 1.0833705 -0.0436399 0.0537503
8 -0.0312775 -0.7567802 0.0034770
5
-114.627     ts77     dynamics     sesquiterpene     TS     runpoint      5     runisomer      135
6 -0.0526801 0.6205875 -0.0046994
1 -0.1427974 1.1923568 0.9217101
1 -0.2566892 1.4008019 -1.0153704
1 1.1202447 -0.0123595 0.0746652
8 -0.0338480 -0.7652780 0.0047218
5
-114.626     ts77     dynamics     sesquiterpene     TS     runpoint      6     runisomer      135
6 -0.0488165 0.6280941 -0.0111233
1 -0.1419800 1.1852845 0.9206886
1 -0.2711261 1.3988896 -0.9719594
1 1.1425912 0.0384470 0.0918399
8 -0.0372971 -0.7735425 0.0057890
5
-114.634     ts77     dynamics     sesquiterpene     TS     runpoint      7     runisomer      135
6 -0.0422277 0.6355414 -0.0187285
1 -0.1460829 1.1748897 0.9215762
1 -0.2808756 1.3695806 -0.9074589
1 1.1499447 0.1122297 0.1039683
8 -0.0418321 -0.7812760 0.0066114
5
-114.647     ts77     dynamics     sesquiterpene     TS     runpoint      8     runisomer      135
6 -0.0326804 0.6420381 -0.0265174
1 -0.1554174 1.1613546 0.9248864
1 -0.2867139 1.3183236 -0.8317855
1 1.1427583 0.2107837 0.1095947
8 -0.0475873 -0.7882763 0.0071228
5
-114.661     ts77     dynamics     sesquiterpene     TS     runpoint      9     runisomer      135
6 -0.0198459 0.6462897 -0.0326023
1 -0.1703707 1.1446224 0.9304085
1 -0.2931421 1.2593903 -0.7648770
1 1.1223946 0.3335475 0.1072509
8 -0.0545858 -0.7944318 0.0072726
5
-114.667     ts77     dynamics     sesquiterpene     TS     runpoint      10     runisomer      135
6 -0.0032914 0.6465357 -0.0342628
1 -0.1913649 1.1246134 0.9371910
1 -0.3108252 1.2166054 -0.7368326
1 1.0931380 0.4767839 0.0959890
8 -0.0627262 -0.7996834 0.0070352
5
-114.672     ts77     dynamics     sesquiterpene     TS     runpoint      11     runisomer      135
6 0.0166101 0.6420931 -0.0300162
1 -0.2187073 1.1013790 0.9439151
1 -0.3495338 1.2039298 -0.7646734
1 1.0657983 0.6337151 0.0762550
8 -0.0717723 -0.8039731 0.0064235
5
-114.689     ts77     dynamics     sesquiterpene     TS     runpoint      12     runisomer      135
6 0.0375452 0.6346100 -0.0217093
1 -0.2523267 1.0749156 0.9493719
1 -0.4037797 1.2069138 -0.8280763
1 1.0567880 0.7977455 0.0500070
8 -0.0813743 -0.8072128 0.0054984
5
-114.654160 ts77 dynamics sesquiterpene TS runpoint 1  runisomer  135
6 -0.0489749 0.6055343 0.0034382
1 -0.1879909 1.1792388 0.9263719
1 -0.1690024 1.1510694 -0.9354590
1 0.9291060 -0.0671328 -0.0197085
8 -0.0272597 -0.7339759 -0.0007653
5
-114.65 ts77 dynamics sesquiterpene TS runpoint 2  runisomer  135
6 -0.0463522 0.607819 0.00290839
1 -0.20708 1.16608 0.925117
1 -0.148381 1.05679 -0.880916
1 0.89453 -0.0681852 -0.0446886
8 -0.0271456 -0.728853 -0.00215167
5
-114.641     ts77     dynamics     sesquiterpene     TS     runpoint      3     runisomer      135
6 -0.0440359 0.6114036 0.0050467
1 -0.2282117 1.1514882 0.9232041
1 -0.1357434 0.9833845 -0.8604982
1 0.8855324 -0.0730793 -0.0692679
8 -0.0277817 -0.7256901 -0.0033747
5
-114.628     ts77     dynamics     sesquiterpene     TS     runpoint      4     runisomer      135
6 -0.0419614 0.6151806 0.0120135
1 -0.2513761 1.1381468 0.9217232
1 -0.1346782 0.9463753 -0.9030379
1 0.9037975 -0.0839159 -0.0933653
8 -0.0290975 -0.7246672 -0.0043104
5
-114.635     ts77     dynamics     sesquiterpene     TS     runpoint      5     runisomer      135
6 -0.0399925 0.6193513 0.0218224
1 -0.2771533 1.1291807 0.9228301
1 -0.1433195 0.9391345 -0.9891730
1 0.9421859 -0.1008822 -0.1164988
8 -0.0308257 -0.7257043 -0.0048536
5
-114.644     ts77     dynamics     sesquiterpene     TS     runpoint      6     runisomer      135
6 -0.0379234 0.6242938 0.0307775
1 -0.3063303 1.1269690 0.9283661
1 -0.1574003 0.9487366 -1.0785000
1 0.9884339 -0.1231721 -0.1375855
8 -0.0325685 -0.7284720 -0.0049654
5
-114.64     ts77     dynamics     sesquiterpene     TS     runpoint      7     runisomer      135
6 -0.0355384 0.6299605 0.0366801
1 -0.3390651 1.1318418 0.9376153
1 -0.1737077 0.9673249 -1.1450775
1 1.0301688 -0.1502573 -0.1552795
8 -0.0338991 -0.7324933 -0.0046661
5
-114.631     ts77     dynamics     sesquiterpene     TS     runpoint      8     runisomer      135
6 -0.0328386 0.6362414 0.0388783
1 -0.3743311 1.1418353 0.9468156
1 -0.1901855 0.9907070 -1.1775025
1 1.0577446 -0.1828921 -0.1684787
8 -0.0344025 -0.7372491 -0.0040204
5
-114.625     ts77     dynamics     sesquiterpene     TS     runpoint      9     runisomer      135
6 -0.0301319 0.6431945 0.0375520
1 -0.4101288 1.1536762 0.9508205
1 -0.2053292 1.0161499 -1.1719476
1 1.0646775 -0.2238296 -0.1766025
8 -0.0336629 -0.7422335 -0.0031157
5
-114.627     ts77     dynamics     sesquiterpene     TS     runpoint      10     runisomer      135
6 -0.0279981 0.6510571 0.0332328
1 -0.4441786 1.1640646 0.9452605
1 -0.2178476 1.0415091 -1.1286470
1 1.0471981 -0.2782238 -0.1796627
8 -0.0312304 -0.7469557 -0.0020611
5
-114.641     ts77     dynamics     sesquiterpene     TS     runpoint      11     runisomer      135
6 -0.0271796 0.6601162 0.0266725
1 -0.4745505 1.1705034 0.9279521
1 -0.2266938 1.0653219 -1.0518881
1 1.0042860 -0.3531912 -0.1782823
8 -0.0266707 -0.7509335 -0.0009720
5
-114.664     ts77     dynamics     sesquiterpene     TS     runpoint      12     runisomer      135
6 -0.0283318 0.6704424 0.0190215
1 -0.5000708 1.1716725 0.8995662
1 -0.2316858 1.0880772 -0.9531731
1 0.9398462 -0.4552176 -0.1739429
8 -0.0198263 -0.7537592 0.0000640
5
-114.685     ts77     dynamics     sesquiterpene     TS     runpoint      13     runisomer      135
6 -0.0315816 0.6813820 0.0122200
1 -0.5206982 1.1675759 0.8639920
1 -0.2350941 1.1153235 -0.8568981
1 0.8709042 -0.5844339 -0.1703145
8 -0.0115317 -0.7552826 0.0011145
5
-114.686     ts77     dynamics     sesquiterpene     TS     runpoint      14     runisomer      135
6 -0.0361761 0.6911516 0.0088924
1 -0.5380738 1.1594298 0.8284004
1 -0.2426936 1.1600795 -0.7997931
1 0.8411140 -0.7321428 -0.1762335
8 -0.0046373 -0.7556119 0.0026301
5
-114.678     ts77     dynamics     sesquiterpene     TS     runpoint      15     runisomer      135
6 -0.0409617 0.6979250 0.0100632
1 -0.5558294 1.1491883 0.8022532
1 -0.2580480 1.2313279 -0.8030424
1 0.8850635 -0.8953280 -0.1998116
8 -0.0017320 -0.7542545 0.0050900
5
-114.7     ts77     dynamics     sesquiterpene     TS     runpoint      16     runisomer      135
6 -0.0453936 0.7018681 0.0133719
1 -0.5783302 1.1385270 0.7938061
1 -0.2753513 1.3161893 -0.8472563
1 0.9528777 -1.0677683 -0.2310251
8 -0.0001747 -0.7510231 0.0078931
5
-114.703     ts77     dynamics     sesquiterpene     TS     runpoint      17     runisomer      135
6 -0.0494400 0.7042966 0.0160190
1 -0.6074856 1.1272475 0.8051314
1 -0.2867326 1.3937237 -0.9019734
1 0.9954191 -1.2284979 -0.2580886
8 0.0027310 -0.7468921 0.0103471
5
-114.68     ts77     dynamics     sesquiterpene     TS     runpoint      18     runisomer      135
6 -0.0532708 0.7062815 0.0167868
1 -0.6408121 1.1127818 0.8307384
1 -0.2882753 1.4504520 -0.9479556
1 0.9975811 -1.3608508 -0.2764507
8 0.0076625 -0.7427037 0.0122123
5
-114.656     ts77     dynamics     sesquiterpene     TS     runpoint      19     runisomer      135
6 -0.0571527 0.7084297 0.0156365
1 -0.6730380 1.0918741 0.8611784
1 -0.2791798 1.4802647 -0.9758426
1 0.9594274 -1.4554318 -0.2852975
8 0.0144338 -0.7389163 0.0134719
5
-114.642     ts77     dynamics     sesquiterpene     TS     runpoint      20     runisomer      135
6 -0.0612993 0.7110003 0.0129520
1 -0.6990130 1.0624888 0.8873922
1 -0.2601398 1.4810923 -0.9815357
1 0.8848871 -1.5065710 -0.2850154
8 0.0226754 -0.7358216 0.0141762
5
-114.643     ts77     dynamics     sesquiterpene     TS     runpoint      21     runisomer      135
6 -0.0657849 0.7139822 0.0091681
1 -0.7153629 1.0244982 0.9028735
1 -0.2325622 1.4532126 -0.9640162
1 0.7788094 -1.5104231 -0.2765378
8 0.0320138 -0.7336658 0.0144017
5
-114.66     ts77     dynamics     sesquiterpene     TS     runpoint      22     runisomer      135
6 -0.0705623 0.7170194 0.0047561
1 -0.7207998 0.9796197 0.9042005
1 -0.1983698 1.3994453 -0.9255610
1 0.6496455 -1.4679045 -0.2624536
8 0.0419218 -0.7324082 0.0143186
5
-114.681     ts77     dynamics     sesquiterpene     TS     runpoint      23     runisomer      135
6 -0.0754741 0.7191809 0.0004573
1 -0.7160660 0.9311859 0.8912195
1 -0.1600901 1.3272582 -0.8745949
1 0.5198659 -1.3991591 -0.2522537
8 0.0510718 -0.7307614 0.0145089
5
-114.673     ts77     dynamics     sesquiterpene     TS     runpoint      24     runisomer      135
6 -0.0802094 0.7187444 -0.0023150
1 -0.7042332 0.8837651 0.8674293
1 -0.1207656 1.2523764 -0.8311849
1 0.4407362 -1.3742828 -0.2758288
8 0.0563850 -0.7242943 0.0168387
5
-114.647     ts77     dynamics     sesquiterpene     TS     runpoint      25     runisomer      135
6 -0.0843009 0.7136041 -0.0015963
1 -0.6913301 0.8426497 0.8403535
1 -0.0825252 1.1975654 -0.8269434
1 0.4348106 -1.4437238 -0.3605521
8 0.0566038 -0.7100178 0.0230780
5
-114.671     ts77     dynamics     sesquiterpene     TS     runpoint      26     runisomer      135
6 -0.0872273 0.7031196 0.0028168
1 -0.6861489 0.8129807 0.8207315
1 -0.0449364 1.1742194 -0.8774434
1 0.4482337 -1.5229412 -0.4700402
8 0.0552570 -0.6938202 0.0310859
