5
-114.654160 ts77 dynamics sesquiterpene TS runpoint 1  runisomer  17
6 -0.0170660 0.6194255 -0.0132976
1 -0.2539670 1.0766772 0.9816666
1 -0.3603112 1.1942233 -0.9604797
1 0.8896248 -0.0689129 0.1036467
8 -0.0325010 -0.7405416 0.0021115
5
-114.644 ts77 dynamics sesquiterpene TS runpoint 2  runisomer  17
6 -0.0170468 0.62042 -0.00503089
1 -0.230787 1.12389 0.943138
1 -0.374295 1.23503 -0.998173
1 0.865985 -0.0476151 0.123362
8 -0.0316053 -0.748176 -0.000530219
5
-114.636     ts77     dynamics     sesquiterpene     TS     runpoint      3     runisomer      17
6 -0.0196545 0.6242806 0.0015376
1 -0.2086681 1.1709621 0.9028780
1 -0.3773428 1.2593014 -1.0126263
1 0.8805191 -0.0291508 0.1440487
8 -0.0317660 -0.7567319 -0.0033143
5
-114.634     ts77     dynamics     sesquiterpene     TS     runpoint      4     runisomer      17
6 -0.0243383 0.6302923 0.0054464
1 -0.1900707 1.2186558 0.8694443
1 -0.3683914 1.2643312 -1.0018025
1 0.9284119 -0.0099210 0.1645383
8 -0.0330062 -0.7657760 -0.0061122
5
-114.638     ts77     dynamics     sesquiterpene     TS     runpoint      5     runisomer      17
6 -0.0298543 0.6372238 0.0064002
1 -0.1766330 1.2670924 0.8487450
1 -0.3478625 1.2497637 -0.9675484
1 0.9955242 0.0169942 0.1822025
8 -0.0352362 -0.7748070 -0.0087947
5
-114.643     ts77     dynamics     sesquiterpene     TS     runpoint      6     runisomer      17
6 -0.0347740 0.6438929 0.0049587
1 -0.1688307 1.3136906 0.8416739
1 -0.3176791 1.2179251 -0.9161502
1 1.0669180 0.0592471 0.1943141
8 -0.0384363 -0.7834030 -0.0112699
5
-114.648     ts77     dynamics     sesquiterpene     TS     runpoint      7     runisomer      17
6 -0.0377206 0.6492084 0.0026522
1 -0.1664655 1.3532834 0.8448397
1 -0.2819613 1.1757404 -0.8611992
1 1.1315706 0.1230193 0.1989303
8 -0.0426979 -0.7912461 -0.0134920
5
-114.647     ts77     dynamics     sesquiterpene     TS     runpoint      8     runisomer      17
6 -0.0373939 0.6518950 0.0019587
1 -0.1693764 1.3802664 0.8531697
1 -0.2475456 1.1366779 -0.8264238
1 1.1823083 0.2114017 0.1950008
8 -0.0481251 -0.7980704 -0.0154404
5
-114.642     ts77     dynamics     sesquiterpene     TS     runpoint      9     runisomer      17
6 -0.0327769 0.6508112 0.0053862
1 -0.1777978 1.3905290 0.8619698
1 -0.2212151 1.1155062 -0.8371504
1 1.2140972 0.3236088 0.1822347
8 -0.0547200 -0.8036399 -0.0170849
5
-114.65     ts77     dynamics     sesquiterpene     TS     runpoint      10     runisomer      17
6 -0.0236080 0.6461582 0.0131220
1 -0.1923754 1.3821915 0.8680322
1 -0.2036673 1.1131843 -0.8937674
1 1.2233302 0.4553796 0.1611230
8 -0.0623676 -0.8077810 -0.0183728
5
-114.668     ts77     dynamics     sesquiterpene     TS     runpoint      11     runisomer      17
6 -0.0102818 0.6393851 0.0228169
1 -0.2141041 1.3556620 0.8701191
1 -0.1909048 1.1173490 -0.9694722
1 1.2085932 0.5998785 0.1330018
8 -0.0708724 -0.8103959 -0.0192358
5
-114.681     ts77     dynamics     sesquiterpene     TS     runpoint      12     runisomer      17
6 0.0065689 0.6318399 0.0319184
1 -0.2443931 1.3134421 0.8689847
1 -0.1801562 1.1171579 -1.0375531
1 1.1721826 0.7487908 0.0999160
8 -0.0799886 -0.8114467 -0.0196182
5
-114.686     ts77     dynamics     sesquiterpene     TS     runpoint      13     runisomer      17
6 0.0260906 0.6242866 0.0387380
1 -0.2851152 1.2595953 0.8669424
1 -0.1709511 1.1075184 -1.0827804
1 1.1213238 0.8939925 0.0641972
8 -0.0894445 -0.8109300 -0.0195055
5
-114.654160 ts77 dynamics sesquiterpene TS runpoint 1  runisomer  17
6 -0.0170660 0.6194255 -0.0132976
1 -0.2539670 1.0766772 0.9816666
1 -0.3603112 1.1942233 -0.9604797
1 0.8896248 -0.0689129 0.1036467
8 -0.0325010 -0.7405416 0.0021115
5
-114.644 ts77 dynamics sesquiterpene TS runpoint 2  runisomer  17
6 -0.0192871 0.621026 -0.0217415
1 -0.275748 1.02979 1.01049
1 -0.338765 1.14328 -0.907508
1 0.942759 -0.0928147 0.0843447
8 -0.0341678 -0.734072 0.00450878
5
-114.648     ts77     dynamics     sesquiterpene     TS     runpoint      3     runisomer      17
6 -0.0225139 0.6239724 -0.0281678
1 -0.2943088 0.9853267 1.0241809
1 -0.3168552 1.0946882 -0.8575157
1 1.0084906 -0.1174602 0.0643331
8 -0.0360999 -0.7288660 0.0065779
5
-114.64     ts77     dynamics     sesquiterpene     TS     runpoint      4     runisomer      17
6 -0.0252262 0.6264459 -0.0298243
1 -0.3087837 0.9465747 1.0206489
1 -0.3054039 1.0664430 -0.8393353
1 1.0701513 -0.1411484 0.0429787
8 -0.0377601 -0.7250080 0.0082427
5
-114.627     ts77     dynamics     sesquiterpene     TS     runpoint      5     runisomer      17
6 -0.0264123 0.6272908 -0.0252867
1 -0.3194792 0.9174349 1.0018103
1 -0.3109282 1.0692360 -0.8708863
1 1.1158080 -0.1627861 0.0203467
8 -0.0387249 -0.7226182 0.0094401
5
-114.628     ts77     dynamics     sesquiterpene     TS     runpoint      6     runisomer      17
6 -0.0262159 0.6270317 -0.0165559
1 -0.3281306 0.9020483 0.9742879
1 -0.3276211 1.0941605 -0.9348697
1 1.1384940 -0.1820510 -0.0030149
8 -0.0387045 -0.7218101 0.0101271
5
-114.631     ts77     dynamics     sesquiterpene     TS     runpoint      7     runisomer      17
6 -0.0252151 0.6267383 -0.0071168
1 -0.3378998 0.9043603 0.9486509
1 -0.3455514 1.1256327 -1.0008296
1 1.1347779 -0.1999277 -0.0263317
8 -0.0374769 -0.7225911 0.0102856
5
-114.629     ts77     dynamics     sesquiterpene     TS     runpoint      8     runisomer      17
6 -0.0238705 0.6270887 0.0003926
1 -0.3522583 0.9270318 0.9351862
1 -0.3583248 1.1532047 -1.0485375
1 1.1037636 -0.2193965 -0.0488215
8 -0.0348223 -0.7247925 0.0099233
5
-114.629     ts77     dynamics     sesquiterpene     TS     runpoint      9     runisomer      17
6 -0.0227616 0.6285761 0.0048464
1 -0.3725171 0.9695058 0.9370253
1 -0.3629725 1.1715736 -1.0687927
1 1.0472376 -0.2458892 -0.0699053
8 -0.0305237 -0.7280726 0.0090704
5
-114.637     ts77     dynamics     sesquiterpene     TS     runpoint      10     runisomer      17
6 -0.0228442 0.6318764 0.0064781
1 -0.3963322 1.0268306 0.9477012
1 -0.3583289 1.1782733 -1.0588890
1 0.9710507 -0.2872962 -0.0894975
8 -0.0244549 -0.7319741 0.0077823
5
-114.652     ts77     dynamics     sesquiterpene     TS     runpoint      11     runisomer      17
6 -0.0252957 0.6378673 0.0062553
1 -0.4192616 1.0911024 0.9566314
1 -0.3442653 1.1725938 -1.0202097
1 0.8883652 -0.3522311 -0.1086417
8 -0.0168480 -0.7360694 0.0061540
5
-114.664     ts77     dynamics     sesquiterpene     TS     runpoint      12     runisomer      17
6 -0.0309898 0.6471944 0.0053789
1 -0.4372822 1.1541955 0.9553860
1 -0.3218607 1.1559605 -0.9586432
1 0.8265676 -0.4435135 -0.1310578
8 -0.0089599 -0.7402426 0.0044211
5
-114.668     ts77     dynamics     sesquiterpene     TS     runpoint      13     runisomer      17
6 -0.0399053 0.6595354 0.0053048
1 -0.4480050 1.2095357 0.9399459
1 -0.2944158 1.1337914 -0.8878463
1 0.8302774 -0.5523404 -0.1652139
8 -0.0035602 -0.7447358 0.0031391
5
-114.676     ts77     dynamics     sesquiterpene     TS     runpoint      14     runisomer      17
6 -0.0509846 0.6732131 0.0080273
1 -0.4508772 1.2526631 0.9106143
1 -0.2684500 1.1179208 -0.8335423
1 0.9100170 -0.6755792 -0.2160933
8 -0.0017282 -0.7489513 0.0027274
5
-114.692     ts77     dynamics     sesquiterpene     TS     runpoint      15     runisomer      17
6 -0.0627822 0.6859874 0.0155428
1 -0.4471916 1.2816268 0.8717926
1 -0.2508422 1.1230663 -0.8267798
1 1.0068184 -0.8148937 -0.2724194
8 -0.0003195 -0.7519069 0.0026552
5
-114.693     ts77     dynamics     sesquiterpene     TS     runpoint      16     runisomer      17
6 -0.0744414 0.6967089 0.0273341
1 -0.4401804 1.2978309 0.8321244
1 -0.2409577 1.1508830 -0.8732822
1 1.0741376 -0.9592256 -0.3219087
8 0.0031194 -0.7536319 0.0023544
5
-114.687     ts77     dynamics     sesquiterpene     TS     runpoint      17     runisomer      17
6 -0.0856210 0.7054625 0.0397841
1 -0.4348350 1.3066926 0.8038321
1 -0.2320402 1.1870444 -0.9454555
1 1.0958145 -1.0948196 -0.3585215
8 0.0092406 -0.7544939 0.0016478
5
-114.673     ts77     dynamics     sesquiterpene     TS     runpoint      18     runisomer      17
6 -0.0958810 0.7122432 0.0491750
1 -0.4362842 1.3156221 0.7987624
1 -0.2195653 1.2178902 -1.0137589
1 1.0701728 -1.2106127 -0.3800111
8 0.0178583 -0.7547922 0.0005769
5
-114.659     ts77     dynamics     sesquiterpene     TS     runpoint      19     runisomer      17
6 -0.1048240 0.7169665 0.0534979
1 -0.4464556 1.3278750 0.8210263
1 -0.2025301 1.2365263 -1.0606885
1 1.0004744 -1.2980414 -0.3857569
8 0.0285252 -0.7547745 -0.0007527
5
-114.654     ts77     dynamics     sesquiterpene     TS     runpoint      20     runisomer      17
6 -0.1123710 0.7199997 0.0525276
1 -0.4624609 1.3386493 0.8633907
1 -0.1816836 1.2405740 -1.0780546
1 0.8922976 -1.3504355 -0.3762183
8 0.0406964 -0.7546842 -0.0022040
5
-114.662     ts77     dynamics     sesquiterpene     TS     runpoint      21     runisomer      17
6 -0.1186567 0.7219218 0.0470559
1 -0.4790977 1.3392155 0.9125671
1 -0.1583871 1.2300060 -1.0632201
1 0.7562157 -1.3653387 -0.3543979
8 0.0535644 -0.7545575 -0.0035094
5
-114.672     ts77     dynamics     sesquiterpene     TS     runpoint      22     runisomer      17
6 -0.1238429 0.7229951 0.0382265
1 -0.4918672 1.3226502 0.9561346
1 -0.1341374 1.2066073 -1.0181161
1 0.6169379 -1.3550585 -0.3313528
8 0.0655043 -0.7534939 -0.0039261
5
-114.665     ts77     dynamics     sesquiterpene     TS     runpoint      23     runisomer      17
6 -0.1280721 0.7229086 0.0274835
1 -0.4979426 1.2858172 0.9853770
1 -0.1102567 1.1750478 -0.9514445
1 0.5217469 -1.3666603 -0.3357805
8 0.0735498 -0.7483903 -0.0016319
5
-114.652     ts77     dynamics     sesquiterpene     TS     runpoint      24     runisomer      17
6 -0.1315052 0.7207588 0.0169414
1 -0.4960958 1.2291532 0.9955444
1 -0.0872801 1.1455447 -0.8837109
1 0.4910751 -1.4395728 -0.3911456
8 0.0764913 -0.7367541 0.0048560
5
-114.668     ts77     dynamics     sesquiterpene     TS     runpoint      25     runisomer      17
6 -0.1343762 0.7151768 0.0093913
1 -0.4866843 1.1562031 0.9860937
1 -0.0638315 1.1348793 -0.8479935
1 0.4814244 -1.5221486 -0.4711894
8 0.0771796 -0.7220950 0.0139067
5
-114.666     ts77     dynamics     sesquiterpene     TS     runpoint      26     runisomer      17
6 -0.1368910 0.7051602 0.0062100
1 -0.4720512 1.0733416 0.9620352
1 -0.0372117 1.1554785 -0.8660991
1 0.4657181 -1.5693926 -0.5501488
8 0.0774546 -0.7076806 0.0239237
5
-114.666     ts77     dynamics     sesquiterpene     TS     runpoint      27     runisomer      17
6 -0.1388101 0.6912739 0.0048449
1 -0.4571283 0.9896542 0.9357827
1 -0.0078812 1.1999071 -0.9196681
1 0.4364345 -1.5659124 -0.6165134
8 0.0779494 -0.6950098 0.0341578
5
-114.669     ts77     dynamics     sesquiterpene     TS     runpoint      28     runisomer      17
6 -0.1395260 0.6749065 0.0011643
1 -0.4486570 0.9153518 0.9251150
1 0.0204405 1.2508311 -0.9752034
1 0.3924953 -1.5093893 -0.6648689
8 0.0789341 -0.6848201 0.0441366
5
-114.671     ts77     dynamics     sesquiterpene     TS     runpoint      29     runisomer      17
6 -0.1387320 0.6574397 -0.0072512
1 -0.4510186 0.8576900 0.9413593
1 0.0445134 1.2949314 -1.0110838
1 0.3351291 -1.4035140 -0.6922758
8 0.0805825 -0.6775327 0.0534137
