5
-114.654160 ts77 dynamics sesquiterpene TS runpoint 1  runisomer  225
6 -0.0418036 0.6186357 -0.0088126
1 -0.2401721 1.1779666 0.9495739
1 -0.2472525 1.2848453 -0.9293075
1 1.0322114 -0.0967321 0.0111722
8 -0.0309178 -0.7502892 0.0046310
5
-114.647 ts77 dynamics sesquiterpene TS runpoint 2  runisomer  225
6 -0.0349402 0.62971 -0.00494615
1 -0.258144 1.10019 0.88845
1 -0.252993 1.28036 -0.929172
1 0.991496 -0.0743374 -0.0140512
8 -0.0320078 -0.754826 0.00716236
5
-114.648     ts77     dynamics     sesquiterpene     TS     runpoint      3     runisomer      225
6 -0.0275194 0.6410565 -0.0031578
1 -0.2804127 1.0316657 0.8462408
1 -0.2561110 1.2610430 -0.9187316
1 0.9516037 -0.0461506 -0.0391331
8 -0.0334620 -0.7595788 0.0094027
5
-114.64     ts77     dynamics     sesquiterpene     TS     runpoint      4     runisomer      225
6 -0.0193133 0.6509378 -0.0056858
1 -0.3156416 0.9887510 0.8537578
1 -0.2569628 1.2306650 -0.9013054
1 0.9224069 -0.0118268 -0.0636516
8 -0.0355048 -0.7645364 0.0112729
5
-114.639     ts77     dynamics     sesquiterpene     TS     runpoint      5     runisomer      225
6 -0.0106173 0.6587772 -0.0117390
1 -0.3643362 0.9713953 0.9097556
1 -0.2574932 1.1958062 -0.8842941
1 0.9135093 0.0299373 -0.0872200
8 -0.0383663 -0.7697581 0.0126991
5
-114.645     ts77     dynamics     sesquiterpene     TS     runpoint      6     runisomer      225
6 -0.0023883 0.6645920 -0.0177020
1 -0.4150383 0.9687641 0.9819461
1 -0.2614098 1.1648466 -0.8783306
1 0.9315682 0.0819733 -0.1092055
8 -0.0422350 -0.7752823 0.0136336
5
-114.645     ts77     dynamics     sesquiterpene     TS     runpoint      7     runisomer      225
6 0.0048226 0.6679749 -0.0206394
1 -0.4562564 0.9731815 1.0424882
1 -0.2726611 1.1442904 -0.8916119
1 0.9774621 0.1491814 -0.1284297
8 -0.0472293 -0.7810369 0.0140715
5
-114.646     ts77     dynamics     sesquiterpene     TS     runpoint      8     runisomer      225
6 0.0111048 0.6684409 -0.0196971
1 -0.4814410 0.9811824 1.0771914
1 -0.2925065 1.1345421 -0.9223947
1 1.0450539 0.2373134 -0.1431195
8 -0.0533618 -0.7868287 0.0140450
5
-114.652     ts77     dynamics     sesquiterpene     TS     runpoint      9     runisomer      225
6 0.0168568 0.6658697 -0.0156181
1 -0.4878089 0.9911088 1.0806030
1 -0.3185792 1.1306324 -0.9593197
1 1.1224547 0.3497683 -0.1512227
8 -0.0605086 -0.7923642 0.0136081
5
-114.663     ts77     dynamics     sesquiterpene     TS     runpoint      10     runisomer      225
6 0.0225800 0.6605281 -0.0096891
1 -0.4749647 1.0019018 1.0521115
1 -0.3468463 1.1265697 -0.9892282
1 1.1952601 0.4851940 -0.1509763
8 -0.0684169 -0.7973125 0.0128251
5
-114.674     ts77     dynamics     sesquiterpene     TS     runpoint      11     runisomer      225
6 0.0288031 0.6529567 -0.0031552
1 -0.4446734 1.0129881 0.9951875
1 -0.3735521 1.1179809 -1.0027898
1 1.2502360 0.6376210 -0.1414768
8 -0.0767745 -0.8013940 0.0117669
5
-114.684     ts77     dynamics     sesquiterpene     TS     runpoint      12     runisomer      225
6 0.0360932 0.6437997 0.0027439
1 -0.4018053 1.0251644 0.9192753
1 -0.3958862 1.1024163 -0.9956396
1 1.2779004 0.7981202 -0.1230203
8 -0.0852806 -0.8044227 0.0105125
5
-114.688     ts77     dynamics     sesquiterpene     TS     runpoint      13     runisomer      225
6 0.0453589 0.6335173 0.0064798
1 -0.3564668 1.0422029 0.8428881
1 -0.4125095 1.0787865 -0.9679239
1 1.2732557 0.9574206 -0.0972311
8 -0.0937491 -0.8063302 0.0091539
5
-114.685     ts77     dynamics     sesquiterpene     TS     runpoint      14     runisomer      225
6 0.0574430 0.6221180 0.0066434
1 -0.3225873 1.0735158 0.7915499
1 -0.4229067 1.0464667 -0.9244027
1 1.2363070 1.1055428 -0.0676049
8 -0.1019660 -0.8070471 0.0076593
5
-114.679     ts77     dynamics     sesquiterpene     TS     runpoint      15     runisomer      225
6 0.0732769 0.6097747 0.0027429
1 -0.3117904 1.1235851 0.7807347
1 -0.4310733 1.0065538 -0.8729894
1 1.1712113 1.2343834 -0.0371686
8 -0.1099089 -0.8065440 0.0061106
5
-114.674     ts77     dynamics     sesquiterpene     TS     runpoint      16     runisomer      225
6 0.0911498 0.5976223 -0.0042113
1 -0.3169134 1.1822350 0.8034265
1 -0.4390150 0.9678672 -0.8254881
1 1.0859821 1.3356558 -0.0063973
8 -0.1171240 -0.8050647 0.0049687
5
-114.667     ts77     dynamics     sesquiterpene     TS     runpoint      17     runisomer      225
6 0.1097744 0.5870676 -0.0112458
1 -0.3290217 1.2332504 0.8396967
1 -0.4529374 0.9357798 -0.7955469
1 0.9902389 1.4055029 0.0216208
8 -0.1234232 -0.8027400 0.0043120
5
-114.654     ts77     dynamics     sesquiterpene     TS     runpoint      18     runisomer      225
6 0.1279192 0.5789895 -0.0164987
1 -0.3422357 1.2652746 0.8759464
1 -0.4772472 0.9133699 -0.7903029
1 0.8946443 1.4434774 0.0445981
8 -0.1286479 -0.7996771 0.0041929
5
-114.64     ts77     dynamics     sesquiterpene     TS     runpoint      19     runisomer      225
6 0.1440539 0.5736682 -0.0197341
1 -0.3540101 1.2735589 0.9057634
1 -0.5096288 0.8993867 -0.8058217
1 0.8104924 1.4533701 0.0615645
8 -0.1326681 -0.7959475 0.0046523
5
-114.654160 ts77 dynamics sesquiterpene TS runpoint 1  runisomer  225
6 -0.0418036 0.6186357 -0.0088126
1 -0.2401721 1.1779666 0.9495739
1 -0.2472525 1.2848453 -0.9293075
1 1.0322114 -0.0967321 0.0111722
8 -0.0309178 -0.7502892 0.0046310
5
-114.647 ts77 dynamics sesquiterpene TS runpoint 2  runisomer  225
6 -0.0480403 0.609468 -0.0125758
1 -0.221198 1.24799 1.00273
1 -0.239544 1.27343 -0.919027
1 1.06538 -0.113103 0.0359813
8 -0.0300093 -0.746073 0.00189374
5
-114.637     ts77     dynamics     sesquiterpene     TS     runpoint      3     runisomer      225
6 -0.0533105 0.6031099 -0.0149573
1 -0.2000082 1.3001197 1.0347759
1 -0.2311711 1.2478258 -0.9011305
1 1.0850159 -0.1230917 0.0597250
8 -0.0291537 -0.7423455 -0.0009616
5
-114.629     ts77     dynamics     sesquiterpene     TS     runpoint      4     runisomer      225
6 -0.0572515 0.5998352 -0.0151217
1 -0.1771169 1.3294714 1.0409709
1 -0.2239278 1.2126695 -0.8816105
1 1.0877089 -0.1266980 0.0817443
8 -0.0282653 -0.7392973 -0.0038459
5
-114.625     ts77     dynamics     sesquiterpene     TS     runpoint      5     runisomer      225
6 -0.0596045 0.5995068 -0.0123475
1 -0.1535563 1.3340805 1.0206387
1 -0.2198979 1.1750668 -0.8693582
1 1.0724088 -0.1246814 0.1014426
8 -0.0272738 -0.7370999 -0.0066597
5
-114.627     ts77     dynamics     sesquiterpene     TS     runpoint      6     runisomer      225
6 -0.0603038 0.6018416 -0.0061521
1 -0.1305380 1.3140237 0.9757414
1 -0.2208636 1.1421785 -0.8733362
1 1.0404715 -0.1187732 0.1183502
8 -0.0261268 -0.7358885 -0.0092948
5
-114.635     ts77     dynamics     sesquiterpene     TS     runpoint      7     runisomer      225
6 -0.0595618 0.6066435 0.0031173
1 -0.1094818 1.2723375 0.9120999
1 -0.2272890 1.1172874 -0.8968103
1 0.9960067 -0.1116890 0.1321971
8 -0.0248044 -0.7357437 -0.0116334
5
-114.646     ts77     dynamics     sesquiterpene     TS     runpoint      8     runisomer      225
6 -0.0578981 0.6136050 0.0136292
1 -0.0921378 1.2184173 0.8437266
1 -0.2377817 1.0985092 -0.9338697
1 0.9462024 -0.1070475 0.1430352
8 -0.0233460 -0.7366791 -0.0135599
5
-114.646     ts77     dynamics     sesquiterpene     TS     runpoint      9     runisomer      225
6 -0.0560283 0.6215933 0.0218602
1 -0.0805232 1.1728852 0.7990727
1 -0.2498618 1.0820346 -0.9729833
1 0.9007717 -0.1091714 0.1513495
8 -0.0218570 -0.7386322 -0.0149820
5
-114.633     ts77     dynamics     sesquiterpene     TS     runpoint      10     runisomer      225
6 -0.0546921 0.6288675 0.0238050
1 -0.0761290 1.1613031 0.8130440
1 -0.2612355 1.0655102 -1.0031714
1 0.8697577 -0.1225695 0.1580663
8 -0.0204651 -0.7414752 -0.0158435
5
-114.631     ts77     dynamics     sesquiterpene     TS     runpoint      11     runisomer      225
6 -0.0545063 0.6354824 0.0188096
1 -0.0786801 1.1842883 0.8853784
1 -0.2706059 1.0488405 -1.0177028
1 0.8599201 -0.1512865 0.1643260
8 -0.0192330 -0.7450262 -0.0161343
5
-114.645     ts77     dynamics     sesquiterpene     TS     runpoint      12     runisomer      225
6 -0.0557960 0.6431378 0.0098493
1 -0.0864977 1.2185833 0.9782918
1 -0.2779249 1.0336908 -1.0149747
1 0.8715233 -0.1987955 0.1709835
8 -0.0180421 -0.7489829 -0.0158581
5
-114.653     ts77     dynamics     sesquiterpene     TS     runpoint      13     runisomer      225
6 -0.0585624 0.6527412 -0.0000951
1 -0.0977767 1.2463163 1.0593223
1 -0.2844123 1.0230274 -0.9983326
1 0.8981296 -0.2687335 0.1781373
8 -0.0165231 -0.7528569 -0.0150036
5
-114.654     ts77     dynamics     sesquiterpene     TS     runpoint      14     runisomer      225
6 -0.0626252 0.6641224 -0.0089428
1 -0.1110735 1.2599020 1.1117778
1 -0.2924811 1.0207916 -0.9757541
1 0.9297585 -0.3650460 0.1852302
8 -0.0141204 -0.7560431 -0.0135423
5
-114.657     ts77     dynamics     sesquiterpene     TS     runpoint      15     runisomer      225
6 -0.0677145 0.6765560 -0.0151531
1 -0.1253115 1.2572245 1.1286099
1 -0.3052571 1.0310671 -0.9579167
1 0.9569751 -0.4897830 0.1915678
8 -0.0103129 -0.7579915 -0.0114680
5
-114.667     ts77     dynamics     sesquiterpene     TS     runpoint      16     runisomer      225
6 -0.0734721 0.6891348 -0.0177445
1 -0.1397018 1.2386369 1.1078227
1 -0.3252022 1.0561162 -0.9529352
1 0.9737095 -0.6400670 0.1967365
8 -0.0048838 -0.7583683 -0.0088547
5
-114.684     ts77     dynamics     sesquiterpene     TS     runpoint      17     runisomer      225
6 -0.0795269 0.7010628 -0.0167055
1 -0.1537180 1.2062552 1.0515456
1 -0.3523539 1.0941243 -0.9604933
1 0.9775404 -0.8079587 0.2006430
8 0.0020121 -0.7570934 -0.0058605
5
-114.703     ts77     dynamics     sesquiterpene     TS     runpoint      18     runisomer      225
6 -0.0855773 0.7117005 -0.0132218
1 -0.1673104 1.1650708 0.9688065
1 -0.3839905 1.1391519 -0.9722946
1 0.9671101 -0.9828215 0.2030450
8 0.0100589 -0.7542983 -0.0026719
5
-114.711     ts77     dynamics     sesquiterpene     TS     runpoint      19     runisomer      225
6 -0.0913039 0.7201920 -0.0098128
1 -0.1817066 1.1259789 0.8827774
1 -0.4161338 1.1836738 -0.9783384
1 0.9394682 -1.1526727 0.2030727
8 0.0190307 -0.7503080 0.0005672
5
-114.697     ts77     dynamics     sesquiterpene     TS     runpoint      20     runisomer      225
6 -0.0962042 0.7250894 -0.0103938
1 -0.2007264 1.1077771 0.8360702
1 -0.4452415 1.2211436 -0.9719583
1 0.8913275 -1.3047884 0.1995760
8 0.0287743 -0.7456113 0.0037609
5
-114.674     ts77     dynamics     sesquiterpene     TS     runpoint      21     runisomer      225
6 -0.0997145 0.7253558 -0.0176454
1 -0.2286900 1.1237966 0.8610860
1 -0.4691743 1.2471734 -0.9515099
1 0.8221466 -1.4276417 0.1918513
8 0.0390378 -0.7407194 0.0068201
5
-114.672     ts77     dynamics     sesquiterpene     TS     runpoint      22     runisomer      225
6 -0.1017889 0.7220353 -0.0290564
1 -0.2631259 1.1614320 0.9330229
1 -0.4876553 1.2598462 -0.9202718
1 0.7350242 -1.5131435 0.1798886
8 0.0494187 -0.7360094 0.0096309
5
-114.674     ts77     dynamics     sesquiterpene     TS     runpoint      23     runisomer      225
6 -0.1026489 0.7166686 -0.0403165
1 -0.2975275 1.2000914 1.0089436
1 -0.5024439 1.2598396 -0.8852197
1 0.6358849 -1.5582748 0.1643652
8 0.0594114 -0.7315739 0.0120622
5
-114.665     ts77     dynamics     sesquiterpene     TS     runpoint      24     runisomer      225
6 -0.1023237 0.7098954 -0.0485223
1 -0.3272662 1.2276615 1.0640541
1 -0.5171474 1.2501874 -0.8552981
1 0.5329677 -1.5675894 0.1468349
8 0.0684526 -0.7270332 0.0139614
5
-114.653     ts77     dynamics     sesquiterpene     TS     runpoint      25     runisomer      225
6 -0.1007293 0.7017210 -0.0521323
1 -0.3499436 1.2390216 1.0884488
1 -0.5360055 1.2348156 -0.8386996
1 0.4368657 -1.5575955 0.1301082
8 0.0759300 -0.7212764 0.0151371
5
-114.643     ts77     dynamics     sesquiterpene     TS     runpoint      26     runisomer      225
6 -0.0979410 0.6921504 -0.0506423
1 -0.3643164 1.2324323 1.0793948
1 -0.5614367 1.2158186 -0.8390885
1 0.3576327 -1.5566604 0.1178044
8 0.0813398 -0.7125410 0.0153863
5
-114.642     ts77     dynamics     sesquiterpene     TS     runpoint      27     runisomer      225
6 -0.0943724 0.6815736 -0.0444678
1 -0.3697650 1.2079764 1.0380037
1 -0.5921135 1.1918775 -0.8535786
1 0.2959436 -1.5839533 0.1115936
8 0.0848272 -0.6998358 0.0146628
5
-114.653     ts77     dynamics     sesquiterpene     TS     runpoint      28     runisomer      225
6 -0.0906873 0.6707015 -0.0347766
1 -0.3665249 1.1677777 0.9695005
1 -0.6236440 1.1598917 -0.8748906
1 0.2418798 -1.6259724 0.1094208
8 0.0872530 -0.6844820 0.0131849
5
-114.665     ts77     dynamics     sesquiterpene     TS     runpoint      29     runisomer      225
6 -0.0875138 0.6601239 -0.0234363
1 -0.3568635 1.1179590 0.8868108
1 -0.6508999 1.1177732 -0.8953127
1 0.1864367 -1.6558944 0.1085097
8 0.0894760 -0.6688659 0.0112277
5
-114.665     ts77     dynamics     sesquiterpene     TS     runpoint      30     runisomer      225
6 -0.0850762 0.6497670 -0.0133339
1 -0.3475268 1.0722553 0.8170542
1 -0.6698329 1.0658259 -0.9091567
1 0.1257715 -1.6565367 0.1075871
8 0.0920756 -0.6549007 0.0089718
5
-114.653     ts77     dynamics     sesquiterpene     TS     runpoint      31     runisomer      225
6 -0.0830550 0.6388382 -0.0081239
1 -0.3501486 1.0512534 0.7992440
1 -0.6782693 1.0066796 -0.9134585
1 0.0590974 -1.6240319 0.1068193
8 0.0954596 -0.6436985 0.0065019
5
-114.65     ts77     dynamics     sesquiterpene     TS     runpoint      32     runisomer      225
6 -0.0814838 0.6274339 -0.0090734
1 -0.3696985 1.0631430 0.8468808
1 -0.6763288 0.9447031 -0.9082153
1 -0.0137889 -1.5670581 0.1074864
8 0.0999856 -0.6355765 0.0038373
5
-114.665     ts77     dynamics     sesquiterpene     TS     runpoint      33     runisomer      225
6 -0.0813635 0.6174462 -0.0133652
1 -0.3965298 1.0927883 0.9277899
1 -0.6667725 0.8855349 -0.8966393
1 -0.0954825 -1.5069057 0.1121582
8 0.1061341 -0.6300135 0.0009324
5
-114.67     ts77     dynamics     sesquiterpene     TS     runpoint      34     runisomer      225
6 -0.0835067 0.6106567 -0.0177073
1 -0.4201504 1.1233954 1.0068310
1 -0.6549215 0.8356160 -0.8849921
1 -0.1932427 -1.4678969 0.1241840
8 0.1146449 -0.6261620 -0.0022854
5
-114.667     ts77     dynamics     sesquiterpene     TS     runpoint      35     runisomer      225
6 -0.0880968 0.6079352 -0.0200286
1 -0.4355404 1.1461668 1.0649014
1 -0.6474098 0.8010941 -0.8811074
1 -0.3116841 -1.4506032 0.1441792
8 0.1260496 -0.6244696 -0.0057095
5
-114.665     ts77     dynamics     sesquiterpene     TS     runpoint      36     runisomer      225
6 -0.0950450 0.6094678 -0.0193485
1 -0.4411086 1.1576305 1.0938053
1 -0.6491032 0.7860717 -0.8903868
1 -0.4418330 -1.4308390 0.1680247
8 0.1399230 -0.6266419 -0.0089630
5
-114.667     ts77     dynamics     sesquiterpene     TS     runpoint      37     runisomer      225
6 -0.1042987 0.6149553 -0.0156179
1 -0.4366680 1.1567234 1.0906082
1 -0.6600872 0.7913457 -0.9115735
1 -0.5673760 -1.3887026 0.1904641
8 0.1551903 -0.6336898 -0.0116435
5
-114.672     ts77     dynamics     sesquiterpene     TS     runpoint      38     runisomer      225
6 -0.1158297 0.6237581 -0.0095074
1 -0.4228104 1.1436826 1.0555372
1 -0.6760477 0.8146637 -0.9371197
1 -0.6738236 -1.3178876 0.2077007
8 0.1706821 -0.6454054 -0.0134995
5
-114.681     ts77     dynamics     sesquiterpene     TS     runpoint      39     runisomer      225
6 -0.1294202 0.6350427 -0.0021453
1 -0.4012539 1.1204749 0.9929907
1 -0.6913352 0.8519572 -0.9576281
1 -0.7505553 -1.2209268 0.2174678
8 0.1853189 -0.6608692 -0.0144099
5
-114.691     ts77     dynamics     sesquiterpene     TS     runpoint      40     runisomer      225
6 -0.1444816 0.6477505 0.0047951
1 -0.3759115 1.0929570 0.9160407
1 -0.7013915 0.8985272 -0.9656842
1 -0.7905645 -1.1050757 0.2186156
8 0.1981781 -0.6789035 -0.0143373
5
-114.693     ts77     dynamics     sesquiterpene     TS     runpoint      41     runisomer      225
6 -0.1599808 0.6603433 0.0086121
1 -0.3540770 1.0744046 0.8535878
1 -0.7035818 0.9498593 -0.9574248
1 -0.7914654 -0.9807171 0.2111451
8 0.2086257 -0.6982532 -0.0133195
5
-114.684     ts77     dynamics     sesquiterpene     TS     runpoint      42     runisomer      225
6 -0.1746989 0.6709836 0.0060751
1 -0.3438034 1.0830403 0.8449902
1 -0.6973259 1.0021968 -0.9330613
1 -0.7586379 -0.8605438 0.1967882
8 0.2165591 -0.7176507 -0.0115103
5
-114.68     ts77     dynamics     sesquiterpene     TS     runpoint      43     runisomer      225
6 -0.1880311 0.6792457 -0.0029487
1 -0.3443749 1.1214975 0.8977195
1 -0.6843629 1.0531720 -0.8975760
1 -0.7096589 -0.7577960 0.1798736
8 0.2226953 -0.7359593 -0.0092372
5
-114.682     ts77     dynamics     sesquiterpene     TS     runpoint      44     runisomer      225
6 -0.1998722 0.6864866 -0.0145431
1 -0.3474959 1.1714263 0.9761394
1 -0.6688672 1.1026928 -0.8608901
1 -0.6740359 -0.6822911 0.1671299
8 0.2285551 -0.7524152 -0.0069929
5
-114.669     ts77     dynamics     sesquiterpene     TS     runpoint      45     runisomer      225
6 -0.2099102 0.6938266 -0.0247581
1 -0.3474277 1.2157451 1.0465125
1 -0.6561797 1.1531785 -0.8352191
1 -0.6756314 -0.6370758 0.1639082
8 0.2353836 -0.7667438 -0.0051825
5
-114.652     ts77     dynamics     sesquiterpene     TS     runpoint      46     runisomer      225
6 -0.2178773 0.7015280 -0.0313454
1 -0.3421434 1.2458391 1.0915617
1 -0.6495374 1.2071346 -0.8288361
1 -0.7104539 -0.6216703 0.1698183
8 0.2428053 -0.7787879 -0.0038590
5
-114.643     ts77     dynamics     sesquiterpene     TS     runpoint      47     runisomer      225
6 -0.2239479 0.7095314 -0.0336962
1 -0.3313460 1.2584260 1.1044996
1 -0.6473180 1.2630274 -0.8407052
1 -0.7566249 -0.6347527 0.1807010
8 0.2494500 -0.7882827 -0.0028528
5
-114.639     ts77     dynamics     sesquiterpene     TS     runpoint      48     runisomer      225
6 -0.2286247 0.7178862 -0.0322704
1 -0.3154028 1.2528352 1.0839044
1 -0.6444651 1.3147499 -0.8624705
1 -0.7938361 -0.6734447 0.1923432
8 0.2541202 -0.7950206 -0.0019917
5
-114.641     ts77     dynamics     sesquiterpene     TS     runpoint      49     runisomer      225
6 -0.2323613 0.7266926 -0.0280008
1 -0.2950510 1.2302966 1.0324463
1 -0.6360208 1.3551351 -0.8846450
1 -0.8087697 -0.7343095 0.2017272
8 0.2560504 -0.7989185 -0.0011515
5
-114.648     ts77     dynamics     sesquiterpene     TS     runpoint      50     runisomer      225
6 -0.2353644 0.7357917 -0.0221895
1 -0.2714017 1.1950746 0.9592461
1 -0.6189710 1.3789000 -0.9003336
1 -0.7943942 -0.8142491 0.2070816
8 0.2548335 -0.7999875 -0.0002540
5
-114.658     ts77     dynamics     sesquiterpene     TS     runpoint      51     runisomer      225
6 -0.2376326 0.7443547 -0.0169316
1 -0.2458062 1.1573318 0.8859276
1 -0.5923395 1.3835665 -0.9059707
1 -0.7499774 -0.9100257 0.2078843
8 0.2504478 -0.7982945 0.0007195
5
-114.662     ts77     dynamics     sesquiterpene     TS     runpoint      52     runisomer      225
6 -0.2391270 0.7506577 -0.0153677
1 -0.2188560 1.1345006 0.8499403
1 -0.5568697 1.3695308 -0.9012642
1 -0.6832755 -1.0179796 0.2052726
8 0.2434342 -0.7939002 0.0016763
5
-114.663     ts77     dynamics     sesquiterpene     TS     runpoint      53     runisomer      225
6 -0.2399135 0.7530295 -0.0194376
1 -0.1892324 1.1393700 0.8788262
1 -0.5148785 1.3403241 -0.8898925
1 -0.6119469 -1.1359837 0.2025183
8 0.2350182 -0.7867116 0.0023600
5
-114.678     ts77     dynamics     sesquiterpene     TS     runpoint      54     runisomer      225
6 -0.2399342 0.7512401 -0.0265055
1 -0.1566772 1.1636793 0.9513709
1 -0.4700755 1.3030784 -0.8807669
1 -0.5537918 -1.2645794 0.2031728
8 0.2264949 -0.7764527 0.0024685
5
-114.689     ts77     dynamics     sesquiterpene     TS     runpoint      55     runisomer      225
6 -0.2389093 0.7455247 -0.0320209
1 -0.1238762 1.1918212 1.0274228
1 -0.4263821 1.2673561 -0.8866050
1 -0.5075601 -1.3979463 0.2063848
8 0.2179939 -0.7632860 0.0019736
5
-114.684     ts77     dynamics     sesquiterpene     TS     runpoint      56     runisomer      225
6 -0.2367318 0.7359592 -0.0330326
1 -0.0937620 1.2142612 1.0813911
1 -0.3854968 1.2399935 -0.9161280
1 -0.4590658 -1.5186251 0.2076342
8 0.2088323 -0.7481969 0.0011079
5
-114.673     ts77     dynamics     sesquiterpene     TS     runpoint      57     runisomer      225
6 -0.2336385 0.7229726 -0.0289682
1 -0.0681947 1.2268274 1.1021279
1 -0.3458677 1.2199045 -0.9648851
1 -0.3997241 -1.6087713 0.2035610
8 0.1986645 -0.7323019 0.0000743
5
-114.665     ts77     dynamics     sesquiterpene     TS     runpoint      58     runisomer      225
6 -0.2300012 0.7073720 -0.0208667
1 -0.0480580 1.2279991 1.0864986
1 -0.3050154 1.2005848 -1.0178131
1 -0.3290418 -1.6574221 0.1932136
8 0.1876397 -0.7163902 -0.0010386
5
-114.664     ts77     dynamics     sesquiterpene     TS     runpoint      59     runisomer      225
6 -0.2261316 0.6899367 -0.0102566
1 -0.0334206 1.2178590 1.0363674
1 -0.2617649 1.1761072 -1.0594975
1 -0.2507876 -1.6603386 0.1772860
8 0.1761598 -0.7009458 -0.0022174
5
-114.672     ts77     dynamics     sesquiterpene     TS     runpoint      60     runisomer      225
6 -0.2222999 0.6712054 0.0012699
1 -0.0232630 1.1987137 0.9591707
1 -0.2164217 1.1435710 -1.0797071
1 -0.1709049 -1.6200027 0.1577165
8 0.1647554 -0.6861794 -0.0035012
5
-114.683     ts77     dynamics     sesquiterpene     TS     runpoint      61     runisomer      225
6 -0.2188415 0.6513281 0.0118051
1 -0.0145537 1.1774859 0.8713457
1 -0.1702513 1.1028538 -1.0738985
1 -0.0978529 -1.5508871 0.1383269
8 0.1540997 -0.6717197 -0.0050218
5
-114.683     ts77     dynamics     sesquiterpene     TS     runpoint      62     runisomer      225
6 -0.2163000 0.6299173 0.0188948
1 -0.0011346 1.1685199 0.8005977
1 -0.1250963 1.0560308 -1.0427863
1 -0.0433449 -1.4899382 0.1262336
8 0.1450679 -0.6559836 -0.0070884
5
-114.667     ts77     dynamics     sesquiterpene     TS     runpoint      63     runisomer      225
6 -0.2153600 0.6066640 0.0207106
1 0.0240276 1.1877013 0.7729579
1 -0.0828695 1.0073433 -0.9929868
1 -0.0163455 -1.4847740 0.1300020
8 0.1384158 -0.6370071 -0.0100899
5
-114.667     ts77     dynamics     sesquiterpene     TS     runpoint      64     runisomer      225
6 -0.2163873 0.5831938 0.0184688
1 0.0606045 1.2328784 0.7860916
1 -0.0445369 0.9637422 -0.9384521
1 -0.0118011 -1.5281598 0.1498332
8 0.1341809 -0.6167665 -0.0139270
5
-114.67     ts77     dynamics     sesquiterpene     TS     runpoint      65     runisomer      225
6 -0.2195058 0.5629306 0.0156801
1 0.1005023 1.2848265 0.8172572
1 -0.0089638 0.9346887 -0.8990481
1 -0.0201048 -1.5721327 0.1790055
8 0.1322896 -0.6002391 -0.0181250
5
-114.653     ts77     dynamics     sesquiterpene     TS     runpoint      66     runisomer      225
6 -0.2250081 0.5490892 0.0151962
1 0.1359297 1.3268488 0.8485358
1 0.0262797 0.9283016 -0.8906893
1 -0.0362864 -1.5865982 0.2126507
8 0.1329856 -0.5911903 -0.0223852
5
-114.638     ts77     dynamics     sesquiterpene     TS     runpoint      67     runisomer      225
6 -0.2329662 0.5438684 0.0177068
1 0.1622227 1.3503691 0.8712631
1 0.0610755 0.9450292 -0.9120404
1 -0.0582146 -1.5623116 0.2486375
8 0.1364907 -0.5913414 -0.0266285
5
-114.64     ts77     dynamics     sesquiterpene     TS     runpoint      68     runisomer      225
6 -0.2428073 0.5481531 0.0222719
1 0.1768612 1.3520464 0.8818892
1 0.0913393 0.9776312 -0.9470781
1 -0.0848454 -1.5025442 0.2868094
8 0.1427251 -0.6004835 -0.0309267
5
-114.655     ts77     dynamics     sesquiterpene     TS     runpoint      69     runisomer      225
6 -0.2534487 0.5612709 0.0276463
1 0.1783946 1.3313679 0.8792720
1 0.1120598 1.0170888 -0.9788492
1 -0.1174971 -1.4229960 0.3307158
8 0.1513661 -0.6165235 -0.0355650
5
-114.671     ts77     dynamics     sesquiterpene     TS     runpoint      70     runisomer      225
6 -0.2636796 0.5813811 0.0328292
1 0.1663051 1.2902886 0.8643709
1 0.1196631 1.0563008 -0.9961332
1 -0.1627471 -1.3516548 0.3910361
8 0.1621771 -0.6359917 -0.0412328
5
-114.685     ts77     dynamics     sesquiterpene     TS     runpoint      71     runisomer      225
6 -0.2725510 0.6061533 0.0369227
1 0.1419375 1.2344557 0.8418784
1 0.1124442 1.0907553 -0.9933602
1 -0.2271653 -1.3055458 0.4781043
8 0.1748829 -0.6561386 -0.0485546
5
-114.701     ts77     dynamics     sesquiterpene     TS     runpoint      72     runisomer      225
6 -0.2796845 0.6330796 0.0387752
1 0.1102503 1.1749159 0.8233348
1 0.0903854 1.1183732 -0.9693468
1 -0.3013094 -1.2683827 0.5809388
8 0.1882946 -0.6766745 -0.0567758
5
-114.705     ts77     dynamics     sesquiterpene     TS     runpoint      73     runisomer      225
6 -0.2853720 0.6595706 0.0368819
1 0.0802992 1.1269670 0.8283523
1 0.0551563 1.1395356 -0.9270235
1 -0.3666421 -1.2205376 0.6764712
8 0.2007866 -0.6978803 -0.0643654
5
-114.696     ts77     dynamics     sesquiterpene     TS     runpoint      74     runisomer      225
6 -0.2901198 0.6835739 0.0304995
1 0.0592430 1.1007322 0.8733589
1 0.0106679 1.1577907 -0.8748574
1 -0.4100939 -1.1563966 0.7481499
8 0.2112186 -0.7194301 -0.0702228
5
-114.688     ts77     dynamics     sesquiterpene     TS     runpoint      75     runisomer      225
6 -0.2939652 0.7041485 0.0215737
1 0.0438444 1.0918402 0.9511806
1 -0.0363306 1.1811839 -0.8291123
1 -0.4254992 -1.0787553 0.7877920
8 0.2190082 -0.7406750 -0.0738165
5
-114.682     ts77     dynamics     sesquiterpene     TS     runpoint      76     runisomer      225
6 -0.2967023 0.7207666 0.0139580
1 0.0255832 1.0897504 1.0367941
1 -0.0780488 1.2212102 -0.8105249
1 -0.4112422 -0.9936659 0.7927959
8 0.2239446 -0.7608969 -0.0749910
5
-114.676     ts77     dynamics     sesquiterpene     TS     runpoint      77     runisomer      225
6 -0.2980894 0.7332100 0.0102107
1 -0.0007732 1.0876376 1.1081816
1 -0.1112762 1.2836317 -0.8275192
1 -0.3696249 -0.9088398 0.7657742
8 0.2261206 -0.7793799 -0.0739112
5
-114.675     ts77     dynamics     sesquiterpene     TS     runpoint      78     runisomer      225
6 -0.2977515 0.7422638 0.0100967
1 -0.0363855 1.0827626 1.1528735
1 -0.1390390 1.3598723 -0.8653649
1 -0.3091667 -0.8332295 0.7184924
8 0.2260550 -0.7954362 -0.0712838
5
-114.669     ts77     dynamics     sesquiterpene     TS     runpoint      79     runisomer      225
6 -0.2954847 0.7492417 0.0120776
1 -0.0802087 1.0743563 1.1657084
1 -0.1650499 1.4346413 -0.9018538
1 -0.2490714 -0.7749936 0.6799141
8 0.2249705 -0.8085244 -0.0688551
5
-114.65     ts77     dynamics     sesquiterpene     TS     runpoint      80     runisomer      225
6 -0.2913959 0.7551869 0.0147425
1 -0.1301486 1.0626183 1.1466009
1 -0.1907937 1.4957562 -0.9216857
1 -0.2141664 -0.7363566 0.6917455
8 0.2244758 -0.8185318 -0.0691520
5
-114.642     ts77     dynamics     sesquiterpene     TS     runpoint      81     runisomer      225
6 -0.2857981 0.7605926 0.0169912
1 -0.1835421 1.0490267 1.1005644
1 -0.2161639 1.5360511 -0.9177313
1 -0.2047223 -0.7158120 0.7596957
8 0.2246472 -0.8255667 -0.0724742
5
-114.649     ts77     dynamics     sesquiterpene     TS     runpoint      82     runisomer      225
6 -0.2790613 0.7653878 0.0176960
1 -0.2376527 1.0369977 1.0398219
1 -0.2404022 1.5521613 -0.8885984
1 -0.1985576 -0.7156089 0.8453379
8 0.2241443 -0.8294362 -0.0764130
5
-114.65     ts77     dynamics     sesquiterpene     TS     runpoint      83     runisomer      225
6 -0.2714697 0.7690022 0.0154132
1 -0.2908024 1.0317467 0.9857397
1 -0.2625357 1.5439355 -0.8375532
1 -0.1808345 -0.7369229 0.9160064
8 0.2220785 -0.8299570 -0.0789672
5
-114.646     ts77     dynamics     sesquiterpene     TS     runpoint      84     runisomer      225
6 -0.2630725 0.7704676 0.0089813
1 -0.3439904 1.0381678 0.9623580
1 -0.2815534 1.5156961 -0.7736750
1 -0.1465769 -0.7777920 0.9555590
8 0.2181732 -0.8271084 -0.0791909
5
-114.648     ts77     dynamics     sesquiterpene     TS     runpoint      85     runisomer      225
6 -0.2537401 0.7685835 -0.0005553
1 -0.3998215 1.0558850 0.9764398
1 -0.2968053 1.4794344 -0.7145780
1 -0.0958736 -0.8341400 0.9580589
8 0.2124580 -0.8209763 -0.0768107
5
-114.656     ts77     dynamics     sesquiterpene     TS     runpoint      86     runisomer      225
6 -0.2434660 0.7619670 -0.0094357
1 -0.4580039 1.0779169 1.0108313
1 -0.3089464 1.4557122 -0.6855879
1 -0.0317729 -0.9006522 0.9248807
8 0.2051449 -0.8117147 -0.0720572
5
-114.663     ts77     dynamics     sesquiterpene     TS     runpoint      87     runisomer      225
6 -0.2324231 0.7498000 -0.0141008
1 -0.5148861 1.0962174 1.0433535
1 -0.3197827 1.4595110 -0.7040477
1 0.0400421 -0.9720716 0.8673931
8 0.1966050 -0.7994799 -0.0658269
5
-114.674     ts77     dynamics     sesquiterpene     TS     runpoint      88     runisomer      225
6 -0.2209728 0.7332351 -0.0138443
1 -0.5663493 1.1054449 1.0594092
1 -0.3293210 1.4802889 -0.7604601
1 0.1123980 -1.0465062 0.8114114
8 0.1873021 -0.7842538 -0.0599554
5
-114.679     ts77     dynamics     sesquiterpene     TS     runpoint      89     runisomer      225
6 -0.2095772 0.7143903 -0.0097762
1 -0.6093679 1.1030686 1.0521039
1 -0.3354071 1.4946107 -0.8310800
1 0.1814641 -1.1275230 0.7859047
8 0.1774974 -0.7657649 -0.0564952
5
-114.682     ts77     dynamics     sesquiterpene     TS     runpoint      90     runisomer      225
6 -0.1985773 0.6948468 -0.0030713
1 -0.6423631 1.0886268 1.0199233
1 -0.3361674 1.4858905 -0.8968961
1 0.2485154 -1.2126296 0.7885951
8 0.1671491 -0.7442824 -0.0555250
5
-114.685     ts77     dynamics     sesquiterpene     TS     runpoint      91     runisomer      225
6 -0.1881179 0.6755377 0.0053265
1 -0.6655134 1.0633707 0.9658472
1 -0.3308043 1.4469467 -0.9468723
1 0.3124895 -1.2864104 0.7927581
8 0.1563946 -0.7211022 -0.0555361
