5
-114.654160 ts77 dynamics sesquiterpene TS runpoint 1  runisomer  60
6 -0.0518592 0.6158028 0.0111227
1 -0.1642354 1.3412391 0.9693085
1 -0.1790626 1.1186554 -0.9623628
1 0.9278110 -0.0602368 0.0153564
8 -0.0258771 -0.7502795 -0.0097504
5
-114.641 ts77 dynamics sesquiterpene TS runpoint 2  runisomer  60
6 -0.0527604 0.611849 0.0094833
1 -0.184351 1.33813 1.02641
1 -0.160578 1.07797 -0.976847
1 0.991437 -0.0437052 -0.00991373
8 -0.0291072 -0.745596 -0.0096135
5
-114.636     ts77     dynamics     sesquiterpene     TS     runpoint      3     runisomer      60
6 -0.0526423 0.6100545 0.0090931
1 -0.2043936 1.3117940 1.0567721
1 -0.1461177 1.0403629 -0.9868000
1 1.0574681 -0.0189688 -0.0342069
8 -0.0330039 -0.7417789 -0.0090784
5
-114.633     ts77     dynamics     sesquiterpene     TS     runpoint      4     runisomer      60
6 -0.0505163 0.6095446 0.0102122
1 -0.2235922 1.2640912 1.0571143
1 -0.1370429 1.0098787 -0.9934152
1 1.1168175 0.0214202 -0.0563426
8 -0.0377002 -0.7390141 -0.0081288
5
-114.636     ts77     dynamics     sesquiterpene     TS     runpoint      5     runisomer      60
6 -0.0456345 0.6093552 0.0127753
1 -0.2413117 1.1990306 1.0277596
1 -0.1343410 0.9895982 -0.9976450
1 1.1649820 0.0838014 -0.0750732
8 -0.0434501 -0.7374242 -0.0067573
5
-114.645     ts77     dynamics     sesquiterpene     TS     runpoint      6     runisomer      60
6 -0.0375395 0.6085231 0.0162192
1 -0.2575073 1.1234448 0.9742753
1 -0.1386166 0.9811938 -0.9994162
1 1.2000941 0.1715950 -0.0891668
8 -0.0504456 -0.7370388 -0.0049727
5
-114.657     ts77     dynamics     sesquiterpene     TS     runpoint      7     runisomer      60
6 -0.0258832 0.6060954 0.0191606
1 -0.2742316 1.0486661 0.9115341
1 -0.1502341 0.9848207 -0.9975824
1 1.2203339 0.2845180 -0.0973348
8 -0.0586812 -0.7378492 -0.0028294
5
-114.665     ts77     dynamics     sesquiterpene     TS     runpoint      8     runisomer      60
6 -0.0101577 0.6011373 0.0192608
1 -0.2978513 0.9906806 0.8662690
1 -0.1693977 0.9992480 -0.9906555
1 1.2233499 0.4191533 -0.0982792
8 -0.0679730 -0.7398679 -0.0004299
5
-114.671     ts77     dynamics     sesquiterpene     TS     runpoint      9     runisomer      60
6 0.0100958 0.5933483 0.0145320
1 -0.3368294 0.9620643 0.8627952
1 -0.1961173 1.0221053 -0.9778804
1 1.2077030 0.5696752 -0.0910283
8 -0.0780429 -0.7431460 0.0020738
5
-114.685     ts77     dynamics     sesquiterpene     TS     runpoint      10     runisomer      60
6 0.0342151 0.5839433 0.0057746
1 -0.3904292 0.9598793 0.8947940
1 -0.2300913 1.0501293 -0.9598028
1 1.1751805 0.7285628 -0.0754533
8 -0.0885709 -0.7477301 0.0045067
5
-114.701     ts77     dynamics     sesquiterpene     TS     runpoint      11     runisomer      60
6 0.0602034 0.5749135 -0.0043448
1 -0.4472521 0.9716014 0.9352384
1 -0.2705270 1.0793740 -0.9376016
1 1.1320299 0.8879651 -0.0524673
8 -0.0992215 -0.7535813 0.0067035
5
-114.654160 ts77 dynamics sesquiterpene TS runpoint 1  runisomer  60
6 -0.0518592 0.6158028 0.0111227
1 -0.1642354 1.3412391 0.9693085
1 -0.1790626 1.1186554 -0.9623628
1 0.9278110 -0.0602368 0.0153564
8 -0.0258771 -0.7502795 -0.0097504
5
-114.641 ts77 dynamics sesquiterpene TS runpoint 2  runisomer  60
6 -0.050992 0.622546 0.0134224
1 -0.145035 1.32223 0.893199
1 -0.200021 1.15808 -0.942972
1 0.879148 -0.0758838 0.040788
8 -0.0233508 -0.755638 -0.00950424
5
-114.644     ts77     dynamics     sesquiterpene     TS     runpoint      3     runisomer      60
6 -0.0509651 0.6320370 0.0152361
1 -0.1282387 1.2882243 0.8135497
1 -0.2220208 1.1924300 -0.9199069
1 0.8564790 -0.0969827 0.0661530
8 -0.0216155 -0.7614523 -0.0088984
5
-114.641     ts77     dynamics     sesquiterpene     TS     runpoint      4     runisomer      60
6 -0.0520242 0.6429374 0.0145453
1 -0.1160051 1.2567224 0.7577138
1 -0.2441219 1.2192179 -0.8961625
1 0.8630105 -0.1282461 0.0915398
8 -0.0206122 -0.7673628 -0.0079575
5
-114.633     ts77     dynamics     sesquiterpene     TS     runpoint      5     runisomer      60
6 -0.0539288 0.6529676 0.0090555
1 -0.1101231 1.2505618 0.7575975
1 -0.2661616 1.2377245 -0.8759146
1 0.8922070 -0.1733286 0.1167566
8 -0.0200051 -0.7728259 -0.0066979
5
-114.636     ts77     dynamics     sesquiterpene     TS     runpoint      6     runisomer      60
6 -0.0564532 0.6613669 -0.0011416
1 -0.1095117 1.2717143 0.8172058
1 -0.2888265 1.2489874 -0.8634910
1 0.9315338 -0.2363240 0.1411007
8 -0.0192004 -0.7772004 -0.0051206
5
-114.653     ts77     dynamics     sesquiterpene     TS     runpoint      7     runisomer      60
6 -0.0596065 0.6693972 -0.0131537
1 -0.1109756 1.2984722 0.9060743
1 -0.3134046 1.2551040 -0.8620498
1 0.9674115 -0.3222681 0.1636341
8 -0.0174542 -0.7798804 -0.0032209
5
-114.665     ts77     dynamics     sesquiterpene     TS     runpoint      8     runisomer      60
6 -0.0634855 0.6781449 -0.0242469
1 -0.1121951 1.3128247 0.9929724
1 -0.3411563 1.2579119 -0.8722339
1 0.9886608 -0.4355498 0.1835569
8 -0.0140582 -0.7803859 -0.0009895
5
-114.671     ts77     dynamics     sesquiterpene     TS     runpoint      9     runisomer      60
6 -0.0681197 0.6878619 -0.0329851
1 -0.1122765 1.3076481 1.0591686
1 -0.3725306 1.2577914 -0.8916122
1 0.9890423 -0.5763694 0.2004807
8 -0.0086243 -0.7784687 0.0015469
5
-114.678     ts77     dynamics     sesquiterpene     TS     runpoint      10     runisomer      60
6 -0.0733633 0.6982545 -0.0388485
1 -0.1111872 1.2822128 1.0951578
1 -0.4067854 1.2535355 -0.9153533
1 0.9696202 -0.7384215 0.2148384
8 -0.0013775 -0.7741839 0.0042675
5
-114.687     ts77     dynamics     sesquiterpene     TS     runpoint      11     runisomer      60
6 -0.0788949 0.7087724 -0.0417605
1 -0.1092961 1.2387745 1.0967045
1 -0.4422789 1.2431851 -0.9377701
1 0.9391242 -0.9114637 0.2282843
8 0.0068102 -0.7677814 0.0069181
5
-114.694     ts77     dynamics     sesquiterpene     TS     runpoint      12     runisomer      60
6 -0.0842996 0.7187563 -0.0418727
1 -0.1072051 1.1814700 1.0635722
1 -0.4771098 1.2250294 -0.9538701
1 0.9062335 -1.0859437 0.2424333
8 0.0149989 -0.7595223 0.0092098
5
-114.699     ts77     dynamics     sesquiterpene     TS     runpoint      13     runisomer      60
6 -0.0891611 0.7274674 -0.0396804
1 -0.1057177 1.1167692 1.0012950
1 -0.5096804 1.1983125 -0.9603220
1 0.8685182 -1.2516257 0.2561792
8 0.0229796 -0.7498572 0.0110269
5
-114.697     ts77     dynamics     sesquiterpene     TS     runpoint      14     runisomer      60
6 -0.0931190 0.7339520 -0.0364958
1 -0.1058415 1.0549977 0.9267618
1 -0.5391042 1.1635607 -0.9558820
1 0.8171476 -1.3948578 0.2663827
8 0.0310471 -0.7396148 0.0124095
5
-114.681     ts77     dynamics     sesquiterpene     TS     runpoint      15     runisomer      60
6 -0.0958573 0.7369105 -0.0350026
1 -0.1087790 1.0111715 0.8748381
1 -0.5655752 1.1226095 -0.9416413
1 0.7473377 -1.5027724 0.2706827
8 0.0393520 -0.7296927 0.0133913
5
-114.657     ts77     dynamics     sesquiterpene     TS     runpoint      16     runisomer      60
6 -0.0970429 0.7351646 -0.0379939
1 -0.1158284 0.9986216 0.8838137
1 -0.5908545 1.0784237 -0.9213799
1 0.6598880 -1.5670543 0.2683877
8 0.0477881 -0.7207570 0.0139350
5
-114.652     ts77     dynamics     sesquiterpene     TS     runpoint      17     runisomer      60
6 -0.0963299 0.7287459 -0.0443877
1 -0.1277471 1.0156545 0.9479102
1 -0.6186355 1.0346343 -0.9014701
1 0.5590872 -1.5849686 0.2603055
8 0.0561049 -0.7131256 0.0139456
5
-114.664     ts77     dynamics     sesquiterpene     TS     runpoint      18     runisomer      60
6 -0.0935211 0.7185717 -0.0502206
1 -0.1439855 1.0497186 1.0262077
1 -0.6533413 0.9944884 -0.8881450
1 0.4522015 -1.5621414 0.2493141
8 0.0639414 -0.7065476 0.0132393
5
-114.668     ts77     dynamics     sesquiterpene     TS     runpoint      19     runisomer      60
6 -0.0888018 0.7055230 -0.0528145
1 -0.1631299 1.0897264 1.0874933
1 -0.6968358 0.9595798 -0.8828188
1 0.3507023 -1.5203719 0.2424615
8 0.0707415 -0.6997110 0.0114168
