5
-114.654160 ts77 dynamics sesquiterpene TS runpoint 1  runisomer  147
6 -0.0253131 0.6092673 0.0167103
1 -0.3054667 1.2561708 0.8856428
1 -0.2476951 1.0910117 -0.9275363
1 0.8919509 -0.0701622 -0.0631894
8 -0.0303105 -0.7376488 -0.0059164
5
-114.645 ts77 dynamics sesquiterpene TS runpoint 2  runisomer  147
6 -0.0226734 0.617376 0.00678995
1 -0.323998 1.25611 0.877386
1 -0.271557 1.08707 -0.838594
1 0.946345 -0.0712895 -0.0411448
8 -0.0330468 -0.743409 -0.00494646
5
-114.643     ts77     dynamics     sesquiterpene     TS     runpoint      3     runisomer      147
6 -0.0201898 0.6260647 -0.0003832
1 -0.3377349 1.2446604 0.8682611
1 -0.3029061 1.0995598 -0.7862444
1 1.0151256 -0.0688029 -0.0184787
8 -0.0364022 -0.7501487 -0.0037176
5
-114.635     ts77     dynamics     sesquiterpene     TS     runpoint      4     runisomer      147
6 -0.0163809 0.6331546 -0.0031474
1 -0.3458757 1.2232038 0.8614925
1 -0.3484751 1.1387181 -0.7917803
1 1.0831934 -0.0563241 0.0046652
8 -0.0401636 -0.7573689 -0.0023277
5
-114.639     ts77     dynamics     sesquiterpene     TS     runpoint      5     runisomer      147
6 -0.0109190 0.6382424 -0.0030564
1 -0.3485111 1.1946174 0.8610939
1 -0.4022578 1.1938092 -0.8385652
1 1.1406561 -0.0273194 0.0274275
8 -0.0443274 -0.7646825 -0.0008578
5
-114.644     ts77     dynamics     sesquiterpene     TS     runpoint      6     runisomer      147
6 -0.0041866 0.6416776 -0.0026914
1 -0.3464492 1.1624369 0.8702371
1 -0.4512622 1.2462177 -0.8967670
1 1.1825563 0.0243960 0.0487386
8 -0.0490595 -0.7717936 0.0006164
5
-114.642     ts77     dynamics     sesquiterpene     TS     runpoint      7     runisomer      147
6 0.0035739 0.6434709 -0.0035857
1 -0.3407002 1.1296736 0.8896910
1 -0.4860988 1.2841664 -0.9464452
1 1.2068115 0.1036174 0.0674281
8 -0.0545781 -0.7784575 0.0020135
5
-114.642     ts77     dynamics     sesquiterpene     TS     runpoint      8     runisomer      147
6 0.0123023 0.6435005 -0.0061527
1 -0.3319784 1.0978635 0.9169216
1 -0.5021514 1.3025221 -0.9774737
1 1.2123616 0.2124365 0.0821249
8 -0.0610141 -0.7844895 0.0032526
5
-114.649     ts77     dynamics     sesquiterpene     TS     runpoint      9     runisomer      147
6 0.0219257 0.6418712 -0.0101068
1 -0.3207390 1.0671587 0.9466190
1 -0.4977922 1.2995779 -0.9851095
1 1.1987848 0.3494081 0.0912241
8 -0.0683614 -0.7897780 0.0042557
5
-114.663     ts77     dynamics     sesquiterpene     TS     runpoint      10     runisomer      147
6 0.0321803 0.6389810 -0.0148644
1 -0.3076744 1.0371558 0.9726250
1 -0.4733719 1.2754147 -0.9676189
1 1.1681255 0.5092712 0.0932217
8 -0.0764836 -0.7942703 0.0049585
5
-114.682     ts77     dynamics     sesquiterpene     TS     runpoint      11     runisomer      147
6 0.0424548 0.6353467 -0.0198136
1 -0.2940836 1.0074862 0.9900294
1 -0.4315010 1.2319067 -0.9261444
1 1.1278367 0.6837924 0.0875553
8 -0.0851485 -0.7979293 0.0053203
5
-114.697     ts77     dynamics     sesquiterpene     TS     runpoint      12     runisomer      147
6 0.0520719 0.6311673 -0.0243551
1 -0.2818827 0.9776348 0.9964432
1 -0.3788590 1.1742456 -0.8669137
1 1.0901581 0.8648112 0.0754934
8 -0.0940759 -0.8006848 0.0053508
5
-114.654160 ts77 dynamics sesquiterpene TS runpoint 1  runisomer  147
6 -0.0253131 0.6092673 0.0167103
1 -0.3054667 1.2561708 0.8856428
1 -0.2476951 1.0910117 -0.9275363
1 0.8919509 -0.0701622 -0.0631894
8 -0.0303105 -0.7376488 -0.0059164
5
-114.645 ts77 dynamics sesquiterpene TS runpoint 2  runisomer  147
6 -0.0295133 0.604048 0.026607
1 -0.283733 1.24539 0.89161
1 -0.224011 1.09677 -1.01935
1 0.867613 -0.0708388 -0.0856404
8 -0.0284878 -0.733374 -0.00651802
5
-114.639     ts77     dynamics     sesquiterpene     TS     runpoint      3     runisomer      147
6 -0.0357024 0.6027566 0.0345416
1 -0.2609849 1.2264453 0.8961286
1 -0.1981518 1.0969900 -1.0917562
1 0.8803844 -0.0762286 -0.1098914
8 -0.0277117 -0.7308859 -0.0066655
5
-114.633     ts77     dynamics     sesquiterpene     TS     runpoint      4     runisomer      147
6 -0.0432951 0.6051246 0.0393042
1 -0.2396555 1.2038264 0.9021859
1 -0.1706869 1.0898601 -1.1338288
1 0.9232568 -0.0862365 -0.1358954
8 -0.0277911 -0.7301571 -0.0063315
5
-114.631     ts77     dynamics     sesquiterpene     TS     runpoint      5     runisomer      147
6 -0.0512097 0.6102114 0.0400716
1 -0.2217972 1.1825357 0.9136210
1 -0.1432018 1.0760565 -1.1409791
1 0.9800393 -0.0994017 -0.1616468
8 -0.0282877 -0.7309318 -0.0055565
5
-114.63     ts77     dynamics     sesquiterpene     TS     runpoint      6     runisomer      147
6 -0.0584657 0.6170840 0.0364817
1 -0.2084129 1.1660266 0.9325144
1 -0.1175152 1.0573856 -1.1123668
1 1.0342800 -0.1145852 -0.1843775
8 -0.0287243 -0.7329151 -0.0044259
5
-114.632     ts77     dynamics     sesquiterpene     TS     runpoint      7     runisomer      147
6 -0.0644601 0.6251120 0.0289156
1 -0.1992899 1.1547672 0.9568835
1 -0.0954288 1.0367683 -1.0512491
1 1.0740096 -0.1316949 -0.2017606
8 -0.0286970 -0.7358511 -0.0030420
5
-114.635     ts77     dynamics     sesquiterpene     TS     runpoint      8     runisomer      147
6 -0.0689765 0.6338086 0.0188178
1 -0.1934793 1.1468115 0.9810262
1 -0.0785708 1.0194999 -0.9687328
1 1.0919187 -0.1521582 -0.2123339
8 -0.0278655 -0.7394966 -0.0015213
5
-114.635     ts77     dynamics     sesquiterpene     TS     runpoint      9     runisomer      147
6 -0.0721509 0.6424055 0.0090666
1 -0.1899341 1.1396331 0.9982511
1 -0.0679454 1.0159399 -0.8908116
1 1.0839898 -0.1794772 -0.2154369
8 -0.0258791 -0.7435482 -0.0000054
5
-114.628     ts77     dynamics     sesquiterpene     TS     runpoint      10     runisomer      147
6 -0.0744800 0.6496390 0.0036546
1 -0.1878640 1.1315750 1.0038068
1 -0.0631122 1.0419642 -0.8574869
1 1.0486205 -0.2195503 -0.2110698
8 -0.0223390 -0.7475808 0.0013306
5
-114.631     ts77     dynamics     sesquiterpene     TS     runpoint      11     runisomer      147
6 -0.0767424 0.6548890 0.0044194
1 -0.1868827 1.1224906 0.9968607
1 -0.0623748 1.1046670 -0.8862126
1 0.9870928 -0.2801507 -0.1999625
8 -0.0168742 -0.7510793 0.0023061
5
-114.658     ts77     dynamics     sesquiterpene     TS     runpoint      12     runisomer      147
6 -0.0797397 0.6593750 0.0088145
1 -0.1871372 1.1139121 0.9811651
1 -0.0643018 1.1880872 -0.9466472
1 0.9066176 -0.3686550 -0.1842633
8 -0.0094174 -0.7535829 0.0028164
5
-114.679     ts77     dynamics     sesquiterpene     TS     runpoint      13     runisomer      147
6 -0.0840322 0.6645773 0.0134957
1 -0.1893081 1.1088393 0.9641019
1 -0.0679299 1.2707063 -1.0031280
1 0.8306137 -0.4852757 -0.1696296
8 -0.0010428 -0.7550232 0.0030167
5
-114.673     ts77     dynamics     sesquiterpene     TS     runpoint      14     runisomer      147
6 -0.0896396 0.6709426 0.0162845
1 -0.1943368 1.1107335 0.9541892
1 -0.0727001 1.3387064 -1.0367275
1 0.8170344 -0.6157917 -0.1688638
8 0.0046367 -0.7559784 0.0036193
5
-114.663     ts77     dynamics     sesquiterpene     TS     runpoint      15     runisomer      147
6 -0.0960590 0.6780473 0.0160883
1 -0.2027716 1.1214108 0.9567900
1 -0.0783212 1.3851976 -1.0403288
1 0.9052186 -0.7546047 -0.1909541
8 0.0047815 -0.7561624 0.0052224
5
-114.688     ts77     dynamics     sesquiterpene     TS     runpoint      16     runisomer      147
6 -0.1027142 0.6854452 0.0127934
1 -0.2141868 1.1392474 0.9706017
1 -0.0844466 1.4071826 -1.0127813
1 1.0198735 -0.9054854 -0.2200795
8 0.0036560 -0.7547132 0.0069232
5
-114.691     ts77     dynamics     sesquiterpene     TS     runpoint      17     runisomer      147
6 -0.1092697 0.6929863 0.0071024
1 -0.2272861 1.1596620 0.9887572
1 -0.0905815 1.4041443 -0.9568549
1 1.1035192 -1.0546826 -0.2434551
8 0.0045160 -0.7520633 0.0079972
5
-114.678     ts77     dynamics     sesquiterpene     TS     runpoint      18     runisomer      147
6 -0.1155727 0.7004097 0.0002735
1 -0.2404978 1.1773754 1.0032277
1 -0.0960666 1.3790035 -0.8803569
1 1.1407282 -1.1886761 -0.2572788
8 0.0080780 -0.7487202 0.0082585
5
-114.665     ts77     dynamics     sesquiterpene     TS     runpoint      19     runisomer      147
6 -0.1215502 0.7068225 -0.0058185
1 -0.2525327 1.1882293 1.0082464
1 -0.0999785 1.3417846 -0.8003431
1 1.1322352 -1.2989267 -0.2614115
8 0.0141019 -0.7449208 0.0077326
5
-114.648     ts77     dynamics     sesquiterpene     TS     runpoint      20     runisomer      147
6 -0.1271653 0.7103369 -0.0084606
1 -0.2626844 1.1898872 1.0015296
1 -0.1009081 1.3139535 -0.7473171
1 1.0821692 -1.3795884 -0.2566267
8 0.0221675 -0.7408235 0.0064956
5
-114.636     ts77     dynamics     sesquiterpene     TS     runpoint      21     runisomer      147
6 -0.1323819 0.7089367 -0.0052664
1 -0.2709212 1.1819717 0.9845427
1 -0.0970983 1.3188721 -0.7519033
1 0.9939766 -1.4251261 -0.2436773
8 0.0319185 -0.7367134 0.0046430
5
-114.649     ts77     dynamics     sesquiterpene     TS     runpoint      22     runisomer      147
6 -0.1370305 0.7029608 0.0027197
1 -0.2778869 1.1662295 0.9627214
1 -0.0880912 1.3519979 -0.8083910
1 0.8712015 -1.4300931 -0.2234029
8 0.0430150 -0.7330093 0.0023093
5
-114.676     ts77     dynamics     sesquiterpene     TS     runpoint      23     runisomer      147
6 -0.1407737 0.6943673 0.0118134
1 -0.2848206 1.1465557 0.9448804
1 -0.0755287 1.3878839 -0.8832772
1 0.7234543 -1.3941684 -0.1982638
8 0.0547785 -0.7298438 -0.0002540
5
-114.687     ts77     dynamics     sesquiterpene     TS     runpoint      24     runisomer      147
6 -0.1433003 0.6843348 0.0188719
1 -0.2931952 1.1278264 0.9403255
1 -0.0615373 1.4080337 -0.9497204
1 0.5835947 -1.3423319 -0.1778129
8 0.0651338 -0.7256706 -0.0023647
5
-114.651     ts77     dynamics     sesquiterpene     TS     runpoint      25     runisomer      147
6 -0.1444725 0.6732601 0.0222620
1 -0.3038181 1.1131041 0.9534743
1 -0.0477348 1.4046426 -0.9936356
1 0.5264065 -1.3617908 -0.1882443
8 0.0694182 -0.7149926 -0.0023124
5
-114.639     ts77     dynamics     sesquiterpene     TS     runpoint      26     runisomer      147
6 -0.1443565 0.6617065 0.0217308
1 -0.3160516 1.1017975 0.9800928
1 -0.0351980 1.3761830 -1.0088560
1 0.5518719 -1.4702040 -0.2355963
8 0.0677078 -0.6969867 0.0003523
5
-114.668     ts77     dynamics     sesquiterpene     TS     runpoint      27     runisomer      147
6 -0.1431495 0.6507122 0.0178862
1 -0.3280445 1.0909454 1.0099917
1 -0.0245989 1.3246843 -0.9938659
1 0.5899385 -1.5712962 -0.2922487
8 0.0644920 -0.6784381 0.0039780
5
-114.661     ts77     dynamics     sesquiterpene     TS     runpoint      28     runisomer      147
6 -0.1410807 0.6412554 0.0116908
1 -0.3375981 1.0776804 1.0328267
1 -0.0162289 1.2551238 -0.9514219
1 0.6164369 -1.6246645 -0.3448847
8 0.0613447 -0.6627601 0.0078294
5
-114.651     ts77     dynamics     sesquiterpene     TS     runpoint      29     runisomer      147
6 -0.1383730 0.6337083 0.0044737
1 -0.3429239 1.0607514 1.0414988
1 -0.0096374 1.1771179 -0.8915852
1 0.6283121 -1.6232304 -0.3894849
8 0.0584857 -0.6512053 0.0117371
5
-114.646     ts77     dynamics     sesquiterpene     TS     runpoint      30     runisomer      147
6 -0.1353731 0.6275688 -0.0016307
1 -0.3433072 1.0406046 1.0328334
1 -0.0024045 1.1080378 -0.8378077
1 0.6259328 -1.5681472 -0.4245378
8 0.0559544 -0.6444462 0.0156832
5
-114.645     ts77     dynamics     sesquiterpene     TS     runpoint      31     runisomer      147
6 -0.1326631 0.6217977 -0.0038410
1 -0.3394906 1.0190162 1.0076661
1 0.0107167 1.0709227 -0.8257243
1 0.6073276 -1.4602195 -0.4485390
8 0.0540263 -0.6432157 0.0196772
5
-114.659     ts77     dynamics     sesquiterpene     TS     runpoint      32     runisomer      147
6 -0.1305925 0.6161245 -0.0014287
1 -0.3336129 0.9995326 0.9718570
1 0.0329577 1.0749372 -0.8706892
1 0.5726812 -1.3064601 -0.4623564
8 0.0528840 -0.6476712 0.0238267
5
-114.69     ts77     dynamics     sesquiterpene     TS     runpoint      33     runisomer      147
6 -0.1287637 0.6116586 0.0024055
1 -0.3289422 0.9879266 0.9371671
1 0.0601001 1.1044723 -0.9450169
1 0.5381032 -1.1354333 -0.4810495
8 0.0516855 -0.6562236 0.0289967
5
-114.689     ts77     dynamics     sesquiterpene     TS     runpoint      34     runisomer      147
6 -0.1265789 0.6093268 0.0039249
1 -0.3291183 0.9909895 0.9178814
1 0.0860211 1.1401983 -1.0146999
1 0.5510237 -1.0001547 -0.5546441
8 0.0476103 -0.6654397 0.0381006
5
-114.687     ts77     dynamics     sesquiterpene     TS     runpoint      35     runisomer      147
6 -0.1238327 0.6097085 0.0013949
1 -0.3361083 1.0126182 0.9211000
1 0.1068818 1.1702515 -1.0604970
1 0.6155643 -0.8973420 -0.6924603
8 0.0406086 -0.6754585 0.0513663
5
-114.701     ts77     dynamics     sesquiterpene     TS     runpoint      36     runisomer      147
6 -0.1207272 0.6133731 -0.0048089
1 -0.3484985 1.0501065 0.9399232
1 0.1206754 1.1890665 -1.0745590
1 0.6778140 -0.7997501 -0.8281328
8 0.0342680 -0.6879027 0.0642695
5
-114.684     ts77     dynamics     sesquiterpene     TS     runpoint      37     runisomer      147
6 -0.1176079 0.6206230 -0.0132835
1 -0.3626927 1.0959225 0.9597463
1 0.1264964 1.1948064 -1.0553430
1 0.7147620 -0.7085705 -0.9274673
8 0.0301273 -0.7023340 0.0744279
5
-114.664     ts77     dynamics     sesquiterpene     TS     runpoint      38     runisomer      147
6 -0.1148116 0.6313123 -0.0224974
1 -0.3752578 1.1421690 0.9679472
1 0.1245856 1.1881960 -1.0060502
1 0.7226935 -0.6308730 -0.9817801
8 0.0284409 -0.7177450 0.0811404
5
-114.653     ts77     dynamics     sesquiterpene     TS     runpoint      39     runisomer      147
6 -0.1126777 0.6447595 -0.0308799
1 -0.3840119 1.1829283 0.9575271
1 0.1170280 1.1733120 -0.9364997
1 0.7028884 -0.5725185 -0.9903304
8 0.0291149 -0.7331396 0.0842426
5
-114.651     ts77     dynamics     sesquiterpene     TS     runpoint      40     runisomer      147
6 -0.1116768 0.6596016 -0.0363986
1 -0.3881080 1.2147054 0.9269410
1 0.1090063 1.1601068 -0.8675993
1 0.6574960 -0.5381479 -0.9541321
8 0.0319867 -0.7476092 0.0836891
5
-114.653     ts77     dynamics     sesquiterpene     TS     runpoint      41     runisomer      147
6 -0.1124647 0.6738231 -0.0365249
1 -0.3880777 1.2365700 0.8797129
1 0.1091722 1.1647701 -0.8311162
1 0.5892762 -0.5319719 -0.8752970
8 0.0368634 -0.7603369 0.0794936
5
-114.665     ts77     dynamics     sesquiterpene     TS     runpoint      42     runisomer      147
6 -0.1153775 0.6858690 -0.0302154
1 -0.3862104 1.2508319 0.8250775
1 0.1239546 1.1966403 -0.8470333
1 0.5047803 -0.5570287 -0.7625760
8 0.0433217 -0.7707005 0.0721041
5
-114.684     ts77     dynamics     sesquiterpene     TS     runpoint      43     runisomer      147
6 -0.1197398 0.6957934 -0.0200095
1 -0.3869360 1.2641229 0.7783695
1 0.1499796 1.2431455 -0.8993358
1 0.4253925 -0.6097575 -0.6522064
8 0.0500012 -0.7785907 0.0637328
5
-114.659     ts77     dynamics     sesquiterpene     TS     runpoint      44     runisomer      147
6 -0.1242981 0.7039814 -0.0098728
1 -0.3956847 1.2858544 0.7566030
1 0.1791163 1.2843934 -0.9584450
1 0.4074030 -0.6690640 -0.6511874
8 0.0532680 -0.7849650 0.0611603
5
-114.647     ts77     dynamics     sesquiterpene     TS     runpoint      45     runisomer      147
6 -0.1280275 0.7104255 -0.0024624
1 -0.4149345 1.3203076 0.7668836
1 0.2049417 1.3088994 -1.0038901
1 0.4603265 -0.7327602 -0.7863844
8 0.0523154 -0.7895012 0.0663351
5
-114.686     ts77     dynamics     sesquiterpene     TS     runpoint      46     runisomer      147
6 -0.1305760 0.7155461 0.0016255
1 -0.4414196 1.3603785 0.8001012
1 0.2236567 1.3131586 -1.0253076
1 0.5199160 -0.8107431 -0.9318648
8 0.0509592 -0.7912209 0.0716923
5
-114.673     ts77     dynamics     sesquiterpene     TS     runpoint      47     runisomer      147
6 -0.1320873 0.7201425 0.0029923
1 -0.4689344 1.3935039 0.8401727
1 0.2333750 1.2971918 -1.0184988
1 0.5616087 -0.8956695 -1.0371881
8 0.0505846 -0.7903987 0.0743501
5
-114.651     ts77     dynamics     sesquiterpene     TS     runpoint      48     runisomer      147
6 -0.1328305 0.7247510 0.0024580
1 -0.4921479 1.4098020 0.8740705
1 0.2336816 1.2630545 -0.9835567
1 0.5803090 -0.9794787 -1.0916305
8 0.0514060 -0.7874505 0.0738439
5
-114.639     ts77     dynamics     sesquiterpene     TS     runpoint      49     runisomer      147
6 -0.1331009 0.7293276 0.0009041
1 -0.5077922 1.4041786 0.8941476
1 0.2261071 1.2154568 -0.9258702
1 0.5757265 -1.0558246 -1.0945912
8 0.0533580 -0.7827202 0.0702971
5
-114.641     ts77     dynamics     sesquiterpene     TS     runpoint      50     runisomer      147
6 -0.1333428 0.7331375 -0.0003831
1 -0.5144745 1.3754927 0.8972263
1 0.2157498 1.1637371 -0.8598702
1 0.5483134 -1.1190609 -1.0471178
8 0.0563381 -0.7765263 0.0639192
5
-114.651     ts77     dynamics     sesquiterpene     TS     runpoint      51     runisomer      147
6 -0.1343107 0.7346976 0.0005863
1 -0.5125624 1.3258817 0.8841349
1 0.2131299 1.1232136 -0.8124113
1 0.4986773 -1.1634651 -0.9506949
8 0.0602335 -0.7692172 0.0549510
5
-114.667     ts77     dynamics     sesquiterpene     TS     runpoint      52     runisomer      147
6 -0.1366743 0.7322917 0.0053951
1 -0.5046547 1.2610485 0.8608517
1 0.2300023 1.1087067 -0.8108211
1 0.4293026 -1.1842451 -0.8111950
8 0.0648146 -0.7611010 0.0439201
5
-114.692     ts77     dynamics     sesquiterpene     TS     runpoint      53     runisomer      147
6 -0.1397851 0.7251044 0.0124156
1 -0.4965302 1.1909958 0.8407856
1 0.2655121 1.1200897 -0.8515759
1 0.3510983 -1.1858108 -0.6544818
8 0.0693256 -0.7519107 0.0326106
5
-114.686     ts77     dynamics     sesquiterpene     TS     runpoint      54     runisomer      147
6 -0.1417850 0.7131139 0.0173728
1 -0.4964237 1.1281643 0.8431807
1 0.3064788 1.1452309 -0.9049642
1 0.2979100 -1.2131052 -0.5641807
8 0.0715886 -0.7388191 0.0264160
