5
-114.654160 ts77 dynamics sesquiterpene TS runpoint 1  runisomer  113
6 -0.0486932 0.6276469 0.0015821
1 -0.1919494 1.2469441 0.9945009
1 -0.1554744 1.1937063 -0.9719313
1 0.8897791 -0.0458356 -0.0287902
8 -0.0255965 -0.7588598 -0.0007952
5
-114.643 ts77 dynamics sesquiterpene TS runpoint 2  runisomer  113
6 -0.051407 0.642019 0.0131065
1 -0.18649 1.22048 0.947299
1 -0.146483 1.16373 -1.01453
1 0.945767 -0.0367302 -0.0525742
8 -0.0279989 -0.76666 -0.00228471
5
-114.648     ts77     dynamics     sesquiterpene     TS     runpoint      3     runisomer      113
6 -0.0536010 0.6568515 0.0232726
1 -0.1832896 1.1884448 0.8942441
1 -0.1401752 1.1266124 -1.0387733
1 1.0100754 -0.0240020 -0.0752113
8 -0.0310040 -0.7742328 -0.0036152
5
-114.642     ts77     dynamics     sesquiterpene     TS     runpoint      4     runisomer      113
6 -0.0539901 0.6696384 0.0294903
1 -0.1863120 1.1666543 0.8597993
1 -0.1370717 1.0849974 -1.0412897
1 1.0691342 -0.0025988 -0.0951315
8 -0.0344384 -0.7811793 -0.0046953
5
-114.63     ts77     dynamics     sesquiterpene     TS     runpoint      5     runisomer      113
6 -0.0514577 0.6780409 0.0296073
1 -0.1996147 1.1700582 0.8677868
1 -0.1380561 1.0430129 -1.0232255
1 1.1148774 0.0325890 -0.1106317
8 -0.0383194 -0.7872695 -0.0054478
5
-114.63     ts77     dynamics     sesquiterpene     TS     runpoint      6     runisomer      113
6 -0.0453972 0.6812155 0.0243450
1 -0.2229185 1.1967794 0.9142972
1 -0.1445040 1.0060425 -0.9916547
1 1.1439464 0.0866510 -0.1202578
8 -0.0428224 -0.7924127 -0.0058140
5
-114.64     ts77     dynamics     sesquiterpene     TS     runpoint      7     runisomer      113
6 -0.0357215 0.6795433 0.0170236
1 -0.2510666 1.2313132 0.9719150
1 -0.1585899 0.9804510 -0.9603512
1 1.1557962 0.1637409 -0.1229308
8 -0.0481654 -0.7965794 -0.0057562
5
-114.646     ts77     dynamics     sesquiterpene     TS     runpoint      8     runisomer      113
6 -0.0225129 0.6734901 0.0109414
1 -0.2784782 1.2600824 1.0167286
1 -0.1833875 0.9721024 -0.9455782
1 1.1510329 0.2657515 -0.1179263
8 -0.0544841 -0.7997525 -0.0052624
5
-114.652     ts77     dynamics     sesquiterpene     TS     runpoint      9     runisomer      113
6 -0.0060278 0.6636207 0.0077196
1 -0.3014084 1.2755438 1.0363069
1 -0.2214010 0.9829233 -0.9543176
1 1.1315636 0.3914518 -0.1050228
8 -0.0617840 -0.8019259 -0.0043409
5
-114.667     ts77     dynamics     sesquiterpene     TS     runpoint      10     runisomer      113
6 0.0128229 0.6510037 0.0070156
1 -0.3179541 1.2741890 1.0264401
1 -0.2715669 1.0085246 -0.9770806
1 1.1032820 0.5360013 -0.0850384
8 -0.0699402 -0.8030965 -0.0030154
5
-114.683     ts77     dynamics     sesquiterpene     TS     runpoint      11     runisomer      113
6 0.0321847 0.6370281 0.0076011
1 -0.3278290 1.2548440 0.9879743
1 -0.3286561 1.0405120 -0.9971278
1 1.0789474 0.6921493 -0.0603372
8 -0.0787120 -0.8032481 -0.0013224
5
-114.693     ts77     dynamics     sesquiterpene     TS     runpoint      12     runisomer      113
6 0.0500010 0.6227888 0.0083696
1 -0.3326217 1.2183477 0.9259343
1 -0.3858016 1.0703992 -1.0019172
1 1.0726918 0.8538514 -0.0342957
8 -0.0877800 -0.8023385 0.0006728
5
-114.654160 ts77 dynamics sesquiterpene TS runpoint 1  runisomer  113
6 -0.0486932 0.6276469 0.0015821
1 -0.1919494 1.2469441 0.9945009
1 -0.1554744 1.1937063 -0.9719313
1 0.8897791 -0.0458356 -0.0287902
8 -0.0255965 -0.7588598 -0.0007952
5
-114.643 ts77 dynamics sesquiterpene TS runpoint 2  runisomer  113
6 -0.046665 0.615675 -0.00935047
1 -0.197251 1.25861 1.02235
1 -0.167023 1.21599 -0.918248
1 0.858661 -0.0561037 -0.00466961
8 -0.0240956 -0.75137 0.000749953
5
-114.635     ts77     dynamics     sesquiterpene     TS     runpoint      3     runisomer      113
6 -0.0460706 0.6072222 -0.0182314
1 -0.2011324 1.2515654 1.0258031
1 -0.1815605 1.2328177 -0.8642037
1 0.8642137 -0.0708300 0.0200725
8 -0.0237313 -0.7447170 0.0022305
5
-114.632     ts77     dynamics     sesquiterpene     TS     runpoint      4     runisomer      113
6 -0.0468273 0.6024259 -0.0239119
1 -0.2030613 1.2252144 1.0048193
1 -0.2001190 1.2488604 -0.8220942
1 0.9051804 -0.0906261 0.0460258
8 -0.0244540 -0.7392220 0.0035272
5
-114.636     ts77     dynamics     sesquiterpene     TS     runpoint      5     runisomer      113
6 -0.0481719 0.6007842 -0.0257775
1 -0.2031140 1.1815617 0.9632804
1 -0.2237513 1.2682534 -0.8013086
1 0.9676185 -0.1142354 0.0728095
8 -0.0258866 -0.7349741 0.0045469
5
-114.642     ts77     dynamics     sesquiterpene     TS     runpoint      6     runisomer      113
6 -0.0492269 0.6017770 -0.0242493
1 -0.2021951 1.1260369 0.9102992
1 -0.2523620 1.2903564 -0.8036569
1 1.0334370 -0.1401272 0.0989556
8 -0.0274981 -0.7319817 0.0052389
5
-114.643     ts77     dynamics     sesquiterpene     TS     runpoint      7     runisomer      113
6 -0.0493447 0.6049373 -0.0210969
1 -0.2026651 1.0692939 0.8633767
1 -0.2841692 1.3093756 -0.8233715
1 1.0876746 -0.1673007 0.1227334
8 -0.0287936 -0.7302642 0.0055750
5
-114.634     ts77     dynamics     sesquiterpene     TS     runpoint      8     runisomer      113
6 -0.0481260 0.6095654 -0.0191069
1 -0.2086752 1.0265659 0.8481607
1 -0.3164676 1.3183487 -0.8513091
1 1.1204440 -0.1958843 0.1427875
8 -0.0293602 -0.7298088 0.0055375
5
-114.625     ts77     dynamics     sesquiterpene     TS     runpoint      9     runisomer      113
6 -0.0455452 0.6152482 -0.0203286
1 -0.2235399 1.0079094 0.8813479
1 -0.3467357 1.3125199 -0.8788381
1 1.1258597 -0.2279257 0.1582537
8 -0.0287942 -0.7305118 0.0051241
5
-114.629     ts77     dynamics     sesquiterpene     TS     runpoint      10     runisomer      113
6 -0.0422562 0.6225655 -0.0241335
1 -0.2452602 1.0088193 0.9493176
1 -0.3732990 1.2902472 -0.8998156
1 1.1008060 -0.2681187 0.1686791
8 -0.0266406 -0.7321245 0.0043607
5
-114.642     ts77     dynamics     sesquiterpene     TS     runpoint      11     runisomer      113
6 -0.0393762 0.6323259 -0.0284585
1 -0.2683685 1.0189738 1.0231956
1 -0.3955968 1.2527521 -0.9111509
1 1.0448439 -0.3238653 0.1741630
8 -0.0224147 -0.7342133 0.0033192
5
-114.657     ts77     dynamics     sesquiterpene     TS     runpoint      12     runisomer      113
6 -0.0379866 0.6447669 -0.0316607
1 -0.2882216 1.0313950 1.0811444
1 -0.4143296 1.2038195 -0.9129844
1 0.9622428 -0.4035616 0.1758318
8 -0.0158220 -0.7362253 0.0020796
5
-114.67     ts77     dynamics     sesquiterpene     TS     runpoint      13     runisomer      113
6 -0.0387696 0.6595016 -0.0327160
1 -0.3020431 1.0428669 1.1116242
1 -0.4316297 1.1494379 -0.9088924
1 0.8696403 -0.5112904 0.1772733
8 -0.0074400 -0.7377885 0.0006020
5
-114.675     ts77     dynamics     sesquiterpene     TS     runpoint      14     runisomer      113
6 -0.0417354 0.6755834 -0.0308779
1 -0.3085337 1.0522699 1.1098722
1 -0.4509736 1.0966910 -0.9053187
1 0.8148351 -0.6395021 0.1888727
8 -0.0001354 -0.7390450 -0.0016230
5
-114.668     ts77     dynamics     sesquiterpene     TS     runpoint      15     runisomer      113
6 -0.0462394 0.6916524 -0.0256589
1 -0.3076692 1.0597066 1.0757641
1 -0.4760381 1.0513431 -0.9088006
1 0.8595099 -0.7807539 0.2266674
8 0.0019537 -0.7398130 -0.0055519
5
-114.695     ts77     dynamics     sesquiterpene     TS     runpoint      16     runisomer      113
6 -0.0514662 0.7064961 -0.0173167
1 -0.3008297 1.0666401 1.0145295
1 -0.5083290 1.0155547 -0.9212858
1 0.9525988 -0.9369215 0.2801960
8 0.0016139 -0.7392928 -0.0105392
5
-114.709     ts77     dynamics     sesquiterpene     TS     runpoint      17     runisomer      113
6 -0.0568611 0.7192681 -0.0074227
1 -0.2912536 1.0770108 0.9402437
1 -0.5456346 0.9881654 -0.9380320
1 1.0250821 -1.0916851 0.3297883
8 0.0028419 -0.7380529 -0.0153516
5
-114.691     ts77     dynamics     sesquiterpene     TS     runpoint      18     runisomer      113
6 -0.0619839 0.7290189 0.0010906
1 -0.2848796 1.0991502 0.8794458
1 -0.5833539 0.9669049 -0.9509630
1 1.0541836 -1.2286301 0.3671054
8 0.0068270 -0.7367969 -0.0194462
5
-114.663     ts77     dynamics     sesquiterpene     TS     runpoint      19     runisomer      113
6 -0.0663940 0.7346216 0.0051272
1 -0.2884138 1.1437991 0.8617872
1 -0.6170753 0.9499647 -0.9533888
1 1.0377937 -1.3377371 0.3901714
8 0.0135159 -0.7358733 -0.0226628
5
-114.649     ts77     dynamics     sesquiterpene     TS     runpoint      20     runisomer      113
6 -0.0700904 0.7358331 0.0041948
1 -0.3018976 1.2114573 0.8897614
1 -0.6442358 0.9362487 -0.9423591
1 0.9790165 -1.4125125 0.3989513
8 0.0225540 -0.7354701 -0.0249757
5
-114.656     ts77     dynamics     sesquiterpene     TS     runpoint      21     runisomer      113
6 -0.0735069 0.7337369 0.0006078
1 -0.3180805 1.2875889 0.9367709
1 -0.6646184 0.9252071 -0.9187639
1 0.8817049 -1.4476206 0.3938249
8 0.0335536 -0.7357878 -0.0264119
5
-114.667     ts77     dynamics     sesquiterpene     TS     runpoint      22     runisomer      113
6 -0.0768752 0.7295675 -0.0031448
1 -0.3303082 1.3560600 0.9776375
1 -0.6802313 0.9168219 -0.8866557
1 0.7512839 -1.4392647 0.3759996
8 0.0460539 -0.7369738 -0.0270727
5
-114.678     ts77     dynamics     sesquiterpene     TS     runpoint      23     runisomer      113
6 -0.0800729 0.7240040 -0.0053943
1 -0.3351657 1.4064595 0.9992677
1 -0.6948384 0.9116436 -0.8524199
1 0.6010815 -1.3920059 0.3512567
8 0.0591451 -0.7386280 -0.0273481
5
-114.678     ts77     dynamics     sesquiterpene     TS     runpoint      24     runisomer      113
6 -0.0828562 0.7172334 -0.0051473
1 -0.3312808 1.4332615 0.9969927
1 -0.7126994 0.9104856 -0.8230588
1 0.4679937 -1.3426228 0.3436453
8 0.0705007 -0.7382769 -0.0287614
