5
-114.654160 ts77 dynamics sesquiterpene TS runpoint 1  runisomer  27
6 -0.0285412 0.6298538 -0.0105369
1 -0.2482910 1.1167231 1.0190007
1 -0.2978532 1.0527094 -0.9202998
1 0.9873295 -0.0860894 0.0684296
8 -0.0343411 -0.7408893 -0.0026252
5
-114.647 ts77 dynamics sesquiterpene TS runpoint 2  runisomer  27
6 -0.0310838 0.631311 -0.015606
1 -0.265017 1.15544 1.06643
1 -0.279739 1.12166 -0.930377
1 1.03672 -0.0673356 0.0443996
8 -0.0356327 -0.749949 0.00033835
5
-114.642     ts77     dynamics     sesquiterpene     TS     runpoint      3     runisomer      27
6 -0.0329279 0.6327537 -0.0176621
1 -0.2771468 1.1842102 1.0848843
1 -0.2637752 1.1957201 -0.9449211
1 1.0797332 -0.0384683 0.0190516
8 -0.0372020 -0.7593309 0.0032312
5
-114.637     ts77     dynamics     sesquiterpene     TS     runpoint      4     runisomer      27
6 -0.0336366 0.6341931 -0.0172502
1 -0.2835466 1.1998725 1.0716812
1 -0.2475589 1.2652811 -0.9535609
1 1.1120647 0.0070394 -0.0070796
8 -0.0393267 -0.7686491 0.0059444
5
-114.637     ts77     dynamics     sesquiterpene     TS     runpoint      5     runisomer      27
6 -0.0327655 0.6355695 -0.0150227
1 -0.2837999 1.2009959 1.0282206
1 -0.2298952 1.3220627 -0.9495515
1 1.1319890 0.0747911 -0.0332046
8 -0.0423345 -0.7776004 0.0084041
5
-114.643     ts77     dynamics     sesquiterpene     TS     runpoint      6     runisomer      27
6 -0.0298777 0.6367195 -0.0116878
1 -0.2783751 1.1880342 0.9601973
1 -0.2109056 1.3603683 -0.9305950
1 1.1391545 0.1682984 -0.0582784
8 -0.0464938 -0.7859515 0.0105722
5
-114.655     ts77     dynamics     sesquiterpene     TS     runpoint      7     runisomer      27
6 -0.0245252 0.6373094 -0.0082653
1 -0.2695446 1.1649603 0.8802439
1 -0.1919121 1.3772194 -0.8982592
1 1.1337704 0.2877382 -0.0809420
8 -0.0519263 -0.7935285 0.0124310
5
-114.667     ts77     dynamics     sesquiterpene     TS     runpoint      8     runisomer      27
6 -0.0162139 0.6366312 -0.0063875
1 -0.2628868 1.1418865 0.8114293
1 -0.1754143 1.3725080 -0.8576114
1 1.1173534 0.4292673 -0.0995734
8 -0.0585881 -0.8001888 0.0139699
5
-114.671     ts77     dynamics     sesquiterpene     TS     runpoint      9     runisomer      27
6 -0.0045669 0.6336226 -0.0078836
1 -0.2670340 1.1335642 0.7828149
1 -0.1651533 1.3494495 -0.8172358
1 1.0948977 0.5853891 -0.1126090
8 -0.0662986 -0.8057935 0.0151708
5
-114.674     ts77     dynamics     sesquiterpene     TS     runpoint      10     runisomer      27
6 0.0100797 0.6278126 -0.0127422
1 -0.2868037 1.1454301 0.8055291
1 -0.1660870 1.3148010 -0.7888838
1 1.0757081 0.7471047 -0.1190384
8 -0.0747765 -0.8101909 0.0160015
5
-114.654160 ts77 dynamics sesquiterpene TS runpoint 1  runisomer  27
6 -0.0285412 0.6298538 -0.0105369
1 -0.2482910 1.1167231 1.0190007
1 -0.2978532 1.0527094 -0.9202998
1 0.9873295 -0.0860894 0.0684296
8 -0.0343411 -0.7408893 -0.0026252
5
-114.647 ts77 dynamics sesquiterpene TS runpoint 2  runisomer  27
6 -0.0257458 0.628417 -0.00263418
1 -0.229346 1.07406 0.95192
1 -0.320495 0.996735 -0.923866
1 0.938995 -0.101524 0.0909701
8 -0.0331602 -0.732623 -0.00552305
5
-114.648     ts77     dynamics     sesquiterpene     TS     runpoint      3     runisomer      27
6 -0.0231659 0.6270309 0.0061788
1 -0.2129577 1.0386705 0.8865154
1 -0.3477586 0.9569772 -0.9420522
1 0.9012965 -0.1203543 0.1123404
8 -0.0320357 -0.7256617 -0.0082143
5
-114.638     ts77     dynamics     sesquiterpene     TS     runpoint      4     runisomer      27
6 -0.0211572 0.6254324 0.0121505
1 -0.2065553 1.0272694 0.8567843
1 -0.3768536 0.9329178 -0.9669677
1 0.8828903 -0.1487209 0.1333165
8 -0.0309545 -0.7204410 -0.0105722
5
-114.628     ts77     dynamics     sesquiterpene     TS     runpoint      5     runisomer      27
6 -0.0200757 0.6236142 0.0124487
1 -0.2147648 1.0501862 0.8837416
1 -0.4041701 0.9229852 -0.9884687
1 0.8873336 -0.1918185 0.1547962
8 -0.0298092 -0.7171802 -0.0124917
5
-114.638     ts77     dynamics     sesquiterpene     TS     runpoint      6     runisomer      27
6 -0.0206306 0.6228367 0.0080164
1 -0.2329154 1.0972907 0.9469131
1 -0.4272824 0.9257400 -0.9993719
1 0.9106072 -0.2543142 0.1772195
8 -0.0282609 -0.7158011 -0.0138720
5
-114.651     ts77     dynamics     sesquiterpene     TS     runpoint      7     runisomer      27
6 -0.0234783 0.6246389 0.0012899
1 -0.2531063 1.1506630 1.0124693
1 -0.4454887 0.9397915 -0.9963130
1 0.9422594 -0.3410531 0.2001510
8 -0.0257017 -0.7159359 -0.0145936
5
-114.66     ts77     dynamics     sesquiterpene     TS     runpoint      8     runisomer      27
6 -0.0288942 0.6298327 -0.0060134
1 -0.2701862 1.1978275 1.0591762
1 -0.4595987 0.9636157 -0.9792254
1 0.9695829 -0.4561403 0.2224366
8 -0.0213970 -0.7170540 -0.0145384
5
-114.668     ts77     dynamics     sesquiterpene     TS     runpoint      9     runisomer      27
6 -0.0367763 0.6384361 -0.0128225
1 -0.2816144 1.2321829 1.0776470
1 -0.4715042 0.9956350 -0.9510613
1 0.9821583 -0.5996470 0.2427739
8 -0.0148074 -0.7186481 -0.0136481
5
-114.681     ts77     dynamics     sesquiterpene     TS     runpoint      10     runisomer      27
6 -0.0466313 0.6498371 -0.0182366
1 -0.2861759 1.2505531 1.0649208
1 -0.4837787 1.0344375 -0.9175220
1 0.9745046 -0.7651883 0.2602317
8 -0.0058713 -0.7203731 -0.0119971
5
-114.695     ts77     dynamics     sesquiterpene     TS     runpoint      11     runisomer      27
6 -0.0576666 0.6630793 -0.0214168
1 -0.2833822 1.2518343 1.0219416
1 -0.4991660 1.0786840 -0.8859068
1 0.9461384 -0.9415320 0.2745006
8 0.0049885 -0.7220650 -0.0097938
5
-114.707     ts77     dynamics     sesquiterpene     TS     runpoint      12     runisomer      27
6 -0.0690126 0.6771283 -0.0219099
1 -0.2735101 1.2371134 0.9540620
1 -0.5194463 1.1263263 -0.8625707
1 0.8992322 -1.1159401 0.2855954
8 0.0171117 -0.7236904 -0.0073163
5
-114.711     ts77     dynamics     sesquiterpene     TS     runpoint      13     runisomer      27
6 -0.0799185 0.6909276 -0.0202417
1 -0.2582301 1.2115797 0.8745214
1 -0.5441635 1.1735940 -0.8502393
1 0.8357669 -1.2760208 0.2932773
8 0.0298868 -0.7253258 -0.0048164
5
-114.702     ts77     dynamics     sesquiterpene     TS     runpoint      14     runisomer      27
6 -0.0897659 0.7031210 -0.0184747
1 -0.2415955 1.1880450 0.8099770
1 -0.5706360 1.2150807 -0.8475272
1 0.7572090 -1.4105141 0.2971228
8 0.0428436 -0.7271303 -0.0024876
5
-114.678     ts77     dynamics     sesquiterpene     TS     runpoint      15     runisomer      27
6 -0.0980531 0.7120062 -0.0197409
1 -0.2290468 1.1855064 0.7966581
1 -0.5954497 1.2452704 -0.8507494
1 0.6659134 -1.5107316 0.2972000
8 0.0555862 -0.7292231 -0.0005008
5
-114.66     ts77     dynamics     sesquiterpene     TS     runpoint      16     runisomer      27
6 -0.1047549 0.7170057 -0.0251535
1 -0.2214437 1.2098078 0.8460045
1 -0.6160616 1.2600900 -0.8560442
1 0.5656213 -1.5723052 0.2945651
8 0.0677524 -0.7315589 0.0009498
5
-114.662     ts77     dynamics     sesquiterpene     TS     runpoint      17     runisomer      27
6 -0.1103054 0.7193405 -0.0322696
1 -0.2144001 1.2444778 0.9277627
1 -0.6315046 1.2575991 -0.8606072
1 0.4610420 -1.5969956 0.2916430
8 0.0790337 -0.7337817 0.0016081
5
-114.662     ts77     dynamics     sesquiterpene     TS     runpoint      18     runisomer      27
6 -0.1150219 0.7201425 -0.0382211
1 -0.2049791 1.2724553 1.0076045
1 -0.6423109 1.2381042 -0.8631047
1 0.3572598 -1.5950909 0.2929870
8 0.0891988 -0.7350372 0.0011138
5
-114.655     ts77     dynamics     sesquiterpene     TS     runpoint      19     runisomer      27
6 -0.1190048 0.7197109 -0.0412503
1 -0.1928515 1.2854300 1.0656128
1 -0.6501728 1.2039739 -0.8638882
1 0.2579210 -1.5856372 0.3057767
8 0.0981771 -0.7339744 -0.0010254
5
-114.648     ts77     dynamics     sesquiterpene     TS     runpoint      20     runisomer      27
6 -0.1222595 0.7178799 -0.0404143
1 -0.1788082 1.2809547 1.0926875
1 -0.6575021 1.1590977 -0.8648010
1 0.1613373 -1.5860191 0.3371910
8 0.1062804 -0.7294649 -0.0052796
5
-114.651     ts77     dynamics     sesquiterpene     TS     runpoint      21     runisomer      27
6 -0.1248131 0.7144075 -0.0352577
1 -0.1639087 1.2594708 1.0856543
1 -0.6666768 1.1079854 -0.8681661
1 0.0608361 -1.5935760 0.3876741
8 0.1141656 -0.7218077 -0.0116741
5
-114.663     ts77     dynamics     sesquiterpene     TS     runpoint      22     runisomer      27
6 -0.1268036 0.7091377 -0.0258408
1 -0.1492142 1.2232868 1.0455913
1 -0.6789090 1.0547251 -0.8750578
1 -0.0472276 -1.5885950 0.4493502
8 0.1223120 -0.7125303 -0.0196669
5
-114.678     ts77     dynamics     sesquiterpene     TS     runpoint      23     runisomer      27
6 -0.1285184 0.7019212 -0.0130283
1 -0.1356930 1.1772678 0.9795531
1 -0.6933885 1.0024415 -0.8839500
1 -0.1599995 -1.5535285 0.5118494
8 0.1307627 -0.7031289 -0.0284968
5
-114.69     ts77     dynamics     sesquiterpene     TS     runpoint      24     runisomer      27
6 -0.1303283 0.6923222 0.0010516
1 -0.1240949 1.1313749 0.9060862
1 -0.7076441 0.9536131 -0.8910300
1 -0.2708126 -1.4806980 0.5663197
8 0.1392698 -0.6945463 -0.0374175
5
-114.691     ts77     dynamics     sesquiterpene     TS     runpoint      25     runisomer      27
6 -0.1325944 0.6793404 0.0127389
1 -0.1145017 1.1032739 0.8603464
1 -0.7190129 0.9107040 -0.8920760
1 -0.3719636 -1.3708103 0.6061597
8 0.1474551 -0.6872542 -0.0457490
5
-114.685     ts77     dynamics     sesquiterpene     TS     runpoint      26     runisomer      27
6 -0.1355690 0.6621578 0.0186324
1 -0.1059718 1.1097807 0.8752656
1 -0.7262392 0.8763818 -0.8846168
1 -0.4564338 -1.2306541 0.6270314
8 0.1549268 -0.6814396 -0.0528962
5
-114.693     ts77     dynamics     sesquiterpene     TS     runpoint      27     runisomer      27
6 -0.1392119 0.6420895 0.0193571
1 -0.0980933 1.1449266 0.9385032
1 -0.7303557 0.8533043 -0.8692499
1 -0.5193922 -1.0718064 0.6273475
8 0.1613898 -0.6771512 -0.0584135
5
-114.702     ts77     dynamics     sesquiterpene     TS     runpoint      28     runisomer      27
6 -0.1431589 0.6219774 0.0179655
1 -0.0918185 1.1876564 1.0115686
1 -0.7343481 0.8437642 -0.8492336
1 -0.5598532 -0.9092799 0.6092064
8 0.1667567 -0.6743911 -0.0620933
5
-114.694     ts77     dynamics     sesquiterpene     TS     runpoint      29     runisomer      27
6 -0.1469640 0.6044099 0.0166144
1 -0.0879990 1.2221971 1.0682661
1 -0.7418273 0.8492799 -0.8288158
1 -0.5820214 -0.7589697 0.5789520
8 0.1712392 -0.6732041 -0.0640324
5
-114.673     ts77     dynamics     sesquiterpene     TS     runpoint      30     runisomer      27
6 -0.1503165 0.5913431 0.0162296
1 -0.0867481 1.2407678 1.0972629
1 -0.7552012 0.8700418 -0.8111219
1 -0.5949195 -0.6339828 0.5460532
8 0.1753307 -0.6737519 -0.0646133
5
-114.652     ts77     dynamics     sesquiterpene     TS     runpoint      31     runisomer      27
6 -0.1531707 0.5841317 0.0170150
1 -0.0875019 1.2404144 1.0951306
1 -0.7741495 0.9043607 -0.7965811
1 -0.6091123 -0.5419529 0.5196936
8 0.1796075 -0.6762784 -0.0643229
5
-114.64     ts77     dynamics     sesquiterpene     TS     runpoint      32     runisomer      27
6 -0.1557353 0.5834773 0.0188006
1 -0.0891354 1.2210305 1.0624832
1 -0.7955883 0.9486036 -0.7831500
1 -0.6318341 -0.4853485 0.5049272
8 0.1844174 -0.6809169 -0.0635214
5
-114.639     ts77     dynamics     sesquiterpene     TS     runpoint      33     runisomer      27
6 -0.1583686 0.5892780 0.0212136
1 -0.0900508 1.1851945 1.0037339
1 -0.8151716 0.9979111 -0.7680933
1 -0.6639583 -0.4631827 0.5011235
8 0.1897086 -0.6875121 -0.0623377
5
-114.647     ts77     dynamics     sesquiterpene     TS     runpoint      34     runisomer      27
6 -0.1614738 0.6004939 0.0235112
1 -0.0881316 1.1398677 0.9302517
1 -0.8291020 1.0473164 -0.7496817
1 -0.7002624 -0.4722112 0.5032046
8 0.1950827 -0.6956120 -0.0607218
5
-114.652     ts77     dynamics     sesquiterpene     TS     runpoint      35     runisomer      27
6 -0.1653976 0.6151050 0.0240165
1 -0.0803431 1.0995458 0.8663865
1 -0.8352541 1.0927209 -0.7278753
1 -0.7319240 -0.5085675 0.5043361
8 0.1999187 -0.7046004 -0.0585220
5
-114.646     ts77     dynamics     sesquiterpene     TS     runpoint      36     runisomer      27
6 -0.1703258 0.6305419 0.0201035
1 -0.0624438 1.0845348 0.8481459
1 -0.8336438 1.1315248 -0.7042690
1 -0.7494607 -0.5696511 0.4984437
8 0.2034919 -0.7138286 -0.0555519
5
-114.646     ts77     dynamics     sesquiterpene     TS     runpoint      37     runisomer      27
6 -0.1759632 0.6454172 0.0109079
1 -0.0320817 1.1019130 0.8905032
1 -0.8266271 1.1630074 -0.6820312
1 -0.7450443 -0.6545799 0.4815752
8 0.2050878 -0.7227135 -0.0516588
5
-114.666     ts77     dynamics     sesquiterpene     TS     runpoint      38     runisomer      27
6 -0.1812231 0.6602440 -0.0007246
1 0.0063209 1.1357639 0.9649694
1 -0.8186362 1.1884886 -0.6656776
1 -0.7147163 -0.7625699 0.4525518
8 0.2042006 -0.7307698 -0.0468245
5
-114.683     ts77     dynamics     sesquiterpene     TS     runpoint      39     runisomer      27
6 -0.1848248 0.6754601 -0.0113638
1 0.0454172 1.1689867 1.0366350
1 -0.8146938 1.2106479 -0.6597351
1 -0.6616911 -0.8907224 0.4139392
8 0.2008513 -0.7375985 -0.0413003
5
-114.689     ts77     dynamics     sesquiterpene     TS     runpoint      40     runisomer      27
6 -0.1859945 0.6907113 -0.0189186
1 0.0797246 1.1930854 1.0852794
1 -0.8179780 1.2314958 -0.6664352
1 -0.5997296 -1.0348310 0.3730205
8 0.1958700 -0.7427915 -0.0356966
5
-114.686     ts77     dynamics     sesquiterpene     TS     runpoint      41     runisomer      27
6 -0.1846462 0.7053699 -0.0225427
1 0.1060889 1.2052019 1.1019994
1 -0.8280016 1.2503601 -0.6839996
1 -0.5473701 -1.1927864 0.3382913
8 0.1905295 -0.7457884 -0.0307373
5
-114.685     ts77     dynamics     sesquiterpene     TS     runpoint      42     runisomer      27
6 -0.1812118 0.7189555 -0.0222249
1 0.1229223 1.2050170 1.0839834
1 -0.8410505 1.2640392 -0.7072326
1 -0.5069886 -1.3583801 0.3091618
8 0.1851715 -0.7463954 -0.0265416
5
-114.684     ts77     dynamics     sesquiterpene     TS     runpoint      43     runisomer      27
6 -0.1763629 0.7311589 -0.0184972
1 0.1299030 1.1936871 1.0326747
1 -0.8522803 1.2688051 -0.7298656
1 -0.4650514 -1.5128453 0.2773825
8 0.1791603 -0.7454018 -0.0226783
5
-114.679     ts77     dynamics     sesquiterpene     TS     runpoint      44     runisomer      27
6 -0.1708442 0.7416001 -0.0123959
1 0.1285788 1.1744922 0.9553491
1 -0.8575866 1.2621337 -0.7466430
1 -0.4125847 -1.6360735 0.2377753
8 0.1721323 -0.7438391 -0.0188307
5
-114.67     ts77     dynamics     sesquiterpene     TS     runpoint      45     runisomer      27
6 -0.1655361 0.7494921 -0.0057865
1 0.1242373 1.1551890 0.8702611
1 -0.8545423 1.2433332 -0.7543525
1 -0.3490465 -1.7156004 0.1898174
8 0.1642286 -0.7423463 -0.0149216
5
-114.656     ts77     dynamics     sesquiterpene     TS     runpoint      46     runisomer      27
6 -0.1615952 0.7533584 -0.0016778
1 0.1281017 1.1505963 0.8111833
1 -0.8428660 1.2135476 -0.7523181
1 -0.2779926 -1.7458379 0.1351855
8 0.1558172 -0.7411732 -0.0109700
5
-114.643     ts77     dynamics     sesquiterpene     TS     runpoint      47     runisomer      27
6 -0.1599552 0.7516134 -0.0026298
1 0.1521928 1.1753947 0.8093492
1 -0.8250588 1.1757099 -0.7430305
1 -0.2045747 -1.7264908 0.0762273
8 0.1473217 -0.7402596 -0.0070124
5
-114.653     ts77     dynamics     sesquiterpene     TS     runpoint      48     runisomer      27
6 -0.1599444 0.7442404 -0.0073097
1 0.1937505 1.2241206 0.8532614
1 -0.8070297 1.1345371 -0.7328058
1 -0.1356812 -1.6658102 0.0153221
8 0.1392200 -0.7390268 -0.0030763
5
-114.667     ts77     dynamics     sesquiterpene     TS     runpoint      49     runisomer      27
6 -0.1596898 0.7323398 -0.0120979
1 0.2388716 1.2772191 0.9064822
1 -0.7969101 1.0957955 -0.7304191
1 -0.0817912 -1.5917139 -0.0464026
8 0.1321548 -0.7356715 0.0008999
5
-114.658     ts77     dynamics     sesquiterpene     TS     runpoint      50     runisomer      27
6 -0.1577446 0.7168284 -0.0145655
1 0.2766117 1.3196970 0.9438368
1 -0.8005646 1.0639022 -0.7420324
1 -0.0561951 -1.5580271 -0.1138087
8 0.1269368 -0.7268236 0.0053749
5
-114.649     ts77     dynamics     sesquiterpene     TS     runpoint      51     runisomer      27
6 -0.1538021 0.6985766 -0.0141935
1 0.3014251 1.3438358 0.9542900
1 -0.8167694 1.0395774 -0.7657273
1 -0.0613031 -1.5866798 -0.1969494
8 0.1237600 -0.7113142 0.0111668
5
-114.661     ts77     dynamics     sesquiterpene     TS     runpoint      52     runisomer      27
6 -0.1485101 0.6787246 -0.0117541
1 0.3111898 1.3463340 0.9347212
1 -0.8380965 1.0205860 -0.7926153
1 -0.0845785 -1.6273314 -0.2926590
8 0.1219867 -0.6928190 0.0182925
5
-114.667     ts77     dynamics     sesquiterpene     TS     runpoint      53     runisomer      27
6 -0.1428786 0.6585733 -0.0084601
1 0.3059543 1.3265730 0.8864012
1 -0.8561037 1.0041538 -0.8129587
1 -0.1154765 -1.6363711 -0.3897310
8 0.1211755 -0.6748497 0.0262634
5
-114.67     ts77     dynamics     sesquiterpene     TS     runpoint      54     runisomer      27
6 -0.1379202 0.6393686 -0.0055450
1 0.2880645 1.2870047 0.8147283
1 -0.8648053 0.9882641 -0.8202411
1 -0.1481150 -1.5966896 -0.4791837
8 0.1211899 -0.6594480 0.0346857
5
-114.677     ts77     dynamics     sesquiterpene     TS     runpoint      55     runisomer      27
6 -0.1346474 0.6219754 -0.0043650
1 0.2637789 1.2359274 0.7318664
1 -0.8615425 0.9718259 -0.8119899
1 -0.1785809 -1.5054356 -0.5549118
8 0.1219816 -0.6478941 0.0432721
