5
-114.654160 ts77 dynamics sesquiterpene TS runpoint 1  runisomer  20
6 -0.0140437 0.6225869 -0.0006579
1 -0.3201510 1.1881888 0.9378504
1 -0.3331349 1.0732899 -0.8843902
1 0.9146830 -0.0782976 0.0241807
8 -0.0338892 -0.7417285 -0.0043986
5
-114.647 ts77 dynamics sesquiterpene TS runpoint 2  runisomer  20
6 -0.0171566 0.63186 -0.00964606
1 -0.305329 1.18599 1.02603
1 -0.330685 1.09137 -0.912985
1 0.955337 -0.0657356 0.0483914
8 -0.0352039 -0.750477 -0.00293505
5
-114.645     ts77     dynamics     sesquiterpene     TS     runpoint      3     runisomer      20
6 -0.0211299 0.6418077 -0.0159927
1 -0.2832861 1.1717966 1.0898181
1 -0.3290334 1.1159809 -0.9491410
1 1.0073983 -0.0484104 0.0720146
8 -0.0369973 -0.7596877 -0.0014021
5
-114.639     ts77     dynamics     sesquiterpene     TS     runpoint      4     runisomer      20
6 -0.0251864 0.6515745 -0.0196926
1 -0.2549928 1.1460543 1.1214660
1 -0.3259638 1.1427107 -0.9823608
1 1.0593029 -0.0205191 0.0936496
8 -0.0392007 -0.7688339 0.0001101
5
-114.634     ts77     dynamics     sesquiterpene     TS     runpoint      5     runisomer      20
6 -0.0285249 0.6603185 -0.0209705
1 -0.2224510 1.1109961 1.1179904
1 -0.3195875 1.1674908 -1.0039140
1 1.1028835 0.0237209 0.1115794
8 -0.0418946 -0.7775324 0.0015160
5
-114.634     ts77     dynamics     sesquiterpene     TS     runpoint      6     runisomer      20
6 -0.0303720 0.6672338 -0.0201147
1 -0.1883738 1.0700682 1.0805120
1 -0.3088661 1.1874992 -1.0084399
1 1.1336789 0.0894114 0.1240808
8 -0.0452732 -0.7855387 0.0027323
5
-114.641     ts77     dynamics     sesquiterpene     TS     runpoint      7     runisomer      20
6 -0.0299856 0.6715382 -0.0176438
1 -0.1564528 1.0283823 1.0162315
1 -0.2937365 1.2013028 -0.9941379
1 1.1497870 0.1798661 0.1295182
8 -0.0495430 -0.7927090 0.0036838
5
-114.652     ts77     dynamics     sesquiterpene     TS     runpoint      8     runisomer      20
6 -0.0266486 0.6724106 -0.0147320
1 -0.1318523 0.9939345 0.9432464
1 -0.2752680 1.2089149 -0.9627717
1 1.1506714 0.2953673 0.1263868
8 -0.0548172 -0.7989487 0.0043182
5
-114.659     ts77     dynamics     sesquiterpene     TS     runpoint      9     runisomer      20
6 -0.0196993 0.6689230 -0.0134762
1 -0.1212282 0.9781212 0.8937510
1 -0.2559272 1.2120663 -0.9199856
1 1.1372031 0.4325947 0.1135874
8 -0.0610713 -0.8041792 0.0046040
5
-114.664     ts77     dynamics     sesquiterpene     TS     runpoint      10     runisomer      20
6 -0.0087946 0.6604210 -0.0154936
1 -0.1306458 0.9900866 0.8970812
1 -0.2398639 1.2145078 -0.8755201
1 1.1132801 0.5849299 0.0910544
8 -0.0681636 -0.8083049 0.0045249
5
-114.677     ts77     dynamics     sesquiterpene     TS     runpoint      11     runisomer      20
6 0.0056001 0.6474142 -0.0192229
1 -0.1608564 1.0251830 0.9451782
1 -0.2327620 1.2212751 -0.8414060
1 1.0872533 0.7440138 0.0605162
8 -0.0758688 -0.8112065 0.0040655
5
-114.69     ts77     dynamics     sesquiterpene     TS     runpoint      12     runisomer      20
6 0.0222836 0.6313816 -0.0215028
1 -0.2060983 1.0682810 1.0051944
1 -0.2403166 1.2351580 -0.8258495
1 1.0689580 0.9023323 0.0254576
8 -0.0839075 -0.8127435 0.0032228
5
-114.654160 ts77 dynamics sesquiterpene TS runpoint 1  runisomer  20
6 -0.0140437 0.6225869 -0.0006579
1 -0.3201510 1.1881888 0.9378504
1 -0.3331349 1.0732899 -0.8843902
1 0.9146830 -0.0782976 0.0241807
8 -0.0338892 -0.7417285 -0.0043986
5
-114.647 ts77 dynamics sesquiterpene TS runpoint 2  runisomer  20
6 -0.0123644 0.614687 0.0102061
1 -0.329114 1.18189 0.840492
1 -0.337587 1.06454 -0.871745
1 0.897127 -0.0911309 6.9359e-06
8 -0.0331974 -0.734045 -0.00568865
5
-114.643     ts77     dynamics     sesquiterpene     TS     runpoint      3     runisomer      20
6 -0.0121271 0.6082608 0.0208814
1 -0.3381518 1.1779324 0.7591303
1 -0.3428910 1.0644644 -0.8773141
1 0.9085942 -0.1074233 -0.0243770
8 -0.0331928 -0.7279431 -0.0066845
5
-114.634     ts77     dynamics     sesquiterpene     TS     runpoint      4     runisomer      20
6 -0.0126333 0.6026798 0.0285544
1 -0.3572298 1.1928619 0.7217636
1 -0.3459124 1.0694959 -0.8970216
1 0.9452016 -0.1281118 -0.0493709
8 -0.0337266 -0.7237096 -0.0072719
5
-114.631     ts77     dynamics     sesquiterpene     TS     runpoint      5     runisomer      20
6 -0.0133078 0.5979199 0.0318678
1 -0.3904520 1.2318810 0.7359210
1 -0.3433329 1.0753857 -0.9236390
1 0.9953401 -0.1527022 -0.0747021
8 -0.0344485 -0.7214189 -0.0073784
5
-114.637     ts77     dynamics     sesquiterpene     TS     runpoint      6     runisomer      20
6 -0.0144013 0.5954092 0.0316851
1 -0.4299534 1.2797875 0.7827101
1 -0.3329986 1.0788707 -0.9497672
1 1.0453168 -0.1803404 -0.0993627
8 -0.0349400 -0.7210318 -0.0069896
5
-114.638     ts77     dynamics     sesquiterpene     TS     runpoint      7     runisomer      20
6 -0.0163685 0.5966262 0.0293614
1 -0.4656010 1.3184524 0.8392586
1 -0.3142632 1.0782148 -0.9694744
1 1.0834583 -0.2108217 -0.1220756
8 -0.0348013 -0.7224195 -0.0061383
5
-114.633     ts77     dynamics     sesquiterpene     TS     runpoint      8     runisomer      20
6 -0.0194771 0.6022583 0.0258789
1 -0.4913490 1.3374052 0.8901875
1 -0.2878314 1.0732312 -0.9792053
1 1.1012833 -0.2456933 -0.1417038
8 -0.0336352 -0.7253293 -0.0048859
5
-114.629     ts77     dynamics     sesquiterpene     TS     runpoint      9     runisomer      20
6 -0.0239256 0.6123618 0.0219976
1 -0.5047316 1.3326223 0.9265600
1 -0.2554383 1.0651816 -0.9783512
1 1.0930900 -0.2892341 -0.1574340
8 -0.0309786 -0.7293579 -0.0033296
5
-114.633     ts77     dynamics     sesquiterpene     TS     runpoint      10     runisomer      20
6 -0.0300071 0.6266067 0.0185035
1 -0.5052904 1.3037795 0.9433099
1 -0.2194216 1.0567078 -0.9696263
1 1.0557056 -0.3486258 -0.1688608
8 -0.0262955 -0.7339520 -0.0015947
5
-114.649     ts77     dynamics     sesquiterpene     TS     runpoint      11     runisomer      20
6 -0.0380658 0.6442941 0.0162616
1 -0.4938441 1.2531644 0.9382824
1 -0.1821349 1.0516297 -0.9589467
1 0.9898055 -0.4319672 -0.1762122
8 -0.0191688 -0.7384614 0.0001933
5
-114.674     ts77     dynamics     sesquiterpene     TS     runpoint      12     runisomer      20
6 -0.0482238 0.6642464 0.0159365
1 -0.4729341 1.1861873 0.9133376
1 -0.1452496 1.0541231 -0.9537532
1 0.9054898 -0.5431499 -0.1813887
8 -0.0098780 -0.7423615 0.0020067
5
-114.693     ts77     dynamics     sesquiterpene     TS     runpoint      13     runisomer      20
6 -0.0599865 0.6846966 0.0172886
1 -0.4486053 1.1129525 0.8781054
1 -0.1093453 1.0670457 -0.9590255
1 0.8372607 -0.6762856 -0.1915688
8 -0.0005505 -0.7455167 0.0041862
5
-114.69     ts77     dynamics     sesquiterpene     TS     runpoint      14     runisomer      20
6 -0.0719983 0.7033472 0.0183853
1 -0.4323582 1.0487704 0.8549142
1 -0.0743889 1.0906057 -0.9734026
1 0.8449849 -0.8234726 -0.2218394
8 0.0047456 -0.7476762 0.0076375
5
-114.692     ts77     dynamics     sesquiterpene     TS     runpoint      15     runisomer      20
6 -0.0825333 0.7182205 0.0162628
1 -0.4372649 1.0076357 0.8718095
1 -0.0407232 1.1228044 -0.9899345
1 0.9128741 -0.9850971 -0.2709897
8 0.0065591 -0.7480887 0.0123040
5
-114.701     ts77     dynamics     sesquiterpene     TS     runpoint      16     runisomer      20
6 -0.0909296 0.7289103 0.0100434
1 -0.4644452 0.9899578 0.9311342
1 -0.0092182 1.1607819 -1.0008401
1 0.9735597 -1.1443635 -0.3202365
8 0.0087612 -0.7473532 0.0170223
5
-114.691     ts77     dynamics     sesquiterpene     TS     runpoint      17     runisomer      20
6 -0.0977749 0.7360579 0.0016686
1 -0.5019378 0.9862502 1.0043678
1 0.0192004 1.2017334 -1.0008630
1 0.9979646 -1.2825488 -0.3590751
8 0.0129290 -0.7463563 0.0211384
5
-114.67     ts77     dynamics     sesquiterpene     TS     runpoint      18     runisomer      20
6 -0.1037767 0.7402072 -0.0067086
1 -0.5378865 0.9887175 1.0636388
1 0.0439328 1.2433125 -0.9878051
1 0.9815612 -1.3887690 -0.3843809
8 0.0191705 -0.7455520 0.0244596
5
-114.65     ts77     dynamics     sesquiterpene     TS     runpoint      19     runisomer      20
6 -0.1093466 0.7416109 -0.0137880
1 -0.5653088 0.9931805 1.0937258
1 0.0649045 1.2838372 -0.9620670
1 0.9269934 -1.4569340 -0.3957200
8 0.0271929 -0.7451455 0.0269673
5
-114.642     ts77     dynamics     sesquiterpene     TS     runpoint      20     runisomer      20
6 -0.1146942 0.7403926 -0.0188886
1 -0.5808738 0.9974064 1.0886759
1 0.0826631 1.3223425 -0.9260589
1 0.8380794 -1.4826967 -0.3934481
8 0.0366673 -0.7453022 0.0286990
5
-114.65     ts77     dynamics     sesquiterpene     TS     runpoint      21     runisomer      20
6 -0.1199418 0.7366074 -0.0217102
1 -0.5835999 1.0000687 1.0482319
1 0.0983856 1.3584353 -0.8835212
1 0.7200037 -1.4636106 -0.3790003
8 0.0472233 -0.7461071 0.0297722
5
-114.671     ts77     dynamics     sesquiterpene     TS     runpoint      22     runisomer      20
6 -0.1251347 0.7302013 -0.0223477
1 -0.5747921 1.0006666 0.9774818
1 0.1137303 1.3918105 -0.8386699
1 0.5851275 -1.4058842 -0.3585528
8 0.0580933 -0.7470801 0.0305928
5
-114.684     ts77     dynamics     sesquiterpene     TS     runpoint      23     runisomer      20
6 -0.1300848 0.7209681 -0.0216212
1 -0.5595032 1.0003728 0.8898667
1 0.1305116 1.4215890 -0.7952399
1 0.4671179 -1.3461920 -0.3560304
8 0.0672189 -0.7457731 0.0326717
5
-114.659     ts77     dynamics     sesquiterpene     TS     runpoint      24     runisomer      20
6 -0.1341030 0.7085373 -0.0215375
1 -0.5490697 1.0039567 0.8115840
1 0.1503473 1.4459683 -0.7558052
1 0.4151176 -1.3614139 -0.4244275
8 0.0716001 -0.7372508 0.0393662
5
-114.667     ts77     dynamics     sesquiterpene     TS     runpoint      25     runisomer      20
6 -0.1361193 0.6926295 -0.0248257
1 -0.5592796 1.0199100 0.7753654
1 0.1744590 1.4626861 -0.7218218
1 0.4015628 -1.4243113 -0.5520422
8 0.0730881 -0.7234134 0.0500131
