5
-114.654160 ts77 dynamics sesquiterpene TS runpoint 1  runisomer  97
6 -0.0473621 0.6263743 -0.0097260
1 -0.2032611 1.0849122 0.9024460
1 -0.1769971 1.1537772 -0.8473898
1 0.9750824 -0.0744295 -0.0119396
8 -0.0299008 -0.7433779 0.0045804
5
-114.645 ts77 dynamics sesquiterpene TS runpoint 2  runisomer  97
6 -0.0460742 0.633254 -0.00954826
1 -0.20416 1.11197 0.94223
1 -0.139357 1.10689 -0.842822
1 0.923995 -0.0235349 -0.0370232
8 -0.0299634 -0.750497 0.00323281
5
-114.639     ts77     dynamics     sesquiterpene     TS     runpoint      3     runisomer      97
6 -0.0440260 0.6380331 -0.0050001
1 -0.2077734 1.1423429 0.9831484
1 -0.1124069 1.0894274 -0.8902127
1 0.8897800 0.0307884 -0.0610027
8 -0.0308137 -0.7583189 0.0017405
5
-114.641     ts77     dynamics     sesquiterpene     TS     runpoint      4     runisomer      97
6 -0.0420317 0.6417089 0.0032679
1 -0.2123545 1.1699452 1.0119962
1 -0.0952020 1.0928633 -0.9710549
1 0.8861734 0.0899498 -0.0833043
8 -0.0328783 -0.7667605 0.0002207
5
-114.644     ts77     dynamics     sesquiterpene     TS     runpoint      5     runisomer      97
6 -0.0404816 0.6452499 0.0129087
1 -0.2170210 1.1911351 1.0216953
1 -0.0868847 1.1031453 -1.0527860
1 0.9199450 0.1568964 -0.1033563
8 -0.0363991 -0.7756195 -0.0012080
5
-114.645     ts77     dynamics     sesquiterpene     TS     runpoint      6     runisomer      97
6 -0.0388625 0.6485272 0.0219956
1 -0.2216793 1.2044232 1.0103584
1 -0.0875901 1.1120225 -1.1135594
1 0.9858565 0.2371226 -0.1197946
8 -0.0414293 -0.7845315 -0.0024439
5
-114.649     ts77     dynamics     sesquiterpene     TS     runpoint      7     runisomer      97
6 -0.0359635 0.6507627 0.0291451
1 -0.2270208 1.2102723 0.9804938
1 -0.0975771 1.1159723 -1.1430702
1 1.0687386 0.3355387 -0.1302328
8 -0.0478609 -0.7930295 -0.0034067
5
-114.654     ts77     dynamics     sesquiterpene     TS     runpoint      8     runisomer      97
6 -0.0304907 0.6512130 0.0332079
1 -0.2346145 1.2111658 0.9387786
1 -0.1167302 1.1134942 -1.1376137
1 1.1510405 0.4524367 -0.1322930
8 -0.0554684 -0.8006354 -0.0040391
5
-114.661     ts77     dynamics     sesquiterpene     TS     runpoint      9     runisomer      97
6 -0.0214838 0.6494182 0.0331973
1 -0.2469487 1.2114270 0.8953535
1 -0.1444204 1.1038583 -1.0974465
1 1.2185961 0.5833062 -0.1246563
8 -0.0639608 -0.8069453 -0.0043051
5
-114.669     ts77     dynamics     sesquiterpene     TS     runpoint      10     runisomer      97
6 -0.0084119 0.6452281 0.0285920
1 -0.2669197 1.2155377 0.8607741
1 -0.1796274 1.0871099 -1.0270825
1 1.2622907 0.7211016 -0.1073464
8 -0.0730455 -0.8116891 -0.0041938
5
-114.677     ts77     dynamics     sesquiterpene     TS     runpoint      11     runisomer      97
6 0.0088504 0.6388564 0.0200366
1 -0.2962450 1.2245858 0.8406284
1 -0.2216665 1.0652864 -0.9382888
1 1.2773649 0.8581342 -0.0815819
8 -0.0824515 -0.8147394 -0.0037228
5
-114.682     ts77     dynamics     sesquiterpene     TS     runpoint      12     runisomer      97
6 0.0301564 0.6307734 0.0098774
1 -0.3337304 1.2341720 0.8328969
1 -0.2723248 1.0446242 -0.8539616
1 1.2622398 0.9869081 -0.0496144
8 -0.0919322 -0.8160924 -0.0029399
5
-114.68     ts77     dynamics     sesquiterpene     TS     runpoint      13     runisomer      97
6 0.0554949 0.6214929 0.0014161
1 -0.3757799 1.2369268 0.8313706
1 -0.3385233 1.0344254 -0.8029482
1 1.2177324 1.1010586 -0.0143840
8 -0.1013194 -0.8158543 -0.0019291
5
-114.675     ts77     dynamics     sesquiterpene     TS     runpoint      14     runisomer      97
6 0.0840497 0.6119949 -0.0045342
1 -0.4166518 1.2253960 0.8316598
1 -0.4248361 1.0398783 -0.7930640
1 1.1482912 1.1944665 0.0235651
8 -0.1103543 -0.8142314 -0.0004958
5
-114.682     ts77     dynamics     sesquiterpene     TS     runpoint      15     runisomer      97
6 0.1139355 0.6037181 -0.0082933
1 -0.4544598 1.1968612 0.8288935
1 -0.5216045 1.0495502 -0.8069808
1 1.0621166 1.2633550 0.0590338
8 -0.1188671 -0.8111736 0.0011419
5
-114.68     ts77     dynamics     sesquiterpene     TS     runpoint      16     runisomer      97
6 0.1421757 0.5975093 -0.0111220
1 -0.4880829 1.1503119 0.8203527
1 -0.6126448 1.0531816 -0.8231554
1 0.9730802 1.3078395 0.0889387
8 -0.1265892 -0.8066154 0.0029391
5
-114.654160 ts77 dynamics sesquiterpene TS runpoint 1  runisomer  97
6 -0.0473621 0.6263743 -0.0097260
1 -0.2032611 1.0849122 0.9024460
1 -0.1769971 1.1537772 -0.8473898
1 0.9750824 -0.0744295 -0.0119396
8 -0.0299008 -0.7433779 0.0045804
5
-114.645 ts77 dynamics sesquiterpene TS runpoint 2  runisomer  97
6 -0.047394 0.617979 -0.00827954
1 -0.207442 1.06888 0.880807
1 -0.222482 1.21817 -0.88605
1 1.0284 -0.123354 0.0134821
8 -0.030107 -0.737044 0.00569305
5
-114.646     ts77     dynamics     sesquiterpene     TS     runpoint      3     runisomer      97
6 -0.0461807 0.6096621 -0.0083566
1 -0.2182920 1.0688914 0.8881246
1 -0.2700972 1.2800872 -0.9304405
1 1.0717073 -0.1721636 0.0384292
8 -0.0300615 -0.7316314 0.0065148
5
-114.64     ts77     dynamics     sesquiterpene     TS     runpoint      4     runisomer      97
6 -0.0441192 0.6032273 -0.0109043
1 -0.2347830 1.0824235 0.9193132
1 -0.3150595 1.3258553 -0.9630020
1 1.0959320 -0.2236144 0.0621425
8 -0.0292635 -0.7272979 0.0070186
5
-114.634     ts77     dynamics     sesquiterpene     TS     runpoint      5     runisomer      97
6 -0.0419212 0.6004434 -0.0152038
1 -0.2536947 1.1015159 0.9586861
1 -0.3544509 1.3486798 -0.9760638
1 1.0947712 -0.2824798 0.0839934
8 -0.0271669 -0.7241419 0.0072111
5
-114.633     ts77     dynamics     sesquiterpene     TS     runpoint      6     runisomer      97
6 -0.0405258 0.6027233 -0.0202522
1 -0.2715589 1.1185021 0.9915547
1 -0.3866626 1.3458469 -0.9672253
1 1.0644416 -0.3562609 0.1035929
8 -0.0231483 -0.7220962 0.0071360
5
-114.643     ts77     dynamics     sesquiterpene     TS     runpoint      7     runisomer      97
6 -0.0409215 0.6108263 -0.0253275
1 -0.2856368 1.1285740 1.0088848
1 -0.4109260 1.3172775 -0.9371292
1 1.0052997 -0.4532551 0.1210305
8 -0.0167096 -0.7208989 0.0068576
5
-114.665     ts77     dynamics     sesquiterpene     TS     runpoint      8     runisomer      97
6 -0.0437592 0.6245918 -0.0298796
1 -0.2940245 1.1297622 1.0068211
1 -0.4275762 1.2659190 -0.8897728
1 0.9274732 -0.5770689 0.1375471
8 -0.0081014 -0.7202648 0.0063791
5
-114.687     ts77     dynamics     sesquiterpene     TS     runpoint      9     runisomer      97
6 -0.0488947 0.6426969 -0.0331314
1 -0.2957279 1.1224480 0.9856544
1 -0.4397670 1.1997490 -0.8353661
1 0.8634484 -0.7226981 0.1578499
8 0.0006607 -0.7200427 0.0054450
5
-114.694     ts77     dynamics     sesquiterpene     TS     runpoint      10     runisomer      97
6 -0.0550997 0.6625531 -0.0336753
1 -0.2909837 1.1092838 0.9499277
1 -0.4565857 1.1338905 -0.7947735
1 0.8617994 -0.8857984 0.1913725
8 0.0061798 -0.7196849 0.0034352
5
-114.701     ts77     dynamics     sesquiterpene     TS     runpoint      11     runisomer      97
6 -0.0603675 0.6811360 -0.0299662
1 -0.2817316 1.0956348 0.9097906
1 -0.4924636 1.0855237 -0.7954294
1 0.9043204 -1.0628854 0.2366666
8 0.0091293 -0.7185621 0.0003697
5
-114.704     ts77     dynamics     sesquiterpene     TS     runpoint      12     runisomer      97
6 -0.0634599 0.6967881 -0.0228062
1 -0.2717632 1.0896616 0.8818261
1 -0.5524973 1.0569691 -0.8435853
1 0.9362526 -1.2317276 0.2810183
8 0.0125894 -0.7174916 -0.0029984
5
-114.693     ts77     dynamics     sesquiterpene     TS     runpoint      13     runisomer      97
6 -0.0647987 0.7093206 -0.0158038
1 -0.2654388 1.0996041 0.8833106
1 -0.6235877 1.0360319 -0.9133532
1 0.9346108 -1.3717853 0.3168583
8 0.0177755 -0.7173783 -0.0062052
5
-114.674     ts77     dynamics     sesquiterpene     TS     runpoint      14     runisomer      97
6 -0.0653818 0.7189421 -0.0116002
1 -0.2643148 1.1273031 0.9173319
1 -0.6898840 1.0133855 -0.9763463
1 0.8967465 -1.4719443 0.3418399
8 0.0247035 -0.7186045 -0.0091055
5
-114.658     ts77     dynamics     sesquiterpene     TS     runpoint      15     runisomer      97
6 -0.0660598 0.7261317 -0.0102485
1 -0.2660864 1.1659956 0.9682301
1 -0.7418428 0.9859623 -1.0161306
1 0.8259058 -1.5263913 0.3556783
8 0.0330601 -0.7212798 -0.0116906
5
-114.651     ts77     dynamics     sesquiterpene     TS     runpoint      16     runisomer      97
6 -0.0673740 0.7314042 -0.0106474
1 -0.2676056 1.2062005 1.0157969
1 -0.7751309 0.9538913 -1.0254487
1 0.7265969 -1.5317771 0.3588850
8 0.0424946 -0.7254100 -0.0140035
5
-114.654     ts77     dynamics     sesquiterpene     TS     runpoint      17     runisomer      97
6 -0.0696074 0.7350011 -0.0117855
1 -0.2668534 1.2405245 1.0459561
1 -0.7883245 0.9187194 -1.0022591
1 0.6060381 -1.4892566 0.3537127
8 0.0525494 -0.7307361 -0.0161849
5
-114.666     ts77     dynamics     sesquiterpene     TS     runpoint      18     runisomer      97
6 -0.0728748 0.7368371 -0.0129576
1 -0.2628286 1.2644172 1.0516809
1 -0.7820994 0.8828986 -0.9484307
1 0.4816191 -1.4161860 0.3499047
8 0.0621928 -0.7359677 -0.0188184
