5
-114.654160 ts77 dynamics sesquiterpene TS runpoint 1  runisomer  126
6 -0.0223035 0.6561885 -0.0038338
1 -0.2952912 1.0518352 0.9235855
1 -0.2572206 1.1665253 -0.9331350
1 0.8878590 -0.0512326 -0.0375507
8 -0.0323526 -0.7659255 0.0058441
5
-114.648 ts77 dynamics sesquiterpene TS runpoint 2  runisomer  126
6 -0.0220993 0.655863 0.00381726
1 -0.276327 1.00806 0.871436
1 -0.2831 1.11435 -0.952086
1 0.955531 -0.0365136 -0.0121759
8 -0.0363339 -0.760563 0.00298505
5
-114.641     ts77     dynamics     sesquiterpene     TS     runpoint      3     runisomer      126
6 -0.0209717 0.6527154 0.0073783
1 -0.2710723 0.9912571 0.8661341
1 -0.3082456 1.0644454 -0.9672287
1 1.0327245 -0.0146477 0.0133347
8 -0.0407893 -0.7553763 -0.0000062
5
-114.637     ts77     dynamics     sesquiterpene     TS     runpoint      4     runisomer      126
6 -0.0177023 0.6457313 0.0058908
1 -0.2825530 1.0058741 0.9159401
1 -0.3316730 1.0195210 -0.9763246
1 1.1067850 0.0230270 0.0383683
8 -0.0457078 -0.7506009 -0.0030329
5
-114.646     ts77     dynamics     sesquiterpene     TS     runpoint      5     runisomer      126
6 -0.0121831 0.6353670 0.0019346
1 -0.3020967 1.0399175 0.9894525
1 -0.3526291 0.9824713 -0.9789841
1 1.1701000 0.0843621 0.0618901
8 -0.0512848 -0.7465012 -0.0060115
5
-114.653     ts77     dynamics     sesquiterpene     TS     runpoint      6     runisomer      126
6 -0.0046034 0.6223889 -0.0016914
1 -0.3205351 1.0797473 1.0542792
1 -0.3704720 0.9558487 -0.9760366
1 1.2185066 0.1740957 0.0826380
8 -0.0577344 -0.7432507 -0.0088694
5
-114.654     ts77     dynamics     sesquiterpene     TS     runpoint      7     runisomer      126
6 0.0049153 0.6075093 -0.0034482
1 -0.3330142 1.1165295 1.0933706
1 -0.3846225 0.9413576 -0.9685223
1 1.2487880 0.2922121 0.0992755
8 -0.0651032 -0.7409350 -0.0115353
5
-114.658     ts77     dynamics     sesquiterpene     TS     runpoint      8     runisomer      126
6 0.0162722 0.5916090 -0.0027518
1 -0.3378196 1.1449964 1.1005272
1 -0.3945444 0.9395343 -0.9569958
1 1.2578293 0.4343978 0.1105366
8 -0.0732636 -0.7396446 -0.0139431
5
-114.667     ts77     dynamics     sesquiterpene     TS     runpoint      9     runisomer      126
6 0.0292911 0.5758760 0.0004404
1 -0.3349301 1.1617204 1.0752288
1 -0.3997203 0.9496134 -0.9413798
1 1.2437321 0.5932560 0.1154201
8 -0.0819980 -0.7395409 -0.0160348
5
-114.679     ts77     dynamics     sesquiterpene     TS     runpoint      10     runisomer      126
6 0.0436256 0.5617319 0.0058316
1 -0.3254263 1.1644024 1.0205218
1 -0.3997554 0.9695488 -0.9213295
1 1.2074858 0.7595193 0.1134107
8 -0.0910640 -0.7408320 -0.0177693
5
-114.69     ts77     dynamics     sesquiterpene     TS     runpoint      11     runisomer      126
6 0.0588556 0.5505603 0.0128140
1 -0.3118442 1.1521946 0.9432564
1 -0.3948493 0.9960139 -0.8968118
1 1.1536907 0.9238752 0.1046726
8 -0.1002637 -0.7437060 -0.0191320
5
-114.654160 ts77 dynamics sesquiterpene TS runpoint 1  runisomer  126
6 -0.0223035 0.6561885 -0.0038338
1 -0.2952912 1.0518352 0.9235855
1 -0.2572206 1.1665253 -0.9331350
1 0.8878590 -0.0512326 -0.0375507
8 -0.0323526 -0.7659255 0.0058441
5
-114.648 ts77 dynamics sesquiterpene TS runpoint 2  runisomer  126
6 -0.0234256 0.655738 -0.0122488
1 -0.317074 1.10622 0.987627
1 -0.23173 1.2186 -0.913589
1 0.845036 -0.066817 -0.0627534
8 -0.0290463 -0.771314 0.00847861
5
-114.643     ts77     dynamics     sesquiterpene     TS     runpoint      3     runisomer      126
6 -0.0267042 0.6561357 -0.0189018
1 -0.3336684 1.1575881 1.0376807
1 -0.2075786 1.2682869 -0.8960357
1 0.8377603 -0.0891853 -0.0882237
8 -0.0266037 -0.7765700 0.0108157
5
-114.636     ts77     dynamics     sesquiterpene     TS     runpoint      4     runisomer      126
6 -0.0323770 0.6580809 -0.0225813
1 -0.3415305 1.1980591 1.0617906
1 -0.1853431 1.3129971 -0.8816559
1 0.8650243 -0.1212536 -0.1141670
8 -0.0249711 -0.7813754 0.0127864
5
-114.633     ts77     dynamics     sesquiterpene     TS     runpoint      5     runisomer      126
6 -0.0399914 0.6616174 -0.0229105
1 -0.3397994 1.2234723 1.0560995
1 -0.1652068 1.3498337 -0.8704490
1 0.9144363 -0.1645021 -0.1397715
8 -0.0237492 -0.7852247 0.0142995
5
-114.636     ts77     dynamics     sesquiterpene     TS     runpoint      6     runisomer      126
6 -0.0489520 0.6666300 -0.0199721
1 -0.3291037 1.2318393 1.0212582
1 -0.1470156 1.3759130 -0.8619650
1 0.9688130 -0.2214943 -0.1633253
8 -0.0222715 -0.7875652 0.0152405
5
-114.641     ts77     dynamics     sesquiterpene     TS     runpoint      7     runisomer      126
6 -0.0588809 0.6730612 -0.0141771
1 -0.3113341 1.2232668 0.9621224
1 -0.1302881 1.3889064 -0.8560186
1 1.0122580 -0.2968546 -0.1829478
8 -0.0197336 -0.7879198 0.0154824
5
-114.65     ts77     dynamics     sesquiterpene     TS     runpoint      8     runisomer      126
6 -0.0696280 0.6806825 -0.0064495
1 -0.2901384 1.2016620 0.8904573
1 -0.1142279 1.3875657 -0.8530846
1 1.0328243 -0.3963050 -0.1971756
8 -0.0153145 -0.7859260 0.0149124
5
-114.662     ts77     dynamics     sesquiterpene     TS     runpoint      9     runisomer      126
6 -0.0809740 0.6885321 0.0013263
1 -0.2717716 1.1781854 0.8299123
1 -0.0979075 1.3721049 -0.8542707
1 1.0236338 -0.5233040 -0.2052595
8 -0.0084098 -0.7813588 0.0134767
5
-114.672     ts77     dynamics     sesquiterpene     TS     runpoint      10     runisomer      126
6 -0.0923652 0.6947037 0.0063656
1 -0.2640721 1.1711920 0.8142907
1 -0.0806248 1.3443238 -0.8609490
1 0.9852264 -0.6748835 -0.2076962
8 0.0009813 -0.7742472 0.0112546
5
-114.684     ts77     dynamics     sesquiterpene     TS     runpoint      11     runisomer      126
6 -0.1033367 0.6977980 0.0073260
1 -0.2697753 1.1897985 0.8589871
1 -0.0620626 1.3074398 -0.8743399
1 0.9306445 -0.8417207 -0.2075491
8 0.0118404 -0.7649038 0.0085537
5
-114.703     ts77     dynamics     sesquiterpene     TS     runpoint      12     runisomer      126
6 -0.1139005 0.6982029 0.0061346
1 -0.2830565 1.2208245 0.9388638
1 -0.0421549 1.2655336 -0.8950074
1 0.8853683 -1.0152911 -0.2109183
8 0.0221990 -0.7535853 0.0059304
5
-114.71     ts77     dynamics     sesquiterpene     TS     runpoint      13     runisomer      126
6 -0.1240899 0.6967883 0.0052976
1 -0.2969343 1.2470742 1.0196035
1 -0.0209974 1.2224579 -0.9218343
1 0.8598944 -1.1909838 -0.2206991
8 0.0309875 -0.7403925 0.0037785
5
-114.702     ts77     dynamics     sesquiterpene     TS     runpoint      14     runisomer      126
6 -0.1337855 0.6940870 0.0060252
1 -0.3071658 1.2592122 1.0798070
1 0.0010139 1.1809050 -0.9512706
1 0.8351790 -1.3544933 -0.2319638
8 0.0390755 -0.7262107 0.0020064
5
-114.682     ts77     dynamics     sesquiterpene     TS     runpoint      15     runisomer      126
6 -0.1428127 0.6903926 0.0084405
1 -0.3116247 1.2541325 1.1095571
1 0.0230508 1.1424707 -0.9778972
1 0.7943256 -1.4864966 -0.2394052
8 0.0473134 -0.7123805 0.0004670
5
-114.66     ts77     dynamics     sesquiterpene     TS     runpoint      16     runisomer      126
6 -0.1509928 0.6858723 0.0121442
1 -0.3093784 1.2319474 1.1055850
1 0.0439462 1.1083683 -0.9961105
1 0.7332186 -1.5743365 -0.2408126
8 0.0558401 -0.6999086 -0.0008231
5
-114.648     ts77     dynamics     sesquiterpene     TS     runpoint      17     runisomer      126
6 -0.1581712 0.6806099 0.0165153
1 -0.3003978 1.1947235 1.0692007
1 0.0624694 1.0799502 -1.0017709
1 0.6538147 -1.6119844 -0.2358531
8 0.0644935 -0.6894544 -0.0017644
5
-114.65     ts77     dynamics     sesquiterpene     TS     runpoint      18     runisomer      126
6 -0.1642498 0.6745758 0.0206924
1 -0.2857619 1.1469018 1.0074328
1 0.0776745 1.0588108 -0.9931320
1 0.5592978 -1.5974357 -0.2251147
8 0.0731283 -0.6814992 -0.0022254
5
-114.662     ts77     dynamics     sesquiterpene     TS     runpoint      19     runisomer      126
6 -0.1692028 0.6673517 0.0232516
1 -0.2680750 1.0973246 0.9374210
1 0.0892152 1.0466934 -0.9713003
1 0.4548321 -1.5366912 -0.2109880
8 0.0815827 -0.6760197 -0.0019979
5
-114.668     ts77     dynamics     sesquiterpene     TS     runpoint      20     runisomer      126
6 -0.1730462 0.6578550 0.0219375
1 -0.2512372 1.0609637 0.8901709
1 0.0976108 1.0454926 -0.9405121
1 0.3536901 -1.4606252 -0.2016566
8 0.0892476 -0.6713217 -0.0005606
5
-114.649     ts77     dynamics     sesquiterpene     TS     runpoint      21     runisomer      126
6 -0.1759998 0.6450309 0.0149027
1 -0.2379191 1.0517302 0.8954242
1 0.1045203 1.0573972 -0.9080381
1 0.2774881 -1.4432713 -0.2169849
8 0.0949899 -0.6629634 0.0033077
5
-114.645     ts77     dynamics     sesquiterpene     TS     runpoint      22     runisomer      126
6 -0.1787464 0.6295814 0.0034737
1 -0.2268716 1.0664674 0.9464520
1 0.1125555 1.0847003 -0.8825090
1 0.2226439 -1.5137352 -0.2684902
8 0.0993026 -0.6495816 0.0103066
