5
-114.654160 ts77 dynamics sesquiterpene TS runpoint 1  runisomer  149
6 -0.0133057 0.6396630 0.0048108
1 -0.4041607 1.1500059 0.9227738
1 -0.2598607 1.1021448 -0.8956772
1 0.9319101 -0.0769887 -0.1279883
8 -0.0348522 -0.7540342 0.0027473
5
-114.649 ts77 dynamics sesquiterpene TS runpoint 2  runisomer  149
6 -0.0131733 0.643124 -0.00299325
1 -0.404713 1.15628 0.900728
1 -0.231018 1.12524 -0.809047
1 0.903138 -0.0341491 -0.142331
8 -0.0349209 -0.761181 0.00543661
5
-114.635     ts77     dynamics     sesquiterpene     TS     runpoint      3     runisomer      149
6 -0.0136337 0.6448293 -0.0060711
1 -0.3973261 1.1578803 0.8764962
1 -0.2151007 1.1745885 -0.7763567
1 0.8983680 0.0110751 -0.1550343
8 -0.0357427 -0.7685204 0.0080147
5
-114.631     ts77     dynamics     sesquiterpene     TS     runpoint      4     runisomer      149
6 -0.0144723 0.6440082 -0.0044376
1 -0.3833340 1.1560753 0.8569403
1 -0.2133438 1.2526327 -0.8033651
1 0.9225917 0.0627709 -0.1656791
8 -0.0376328 -0.7759655 0.0103955
5
-114.644     ts77     dynamics     sesquiterpene     TS     runpoint      5     runisomer      149
6 -0.0156263 0.6415685 -0.0013274
1 -0.3651476 1.1534689 0.8494527
1 -0.2185152 1.3371319 -0.8594624
1 0.9736463 0.1274935 -0.1730188
8 -0.0408040 -0.7833748 0.0125326
5
-114.652     ts77     dynamics     sesquiterpene     TS     runpoint      6     runisomer      149
6 -0.0164604 0.6381760 0.0004263
1 -0.3449457 1.1525492 0.8584797
1 -0.2253058 1.4068278 -0.9169329
1 1.0425552 0.2122865 -0.1751807
8 -0.0453648 -0.7905063 0.0144083
5
-114.655     ts77     dynamics     sesquiterpene     TS     runpoint      7     runisomer      149
6 -0.0160195 0.6339781 -0.0004137
1 -0.3235392 1.1535528 0.8826783
1 -0.2319495 1.4508532 -0.9612527
1 1.1164451 0.3205873 -0.1704244
8 -0.0512812 -0.7970180 0.0160076
5
-114.657     ts77     dynamics     sesquiterpene     TS     runpoint      8     runisomer      149
6 -0.0134936 0.6292325 -0.0038572
1 -0.3005645 1.1539228 0.9151978
1 -0.2383147 1.4649166 -0.9858735
1 1.1821874 0.4501012 -0.1578617
8 -0.0583653 -0.8025281 0.0173036
5
-114.659     ts77     dynamics     sesquiterpene     TS     runpoint      9     runisomer      149
6 -0.0083614 0.6244824 -0.0093032
1 -0.2756590 1.1499763 0.9470703
1 -0.2447972 1.4477602 -0.9880779
1 1.2292267 0.5940134 -0.1377073
8 -0.0663405 -0.8067018 0.0182528
5
-114.663     ts77     dynamics     sesquiterpene     TS     runpoint      10     runisomer      149
6 -0.0003758 0.6203804 -0.0159928
1 -0.2492616 1.1388148 0.9706506
1 -0.2520325 1.3998440 -0.9674005
1 1.2510483 0.7433666 -0.1111089
8 -0.0749143 -0.8093134 0.0188099
5
-114.67     ts77     dynamics     sesquiterpene     TS     runpoint      11     runisomer      149
6 0.0104893 0.6174485 -0.0231655
1 -0.2227015 1.1191710 0.9813120
1 -0.2611507 1.3238042 -0.9260151
1 1.2453617 0.8889377 -0.0798086
8 -0.0838064 -0.8102572 0.0189419
5
-114.678     ts77     dynamics     sesquiterpene     TS     runpoint      12     runisomer      149
6 0.0241724 0.6157714 -0.0299409
1 -0.1979834 1.0914008 0.9778868
1 -0.2748358 1.2266845 -0.8713265
1 1.2135574 1.0224388 -0.0457515
8 -0.0927629 -0.8095406 0.0186510
5
-114.683     ts77     dynamics     sesquiterpene     TS     runpoint      13     runisomer      149
6 0.0408326 0.6146307 -0.0350228
1 -0.1777619 1.0569601 0.9628466
1 -0.3000054 1.1234177 -0.8207977
1 1.1598352 1.1374729 -0.0107317
8 -0.1015659 -0.8072571 0.0180229
5
-114.677     ts77     dynamics     sesquiterpene     TS     runpoint      14     runisomer      149
6 0.0611371 0.6126637 -0.0365982
1 -0.1663430 1.0178969 0.9421263
1 -0.3498483 1.0348176 -0.8018659
1 1.0907186 1.2300352 0.0226025
8 -0.1100229 -0.8035693 0.0172191
5
-114.671     ts77     dynamics     sesquiterpene     TS     runpoint      15     runisomer      149
6 0.0850545 0.6093040 -0.0342642
1 -0.1685683 0.9777248 0.9245810
1 -0.4327588 0.9701150 -0.8269811
1 1.0149896 1.2979018 0.0507444
8 -0.1178310 -0.7987158 0.0163850
5
-114.674     ts77     dynamics     sesquiterpene     TS     runpoint      16     runisomer      149
6 0.1105210 0.6054337 -0.0306602
1 -0.1890819 0.9394738 0.9194217
1 -0.5354045 0.9202179 -0.8727707
1 0.9433220 1.3419901 0.0703128
8 -0.1246604 -0.7930358 0.0156607
5
-114.654160 ts77 dynamics sesquiterpene TS runpoint 1  runisomer  149
6 -0.0133057 0.6396630 0.0048108
1 -0.4041607 1.1500059 0.9227738
1 -0.2598607 1.1021448 -0.8956772
1 0.9319101 -0.0769887 -0.1279883
8 -0.0348522 -0.7540342 0.0027473
5
-114.649 ts77 dynamics sesquiterpene TS runpoint 2  runisomer  149
6 -0.0145391 0.636168 0.014366
1 -0.39594 1.13935 0.938305
1 -0.291937 1.08757 -0.998221
1 0.974506 -0.119833 -0.111896
8 -0.035108 -0.747122 4.71122e-05
5
-114.649     ts77     dynamics     sesquiterpene     TS     runpoint      3     runisomer      149
6 -0.0170435 0.6335686 0.0230713
1 -0.3817397 1.1258763 0.9459638
1 -0.3195803 1.0712813 -1.0859891
1 1.0187048 -0.1648568 -0.0938733
8 -0.0351671 -0.7404590 -0.0025723
5
-114.64     ts77     dynamics     sesquiterpene     TS     runpoint      4     runisomer      149
6 -0.0207029 0.6321527 0.0294244
1 -0.3642322 1.1121311 0.9471536
1 -0.3393243 1.0508168 -1.1436298
1 1.0531130 -0.2151632 -0.0739934
8 -0.0344495 -0.7340704 -0.0050343
5
-114.631     ts77     dynamics     sesquiterpene     TS     runpoint      5     runisomer      149
6 -0.0254205 0.6320759 0.0325611
1 -0.3465023 1.1011517 0.9453176
1 -0.3501330 1.0269399 -1.1648875
1 1.0685955 -0.2756113 -0.0527068
8 -0.0323233 -0.7280057 -0.0072737
5
-114.63     ts77     dynamics     sesquiterpene     TS     runpoint      6     runisomer      149
6 -0.0313340 0.6335957 0.0319678
1 -0.3312675 1.0957285 0.9444846
1 -0.3520849 1.0014117 -1.1479594
1 1.0587637 -0.3530775 -0.0307754
8 -0.0281052 -0.7223135 -0.0092254
5
-114.642     ts77     dynamics     sesquiterpene     TS     runpoint      7     runisomer      149
6 -0.0388095 0.6370199 0.0275050
1 -0.3199642 1.0974545 0.9472725
1 -0.3459543 0.9765545 -1.0941980
1 1.0211340 -0.4546923 -0.0090620
8 -0.0212248 -0.7170217 -0.0108077
5
-114.667     ts77     dynamics     sesquiterpene     TS     runpoint      8     runisomer      149
6 -0.0481335 0.6424300 0.0196824
1 -0.3122724 1.1060990 0.9534065
1 -0.3337428 0.9558876 -1.0101776
1 0.9612550 -0.5832024 0.0118761
8 -0.0117126 -0.7122252 -0.0119391
5
-114.692     ts77     dynamics     sesquiterpene     TS     runpoint      9     runisomer      149
6 -0.0590087 0.6493226 0.0102312
1 -0.3066206 1.1197429 0.9599216
1 -0.3206774 0.9459117 -0.9143068
1 0.9017563 -0.7339745 0.0326363
8 -0.0009868 -0.7081261 -0.0126083
5
-114.696     ts77     dynamics     sesquiterpene     TS     runpoint      10     runisomer      149
6 -0.0701909 0.6562774 0.0027728
1 -0.3012258 1.1356148 0.9629793
1 -0.3180281 0.9587713 -0.8456486
1 0.8815221 -0.9020842 0.0561185
8 0.0081677 -0.7045599 -0.0130111
5
-114.689     ts77     dynamics     sesquiterpene     TS     runpoint      11     runisomer      149
6 -0.0800072 0.6614751 0.0012373
1 -0.2948986 1.1512003 0.9602399
1 -0.3384802 1.0078890 -0.8468166
1 0.9009672 -1.0842957 0.0842966
8 0.0151950 -0.7010546 -0.0133881
5
-114.7     ts77     dynamics     sesquiterpene     TS     runpoint      12     runisomer      149
6 -0.0881244 0.6647953 0.0047628
1 -0.2872836 1.1651168 0.9524929
1 -0.3783687 1.0867070 -0.9055405
1 0.9177756 -1.2601899 0.1139661
8 0.0222573 -0.6983056 -0.0137145
5
-114.701     ts77     dynamics     sesquiterpene     TS     runpoint      13     runisomer      149
6 -0.0952787 0.6675151 0.0094718
1 -0.2785922 1.1772926 0.9429564
1 -0.4226944 1.1723281 -0.9761746
1 0.9082200 -1.4071423 0.1414817
8 0.0304700 -0.6972494 -0.0139305
5
-114.679     ts77     dynamics     sesquiterpene     TS     runpoint      14     runisomer      149
6 -0.1019730 0.6704160 0.0128060
1 -0.2692053 1.1885061 0.9354288
1 -0.4608937 1.2473393 -1.0299402
1 0.8689316 -1.5124902 0.1649937
8 0.0397808 -0.6982201 -0.0140526
5
-114.654     ts77     dynamics     sesquiterpene     TS     runpoint      15     runisomer      149
6 -0.1083577 0.6736563 0.0137217
1 -0.2593945 1.1994782 0.9327206
1 -0.4880346 1.3027205 -1.0555432
1 0.8034360 -1.5703597 0.1837788
8 0.0497878 -0.7011851 -0.0141409
5
-114.64     ts77     dynamics     sesquiterpene     TS     runpoint      16     runisomer      149
6 -0.1144324 0.6772618 0.0120281
1 -0.2492363 1.2099337 0.9355582
1 -0.5022963 1.3339722 -1.0498481
1 0.7158206 -1.5773655 0.1976215
8 0.0601222 -0.7060764 -0.0142810
5
-114.643     ts77     dynamics     sesquiterpene     TS     runpoint      17     runisomer      149
6 -0.1201749 0.6812818 0.0080152
1 -0.2386156 1.2183002 0.9424762
1 -0.5034990 1.3386632 -1.0132516
1 0.6113612 -1.5341511 0.2073058
8 0.0704171 -0.7126366 -0.0146235
5
-114.658     ts77     dynamics     sesquiterpene     TS     runpoint      18     runisomer      149
6 -0.1255892 0.6855910 0.0023053
1 -0.2272082 1.2222529 0.9507536
1 -0.4925855 1.3161114 -0.9489854
1 0.5042670 -1.4583012 0.2181149
8 0.0798182 -0.7194765 -0.0155941
5
-114.662     ts77     dynamics     sesquiterpene     TS     runpoint      19     runisomer      149
6 -0.1305766 0.6896856 -0.0040121
1 -0.2145444 1.2196883 0.9576468
1 -0.4723488 1.2691735 -0.8657569
1 0.4297997 -1.4108110 0.2505273
8 0.0861767 -0.7224220 -0.0185772
5
-114.648     ts77     dynamics     sesquiterpene     TS     runpoint      20     runisomer      149
6 -0.1346365 0.6924470 -0.0088302
1 -0.2002781 1.2097093 0.9613200
1 -0.4503346 1.2091712 -0.7846148
1 0.4156408 -1.4570939 0.3358543
8 0.0878265 -0.7171672 -0.0256843
5
-114.666     ts77     dynamics     sesquiterpene     TS     runpoint      21     runisomer      149
6 -0.1365517 0.6919208 -0.0085037
1 -0.1844634 1.1932627 0.9613938
1 -0.4423142 1.1609297 -0.7455894
1 0.4234365 -1.5291547 0.4530288
8 0.0872683 -0.7081552 -0.0357767
