5
-114.654160 ts77 dynamics sesquiterpene TS runpoint 1  runisomer  153
6 -0.0150411 0.6452495 -0.0038269
1 -0.2518813 1.2230601 0.8450268
1 -0.4071891 1.1719406 -0.8384954
1 0.9198698 -0.0719666 0.1458391
8 -0.0331029 -0.7675431 -0.0067292
5
-114.645 ts77 dynamics sesquiterpene TS runpoint 2  runisomer  153
6 -0.015033 0.640999 -0.0065307
1 -0.265575 1.25039 0.847246
1 -0.414593 1.11735 -0.780154
1 0.988522 -0.0716964 0.153886
8 -0.036105 -0.762654 -0.00902368
5
-114.638     ts77     dynamics     sesquiterpene     TS     runpoint      3     runisomer      153
6 -0.0141889 0.6350816 -0.0068017
1 -0.2772165 1.2724428 0.8614049
1 -0.4317466 1.0787318 -0.7632589
1 1.0581679 -0.0658493 0.1579385
8 -0.0393119 -0.7575395 -0.0110336
5
-114.631     ts77     dynamics     sesquiterpene     TS     runpoint      4     runisomer      153
6 -0.0114797 0.6271236 -0.0031715
1 -0.2842042 1.2841816 0.8804208
1 -0.4642975 1.0627851 -0.7980376
1 1.1187873 -0.0482312 0.1564522
8 -0.0426728 -0.7524150 -0.0126721
5
-114.635     ts77     dynamics     sesquiterpene     TS     runpoint      5     runisomer      153
6 -0.0072448 0.6180032 0.0031879
1 -0.2850080 1.2823940 0.8982291
1 -0.5020910 1.0604368 -0.8646449
1 1.1653787 -0.0123885 0.1486919
8 -0.0463545 -0.7475705 -0.0138813
5
-114.64     ts77     dynamics     sesquiterpene     TS     runpoint      6     runisomer      153
6 -0.0021910 0.6086197 0.0103235
1 -0.2792645 1.2660135 0.9107602
1 -0.5309414 1.0605275 -0.9360602
1 1.1965958 0.0475699 0.1345107
8 -0.0506587 -0.7432840 -0.0146317
5
-114.642     ts77     dynamics     sesquiterpene     TS     runpoint      7     runisomer      153
6 0.0033757 0.5993642 0.0168369
1 -0.2677800 1.2360587 0.9163127
1 -0.5422168 1.0572870 -0.9943046
1 1.2126282 0.1353537 0.1139941
8 -0.0558600 -0.7397803 -0.0149065
5
-114.647     ts77     dynamics     sesquiterpene     TS     runpoint      8     runisomer      153
6 0.0095209 0.5903959 0.0218288
1 -0.2526147 1.1955067 0.9158260
1 -0.5326405 1.0489055 -1.0299662
1 1.2135589 0.2513570 0.0872119
8 -0.0620889 -0.7372784 -0.0146884
5
-114.658     ts77     dynamics     sesquiterpene     TS     runpoint      9     runisomer      153
6 0.0164569 0.5819283 0.0245971
1 -0.2370420 1.1490603 0.9129710
1 -0.5021872 1.0353868 -1.0385897
1 1.1995656 0.3923366 0.0542946
8 -0.0693122 -0.7360300 -0.0139683
5
-114.673     ts77     dynamics     sesquiterpene     TS     runpoint      10     runisomer      153
6 0.0243200 0.5743280 0.0245400
1 -0.2251160 1.1023438 0.9134378
1 -0.4531045 1.0175960 -1.0188444
1 1.1726682 0.5517018 0.0157035
8 -0.0773613 -0.7363055 -0.0127679
5
-114.688     ts77     dynamics     sesquiterpene     TS     runpoint      11     runisomer      153
6 0.0330484 0.5680654 0.0214005
1 -0.2206313 1.0601970 0.9225189
1 -0.3902013 0.9972535 -0.9729237
1 1.1380558 0.7208473 -0.0275217
8 -0.0859752 -0.7383288 -0.0111553
5
-114.654160 ts77 dynamics sesquiterpene TS runpoint 1  runisomer  153
6 -0.0150411 0.6452495 -0.0038269
1 -0.2518813 1.2230601 0.8450268
1 -0.4071891 1.1719406 -0.8384954
1 0.9198698 -0.0719666 0.1458391
8 -0.0331029 -0.7675431 -0.0067292
5
-114.645 ts77 dynamics sesquiterpene TS runpoint 2  runisomer  153
6 -0.0158609 0.649099 -0.0014905
1 -0.23906 1.1958 0.860362
1 -0.397507 1.22646 -0.910991
1 0.866387 -0.0725965 0.13598
8 -0.0305363 -0.77211 -0.00425914
5
-114.642     ts77     dynamics     sesquiterpene     TS     runpoint      3     runisomer      153
6 -0.0187110 0.6536863 -0.0014276
1 -0.2289806 1.1717126 0.8937996
1 -0.3785484 1.2689232 -0.9756906
1 0.8416374 -0.0788040 0.1263594
8 -0.0286683 -0.7763189 -0.0017309
5
-114.636     ts77     dynamics     sesquiterpene     TS     runpoint      4     runisomer      153
6 -0.0240668 0.6596621 -0.0041077
1 -0.2217324 1.1503592 0.9390738
1 -0.3486001 1.2934667 -1.0200288
1 0.8512704 -0.0937504 0.1178618
8 -0.0276006 -0.7800630 0.0007551
5
-114.635     ts77     dynamics     sesquiterpene     TS     runpoint      5     runisomer      153
6 -0.0316661 0.6670738 -0.0090160
1 -0.2163143 1.1294940 0.9856275
1 -0.3087941 1.2981882 -1.0379270
1 0.8892868 -0.1182476 0.1099363
8 -0.0271454 -0.7830641 0.0031300
5
-114.638     ts77     dynamics     sesquiterpene     TS     runpoint      6     runisomer      153
6 -0.0408113 0.6755136 -0.0152462
1 -0.2117002 1.1074303 1.0229958
1 -0.2616621 1.2837038 -1.0277541
1 0.9415263 -0.1526924 0.1013804
8 -0.0268360 -0.7849236 0.0053467
5
-114.643     ts77     dynamics     sesquiterpene     TS     runpoint      7     runisomer      153
6 -0.0507852 0.6843768 -0.0217778
1 -0.2072909 1.0840237 1.0436076
1 -0.2105832 1.2532126 -0.9925149
1 0.9921659 -0.1991057 0.0912772
8 -0.0260399 -0.7852538 0.0073643
5
-114.647     ts77     dynamics     sesquiterpene     TS     runpoint      8     runisomer      153
6 -0.0611166 0.6929007 -0.0273595
1 -0.2028917 1.0605781 1.0437422
1 -0.1594764 1.2139462 -0.9424633
1 1.0279555 -0.2618723 0.0793495
8 -0.0240412 -0.7837436 0.0091398
5
-114.65     ts77     dynamics     sesquiterpene     TS     runpoint      9     runisomer      153
6 -0.0716891 0.6999750 -0.0302330
1 -0.1986201 1.0395577 1.0239518
1 -0.1118223 1.1789823 -0.8987131
1 1.0395514 -0.3470762 0.0658443
8 -0.0201118 -0.7801563 0.0106356
5
-114.654     ts77     dynamics     sesquiterpene     TS     runpoint      10     runisomer      153
6 -0.0827503 0.7041970 -0.0285768
1 -0.1949737 1.0245510 0.9899765
1 -0.0682194 1.1641582 -0.8885937
1 1.0222353 -0.4596944 0.0512593
8 -0.0136996 -0.7743488 0.0118149
5
-114.668     ts77     dynamics     sesquiterpene     TS     runpoint      11     runisomer      153
6 -0.0946577 0.7047871 -0.0226514
1 -0.1930249 1.0204096 0.9539281
1 -0.0256329 1.1746369 -0.9211521
1 0.9788971 -0.5991038 0.0361375
8 -0.0048421 -0.7664080 0.0126443
5
-114.69     ts77     dynamics     sesquiterpene     TS     runpoint      12     runisomer      153
6 -0.1072994 0.7020176 -0.0156439
1 -0.1942198 1.0327430 0.9324069
1 0.0176893 1.1995185 -0.9752740
1 0.9275660 -0.7573868 0.0209311
8 0.0052216 -0.7567030 0.0131106
5
-114.699     ts77     dynamics     sesquiterpene     TS     runpoint      13     runisomer      153
6 -0.1200304 0.6964012 -0.0107881
1 -0.1992696 1.0649396 0.9364481
1 0.0600837 1.2251220 -1.0242562
1 0.9026582 -0.9266887 0.0054667
8 0.0139902 -0.7454644 0.0132736
5
-114.7     ts77     dynamics     sesquiterpene     TS     runpoint      14     runisomer      153
6 -0.1321392 0.6885790 -0.0091305
1 -0.2071464 1.1138704 0.9607193
1 0.0989416 1.2428828 -1.0517575
1 0.9124256 -1.1041882 -0.0113111
8 0.0205076 -0.7326144 0.0132912
5
-114.702     ts77     dynamics     sesquiterpene     TS     runpoint      15     runisomer      153
6 -0.1431269 0.6795174 -0.0100252
1 -0.2157682 1.1704826 0.9887214
1 0.1322265 1.2488293 -1.0509976
1 0.9228578 -1.2741090 -0.0293118
8 0.0265413 -0.7190511 0.0132831
5
-114.688     ts77     dynamics     sesquiterpene     TS     runpoint      16     runisomer      153
6 -0.1526934 0.6702012 -0.0124631
1 -0.2233221 1.2247841 1.0055495
1 0.1586914 1.2418476 -1.0211773
1 0.9101893 -1.4157092 -0.0473219
8 0.0333255 -0.7061219 0.0133069
5
-114.67     ts77     dynamics     sesquiterpene     TS     runpoint      17     runisomer      153
6 -0.1606696 0.6613293 -0.0156101
1 -0.2288166 1.2690248 1.0030181
1 0.1779974 1.2230186 -0.9659841
1 0.8698378 -1.5166976 -0.0642849
8 0.0409840 -0.6947048 0.0134183
5
-114.658     ts77     dynamics     sesquiterpene     TS     runpoint      18     runisomer      153
6 -0.1670526 0.6532310 -0.0186818
1 -0.2320675 1.2981728 0.9789406
1 0.1914670 1.1961445 -0.8943142
1 0.8049793 -1.5718493 -0.0795585
8 0.0492163 -0.6852989 0.0136855
5
-114.655     ts77     dynamics     sesquiterpene     TS     runpoint      19     runisomer      153
6 -0.1721550 0.6458699 -0.0207059
1 -0.2335167 1.3095563 0.9357489
1 0.2036709 1.1690447 -0.8219776
1 0.7195040 -1.5782829 -0.0927882
8 0.0577522 -0.6783819 0.0142012
5
-114.658     ts77     dynamics     sesquiterpene     TS     runpoint      20     runisomer      153
6 -0.1767183 0.6388133 -0.0206324
1 -0.2341740 1.3029831 0.8801638
1 0.2232336 1.1532173 -0.7702517
1 0.6171269 -1.5351048 -0.1040515
8 0.0664353 -0.6743982 0.0150980
5
-114.666     ts77     dynamics     sesquiterpene     TS     runpoint      21     runisomer      153
6 -0.1814855 0.6314711 -0.0183244
1 -0.2357598 1.2818558 0.8237711
1 0.2580507 1.1568615 -0.7544029
1 0.5078127 -1.4545895 -0.1153526
8 0.0748059 -0.6728628 0.0166331
5
-114.667     ts77     dynamics     sesquiterpene     TS     runpoint      22     runisomer      153
6 -0.1863714 0.6236417 -0.0156641
1 -0.2404914 1.2544680 0.7829928
1 0.3064266 1.1757166 -0.7702491
1 0.4212601 -1.3906443 -0.1363928
8 0.0811748 -0.6704823 0.0195308
5
-114.641     ts77     dynamics     sesquiterpene     TS     runpoint      23     runisomer      153
6 -0.1905789 0.6155615 -0.0156325
1 -0.2502255 1.2318076 0.7745040
1 0.3583715 1.1977612 -0.8008335
1 0.3944712 -1.4315223 -0.1895067
8 0.0833608 -0.6618062 0.0253161
5
-114.656     ts77     dynamics     sesquiterpene     TS     runpoint      24     runisomer      153
6 -0.1934613 0.6082528 -0.0202062
1 -0.2653755 1.2189808 0.8039007
1 0.4040598 1.2136127 -0.8307597
1 0.3973971 -1.5273683 -0.2698714
8 0.0834155 -0.6504741 0.0338436
5
-114.667     ts77     dynamics     sesquiterpene     TS     runpoint      25     runisomer      153
6 -0.1948646 0.6035338 -0.0294652
1 -0.2844100 1.2099676 0.8596763
1 0.4373355 1.2189187 -0.8505484
1 0.3974857 -1.5993399 -0.3561196
8 0.0835675 -0.6421650 0.0439577
5
-114.657     ts77     dynamics     sesquiterpene     TS     runpoint      26     runisomer      153
6 -0.1949695 0.6030377 -0.0424187
1 -0.3047294 1.1948824 0.9225221
1 0.4552651 1.2126048 -0.8554119
1 0.3848443 -1.6190905 -0.4369214
8 0.0845952 -0.6391997 0.0551148
5
-114.651     ts77     dynamics     sesquiterpene     TS     runpoint      27     runisomer      153
6 -0.1940554 0.6074017 -0.0578795
1 -0.3240462 1.1674890 0.9757834
1 0.4573677 1.1955932 -0.8440046
1 0.3576106 -1.5813593 -0.5071699
8 0.0867106 -0.6420534 0.0670663
5
-114.66     ts77     dynamics     sesquiterpene     TS     runpoint      28     runisomer      153
6 -0.1924205 0.6161626 -0.0745921
1 -0.3408647 1.1264370 1.0083303
1 0.4456786 1.1708089 -0.8184972
1 0.3166625 -1.4892513 -0.5636711
8 0.0898631 -0.6502803 0.0795061
5
-114.682     ts77     dynamics     sesquiterpene     TS     runpoint      29     runisomer      153
6 -0.1905269 0.6279726 -0.0910439
1 -0.3543773 1.0740208 1.0138735
1 0.4259895 1.1441673 -0.7858368
1 0.2652461 -1.3529482 -0.6060183
8 0.0937753 -0.6627458 0.0921099
5
-114.703     ts77     dynamics     sesquiterpene     TS     runpoint      30     runisomer      153
6 -0.1892009 0.6408475 -0.1053412
1 -0.3645063 1.0152197 0.9905019
1 0.4094186 1.1254214 -0.7588947
1 0.2098209 -1.1952685 -0.6445599
8 0.0979560 -0.6774527 0.1050399
