5
-114.654160 ts77 dynamics sesquiterpene TS runpoint 1  runisomer  195
6 -0.0348530 0.6375891 0.0105195
1 -0.1548568 1.1249401 0.9128773
1 -0.3073537 1.0243377 -0.9984966
1 0.9421319 -0.0660188 0.1223495
8 -0.0320467 -0.7466872 -0.0102065
5
-114.647 ts77 dynamics sesquiterpene TS runpoint 2  runisomer  195
6 -0.0293686 0.643818 0.0120553
1 -0.189965 1.1 0.943991
1 -0.333355 1.06284 -1.06762
1 0.995209 -0.0531781 0.105197
8 -0.0356553 -0.753024 -0.00788318
5
-114.642     ts77     dynamics     sesquiterpene     TS     runpoint      3     runisomer      195
6 -0.0236022 0.6490492 0.0103609
1 -0.2312934 1.0852123 0.9841832
1 -0.3521713 1.0996151 -1.1085011
1 1.0485817 -0.0330066 0.0847600
8 -0.0395545 -0.7596052 -0.0052807
5
-114.636     ts77     dynamics     sesquiterpene     TS     runpoint      4     runisomer      195
6 -0.0172871 0.6529963 0.0061593
1 -0.2757132 1.0760109 1.0206391
1 -0.3615605 1.1307477 -1.1149334
1 1.0953602 0.0016573 0.0611790
8 -0.0438496 -0.7661326 -0.0025348
5
-114.633     ts77     dynamics     sesquiterpene     TS     runpoint      5     runisomer      195
6 -0.0102506 0.6553404 0.0004378
1 -0.3190400 1.0685488 1.0421493
1 -0.3605066 1.1538796 -1.0860432
1 1.1314707 0.0575565 0.0350807
8 -0.0487410 -0.7724021 0.0002255
5
-114.637     ts77     dynamics     sesquiterpene     TS     runpoint      6     runisomer      195
6 -0.0023681 0.6557602 -0.0059145
1 -0.3572286 1.0605883 1.0420619
1 -0.3490052 1.1677704 -1.0248246
1 1.1548880 0.1399883 0.0073690
8 -0.0544496 -0.7782857 0.0028863
5
-114.651     ts77     dynamics     sesquiterpene     TS     runpoint      7     runisomer      195
6 0.0065092 0.6539921 -0.0120122
1 -0.3870567 1.0511569 1.0184044
1 -0.3288707 1.1730708 -0.9394393
1 1.1645701 0.2512932 -0.0207770
8 -0.0611102 -0.7837140 0.0053438
5
-114.669     ts77     dynamics     sesquiterpene     TS     runpoint      8     runisomer      195
6 0.0166477 0.6497304 -0.0166644
1 -0.4065595 1.0402045 0.9736458
1 -0.3054881 1.1745955 -0.8465917
1 1.1604860 0.3896478 -0.0477425
8 -0.0687045 -0.7886418 0.0075032
5
-114.683     ts77     dynamics     sesquiterpene     TS     runpoint      9     runisomer      195
6 0.0284722 0.6423956 -0.0182865
1 -0.4155936 1.0286326 0.9150566
1 -0.2892303 1.1836981 -0.7729898
1 1.1453228 0.5488900 -0.0714393
8 -0.0770769 -0.7930197 0.0092672
5
-114.688     ts77     dynamics     sesquiterpene     TS     runpoint      10     runisomer      195
6 0.0422368 0.6314356 -0.0159571
1 -0.4166772 1.0186481 0.8551358
1 -0.2914497 1.2125086 -0.7430134
1 1.1258625 0.7201062 -0.0896603
8 -0.0859710 -0.7967735 0.0105532
5
-114.691     ts77     dynamics     sesquiterpene     TS     runpoint      11     runisomer      195
6 0.0575672 0.6175066 -0.0111500
1 -0.4155206 1.0136957 0.8098298
1 -0.3140019 1.2571225 -0.7560802
1 1.1095157 0.8946210 -0.1007728
8 -0.0950955 -0.7998209 0.0113241
5
-114.654160 ts77 dynamics sesquiterpene TS runpoint 1  runisomer  195
6 -0.0348530 0.6375891 0.0105195
1 -0.1548568 1.1249401 0.9128773
1 -0.3073537 1.0243377 -0.9984966
1 0.9421319 -0.0660188 0.1223495
8 -0.0320467 -0.7466872 -0.0102065
5
-114.647 ts77 dynamics sesquiterpene TS runpoint 2  runisomer  195
6 -0.0403475 0.630684 0.00629485
1 -0.126871 1.16205 0.89835
1 -0.278861 0.991231 -0.917598
1 0.898519 -0.0785361 0.136838
8 -0.028735 -0.74097 -0.012132
5
-114.643     ts77     dynamics     sesquiterpene     TS     runpoint      3     runisomer      195
6 -0.0459022 0.6233842 0.0021005
1 -0.1049763 1.2076258 0.8979644
1 -0.2563845 0.9762223 -0.8575940
1 0.8733237 -0.0969600 0.1500317
8 -0.0257761 -0.7362585 -0.0135726
5
-114.631     ts77     dynamics     sesquiterpene     TS     runpoint      4     runisomer      195
6 -0.0513101 0.6159167 0.0015379
1 -0.0877517 1.2537736 0.9033577
1 -0.2487665 0.9937615 -0.8553248
1 0.8715422 -0.1261524 0.1633962
8 -0.0231712 -0.7328308 -0.0144752
5
-114.633     ts77     dynamics     sesquiterpene     TS     runpoint      5     runisomer      195
6 -0.0568305 0.6094975 0.0049283
1 -0.0742940 1.2925204 0.9069684
1 -0.2549276 1.0423426 -0.9084754
1 0.8915713 -0.1698403 0.1775359
8 -0.0207504 -0.7307650 -0.0147875
5
-114.646     ts77     dynamics     sesquiterpene     TS     runpoint      6     runisomer      195
6 -0.0630977 0.6062593 0.0094948
1 -0.0640991 1.3181117 0.9044461
1 -0.2664488 1.1037372 -0.9801070
1 0.9252154 -0.2318395 0.1917581
8 -0.0180841 -0.7299097 -0.0144382
5
-114.652     ts77     dynamics     sesquiterpene     TS     runpoint      7     runisomer      195
6 -0.0705699 0.6077698 0.0128943
1 -0.0566475 1.3275414 0.8943235
1 -0.2773256 1.1614985 -1.0407728
1 0.9604138 -0.3170911 0.2044768
8 -0.0144797 -0.7299062 -0.0133293
5
-114.654     ts77     dynamics     sesquiterpene     TS     runpoint      8     runisomer      195
6 -0.0796122 0.6145955 0.0138682
1 -0.0511123 1.3207355 0.8777716
1 -0.2849414 1.2062547 -1.0764294
1 0.9854910 -0.4305639 0.2140147
8 -0.0091450 -0.7302685 -0.0113710
5
-114.662     ts77     dynamics     sesquiterpene     TS     runpoint      9     runisomer      195
6 -0.0904637 0.6263011 0.0117029
1 -0.0463768 1.3008765 0.8588777
1 -0.2882875 1.2333863 -1.0819259
1 0.9930981 -0.5730991 0.2193767
8 -0.0015700 -0.7305281 -0.0085475
5
-114.678     ts77     dynamics     sesquiterpene     TS     runpoint      10     runisomer      195
6 -0.1030060 0.6415760 0.0059035
1 -0.0412026 1.2743026 0.8447608
1 -0.2871279 1.2410057 -1.0566517
1 0.9823846 -0.7383148 0.2208682
8 0.0081156 -0.7303837 -0.0049942
5
-114.696     ts77     dynamics     sesquiterpene     TS     runpoint      11     runisomer      195
6 -0.1167510 0.6586538 -0.0037038
1 -0.0342856 1.2486708 0.8438451
1 -0.2819469 1.2295461 -1.0038792
1 0.9582800 -0.9151540 0.2201033
8 0.0191851 -0.7297173 -0.0010049
5
-114.709     ts77     dynamics     sesquiterpene     TS     runpoint      12     runisomer      195
6 -0.1309630 0.6757613 -0.0163383
1 -0.0246662 1.2289566 0.8609382
1 -0.2743432 1.2033313 -0.9337412
1 0.9258737 -1.0921702 0.2186213
8 0.0308045 -0.7285040 0.0030707
5
-114.711     ts77     dynamics     sesquiterpene     TS     runpoint      13     runisomer      195
6 -0.1446991 0.6911388 -0.0293529
1 -0.0125869 1.2147653 0.8924329
1 -0.2677914 1.1745109 -0.8698755
1 0.8841299 -1.2576615 0.2161602
8 0.0425677 -0.7269036 0.0069822
5
-114.693     ts77     dynamics     sesquiterpene     TS     runpoint      14     runisomer      195
6 -0.1569133 0.7027438 -0.0383025
1 0.0003057 1.2025637 0.9279519
1 -0.2673935 1.1644337 -0.8511217
1 0.8286620 -1.3989510 0.2111734
8 0.0543906 -0.7253046 0.0105909
5
-114.669     ts77     dynamics     sesquiterpene     TS     runpoint      15     runisomer      195
6 -0.1669763 0.7094143 -0.0402282
1 0.0119447 1.1895158 0.9567416
1 -0.2749848 1.1854687 -0.8994114
1 0.7576358 -1.5052563 0.2024356
8 0.0661631 -0.7241150 0.0138145
5
-114.665     ts77     dynamics     sesquiterpene     TS     runpoint      16     runisomer      195
6 -0.1750478 0.7122612 -0.0368323
1 0.0209105 1.1748541 0.9719772
1 -0.2856362 1.2225334 -0.9864142
1 0.6728811 -1.5703152 0.1896941
8 0.0776675 -0.7235642 0.0165930
5
-114.663     ts77     dynamics     sesquiterpene     TS     runpoint      17     runisomer      195
6 -0.1815581 0.7127291 -0.0312139
1 0.0267879 1.1594754 0.9713777
1 -0.2938621 1.2555717 -1.0727091
1 0.5787961 -1.5937166 0.1736805
8 0.0886310 -0.7235543 0.0188631
5
-114.655     ts77     dynamics     sesquiterpene     TS     runpoint      18     runisomer      195
6 -0.1869020 0.7113665 -0.0254936
1 0.0301308 1.1454294 0.9568031
1 -0.2968788 1.2739094 -1.1352762
1 0.4822728 -1.5841306 0.1563787
8 0.0987043 -0.7234069 0.0205229
5
-114.645     ts77     dynamics     sesquiterpene     TS     runpoint      19     runisomer      195
6 -0.1914586 0.7080763 -0.0210382
1 0.0323489 1.1356669 0.9337788
1 -0.2938210 1.2736148 -1.1641010
1 0.3930124 -1.5651679 0.1415527
8 0.1074168 -0.7214998 0.0213818
5
-114.636     ts77     dynamics     sesquiterpene     TS     runpoint      20     runisomer      195
6 -0.1956072 0.7025301 -0.0188617
1 0.0354383 1.1336537 0.9101909
1 -0.2847889 1.2538974 -1.1558483
1 0.3185844 -1.5716089 0.1337684
8 0.1144573 -0.7155650 0.0212069
5
-114.637     ts77     dynamics     sesquiterpene     TS     runpoint      21     runisomer      195
6 -0.1996936 0.6945027 -0.0195522
1 0.0412483 1.1422070 0.8931040
1 -0.2704462 1.2157656 -1.1114117
1 0.2538638 -1.6145901 0.1338693
8 0.1203331 -0.7049716 0.0199959
5
-114.652     ts77     dynamics     sesquiterpene     TS     runpoint      22     runisomer      195
6 -0.2039632 0.6840348 -0.0228170
1 0.0503367 1.1616296 0.8847402
1 -0.2520035 1.1625549 -1.0371770
1 0.1865688 -1.6658008 0.1380123
8 0.1260431 -0.6917637 0.0180349
5
-114.665     ts77     dynamics     sesquiterpene     TS     runpoint      23     runisomer      195
6 -0.2085018 0.6712433 -0.0269593
1 0.0614025 1.1887832 0.8814464
1 -0.2313160 1.1024001 -0.9504081
1 0.1099002 -1.6944212 0.1425666
8 0.1322800 -0.6782856 0.0155970
5
-114.666     ts77     dynamics     sesquiterpene     TS     runpoint      24     runisomer      195
6 -0.2133123 0.6558184 -0.0285263
1 0.0720113 1.2183986 0.8769687
1 -0.2103629 1.0519122 -0.8869101
1 0.0225215 -1.6849723 0.1459042
8 0.1394075 -0.6659959 0.0128450
5
-114.658     ts77     dynamics     sesquiterpene     TS     runpoint      25     runisomer      195
6 -0.2185257 0.6372629 -0.0236839
1 0.0799122 1.2453519 0.8664270
1 -0.1893948 1.0308097 -0.8889596
1 -0.0744042 -1.6349180 0.1478989
8 0.1476101 -0.6555999 0.0098815
5
-114.669     ts77     dynamics     sesquiterpene     TS     runpoint      26     runisomer      195
6 -0.2244183 0.6168217 -0.0127755
1 0.0839514 1.2660850 0.8481828
1 -0.1675622 1.0382394 -0.9530836
1 -0.1794628 -1.5515848 0.1495778
8 0.1570222 -0.6472915 0.0067841
5
-114.693     ts77     dynamics     sesquiterpene     TS     runpoint      27     runisomer      195
6 -0.2310919 0.5971813 0.0002553
1 0.0841395 1.2789603 0.8234543
1 -0.1465789 1.0559925 -1.0363132
1 -0.2936649 -1.4507479 0.1529786
8 0.1678929 -0.6408427 0.0035970
5
-114.7     ts77     dynamics     sesquiterpene     TS     runpoint      28     runisomer      195
6 -0.2385108 0.5805157 0.0122218
1 0.0812748 1.2842741 0.7952523
1 -0.1293592 1.0709378 -1.1065351
1 -0.4203618 -1.3488517 0.1600276
8 0.1805397 -0.6360399 0.0003778
5
-114.695     ts77     dynamics     sesquiterpene     TS     runpoint      29     runisomer      195
6 -0.2465644 0.5681973 0.0213684
1 0.0766234 1.2841792 0.7677667
1 -0.1182920 1.0777235 -1.1495984
1 -0.5551925 -1.2491117 0.1697113
8 0.1946757 -0.6335070 -0.0026473
5
-114.686     ts77     dynamics     sesquiterpene     TS     runpoint      30     runisomer      195
6 -0.2550536 0.5609875 0.0267314
1 0.0717006 1.2821121 0.7457361
1 -0.1151069 1.0749172 -1.1609180
1 -0.6802411 -1.1458160 0.1779290
8 0.2090368 -0.6343027 -0.0050856
5
-114.674     ts77     dynamics     sesquiterpene     TS     runpoint      31     runisomer      195
6 -0.2637012 0.5591451 0.0277877
1 0.0678952 1.2815104 0.7333686
1 -0.1210341 1.0626454 -1.1400737
1 -0.7764203 -1.0384108 0.1810296
8 0.2222008 -0.6388798 -0.0066073
5
-114.664     ts77     dynamics     sesquiterpene     TS     runpoint      32     runisomer      195
6 -0.2721642 0.5625356 0.0244353
1 0.0657978 1.2841882 0.7330120
1 -0.1368666 1.0419559 -1.0892095
1 -0.8328073 -0.9320552 0.1774429
8 0.2332363 -0.6469937 -0.0070466
5
-114.661     ts77     dynamics     sesquiterpene     TS     runpoint      33     runisomer      195
6 -0.2800549 0.5706869 0.0171936
1 0.0646067 1.2893689 0.7443012
1 -0.1628249 1.0154403 -1.0145206
1 -0.8471309 -0.8330193 0.1673182
8 0.2417723 -0.6580084 -0.0063927
5
-114.665     ts77     dynamics     sesquiterpene     TS     runpoint      34     runisomer      195
6 -0.2869557 0.5826634 0.0076362
1 0.0622088 1.2941619 0.7643643
1 -0.1979936 0.9893476 -0.9314635
1 -0.8245441 -0.7469635 0.1520364
8 0.2478957 -0.6710763 -0.0047562
5
-114.664     ts77     dynamics     sesquiterpene     TS     runpoint      35     runisomer      195
6 -0.2924646 0.5969104 -0.0010659
1 0.0561005 1.2951128 0.7887789
1 -0.2397366 0.9768617 -0.8723566
1 -0.7768569 -0.6800164 0.1339937
8 0.2520419 -0.6852593 -0.0023525
5
-114.652     ts77     dynamics     sesquiterpene     TS     runpoint      36     runisomer      195
6 -0.2961197 0.6116794 -0.0050543
1 0.0445154 1.2897814 0.8128713
1 -0.2858137 0.9943846 -0.8770238
1 -0.7222720 -0.6395114 0.1163990
8 0.2549804 -0.6996627 0.0005241
5
-114.65     ts77     dynamics     sesquiterpene     TS     runpoint      37     runisomer      195
6 -0.2973499 0.6267076 -0.0039990
1 0.0271733 1.2777625 0.8332907
1 -0.3372448 1.0408371 -0.9444550
1 -0.6833080 -0.6321048 0.1024600
8 0.2577829 -0.7135777 0.0035733
5
-114.66     ts77     dynamics     sesquiterpene     TS     runpoint      38     runisomer      195
6 -0.2960530 0.6429265 -0.0012010
1 0.0053256 1.2609885 0.8491011
1 -0.3930881 1.0975417 -1.0326253
1 -0.6774742 -0.6605969 0.0937724
8 0.2613395 -0.7264700 0.0065807
5
-114.665     ts77     dynamics     sesquiterpene     TS     runpoint      39     runisomer      195
6 -0.2926910 0.6604559 0.0004970
1 -0.0188019 1.2432829 0.8618966
1 -0.4490842 1.1495191 -1.1072686
1 -0.7031243 -0.7233276 0.0892586
8 0.2654850 -0.7378307 0.0094889
5
-114.665     ts77     dynamics     sesquiterpene     TS     runpoint      40     runisomer      195
6 -0.2878929 0.6785170 -0.0004178
1 -0.0428315 1.2291265 0.8749883
1 -0.5007851 1.1895802 -1.1517881
1 -0.7394797 -0.8150551 0.0862685
8 0.2689503 -0.7472369 0.0123445
5
-114.662     ts77     dynamics     sesquiterpene     TS     runpoint      41     runisomer      195
6 -0.2821769 0.6961830 -0.0045959
1 -0.0651943 1.2218025 0.8913002
1 -0.5447864 1.2147739 -1.1598060
1 -0.7626929 -0.9275762 0.0825112
8 0.2703079 -0.7545301 0.0151944
5
-114.661     ts77     dynamics     sesquiterpene     TS     runpoint      42     runisomer      195
6 -0.2758452 0.7128014 -0.0120488
1 -0.0857487 1.2218823 0.9109310
1 -0.5787961 1.2239804 -1.1300238
1 -0.7569633 -1.0511678 0.0767888
8 0.2686370 -0.7597986 0.0180327
5
-114.667     ts77     dynamics     sesquiterpene     TS     runpoint      43     runisomer      195
6 -0.2690124 0.7279786 -0.0221892
1 -0.1055096 1.2272246 0.9304769
1 -0.6017498 1.2173256 -1.0649661
1 -0.7160767 -1.1758599 0.0687805
8 0.2636285 -0.7632503 0.0208148
5
-114.678     ts77     dynamics     sesquiterpene     TS     runpoint      44     runisomer      195
6 -0.2616262 0.7413214 -0.0337843
1 -0.1257292 1.2343285 0.9447598
1 -0.6147713 1.1972227 -0.9731656
1 -0.6418393 -1.2925740 0.0586448
8 0.2555078 -0.7650900 0.0234695
5
-114.688     ts77     dynamics     sesquiterpene     TS     runpoint      45     runisomer      195
6 -0.2532886 0.7520318 -0.0446765
1 -0.1471005 1.2398209 0.9493325
1 -0.6241160 1.1713647 -0.8750405
1 -0.5428123 -1.3948840 0.0466967
8 0.2449523 -0.7653995 0.0259255
5
-114.683     ts77     dynamics     sesquiterpene     TS     runpoint      46     runisomer      195
6 -0.2428911 0.7585837 -0.0515792
1 -0.1694283 1.2414244 0.9423506
1 -0.6456514 1.1557174 -0.8073446
1 -0.4326544 -1.4811709 0.0330990
8 0.2329768 -0.7639974 0.0281373
5
-114.668     ts77     dynamics     sesquiterpene     TS     runpoint      47     runisomer      195
6 -0.2291634 0.7595402 -0.0520894
1 -0.1917190 1.2384849 0.9257872
1 -0.6979483 1.1643971 -0.8006774
1 -0.3256674 -1.5546801 0.0175538
8 0.2206399 -0.7604476 0.0301246
5
-114.669     ts77     dynamics     sesquiterpene     TS     runpoint      48     runisomer      195
6 -0.2128260 0.7553797 -0.0482023
1 -0.2127253 1.2322496 0.9058733
1 -0.7759748 1.1880486 -0.8384410
1 -0.2304894 -1.6183632 -0.0006876
8 0.2086300 -0.7544153 0.0319950
5
-114.673     ts77     dynamics     sesquiterpene     TS     runpoint      49     runisomer      195
6 -0.1959375 0.7473906 -0.0438062
1 -0.2317427 1.2253650 0.8912140
1 -0.8578189 1.2075268 -0.8845664
1 -0.1485634 -1.6690613 -0.0223485
8 0.1971565 -0.7460232 0.0338944
5
-114.664     ts77     dynamics     sesquiterpene     TS     runpoint      50     runisomer      195
6 -0.1799798 0.7362876 -0.0414517
1 -0.2488868 1.2201199 0.8885247
1 -0.9270664 1.2119446 -0.9172725
1 -0.0784477 -1.6992478 -0.0477582
8 0.1862140 -0.7357412 0.0359612
5
-114.652     ts77     dynamics     sesquiterpene     TS     runpoint      51     runisomer      195
6 -0.1656923 0.7224901 -0.0420831
1 -0.2644422 1.2163249 0.8985680
1 -0.9754826 1.1976788 -0.9279200
1 -0.0191887 -1.7027710 -0.0770588
8 0.1757955 -0.7240314 0.0383205
5
-114.647     ts77     dynamics     sesquiterpene     TS     runpoint      52     runisomer      195
6 -0.1534584 0.7065153 -0.0455780
1 -0.2780270 1.2110150 0.9159857
1 -0.9994581 1.1643778 -0.9142789
1 0.0292497 -1.6784303 -0.1107555
8 0.1659369 -0.7111488 0.0411116
5
-114.651     ts77     dynamics     sesquiterpene     TS     runpoint      53     runisomer      195
6 -0.1435253 0.6890252 -0.0513409
1 -0.2884542 1.2003031 0.9329638
1 -0.9978114 1.1131027 -0.8772193
1 0.0665577 -1.6316953 -0.1504645
8 0.1566925 -0.6970686 0.0445354
5
-114.661     ts77     dynamics     sesquiterpene     TS     runpoint      54     runisomer      195
6 -0.1360160 0.6707307 -0.0586620
1 -0.2941687 1.1813570 0.9428715
1 -0.9716413 1.0461483 -0.8201781
1 0.0926926 -1.5752678 -0.1999373
8 0.1481295 -0.6814895 0.0489286
5
-114.675     ts77     dynamics     sesquiterpene     TS     runpoint      55     runisomer      195
6 -0.1307553 0.6523034 -0.0667364
1 -0.2937368 1.1533314 0.9419337
1 -0.9265088 0.9680722 -0.7508437
1 0.1085047 -1.5245829 -0.2653482
8 0.1403221 -0.6641761 0.0548014
5
-114.685     ts77     dynamics     sesquiterpene     TS     runpoint      56     runisomer      195
6 -0.1268390 0.6342841 -0.0743963
1 -0.2862137 1.1175619 0.9295741
1 -0.8777432 0.8875652 -0.6849954
1 0.1158968 -1.4848547 -0.3516436
8 0.1333778 -0.6458375 0.0626179
5
-114.685     ts77     dynamics     sesquiterpene     TS     runpoint      57     runisomer      195
6 -0.1222451 0.6171124 -0.0799481
1 -0.2714719 1.0775188 0.9083824
1 -0.8549415 0.8175417 -0.6485111
1 0.1169686 -1.4442012 -0.4560145
8 0.1275048 -0.6285853 0.0723992
5
-114.678     ts77     dynamics     sesquiterpene     TS     runpoint      58     runisomer      195
6 -0.1152601 0.6016973 -0.0824739
1 -0.2504913 1.0386597 0.8841245
1 -0.8840007 0.7670625 -0.6613201
1 0.1133765 -1.3858302 -0.5677194
8 0.1230067 -0.6150727 0.0836709
5
-114.682     ts77     dynamics     sesquiterpene     TS     runpoint      59     runisomer      195
6 -0.1072965 0.5898236 -0.0838510
1 -0.2254287 1.0079827 0.8652671
1 -0.9518653 0.7334107 -0.7114694
1 0.1066710 -1.3004760 -0.6735391
8 0.1201590 -0.6074940 0.0957228
5
-114.687     ts77     dynamics     sesquiterpene     TS     runpoint      60     runisomer      195
6 -0.1010940 0.5830584 -0.0868731
1 -0.1990148 0.9924061 0.8599012
1 -1.0266523 0.7108544 -0.7726456
1 0.0986843 -1.1886441 -0.7617801
8 0.1190631 -0.6070657 0.1077463
5
-114.683     ts77     dynamics     sesquiterpene     TS     runpoint      61     runisomer      195
6 -0.0982536 0.5820841 -0.0928152
1 -0.1734034 0.9958722 0.8702049
1 -1.0874553 0.6964220 -0.8269314
1 0.0914205 -1.0584015 -0.8241849
8 0.1196136 -0.6138554 0.1189103
5
-114.677     ts77     dynamics     sesquiterpene     TS     runpoint      62     runisomer      195
6 -0.0992780 0.5868475 -0.1012186
1 -0.1497435 1.0177223 0.8898079
1 -1.1250052 0.6889462 -0.8655183
1 0.0866957 -0.9225372 -0.8573105
8 0.1215619 -0.6268993 0.1285009
5
-114.673     ts77     dynamics     sesquiterpene     TS     runpoint      63     runisomer      195
6 -0.1040969 0.5967815 -0.1107093
1 -0.1287321 1.0541178 0.9076304
1 -1.1359019 0.6879422 -0.8844939
1 0.0859420 -0.7955330 -0.8635696
8 0.1245942 -0.6445875 0.1360906
5
-114.67     ts77     dynamics     sesquiterpene     TS     runpoint      64     runisomer      195
6 -0.1123881 0.6110180 -0.1198196
1 -0.1109912 1.1003598 0.9134254
1 -1.1194897 0.6932011 -0.8823809
1 0.0902891 -0.6904331 -0.8511407
8 0.1283949 -0.6651394 0.1416478
5
-114.668     ts77     dynamics     sesquiterpene     TS     runpoint      65     runisomer      195
6 -0.1236903 0.6286007 -0.1273887
1 -0.0969590 1.1520904 0.9005446
1 -1.0773267 0.7046760 -0.8596309
1 0.1007917 -0.6164251 -0.8317452
8 0.1326784 -0.6869792 0.1454853
5
-114.67     ts77     dynamics     sesquiterpene     TS     runpoint      66     runisomer      195
6 -0.1372955 0.6485881 -0.1325506
1 -0.0866759 1.2056973 0.8665119
1 -1.0149253 0.7224848 -0.8199924
1 0.1185694 -0.5780129 -0.8163860
8 0.1371918 -0.7088971 0.1480390
5
-114.675     ts77     dynamics     sesquiterpene     TS     runpoint      67     runisomer      195
6 -0.1518653 0.6699698 -0.1344525
1 -0.0796448 1.2587766 0.8131799
1 -0.9461205 0.7470543 -0.7741969
1 0.1445608 -0.5756954 -0.8112275
8 0.1417126 -0.7299799 0.1496177
5
-114.675     ts77     dynamics     sesquiterpene     TS     runpoint      68     runisomer      195
6 -0.1650185 0.6914943 -0.1318964
1 -0.0746811 1.3110181 0.7471619
1 -0.8974586 0.7794958 -0.7442140
1 0.1789339 -0.6071863 -0.8161861
8 0.1460433 -0.7494826 0.1502850
5
-114.67     ts77     dynamics     sesquiterpene     TS     runpoint      69     runisomer      195
6 -0.1743207 0.7116247 -0.1239965
1 -0.0697236 1.3652899 0.6799330
1 -0.8965632 0.8211770 -0.7548338
1 0.2206579 -0.6683791 -0.8264309
8 0.1500298 -0.7667793 0.1499116
5
-114.674     ts77     dynamics     sesquiterpene     TS     runpoint      70     runisomer      195
6 -0.1801242 0.7289765 -0.1123890
1 -0.0619667 1.4273558 0.6252849
1 -0.9386371 0.8699961 -0.8044387
1 0.2676299 -0.7537723 -0.8350601
8 0.1535925 -0.7814057 0.1483183
5
-114.685     ts77     dynamics     sesquiterpene     TS     runpoint      71     runisomer      195
6 -0.1849167 0.7428699 -0.1003464
1 -0.0489930 1.5009003 0.5916834
1 -0.9936033 0.9195633 -0.8673229
1 0.3171122 -0.8565517 -0.8355609
8 0.1567235 -0.7931127 0.1453964
5
-114.686     ts77     dynamics     sesquiterpene     TS     runpoint      72     runisomer      195
6 -0.1905029 0.7535364 -0.0898869
1 -0.0302491 1.5806370 0.5763784
1 -1.0383023 0.9638939 -0.9216348
1 0.3662320 -0.9688908 -0.8233743
8 0.1594622 -0.8018573 0.1411698
5
-114.676     ts77     dynamics     sesquiterpene     TS     runpoint      73     runisomer      195
6 -0.1975600 0.7618131 -0.0815743
1 -0.0069172 1.6540122 0.5701397
1 -1.0618072 0.9992720 -0.9559862
1 0.4124002 -1.0825929 -0.7964329
8 0.1618651 -0.8077579 0.1357956
5
-114.664     ts77     dynamics     sesquiterpene     TS     runpoint      74     runisomer      195
6 -0.2061811 0.7685266 -0.0754282
1 0.0194278 1.7087923 0.5646866
1 -1.0602271 1.0236621 -0.9657059
1 0.4535892 -1.1898728 -0.7550876
8 0.1639847 -0.8110268 0.1295389
5
-114.653     ts77     dynamics     sesquiterpene     TS     runpoint      75     runisomer      195
6 -0.2162218 0.7741737 -0.0713632
1 0.0477036 1.7371082 0.5551522
1 -1.0333182 1.0360487 -0.9499884
1 0.4885318 -1.2841203 -0.7017695
8 0.1658462 -0.8118927 0.1227433
5
-114.649     ts77     dynamics     sesquiterpene     TS     runpoint      76     runisomer      195
6 -0.2273508 0.7788810 -0.0691775
1 0.0775075 1.7356535 0.5396224
1 -0.9839154 1.0363463 -0.9114993
1 0.5168541 -1.3605406 -0.6405448
8 0.1674268 -0.8105394 0.1158018
5
-114.651     ts77     dynamics     sesquiterpene     TS     runpoint      77     runisomer      195
6 -0.2388728 0.7823716 -0.0683198
1 0.1091132 1.7050768 0.5185143
1 -0.9198382 1.0261095 -0.8586222
1 0.5391278 -1.4166009 -0.5765839
8 0.1686457 -0.8070566 0.1091289
5
-114.653     ts77     dynamics     sesquiterpene     TS     runpoint      78     runisomer      195
6 -0.2494159 0.7838072 -0.0674784
1 0.1437024 1.6499833 0.4945266
1 -0.8577306 1.0101904 -0.8103641
1 0.5568257 -1.4521882 -0.5155423
8 0.1693548 -0.8014197 0.1031247
5
-114.648     ts77     dynamics     sesquiterpene     TS     runpoint      79     runisomer      195
6 -0.2570194 0.7816809 -0.0645258
1 0.1840310 1.5794244 0.4728656
1 -0.8226731 0.9973603 -0.7974314
1 0.5721255 -1.4693583 -0.4628420
8 0.1693524 -0.7934921 0.0981428
5
-114.642     ts77     dynamics     sesquiterpene     TS     runpoint      80     runisomer      195
6 -0.2608891 0.7744500 -0.0584737
1 0.2350312 1.5062355 0.4606441
1 -0.8280493 0.9936744 -0.8385967
1 0.5874859 -1.4714468 -0.4228534
8 0.1684200 -0.7830948 0.0944500
5
-114.652     ts77     dynamics     sesquiterpene     TS     runpoint      81     runisomer      195
6 -0.2627734 0.7615650 -0.0514413
1 0.3018979 1.4421183 0.4633426
1 -0.8574144 0.9954208 -0.9138112
1 0.6049014 -1.4615603 -0.3981224
8 0.1663806 -0.7701246 0.0921879
5
-114.664     ts77     dynamics     sesquiterpene     TS     runpoint      82     runisomer      195
6 -0.2645047 0.7435370 -0.0459319
1 0.3837741 1.3897527 0.4790202
1 -0.8872902 0.9965077 -0.9907841
1 0.6250623 -1.4411114 -0.3890542
8 0.1631412 -0.7546610 0.0913493
5
-114.668     ts77     dynamics     sesquiterpene     TS     runpoint      83     runisomer      195
6 -0.2663468 0.7214975 -0.0428087
1 0.4706865 1.3431504 0.4983275
1 -0.9037977 0.9936723 -1.0491187
1 0.6470445 -1.4094384 -0.3942310
8 0.1587089 -0.7370106 0.0917943
5
-114.668     ts77     dynamics     sesquiterpene     TS     runpoint      84     runisomer      195
6 -0.2676180 0.6966070 -0.0419068
1 0.5493838 1.2959216 0.5111861
1 -0.9011863 0.9856768 -1.0797375
1 0.6688030 -1.3647696 -0.4111583
8 0.1531758 -0.7176757 0.0933055
5
-114.668     ts77     dynamics     sesquiterpene     TS     runpoint      85     runisomer      195
6 -0.2675451 0.6698332 -0.0428289
1 0.6094175 1.2456989 0.5111590
1 -0.8781190 0.9721430 -1.0798985
1 0.6880584 -1.3057017 -0.4370333
8 0.1466795 -0.6972981 0.0956429
5
-114.673     ts77     dynamics     sesquiterpene     TS     runpoint      86     runisomer      195
6 -0.2655789 0.6421003 -0.0451790
1 0.6447475 1.1937782 0.4957165
1 -0.8359804 0.9532225 -1.0507804
1 0.7030469 -1.2322505 -0.4692577
8 0.1393875 -0.6766607 0.0985779
5
-114.682     ts77     dynamics     sesquiterpene     TS     runpoint      87     runisomer      195
6 -0.2613998 0.6144684 -0.0484601
1 0.6533343 1.1438958 0.4653231
1 -0.7789801 0.9300164 -0.9979149
1 0.7128762 -1.1462098 -0.5056207
8 0.1315094 -0.6567517 0.1019182
5
-114.691     ts77     dynamics     sesquiterpene     TS     runpoint      88     runisomer      195
6 -0.2548346 0.5881732 -0.0517975
1 0.6370516 1.1016257 0.4229753
1 -0.7156318 0.9058035 -0.9342057
1 0.7174796 -1.0509842 -0.5441698
8 0.1233358 -0.6388413 0.1055080
5
-114.69     ts77     dynamics     sesquiterpene     TS     runpoint      89     runisomer      195
6 -0.2458480 0.5644747 -0.0536780
1 0.6026025 1.0743720 0.3743765
1 -0.6601334 0.8877128 -0.8833898
1 0.7173079 -0.9511767 -0.5828544
8 0.1152862 -0.6244986 0.1092189
5
-114.675     ts77     dynamics     sesquiterpene     TS     runpoint      90     runisomer      195
6 -0.2349737 0.5445877 -0.0525159
1 0.5625687 1.0713867 0.3280145
1 -0.6281395 0.8849488 -0.8733510
1 0.7129981 -0.8522327 -0.6191690
8 0.1079138 -0.6154565 0.1129269
5
-114.659     ts77     dynamics     sesquiterpene     TS     runpoint      91     runisomer      195
6 -0.2241104 0.5301994 -0.0486043
1 0.5328383 1.1019913 0.2931449
1 -0.6238342 0.8987149 -0.9106252
1 0.7052796 -0.7601555 -0.6501702
8 0.1018599 -0.6132655 0.1164944
5
-114.655     ts77     dynamics     sesquiterpene     TS     runpoint      92     runisomer      195
6 -0.2156548 0.5236309 -0.0441193
1 0.5220841 1.1687718 0.2742661
1 -0.6375111 0.9186502 -0.9739655
1 0.6950223 -0.6810402 -0.6730173
8 0.0977105 -0.6187941 0.1197524
5
-114.658     ts77     dynamics     sesquiterpene     TS     runpoint      93     runisomer      195
6 -0.2106141 0.5268634 -0.0407246
1 0.5242065 1.2608181 0.2682279
1 -0.6576007 0.9336621 -1.0391132
1 0.6832179 -0.6202735 -0.6857451
8 0.0958135 -0.6318002 0.1224953
5
-114.661     ts77     dynamics     sesquiterpene     TS     runpoint      94     runisomer      195
6 -0.2086973 0.5404789 -0.0389686
1 0.5269361 1.3594844 0.2689520
1 -0.6763161 0.9376653 -1.0907154
1 0.6710500 -0.5817267 -0.6879348
8 0.0961591 -0.6509199 0.1245231
5
-114.664     ts77     dynamics     sesquiterpene     TS     runpoint      95     runisomer      195
6 -0.2092183 0.5634270 -0.0388807
1 0.5213568 1.4485664 0.2718576
1 -0.6891810 0.9287424 -1.1206350
1 0.6601803 -0.5673444 -0.6811875
8 0.0984064 -0.6741003 0.1257354
5
-114.668     ts77     dynamics     sesquiterpene     TS     runpoint      96     runisomer      195
6 -0.2115000 0.5936649 -0.0403684
1 0.5032813 1.5177646 0.2744910
1 -0.6939152 0.9075442 -1.1250517
1 0.6529644 -0.5771834 -0.6691473
8 0.1020190 -0.6991967 0.1262056
5
-114.674     ts77     dynamics     sesquiterpene     TS     runpoint      97     runisomer      195
6 -0.2149588 0.6288923 -0.0433046
1 0.4717653 1.5619522 0.2758996
1 -0.6900059 0.8764691 -1.1035110
1 0.6521779 -0.6096005 -0.6568282
8 0.1064120 -0.7244162 0.1261886
5
-114.683     ts77     dynamics     sesquiterpene     TS     runpoint      98     runisomer      195
6 -0.2190795 0.6668807 -0.0474311
1 0.4282362 1.5802900 0.2762677
1 -0.6790945 0.8394052 -1.0599186
1 0.6600637 -0.6615833 -0.6490383
8 0.1110706 -0.7484681 0.1260257
5
-114.691     ts77     dynamics     sesquiterpene     TS     runpoint      99     runisomer      195
6 -0.2233622 0.7054566 -0.0521183
1 0.3767489 1.5766511 0.2771033
1 -0.6661416 0.8014491 -1.0051600
1 0.6767905 -0.7293520 -0.6479289
8 0.1156667 -0.7705244 0.1259720
5
-114.692     ts77     dynamics     sesquiterpene     TS     runpoint      100     runisomer      195
6 -0.2273324 0.7423620 -0.0562187
1 0.3250726 1.5613371 0.2820240
1 -0.6604352 0.7676802 -0.9590813
1 0.6993334 -0.8087829 -0.6512392
8 0.1201313 -0.7901198 0.1260460
5
-114.681     ts77     dynamics     sesquiterpene     TS     runpoint      101     runisomer      195
6 -0.2308170 0.7752792 -0.0586418
1 0.2850239 1.5518631 0.2975226
1 -0.6726796 0.7408514 -0.9438093
1 0.7222336 -0.8952216 -0.6533577
8 0.1246070 -0.8070880 0.1260606
5
-114.668     ts77     dynamics     sesquiterpene     TS     runpoint      102     runisomer      195
6 -0.2343113 0.8023061 -0.0597266
1 0.2677134 1.5659961 0.3307529
1 -0.7057123 0.7214659 -0.9647423
1 0.7399061 -0.9833865 -0.6484690
8 0.1292965 -0.8214849 0.1257944
5
-114.662     ts77     dynamics     sesquiterpene     TS     runpoint      103     runisomer      195
6 -0.2383883 0.8229152 -0.0610160
1 0.2733199 1.6058084 0.3819502
1 -0.7509753 0.7111147 -1.0054318
1 0.7486249 -1.0679179 -0.6331163
8 0.1343154 -0.8334834 0.1251335
5
-114.659     ts77     dynamics     sesquiterpene     TS     runpoint      104     runisomer      195
6 -0.2429161 0.8380562 -0.0635243
1 0.2903238 1.6555360 0.4414172
1 -0.7968264 0.7124541 -1.0450949
1 0.7473997 -1.1442580 -0.6072130
8 0.1396170 -0.8432563 0.1241382
5
-114.649     ts77     dynamics     sesquiterpene     TS     runpoint      105     runisomer      195
6 -0.2474151 0.8489677 -0.0674337
1 0.3061190 1.6972948 0.4969575
1 -0.8347725 0.7271619 -1.0698247
1 0.7380627 -1.2094861 -0.5740144
8 0.1449866 -0.8508964 0.1230404
5
-114.635     ts77     dynamics     sesquiterpene     TS     runpoint      106     runisomer      195
6 -0.2514759 0.8564811 -0.0725670
1 0.3127252 1.7198331 0.5397251
1 -0.8602036 0.7553387 -1.0730029
1 0.7248199 -1.2628835 -0.5394276
8 0.1500648 -0.8563690 0.1222190
5
-114.624     ts77     dynamics     sesquiterpene     TS     runpoint      107     runisomer      195
6 -0.2547932 0.8610334 -0.0786106
1 0.3064114 1.7180590 0.5648882
1 -0.8716456 0.7957721 -1.0533749
1 0.7129270 -1.3057295 -0.5103793
8 0.1544325 -0.8595261 0.1221023
5
-114.62     ts77     dynamics     sesquiterpene     TS     runpoint      108     runisomer      195
6 -0.2570625 0.8628119 -0.0851171
1 0.2863436 1.6910100 0.5708694
1 -0.8706200 0.8462685 -1.0143556
1 0.7062914 -1.3397002 -0.4920975
8 0.1577649 -0.8602032 0.1229969
5
-114.625     ts77     dynamics     sesquiterpene     TS     runpoint      109     runisomer      195
6 -0.2578916 0.8617679 -0.0914445
1 0.2542300 1.6412262 0.5593401
1 -0.8623603 0.9040794 -0.9646858
1 0.7053119 -1.3646147 -0.4858265
8 0.1599625 -0.8583609 0.1249470
5
-114.632     ts77     dynamics     sesquiterpene     TS     runpoint      110     runisomer      195
6 -0.2568320 0.8574350 -0.0968792
1 0.2152135 1.5759122 0.5366701
1 -0.8562501 0.9667963 -0.9184522
1 0.7070607 -1.3778284 -0.4890987
8 0.1611424 -0.8541194 0.1277462
5
-114.636     ts77     dynamics     sesquiterpene     TS     runpoint      111     runisomer      195
6 -0.2537713 0.8486704 -0.1012684
1 0.1793794 1.5090520 0.5164514
1 -0.8626772 1.0333204 -0.8899834
1 0.7075043 -1.3759102 -0.4981168
8 0.1614918 -0.8476481 0.1310883
5
-114.635     ts77     dynamics     sesquiterpene     TS     runpoint      112     runisomer      195
6 -0.2494869 0.8339219 -0.1058435
1 0.1603273 1.4596209 0.5186691
1 -0.8850323 1.1025249 -0.8832825
1 0.7035716 -1.3566704 -0.5099135
8 0.1611462 -0.8390468 0.1347028
5
-114.64     ts77     dynamics     sesquiterpene     TS     runpoint      113     runisomer      195
6 -0.2450840 0.8126920 -0.1122800
1 0.1651164 1.4374856 0.5559097
1 -0.9163554 1.1701770 -0.8893498
1 0.6940863 -1.3202077 -0.5233679
8 0.1601235 -0.8282902 0.1384155
5
-114.654     ts77     dynamics     sesquiterpene     TS     runpoint      114     runisomer      195
6 -0.2407328 0.7865295 -0.1206203
1 0.1858428 1.4315516 0.6182463
1 -0.9459265 1.2292857 -0.8956146
1 0.6798468 -1.2690196 -0.5393909
8 0.1583257 -0.8152429 0.1421507
5
-114.665     ts77     dynamics     sesquiterpene     TS     runpoint      115     runisomer      195
6 -0.2359334 0.7576599 -0.1296317
1 0.2089549 1.4236879 0.6847014
1 -0.9655604 1.2729308 -0.8932087
1 0.6630729 -1.2072971 -0.5603684
8 0.1555747 -0.7997321 0.1458962
5
-114.669     ts77     dynamics     sesquiterpene     TS     runpoint      116     runisomer      195
6 -0.2302124 0.7277293 -0.1380541
1 0.2248432 1.4024056 0.7389952
1 -0.9710590 1.2959525 -0.8779627
1 0.6460041 -1.1395169 -0.5884305
8 0.1517165 -0.7816619 0.1496021
5
-114.67     ts77     dynamics     sesquiterpene     TS     runpoint      117     runisomer      195
6 -0.2232743 0.6977740 -0.1449290
1 0.2287173 1.3634892 0.7722650
1 -0.9615852 1.2953339 -0.8492994
1 0.6292008 -1.0691517 -0.6229526
8 0.1467430 -0.7611361 0.1530336
5
-114.676     ts77     dynamics     sesquiterpene     TS     runpoint      118     runisomer      195
6 -0.2149283 0.6684978 -0.1495080
1 0.2189813 1.3073170 0.7810021
1 -0.9391307 1.2703492 -0.8094934
1 0.6111375 -0.9987465 -0.6595043
8 0.1408320 -0.7384993 0.1557151
5
-114.685     ts77     dynamics     sesquiterpene     TS     runpoint      119     runisomer      195
6 -0.2050057 0.6404120 -0.1511588
1 0.1962750 1.2375120 0.7658382
1 -0.9088126 1.2231538 -0.7638088
1 0.5896091 -0.9311189 -0.6917688
8 0.1342785 -0.7143213 0.1570647
5
-114.694     ts77     dynamics     sesquiterpene     TS     runpoint      120     runisomer      195
6 -0.1933114 0.6138218 -0.1494193
1 0.1635132 1.1612769 0.7323882
1 -0.8797963 1.1597215 -0.7210962
1 0.5634209 -0.8701708 -0.7146819
8 0.1274053 -0.6894161 0.1566213
5
-114.695     ts77     dynamics     sesquiterpene     TS     runpoint      121     runisomer      195
6 -0.1797160 0.5888240 -0.1443294
1 0.1265056 1.0909233 0.6940744
1 -0.8650933 1.0895286 -0.6931860
1 0.5331439 -0.8207997 -0.7265492
8 0.1205327 -0.6649205 0.1542072
5
-114.684     ts77     dynamics     sesquiterpene     TS     runpoint      122     runisomer      195
6 -0.1645910 0.5656958 -0.1370457
1 0.0934676 1.0443454 0.6737878
1 -0.8761881 1.0209978 -0.6899876
1 0.5009819 -0.7883444 -0.7296846
8 0.1140074 -0.6423658 0.1500185
5
-114.668     ts77     dynamics     sesquiterpene     TS     runpoint      123     runisomer      195
6 -0.1491623 0.5459199 -0.1296515
1 0.0698261 1.0377444 0.6930080
1 -0.9132742 0.9552507 -0.7116268
1 0.4700376 -0.7778473 -0.7296339
8 0.1082221 -0.6236364 0.1446222
5
-114.662     ts77     dynamics     sesquiterpene     TS     runpoint      124     runisomer      195
6 -0.1349519 0.5328467 -0.1232459
1 0.0519629 1.0706196 0.7483384
1 -0.9642915 0.8881699 -0.7480804
1 0.4429446 -0.7929680 -0.7325174
8 0.1036225 -0.6107238 0.1388092
5
-114.663     ts77     dynamics     sesquiterpene     TS     runpoint      125     runisomer      195
6 -0.1232006 0.5302428 -0.1175417
1 0.0323478 1.1266103 0.8153778
1 -1.0144850 0.8174610 -0.7869235
1 0.4201830 -0.8343701 -0.7408317
8 0.1006541 -0.6052380 0.1332775
5
-114.662     ts77     dynamics     sesquiterpene     TS     runpoint      126     runisomer      195
6 -0.1147170 0.5399857 -0.1121721
1 0.0067328 1.1881815 0.8722721
1 -1.0530519 0.7449467 -0.8187301
1 0.3995070 -0.8983710 -0.7510040
8 0.0996501 -0.6078290 0.1283105
5
-114.665     ts77     dynamics     sesquiterpene     TS     runpoint      127     runisomer      195
6 -0.1098011 0.5612957 -0.1070204
1 -0.0256374 1.2431746 0.9069111
1 -1.0739236 0.6751633 -0.8379297
1 0.3773539 -0.9772843 -0.7557138
8 0.1007267 -0.6179157 0.1237716
5
-114.672     ts77     dynamics     sesquiterpene     TS     runpoint      128     runisomer      195
6 -0.1083612 0.5914613 -0.1020660
1 -0.0637599 1.2844383 0.9141845
1 -1.0745342 0.6137093 -0.8419653
1 0.3507932 -1.0615575 -0.7485055
8 0.1037755 -0.6339686 0.1193993
5
-114.682     ts77     dynamics     sesquiterpene     TS     runpoint      129     runisomer      195
6 -0.1100998 0.6270575 -0.0973680
1 -0.1058989 1.3085123 0.8934443
1 -1.0549259 0.5661992 -0.8305586
1 0.3185214 -1.1423812 -0.7268676
8 0.1085488 -0.6541098 0.1151010
5
-114.692     ts77     dynamics     sesquiterpene     TS     runpoint      130     runisomer      195
6 -0.1145962 0.6648234 -0.0931463
1 -0.1499975 1.3153450 0.8482794
1 -1.0177142 0.5374591 -0.8056856
1 0.2808795 -1.2137517 -0.6932515
8 0.1147431 -0.6765698 0.1110959
5
-114.699     ts77     dynamics     sesquiterpene     TS     runpoint      131     runisomer      195
6 -0.1212210 0.7019344 -0.0899055
1 -0.1940545 1.3094642 0.7885775
1 -0.9688893 0.5305643 -0.7723391
1 0.2392855 -1.2737431 -0.6547578
8 0.1220490 -0.6998321 0.1079020
5
-114.697     ts77     dynamics     sesquiterpene     TS     runpoint      132     runisomer      195
6 -0.1289151 0.7359186 -0.0885461
1 -0.2370528 1.3019588 0.7336426
1 -0.9192128 0.5455749 -0.7399395
1 0.1952032 -1.3244501 -0.6212552
8 0.1301936 -0.7226114 0.1061924
5
-114.682     ts77     dynamics     sesquiterpene     TS     runpoint      133     runisomer      195
6 -0.1360271 0.7647241 -0.0900509
1 -0.2801957 1.3086666 0.7095887
1 -0.8844648 0.5786758 -0.7228903
1 0.1490000 -1.3693242 -0.6011746
8 0.1389857 -0.7439067 0.1064985
5
-114.665     ts77     dynamics     sesquiterpene     TS     runpoint      134     runisomer      195
6 -0.1409266 0.7874879 -0.0942765
1 -0.3252696 1.3372967 0.7302614
1 -0.8795768 0.6239972 -0.7356603
1 0.0998298 -1.4085985 -0.5967091
8 0.1483082 -0.7631748 0.1088917
5
-114.664     ts77     dynamics     sesquiterpene     TS     runpoint      135     runisomer      195
6 -0.1434849 0.8048485 -0.0996786
1 -0.3701557 1.3776819 0.7818155
1 -0.9055207 0.6783810 -0.7806499
1 0.0470011 -1.4376796 -0.6031832
8 0.1580342 -0.7803430 0.1129406
5
-114.669     ts77     dynamics     sesquiterpene     TS     runpoint      136     runisomer      195
6 -0.1452221 0.8178205 -0.1050820
1 -0.4099333 1.4138872 0.8396761
1 -0.9465591 0.7418442 -0.8443922
1 -0.0088593 -1.4503965 -0.6130815
8 0.1679643 -0.7955577 0.1179908
5
-114.666     ts77     dynamics     sesquiterpene     TS     runpoint      137     runisomer      195
6 -0.1478483 0.8271711 -0.1101756
1 -0.4406179 1.4353782 0.8858003
1 -0.9839877 0.8134018 -0.9092767
1 -0.0659722 -1.4426800 -0.6199523
8 0.1778398 -0.8089261 0.1234295
5
-114.657     ts77     dynamics     sesquiterpene     TS     runpoint      138     runisomer      195
6 -0.1524075 0.8334553 -0.1149381
1 -0.4600751 1.4375416 0.9105699
1 -1.0053618 0.8898486 -0.9625122
1 -0.1222481 -1.4139921 -0.6200586
8 0.1873948 -0.8204057 0.1288053
5
-114.649     ts77     dynamics     sesquiterpene     TS     runpoint      139     runisomer      195
6 -0.1592983 0.8370940 -0.1193356
1 -0.4675284 1.4194370 0.9100616
1 -1.0046765 0.9668709 -0.9970568
1 -0.1761579 -1.3672153 -0.6127426
8 0.1964029 -0.8298005 0.1338540
5
-114.647     ts77     dynamics     sesquiterpene     TS     runpoint      140     runisomer      195
6 -0.1684663 0.8383870 -0.1233236
1 -0.4632339 1.3825270 0.8844786
1 -0.9802568 1.0399968 -1.0101307
1 -0.2274314 -1.3078944 -0.6002097
8 0.2047185 -0.8367959 0.1384935
5
-114.652     ts77     dynamics     sesquiterpene     TS     runpoint      141     runisomer      195
6 -0.1794981 0.8374533 -0.1269678
1 -0.4486941 1.3307805 0.8387926
1 -0.9334850 1.1051314 -1.0023495
1 -0.2771579 -1.2428047 -0.5864076
8 0.2122821 -0.8410455 0.1427484
5
-114.658     ts77     dynamics     sesquiterpene     TS     runpoint      142     runisomer      195
6 -0.1915711 0.8340798 -0.1306572
1 -0.4273564 1.2718068 0.7856157
1 -0.8686834 1.1592108 -0.9781053
1 -0.3266341 -1.1779693 -0.5745419
8 0.2190459 -0.8422982 0.1465925
5
-114.658     ts77     dynamics     sesquiterpene     TS     runpoint      143     runisomer      195
6 -0.2033861 0.8275525 -0.1352274
1 -0.4049911 1.2175322 0.7479784
1 -0.7936726 1.2015179 -0.9469567
1 -0.3753796 -1.1173742 -0.5645834
8 0.2248625 -0.8404703 0.1498054
5
-114.649     ts77     dynamics     sesquiterpene     TS     runpoint      144     runisomer      195
6 -0.2134131 0.8168623 -0.1412454
1 -0.3872169 1.1797787 0.7515235
1 -0.7195089 1.2354793 -0.9244809
1 -0.4205071 -1.0634531 -0.5533741
8 0.2294532 -0.8356129 0.1519764
5
-114.642     ts77     dynamics     sesquiterpene     TS     runpoint      145     runisomer      195
6 -0.2206724 0.8015691 -0.1472974
1 -0.3744893 1.1601924 0.7995817
1 -0.6563348 1.2682699 -0.9278385
1 -0.4583275 -1.0182762 -0.5371511
8 0.2325167 -0.8278234 0.1526800
5
-114.645     ts77     dynamics     sesquiterpene     TS     runpoint      146     runisomer      195
6 -0.2252904 0.7823125 -0.1506520
1 -0.3632887 1.1506660 0.8681200
1 -0.6056349 1.3040485 -0.9630086
1 -0.4864764 -0.9840705 -0.5138273
8 0.2338727 -0.8171903 0.1516272
5
-114.652     ts77     dynamics     sesquiterpene     TS     runpoint      147     runisomer      195
6 -0.2281163 0.7604618 -0.1498944
1 -0.3510822 1.1434415 0.9304820
1 -0.5597879 1.3376381 -1.0183513
1 -0.5051162 -0.9631553 -0.4838619
8 0.2335280 -0.8037798 0.1487303
5
-114.655     ts77     dynamics     sesquiterpene     TS     runpoint      148     runisomer      195
6 -0.2299269 0.7374044 -0.1450889
1 -0.3371554 1.1346622 0.9702312
1 -0.5105524 1.3593526 -1.0755384
1 -0.5171673 -0.9578061 -0.4500713
8 0.2316844 -0.7876377 0.1440968
5
-114.656     ts77     dynamics     sesquiterpene     TS     runpoint      149     runisomer      195
6 -0.2311223 0.7140874 -0.1368115
1 -0.3216560 1.1233041 0.9801243
1 -0.4536352 1.3617991 -1.1201377
1 -0.5273899 -0.9700721 -0.4165075
8 0.2286799 -0.7688155 0.1379612
5
-114.66     ts77     dynamics     sesquiterpene     TS     runpoint      150     runisomer      195
6 -0.2318303 0.6910063 -0.1257534
1 -0.3050024 1.1100856 0.9593154
1 -0.3881367 1.3414864 -1.1436000
1 -0.5397372 -1.0011597 -0.3862736
8 0.2248312 -0.7474341 0.1305505
5
-114.671     ts77     dynamics     sesquiterpene     TS     runpoint      151     runisomer      195
6 -0.2320571 0.6683210 -0.1127855
1 -0.2877290 1.0973753 0.9126966
1 -0.3151665 1.2980382 -1.1419952
1 -0.5537778 -1.0501223 -0.3592672
8 0.2202181 -0.7237971 0.1219593
5
-114.687     ts77     dynamics     sesquiterpene     TS     runpoint      152     runisomer      195
6 -0.2317803 0.6459064 -0.0991698
1 -0.2704866 1.0900482 0.8523530
1 -0.2369872 1.2336103 -1.1152835
1 -0.5637264 -1.1125856 -0.3322332
8 0.2146429 -0.6985295 0.1121612
5
-114.702     ts77     dynamics     sesquiterpene     TS     runpoint      153     runisomer      195
6 -0.2310332 0.6233418 -0.0865768
1 -0.2539032 1.0964988 0.7983494
1 -0.1564080 1.1531844 -1.0681072
1 -0.5617446 -1.1810954 -0.3013021
8 0.2078542 -0.6726303 0.1011958
5
-114.708     ts77     dynamics     sesquiterpene     TS     runpoint      154     runisomer      195
6 -0.2300526 0.6001710 -0.0763073
1 -0.2381641 1.1260891 0.7711524
1 -0.0757809 1.0654854 -1.0118696
1 -0.5421483 -1.2471352 -0.2642382
8 0.1998302 -0.6474299 0.0893276
5
-114.707     ts77     dynamics     sesquiterpene     TS     runpoint      155     runisomer      195
6 -0.2294637 0.5768257 -0.0678042
1 -0.2229560 1.1796018 0.7745427
1 0.0048128 0.9830376 -0.9654411
1 -0.5034582 -1.3034458 -0.2208977
8 0.1909316 -0.6245506 0.0770810
5
-114.7     ts77     dynamics     sesquiterpene     TS     runpoint      156     runisomer      195
6 -0.2302491 0.5553840 -0.0591414
1 -0.2083156 1.2449757 0.7939580
1 0.0880959 0.9182163 -0.9472030
1 -0.4485211 -1.3458285 -0.1725377
8 0.1819075 -0.6058352 0.0651646
5
-114.687     ts77     dynamics     sesquiterpene     TS     runpoint      157     runisomer      195
6 -0.2332274 0.5391388 -0.0496517
1 -0.1949112 1.3067302 0.8132849
1 0.1746225 0.8764323 -0.9589918
1 -0.3837977 -1.3744759 -0.1209107
8 0.1737864 -0.5931069 0.0543207
5
-114.671     ts77     dynamics     sesquiterpene     TS     runpoint      158     runisomer      195
6 -0.2385405 0.5313083 -0.0404866
1 -0.1835139 1.3536900 0.8233685
1 0.2584022 0.8561662 -0.9855163
1 -0.3182380 -1.3947173 -0.0675639
8 0.1676631 -0.5876451 0.0451223
5
-114.655     ts77     dynamics     sesquiterpene     TS     runpoint      159     runisomer      195
6 -0.2457738 0.5336740 -0.0330568
1 -0.1747257 1.3798632 0.8208919
1 0.3309633 0.8541531 -1.0098747
1 -0.2612396 -1.4158794 -0.0130924
8 0.1643902 -0.5896155 0.0378087
5
-114.646     ts77     dynamics     sesquiterpene     TS     runpoint      160     runisomer      195
6 -0.2541753 0.5460757 -0.0281902
1 -0.1690657 1.3832526 0.8060386
1 0.3857532 0.8673576 -1.0212818
1 -0.2193204 -1.4458899 0.0436126
8 0.1642604 -0.5980819 0.0322421
5
-114.648     ts77     dynamics     sesquiterpene     TS     runpoint      161     runisomer      195
6 -0.2628010 0.5667631 -0.0262514
1 -0.1670569 1.3654140 0.7817780
1 0.4187632 0.8927378 -1.0142575
1 -0.1936570 -1.4839124 0.1047782
8 0.1669255 -0.6116885 0.0280224
5
-114.659     ts77     dynamics     sesquiterpene     TS     runpoint      162     runisomer      195
6 -0.2707160 0.5930620 -0.0275064
1 -0.1690524 1.3322804 0.7548464
1 0.4279553 0.9270003 -0.9866958
1 -0.1814796 -1.5201587 0.1717586
8 0.1716613 -0.6292142 0.0247063
5
-114.671     ts77     dynamics     sesquiterpene     TS     runpoint      163     runisomer      195
6 -0.2772201 0.6219082 -0.0323953
1 -0.1748571 1.2951717 0.7374348
1 0.4132015 0.9667707 -0.9392962
1 -0.1792383 -1.5430932 0.2440773
8 0.1777124 -0.6495855 0.0219304
5
-114.679     ts77     dynamics     sesquiterpene     TS     runpoint      164     runisomer      195
6 -0.2820313 0.6503483 -0.0413575
1 -0.1838016 1.2679955 0.7455426
1 0.3773248 1.0093450 -0.8766399
1 -0.1842526 -1.5450263 0.3200625
8 0.1844792 -0.6717793 0.0194098
5
-114.686     ts77     dynamics     sesquiterpene     TS     runpoint      165     runisomer      195
6 -0.2853993 0.6763049 -0.0537195
1 -0.1961038 1.2572344 0.7880323
1 0.3285838 1.0544694 -0.8098620
1 -0.1949961 -1.5234642 0.3979114
8 0.1915466 -0.6947846 0.0168962
5
-114.691     ts77     dynamics     sesquiterpene     TS     runpoint      166     runisomer      195
6 -0.2882297 0.6987717 -0.0666075
1 -0.2136311 1.2560405 0.8556850
1 0.2831842 1.1071687 -0.7588367
1 -0.2109898 -1.4802183 0.4765736
8 0.1986614 -0.7176189 0.0141319
5
-114.689     ts77     dynamics     sesquiterpene     TS     runpoint      167     runisomer      195
6 -0.2917487 0.7170593 -0.0762445
1 -0.2379656 1.2531385 0.9287496
1 0.2597677 1.1769183 -0.7447190
1 -0.2323367 -1.4193647 0.5560561
8 0.2056720 -0.7393932 0.0108615
5
-114.686     ts77     dynamics     sesquiterpene     TS     runpoint      168     runisomer      195
6 -0.2960580 0.7311218 -0.0808963
1 -0.2689989 1.2412493 0.9901228
1 0.2612490 1.2651016 -0.7686123
1 -0.2583564 -1.3444469 0.6362000
8 0.2124233 -0.7594793 0.0069416
5
-114.688     ts77     dynamics     sesquiterpene     TS     runpoint      169     runisomer      195
6 -0.2999147 0.7420400 -0.0813668
1 -0.3053278 1.2177043 1.0294074
1 0.2729144 1.3583844 -0.8099839
1 -0.2858797 -1.2568473 0.7142138
8 0.2186215 -0.7775914 0.0025132
5
-114.684     ts77     dynamics     sesquiterpene     TS     runpoint      170     runisomer      195
6 -0.3021542 0.7510276 -0.0790818
1 -0.3449920 1.1827631 1.0418227
1 0.2802285 1.4412674 -0.8481438
1 -0.3091806 -1.1573072 0.7837745
8 0.2238254 -0.7936338 -0.0019606
5
-114.674     ts77     dynamics     sesquiterpene     TS     runpoint      171     runisomer      195
6 -0.3022152 0.7587916 -0.0752192
1 -0.3859912 1.1385868 1.0271660
1 0.2755997 1.5039257 -0.8709006
1 -0.3220170 -1.0486396 0.8372965
8 0.2275714 -0.8074773 -0.0058728
5
-114.665     ts77     dynamics     sesquiterpene     TS     runpoint      172     runisomer      195
6 -0.2999443 0.7655530 -0.0708642
1 -0.4267909 1.0890167 0.9902072
1 0.2563951 1.5415988 -0.8725756
1 -0.3198449 -0.9365631 0.8690763
8 0.2295279 -0.8188681 -0.0087071
5
-114.66     ts77     dynamics     sesquiterpene     TS     runpoint      173     runisomer      195
6 -0.2953448 0.7711753 -0.0673238
1 -0.4671602 1.0396112 0.9422640
1 0.2227391 1.5527385 -0.8514568
1 -0.3008718 -0.8286677 0.8772273
8 0.2295631 -0.8274797 -0.0101851
5
-114.657     ts77     dynamics     sesquiterpene     TS     runpoint      174     runisomer      195
6 -0.2884334 0.7752421 -0.0661739
1 -0.5093205 0.9969024 0.9013946
1 0.1768748 1.5386221 -0.8092131
1 -0.2662725 -0.7327892 0.8646527
8 0.2277605 -0.8329989 -0.0103409
5
-114.656     ts77     dynamics     sesquiterpene     TS     runpoint      175     runisomer      195
6 -0.2793319 0.7771015 -0.0684809
1 -0.5577135 0.9657689 0.8849778
1 0.1240146 1.5051841 -0.7525955
1 -0.2201591 -0.6552456 0.8398620
8 0.2244246 -0.8352185 -0.0095801
5
-114.654     ts77     dynamics     sesquiterpene     TS     runpoint      176     runisomer      195
6 -0.2687777 0.7756905 -0.0732455
1 -0.6148593 0.9465943 0.8951564
1 0.0742105 1.4675289 -0.6973117
1 -0.1690657 -0.5990521 0.8172357
8 0.2200439 -0.8341272 -0.0087035
5
-114.646     ts77     dynamics     sesquiterpene     TS     runpoint      177     runisomer      195
6 -0.2583740 0.7691945 -0.0771840
1 -0.6776098 0.9363456 0.9171959
1 0.0418170 1.4523157 -0.6689067
1 -0.1196047 -0.5633051 0.8138607
8 0.2151346 -0.8299078 -0.0087152
5
-114.636     ts77     dynamics     sesquiterpene     TS     runpoint      178     runisomer      195
6 -0.2494612 0.7563473 -0.0774513
1 -0.7396305 0.9317303 0.9337162
1 0.0347892 1.4788972 -0.6845424
1 -0.0739199 -0.5462121 0.8398407
8 0.2099383 -0.8227367 -0.0102067
5
-114.646     ts77     dynamics     sesquiterpene     TS     runpoint      179     runisomer      195
6 -0.2419749 0.7386643 -0.0742748
1 -0.7952677 0.9304032 0.9335341
1 0.0451291 1.5317461 -0.7304691
1 -0.0280994 -0.5490756 0.8896325
8 0.2043063 -0.8125438 -0.0128215
5
-114.659     ts77     dynamics     sesquiterpene     TS     runpoint      180     runisomer      195
6 -0.2353342 0.7187427 -0.0692877
1 -0.8408452 0.9307625 0.9117087
1 0.0608616 1.5813227 -0.7817351
1 0.0231348 -0.5745825 0.9467652
8 0.1979934 -0.7991451 -0.0155582
5
-114.663     ts77     dynamics     sesquiterpene     TS     runpoint      181     runisomer      195
6 -0.2291800 0.6983104 -0.0636987
1 -0.8747102 0.9316275 0.8678229
1 0.0749164 1.6082275 -0.8222550
1 0.0822061 -0.6229507 0.9943880
8 0.1909194 -0.7825250 -0.0174337
5
-114.666     ts77     dynamics     sesquiterpene     TS     runpoint      182     runisomer      195
6 -0.2233012 0.6782514 -0.0582514
1 -0.8974653 0.9322562 0.8052591
1 0.0843123 1.6035996 -0.8448078
1 0.1483125 -0.6910192 1.0206041
8 0.1832016 -0.7629427 -0.0178103
5
-114.674     ts77     dynamics     sesquiterpene     TS     runpoint      183     runisomer      195
6 -0.2174281 0.6590149 -0.0535556
1 -0.9127227 0.9327368 0.7312098
1 0.0882840 1.5645428 -0.8471922
1 0.2186175 -0.7731320 1.0193495
8 0.1750944 -0.7409147 -0.0164377
5
-114.687     ts77     dynamics     sesquiterpene     TS     runpoint      184     runisomer      195
6 -0.2111417 0.6408102 -0.0501895
1 -0.9277205 0.9344398 0.6560722
1 0.0875486 1.4919507 -0.8304712
1 0.2894957 -0.8623273 0.9900904
8 0.1669200 -0.7171784 -0.0134400
5
-114.701     ts77     dynamics     sesquiterpene     TS     runpoint      185     runisomer      195
6 -0.2040486 0.6236560 -0.0483781
1 -0.9516732 0.9395967 0.5902896
1 0.0845735 1.3911357 -0.7997040
1 0.3576530 -0.9516599 0.9372701
8 0.1590171 -0.6926601 -0.0092661
5
-114.711     ts77     dynamics     sesquiterpene     TS     runpoint      186     runisomer      195
6 -0.1963448 0.6073684 -0.0472925
1 -0.9902581 0.9492420 0.5389049
1 0.0847423 1.2750600 -0.7673396
1 0.4210088 -1.0355448 0.8687502
8 0.1516819 -0.6684565 -0.0045655
5
-114.709     ts77     dynamics     sesquiterpene     TS     runpoint      187     runisomer      195
6 -0.1893184 0.5915370 -0.0445809
1 -1.0408039 0.9614219 0.4992563
1 0.0976387 1.1672005 -0.7574198
1 0.4788493 -1.1102870 0.7926565
8 0.1451544 -0.6458504 0.0000652
5
-114.694     ts77     dynamics     sesquiterpene     TS     runpoint      188     runisomer      195
6 -0.1847933 0.5763969 -0.0375588
1 -1.0945800 0.9723116 0.4648201
1 0.1329631 1.0904147 -0.7960912
1 0.5310059 -1.1732216 0.7143594
8 0.1396518 -0.6263820 0.0043344
5
-114.685     ts77     dynamics     sesquiterpene     TS     runpoint      189     runisomer      195
6 -0.1834688 0.5645824 -0.0263897
1 -1.1426564 0.9783216 0.4299001
1 0.1869477 1.0424841 -0.8785845
1 0.5770854 -1.2217246 0.6363175
8 0.1353994 -0.6118288 0.0082671
5
-114.679     ts77     dynamics     sesquiterpene     TS     runpoint      190     runisomer      195
6 -0.1846902 0.5595954 -0.0137849
1 -1.1791080 0.9770199 0.3912896
1 0.2437864 1.0074373 -0.9731926
1 0.6168145 -1.2536061 0.5600729
8 0.1325434 -0.6037974 0.0120052
5
-114.666     ts77     dynamics     sesquiterpene     TS     runpoint      191     runisomer      195
6 -0.1875295 0.5632770 -0.0020739
1 -1.2014585 0.9673560 0.3479576
1 0.2904337 0.9769805 -1.0545630
1 0.6510748 -1.2684015 0.4876352
8 0.1309995 -0.6031077 0.0156372
5
-114.654     ts77     dynamics     sesquiterpene     TS     runpoint      192     runisomer      195
6 -0.1910428 0.5754594 0.0074282
1 -1.2105116 0.9497041 0.3004828
1 0.3203001 0.9500363 -1.1104244
1 0.6829630 -1.2685126 0.4218050
8 0.1303307 -0.6094396 0.0191636
5
-114.649     ts77     dynamics     sesquiterpene     TS     runpoint      193     runisomer      195
6 -0.1941168 0.5945390 0.0139572
1 -1.2104080 0.9258192 0.2506631
1 0.3309330 0.9281113 -1.1358752
1 0.7184880 -1.2592739 0.3657607
8 0.1297382 -0.6214599 0.0225364
5
-114.651     ts77     dynamics     sesquiterpene     TS     runpoint      194     runisomer      195
6 -0.1954751 0.6182501 0.0169853
1 -1.2084610 0.8984897 0.2010324
1 0.3220768 0.9131998 -1.1291793
1 0.7651071 -1.2462123 0.3214649
8 0.1282705 -0.6374202 0.0257567
5
-114.659     ts77     dynamics     sesquiterpene     TS     runpoint      195     runisomer      195
6 -0.1939533 0.6443485 0.0161999
1 -1.2131576 0.8705057 0.1540407
1 0.2950468 0.9072460 -1.0905327
1 0.8267611 -1.2298401 0.2875463
8 0.1252599 -0.6559028 0.0290054
5
-114.672     ts77     dynamics     sesquiterpene     TS     runpoint      196     runisomer      195
6 -0.1890564 0.6710012 0.0117013
1 -1.2294152 0.8433324 0.1112590
1 0.2533480 0.9122856 -1.0234151
1 0.8995927 -1.2040946 0.2593811
8 0.1206656 -0.6761354 0.0326174
5
-114.687     ts77     dynamics     sesquiterpene     TS     runpoint      197     runisomer      195
6 -0.1815009 0.6967319 0.0044179
1 -1.2546319 0.8169987 0.0733951
1 0.2047137 0.9312732 -0.9393906
1 0.9738000 -1.1614466 0.2317276
8 0.1149927 -0.6976728 0.0369104
5
-114.692     ts77     dynamics     sesquiterpene     TS     runpoint      198     runisomer      195
6 -0.1733050 0.7200190 -0.0032200
1 -1.2804500 0.7914554 0.0409323
1 0.1640501 0.9701540 -0.8665323
1 1.0386424 -1.0981575 0.2008969
8 0.1089648 -0.7199813 0.0420328
5
-114.682     ts77     dynamics     sesquiterpene     TS     runpoint      199     runisomer      195
6 -0.1670617 0.7390362 -0.0075764
1 -1.2980899 0.7675208 0.0143727
1 0.1506746 1.0389660 -0.8462275
1 1.0857007 -1.0155446 0.1652809
8 0.1032878 -0.7422905 0.0479349
5
-114.679     ts77     dynamics     sesquiterpene     TS     runpoint      200     runisomer      195
6 -0.1639791 0.7527267 -0.0077340
1 -1.3020949 0.7466834 -0.0059406
1 0.1693469 1.1399291 -0.8867896
1 1.1100873 -0.9188879 0.1250487
8 0.0985321 -0.7637109 0.0544200
5
-114.691     ts77     dynamics     sesquiterpene     TS     runpoint      201     runisomer      195
6 -0.1633463 0.7618695 -0.0067412
1 -1.2912153 0.7306624 -0.0200274
1 0.2054466 1.2561665 -0.9491703
1 1.1109071 -0.8157850 0.0815666
8 0.0950632 -0.7833907 0.0612288
5
-114.692     ts77     dynamics     sesquiterpene     TS     runpoint      202     runisomer      195
6 -0.1641841 0.7677115 -0.0072151
1 -1.2681672 0.7211743 -0.0283333
1 0.2448798 1.3680103 -0.9994189
1 1.0914083 -0.7144592 0.0366876
8 0.0930013 -0.8006168 0.0680982
5
-114.679     ts77     dynamics     sesquiterpene     TS     runpoint      203     runisomer      195
6 -0.1657060 0.7711148 -0.0101591
1 -1.2395983 0.7195956 -0.0316503
1 0.2800064 1.4629132 -1.0227825
1 1.0583792 -0.6221540 -0.0079443
8 0.0922282 -0.8148757 0.0747963
5
-114.662     ts77     dynamics     sesquiterpene     TS     runpoint      204     runisomer      195
6 -0.1671362 0.7726536 -0.0156804
1 -1.2153550 0.7266488 -0.0309305
1 0.3071684 1.5339674 -1.0151643
1 1.0204125 -0.5440782 -0.0513758
8 0.0924716 -0.8258808 0.0811457
5
-114.647     ts77     dynamics     sesquiterpene     TS     runpoint      205     runisomer      195
6 -0.1677759 0.7727849 -0.0235346
1 -1.2053671 0.7424032 -0.0270037
1 0.3246241 1.5771827 -0.9768196
1 0.9854151 -0.4834142 -0.0933860
8 0.0934459 -0.8335267 0.0870190
5
-114.64     ts77     dynamics     sesquiterpene     TS     runpoint      206     runisomer      195
6 -0.1673996 0.7718828 -0.0333490
1 -1.2140813 0.7665395 -0.0203328
1 0.3317561 1.5901418 -0.9099399
1 0.9586686 -0.4422165 -0.1340922
8 0.0949665 -0.8377930 0.0923086
5
-114.642     ts77     dynamics     sesquiterpene     TS     runpoint      207     runisomer      195
6 -0.1665624 0.7701875 -0.0446191
1 -1.2370009 0.7982997 -0.0111444
1 0.3292647 1.5721667 -0.8185573
1 0.9424401 -0.4222350 -0.1735032
8 0.0969805 -0.8386581 0.0969073
5
-114.651     ts77     dynamics     sesquiterpene     TS     runpoint      208     runisomer      195
6 -0.1664725 0.7676128 -0.0565473
1 -1.2636415 0.8360643 0.0001817
1 0.3206060 1.5265839 -0.7102803
1 0.9368006 -0.4249952 -0.2113684
8 0.0995123 -0.8360684 0.1007024
5
-114.66     ts77     dynamics     sesquiterpene     TS     runpoint      209     runisomer      195
6 -0.1688081 0.7632404 -0.0677416
1 -1.2834213 0.8773336 0.0129112
1 0.3157005 1.4664089 -0.5998604
1 0.9406140 -0.4513400 -0.2473016
8 0.1025972 -0.8299448 0.1036016
5
-114.659     ts77     dynamics     sesquiterpene     TS     runpoint      210     runisomer      195
6 -0.1758092 0.7547460 -0.0761351
1 -1.2893238 0.9192786 0.0260474
1 0.3360313 1.4206066 -0.5104947
1 0.9520329 -0.5008845 -0.2809137
8 0.1062391 -0.8202166 0.1055546
5
-114.656     ts77     dynamics     sesquiterpene     TS     runpoint      211     runisomer      195
6 -0.1892889 0.7398666 -0.0804577
1 -1.2791293 0.9593585 0.0386733
1 0.4043960 1.4166609 -0.4568180
1 0.9683698 -0.5716558 -0.3116854
8 0.1103909 -0.8068807 0.1065561
5
-114.676     ts77     dynamics     sesquiterpene     TS     runpoint      212     runisomer      195
6 -0.2076436 0.7198327 -0.0820653
1 -1.2559265 0.9958079 0.0505603
1 0.5101758 1.4404432 -0.4239192
1 0.9855899 -0.6599007 -0.3386140
8 0.1149674 -0.7900946 0.1066332
5
-114.697     ts77     dynamics     sesquiterpene     TS     runpoint      213     runisomer      195
6 -0.2269115 0.6973213 -0.0828925
1 -1.2275961 1.0281557 0.0626304
1 0.6210395 1.4608925 -0.3920090
1 0.9981891 -0.7600118 -0.3600761
8 0.1198753 -0.7702341 0.1058315
5
-114.7     ts77     dynamics     sesquiterpene     TS     runpoint      214     runisomer      195
6 -0.2436557 0.6738338 -0.0840678
1 -1.2041544 1.0573119 0.0768484
1 0.7135960 1.4614596 -0.3527158
1 1.0000343 -0.8646815 -0.3742213
8 0.1250284 -0.7479002 0.1042296
5
-114.691     ts77     dynamics     sesquiterpene     TS     runpoint      215     runisomer      195
6 -0.2557298 0.6500493 -0.0861942
1 -1.1926824 1.0841650 0.0953819
1 0.7763119 1.4377226 -0.3046712
1 0.9860148 -0.9655673 -0.3798029
8 0.1303113 -0.7239046 0.1019786
5
-114.683     ts77     dynamics     sesquiterpene     TS     runpoint      216     runisomer      195
6 -0.2622877 0.6266306 -0.0896008
1 -1.1929766 1.1072140 0.1193740
1 0.8043269 1.3906564 -0.2491727
1 0.9536008 -1.0546187 -0.3769585
8 0.1355425 -0.6992210 0.0993445
5
-114.68     ts77     dynamics     sesquiterpene     TS     runpoint      217     runisomer      195
6 -0.2634790 0.6045820 -0.0944197
1 -1.1986373 1.1220391 0.1483898
1 0.7962163 1.3236694 -0.1885584
1 0.9035691 -1.1257275 -0.3675564
8 0.1404729 -0.6749214 0.0967179
5
-114.681     ts77     dynamics     sesquiterpene     TS     runpoint      218     runisomer      195
6 -0.2600250 0.5851464 -0.1006414
1 -1.2019719 1.1233930 0.1809086
1 0.7534465 1.2423505 -0.1257947
1 0.8399960 -1.1762502 -0.3551921
8 0.1448087 -0.6521269 0.0946005
5
-114.684     ts77     dynamics     sesquiterpene     TS     runpoint      219     runisomer      195
6 -0.2531187 0.5694996 -0.1081703
1 -1.1976791 1.1074768 0.2150553
1 0.6827146 1.1561562 -0.0642786
1 0.7697658 -1.2082308 -0.3450807
8 0.1482557 -0.6319491 0.0935835
5
-114.683     ts77     dynamics     sesquiterpene     TS     runpoint      220     runisomer      195
6 -0.2448181 0.5582671 -0.1169248
1 -1.1840269 1.0729687 0.2490057
1 0.6020937 1.0820744 -0.0066715
1 0.7011188 -1.2285757 -0.3436254
8 0.1505901 -0.6154068 0.0942906
5
-114.668     ts77     dynamics     sesquiterpene     TS     runpoint      221     runisomer      195
6 -0.2384423 0.5510060 -0.1271119
1 -1.1628833 1.0211860 0.2812288
1 0.5465414 1.0470525 0.0487056
1 0.6403432 -1.2462345 -0.3567335
8 0.1518209 -0.6033870 0.0972393
5
-114.651     ts77     dynamics     sesquiterpene     TS     runpoint      222     runisomer      195
6 -0.2366678 0.5470039 -0.1392948
1 -1.1395737 0.9558939 0.3109485
1 0.5460531 1.0730754 0.1086342
1 0.5880633 -1.2659965 -0.3866283
8 0.1523630 -0.5966747 0.1026130
5
-114.659     ts77     dynamics     sesquiterpene     TS     runpoint      223     runisomer      195
6 -0.2380380 0.5472573 -0.1532968
1 -1.1219911 0.8827717 0.3387389
1 0.5843464 1.1489487 0.1713972
1 0.5397557 -1.2849282 -0.4300225
8 0.1529306 -0.5958555 0.1101452
5
-114.675     ts77     dynamics     sesquiterpene     TS     runpoint      224     runisomer      195
6 -0.2395073 0.5530997 -0.1680681
1 -1.1173193 0.8081732 0.3659671
1 0.6271745 1.2464181 0.2260782
1 0.4903933 -1.2960526 -0.4801435
8 0.1541678 -0.6009902 0.1192224
5
-114.678     ts77     dynamics     sesquiterpene     TS     runpoint      225     runisomer      195
6 -0.2394705 0.5645704 -0.1824775
1 -1.1278174 0.7374995 0.3925177
1 0.6547025 1.3445634 0.2644810
1 0.4375803 -1.2938294 -0.5300495
8 0.1564129 -0.6114769 0.1290826
5
-114.675     ts77     dynamics     sesquiterpene     TS     runpoint      226     runisomer      195
6 -0.2377289 0.5807572 -0.1953808
1 -1.1494380 0.6747785 0.4149910
1 0.6592670 1.4313633 0.2830200
1 0.3816145 -1.2766020 -0.5747103
8 0.1597245 -0.6262346 0.1389913
5
-114.671     ts77     dynamics     sesquiterpene     TS     runpoint      227     runisomer      195
6 -0.2347350 0.6004130 -0.2056514
1 -1.1748440 0.6234553 0.4278830
1 0.6387317 1.4997534 0.2806886
1 0.3243039 -1.2466036 -0.6119001
8 0.1640025 -0.6439584 0.1483720
5
-114.668     ts77     dynamics     sesquiterpene     TS     runpoint      228     runisomer      195
6 -0.2310509 0.6223206 -0.2123849
1 -1.1973193 0.5866386 0.4261729
1 0.5933531 1.5451724 0.2577354
1 0.2677417 -1.2088235 -0.6423386
8 0.1690969 -0.6633274 0.1568942
5
-114.669     ts77     dynamics     sesquiterpene     TS     runpoint      229     runisomer      195
6 -0.2271572 0.6454514 -0.2150524
1 -1.2125307 0.5666338 0.4067645
1 0.5250522 1.5648444 0.2153596
1 0.2133776 -1.1691478 -0.6687540
8 0.1748817 -0.6831694 0.1644504
5
-114.674     ts77     dynamics     sesquiterpene     TS     runpoint      230     runisomer      195
6 -0.2235208 0.6688790 -0.2135807
1 -1.2186999 0.5644904 0.3687395
1 0.4384087 1.5589092 0.1563147
1 0.1616286 -1.1322050 -0.6935875
8 0.1812816 -0.7025744 0.1710251
5
-114.683     ts77     dynamics     sesquiterpene     TS     runpoint      231     runisomer      195
6 -0.2208363 0.6913792 -0.2084752
1 -1.2166481 0.5797556 0.3133202
1 0.3436496 1.5346970 0.0864873
1 0.1122820 -1.1000990 -0.7165892
8 0.1882378 -0.7209235 0.1765330
5
-114.685     ts77     dynamics     sesquiterpene     TS     runpoint      232     runisomer      195
6 -0.2203469 0.7106306 -0.2009396
1 -1.2104180 0.6103188 0.2439323
1 0.2612443 1.5154550 0.0167256
1 0.0652933 -1.0729152 -0.7345725
8 0.1956512 -0.7378038 0.1807781
5
-114.671     ts77     dynamics     sesquiterpene     TS     runpoint      233     runisomer      195
6 -0.2235151 0.7230890 -0.1925191
1 -1.2081651 0.6524850 0.1660499
1 0.2188997 1.5413645 -0.0408440
1 0.0211663 -1.0501730 -0.7435277
8 0.2033537 -0.7528831 0.1835565
5
-114.663     ts77     dynamics     sesquiterpene     TS     runpoint      234     runisomer      195
6 -0.2297660 0.7276147 -0.1838360
1 -1.2213851 0.7018032 0.0858512
1 0.2240524 1.6256888 -0.0859607
1 -0.0193184 -1.0319836 -0.7410048
8 0.2111227 -0.7658553 0.1847775
5
-114.673     ts77     dynamics     sesquiterpene     TS     runpoint      235     runisomer      195
6 -0.2363855 0.7273912 -0.1746546
1 -1.2581049 0.7546903 0.0070198
1 0.2557634 1.7304946 -0.1259690
1 -0.0556938 -1.0194174 -0.7274512
8 0.2187168 -0.7764247 0.1845219
5
-114.675     ts77     dynamics     sesquiterpene     TS     runpoint      236     runisomer      195
6 -0.2418626 0.7255207 -0.1647957
1 -1.3130039 0.8086142 -0.0707787
1 0.2942813 1.8186299 -0.1632325
1 -0.0883543 -1.0142455 -0.7063666
8 0.2259356 -0.7843088 0.1830446
5
-114.664     ts77     dynamics     sesquiterpene     TS     runpoint      237     runisomer      195
6 -0.2464301 0.7236246 -0.1542714
1 -1.3697838 0.8604237 -0.1485380
1 0.3293975 1.8720137 -0.1968563
1 -0.1187028 -1.0184625 -0.6832180
8 0.2326595 -0.7892587 0.1807066
5
-114.651     ts77     dynamics     sesquiterpene     TS     runpoint      238     runisomer      195
6 -0.2508078 0.7224834 -0.1432659
1 -1.4124684 0.9061483 -0.2253203
1 0.3565258 1.8839990 -0.2255378
1 -0.1485525 -1.0336159 -0.6629585
8 0.2388258 -0.7910940 0.1778180
5
-114.641     ts77     dynamics     sesquiterpene     TS     runpoint      239     runisomer      195
6 -0.2554714 0.7224660 -0.1320294
1 -1.4311223 0.9420393 -0.2988987
1 0.3736468 1.8529774 -0.2483276
1 -0.1787802 -1.0599851 -0.6470985
8 0.2443464 -0.7897369 0.1744593
5
-114.641     ts77     dynamics     sesquiterpene     TS     runpoint      240     runisomer      195
6 -0.2605719 0.7236485 -0.1207810
1 -1.4216451 0.9652259 -0.3669673
1 0.3802473 1.7801850 -0.2646443
1 -0.2083188 -1.0960360 -0.6327191
8 0.2490416 -0.7852375 0.1704299
5
-114.652     ts77     dynamics     sesquiterpene     TS     runpoint      241     runisomer      195
6 -0.2660988 0.7257053 -0.1096723
1 -1.3844197 0.9739367 -0.4277791
1 0.3779357 1.6706764 -0.2743491
1 -0.2346151 -1.1386140 -0.6145062
8 0.2526662 -0.7777573 0.1653902
5
-114.669     ts77     dynamics     sesquiterpene     TS     runpoint      242     runisomer      195
6 -0.2721482 0.7275526 -0.0987020
1 -1.3239554 0.9677500 -0.4806147
1 0.3734656 1.5373974 -0.2784959
1 -0.2550788 -1.1837978 -0.5877342
8 0.2549860 -0.7675190 0.1590622
5
-114.682     ts77     dynamics     sesquiterpene     TS     runpoint      243     runisomer      195
6 -0.2793540 0.7268923 -0.0874926
1 -1.2496569 0.9480749 -0.5267031
1 0.3847790 1.4065470 -0.2813176
1 -0.2683623 -1.2279357 -0.5500495
8 0.2558555 -0.7547679 0.1513581
5
-114.681     ts77     dynamics     sesquiterpene     TS     runpoint      244     runisomer      195
6 -0.2887178 0.7208987 -0.0751242
1 -1.1765522 0.9185706 -0.5708668
1 0.4398380 1.3094962 -0.2906173
1 -0.2749722 -1.2685559 -0.5017987
8 0.2552432 -0.7397485 0.1424049
5
-114.684     ts77     dynamics     sesquiterpene     TS     runpoint      245     runisomer      195
6 -0.2990470 0.7091546 -0.0608722
1 -1.1222809 0.8843803 -0.6222356
1 0.5431266 1.2493693 -0.3081907
1 -0.2772643 -1.3049478 -0.4453889
8 0.2532297 -0.7227128 0.1325007
5
-114.695     ts77     dynamics     sesquiterpene     TS     runpoint      246     runisomer      195
6 -0.3068054 0.6935142 -0.0450338
1 -1.0958641 0.8492845 -0.6886415
1 0.6621850 1.2052941 -0.3254502
1 -0.2787806 -1.3379190 -0.3840078
8 0.2500011 -0.7039235 0.1220214
5
-114.698     ts77     dynamics     sesquiterpene     TS     runpoint      247     runisomer      195
6 -0.3101124 0.6755329 -0.0288185
1 -1.0890979 0.8137753 -0.7666975
1 0.7659866 1.1643154 -0.3344210
1 -0.2828708 -1.3684060 -0.3200058
8 0.2457946 -0.6837049 0.1113045
5
-114.691     ts77     dynamics     sesquiterpene     TS     runpoint      248     runisomer      195
6 -0.3091202 0.6561257 -0.0138650
1 -1.0862159 0.7771913 -0.8436196
1 0.8387567 1.1236087 -0.3315052
1 -0.2911543 -1.3956086 -0.2538524
8 0.2408281 -0.6625724 0.1005790
5
-114.68     ts77     dynamics     sesquiterpene     TS     runpoint      249     runisomer      195
6 -0.3045693 0.6359636 -0.0015547
1 -1.0757563 0.7398734 -0.9069243
1 0.8745590 1.0845480 -0.3158047
1 -0.3030739 -1.4162663 -0.1846417
8 0.2352721 -0.6413422 0.0899803
5
-114.671     ts77     dynamics     sesquiterpene     TS     runpoint      250     runisomer      195
6 -0.2971846 0.6158010 0.0072326
1 -1.0527154 0.7032364 -0.9487756
1 0.8721721 1.0498865 -0.2876713
1 -0.3168754 -1.4259456 -0.1115649
8 0.2293224 -0.6211231 0.0796448
5
-114.667     ts77     dynamics     sesquiterpene     TS     runpoint      251     runisomer      195
6 -0.2876913 0.5966449 0.0120564
1 -1.0166023 0.6692968 -0.9657076
1 0.8331645 1.0231101 -0.2481776
1 -0.3309543 -1.4211884 -0.0348903
8 0.2232906 -0.6032360 0.0697717
5
-114.668     ts77     dynamics     sesquiterpene     TS     runpoint      252     runisomer      195
6 -0.2770119 0.5797481 0.0128425
1 -0.9698592 0.6404011 -0.9576659
1 0.7627486 1.0088075 -0.1992586
1 -0.3446799 -1.4010519 0.0439759
8 0.2176580 -0.5891165 0.0606218
5
-114.673     ts77     dynamics     sesquiterpene     TS     runpoint      253     runisomer      195
6 -0.2665737 0.5663374 0.0099395
1 -0.9174764 0.6191188 -0.9279758
1 0.6734398 1.0139334 -0.1441679
1 -0.3586331 -1.3676946 0.1229937
8 0.2130550 -0.5801506 0.0524782
5
-114.674     ts77     dynamics     sesquiterpene     TS     runpoint      254     runisomer      195
6 -0.2585293 0.5570361 0.0042185
1 -0.8675762 0.6081345 -0.8845770
1 0.5894498 1.0498558 -0.0871922
1 -0.3744570 -1.3260074 0.2002560
8 0.2101868 -0.5773829 0.0455766
