5
-114.654160 ts77 dynamics sesquiterpene TS runpoint 1  runisomer  6
6 -0.0532118 0.6307801 0.0017354
1 -0.1323419 1.1304483 0.9269755
1 -0.1697817 1.1355520 -0.9546997
1 0.9224300 -0.0520080 0.0285194
8 -0.0271182 -0.7498167 -0.0013520
5
-114.65 ts77 dynamics sesquiterpene TS runpoint 2  runisomer  6
6 -0.0480471 0.64137 -0.0101593
1 -0.133021 1.09003 0.946574
1 -0.173793 1.09909 -0.881187
1 0.88773 -0.0167673 0.0521737
8 -0.0285114 -0.755137 0.000214879
5
-114.641     ts77     dynamics     sesquiterpene     TS     runpoint      3     runisomer      6
6 -0.0425971 0.6502729 -0.0194723
1 -0.1394999 1.0576329 0.9719025
1 -0.1864930 1.0837808 -0.8422026
1 0.8779714 0.0183220 0.0754069
8 -0.0307763 -0.7610208 0.0016870
5
-114.628     ts77     dynamics     sesquiterpene     TS     runpoint      4     runisomer      6
6 -0.0365272 0.6558085 -0.0230258
1 -0.1518811 1.0331577 0.9966202
1 -0.2137940 1.1055498 -0.8670568
1 0.8980877 0.0558201 0.0980293
8 -0.0340966 -0.7673653 0.0029376
5
-114.637     ts77     dynamics     sesquiterpene     TS     runpoint      5     runisomer      6
6 -0.0297375 0.6581527 -0.0218093
1 -0.1703146 1.0164113 1.0150277
1 -0.2529493 1.1541228 -0.9355999
1 0.9458162 0.1013159 0.1187694
8 -0.0385692 -0.7739938 0.0038787
5
-114.651     ts77     dynamics     sesquiterpene     TS     runpoint      6     runisomer      6
6 -0.0222368 0.6581662 -0.0186053
1 -0.1949445 1.0072648 1.0234928
1 -0.2947627 1.2079990 -1.0079011
1 1.0130523 0.1624417 0.1353765
8 -0.0442467 -0.7806722 0.0044532
5
-114.655     ts77     dynamics     sesquiterpene     TS     runpoint      7     runisomer      6
6 -0.0137303 0.6561332 -0.0150895
1 -0.2256805 1.0054225 1.0203288
1 -0.3317251 1.2530230 -1.0593443
1 1.0886508 0.2455757 0.1454364
8 -0.0511275 -0.7871043 0.0046245
5
-114.655     ts77     dynamics     sesquiterpene     TS     runpoint      8     runisomer      6
6 -0.0037957 0.6520692 -0.0119515
1 -0.2620488 1.0102557 1.0055623
1 -0.3594865 1.2823030 -1.0797867
1 1.1609391 0.3527795 0.1471868
8 -0.0590960 -0.7929576 0.0043807
5
-114.658     ts77     dynamics     sesquiterpene     TS     runpoint      9     runisomer      6
6 0.0078886 0.6461494 -0.0094962
1 -0.3031663 1.0207168 0.9806588
1 -0.3757931 1.2925973 -1.0665194
1 1.2192884 0.4813116 0.1399320
8 -0.0679217 -0.7979220 0.0037309
5
-114.666     ts77     dynamics     sesquiterpene     TS     runpoint      10     runisomer      6
6 0.0214647 0.6388431 -0.0079065
1 -0.3477277 1.0352635 0.9481070
1 -0.3796782 1.2824265 -1.0207554
1 1.2552551 0.6249849 0.1241178
8 -0.0773218 -0.8017682 0.0027048
5
-114.678     ts77     dynamics     sesquiterpene     TS     runpoint      11     runisomer      6
6 0.0368795 0.6308524 -0.0072311
1 -0.3939190 1.0517541 0.9108905
1 -0.3714228 1.2518376 -0.9471996
1 1.2634407 0.7756861 0.1012840
8 -0.0870131 -0.8043790 0.0013492
5
-114.69     ts77     dynamics     sesquiterpene     TS     runpoint      12     runisomer      6
6 0.0539714 0.6228939 -0.0071893
1 -0.4393639 1.0673256 0.8721307
1 -0.3536285 1.2037193 -0.8559685
1 1.2420298 0.9245846 0.0739997
8 -0.0967449 -0.8057387 -0.0002672
5
-114.696     ts77     dynamics     sesquiterpene     TS     runpoint      13     runisomer      6
6 0.0729881 0.6152544 -0.0069884
1 -0.4821255 1.0778480 0.8349802
1 -0.3348795 1.1470072 -0.7659959
1 1.1929072 1.0639617 0.0461560
8 -0.1064052 -0.8058783 -0.0019888
5
-114.69     ts77     dynamics     sesquiterpene     TS     runpoint      14     runisomer      6
6 0.0946831 0.6072469 -0.0043730
1 -0.5218046 1.0807328 0.8000059
1 -0.3325821 1.0982646 -0.7075971
1 1.1225280 1.1871667 0.0201701
8 -0.1158926 -0.8047435 -0.0037869
5
-114.674     ts77     dynamics     sesquiterpene     TS     runpoint      15     runisomer      6
6 0.1188961 0.5982523 0.0025668
1 -0.5561749 1.0750723 0.7681225
1 -0.3630025 1.0721306 -0.7068819
1 1.0412717 1.2880215 -0.0018365
8 -0.1248577 -0.8023467 -0.0056405
5
-114.654160 ts77 dynamics sesquiterpene TS runpoint 1  runisomer  6
6 -0.0532118 0.6307801 0.0017354
1 -0.1323419 1.1304483 0.9269755
1 -0.1697817 1.1355520 -0.9546997
1 0.9224300 -0.0520080 0.0285194
8 -0.0271182 -0.7498167 -0.0013520
5
-114.65 ts77 dynamics sesquiterpene TS runpoint 2  runisomer  6
6 -0.0580705 0.62037 0.0126886
1 -0.137189 1.17765 0.916296
1 -0.169088 1.17326 -1.02598
1 0.971255 -0.088103 0.00426532
8 -0.0262874 -0.745083 -0.00287768
5
-114.646     ts77     dynamics     sesquiterpene     TS     runpoint      3     runisomer      6
6 -0.0623280 0.6114652 0.0210371
1 -0.1469361 1.2276082 0.9124411
1 -0.1693672 1.2009323 -1.0750437
1 1.0212896 -0.1254659 -0.0204361
8 -0.0256138 -0.7409381 -0.0042501
5
-114.636     ts77     dynamics     sesquiterpene     TS     runpoint      4     runisomer      6
6 -0.0657500 0.6051545 0.0264181
1 -0.1606591 1.2740186 0.9101701
1 -0.1698001 1.2136162 -1.0941444
1 1.0609738 -0.1652192 -0.0450011
8 -0.0246550 -0.7374218 -0.0053927
5
-114.628     ts77     dynamics     sesquiterpene     TS     runpoint      5     runisomer      6
6 -0.0683592 0.6024525 0.0289681
1 -0.1773111 1.3104329 0.9046351
1 -0.1700589 1.2094417 -1.0814294
1 1.0814696 -0.2101110 -0.0686585
8 -0.0229232 -0.7345965 -0.0062683
5
-114.626     ts77     dynamics     sesquiterpene     TS     runpoint      6     runisomer      6
6 -0.0705265 0.6042278 0.0289585
1 -0.1958567 1.3320353 0.8933640
1 -0.1699071 1.1883324 -1.0384239
1 1.0766291 -0.2655886 -0.0907000
8 -0.0198323 -0.7324633 -0.0068718
5
-114.637     ts77     dynamics     sesquiterpene     TS     runpoint      7     runisomer      6
6 -0.0729553 0.6109701 0.0268229
1 -0.2153756 1.3365102 0.8767260
1 -0.1691742 1.1524316 -0.9706936
1 1.0432730 -0.3398409 -0.1106555
8 -0.0147243 -0.7308615 -0.0072313
5
-114.658     ts77     dynamics     sesquiterpene     TS     runpoint      8     runisomer      6
6 -0.0763826 0.6223142 0.0234855
1 -0.2352912 1.3244819 0.8578974
1 -0.1682031 1.1084235 -0.8919445
1 0.9833850 -0.4406418 -0.1285433
8 -0.0071843 -0.7294902 -0.0073752
5
-114.678     ts77     dynamics     sesquiterpene     TS     runpoint      9     runisomer      6
6 -0.0810665 0.6365205 0.0209231
1 -0.2557742 1.2997384 0.8426667
1 -0.1688210 1.0711314 -0.8309136
1 0.9108249 -0.5691206 -0.1458305
8 0.0022323 -0.7281436 -0.0072479
5
-114.68     ts77     dynamics     sesquiterpene     TS     runpoint      10     runisomer      6
6 -0.0865255 0.6507189 0.0218005
1 -0.2780073 1.2686981 0.8386805
1 -0.1743084 1.0605866 -0.8268701
1 0.8644516 -0.7171786 -0.1684021
8 0.0109961 -0.7268462 -0.0064870
5
-114.678     ts77     dynamics     sesquiterpene     TS     runpoint      11     runisomer      6
6 -0.0919813 0.6629774 0.0261267
1 -0.3038839 1.2383234 0.8532863
1 -0.1854132 1.0811288 -0.8880918
1 0.8870432 -0.8803359 -0.2054477
8 0.0159955 -0.7251421 -0.0044596
5
-114.705     ts77     dynamics     sesquiterpene     TS     runpoint      12     runisomer      6
6 -0.0969173 0.6734034 0.0304585
1 -0.3348006 1.2124455 0.8889892
1 -0.1988452 1.1167719 -0.9775856
1 0.9424036 -1.0532344 -0.2512213
8 0.0190062 -0.7226850 -0.0014352
5
-114.711     ts77     dynamics     sesquiterpene     TS     runpoint      13     runisomer      6
6 -0.1011202 0.6826946 0.0321693
1 -0.3700472 1.1894468 0.9394363
1 -0.2116219 1.1528859 -1.0588210
1 0.9795103 -1.2146552 -0.2929427
8 0.0228479 -0.7203110 0.0018522
5
-114.687     ts77     dynamics     sesquiterpene     TS     runpoint      14     runisomer      6
6 -0.1045872 0.6913207 0.0306572
1 -0.4067688 1.1647002 0.9920079
1 -0.2224098 1.1821865 -1.1124557
1 0.9809692 -1.3472746 -0.3243884
8 0.0283517 -0.7187125 0.0050357
5
-114.66     ts77     dynamics     sesquiterpene     TS     runpoint      15     runisomer      6
6 -0.1074032 0.6994174 0.0263187
1 -0.4415456 1.1344539 1.0341358
1 -0.2308370 1.2016286 -1.1305786
1 0.9462688 -1.4419949 -0.3439932
8 0.0353747 -0.7181382 0.0080149
5
-114.643     ts77     dynamics     sesquiterpene     TS     runpoint      16     runisomer      6
6 -0.1096285 0.7069233 0.0197526
1 -0.4717752 1.0972440 1.0569546
1 -0.2369992 1.2101005 -1.1112084
1 0.8788135 -1.4936747 -0.3518177
8 0.0435897 -0.7187025 0.0107778
5
-114.644     ts77     dynamics     sesquiterpene     TS     runpoint      17     runisomer      6
6 -0.1112562 0.7136770 0.0115540
1 -0.4961983 1.0535443 1.0558932
1 -0.2413537 1.2078247 -1.0566196
1 0.7820429 -1.4984449 -0.3484664
8 0.0527232 -0.7205734 0.0133476
5
-114.662     ts77     dynamics     sesquiterpene     TS     runpoint      18     runisomer      6
6 -0.1122173 0.7192439 0.0025071
1 -0.5148485 1.0053307 1.0305101
1 -0.2448801 1.1973061 -0.9752237
1 0.6618074 -1.4562660 -0.3362224
8 0.0624191 -0.7237069 0.0158371
5
-114.684     ts77     dynamics     sesquiterpene     TS     runpoint      19     runisomer      6
6 -0.1123354 0.7225560 -0.0059603
1 -0.5290429 0.9559344 0.9849919
1 -0.2497504 1.1861697 -0.8869448
1 0.5357152 -1.3835089 -0.3248456
8 0.0716557 -0.7269625 0.0187808
5
-114.675     ts77     dynamics     sesquiterpene     TS     runpoint      20     runisomer      6
6 -0.1111388 0.7217151 -0.0115821
1 -0.5420067 0.9097465 0.9293768
1 -0.2604469 1.1902390 -0.8268480
1 0.4482979 -1.3410720 -0.3481670
8 0.0777598 -0.7263532 0.0241889
5
-114.642     ts77     dynamics     sesquiterpene     TS     runpoint      21     runisomer      6
6 -0.1079089 0.7150327 -0.0130785
1 -0.5598574 0.8715231 0.8798595
1 -0.2817466 1.2248824 -0.8246708
1 0.4295953 -1.3886293 -0.4480885
8 0.0789842 -0.7181184 0.0345938
5
-114.677     ts77     dynamics     sesquiterpene     TS     runpoint      22     runisomer      6
6 -0.1023569 0.7032689 -0.0128693
1 -0.5904748 0.8450341 0.8534466
1 -0.3115096 1.2827022 -0.8679478
1 0.4302481 -1.4519994 -0.5822957
8 0.0785840 -0.7072736 0.0472871
