5
-114.654160 ts77 dynamics sesquiterpene TS runpoint 1  runisomer  20
6 -0.0520025 0.6280804 -0.0039703
1 -0.2111733 1.0752704 0.9501100
1 -0.1420035 1.1843251 -0.9464997
1 1.0016505 -0.0769582 -0.0634761
8 -0.0298000 -0.7458157 0.0067508
5
-114.65 ts77 dynamics sesquiterpene TS runpoint 2  runisomer  20
6 -0.0500061 0.622584 -0.000548053
1 -0.23154 1.02746 0.97668
1 -0.152937 1.2091 -1.03055
1 1.04847 -0.0771584 -0.0855677
8 -0.0322754 -0.740228 0.00919688
5
-114.641     ts77     dynamics     sesquiterpene     TS     runpoint      3     runisomer      20
6 -0.0465002 0.6176956 0.0011212
1 -0.2550628 0.9895363 1.0035509
1 -0.1661999 1.2228007 -1.0907386
1 1.0845858 -0.0699280 -0.1050912
8 -0.0348623 -0.7354885 0.0112741
5
-114.629     ts77     dynamics     sesquiterpene     TS     runpoint      4     runisomer      20
6 -0.0412326 0.6135349 0.0008161
1 -0.2805881 0.9624801 1.0251825
1 -0.1808335 1.2224954 -1.1185906
1 1.1067830 -0.0505209 -0.1212631
8 -0.0376807 -0.7318651 0.0129132
5
-114.624     ts77     dynamics     sesquiterpene     TS     runpoint      5     runisomer      20
6 -0.0341020 0.6100184 -0.0012327
1 -0.3062602 0.9465029 1.0361772
1 -0.1961517 1.2079175 -1.1115320
1 1.1149615 -0.0141635 -0.1334359
8 -0.0409628 -0.7295913 0.0140788
5
-114.627     ts77     dynamics     sesquiterpene     TS     runpoint      6     runisomer      20
6 -0.0251497 0.6069636 -0.0046745
1 -0.3298485 0.9414766 1.0328307
1 -0.2116149 1.1802095 -1.0705502
1 1.1114522 0.0435856 -0.1410597
8 -0.0449970 -0.7288745 0.0147692
5
-114.639     ts77     dynamics     sesquiterpene     TS     runpoint      7     runisomer      20
6 -0.0145308 0.6041327 -0.0090489
1 -0.3491349 0.9470345 1.0138764
1 -0.2271974 1.1421771 -1.0007550
1 1.1002373 0.1262119 -0.1435822
8 -0.0500599 -0.7299098 0.0150047
5
-114.656     ts77     dynamics     sesquiterpene     TS     runpoint      8     runisomer      20
6 -0.0024530 0.6011683 -0.0135154
1 -0.3623437 0.9625163 0.9807669
1 -0.2445541 1.0999585 -0.9147310
1 1.0866072 0.2351425 -0.1404364
8 -0.0563365 -0.7328636 0.0148225
5
-114.671     ts77     dynamics     sesquiterpene     TS     runpoint      9     runisomer      20
6 0.0109202 0.5974233 -0.0164565
1 -0.3686577 0.9869711 0.9378069
1 -0.2692996 1.0654352 -0.8370511
1 1.0775596 0.3684432 -0.1313255
8 -0.0638434 -0.7378189 0.0142679
5
-114.677     ts77     dynamics     sesquiterpene     TS     runpoint      10     runisomer      20
6 0.0255432 0.5920484 -0.0158817
1 -0.3687082 1.0192892 0.8919456
1 -0.3116103 1.0536557 -0.7988957
1 1.0815390 0.5209630 -0.1167423
8 -0.0723957 -0.7446910 0.0134025
5
-114.686     ts77     dynamics     sesquiterpene     TS     runpoint      11     runisomer      20
6 0.0411474 0.5850732 -0.0117149
1 -0.3646908 1.0582252 0.8515741
1 -0.3761607 1.0672586 -0.8096682
1 1.1032241 0.6865735 -0.0980621
8 -0.0816558 -0.7532039 0.0123220
5
-114.654160 ts77 dynamics sesquiterpene TS runpoint 1  runisomer  20
6 -0.0520025 0.6280804 -0.0039703
1 -0.2111733 1.0752704 0.9501100
1 -0.1420035 1.1843251 -0.9464997
1 1.0016505 -0.0769582 -0.0634761
8 -0.0298000 -0.7458157 0.0067508
5
-114.65 ts77 dynamics sesquiterpene TS runpoint 2  runisomer  20
6 -0.052854 0.633651 -0.00782745
1 -0.194271 1.13044 0.927565
1 -0.135139 1.15743 -0.85863
1 0.950815 -0.0738555 -0.0396481
8 -0.0274555 -0.751972 0.0040272
5
-114.647     ts77     dynamics     sesquiterpene     TS     runpoint      3     runisomer      20
6 -0.0529393 0.6381019 -0.0092585
1 -0.1804921 1.1886567 0.9100374
1 -0.1353938 1.1468667 -0.8028460
1 0.9054951 -0.0719537 -0.0147726
8 -0.0253885 -0.7584331 0.0011214
5
-114.634     ts77     dynamics     sesquiterpene     TS     runpoint      4     runisomer      20
6 -0.0526423 0.6404077 -0.0055986
1 -0.1693103 1.2446056 0.8967010
1 -0.1456203 1.1699575 -0.8111306
1 0.8759813 -0.0745765 0.0107787
8 -0.0238124 -0.7649770 -0.0018746
5
-114.636     ts77     dynamics     sesquiterpene     TS     runpoint      5     runisomer      20
6 -0.0525184 0.6417066 0.0021079
1 -0.1604113 1.2932662 0.8863376
1 -0.1641915 1.2172828 -0.8712455
1 0.8697090 -0.0839188 0.0369002
8 -0.0228997 -0.7714096 -0.0048645
5
-114.645     ts77     dynamics     sesquiterpene     TS     runpoint      6     runisomer      20
6 -0.0530259 0.6440754 0.0107703
1 -0.1537856 1.3307483 0.8778316
1 -0.1862426 1.2648202 -0.9467282
1 0.8874483 -0.1009535 0.0634230
8 -0.0226644 -0.7774696 -0.0077457
5
-114.643     ts77     dynamics     sesquiterpene     TS     runpoint      7     runisomer      20
6 -0.0541938 0.6485290 0.0181911
1 -0.1496265 1.3547174 0.8704810
1 -0.2078085 1.2969457 -1.0118839
1 0.9224251 -0.1259563 0.0897636
8 -0.0228944 -0.7827705 -0.0104080
5
-114.636     ts77     dynamics     sesquiterpene     TS     runpoint      8     runisomer      20
6 -0.0557806 0.6550987 0.0232300
1 -0.1481695 1.3645890 0.8644711
1 -0.2265872 1.3074245 -1.0541174
1 0.9634196 -0.1595883 0.1148457
8 -0.0231946 -0.7868632 -0.0127324
5
-114.63     ts77     dynamics     sesquiterpene     TS     runpoint      9     runisomer      20
6 -0.0575858 0.6634149 0.0252661
1 -0.1495527 1.3614662 0.8611124
1 -0.2413397 1.2948998 -1.0679801
1 0.9988236 -0.2039135 0.1373403
8 -0.0230550 -0.7893229 -0.0145947
5
-114.629     ts77     dynamics     sesquiterpene     TS     runpoint      10     runisomer      20
6 -0.0596355 0.6730472 0.0239162
1 -0.1537166 1.3477600 0.8626399
1 -0.2514818 1.2604561 -1.0518465
1 1.0190009 -0.2630116 0.1559706
8 -0.0218875 -0.7897917 -0.0158724
5
-114.638     ts77     dynamics     sesquiterpene     TS     runpoint      11     runisomer      20
6 -0.0622007 0.6835787 0.0190687
1 -0.1603427 1.3264223 0.8714406
1 -0.2571161 1.2073056 -1.0076812
1 1.0170590 -0.3427977 0.1697460
8 -0.0190701 -0.7879729 -0.0164438
5
-114.657     ts77     dynamics     sesquiterpene     TS     runpoint      12     runisomer      20
6 -0.0656020 0.6944305 0.0112620
1 -0.1688485 1.2999304 0.8886830
1 -0.2597219 1.1422709 -0.9440711
1 0.9897469 -0.4489014 0.1782643
8 -0.0140986 -0.7836618 -0.0162211
5
-114.678     ts77     dynamics     sesquiterpene     TS     runpoint      13     runisomer      20
6 -0.0697972 0.7044673 0.0024176
1 -0.1784909 1.2696646 0.9129361
1 -0.2638691 1.0786104 -0.8831461
1 0.9410295 -0.5821247 0.1825666
8 -0.0070147 -0.7768790 -0.0152267
5
-114.687     ts77     dynamics     sesquiterpene     TS     runpoint      14     runisomer      20
6 -0.0740393 0.7118797 -0.0038405
1 -0.1885784 1.2362754 0.9400437
1 -0.2787051 1.0355604 -0.8636310
1 0.8904357 -0.7355455 0.1871533
8 0.0009243 -0.7679571 -0.0137613
5
-114.685     ts77     dynamics     sesquiterpene     TS     runpoint      15     runisomer      20
6 -0.0773817 0.7153930 -0.0049513
1 -0.1987919 1.2006855 0.9650620
1 -0.3116904 1.0235333 -0.9097078
1 0.8731239 -0.9016549 0.2006819
8 0.0072428 -0.7571258 -0.0124567
5
-114.699     ts77     dynamics     sesquiterpene     TS     runpoint      16     runisomer      20
6 -0.0797251 0.7154038 -0.0027690
1 -0.2093834 1.1646397 0.9846620
1 -0.3578593 1.0324737 -0.9935736
1 0.8919004 -1.0779670 0.2250561
8 0.0113924 -0.7443171 -0.0115837
5
-114.71     ts77     dynamics     sesquiterpene     TS     runpoint      17     runisomer      20
6 -0.0814202 0.7127908 -0.0003884
1 -0.2209889 1.1303967 0.9975793
1 -0.4069761 1.0484977 -1.0742186
1 0.9078463 -1.2483815 0.2508065
8 0.0154830 -0.7304706 -0.0107287
5
-114.692     ts77     dynamics     sesquiterpene     TS     runpoint      18     runisomer      20
6 -0.0826786 0.7081170 0.0004404
1 -0.2343302 1.1002425 1.0039289
1 -0.4518308 1.0634211 -1.1279317
1 0.8966925 -1.3918889 0.2706382
8 0.0207949 -0.7169624 -0.0096194
5
-114.665     ts77     dynamics     sesquiterpene     TS     runpoint      19     runisomer      20
6 -0.0835653 0.7017158 -0.0009242
1 -0.2499952 1.0761249 1.0044796
1 -0.4884299 1.0732126 -1.1451529
1 0.8538831 -1.4952625 0.2820783
8 0.0274483 -0.7047429 -0.0082696
5
-114.648     ts77     dynamics     sesquiterpene     TS     runpoint      20     runisomer      20
6 -0.0840949 0.6938944 -0.0045482
1 -0.2683276 1.0593732 1.0000634
1 -0.5146321 1.0758116 -1.1235658
1 0.7824747 -1.5517359 0.2848791
8 0.0351488 -0.6944243 -0.0068132
5
-114.646     ts77     dynamics     sesquiterpene     TS     runpoint      21     runisomer      20
6 -0.0842746 0.6850635 -0.0101403
1 -0.2893733 1.0505109 0.9912185
1 -0.5296848 1.0702200 -1.0651755
1 0.6869406 -1.5574742 0.2794985
8 0.0435757 -0.6865262 -0.0054038
5
-114.661     ts77     dynamics     sesquiterpene     TS     runpoint      22     runisomer      20
6 -0.0840827 0.6756771 -0.0169937
1 -0.3127408 1.0491943 0.9781986
1 -0.5348383 1.0568379 -0.9770257
1 0.5729814 -1.5124123 0.2673923
8 0.0524073 -0.6813956 -0.0042366
5
-114.682     ts77     dynamics     sesquiterpene     TS     runpoint      23     runisomer      20
6 -0.0833355 0.6658881 -0.0237008
1 -0.3373361 1.0543061 0.9613563
1 -0.5353423 1.0392999 -0.8752209
1 0.4539675 -1.4320308 0.2546655
8 0.0609241 -0.6783332 -0.0037610
5
-114.68     ts77     dynamics     sesquiterpene     TS     runpoint      24     runisomer      20
6 -0.0813348 0.6552330 -0.0278035
1 -0.3613435 1.0642133 0.9417717
1 -0.5439152 1.0271989 -0.7894205
1 0.3624892 -1.3767268 0.2629447
8 0.0672365 -0.6736850 -0.0053813
5
-114.643     ts77     dynamics     sesquiterpene     TS     runpoint      25     runisomer      20
6 -0.0769827 0.6430988 -0.0266694
1 -0.3827511 1.0772810 0.9218472
1 -0.5780731 1.0332739 -0.7523650
1 0.3265953 -1.4264997 0.3258876
8 0.0697318 -0.6626509 -0.0112819
5
-114.664     ts77     dynamics     sesquiterpene     TS     runpoint      26     runisomer      20
6 -0.0704632 0.6305501 -0.0202793
1 -0.4000724 1.0924205 0.9051640
1 -0.6395202 1.0572018 -0.7659840
1 0.3116583 -1.5140295 0.4220152
8 0.0707421 -0.6501821 -0.0202275
5
-114.677     ts77     dynamics     sesquiterpene     TS     runpoint      27     runisomer      20
6 -0.0636084 0.6202027 -0.0109489
1 -0.4125007 1.1087591 0.8947921
1 -0.7097229 1.0838281 -0.8036809
1 0.2935310 -1.5699463 0.5200472
8 0.0719454 -0.6416023 -0.0303803
5
-114.663     ts77     dynamics     sesquiterpene     TS     runpoint      28     runisomer      20
6 -0.0581151 0.6142299 -0.0005913
1 -0.4195369 1.1250825 0.8918495
1 -0.7712591 1.1004395 -0.8424538
1 0.2662375 -1.5732233 0.6060914
8 0.0738616 -0.6389883 -0.0409480
5
-114.651     ts77     dynamics     sesquiterpene     TS     runpoint      29     runisomer      20
6 -0.0549422 0.6136027 0.0097725
1 -0.4207314 1.1397082 0.8958445
1 -0.8148155 1.1016585 -0.8701553
1 0.2293531 -1.5220571 0.6739678
8 0.0766232 -0.6427382 -0.0515101
5
-114.652     ts77     dynamics     sesquiterpene     TS     runpoint      30     runisomer      20
6 -0.0545251 0.6182874 0.0195220
1 -0.4158517 1.1507536 0.9057481
1 -0.8359954 1.0866090 -0.8810609
1 0.1844980 -1.4206186 0.7195042
8 0.0801612 -0.6523898 -0.0616334
5
-114.668     ts77     dynamics     sesquiterpene     TS     runpoint      31     runisomer      20
6 -0.0570119 0.6275794 0.0281064
1 -0.4050443 1.1565850 0.9207499
1 -0.8326656 1.0566718 -0.8725199
1 0.1347807 -1.2782172 0.7413319
8 0.0842662 -0.6668138 -0.0709351
5
-114.692     ts77     dynamics     sesquiterpene     TS     runpoint      32     runisomer      20
6 -0.0623556 0.6403717 0.0349502
1 -0.3887679 1.1561515 0.9404670
1 -0.8045747 1.0149755 -0.8440672
1 0.0843633 -1.1142135 0.7487889
8 0.0886535 -0.6840898 -0.0795780
5
-114.706     ts77     dynamics     sesquiterpene     TS     runpoint      33     runisomer      20
6 -0.0702270 0.6554026 0.0395893
1 -0.3676954 1.1490201 0.9646693
1 -0.7548503 0.9670126 -0.7987608
1 0.0361116 -0.9568832 0.7716779
8 0.0931360 -0.7018073 -0.0888838
5
-114.708     ts77     dynamics     sesquiterpene     TS     runpoint      34     runisomer      20
6 -0.0797336 0.6714146 0.0421586
1 -0.3426121 1.1353452 0.9926170
1 -0.6934782 0.9217767 -0.7472050
1 -0.0105554 -0.8210569 0.8328212
8 0.0977588 -0.7186642 -0.0996777
5
-114.702     ts77     dynamics     sesquiterpene     TS     runpoint      35     runisomer      20
6 -0.0890814 0.6870734 0.0441843
1 -0.3144151 1.1161806 1.0223027
1 -0.6411476 0.8919584 -0.7132158
1 -0.0534909 -0.7058685 0.9057857
8 0.1024006 -0.7345809 -0.1098109
5
-114.677     ts77     dynamics     sesquiterpene     TS     runpoint      36     runisomer      20
6 -0.0961037 0.7010926 0.0481816
1 -0.2842854 1.0937150 1.0506118
1 -0.6222775 0.8892863 -0.7272933
1 -0.0881909 -0.6151033 0.9583029
8 0.1067668 -0.7492325 -0.1170201
5
-114.656     ts77     dynamics     sesquiterpene     TS     runpoint      37     runisomer      20
6 -0.1004655 0.7129757 0.0544248
1 -0.2537581 1.0709011 1.0749110
1 -0.6385212 0.9147483 -0.7905770
1 -0.1120774 -0.5541940 0.9762716
8 0.1106424 -0.7621510 -0.1203831
5
-114.653     ts77     dynamics     sesquiterpene     TS     runpoint      38     runisomer      20
6 -0.1036625 0.7229754 0.0602908
1 -0.2244171 1.0506817 1.0941064
1 -0.6690446 0.9596189 -0.8699332
1 -0.1244655 -0.5269244 0.9567980
8 0.1138927 -0.7729227 -0.1197695
5
-114.65     ts77     dynamics     sesquiterpene     TS     runpoint      39     runisomer      20
6 -0.1069197 0.7314263 0.0633619
1 -0.1975516 1.0351628 1.1079915
1 -0.6961895 1.0146361 -0.9353727
1 -0.1256858 -0.5355181 0.9028591
8 0.1164281 -0.7812095 -0.1154307
5
-114.65     ts77     dynamics     sesquiterpene     TS     runpoint      40     runisomer      20
6 -0.1107472 0.7385781 0.0624224
1 -0.1740407 1.0250909 1.1162721
1 -0.7111761 1.0729505 -0.9714405
1 -0.1173653 -0.5802711 0.8246677
8 0.1182348 -0.7867951 -0.1080525
5
-114.653     ts77     dynamics     sesquiterpene     TS     runpoint      41     runisomer      20
6 -0.1152601 0.7445841 0.0571224
1 -0.1543655 1.0199063 1.1181777
1 -0.7104373 1.1295726 -0.9722833
1 -0.1052488 -0.6569323 0.7492684
8 0.1195684 -0.7897110 -0.0993981
5
-114.651     ts77     dynamics     sesquiterpene     TS     runpoint      42     runisomer      20
6 -0.1203871 0.7493563 0.0477455
1 -0.1386647 1.0186296 1.1127235
1 -0.6931409 1.1806747 -0.9375123
1 -0.1032981 -0.7560871 0.7313274
8 0.1212094 -0.7901825 -0.0930853
5
-114.657     ts77     dynamics     sesquiterpene     TS     runpoint      43     runisomer      20
6 -0.1259027 0.7524709 0.0352089
1 -0.1267874 1.0211340 1.0991666
1 -0.6608129 1.2236815 -0.8715253
1 -0.1196056 -0.8756687 0.7970639
8 0.1235858 -0.7878528 -0.0911294
5
-114.688     ts77     dynamics     sesquiterpene     TS     runpoint      44     runisomer      20
6 -0.1313357 0.7533079 0.0210913
1 -0.1182418 1.0279601 1.0775950
1 -0.6186578 1.2588769 -0.7858138
1 -0.1390258 -1.0105808 0.8854404
8 0.1256874 -0.7826281 -0.0901513
5
-114.695     ts77     dynamics     sesquiterpene     TS     runpoint      45     runisomer      20
6 -0.1357785 0.7509412 0.0076840
1 -0.1121052 1.0391658 1.0497459
1 -0.5777900 1.2930389 -0.7023603
1 -0.1494916 -1.1439057 0.9470121
8 0.1267135 -0.7753102 -0.0874798
5
-114.676     ts77     dynamics     sesquiterpene     TS     runpoint      46     runisomer      20
6 -0.1380201 0.7439769 -0.0024558
1 -0.1070895 1.0542244 1.0196154
1 -0.5534642 1.3407465 -0.6494746
1 -0.1479029 -1.2606352 0.9651642
8 0.1264424 -0.7666850 -0.0824544
5
-114.658     ts77     dynamics     sesquiterpene     TS     runpoint      47     runisomer      20
6 -0.1376271 0.7317409 -0.0083487
1 -0.1018010 1.0724526 0.9930582
1 -0.5519797 1.4095309 -0.6396613
1 -0.1350828 -1.3506034 0.9379239
8 0.1249083 -0.7573186 -0.0752657
5
-114.657     ts77     dynamics     sesquiterpene     TS     runpoint      48     runisomer      20
6 -0.1355026 0.7155859 -0.0112587
1 -0.0951228 1.0932294 0.9754784
1 -0.5638118 1.4841746 -0.6594026
1 -0.1130993 -1.4068847 0.8683026
8 0.1222491 -0.7476650 -0.0663492
5
-114.663     ts77     dynamics     sesquiterpene     TS     runpoint      49     runisomer      20
6 -0.1327355 0.6975869 -0.0126163
1 -0.0865292 1.1154893 0.9685845
1 -0.5769956 1.5426558 -0.6904590
1 -0.0846276 -1.4250084 0.7621021
8 0.1186629 -0.7381069 -0.0562525
5
-114.67     ts77     dynamics     sesquiterpene     TS     runpoint      50     runisomer      20
6 -0.1299555 0.6793398 -0.0129448
1 -0.0760747 1.1370609 0.9695246
1 -0.5847057 1.5707895 -0.7216825
1 -0.0537052 -1.4061658 0.6312246
8 0.1144502 -0.7287364 -0.0458565
5
-114.672     ts77     dynamics     sesquiterpene     TS     runpoint      51     runisomer      20
6 -0.1274544 0.6619162 -0.0121797
1 -0.0641241 1.1548610 0.9730288
1 -0.5840025 1.5621782 -0.7476366
1 -0.0283731 -1.3709438 0.5045292
8 0.1101737 -0.7184617 -0.0370391
5
-114.655     ts77     dynamics     sesquiterpene     TS     runpoint      52     runisomer      20
6 -0.1253846 0.6460725 -0.0101267
1 -0.0510823 1.1659240 0.9741731
1 -0.5738645 1.5151323 -0.7658305
1 -0.0230664 -1.3800127 0.4352532
8 0.1068211 -0.7037369 -0.0331459
5
-114.648     ts77     dynamics     sesquiterpene     TS     runpoint      53     runisomer      20
6 -0.1238848 0.6324963 -0.0066376
1 -0.0373294 1.1685947 0.9700556
1 -0.5545699 1.4314510 -0.7756194
1 -0.0427762 -1.4616620 0.4353078
8 0.1048493 -0.6833019 -0.0348973
5
-114.676     ts77     dynamics     sesquiterpene     TS     runpoint      54     runisomer      20
6 -0.1230858 0.6218331 -0.0015416
1 -0.0232111 1.1632525 0.9603282
1 -0.5281939 1.3172743 -0.7789087
1 -0.0748804 -1.5501281 0.4562066
8 0.1037145 -0.6621973 -0.0392232
5
-114.681     ts77     dynamics     sesquiterpene     TS     runpoint      55     runisomer      20
6 -0.1229661 0.6142155 0.0055502
1 -0.0089471 1.1523457 0.9469464
1 -0.4998624 1.1851553 -0.7828567
1 -0.1111363 -1.6028839 0.4723533
8 0.1032197 -0.6441459 -0.0444755
5
-114.673     ts77     dynamics     sesquiterpene     TS     runpoint      56     runisomer      20
6 -0.1232228 0.6089817 0.0154302
1 0.0054192 1.1401531 0.9336224
1 -0.4783595 1.0541177 -0.8026140
1 -0.1484115 -1.6087453 0.4774225
8 0.1034958 -0.6308245 -0.0501305
5
-114.664     ts77     dynamics     sesquiterpene     TS     runpoint      57     runisomer      20
6 -0.1236206 0.6054992 0.0286564
1 0.0199463 1.1321059 0.9250909
1 -0.4713036 0.9407386 -0.8534476
1 -0.1845585 -1.5676582 0.4708360
8 0.1047064 -0.6231498 -0.0559060
5
-114.666     ts77     dynamics     sesquiterpene     TS     runpoint      58     runisomer      20
6 -0.1246902 0.6041632 0.0439257
1 0.0347945 1.1333462 0.9258866
1 -0.4764617 0.8493514 -0.9296494
1 -0.2167395 -1.4822858 0.4531704
8 0.1069189 -0.6218471 -0.0615055
5
-114.676     ts77     dynamics     sesquiterpene     TS     runpoint      59     runisomer      20
6 -0.1273665 0.6055888 0.0585840
1 0.0501534 1.1465009 0.9378596
1 -0.4850705 0.7795420 -1.0076066
1 -0.2436640 -1.3625978 0.4284601
8 0.1101921 -0.6268887 -0.0667966
5
-114.679     ts77     dynamics     sesquiterpene     TS     runpoint      60     runisomer      20
6 -0.1321661 0.6098198 0.0706430
1 0.0658502 1.1700832 0.9579178
1 -0.4905870 0.7329314 -1.0673393
1 -0.2738689 -1.2389345 0.4132984
8 0.1150475 -0.6364045 -0.0723976
5
-114.662     ts77     dynamics     sesquiterpene     TS     runpoint      61     runisomer      20
6 -0.1390586 0.6165465 0.0792726
1 0.0811380 1.1993187 0.9790463
1 -0.4901781 0.7116038 -1.0986072
1 -0.3340873 -1.1598286 0.4425224
8 0.1230183 -0.6469351 -0.0800838
5
-114.658     ts77     dynamics     sesquiterpene     TS     runpoint      62     runisomer      20
6 -0.1477184 0.6254396 0.0843409
1 0.0949727 1.2286728 0.9936683
1 -0.4831012 0.7166057 -1.0977204
1 -0.4291731 -1.1257718 0.5189462
8 0.1341817 -0.6579176 -0.0896877
5
-114.671     ts77     dynamics     sesquiterpene     TS     runpoint      63     runisomer      20
6 -0.1577046 0.6360701 0.0860204
1 0.1064643 1.2537334 0.9962032
1 -0.4696317 0.7476774 -1.0647563
1 -0.5235305 -1.1014640 0.6012945
8 0.1460410 -0.6709620 -0.0983826
5
-114.671     ts77     dynamics     sesquiterpene     TS     runpoint      64     runisomer      20
6 -0.1685181 0.6478059 0.0847118
1 0.1151476 1.2717976 0.9839856
1 -0.4509690 0.8033506 -1.0035577
1 -0.5925204 -1.0727626 0.6629749
8 0.1567709 -0.6862219 -0.1043840
5
-114.669     ts77     dynamics     sesquiterpene     TS     runpoint      65     runisomer      20
6 -0.1795773 0.6598802 0.0812755
1 0.1211752 1.2819499 0.9575357
1 -0.4298505 0.8814912 -0.9247774
1 -0.6267062 -1.0383563 0.6940910
8 0.1655056 -0.7030122 -0.1070733
5
-114.671     ts77     dynamics     sesquiterpene     TS     runpoint      66     runisomer      20
6 -0.1902173 0.6713221 0.0773059
1 0.1256196 1.2850759 0.9209423
1 -0.4111391 0.9809242 -0.8496024
1 -0.6232828 -1.0001595 0.6916784
8 0.1718085 -0.7204657 -0.1063823
5
-114.675     ts77     dynamics     sesquiterpene     TS     runpoint      67     runisomer      20
6 -0.1998849 0.6808772 0.0745116
1 0.1308913 1.2838176 0.8822371
1 -0.3999596 1.1027967 -0.8033040
1 -0.5828371 -0.9611353 0.6562424
8 0.1754725 -0.7376943 -0.1025397
5
-114.686     ts77     dynamics     sesquiterpene     TS     runpoint      68     runisomer      20
6 -0.2086036 0.6877451 0.0727004
1 0.1407344 1.2819478 0.8523124
1 -0.3963995 1.2435175 -0.7912283
1 -0.5114629 -0.9262716 0.5939042
8 0.1766679 -0.7537930 -0.0961369
5
-114.696     ts77     dynamics     sesquiterpene     TS     runpoint      69     runisomer      20
6 -0.2168566 0.6925215 0.0697867
1 0.1587213 1.2821715 0.8403665
1 -0.3956321 1.3868796 -0.7951921
1 -0.4304646 -0.9049871 0.5262678
8 0.1765694 -0.7677658 -0.0886961
5
-114.678     ts77     dynamics     sesquiterpene     TS     runpoint      70     runisomer      20
6 -0.2248959 0.6965701 0.0643118
1 0.1855029 1.2831464 0.8482156
1 -0.3935590 1.5138316 -0.7974626
1 -0.3911627 -0.9125202 0.5058591
8 0.1783002 -0.7783895 -0.0836624
5
-114.652     ts77     dynamics     sesquiterpene     TS     runpoint      71     runisomer      20
6 -0.2325424 0.7010880 0.0563152
1 0.2177908 1.2796385 0.8698111
1 -0.3883770 1.6115541 -0.7897783
1 -0.4261140 -0.9567637 0.5674272
8 0.1838723 -0.7849294 -0.0833948
5
-114.664     ts77     dynamics     sesquiterpene     TS     runpoint      72     runisomer      20
6 -0.2394057 0.7067856 0.0467006
1 0.2501923 1.2660618 0.8959640
1 -0.3795934 1.6734917 -0.7701730
1 -0.4828143 -1.0209367 0.6562783
8 0.1899934 -0.7882080 -0.0846719
5
-114.659     ts77     dynamics     sesquiterpene     TS     runpoint      73     runisomer      20
6 -0.2450845 0.7139244 0.0365350
1 0.2775173 1.2391004 0.9186939
1 -0.3672983 1.6970156 -0.7396752
1 -0.5217138 -1.0872884 0.7284118
8 0.1942016 -0.7891665 -0.0849522
5
-114.645     ts77     dynamics     sesquiterpene     TS     runpoint      74     runisomer      20
6 -0.2492380 0.7223880 0.0267640
1 0.2959080 1.1982508 0.9328962
1 -0.3519767 1.6823325 -0.7011267
1 -0.5300126 -1.1455790 0.7677958
8 0.1957102 -0.7883462 -0.0834347
5
-114.64     ts77     dynamics     sesquiterpene     TS     runpoint      75     runisomer      20
6 -0.2516055 0.7316094 0.0182595
1 0.3031424 1.1454251 0.9365060
1 -0.3345740 1.6335054 -0.6598345
1 -0.5054564 -1.1899157 0.7700315
8 0.1943800 -0.7860664 -0.0800330
5
-114.647     ts77     dynamics     sesquiterpene     TS     runpoint      76     runisomer      20
6 -0.2520210 0.7402782 0.0120450
1 0.2987617 1.0844959 0.9304248
1 -0.3166252 1.5619923 -0.6260600
1 -0.4496316 -1.2163986 0.7351517
8 0.1903120 -0.7825571 -0.0749254
5
-114.658     ts77     dynamics     sesquiterpene     TS     runpoint      77     runisomer      20
6 -0.2504462 0.7460090 0.0095666
1 0.2842920 1.0209854 0.9186269
1 -0.3001249 1.4907551 -0.6183842
1 -0.3678109 -1.2233674 0.6677005
8 0.1838401 -0.7779281 -0.0685633
5
-114.666     ts77     dynamics     sesquiterpene     TS     runpoint      78     runisomer      20
6 -0.2471018 0.7460331 0.0122687
1 0.2634738 0.9616970 0.9083068
1 -0.2862925 1.4461905 -0.6589179
1 -0.2741995 -1.2164719 0.5842434
8 0.1758659 -0.7718377 -0.0621339
5
-114.666     ts77     dynamics     sesquiterpene     TS     runpoint      79     runisomer      20
6 -0.2425990 0.7396978 0.0195267
1 0.2419585 0.9139231 0.9092430
1 -0.2737422 1.4292205 -0.7483203
1 -0.2012947 -1.2225089 0.5294411
8 0.1684518 -0.7626264 -0.0585585
5
-114.658     ts77     dynamics     sesquiterpene     TS     runpoint      80     runisomer      20
6 -0.2376591 0.7285805 0.0283689
1 0.2250017 0.8838559 0.9300183
1 -0.2597169 1.4161966 -0.8586500
1 -0.1795060 -1.2805586 0.5536556
8 0.1635509 -0.7479130 -0.0610825
5
-114.677     ts77     dynamics     sesquiterpene     TS     runpoint      81     runisomer      20
6 -0.2326218 0.7142196 0.0363638
1 0.2135731 0.8748814 0.9711237
1 -0.2424406 1.3888539 -0.9607242
1 -0.1830479 -1.3631009 0.6198020
8 0.1596200 -0.7296495 -0.0674147
5
-114.682     ts77     dynamics     sesquiterpene     TS     runpoint      82     runisomer      20
6 -0.2273500 0.6975540 0.0428475
1 0.2037513 0.8870041 1.0229205
1 -0.2213929 1.3408599 -1.0368388
1 -0.1855510 -1.4273921 0.6798052
8 0.1551083 -0.7108358 -0.0745352
5
-114.669     ts77     dynamics     sesquiterpene     TS     runpoint      83     runisomer      20
6 -0.2215431 0.6792448 0.0481830
1 0.1903403 0.9175179 1.0716671
1 -0.1968655 1.2725819 -1.0783212
1 -0.1786473 -1.4553425 0.7148202
8 0.1496088 -0.6929597 -0.0812085
5
-114.661     ts77     dynamics     sesquiterpene     TS     runpoint      84     runisomer      20
6 -0.2150246 0.6599399 0.0529037
1 0.1698560 0.9620388 1.1057558
1 -0.1696286 1.1875144 -1.0818034
1 -0.1609003 -1.4421790 0.7196196
8 0.1431680 -0.6767520 -0.0869890
5
-114.666     ts77     dynamics     sesquiterpene     TS     runpoint      85     runisomer      20
6 -0.2078329 0.6403961 0.0574242
1 0.1410936 1.0153911 1.1178720
1 -0.1407099 1.0913608 -1.0479405
1 -0.1327887 -1.3883767 0.6936819
8 0.1359838 -0.6627834 -0.0916501
5
-114.685     ts77     dynamics     sesquiterpene     TS     runpoint      86     runisomer      20
6 -0.2002022 0.6214779 0.0621662
1 0.1045989 1.0722115 1.1048553
1 -0.1111795 0.9927918 -0.9830186
1 -0.0960506 -1.2993015 0.6407780
8 0.1283759 -0.6515724 -0.0951520
5
-114.704     ts77     dynamics     sesquiterpene     TS     runpoint      87     runisomer      20
6 -0.1925427 0.6040037 0.0679609
1 0.0621117 1.1274235 1.0673733
1 -0.0816299 0.9050330 -0.9038419
1 -0.0559018 -1.1929532 0.5775922
8 0.1209081 -0.6431124 -0.0981528
5
-114.695     ts77     dynamics     sesquiterpene     TS     runpoint      88     runisomer      20
6 -0.1854950 0.5885803 0.0764230
1 0.0162911 1.1769644 1.0101790
1 -0.0509051 0.8459320 -0.8424722
1 -0.0247916 -1.1145226 0.5537729
8 0.1146039 -0.6358794 -0.1032713
5
-114.659     ts77     dynamics     sesquiterpene     TS     runpoint      89     runisomer      20
6 -0.1799109 0.5758874 0.0888849
1 -0.0294564 1.2191969 0.9428239
1 -0.0160912 0.8309156 -0.8323983
1 -0.0116077 -1.1061605 0.6235525
8 0.1102655 -0.6285976 -0.1134150
5
-114.67     ts77     dynamics     sesquiterpene     TS     runpoint      90     runisomer      20
6 -0.1763267 0.5671970 0.1035311
1 -0.0715517 1.2566191 0.8794587
1 0.0220001 0.8605630 -0.8709258
1 -0.0035262 -1.1313521 0.7352962
8 0.1073132 -0.6247170 -0.1250307
5
-114.677     ts77     dynamics     sesquiterpene     TS     runpoint      91     runisomer      20
6 -0.1746139 0.5636923 0.1163170
1 -0.1074310 1.2949862 0.8347862
1 0.0574545 0.9214682 -0.9254969
1 0.0078994 -1.1554772 0.8317980
8 0.1053274 -0.6268225 -0.1344582
