5
-114.654160 ts77 dynamics sesquiterpene TS runpoint 1  runisomer  173
6 -0.0605430 0.6106932 0.0114232
1 -0.1540090 1.1467610 0.9075091
1 -0.1525285 1.2011532 -1.0236716
1 1.0336777 -0.0877639 -0.0276934
8 -0.0283487 -0.7376557 0.0004939
5
-114.641 ts77 dynamics sesquiterpene TS runpoint 2  runisomer  173
6 -0.056434 0.60742 0.0145014
1 -0.147135 1.21353 0.91298
1 -0.179033 1.22498 -1.04422
1 0.983446 -0.0703292 -0.00209568
8 -0.0270294 -0.742007 -0.00247837
5
-114.64     ts77     dynamics     sesquiterpene     TS     runpoint      3     runisomer      173
6 -0.0515157 0.6067237 0.0150407
1 -0.1445451 1.2769087 0.9202078
1 -0.2055621 1.2323832 -1.0382672
1 0.9351248 -0.0490728 0.0231240
8 -0.0261651 -0.7472846 -0.0053024
5
-114.637     ts77     dynamics     sesquiterpene     TS     runpoint      4     runisomer      173
6 -0.0466047 0.6094483 0.0136884
1 -0.1451989 1.3275604 0.9211285
1 -0.2306339 1.2221079 -1.0064355
1 0.9023267 -0.0242781 0.0475709
8 -0.0261615 -0.7534356 -0.0078906
5
-114.636     ts77     dynamics     sesquiterpene     TS     runpoint      5     runisomer      173
6 -0.0423638 0.6158569 0.0110490
1 -0.1483760 1.3593889 0.9120695
1 -0.2532912 1.1953664 -0.9532439
1 0.8964418 0.0043557 0.0714062
8 -0.0273454 -0.7603699 -0.0101938
5
-114.639     ts77     dynamics     sesquiterpene     TS     runpoint      6     runisomer      173
6 -0.0388938 0.6252922 0.0079491
1 -0.1537214 1.3697907 0.8930980
1 -0.2738501 1.1571391 -0.8891569
1 0.9211723 0.0390965 0.0947046
8 -0.0298743 -0.7678854 -0.0121793
5
-114.644     ts77     dynamics     sesquiterpene     TS     runpoint      7     runisomer      173
6 -0.0354303 0.6359604 0.0058128
1 -0.1613408 1.3594493 0.8673465
1 -0.2953665 1.1180166 -0.8337923
1 0.9709419 0.0851325 0.1165226
8 -0.0337724 -0.7756736 -0.0138170
5
-114.645     ts77     dynamics     sesquiterpene     TS     runpoint      8     runisomer      173
6 -0.0304909 0.6453158 0.0064433
1 -0.1720065 1.3323980 0.8409753
1 -0.3240953 1.0922207 -0.8130832
1 1.0348093 0.1491823 0.1346795
8 -0.0390187 -0.7834003 -0.0150769
5
-114.648     ts77     dynamics     sesquiterpene     TS     runpoint      9     runisomer      173
6 -0.0227277 0.6513574 0.0102483
1 -0.1874774 1.2960152 0.8232409
1 -0.3636506 1.0861074 -0.8390054
1 1.1014283 0.2363676 0.1465011
8 -0.0455733 -0.7907493 -0.0159260
5
-114.659     ts77     dynamics     sesquiterpene     TS     runpoint      10     runisomer      173
6 -0.0117776 0.6535062 0.0150816
1 -0.2106142 1.2593097 0.8245676
1 -0.4077920 1.0917301 -0.8946820
1 1.1611318 0.3477631 0.1497523
8 -0.0533105 -0.7974228 -0.0163328
5
-114.671     ts77     dynamics     sesquiterpene     TS     runpoint      11     runisomer      173
6 0.0020652 0.6520974 0.0183847
1 -0.2441815 1.2278613 0.8502583
1 -0.4460372 1.0982213 -0.9538227
1 1.2059936 0.4802088 0.1431461
8 -0.0619987 -0.8031403 -0.0162870
5
-114.678     ts77     dynamics     sesquiterpene     TS     runpoint      12     runisomer      173
6 0.0182819 0.6480424 0.0191580
1 -0.2881682 1.1996361 0.8944845
1 -0.4710403 1.0992636 -0.9980823
1 1.2300272 0.6275863 0.1264760
8 -0.0713335 -0.8076728 -0.0158145
5
-114.683     ts77     dynamics     sesquiterpene     TS     runpoint      13     runisomer      173
6 0.0361304 0.6425651 0.0177910
1 -0.3387282 1.1681196 0.9434032
1 -0.4795286 1.0922779 -1.0181032
1 1.2297839 0.7821284 0.1005908
8 -0.0809897 -0.8108774 -0.0149796
5
-114.685     ts77     dynamics     sesquiterpene     TS     runpoint      14     runisomer      173
6 0.0547018 0.6367881 0.0151179
1 -0.3900743 1.1281481 0.9833357
1 -0.4711229 1.0764533 -1.0104227
1 1.2048470 0.9355271 0.0672847
8 -0.0906480 -0.8126943 -0.0138768
5
-114.686     ts77     dynamics     sesquiterpene     TS     runpoint      15     runisomer      173
6 0.0732495 0.6315293 0.0122766
1 -0.4374749 1.0786133 1.0043992
1 -0.4480395 1.0506732 -0.9763184
1 1.1578711 1.0803372 0.0279623
8 -0.1000724 -0.8131289 -0.0127446
5
-114.654160 ts77 dynamics sesquiterpene TS runpoint 1  runisomer  173
6 -0.0605430 0.6106932 0.0114232
1 -0.1540090 1.1467610 0.9075091
1 -0.1525285 1.2011532 -1.0236716
1 1.0336777 -0.0877639 -0.0276934
8 -0.0283487 -0.7376557 0.0004939
5
-114.641 ts77 dynamics sesquiterpene TS runpoint 2  runisomer  173
6 -0.0631337 0.615443 0.00531392
1 -0.166352 1.08693 0.914331
1 -0.127828 1.16474 -0.980219
1 1.07449 -0.101129 -0.0527477
8 -0.0297551 -0.734313 0.00348827
5
-114.641     ts77     dynamics     sesquiterpene     TS     runpoint      3     runisomer      173
6 -0.0637244 0.6206003 -0.0033172
1 -0.1848712 1.0406605 0.9393911
1 -0.1069611 1.1235674 -0.9246064
1 1.0984118 -0.1104378 -0.0761543
8 -0.0309673 -0.7320854 0.0063550
5
-114.638     ts77     dynamics     sesquiterpene     TS     runpoint      4     runisomer      173
6 -0.0621279 0.6251118 -0.0120633
1 -0.2089494 1.0085061 0.9774752
1 -0.0920351 1.0913891 -0.8788632
1 1.1016016 -0.1161666 -0.0968927
8 -0.0317879 -0.7310550 0.0089417
5
-114.629     ts77     dynamics     sesquiterpene     TS     runpoint      5     runisomer      173
6 -0.0584733 0.6278871 -0.0173374
1 -0.2366474 0.9879677 1.0157974
1 -0.0846815 1.0849063 -0.8715408
1 1.0831696 -0.1194014 -0.1141278
8 -0.0320858 -0.7312301 0.0111095
5
-114.626     ts77     dynamics     sesquiterpene     TS     runpoint      6     runisomer      173
6 -0.0531626 0.6287327 -0.0173497
1 -0.2655920 0.9768466 1.0425343
1 -0.0854041 1.1092586 -0.9109952
1 1.0449972 -0.1218784 -0.1272301
8 -0.0317947 -0.7325415 0.0127476
5
-114.635     ts77     dynamics     sesquiterpene     TS     runpoint      7     runisomer      173
6 -0.0468376 0.6288808 -0.0134333
1 -0.2937367 0.9739322 1.0508053
1 -0.0934323 1.1516900 -0.9735532
1 0.9920807 -0.1261423 -0.1359513
8 -0.0309269 -0.7348738 0.0137810
5
-114.642     ts77     dynamics     sesquiterpene     TS     runpoint      8     runisomer      173
6 -0.0403437 0.6298367 -0.0076891
1 -0.3196970 0.9786266 1.0385463
1 -0.1070955 1.1961719 -1.0310836
1 0.9330460 -0.1358726 -0.1408047
8 -0.0295831 -0.7380762 0.0141765
5
-114.642     ts77     dynamics     sesquiterpene     TS     runpoint      9     runisomer      173
6 -0.0346430 0.6326946 -0.0015874
1 -0.3429757 0.9907655 1.0078192
1 -0.1243628 1.2322167 -1.0668642
1 0.8798809 -0.1559899 -0.1433911
8 -0.0279559 -0.7419876 0.0139549
5
-114.638     ts77     dynamics     sesquiterpene     TS     runpoint      10     runisomer      173
6 -0.0305946 0.6381258 0.0038846
1 -0.3643027 1.0107377 0.9645921
1 -0.1431637 1.2542956 -1.0737542
1 0.8453780 -0.1920053 -0.1462362
8 -0.0262914 -0.7464420 0.0131895
5
-114.639     ts77     dynamics     sesquiterpene     TS     runpoint      11     runisomer      173
6 -0.0286585 0.6463289 0.0078814
1 -0.3859299 1.0396350 0.9182491
1 -0.1615247 1.2598801 -1.0502613
1 0.8383775 -0.2486425 -0.1519404
8 -0.0247836 -0.7511992 0.0119942
5
-114.647     ts77     dynamics     sesquiterpene     TS     runpoint      12     runisomer      173
6 -0.0287936 0.6569410 0.0097416
1 -0.4111493 1.0787163 0.8792067
1 -0.1777091 1.2486890 -0.9991477
1 0.8599183 -0.3292288 -0.1620816
8 -0.0234327 -0.7558391 0.0104794
5
-114.663     ts77     dynamics     sesquiterpene     TS     runpoint      13     runisomer      173
6 -0.0306921 0.6691506 0.0095114
1 -0.4423055 1.1274961 0.8541497
1 -0.1906301 1.2234498 -0.9288164
1 0.9024989 -0.4362353 -0.1765418
8 -0.0219165 -0.7597388 0.0087131
5
-114.682     ts77     dynamics     sesquiterpene     TS     runpoint      14     runisomer      173
6 -0.0340106 0.6818191 0.0085583
1 -0.4785787 1.1817571 0.8426802
1 -0.2008719 1.1922079 -0.8571262
1 0.9520451 -0.5701968 -0.1934630
8 -0.0196205 -0.7622513 0.0067018
5
-114.691     ts77     dynamics     sesquiterpene     TS     runpoint      15     runisomer      173
6 -0.0383021 0.6934106 0.0096092
1 -0.5161950 1.2342820 0.8393908
1 -0.2119635 1.1699815 -0.8136563
1 0.9921311 -0.7269552 -0.2099042
8 -0.0158614 -0.7629778 0.0044198
5
-114.689     ts77     dynamics     sesquiterpene     TS     runpoint      16     runisomer      173
6 -0.0430229 0.7025776 0.0151517
1 -0.5507211 1.2777066 0.8383327
1 -0.2283950 1.1705143 -0.8250409
1 1.0088097 -0.8967939 -0.2228759
8 -0.0101619 -0.7619217 0.0018654
5
-114.692     ts77     dynamics     sesquiterpene     TS     runpoint      17     runisomer      173
6 -0.0480008 0.7095001 0.0246884
1 -0.5789013 1.3065159 0.8355049
1 -0.2488247 1.1894339 -0.8846031
1 0.9937037 -1.0663799 -0.2301470
8 -0.0024154 -0.7594354 -0.0008981
5
-114.696     ts77     dynamics     sesquiterpene     TS     runpoint      18     runisomer      173
6 -0.0533467 0.7152988 0.0354707
1 -0.5992320 1.3175751 0.8292418
1 -0.2671147 1.2107793 -0.9611920
1 0.9447972 -1.2218244 -0.2305805
8 0.0071082 -0.7560308 -0.0037379
5
-114.689     ts77     dynamics     sesquiterpene     TS     runpoint      19     runisomer      173
6 -0.0589583 0.7206299 0.0450373
1 -0.6120173 1.3101788 0.8200421
1 -0.2787123 1.2231577 -1.0287709
1 0.8656315 -1.3513845 -0.2241559
8 0.0178395 -0.7521789 -0.0064801
5
-114.677     ts77     dynamics     sesquiterpene     TS     runpoint      20     runisomer      173
6 -0.0644452 0.7254693 0.0517835
1 -0.6194196 1.2860243 0.8105446
1 -0.2818795 1.2219104 -1.0730358
1 0.7639245 -1.4474661 -0.2118776
8 0.0290292 -0.7481531 -0.0089258
5
-114.666     ts77     dynamics     sesquiterpene     TS     runpoint      21     runisomer      173
6 -0.0692699 0.7293668 0.0546616
1 -0.6253331 1.2488915 0.8053169
1 -0.2765448 1.2061895 -1.0874227
1 0.6503325 -1.5085099 -0.1957705
8 0.0398405 -0.7438989 -0.0108619
5
-114.661     ts77     dynamics     sesquiterpene     TS     runpoint      22     runisomer      173
6 -0.0729247 0.7316968 0.0530231
1 -0.6343847 1.2035196 0.8095805
1 -0.2634612 1.1771091 -1.0699812
1 0.5372511 -1.5412996 -0.1789589
8 0.0494524 -0.7388877 -0.0120573
5
-114.66     ts77     dynamics     sesquiterpene     TS     runpoint      23     runisomer      173
6 -0.0751481 0.7318776 0.0468470
1 -0.6495923 1.1535997 0.8262809
1 -0.2440200 1.1374546 -1.0231079
1 0.4361714 -1.5615562 -0.1653734
8 0.0572198 -0.7321014 -0.0122829
5
-114.662     ts77     dynamics     sesquiterpene     TS     runpoint      24     runisomer      173
6 -0.0760541 0.7294490 0.0372353
1 -0.6700266 1.1005266 0.8530792
1 -0.2206310 1.0927748 -0.9565565
1 0.3523178 -1.5862090 -0.1582096
8 0.0629952 -0.7225634 -0.0114030
5
-114.665     ts77     dynamics     sesquiterpene     TS     runpoint      25     runisomer      173
6 -0.0759873 0.7238389 0.0268687
1 -0.6911939 1.0445517 0.8826647
1 -0.1974615 1.0534958 -0.8935079
1 0.2816345 -1.6183034 -0.1579388
8 0.0672704 -0.7103270 -0.0094779
5
-114.658     ts77     dynamics     sesquiterpene     TS     runpoint      26     runisomer      173
6 -0.0752681 0.7141948 0.0196809
1 -0.7079316 0.9868157 0.9064627
1 -0.1800546 1.0347983 -0.8707497
1 0.2163756 -1.6454993 -0.1628634
8 0.0707981 -0.6965589 -0.0067064
5
-114.65     ts77     dynamics     sesquiterpene     TS     runpoint      27     runisomer      173
6 -0.0743084 0.7002000 0.0179776
1 -0.7170243 0.9300304 0.9183473
1 -0.1711284 1.0457860 -0.9083888
1 0.1512021 -1.6536742 -0.1713462
8 0.0741927 -0.6826556 -0.0032682
5
-114.658     ts77     dynamics     sesquiterpene     TS     runpoint      28     runisomer      173
6 -0.0737354 0.6830178 0.0198894
1 -0.7181174 0.8779945 0.9162617
1 -0.1680981 1.0784574 -0.9809743
1 0.0837363 -1.6359335 -0.1829272
8 0.0778906 -0.6696603 0.0007357
5
-114.666     ts77     dynamics     sesquiterpene     TS     runpoint      29     runisomer      173
6 -0.0740212 0.6643903 0.0223036
1 -0.7134294 0.8349858 0.9020220
1 -0.1677407 1.1187369 -1.0519200
1 0.0129001 -1.5945996 -0.1986127
8 0.0822501 -0.6581140 0.0052834
5
-114.665     ts77     dynamics     sesquiterpene     TS     runpoint      30     runisomer      173
6 -0.0753340 0.6458357 0.0231474
1 -0.7071513 0.8052738 0.8805658
1 -0.1684345 1.1564867 -1.0997101
1 -0.0629575 -1.5406094 -0.2211435
8 0.0876619 -0.6480992 0.0104360
5
-114.661     ts77     dynamics     sesquiterpene     TS     runpoint      31     runisomer      173
6 -0.0776717 0.6286861 0.0212824
1 -0.7044407 0.7926112 0.8586094
1 -0.1694705 1.1857620 -1.1156062
1 -0.1475601 -1.4887473 -0.2546957
8 0.0946401 -0.6395435 0.0163367
5
-114.659     ts77     dynamics     sesquiterpene     TS     runpoint      32     runisomer      173
6 -0.0810680 0.6142440 0.0161875
1 -0.7094550 0.7995063 0.8420236
1 -0.1703362 1.2031019 -1.0975634
1 -0.2448142 -1.4453477 -0.3018637
8 0.1036849 -0.6329678 0.0230419
5
-114.666     ts77     dynamics     sesquiterpene     TS     runpoint      33     runisomer      173
6 -0.0857625 0.6037717 0.0079617
1 -0.7229361 0.8262559 0.8327723
1 -0.1704102 1.2066944 -1.0474988
1 -0.3525426 -1.4009712 -0.3591776
8 0.1148479 -0.6298167 0.0302565
5
-114.679     ts77     dynamics     sesquiterpene     TS     runpoint      34     runisomer      173
6 -0.0921739 0.5982159 -0.0025676
1 -0.7414563 0.8701990 0.8281028
1 -0.1689687 1.1968158 -0.9717237
1 -0.4609592 -1.3417795 -0.4180268
8 0.1275637 -0.6315221 0.0373881
5
-114.69     ts77     dynamics     sesquiterpene     TS     runpoint      35     runisomer      173
6 -0.1006348 0.5977455 -0.0137225
1 -0.7593631 0.9259949 0.8229873
1 -0.1654957 1.1781622 -0.8843346
1 -0.5579227 -1.2613351 -0.4694260
8 0.1409296 -0.6385754 0.0438144
5
-114.692     ts77     dynamics     sesquiterpene     TS     runpoint      36     runisomer      173
6 -0.1111407 0.6012947 -0.0227642
1 -0.7715574 0.9869587 0.8131808
1 -0.1600981 1.1641929 -0.8123271
1 -0.6330965 -1.1614473 -0.5065525
8 0.1539758 -0.6504888 0.0490195
5
-114.681     ts77     dynamics     sesquiterpene     TS     runpoint      37     runisomer      173
6 -0.1233601 0.6067883 -0.0264240
1 -0.7750757 1.0465989 0.7967379
1 -0.1528749 1.1759842 -0.7908246
1 -0.6792055 -1.0490249 -0.5250720
8 0.1658142 -0.6661912 0.0526170
5
-114.676     ts77     dynamics     sesquiterpene     TS     runpoint      38     runisomer      173
6 -0.1369063 0.6132749 -0.0237331
1 -0.7693520 1.0997500 0.7742519
1 -0.1419323 1.2194621 -0.8303169
1 -0.6926668 -0.9336235 -0.5233217
8 0.1757739 -0.6844141 0.0543962
5
-114.686     ts77     dynamics     sesquiterpene     TS     runpoint      39     runisomer      173
6 -0.1513123 0.6219442 -0.0171683
1 -0.7558684 1.1434154 0.7486637
1 -0.1251256 1.2738333 -0.9033513
1 -0.6752524 -0.8258699 -0.5033720
8 0.1835756 -0.7038810 0.0544310
5
-114.689     ts77     dynamics     sesquiterpene     TS     runpoint      40     runisomer      173
6 -0.1658352 0.6338377 -0.0097130
1 -0.7378049 1.1774763 0.7249825
1 -0.1028182 1.3174411 -0.9790868
1 -0.6370226 -0.7361215 -0.4728317
8 0.1895193 -0.7233495 0.0531811
5
-114.678     ts77     dynamics     sesquiterpene     TS     runpoint      41     runisomer      173
6 -0.1795367 0.6489217 -0.0034445
1 -0.7196253 1.2047650 0.7097881
1 -0.0769403 1.3394911 -1.0390872
1 -0.5978358 -0.6726041 -0.4455873
8 0.1945532 -0.7417742 0.0515026
5
-114.659     ts77     dynamics     sesquiterpene     TS     runpoint      42     runisomer      173
6 -0.1915269 0.6665516 0.0003363
1 -0.7057237 1.2296391 0.7095281
1 -0.0497717 1.3366710 -1.0740733
1 -0.5804262 -0.6388426 -0.4370823
8 0.1998630 -0.7585137 0.0503543
5
-114.647     ts77     dynamics     sesquiterpene     TS     runpoint      43     runisomer      173
6 -0.2012738 0.6859185 0.0009575
1 -0.6980639 1.2549910 0.7273134
1 -0.0234715 1.3094726 -1.0796934
1 -0.5927273 -0.6342000 -0.4528713
8 0.2058101 -0.7732162 0.0501188
5
-114.65     ts77     dynamics     sesquiterpene     TS     runpoint      44     runisomer      173
6 -0.2087552 0.7062524 -0.0015740
1 -0.6947426 1.2798743 0.7604125
1 0.0001516 1.2608663 -1.0550080
1 -0.6217117 -0.6571374 -0.4845068
8 0.2115504 -0.7855268 0.0503743
5
-114.659     ts77     dynamics     sesquiterpene     TS     runpoint      45     runisomer      173
6 -0.2143236 0.7268048 -0.0065002
1 -0.6912500 1.3003280 0.8012329
1 0.0201359 1.1967000 -1.0037777
1 -0.6480350 -0.7052930 -0.5187419
8 0.2159060 -0.7951544 0.0504299
5
-114.666     ts77     dynamics     sesquiterpene     TS     runpoint      46     runisomer      173
6 -0.2185440 0.7466060 -0.0121402
1 -0.6829788 1.3122242 0.8407179
1 0.0377827 1.1273115 -0.9390222
1 -0.6573193 -0.7750885 -0.5451262
8 0.2180226 -0.8019850 0.0497590
5
-114.665     ts77     dynamics     sesquiterpene     TS     runpoint      47     runisomer      173
6 -0.2222531 0.7642241 -0.0156367
1 -0.6668326 1.3133018 0.8712855
1 0.0593270 1.0683911 -0.8888381
1 -0.6421746 -0.8620648 -0.5577406
8 0.2174757 -0.8060737 0.0480925
5
-114.656     ts77     dynamics     sesquiterpene     TS     runpoint      48     runisomer      173
6 -0.2264773 0.7781913 -0.0139468
1 -0.6417342 1.3037763 0.8886485
1 0.0952108 1.0345500 -0.8868577
1 -0.6016880 -0.9609947 -0.5550356
8 0.2142511 -0.8075831 0.0454394
5
-114.66     ts77     dynamics     sesquiterpene     TS     runpoint      49     runisomer      173
6 -0.2313546 0.7880093 -0.0072455
1 -0.6087252 1.2863128 0.8933107
1 0.1471427 1.0265883 -0.9336375
1 -0.5415640 -1.0665734 -0.5400765
8 0.2087695 -0.8066911 0.0421256
5
-114.673     ts77     dynamics     sesquiterpene     TS     runpoint      50     runisomer      173
6 -0.2357633 0.7937623 0.0009239
1 -0.5707237 1.2657758 0.8913525
1 0.2033522 1.0357604 -0.9956508
1 -0.4737617 -1.1754224 -0.5206886
8 0.2018688 -0.8034293 0.0388088
5
-114.674     ts77     dynamics     sesquiterpene     TS     runpoint      51     runisomer      173
6 -0.2385144 0.7952586 0.0070060
1 -0.5314655 1.2482322 0.8930672
1 0.2518355 1.0549571 -1.0434810
1 -0.4109183 -1.2870237 -0.5057806
8 0.1944451 -0.7976205 0.0362157
5
-114.665     ts77     dynamics     sesquiterpene     TS     runpoint      52     runisomer      173
6 -0.2389982 0.7921995 0.0087681
1 -0.4933858 1.2383508 0.9078538
1 0.2859500 1.0800241 -1.0623064
1 -0.3564628 -1.3983002 -0.4971831
8 0.1868286 -0.7892678 0.0346102
5
-114.66     ts77     dynamics     sesquiterpene     TS     runpoint      53     runisomer      173
6 -0.2372074 0.7846295 0.0055139
1 -0.4558461 1.2361749 0.9370538
1 0.3030928 1.1082347 -1.0469482
1 -0.3050070 -1.4983370 -0.4886253
8 0.1787988 -0.7789220 0.0337079
5
-114.659     ts77     dynamics     sesquiterpene     TS     runpoint      54     runisomer      173
6 -0.2335186 0.7730245 -0.0021038
1 -0.4161271 1.2369371 0.9724882
1 0.3032646 1.1375388 -0.9980502
1 -0.2516106 -1.5736326 -0.4735161
8 0.1701553 -0.7673613 0.0331610
5
-114.663     ts77     dynamics     sesquiterpene     TS     runpoint      55     runisomer      173
6 -0.2284727 0.7579800 -0.0126229
1 -0.3720488 1.2342777 1.0025279
1 0.2891038 1.1668422 -0.9217005
1 -0.1954020 -1.6146418 -0.4492080
8 0.1609431 -0.7551640 0.0328209
5
-114.669     ts77     dynamics     sesquiterpene     TS     runpoint      56     runisomer      173
6 -0.2227783 0.7398254 -0.0240919
1 -0.3233196 1.2230417 1.0180593
1 0.2673445 1.1976225 -0.8315203
1 -0.1384489 -1.6178175 -0.4168846
8 0.1513831 -0.7425706 0.0327312
5
-114.675     ts77     dynamics     sesquiterpene     TS     runpoint      57     runisomer      173
6 -0.2174257 0.7183440 -0.0341891
1 -0.2714275 1.2001773 1.0147652
1 0.2499882 1.2364807 -0.7495062
1 -0.0845506 -1.5868711 -0.3812510
8 0.1417958 -0.7294091 0.0331039
5
-114.677     ts77     dynamics     sesquiterpene     TS     runpoint      58     runisomer      173
6 -0.2133252 0.6930350 -0.0410742
1 -0.2190319 1.1647665 0.9934768
1 0.2491979 1.2927063 -0.6963458
1 -0.0388121 -1.5361886 -0.3515209
8 0.1325862 -0.7149224 0.0343912
5
-114.679     ts77     dynamics     sesquiterpene     TS     runpoint      59     runisomer      173
6 -0.2103894 0.6643978 -0.0448856
1 -0.1691682 1.1181341 0.9600798
1 0.2653085 1.3645242 -0.6739271
1 -0.0065117 -1.4924918 -0.3418619
8 0.1241918 -0.6977733 0.0373369
5
-114.682     ts77     dynamics     sesquiterpene     TS     runpoint      60     runisomer      173
6 -0.2077504 0.6343943 -0.0473642
1 -0.1242812 1.0641984 0.9248268
1 0.2878291 1.4356664 -0.6697027
1 0.0107648 -1.4778958 -0.3641330
8 0.1168775 -0.6772623 0.0425576
5
-114.683     ts77     dynamics     sesquiterpene     TS     runpoint      61     runisomer      173
6 -0.2048563 0.6054244 -0.0503360
1 -0.0854646 1.0093402 0.9002514
1 0.3071399 1.4898207 -0.6729636
1 0.0172193 -1.4818624 -0.4147102
8 0.1106396 -0.6552290 0.0497320
5
-114.676     ts77     dynamics     sesquiterpene     TS     runpoint      62     runisomer      173
6 -0.2017971 0.5799038 -0.0550081
1 -0.0526530 0.9605010 0.8964291
1 0.3183785 1.5178163 -0.6785167
1 0.0179726 -1.4768009 -0.4793328
8 0.1055244 -0.6350839 0.0579032
5
-114.663     ts77     dynamics     sesquiterpene     TS     runpoint      63     runisomer      173
6 -0.1990093 0.5603936 -0.0616346
1 -0.0260129 0.9221663 0.9149524
1 0.3199726 1.5161025 -0.6843006
1 0.0160978 -1.4449036 -0.5455108
8 0.1017738 -0.6199285 0.0662450
5
-114.654     ts77     dynamics     sesquiterpene     TS     runpoint      64     runisomer      173
6 -0.1969131 0.5493508 -0.0695511
1 -0.0069961 0.8954949 0.9479854
1 0.3120162 1.4843086 -0.6896085
1 0.0132548 -1.3814068 -0.6055989
8 0.0996864 -0.6119568 0.0742261
