5
-114.654160 ts77 dynamics sesquiterpene TS runpoint 1  runisomer  80
6 -0.0093225 0.6405107 0.0026318
1 -0.3621506 1.0849199 0.8496050
1 -0.3306606 1.1807475 -0.9046425
1 0.9142529 -0.0747358 -0.0417393
8 -0.0349138 -0.7556638 0.0041233
5
-114.646 ts77 dynamics sesquiterpene TS runpoint 2  runisomer  80
6 -0.0151172 0.654993 0.011865
1 -0.346959 1.06721 0.810565
1 -0.303892 1.14355 -0.927852
1 0.966445 -0.0672959 -0.0651929
8 -0.0364989 -0.763538 0.00259601
5
-114.638     ts77     dynamics     sesquiterpene     TS     runpoint      3     runisomer      80
6 -0.0199162 0.6666139 0.0162579
1 -0.3489718 1.0777012 0.8269081
1 -0.2737127 1.1048360 -0.9495492
1 1.0241027 -0.0551742 -0.0871555
8 -0.0383055 -0.7712428 0.0010214
5
-114.637     ts77     dynamics     sesquiterpene     TS     runpoint      4     runisomer      80
6 -0.0228541 0.6743363 0.0160343
1 -0.3667059 1.1144279 0.8925169
1 -0.2422710 1.0682250 -0.9692651
1 1.0755543 -0.0334373 -0.1058406
8 -0.0402071 -0.7784139 -0.0005259
5
-114.643     ts77     dynamics     sesquiterpene     TS     runpoint      5     runisomer      80
6 -0.0241369 0.6785185 0.0139181
1 -0.3874138 1.1610155 0.9723525
1 -0.2119999 1.0371949 -0.9872212
1 1.1142031 0.0029800 -0.1195566
8 -0.0422819 -0.7848274 -0.0019741
5
-114.64     ts77     dynamics     sesquiterpene     TS     runpoint      6     runisomer      80
6 -0.0238573 0.6794577 0.0120654
1 -0.4014005 1.2041168 1.0381525
1 -0.1851760 1.0144379 -1.0034355
1 1.1373651 0.0590491 -0.1268260
8 -0.0447599 -0.7903460 -0.0032511
5
-114.634     ts77     dynamics     sesquiterpene     TS     runpoint      7     runisomer      80
6 -0.0218291 0.6771745 0.0113861
1 -0.4042842 1.2366328 1.0756793
1 -0.1637289 1.0014290 -1.0169180
1 1.1447874 0.1388525 -0.1263016
8 -0.0479185 -0.7948900 -0.0042905
5
-114.633     ts77     dynamics     sesquiterpene     TS     runpoint      8     runisomer      80
6 -0.0178215 0.6717276 0.0120094
1 -0.3947671 1.2550876 1.0793608
1 -0.1493482 0.9983979 -1.0256859
1 1.1375412 0.2443337 -0.1167342
8 -0.0519750 -0.7984205 -0.0050425
5
-114.643     ts77     dynamics     sesquiterpene     TS     runpoint      9     runisomer      80
6 -0.0117542 0.6634305 0.0137030
1 -0.3733427 1.2578130 1.0483298
1 -0.1435893 1.0045000 -1.0275067
1 1.1180852 0.3741592 -0.0972155
8 -0.0570148 -0.8009317 -0.0054760
5
-114.662     ts77     dynamics     sesquiterpene     TS     runpoint      10     runisomer      80
6 -0.0038866 0.6528849 0.0160768
1 -0.3423024 1.2446508 0.9855412
1 -0.1477270 1.0179610 -1.0207913
1 1.0921460 0.5231396 -0.0678422
8 -0.0629788 -0.8024253 -0.0055769
5
-114.682     ts77     dynamics     sesquiterpene     TS     runpoint      11     runisomer      80
6 0.0051250 0.6407270 0.0185109
1 -0.3068255 1.2181947 0.8997177
1 -0.1623622 1.0361883 -1.0051621
1 1.0702665 0.6833902 -0.0303524
8 -0.0696759 -0.8028813 -0.0053445
5
-114.696     ts77     dynamics     sesquiterpene     TS     runpoint      12     runisomer      80
6 0.0148419 0.6271007 0.0197809
1 -0.2768621 1.1868007 0.8097370
1 -0.1870082 1.0560066 -0.9816558
1 1.0627271 0.8472903 0.0120883
8 -0.0768272 -0.8022546 -0.0047859
5
-114.654160 ts77 dynamics sesquiterpene TS runpoint 1  runisomer  80
6 -0.0093225 0.6405107 0.0026318
1 -0.3621506 1.0849199 0.8496050
1 -0.3306606 1.1807475 -0.9046425
1 0.9142529 -0.0747358 -0.0417393
8 -0.0349138 -0.7556638 0.0041233
5
-114.646 ts77 dynamics sesquiterpene TS runpoint 2  runisomer  80
6 -0.00464046 0.62585 -0.00865861
1 -0.381693 1.11489 0.914716
1 -0.352489 1.2132 -0.881031
1 0.882915 -0.0822592 -0.0181048
8 -0.0338451 -0.748124 0.00551459
5
-114.644     ts77     dynamics     sesquiterpene     TS     runpoint      3     runisomer      80
6 -0.0028032 0.6134780 -0.0193814
1 -0.3939019 1.1419150 0.9776183
1 -0.3685652 1.2383315 -0.8582796
1 0.8850807 -0.0935199 0.0055469
8 -0.0335777 -0.7414199 0.0066727
5
-114.636     ts77     dynamics     sesquiterpene     TS     runpoint      4     runisomer      80
6 -0.0043068 0.6046767 -0.0280792
1 -0.3934286 1.1581595 1.0233250
1 -0.3788782 1.2546587 -0.8378748
1 0.9221164 -0.1093207 0.0298561
8 -0.0341632 -0.7358744 0.0075025
5
-114.632     ts77     dynamics     sesquiterpene     TS     runpoint      5     runisomer      80
6 -0.0085587 0.5996783 -0.0339825
1 -0.3789744 1.1606816 1.0455285
1 -0.3842212 1.2619825 -0.8217809
1 0.9823570 -0.1275583 0.0549607
8 -0.0353429 -0.7315950 0.0079389
5
-114.631     ts77     dynamics     sesquiterpene     TS     runpoint      6     runisomer      80
6 -0.0144768 0.5982052 -0.0366067
1 -0.3511650 1.1490255 1.0422123
1 -0.3859799 1.2613040 -0.8124082
1 1.0484421 -0.1450574 0.0798967
8 -0.0367087 -0.7286103 0.0079562
5
-114.631     ts77     dynamics     sesquiterpene     TS     runpoint      7     runisomer      80
6 -0.0209998 0.5998477 -0.0356903
1 -0.3117005 1.1243386 1.0141160
1 -0.3857095 1.2543305 -0.8121408
1 1.1052952 -0.1589982 0.1031162
8 -0.0379019 -0.7269690 0.0075599
5
-114.631     ts77     dynamics     sesquiterpene     TS     runpoint      8     runisomer      80
6 -0.0272740 0.6041231 -0.0313866
1 -0.2633856 1.0897930 0.9656666
1 -0.3846179 1.2426860 -0.8224402
1 1.1430832 -0.1674571 0.1231478
8 -0.0386900 -0.7267327 0.0067725
5
-114.633     ts77     dynamics     sesquiterpene     TS     runpoint      9     runisomer      80
6 -0.0326296 0.6103348 -0.0246726
1 -0.2106797 1.0522591 0.9084897
1 -0.3831718 1.2271874 -0.8427781
1 1.1565893 -0.1696716 0.1388748
8 -0.0389361 -0.7279123 0.0056306
5
-114.632     ts77     dynamics     sesquiterpene     TS     runpoint      10     runisomer      80
6 -0.0365365 0.6173645 -0.0177935
1 -0.1597854 1.0243356 0.8660727
1 -0.3810800 1.2077517 -0.8700740
1 1.1437865 -0.1662970 0.1495124
8 -0.0385384 -0.7304141 0.0041940
5
-114.626     ts77     dynamics     sesquiterpene     TS     runpoint      11     runisomer      80
6 -0.0387717 0.6238717 -0.0137092
1 -0.1159247 1.0211175 0.8678187
1 -0.3776807 1.1841181 -0.8993726
1 1.1050559 -0.1595659 0.1545021
8 -0.0373999 -0.7340269 0.0025526
5
-114.629     ts77     dynamics     sesquiterpene     TS     runpoint      12     runisomer      80
6 -0.0397102 0.6294268 -0.0134031
1 -0.0793135 1.0462370 0.9190585
1 -0.3724778 1.1567730 -0.9257319
1 1.0434581 -0.1532588 0.1535402
8 -0.0354510 -0.7384507 0.0008184
5
-114.644     ts77     dynamics     sesquiterpene     TS     runpoint      13     runisomer      80
6 -0.0400866 0.6348616 -0.0150072
1 -0.0479372 1.0880631 0.9921819
1 -0.3654721 1.1273343 -0.9458768
1 0.9658777 -0.1526171 0.1469655
8 -0.0327000 -0.7433484 -0.0009006
5
-114.651     ts77     dynamics     sesquiterpene     TS     runpoint      14     runisomer      80
6 -0.0407081 0.6412133 -0.0163884
1 -0.0212149 1.1333727 1.0576878
1 -0.3572298 1.0983105 -0.9586720
1 0.8845260 -0.1641666 0.1364281
8 -0.0293128 -0.7484099 -0.0025204
5
-114.647     ts77     dynamics     sesquiterpene     TS     runpoint      15     runisomer      80
6 -0.0424235 0.6492799 -0.0163542
1 0.0006587 1.1736999 1.0985150
1 -0.3488180 1.0726611 -0.9649612
1 0.8172784 -0.1946460 0.1251929
8 -0.0256988 -0.7534653 -0.0040115
5
-114.639     ts77     dynamics     sesquiterpene     TS     runpoint      16     runisomer      80
6 -0.0458933 0.6595636 -0.0143739
1 0.0175398 1.2043620 1.1071216
1 -0.3415972 1.0533510 -0.9670640
1 0.7844399 -0.2477936 0.1174368
8 -0.0225481 -0.7585451 -0.0054168
5
-114.636     ts77     dynamics     sesquiterpene     TS     runpoint      17     runisomer      80
6 -0.0512590 0.6719835 -0.0102304
1 0.0294215 1.2230287 1.0815365
1 -0.3368388 1.0428728 -0.9678237
1 0.8012959 -0.3220504 0.1165143
8 -0.0206347 -0.7636978 -0.0068060
5
-114.648     ts77     dynamics     sesquiterpene     TS     runpoint      18     runisomer      80
6 -0.0581965 0.6857666 -0.0040265
1 0.0364658 1.2294913 1.0243033
1 -0.3352554 1.0426550 -0.9692445
1 0.8662925 -0.4164983 0.1227840
8 -0.0200715 -0.7684784 -0.0081575
5
-114.672     ts77     dynamics     sesquiterpene     TS     runpoint      19     runisomer      80
6 -0.0662632 0.6997077 0.0034936
1 0.0394451 1.2267975 0.9444686
1 -0.3367234 1.0525501 -0.9713835
1 0.9546222 -0.5348594 0.1328743
8 -0.0196843 -0.7719299 -0.0092700
5
-114.689     ts77     dynamics     sesquiterpene     TS     runpoint      20     runisomer      80
6 -0.0752191 0.7122665 0.0105156
1 0.0407934 1.2240834 0.8622577
1 -0.3404325 1.0708482 -0.9724518
1 1.0339780 -0.6770052 0.1423419
8 -0.0178189 -0.7733743 -0.0098859
5
-114.689     ts77     dynamics     sesquiterpene     TS     runpoint      21     runisomer      80
6 -0.0851273 0.7214491 0.0141690
1 0.0456244 1.2384494 0.8100806
1 -0.3453939 1.0948931 -0.9702233
1 1.0815594 -0.8350393 0.1481729
8 -0.0133781 -0.7727217 -0.0098454
5
-114.68     ts77     dynamics     sesquiterpene     TS     runpoint      22     runisomer      80
6 -0.0960533 0.7257131 0.0125312
1 0.0592752 1.2833728 0.8107265
1 -0.3509901 1.1219082 -0.9638108
1 1.0865193 -0.9966579 0.1490431
8 -0.0060033 -0.7702671 -0.0091140
5
-114.683     ts77     dynamics     sesquiterpene     TS     runpoint      23     runisomer      80
6 -0.1075102 0.7256230 0.0070880
1 0.0809947 1.3486856 0.8491297
1 -0.3571461 1.1495922 -0.9544718
1 1.0467023 -1.1487428 0.1447840
8 0.0041188 -0.7664730 -0.0077686
5
-114.689     ts77     dynamics     sesquiterpene     TS     runpoint      24     runisomer      80
6 -0.1186338 0.7228376 0.0007672
1 0.1054729 1.4123121 0.8947948
1 -0.3639746 1.1762191 -0.9446999
1 0.9661629 -1.2795376 0.1359960
8 0.0164255 -0.7618254 -0.0059649
5
-114.685     ts77     dynamics     sesquiterpene     TS     runpoint      25     runisomer      80
6 -0.1286956 0.7185516 -0.0043836
1 0.1282001 1.4586932 0.9276358
1 -0.3713516 1.2002874 -0.9367435
1 0.8543777 -1.3806010 0.1239648
8 0.0300496 -0.7566762 -0.0039123
5
-114.676     ts77     dynamics     sesquiterpene     TS     runpoint      26     runisomer      80
6 -0.1372524 0.7133612 -0.0073625
1 0.1466786 1.4803232 0.9387115
1 -0.3787453 1.2200502 -0.9316683
1 0.7264146 -1.4500167 0.1108019
8 0.0438325 -0.7510115 -0.0018646
5
-114.666     ts77     dynamics     sesquiterpene     TS     runpoint      27     runisomer      80
6 -0.1441238 0.7075288 -0.0078380
1 0.1598058 1.4743772 0.9253667
1 -0.3853384 1.2333544 -0.9292322
1 0.6017719 -1.4968671 0.0995159
8 0.0564301 -0.7441444 -0.0001098
5
-114.658     ts77     dynamics     sesquiterpene     TS     runpoint      28     runisomer      80
6 -0.1493599 0.7011386 -0.0059057
1 0.1674336 1.4408392 0.8887024
1 -0.3903409 1.2379622 -0.9284059
1 0.4970684 -1.5402477 0.0932122
8 0.0667895 -0.7347892 0.0010958
5
-114.656     ts77     dynamics     sesquiterpene     TS     runpoint      29     runisomer      80
6 -0.1532162 0.6941073 -0.0020426
1 0.1706348 1.3828678 0.8337456
1 -0.3932977 1.2321690 -0.9280865
1 0.4141735 -1.5918069 0.0930496
8 0.0748907 -0.7222424 0.0016504
5
-114.661     ts77     dynamics     sesquiterpene     TS     runpoint      30     runisomer      80
6 -0.1562165 0.6860210 0.0027382
1 0.1730367 1.3093455 0.7721163
1 -0.3942475 1.2153534 -0.9276453
1 0.3421769 -1.6414276 0.0976542
8 0.0815875 -0.7073519 0.0016276
5
-114.662     ts77     dynamics     sesquiterpene     TS     runpoint      31     runisomer      80
6 -0.1593273 0.6758573 0.0066268
1 0.1831800 1.2381142 0.7256280
1 -0.3937051 1.1882858 -0.9271541
1 0.2706491 -1.6708633 0.1050710
8 0.0877556 -0.6916735 0.0011409
5
-114.654     ts77     dynamics     sesquiterpene     TS     runpoint      32     runisomer      80
6 -0.1638729 0.6623516 0.0075303
1 0.2135268 1.1911086 0.7204461
1 -0.3924910 1.1532328 -0.9274536
1 0.1941034 -1.6686081 0.1140904
8 0.0940021 -0.6765092 0.0002402
5
-114.656     ts77     dynamics     sesquiterpene     TS     runpoint      33     runisomer      80
6 -0.1704582 0.6457499 0.0053564
1 0.2674636 1.1734457 0.7600596
1 -0.3914849 1.1138153 -0.9303032
1 0.1102688 -1.6338036 0.1244522
8 0.1007639 -0.6626452 -0.0010993
5
-114.671     ts77     dynamics     sesquiterpene     TS     runpoint      34     runisomer      80
6 -0.1783554 0.6280646 0.0025081
1 0.3321402 1.1703439 0.8188125
1 -0.3913173 1.0743903 -0.9379938
1 0.0178315 -1.5768906 0.1371389
8 0.1084288 -0.6502784 -0.0029797
5
-114.678     ts77     dynamics     sesquiterpene     TS     runpoint      35     runisomer      80
6 -0.1866677 0.6113411 0.0012952
1 0.3923018 1.1680811 0.8707608
1 -0.3920775 1.0389164 -0.9517769
1 -0.0863502 -1.5178213 0.1548253
8 0.1174889 -0.6390698 -0.0055901
5
-114.676     ts77     dynamics     sesquiterpene     TS     runpoint      36     runisomer      80
6 -0.1949920 0.5971490 0.0027766
1 0.4383652 1.1606558 0.9017098
1 -0.3933189 1.0100027 -0.9703298
1 -0.2079956 -1.4726374 0.1803834
8 0.1285762 -0.6289748 -0.0090940
5
-114.676     ts77     dynamics     sesquiterpene     TS     runpoint      37     runisomer      80
6 -0.2032559 0.5867874 0.0070228
1 0.4655107 1.1468991 0.9061051
1 -0.3944631 0.9888087 -0.9897605
1 -0.3466780 -1.4342883 0.2122587
8 0.1418772 -0.6214104 -0.0133412
5
-114.678     ts77     dynamics     sesquiterpene     TS     runpoint      38     runisomer      80
6 -0.2114085 0.5812334 0.0135668
1 0.4716933 1.1279430 0.8831820
1 -0.3953271 0.9755391 -1.0050910
1 -0.4890869 -1.3830556 0.2438867
8 0.1566325 -0.6184360 -0.0178334
5
-114.679     ts77     dynamics     sesquiterpene     TS     runpoint      39     runisomer      80
6 -0.2192676 0.5809078 0.0216975
1 0.4570002 1.1063692 0.8354437
1 -0.3963422 0.9699249 -1.0119572
1 -0.6173975 -1.3081182 0.2684178
8 0.1716046 -0.6211959 -0.0220377
5
-114.68     ts77     dynamics     sesquiterpene     TS     runpoint      40     runisomer      80
6 -0.2266411 0.5855295 0.0305102
1 0.4247231 1.0867405 0.7693855
1 -0.3984347 0.9714791 -1.0076999
1 -0.7172457 -1.2101723 0.2812561
8 0.1855949 -0.6296910 -0.0255638
5
-114.681     ts77     dynamics     sesquiterpene     TS     runpoint      41     runisomer      80
6 -0.2336835 0.5940516 0.0387426
1 0.3842070 1.0774085 0.6980621
1 -0.4028501 0.9796256 -0.9918957
1 -0.7793669 -1.0962218 0.2800425
8 0.1976254 -0.6431841 -0.0281657
5
-114.679     ts77     dynamics     sesquiterpene     TS     runpoint      42     runisomer      80
6 -0.2411986 0.6046527 0.0447035
1 0.3530910 1.0919665 0.6422940
1 -0.4111241 0.9938079 -0.9666753
1 -0.7997248 -0.9760128 0.2643738
8 0.2070282 -0.6605165 -0.0297258
5
-114.674     ts77     dynamics     sesquiterpene     TS     runpoint      43     runisomer      80
6 -0.2499682 0.6153714 0.0471461
1 0.3486985 1.1428815 0.6204115
1 -0.4251389 1.0135893 -0.9369328
1 -0.7812199 -0.8607286 0.2360693
8 0.2136011 -0.6802714 -0.0302698
5
-114.678     ts77     dynamics     sesquiterpene     TS     runpoint      44     runisomer      80
6 -0.2591038 0.6256632 0.0468192
1 0.3682264 1.2252430 0.6294077
1 -0.4469060 1.0387183 -0.9097670
1 -0.7371677 -0.7625602 0.1997636
8 0.2178208 -0.7009455 -0.0300159
5
-114.681     ts77     dynamics     sesquiterpene     TS     runpoint      45     runisomer      80
6 -0.2664716 0.6365058 0.0457212
1 0.3932756 1.3187077 0.6514309
1 -0.4778636 1.0687607 -0.8918214
1 -0.6939118 -0.6930347 0.1627296
8 0.2209956 -0.7212386 -0.0293776
5
-114.669     ts77     dynamics     sesquiterpene     TS     runpoint      46     runisomer      80
6 -0.2704375 0.6490586 0.0452859
1 0.4090816 1.4045833 0.6718632
1 -0.5180319 1.1020450 -0.8855215
1 -0.6825373 -0.6587695 0.1316531
8 0.2247899 -0.7403189 -0.0287786
5
-114.656     ts77     dynamics     sesquiterpene     TS     runpoint      47     runisomer      80
6 -0.2703884 0.6639473 0.0459666
1 0.4089025 1.4715610 0.6829795
1 -0.5655655 1.1350150 -0.8877015
1 -0.7133567 -0.6599412 0.1073224
8 0.2297013 -0.7577078 -0.0283208
5
-114.654     ts77     dynamics     sesquiterpene     TS     runpoint      48     runisomer      80
6 -0.2664948 0.6811613 0.0475896
1 0.3912179 1.5139059 0.6815026
1 -0.6171104 1.1630789 -0.8918671
1 -0.7671728 -0.6935119 0.0855791
8 0.2345334 -0.7729395 -0.0278138
5
-114.656     ts77     dynamics     sesquiterpene     TS     runpoint      49     runisomer      80
6 -0.2593738 0.7002834 0.0497336
1 0.3576041 1.5295444 0.6668396
1 -0.6687840 1.1820804 -0.8915199
1 -0.8170315 -0.7544150 0.0626625
8 0.2377056 -0.7856278 -0.0270771
5
-114.659     ts77     dynamics     sesquiterpene     TS     runpoint      50     runisomer      80
6 -0.2498561 0.7206581 0.0518862
1 0.3123818 1.5199599 0.6409915
1 -0.7171622 1.1892049 -0.8821052
1 -0.8432082 -0.8365855 0.0368812
8 0.2381123 -0.7955785 -0.0260321
5
-114.663     ts77     dynamics     sesquiterpene     TS     runpoint      51     runisomer      80
6 -0.2389824 0.7412189 0.0533541
1 0.2636855 1.4922474 0.6101371
1 -0.7598878 1.1832468 -0.8615276
1 -0.8352088 -0.9337141 0.0080354
8 0.2352104 -0.8027604 -0.0246687
5
-114.668     ts77     dynamics     sesquiterpene     TS     runpoint      52     runisomer      80
6 -0.2281316 0.7600982 0.0530478
1 0.2249983 1.4624958 0.5872499
1 -0.7960195 1.1646362 -0.8301331
1 -0.7908305 -1.0391003 -0.0231679
8 0.2289873 -0.8072332 -0.0230101
5
-114.669     ts77     dynamics     sesquiterpene     TS     runpoint      53     runisomer      80
6 -0.2188093 0.7747671 0.0496136
1 0.2125510 1.4533312 0.5905953
1 -0.8263774 1.1354810 -0.7907178
1 -0.7166885 -1.1463530 -0.0556099
8 0.2200171 -0.8090627 -0.0210841
5
-114.671     ts77     dynamics     sesquiterpene     TS     runpoint      54     runisomer      80
6 -0.2115074 0.7837258 0.0427282
1 0.2322531 1.4739327 0.6285146
1 -0.8540643 1.0995557 -0.7486009
1 -0.6294118 -1.2521943 -0.0885913
8 0.2095419 -0.8081469 -0.0188831
5
-114.678     ts77     dynamics     sesquiterpene     TS     runpoint      55     runisomer      80
6 -0.2050678 0.7876215 0.0340267
1 0.2722605 1.5076715 0.6875174
1 -0.8845434 1.0617879 -0.7107130
1 -0.5502210 -1.3587571 -0.1228076
8 0.1991203 -0.8040983 -0.0163042
5
-114.678     ts77     dynamics     sesquiterpene     TS     runpoint      56     runisomer      80
6 -0.1979484 0.7876714 0.0255616
1 0.3162233 1.5328564 0.7472928
1 -0.9234721 1.0267284 -0.6822693
1 -0.4881422 -1.4664061 -0.1593261
8 0.1895489 -0.7967264 -0.0132105
5
-114.671     ts77     dynamics     sesquiterpene     TS     runpoint      57     runisomer      80
6 -0.1893617 0.7846410 0.0183524
1 0.3528872 1.5367999 0.7938964
1 -0.9723286 0.9968339 -0.6627179
1 -0.4353067 -1.5637019 -0.1968515
8 0.1805457 -0.7866836 -0.0096061
5
-114.661     ts77     dynamics     sesquiterpene     TS     runpoint      58     runisomer      80
6 -0.1794455 0.7789250 0.0123399
1 0.3762183 1.5146994 0.8204191
1 -1.0263165 0.9724119 -0.6457587
1 -0.3823215 -1.6343904 -0.2324320
8 0.1716987 -0.7750071 -0.0055938
5
-114.652     ts77     dynamics     sesquiterpene     TS     runpoint      59     runisomer      80
6 -0.1688640 0.7706727 0.0069591
1 0.3836787 1.4663178 0.8246491
1 -1.0772212 0.9529174 -0.6236352
1 -0.3257832 -1.6671595 -0.2637495
8 0.1629341 -0.7624710 -0.0012448
5
-114.652     ts77     dynamics     sesquiterpene     TS     runpoint      60     runisomer      80
6 -0.1584062 0.7598097 0.0015382
1 0.3755447 1.3946467 0.8080082
1 -1.1174617 0.9378634 -0.5907865
1 -0.2667122 -1.6575898 -0.2900682
8 0.1544134 -0.7494561 0.0034581
5
-114.662     ts77     dynamics     sesquiterpene     TS     runpoint      61     runisomer      80
6 -0.1488561 0.7459864 -0.0046835
1 0.3555547 1.3064777 0.7765772
1 -1.1422184 0.9269836 -0.5448849
1 -0.2087439 -1.6084096 -0.3128144
8 0.1464142 -0.7359391 0.0086459
5
-114.676     ts77     dynamics     sesquiterpene     TS     runpoint      62     runisomer      80
6 -0.1410622 0.7285061 -0.0127956
1 0.3324823 1.2138937 0.7439151
1 -1.1501130 0.9201619 -0.4865342
1 -0.1582576 -1.5327041 -0.3373608
8 0.1393359 -0.7213280 0.0146583
5
-114.683     ts77     dynamics     sesquiterpene     TS     runpoint      63     runisomer      80
6 -0.1358802 0.7065234 -0.0242539
1 0.3197459 1.1330671 0.7313497
1 -1.1437280 0.9174677 -0.4187987
1 -0.1246994 -1.4573510 -0.3761625
8 0.1337332 -0.7043176 0.0222208
5
-114.684     ts77     dynamics     sesquiterpene     TS     runpoint      64     runisomer      80
6 -0.1334297 0.6799715 -0.0397883
1 0.3266407 1.0748834 0.7545263
1 -1.1302143 0.9193602 -0.3466336
1 -0.1151598 -1.4083472 -0.4450821
8 0.1300068 -0.6839360 0.0322086
