5
-114.654160 ts77 dynamics sesquiterpene TS runpoint 1  runisomer  122
6 -0.0471017 0.6058447 0.0124141
1 -0.2571828 1.2072188 0.8943397
1 -0.1762447 1.1795144 -0.9569446
1 1.0324273 -0.0987933 -0.0894155
8 -0.0303587 -0.7357694 0.0002646
5
-114.648 ts77 dynamics sesquiterpene TS runpoint 2  runisomer  122
6 -0.0471322 0.599455 0.0111886
1 -0.255317 1.24496 0.967582
1 -0.139661 1.1356 -0.972795
1 0.979461 -0.0632594 -0.108792
8 -0.0294214 -0.732825 -0.00121146
5
-114.645     ts77     dynamics     sesquiterpene     TS     runpoint      3     runisomer      122
6 -0.0466704 0.5962242 0.0101485
1 -0.2512555 1.2679369 1.0243006
1 -0.1067777 1.0880056 -0.9794366
1 0.9311730 -0.0224853 -0.1255777
8 -0.0290518 -0.7314196 -0.0025297
5
-114.636     ts77     dynamics     sesquiterpene     TS     runpoint      4     runisomer      122
6 -0.0462542 0.5964793 0.0102221
1 -0.2437881 1.2720573 1.0549340
1 -0.0801992 1.0423872 -0.9797469
1 0.9022536 0.0235333 -0.1400771
8 -0.0296862 -0.7318971 -0.0035825
5
-114.629     ts77     dynamics     sesquiterpene     TS     runpoint      5     runisomer      122
6 -0.0462523 0.5999580 0.0120271
1 -0.2327604 1.2567926 1.0555661
1 -0.0624468 1.0047560 -0.9786528
1 0.9046571 0.0754212 -0.1523974
8 -0.0316509 -0.7344446 -0.0042709
5
-114.63     ts77     dynamics     sesquiterpene     TS     runpoint      6     runisomer      122
6 -0.0464821 0.6057891 0.0157905
1 -0.2187607 1.2239465 1.0261586
1 -0.0558050 0.9800591 -0.9809932
1 0.9416869 0.1360885 -0.1615195
8 -0.0351109 -0.7390179 -0.0045207
5
-114.641     ts77     dynamics     sesquiterpene     TS     runpoint      7     runisomer      122
6 -0.0460011 0.6125608 0.0210036
1 -0.2033837 1.1781761 0.9716586
1 -0.0621095 0.9707909 -0.9886695
1 1.0059957 0.2108619 -0.1650851
8 -0.0400942 -0.7453435 -0.0042906
5
-114.656     ts77     dynamics     sesquiterpene     TS     runpoint      8     runisomer      122
6 -0.0433848 0.6185262 0.0260426
1 -0.1899452 1.1291977 0.9061867
1 -0.0823870 0.9765418 -0.9992411
1 1.0837383 0.3041912 -0.1605460
8 -0.0465228 -0.7529781 -0.0035671
5
-114.664     ts77     dynamics     sesquiterpene     TS     runpoint      9     runisomer      122
6 -0.0371907 0.6217274 0.0280229
1 -0.1842904 1.0939023 0.8576350
1 -0.1164431 0.9946777 -1.0073350
1 1.1603298 0.4163170 -0.1465317
8 -0.0542054 -0.7613655 -0.0023672
5
-114.663     ts77     dynamics     sesquiterpene     TS     runpoint      10     runisomer      122
6 -0.0263428 0.6206260 0.0240199
1 -0.1932503 1.0894415 0.8565603
1 -0.1627608 1.0214225 -1.0075924
1 1.2237460 0.5431815 -0.1232856
8 -0.0628551 -0.7699405 -0.0007452
5
-114.67     ts77     dynamics     sesquiterpene     TS     runpoint      11     runisomer      122
6 -0.0106582 0.6156655 0.0141905
1 -0.2181016 1.1136344 0.9010492
1 -0.2187847 1.0526791 -0.9968930
1 1.2654867 0.6782472 -0.0924234
8 -0.0721551 -0.7782270 0.0012070
5
-114.685     ts77     dynamics     sesquiterpene     TS     runpoint      12     runisomer      122
6 0.0091161 0.6089380 0.0014672
1 -0.2527396 1.1475183 0.9599265
1 -0.2813639 1.0844650 -0.9745818
1 1.2803365 0.8140380 -0.0564695
8 -0.0817988 -0.7858763 0.0033718
5
-114.689     ts77     dynamics     sesquiterpene     TS     runpoint      13     runisomer      122
6 0.0319000 0.6024138 -0.0115269
1 -0.2898102 1.1750116 1.0074908
1 -0.3471117 1.1131341 -0.9414644
1 1.2659609 0.9429760 -0.0183384
8 -0.0915068 -0.7926471 0.0056342
5
-114.683     ts77     dynamics     sesquiterpene     TS     runpoint      14     runisomer      122
6 0.0565884 0.5974367 -0.0233913
1 -0.3238178 1.1875803 1.0320637
1 -0.4127499 1.1356177 -0.8988617
1 1.2228569 1.0580600 0.0194023
8 -0.1010335 -0.7983753 0.0079242
5
-114.677     ts77     dynamics     sesquiterpene     TS     runpoint      15     runisomer      122
6 0.0823084 0.5948256 -0.0337632
1 -0.3520003 1.1808502 1.0308551
1 -0.4763202 1.1499680 -0.8477791
1 1.1543508 1.1537278 0.0552647
8 -0.1102323 -0.8029259 0.0103032
5
-114.674     ts77     dynamics     sesquiterpene     TS     runpoint      16     runisomer      122
6 0.1080078 0.5947700 -0.0424046
1 -0.3742739 1.1529974 1.0051807
1 -0.5356492 1.1542987 -0.7898732
1 1.0688097 1.2270183 0.0865821
8 -0.1189809 -0.8060217 0.0127819
5
-114.672     ts77     dynamics     sesquiterpene     TS     runpoint      17     runisomer      122
6 0.1319472 0.5970798 -0.0491248
1 -0.3905097 1.1048890 0.9585722
1 -0.5879451 1.1482012 -0.7282603
1 0.9795739 1.2774298 0.1113631
8 -0.1269998 -0.8075180 0.0153162
5
-114.654160 ts77 dynamics sesquiterpene TS runpoint 1  runisomer  122
6 -0.0471017 0.6058447 0.0124141
1 -0.2571828 1.2072188 0.8943397
1 -0.1762447 1.1795144 -0.9569446
1 1.0324273 -0.0987933 -0.0894155
8 -0.0303587 -0.7357694 0.0002646
5
-114.648 ts77 dynamics sesquiterpene TS runpoint 2  runisomer  122
6 -0.0460212 0.614343 0.0123211
1 -0.260274 1.16542 0.824032
1 -0.214057 1.21541 -0.93188
1 1.07738 -0.129374 -0.0675008
8 -0.0314243 -0.739847 0.0018045
5
-114.639     ts77     dynamics     sesquiterpene     TS     runpoint      3     runisomer      122
6 -0.0432661 0.6231371 0.0087129
1 -0.2713375 1.1378576 0.7873510
1 -0.2510566 1.2408504 -0.9003931
1 1.1053871 -0.1559469 -0.0434866
8 -0.0322259 -0.7446380 0.0033264
5
-114.628     ts77     dynamics     sesquiterpene     TS     runpoint      4     runisomer      122
6 -0.0384538 0.6307673 0.0002640
1 -0.2962618 1.1375660 0.8071282
1 -0.2860078 1.2556003 -0.8675996
1 1.1111866 -0.1803784 -0.0180644
8 -0.0324280 -0.7497356 0.0047505
5
-114.633     ts77     dynamics     sesquiterpene     TS     runpoint      5     runisomer      122
6 -0.0321532 0.6376093 -0.0111993
1 -0.3309242 1.1551196 0.8702187
1 -0.3188410 1.2615991 -0.8400568
1 1.0926223 -0.2057708 0.0079668
8 -0.0317316 -0.7547555 0.0060008
5
-114.643     ts77     dynamics     sesquiterpene     TS     runpoint      6     runisomer      122
6 -0.0255630 0.6447571 -0.0223966
1 -0.3650154 1.1727554 0.9455187
1 -0.3506478 1.2621414 -0.8239460
1 1.0502311 -0.2370974 0.0339008
8 -0.0298522 -0.7592931 0.0070091
5
-114.647     ts77     dynamics     sesquiterpene     TS     runpoint      7     runisomer      122
6 -0.0198595 0.6528716 -0.0310435
1 -0.3906884 1.1801249 1.0102395
1 -0.3828741 1.2600623 -0.8227503
1 0.9876166 -0.2816578 0.0594219
8 -0.0265367 -0.7629094 0.0077352
5
-114.649     ts77     dynamics     sesquiterpene     TS     runpoint      8     runisomer      122
6 -0.0161210 0.6623919 -0.0362171
1 -0.4038736 1.1738836 1.0524631
1 -0.4160386 1.2559902 -0.8357203
1 0.9133104 -0.3480580 0.0850263
8 -0.0217395 -0.7652198 0.0081596
5
-114.654     ts77     dynamics     sesquiterpene     TS     runpoint      9     runisomer      122
6 -0.0152609 0.6737081 -0.0379412
1 -0.4028817 1.1541830 1.0667630
1 -0.4490858 1.2483136 -0.8582976
1 0.8461272 -0.4411056 0.1128608
8 -0.0161329 -0.7661243 0.0082218
5
-114.657     ts77     dynamics     sesquiterpene     TS     runpoint      10     runisomer      122
6 -0.0177279 0.6868222 -0.0367190
1 -0.3875278 1.1229626 1.0515426
1 -0.4798488 1.2347216 -0.8841371
1 0.8234690 -0.5543537 0.1486424
8 -0.0118844 -0.7660057 0.0076386
5
-114.664     ts77     dynamics     sesquiterpene     TS     runpoint      11     runisomer      122
6 -0.0232959 0.7010124 -0.0332547
1 -0.3592540 1.0838015 1.0090567
1 -0.5060709 1.2135848 -0.9072167
1 0.8768556 -0.6801651 0.1999887
8 -0.0112003 -0.7649281 0.0059371
5
-114.692     ts77     dynamics     sesquiterpene     TS     runpoint      12     runisomer      122
6 -0.0311906 0.7150486 -0.0285854
1 -0.3220409 1.0428292 0.9484322
1 -0.5262719 1.1845326 -0.9231564
1 0.9658526 -0.8214288 0.2613113
8 -0.0119569 -0.7621484 0.0033949
5
-114.704     ts77     dynamics     sesquiterpene     TS     runpoint      13     runisomer      122
6 -0.0402979 0.7274818 -0.0246076
1 -0.2834879 1.0100751 0.8915349
1 -0.5401135 1.1486131 -0.9297360
1 1.0355157 -0.9695677 0.3192170
8 -0.0110717 -0.7578164 0.0007632
5
-114.686     ts77     dynamics     sesquiterpene     TS     runpoint      14     runisomer      122
6 -0.0493267 0.7367254 -0.0241117
1 -0.2534334 0.9983748 0.8731604
1 -0.5486315 1.1082113 -0.9272544
1 1.0623035 -1.1102113 0.3655375
8 -0.0073442 -0.7526075 -0.0015259
5
-114.665     ts77     dynamics     sesquiterpene     TS     runpoint      15     runisomer      122
6 -0.0574158 0.7417284 -0.0283352
1 -0.2357771 1.0143345 0.9126085
1 -0.5546444 1.0667950 -0.9191259
1 1.0416720 -1.2314820 0.3969972
8 -0.0007101 -0.7471188 -0.0033372
5
-114.663     ts77     dynamics     sesquiterpene     TS     runpoint      16     runisomer      122
6 -0.0643836 0.7425805 -0.0346387
1 -0.2249547 1.0512193 0.9859749
1 -0.5628100 1.0283072 -0.9118236
1 0.9759478 -1.3244389 0.4125675
8 0.0084903 -0.7418033 -0.0046709
5
-114.668     ts77     dynamics     sesquiterpene     TS     runpoint      17     runisomer      122
6 -0.0700598 0.7398562 -0.0393704
1 -0.2152860 1.0977766 1.0572966
1 -0.5781173 0.9959185 -0.9120170
1 0.8699287 -1.3819974 0.4122908
8 0.0197821 -0.7370270 -0.0055852
5
-114.671     ts77     dynamics     sesquiterpene     TS     runpoint      18     runisomer      122
6 -0.0742350 0.7341055 -0.0404505
1 -0.2047086 1.1453962 1.1043676
1 -0.6029019 0.9706893 -0.9216329
1 0.7315024 -1.3997587 0.3978762
8 0.0325298 -0.7330066 -0.0062251
5
-114.678     ts77     dynamics     sesquiterpene     TS     runpoint      19     runisomer      122
6 -0.0769926 0.7258200 -0.0374857
1 -0.1931138 1.1883388 1.1176738
1 -0.6350333 0.9515263 -0.9356725
1 0.5772458 -1.3828503 0.3765994
8 0.0456107 -0.7293566 -0.0070621
5
-114.677     ts77     dynamics     sesquiterpene     TS     runpoint      20     runisomer      122
6 -0.0787509 0.7154086 -0.0310352
1 -0.1808994 1.2226162 1.0948788
1 -0.6692462 0.9365237 -0.9454586
1 0.4416162 -1.3649917 0.3718380
8 0.0568602 -0.7238884 -0.0095482
