5
-114.654160 ts77 dynamics sesquiterpene TS runpoint 1  runisomer  86
6 -0.0489561 0.6265214 0.0094595
1 -0.1420970 1.1321064 0.9493233
1 -0.2339652 0.9952865 -0.9914496
1 1.0237036 -0.0852142 0.0758485
8 -0.0320334 -0.7357955 -0.0092218
5
-114.646 ts77 dynamics sesquiterpene TS runpoint 2  runisomer  86
6 -0.0455774 0.632682 0.00728993
1 -0.181767 1.16114 0.938813
1 -0.234078 0.956898 -0.920632
1 1.08051 -0.0691786 0.0523659
8 -0.0356405 -0.740838 -0.00991454
5
-114.639     ts77     dynamics     sesquiterpene     TS     runpoint      3     runisomer      86
6 -0.0397859 0.6369404 0.0071631
1 -0.2254669 1.1927267 0.9282339
1 -0.2430570 0.9423432 -0.8799367
1 1.1229071 -0.0424533 0.0271826
8 -0.0393383 -0.7467893 -0.0101313
5
-114.63     ts77     dynamics     sesquiterpene     TS     runpoint      4     runisomer      86
6 -0.0307577 0.6381133 0.0111710
1 -0.2710195 1.2231467 0.9152827
1 -0.2661190 0.9592915 -0.8933912
1 1.1485125 0.0017489 0.0012261
8 -0.0434016 -0.7534381 -0.0098391
5
-114.639     ts77     dynamics     sesquiterpene     TS     runpoint      5     runisomer      86
6 -0.0186384 0.6362867 0.0179496
1 -0.3157999 1.2488860 0.8987594
1 -0.2992416 1.0004540 -0.9450033
1 1.1577743 0.0694070 -0.0243383
8 -0.0481705 -0.7605455 -0.0090209
5
-114.654     ts77     dynamics     sesquiterpene     TS     runpoint      6     runisomer      86
6 -0.0042456 0.6322710 0.0246199
1 -0.3570975 1.2669675 0.8784690
1 -0.3327261 1.0512424 -1.0018383
1 1.1524470 0.1645828 -0.0481013
8 -0.0539223 -0.7678689 -0.0076682
5
-114.662     ts77     dynamics     sesquiterpene     TS     runpoint      7     runisomer      86
6 0.0115437 0.6268706 0.0292268
1 -0.3924797 1.2750497 0.8547537
1 -0.3591758 1.1000590 -1.0423517
1 1.1352164 0.2881696 -0.0685478
8 -0.0607876 -0.7751892 -0.0057886
5
-114.669     ts77     dynamics     sesquiterpene     TS     runpoint      8     runisomer      86
6 0.0277634 0.6208529 0.0308876
1 -0.4202017 1.2716339 0.8284841
1 -0.3749811 1.1396413 -1.0575446
1 1.1115608 0.4368139 -0.0844918
8 -0.0687248 -0.7823177 -0.0034178
5
-114.676     ts77     dynamics     sesquiterpene     TS     runpoint      9     runisomer      86
6 0.0430974 0.6149522 0.0293777
1 -0.4397060 1.2563701 0.8013252
1 -0.3791074 1.1654541 -1.0454848
1 1.0921866 0.6034612 -0.0957803
8 -0.0775217 -0.7890552 -0.0006223
5
-114.683     ts77     dynamics     sesquiterpene     TS     runpoint      10     runisomer      86
6 0.0563119 0.6095976 0.0248690
1 -0.4521761 1.2303494 0.7759361
1 -0.3721880 1.1744168 -1.0081509
1 1.0885853 0.7810086 -0.1032952
8 -0.0868621 -0.7951494 0.0024822
5
-114.654160 ts77 dynamics sesquiterpene TS runpoint 1  runisomer  86
6 -0.0489561 0.6265214 0.0094595
1 -0.1420970 1.1321064 0.9493233
1 -0.2339652 0.9952865 -0.9914496
1 1.0237036 -0.0852142 0.0758485
8 -0.0320334 -0.7357955 -0.0092218
5
-114.646 ts77 dynamics sesquiterpene TS runpoint 2  runisomer  86
6 -0.0510667 0.62011 0.0108144
1 -0.107896 1.10872 0.961755
1 -0.236338 1.04472 -1.05884
1 0.959079 -0.0976815 0.097017
8 -0.0283839 -0.731841 -0.00810928
5
-114.643     ts77     dynamics     sesquiterpene     TS     runpoint      3     runisomer      86
6 -0.0530462 0.6150009 0.0097546
1 -0.0798056 1.0925217 0.9760525
1 -0.2376323 1.0953593 -1.1023437
1 0.8979106 -0.1140422 0.1159524
8 -0.0247346 -0.7291460 -0.0066668
5
-114.636     ts77     dynamics     sesquiterpene     TS     runpoint      4     runisomer      86
6 -0.0559640 0.6126102 0.0058161
1 -0.0578143 1.0833397 0.9897262
1 -0.2363416 1.1407662 -1.1131837
1 0.8542384 -0.1417509 0.1338973
8 -0.0212625 -0.7278878 -0.0050211
5
-114.631     ts77     dynamics     sesquiterpene     TS     runpoint      5     runisomer      86
6 -0.0606129 0.6140652 -0.0008589
1 -0.0414280 1.0799000 0.9989698
1 -0.2320557 1.1767503 -1.0891604
1 0.8393723 -0.1871915 0.1530844
8 -0.0181431 -0.7281664 -0.0033184
5
-114.636     ts77     dynamics     sesquiterpene     TS     runpoint      6     runisomer      86
6 -0.0672917 0.6198941 -0.0097787
1 -0.0297983 1.0806362 1.0002802
1 -0.2251014 1.2009139 -1.0325476
1 0.8557357 -0.2551147 0.1755495
8 -0.0153365 -0.7298275 -0.0016910
5
-114.652     ts77     dynamics     sesquiterpene     TS     runpoint      7     runisomer      86
6 -0.0758717 0.6298329 -0.0200696
1 -0.0218204 1.0842575 0.9916981
1 -0.2166485 1.2135660 -0.9511755
1 0.8952836 -0.3495487 0.2017950
8 -0.0124300 -0.7323594 -0.0002107
5
-114.673     ts77     dynamics     sesquiterpene     TS     runpoint      8     runisomer      86
6 -0.0859550 0.6426837 -0.0301819
1 -0.0162838 1.0900173 0.9735618
1 -0.2091893 1.2206870 -0.8624232
1 0.9432671 -0.4730948 0.2303907
8 -0.0087105 -0.7350263 0.0011235
5
-114.686     ts77     dynamics     sesquiterpene     TS     runpoint      9     runisomer      86
6 -0.0968819 0.6561118 -0.0376402
1 -0.0120488 1.0978479 0.9489052
1 -0.2068195 1.2377624 -0.7964088
1 0.9839011 -0.6234854 0.2585598
8 -0.0034931 -0.7371921 0.0023386
5
-114.687     ts77     dynamics     sesquiterpene     TS     runpoint      10     runisomer      86
6 -0.1079014 0.6673974 -0.0401835
1 -0.0080941 1.1085009 0.9234372
1 -0.2130816 1.2829650 -0.7825862
1 1.0045020 -0.7921136 0.2830684
8 0.0036180 -0.7385515 0.0034372
5
-114.693     ts77     dynamics     sesquiterpene     TS     runpoint      11     runisomer      86
6 -0.1186336 0.6757507 -0.0383872
1 -0.0034351 1.1234975 0.9044218
1 -0.2264852 1.3523789 -0.8182151
1 0.9973055 -0.9661856 0.3010439
8 0.0126712 -0.7391691 0.0043993
5
-114.7     ts77     dynamics     sesquiterpene     TS     runpoint      12     runisomer      86
6 -0.1290362 0.6822857 -0.0348321
1 0.0027784 1.1442994 0.8974762
1 -0.2420012 1.4220817 -0.8756515
1 0.9598424 -1.1318918 0.3106083
8 0.0234182 -0.7393321 0.0051857
5
-114.694     ts77     dynamics     sesquiterpene     TS     runpoint      13     runisomer      86
6 -0.1390430 0.6880556 -0.0313533
1 0.0108728 1.1707115 0.9030253
1 -0.2554648 1.4725201 -0.9317651
1 0.8943527 -1.2770077 0.3111957
8 0.0353866 -0.7393579 0.0057251
5
-114.68     ts77     dynamics     sesquiterpene     TS     runpoint      14     runisomer      86
6 -0.1484928 0.6935941 -0.0284853
1 0.0204065 1.2001340 0.9160024
1 -0.2644548 1.4942360 -0.9740709
1 0.8065979 -1.3926434 0.3036077
8 0.0479684 -0.7394474 0.0058998
5
-114.667     ts77     dynamics     sesquiterpene     TS     runpoint      15     runisomer      86
6 -0.1571944 0.6991148 -0.0260415
1 0.0304071 1.2285464 0.9289793
1 -0.2677580 1.4840639 -0.9968089
1 0.7045783 -1.4744436 0.2899805
8 0.0604985 -0.7395821 0.0055411
5
-114.658     ts77     dynamics     sesquiterpene     TS     runpoint      16     runisomer      86
6 -0.1649973 0.7045979 -0.0236357
1 0.0398438 1.2520929 0.9355455
1 -0.2649964 1.4421542 -0.9979776
1 0.5975058 -1.5239436 0.2738990
8 0.0723282 -0.7394174 0.0044090
5
-114.656     ts77     dynamics     sesquiterpene     TS     runpoint      17     runisomer      86
6 -0.1718268 0.7097404 -0.0208621
1 0.0479658 1.2681042 0.9319969
1 -0.2565535 1.3712711 -0.9787809
1 0.4945942 -1.5500981 0.2605941
8 0.0828897 -0.7381671 0.0021802
5
-114.658     ts77     dynamics     sesquiterpene     TS     runpoint      18     runisomer      86
6 -0.1776761 0.7138430 -0.0171732
1 0.0544718 1.2755888 0.9177270
1 -0.2436480 1.2780035 -0.9455482
1 0.4023685 -1.5680913 0.2564583
8 0.0918633 -0.7347040 -0.0015219
5
-114.662     ts77     dynamics     sesquiterpene     TS     runpoint      19     runisomer      86
6 -0.1825959 0.7156941 -0.0115270
1 0.0596723 1.2756093 0.8951793
1 -0.2282875 1.1747691 -0.9139353
1 0.3206722 -1.5902188 0.2666630
8 0.0994032 -0.7281927 -0.0069721
5
-114.662     ts77     dynamics     sesquiterpene     TS     runpoint      20     runisomer      86
6 -0.1867549 0.7137686 -0.0023097
1 0.0647068 1.2715777 0.8696376
1 -0.2125705 1.0781062 -0.9097276
1 0.2427027 -1.6144575 0.2922220
8 0.1061250 -0.7188746 -0.0141534
5
-114.662     ts77     dynamics     sesquiterpene     TS     runpoint      21     runisomer      86
6 -0.1905597 0.7071969 0.0111342
1 0.0717032 1.2690147 0.8485298
1 -0.1972026 0.9977726 -0.9501316
1 0.1612024 -1.6273923 0.3303837
8 0.1127021 -0.7079043 -0.0227679
5
-114.67     ts77     dynamics     sesquiterpene     TS     runpoint      22     runisomer      86
6 -0.1945691 0.6963106 0.0266804
1 0.0833161 1.2737731 0.8389913
1 -0.1817394 0.9313145 -1.0198151
1 0.0728416 -1.6159908 0.3772359
8 0.1195674 -0.6965651 -0.0323920
5
-114.678     ts77     dynamics     sesquiterpene     TS     runpoint      23     runisomer      86
6 -0.1991584 0.6819058 0.0413087
1 0.1010962 1.2884004 0.8432197
1 -0.1663676 0.8752139 -1.0886714
1 -0.0218829 -1.5733876 0.4290700
8 0.1268857 -0.6858262 -0.0425613
5
-114.682     ts77     dynamics     sesquiterpene     TS     runpoint      24     runisomer      86
6 -0.2043570 0.6649711 0.0533189
1 0.1239950 1.3096876 0.8561811
1 -0.1519919 0.8299664 -1.1357771
1 -0.1201003 -1.4988623 0.4825535
8 0.1346229 -0.6763039 -0.0527897
5
-114.684     ts77     dynamics     sesquiterpene     TS     runpoint      25     runisomer      86
6 -0.2099318 0.6467342 0.0622315
1 0.1489003 1.3306022 0.8691863
1 -0.1397055 0.7980567 -1.1518256
1 -0.2176867 -1.3963926 0.5346667
8 0.1426075 -0.6683830 -0.0625684
5
-114.685     ts77     dynamics     sesquiterpene     TS     runpoint      26     runisomer      86
6 -0.2155437 0.6285346 0.0680210
1 0.1722994 1.3440939 0.8748161
1 -0.1306396 0.7823206 -1.1348314
1 -0.3098571 -1.2731658 0.5824874
8 0.1505770 -0.6623496 -0.0713492
5
-114.686     ts77     dynamics     sesquiterpene     TS     runpoint      27     runisomer      86
6 -0.2208532 0.6117000 0.0707372
1 0.1913763 1.3452994 0.8690566
1 -0.1259630 0.7854211 -1.0875450
1 -0.3912905 -1.1381968 0.6227675
8 0.1581912 -0.6584929 -0.0785406
5
-114.685     ts77     dynamics     sesquiterpene     TS     runpoint      28     runisomer      86
6 -0.2255802 0.5974481 0.0705748
1 0.2043705 1.3320123 0.8513674
1 -0.1267837 0.8097232 -1.0175293
1 -0.4565106 -1.0015128 0.6520321
8 0.1650765 -0.6571048 -0.0835599
5
-114.682     ts77     dynamics     sesquiterpene     TS     runpoint      29     runisomer      86
6 -0.2295727 0.5867043 0.0681765
1 0.2107419 1.3046464 0.8244104
1 -0.1337749 0.8573877 -0.9391393
1 -0.5012746 -0.8734961 0.6678307
8 0.1709293 -0.6583879 -0.0859964
5
-114.676     ts77     dynamics     sesquiterpene     TS     runpoint      30     runisomer      86
6 -0.2328642 0.5797841 0.0647675
1 0.2115087 1.2663476 0.7941751
1 -0.1467709 0.9307810 -0.8739039
1 -0.5243572 -0.7635504 0.6703124
8 0.1756198 -0.6623336 -0.0857986
5
-114.667     ts77     dynamics     sesquiterpene     TS     runpoint      31     runisomer      86
6 -0.2356247 0.5763274 0.0612997
1 0.2097631 1.2230779 0.7701009
1 -0.1654743 1.0309857 -0.8402823
1 -0.5284379 -0.6788167 0.6629314
8 0.1792338 -0.6686658 -0.0833324
5
-114.663     ts77     dynamics     sesquiterpene     TS     runpoint      32     runisomer      86
6 -0.2380204 0.5760458 0.0570106
1 0.2104419 1.1824937 0.7634711
1 -0.1907019 1.1510658 -0.8363967
1 -0.5194820 -0.6240994 0.6519796
8 0.1820106 -0.6769109 -0.0792492
5
-114.663     ts77     dynamics     sesquiterpene     TS     runpoint      33     runisomer      86
6 -0.2401238 0.5793636 0.0501138
1 0.2176876 1.1503013 0.7822455
1 -0.2229299 1.2747338 -0.8448134
1 -0.5045970 -0.6024073 0.6448918
8 0.1842232 -0.6865296 -0.0742782
5
-114.661     ts77     dynamics     sesquiterpene     TS     runpoint      34     runisomer      86
6 -0.2417894 0.5870551 0.0397411
1 0.2309249 1.1263118 0.8251312
1 -0.2605782 1.3854945 -0.8501222
1 -0.4890970 -0.6149800 0.6475373
8 0.1860312 -0.6969745 -0.0690275
5
-114.661     ts77     dynamics     sesquiterpene     TS     runpoint      35     runisomer      86
6 -0.2426320 0.5996474 0.0264278
1 0.2446412 1.1056444 0.8817474
1 -0.3006000 1.4721077 -0.8442418
1 -0.4743277 -0.6608363 0.6616948
8 0.1873878 -0.7076878 -0.0638678
5
-114.664     ts77     dynamics     sesquiterpene     TS     runpoint      36     runisomer      86
6 -0.2422639 0.6170471 0.0114705
1 0.2521514 1.0835571 0.9387734
1 -0.3396181 1.5283042 -0.8244232
1 -0.4576737 -0.7365121 0.6843507
8 0.1880453 -0.7181233 -0.0589138
5
-114.668     ts77     dynamics     sesquiterpene     TS     runpoint      37     runisomer      86
6 -0.2404532 0.6385229 -0.0036773
1 0.2485471 1.0580506 0.9850974
1 -0.3746811 1.5514986 -0.7912763
1 -0.4346175 -0.8359884 0.7091899
8 0.1876672 -0.7278214 -0.0541195
5
-114.674     ts77     dynamics     sesquiterpene     TS     runpoint      38     runisomer      86
6 -0.2371102 0.6628439 -0.0176061
1 0.2313193 1.0296678 1.0134562
1 -0.4038605 1.5427177 -0.7483656
1 -0.4012971 -0.9508669 0.7291151
8 0.1859807 -0.7364867 -0.0494141
5
-114.68     ts77     dynamics     sesquiterpene     TS     runpoint      39     runisomer      86
6 -0.2321805 0.6883034 -0.0288831
1 0.1999993 1.0005751 1.0203857
1 -0.4271164 1.5084301 -0.7034334
1 -0.3561013 -1.0712370 0.7383959
8 0.1828712 -0.7440092 -0.0448041
5
-114.682     ts77     dynamics     sesquiterpene     TS     runpoint      40     runisomer      86
6 -0.2254984 0.7125674 -0.0359075
1 0.1558963 0.9739589 1.0062920
1 -0.4477782 1.4637153 -0.6707386
1 -0.3000054 -1.1871042 0.7338437
8 0.1784007 -0.7504176 -0.0404169
5
-114.676     ts77     dynamics     sesquiterpene     TS     runpoint      41     runisomer      86
6 -0.2167150 0.7328411 -0.0371297
1 0.1022089 0.9538469 0.9766262
1 -0.4734919 1.4307615 -0.6701805
1 -0.2360560 -1.2899321 0.7151173
8 0.1727829 -0.7558061 -0.0364847
5
-114.668     ts77     dynamics     sesquiterpene     TS     runpoint      42     runisomer      86
6 -0.2057287 0.7473090 -0.0324796
1 0.0441392 0.9451548 0.9443895
1 -0.5113149 1.4214011 -0.7131520
1 -0.1684651 -1.3738425 0.6844674
8 0.1663216 -0.7602362 -0.0333027
5
-114.667     ts77     dynamics     sesquiterpene     TS     runpoint      43     runisomer      86
6 -0.1933139 0.7563159 -0.0247568
1 -0.0124858 0.9533595 0.9306617
1 -0.5586663 1.4225272 -0.7866423
1 -0.1016636 -1.4362274 0.6462523
8 0.1593479 -0.7636507 -0.0311932
5
-114.665     ts77     dynamics     sesquiterpene     TS     runpoint      44     runisomer      86
6 -0.1804872 0.7609502 -0.0175577
1 -0.0654430 0.9822803 0.9530931
1 -0.6063664 1.4142369 -0.8660380
1 -0.0395391 -1.4778003 0.6063922
8 0.1521506 -0.7658085 -0.0304927
5
-114.662     ts77     dynamics     sesquiterpene     TS     runpoint      45     runisomer      86
6 -0.1676562 0.7620524 -0.0121241
1 -0.1179909 1.0300604 1.0062168
1 -0.6466699 1.3853753 -0.9324769
1 0.0151988 -1.5020552 0.5715709
8 0.1449248 -0.7663008 -0.0315366
5
-114.66     ts77     dynamics     sesquiterpene     TS     runpoint      46     runisomer      86
6 -0.1549100 0.7603237 -0.0074803
1 -0.1735128 1.0890245 1.0660779
1 -0.6751580 1.3327858 -0.9754732
1 0.0615103 -1.5136606 0.5478996
8 0.1377366 -0.7646763 -0.0345922
5
-114.657     ts77     dynamics     sesquiterpene     TS     runpoint      47     runisomer      86
6 -0.1424156 0.7563069 -0.0023788
1 -0.2320188 1.1500910 1.1108341
1 -0.6897123 1.2576520 -0.9902324
1 0.1000700 -1.5158405 0.5392508
8 0.1305362 -0.7606394 -0.0397640
5
-114.657     ts77     dynamics     sesquiterpene     TS     runpoint      48     runisomer      86
6 -0.1304087 0.7503252 0.0039170
1 -0.2912914 1.2057334 1.1282935
1 -0.6897641 1.1636439 -0.9758684
1 0.1326390 -1.5083645 0.5462151
8 0.1232121 -0.7542054 -0.0469314
5
-114.663     ts77     dynamics     sesquiterpene     TS     runpoint      49     runisomer      86
6 -0.1190630 0.7425054 0.0117996
1 -0.3484129 1.2504527 1.1139651
1 -0.6765681 1.0565703 -0.9355725
1 0.1611769 -1.4880389 0.5664926
8 0.1156677 -0.7456906 -0.0557582
5
-114.675     ts77     dynamics     sesquiterpene     TS     runpoint      50     runisomer      86
6 -0.1083336 0.7328127 0.0216724
1 -0.4005181 1.2804911 1.0684449
1 -0.6545846 0.9445771 -0.8786292
1 0.1873299 -1.4511524 0.5962569
8 0.1078670 -0.7355808 -0.0657589
5
-114.686     ts77     dynamics     sesquiterpene     TS     runpoint      51     runisomer      86
6 -0.0977963 0.7211338 0.0341696
1 -0.4453033 1.2938750 0.9965709
1 -0.6331700 0.8375633 -0.8226805
1 0.2123722 -1.3957999 0.6314456
8 0.0998541 -0.7244079 -0.0763483
5
-114.691     ts77     dynamics     sesquiterpene     TS     runpoint      52     runisomer      86
6 -0.0867499 0.7074646 0.0497445
1 -0.4819473 1.2912951 0.9082000
1 -0.6246401 0.7445173 -0.7899066
1 0.2373219 -1.3229938 0.6685393
8 0.0917645 -0.7127158 -0.0868655
5
-114.691     ts77     dynamics     sesquiterpene     TS     runpoint      53     runisomer      86
6 -0.0748854 0.6919639 0.0672603
1 -0.5128750 1.2778241 0.8194512
1 -0.6345547 0.6712337 -0.7914394
1 0.2630206 -1.2365995 0.7048244
8 0.0838167 -0.7010647 -0.0966034
5
-114.687     ts77     dynamics     sesquiterpene     TS     runpoint      54     runisomer      86
6 -0.0625921 0.6746446 0.0835243
1 -0.5452953 1.2634970 0.7506716
1 -0.6557911 0.6222567 -0.8187404
1 0.2900935 -1.1424715 0.7381804
8 0.0762688 -0.6900147 -0.1048517
5
-114.676     ts77     dynamics     sesquiterpene     TS     runpoint      55     runisomer      86
6 -0.0504903 0.6556750 0.0953305
1 -0.5876539 1.2574818 0.7165414
1 -0.6768376 0.6016946 -0.8563708
1 0.3188166 -1.0473350 0.7665205
8 0.0693749 -0.6801039 -0.1109731
5
-114.665     ts77     dynamics     sesquiterpene     TS     runpoint      56     runisomer      86
6 -0.0395463 0.6363024 0.1013035
1 -0.6403789 1.2582337 0.7162236
1 -0.6892222 0.6114480 -0.8928426
1 0.3490152 -0.9580244 0.7875198
8 0.0633644 -0.6718604 -0.1144577
5
-114.658     ts77     dynamics     sesquiterpene     TS     runpoint      57     runisomer      86
6 -0.0311289 0.6187126 0.1015649
1 -0.6947086 1.2553171 0.7384914
1 -0.6879935 0.6506165 -0.9213310
1 0.3801481 -0.8810127 0.7991582
8 0.0584333 -0.6658014 -0.1149939
5
-114.652     ts77     dynamics     sesquiterpene     TS     runpoint      58     runisomer      86
6 -0.0264672 0.6050675 0.0966901
1 -0.7405296 1.2391504 0.7721606
1 -0.6702580 0.7158608 -0.9376544
1 0.4115752 -0.8218085 0.8006274
8 0.0547244 -0.6623867 -0.1125211
5
-114.65     ts77     dynamics     sesquiterpene     TS     runpoint      59     runisomer      86
6 -0.0263204 0.5969724 0.0873125
1 -0.7708874 1.2049483 0.8095752
1 -0.6344145 0.8018218 -0.9391845
1 0.4428277 -0.7842157 0.7927961
8 0.0522983 -0.6619437 -0.1072520
5
-114.656     ts77     dynamics     sesquiterpene     TS     runpoint      60     runisomer      86
6 -0.0309532 0.5953498 0.0741797
1 -0.7820863 1.1518970 0.8457722
1 -0.5803358 0.9016773 -0.9250157
1 0.4737699 -0.7698524 0.7780580
8 0.0511218 -0.6645820 -0.0996423
5
-114.67     ts77     dynamics     sesquiterpene     TS     runpoint      61     runisomer      86
6 -0.0401590 0.6003708 0.0583034
1 -0.7728879 1.0818855 0.8772693
1 -0.5100139 1.0081814 -0.8969722
1 0.5046119 -0.7780627 0.7597449
8 0.0510744 -0.6701315 -0.0903265
