5
-114.654160 ts77 dynamics sesquiterpene TS runpoint 1  runisomer  45
6 -0.0605251 0.6467133 0.0064287
1 -0.1878907 1.1386939 0.9746538
1 -0.0944966 1.0571701 -0.9608615
1 1.0369345 -0.0739164 -0.0836851
8 -0.0300899 -0.7559704 -0.0004197
5
-114.644 ts77 dynamics sesquiterpene TS runpoint 2  runisomer  45
6 -0.0550027 0.651711 0.00404286
1 -0.193353 1.17496 0.952109
1 -0.111157 1.02025 -0.890193
1 1.00894 -0.0448218 -0.0608583
8 -0.031075 -0.761511 -0.00310027
5
-114.637     ts77     dynamics     sesquiterpene     TS     runpoint      3     runisomer      45
6 -0.0476738 0.6537080 0.0056158
1 -0.2015673 1.2110116 0.9252017
1 -0.1373096 1.0121093 -0.8680173
1 0.9751138 -0.0105300 -0.0353208
8 -0.0322771 -0.7669285 -0.0055904
5
-114.635     ts77     dynamics     sesquiterpene     TS     runpoint      4     runisomer      45
6 -0.0385623 0.6522220 0.0119298
1 -0.2125780 1.2453513 0.8971141
1 -0.1754421 1.0369880 -0.9077634
1 0.9446869 0.0321204 -0.0077690
8 -0.0340995 -0.7722330 -0.0077876
5
-114.647     ts77     dynamics     sesquiterpene     TS     runpoint      5     runisomer      45
6 -0.0283518 0.6484368 0.0198256
1 -0.2267049 1.2770446 0.8718374
1 -0.2217076 1.0795165 -0.9764415
1 0.9292026 0.0865631 0.0210652
8 -0.0369796 -0.7775005 -0.0096075
5
-114.653     ts77     dynamics     sesquiterpene     TS     runpoint      6     runisomer      45
6 -0.0181212 0.6436710 0.0261355
1 -0.2443789 1.3049369 0.8520375
1 -0.2686059 1.1229973 -1.0392058
1 0.9402131 0.1558489 0.0505193
8 -0.0412817 -0.7827888 -0.0109947
5
-114.651     ts77     dynamics     sesquiterpene     TS     runpoint      7     runisomer      45
6 -0.0086914 0.6386100 0.0293724
1 -0.2658685 1.3269101 0.8379722
1 -0.3098911 1.1577082 -1.0783176
1 0.9842301 0.2424430 0.0799737
8 -0.0471758 -0.7880207 -0.0119277
5
-114.653     ts77     dynamics     sesquiterpene     TS     runpoint      8     runisomer      45
6 -0.0001298 0.6333986 0.0292080
1 -0.2911414 1.3399699 0.8281714
1 -0.3414642 1.1788636 -1.0874477
1 1.0565952 0.3483408 0.1084346
8 -0.0545780 -0.7929407 -0.0124055
5
-114.662     ts77     dynamics     sesquiterpene     TS     runpoint      9     runisomer      45
6 0.0083035 0.6280385 0.0258919
1 -0.3198089 1.3409586 0.8207846
1 -0.3608073 1.1841102 -1.0657448
1 1.1410578 0.4733095 0.1340675
8 -0.0632033 -0.7971874 -0.0124359
5
-114.672     ts77     dynamics     sesquiterpene     TS     runpoint      10     runisomer      45
6 0.0175831 0.6227784 0.0199470
1 -0.3510584 1.3273269 0.8145491
1 -0.3665541 1.1724888 -1.0155687
1 1.2179856 0.6126695 0.1545671
8 -0.0726813 -0.8004303 -0.0120367
5
-114.68     ts77     dynamics     sesquiterpene     TS     runpoint      11     runisomer      45
6 0.0283739 0.6180733 0.0121144
1 -0.3836541 1.2977036 0.8091877
1 -0.3587158 1.1447828 -0.9429829
1 1.2724930 0.7583034 0.1680553
8 -0.0826517 -0.8024645 -0.0112473
5
-114.685     ts77     dynamics     sesquiterpene     TS     runpoint      12     runisomer      45
6 0.0410447 0.6142060 0.0035608
1 -0.4161229 1.2522339 0.8054120
1 -0.3400933 1.1053776 -0.8606825
1 1.2965123 0.9012563 0.1735904
8 -0.0927997 -0.8032241 -0.0101276
5
-114.682     ts77     dynamics     sesquiterpene     TS     runpoint      13     runisomer      45
6 0.0560971 0.6108782 -0.0036734
1 -0.4472693 1.1923102 0.8042857
1 -0.3191390 1.0655906 -0.7925769
1 1.2872641 1.0334286 0.1709320
8 -0.1028685 -0.8027734 -0.0087546
5
-114.671     ts77     dynamics     sesquiterpene     TS     runpoint      14     runisomer      45
6 0.0743359 0.6072033 -0.0064670
1 -0.4768197 1.1218591 0.8060771
1 -0.3103306 1.0409288 -0.7715031
1 1.2457524 1.1477625 0.1593835
8 -0.1126312 -0.8012276 -0.0073732
5
-114.664     ts77     dynamics     sesquiterpene     TS     runpoint      15     runisomer      45
6 0.0955734 0.6030093 -0.0039880
1 -0.5032998 1.0445327 0.8116624
1 -0.3212197 1.0391972 -0.8098775
1 1.1757740 1.2382530 0.1410076
8 -0.1218013 -0.7988030 -0.0060101
5
-114.68     ts77     dynamics     sesquiterpene     TS     runpoint      16     runisomer      45
6 0.1189304 0.5992573 0.0012101
1 -0.5298006 0.9618879 0.8188916
1 -0.3470785 1.0488003 -0.8807781
1 1.0851346 1.3016441 0.1196524
8 -0.1303154 -0.7953814 -0.0045535
5
-114.686     ts77     dynamics     sesquiterpene     TS     runpoint      17     runisomer      45
6 0.1418126 0.5971611 0.0064788
1 -0.5559014 0.8778056 0.8260816
1 -0.3748300 1.0559187 -0.9537910
1 0.9859722 1.3365972 0.0984704
8 -0.1378421 -0.7911625 -0.0030265
5
-114.677     ts77     dynamics     sesquiterpene     TS     runpoint      18     runisomer      45
6 0.1616271 0.5967746 0.0101563
1 -0.5803847 0.7959058 0.8311239
1 -0.3966887 1.0541972 -1.0108090
1 0.8953620 1.3485684 0.0812490
8 -0.1440786 -0.7863600 -0.0014279
5
-114.654160 ts77 dynamics sesquiterpene TS runpoint 1  runisomer  45
6 -0.0605251 0.6467133 0.0064287
1 -0.1878907 1.1386939 0.9746538
1 -0.0944966 1.0571701 -0.9608615
1 1.0369345 -0.0739164 -0.0836851
8 -0.0300899 -0.7559704 -0.0004197
5
-114.644 ts77 dynamics sesquiterpene TS runpoint 2  runisomer  45
6 -0.0643758 0.640245 0.00962106
1 -0.18532 1.10433 0.991279
1 -0.0844102 1.10631 -1.03964
1 1.05258 -0.100527 -0.103236
8 -0.0289842 -0.750372 0.00233325
5
-114.64     ts77     dynamics     sesquiterpene     TS     runpoint      3     runisomer      45
6 -0.0666923 0.6335858 0.0114651
1 -0.1858237 1.0741563 1.0016246
1 -0.0796800 1.1547548 -1.0987572
1 1.0517724 -0.1274980 -0.1191344
8 -0.0274617 -0.7448283 0.0050243
5
-114.632     ts77     dynamics     sesquiterpene     TS     runpoint      4     runisomer      45
6 -0.0677488 0.6276804 0.0110846
1 -0.1895358 1.0502643 1.0060164
1 -0.0796972 1.1951703 -1.1259258
1 1.0326705 -0.1586883 -0.1312353
8 -0.0252307 -0.7394731 0.0075065
5
-114.629     ts77     dynamics     sesquiterpene     TS     runpoint      5     runisomer      45
6 -0.0680617 0.6233959 0.0083172
1 -0.1964613 1.0342164 1.0050617
1 -0.0838498 1.2234219 -1.1172267
1 0.9958456 -0.1997864 -0.1397095
8 -0.0219786 -0.7344383 0.0096297
5
-114.634     ts77     dynamics     sesquiterpene     TS     runpoint      6     runisomer      45
6 -0.0684143 0.6216453 0.0033896
1 -0.2064194 1.0268845 0.9994112
1 -0.0913414 1.2370797 -1.0731026
1 0.9451714 -0.2585037 -0.1452388
8 -0.0174234 -0.7298230 0.0112512
5
-114.648     ts77     dynamics     sesquiterpene     TS     runpoint      7     runisomer      45
6 -0.0697424 0.6232551 -0.0031283
1 -0.2190542 1.0283609 0.9897296
1 -0.1011705 1.2354404 -0.9979435
1 0.8902674 -0.3426044 -0.1495114
8 -0.0115520 -0.7257214 0.0122851
5
-114.666     ts77     dynamics     sesquiterpene     TS     runpoint      8     runisomer      45
6 -0.0727795 0.6284919 -0.0101511
1 -0.2339610 1.0379765 0.9769033
1 -0.1123780 1.2215464 -0.9030208
1 0.8517508 -0.4541614 -0.1564431
8 -0.0052011 -0.7223507 0.0128184
5
-114.676     ts77     dynamics     sesquiterpene     TS     runpoint      9     runisomer      45
6 -0.0776282 0.6362892 -0.0156591
1 -0.2508607 1.0544054 0.9623026
1 -0.1246945 1.2069667 -0.8125007
1 0.8619949 -0.5869069 -0.1730858
8 -0.0003688 -0.7199527 0.0132155
5
-114.681     ts77     dynamics     sesquiterpene     TS     runpoint      10     runisomer      45
6 -0.0836942 0.6440096 -0.0166672
1 -0.2696610 1.0758262 0.9479829
1 -0.1392586 1.2147090 -0.7643686
1 0.9268947 -0.7383739 -0.2022205
8 0.0021944 -0.7180391 0.0136783
5
-114.69     ts77     dynamics     sesquiterpene     TS     runpoint      11     runisomer      45
6 -0.0901915 0.6495451 -0.0116388
1 -0.2903914 1.1002325 0.9366842
1 -0.1571813 1.2599968 -0.7813892
1 1.0008875 -0.9041695 -0.2348376
8 0.0048411 -0.7161361 0.0137456
5
-114.701     ts77     dynamics     sesquiterpene     TS     runpoint      12     runisomer      45
6 -0.0966924 0.6537110 -0.0029017
1 -0.3130068 1.1257261 0.9310326
1 -0.1764449 1.3251389 -0.8410358
1 1.0458993 -1.0686381 -0.2619441
8 0.0095191 -0.7146091 0.0130140
5
-114.695     ts77     dynamics     sesquiterpene     TS     runpoint      13     runisomer      45
6 -0.1030222 0.6581466 0.0063614
1 -0.3370395 1.1504039 0.9319310
1 -0.1938281 1.3838250 -0.9091496
1 1.0494060 -1.2161557 -0.2797131
8 0.0166556 -0.7138941 0.0114196
5
-114.677     ts77     dynamics     sesquiterpene     TS     runpoint      14     runisomer      45
6 -0.1090441 0.6636046 0.0142889
1 -0.3614673 1.1720593 0.9379597
1 -0.2073397 1.4212029 -0.9648796
1 1.0120506 -1.3357480 -0.2873440
8 0.0259177 -0.7141720 0.0090852
5
-114.66     ts77     dynamics     sesquiterpene     TS     runpoint      15     runisomer      45
6 -0.1146138 0.6702204 0.0200874
1 -0.3849907 1.1881877 0.9462088
1 -0.2161747 1.4316744 -0.9983904
1 0.9383282 -1.4196871 -0.2851258
8 0.0367806 -0.7155212 0.0061872
5
-114.653     ts77     dynamics     sesquiterpene     TS     runpoint      16     runisomer      45
6 -0.1195775 0.6779359 0.0234668
1 -0.4065122 1.1963687 0.9535721
1 -0.2202051 1.4141350 -1.0055102
1 0.8333362 -1.4618073 -0.2738039
8 0.0487303 -0.7180652 0.0029226
5
-114.659     ts77     dynamics     sesquiterpene     TS     runpoint      17     runisomer      45
6 -0.1237833 0.6865351 0.0243736
1 -0.4254665 1.1947883 0.9577529
1 -0.2197454 1.3698941 -0.9854036
1 0.7048153 -1.4596484 -0.2554390
8 0.0611477 -0.7217640 -0.0004442
5
-114.673     ts77     dynamics     sesquiterpene     TS     runpoint      18     runisomer      45
6 -0.1271065 0.6954153 0.0230112
1 -0.4418559 1.1827142 0.9577858
1 -0.2155655 1.3029112 -0.9411488
1 0.5711403 -1.4257838 -0.2368616
8 0.0728333 -0.7255776 -0.0033817
5
-114.674     ts77     dynamics     sesquiterpene     TS     runpoint      19     runisomer      45
6 -0.1294390 0.7033765 0.0201630
1 -0.4560914 1.1607550 0.9541594
1 -0.2091703 1.2221941 -0.8837248
1 0.4721742 -1.4122846 -0.2371923
8 0.0813114 -0.7259315 -0.0046138
5
-114.652     ts77     dynamics     sesquiterpene     TS     runpoint      20     runisomer      45
6 -0.1305906 0.7085762 0.0177629
1 -0.4689860 1.1309068 0.9486251
1 -0.2034051 1.1453011 -0.8391582
1 0.4368800 -1.4816175 -0.2791135
8 0.0848468 -0.7187380 -0.0026311
5
-114.659     ts77     dynamics     sesquiterpene     TS     runpoint      21     runisomer      45
6 -0.1302579 0.7091356 0.0185875
1 -0.4819187 1.0963768 0.9438640
1 -0.2023167 1.0944098 -0.8453839
1 0.4275009 -1.5802567 -0.3462313
8 0.0859329 -0.7075601 0.0016721
5
-114.659     ts77     dynamics     sesquiterpene     TS     runpoint      22     runisomer      45
6 -0.1282642 0.7048154 0.0229151
1 -0.4969089 1.0608113 0.9431394
1 -0.2079283 1.0754070 -0.9121077
1 0.4154473 -1.6478445 -0.4166557
8 0.0864933 -0.6966209 0.0071136
5
-114.657     ts77     dynamics     sesquiterpene     TS     runpoint      23     runisomer      45
6 -0.1247266 0.6970980 0.0273083
1 -0.5161351 1.0272333 0.9488889
1 -0.2186645 1.0750030 -1.0040287
1 0.3925174 -1.6621570 -0.4804719
8 0.0871702 -0.6877882 0.0132695
5
-114.655     ts77     dynamics     sesquiterpene     TS     runpoint      24     runisomer      45
6 -0.1199115 0.6874231 0.0286967
1 -0.5406469 0.9971551 0.9600537
1 -0.2324199 1.0809601 -1.0854516
1 0.3573673 -1.6184339 -0.5335813
8 0.0881810 -0.6817643 0.0200026
