5
-114.654160 ts77 dynamics sesquiterpene TS runpoint 1  runisomer  43
6 -0.0347915 0.6276670 0.0024303
1 -0.2145889 1.1985626 0.9360675
1 -0.2966039 1.1497404 -0.9585385
1 0.9857262 -0.0834349 0.0711426
8 -0.0317526 -0.7506870 -0.0048899
5
-114.652 ts77 dynamics sesquiterpene TS runpoint 2  runisomer  43
6 -0.0378889 0.636288 0.0054534
1 -0.206413 1.1635 0.959087
1 -0.27721 1.19632 -1.03946
1 1.03279 -0.047922 0.0478906
8 -0.0341317 -0.760119 -0.00204443
5
-114.644     ts77     dynamics     sesquiterpene     TS     runpoint      3     runisomer      43
6 -0.0401302 0.6450483 0.0067897
1 -0.2003727 1.1265076 0.9767676
1 -0.2530286 1.2305107 -1.0942479
1 1.0742814 -0.0010008 0.0228922
8 -0.0369685 -0.7694711 0.0008668
5
-114.636     ts77     dynamics     sesquiterpene     TS     runpoint      4     runisomer      43
6 -0.0406535 0.6528861 0.0058784
1 -0.1975832 1.0912658 0.9894954
1 -0.2247822 1.2493773 -1.1155153
1 1.1060074 0.0642214 -0.0033399
8 -0.0405309 -0.7784297 0.0037427
5
-114.634     ts77     dynamics     sesquiterpene     TS     runpoint      5     runisomer      43
6 -0.0387157 0.6588775 0.0025050
1 -0.1988251 1.0608502 0.9979895
1 -0.1942791 1.2521614 -1.1009280
1 1.1258867 0.1528265 -0.0299343
8 -0.0450820 -0.7867679 0.0064957
5
-114.642     ts77     dynamics     sesquiterpene     TS     runpoint      6     runisomer      43
6 -0.0337766 0.6624256 -0.0032095
1 -0.2045558 1.0372662 1.0023921
1 -0.1641720 1.2395635 -1.0519700
1 1.1329591 0.2665993 -0.0556841
8 -0.0507700 -0.7943191 0.0090447
5
-114.658     ts77     dynamics     sesquiterpene     TS     runpoint      7     runisomer      43
6 -0.0255439 0.6632370 -0.0106387
1 -0.2149422 1.0213755 1.0018885
1 -0.1383410 1.2146317 -0.9756128
1 1.1273945 0.4030498 -0.0789424
8 -0.0575704 -0.8009531 0.0113054
5
-114.675     ts77     dynamics     sesquiterpene     TS     runpoint      8     runisomer      43
6 -0.0140163 0.6610225 -0.0182722
1 -0.2298779 1.0130863 0.9951070
1 -0.1226153 1.1855141 -0.8890771
1 1.1121419 0.5556418 -0.0976498
8 -0.0653079 -0.8065494 0.0131857
5
-114.681     ts77     dynamics     sesquiterpene     TS     runpoint      9     runisomer      43
6 0.0005314 0.6550204 -0.0234020
1 -0.2490552 1.0116372 0.9810556
1 -0.1254672 1.1687024 -0.8242750
1 1.0943184 0.7156039 -0.1097495
8 -0.0737114 -0.8109735 0.0146003
5
-114.675     ts77     dynamics     sesquiterpene     TS     runpoint      10     runisomer      43
6 0.0177307 0.6443556 -0.0234064
1 -0.2721640 1.0158392 0.9602166
1 -0.1564062 1.1816246 -0.8133020
1 1.0824011 0.8748825 -0.1138712
8 -0.0824588 -0.8140884 0.0154853
5
-114.654160 ts77 dynamics sesquiterpene TS runpoint 1  runisomer  43
6 -0.0347915 0.6276670 0.0024303
1 -0.2145889 1.1985626 0.9360675
1 -0.2966039 1.1497404 -0.9585385
1 0.9857262 -0.0834349 0.0711426
8 -0.0317526 -0.7506870 -0.0048899
5
-114.652 ts77 dynamics sesquiterpene TS runpoint 2  runisomer  43
6 -0.0316238 0.62004 -0.0010989
1 -0.223531 1.22811 0.908594
1 -0.313058 1.09823 -0.868139
1 0.939853 -0.115243 0.0926747
8 -0.0296385 -0.741577 -0.00756377
5
-114.649     ts77     dynamics     sesquiterpene     TS     runpoint      3     runisomer      43
6 -0.0287476 0.6136429 -0.0029772
1 -0.2317902 1.2494959 0.8792907
1 -0.3339434 1.0568039 -0.7989541
1 0.9036570 -0.1513562 0.1132356
8 -0.0276798 -0.7332394 -0.0099633
5
-114.636     ts77     dynamics     sesquiterpene     TS     runpoint      4     runisomer      43
6 -0.0260185 0.6083279 -0.0009387
1 -0.2381249 1.2616567 0.8523657
1 -0.3712160 1.0427143 -0.7850375
1 0.8848867 -0.1995214 0.1342092
8 -0.0257977 -0.7260946 -0.0119935
5
-114.635     ts77     dynamics     sesquiterpene     TS     runpoint      5     runisomer      43
6 -0.0238366 0.6050417 0.0043942
1 -0.2418822 1.2653033 0.8328741
1 -0.4268382 1.0555560 -0.8269946
1 0.8874310 -0.2666745 0.1570976
8 -0.0238552 -0.7204370 -0.0135657
5
-114.65     ts77     dynamics     sesquiterpene     TS     runpoint      6     runisomer      43
6 -0.0234450 0.6055661 0.0097933
1 -0.2432127 1.2625142 0.8253485
1 -0.4883497 1.0785316 -0.8932586
1 0.9088305 -0.3586911 0.1827234
8 -0.0215389 -0.7163040 -0.0145826
5
-114.662     ts77     dynamics     sesquiterpene     TS     runpoint      7     runisomer      43
6 -0.0257549 0.6108308 0.0126011
1 -0.2427980 1.2557383 0.8323824
1 -0.5437136 1.0981464 -0.9559241
1 0.9401797 -0.4795370 0.2105957
8 -0.0183202 -0.7134482 -0.0149419
5
-114.671     ts77     dynamics     sesquiterpene     TS     runpoint      8     runisomer      43
6 -0.0310144 0.6207074 0.0115892
1 -0.2411803 1.2465547 0.8537189
1 -0.5864780 1.1080539 -0.9997198
1 0.9688883 -0.6287199 0.2388721
8 -0.0135915 -0.7115029 -0.0145509
5
-114.682     ts77     dynamics     sesquiterpene     TS     runpoint      9     runisomer      43
6 -0.0390200 0.6344468 0.0066044
1 -0.2382812 1.2349627 0.8859251
1 -0.6137945 1.1059242 -1.0174071
1 0.9823574 -0.7991380 0.2648924
8 -0.0068970 -0.7102084 -0.0133675
5
-114.692     ts77     dynamics     sesquiterpene     TS     runpoint      10     runisomer      43
6 -0.0493134 0.6510552 -0.0018047
1 -0.2335362 1.2198087 0.9230068
1 -0.6247750 1.0914190 -1.0062204
1 0.9708890 -0.9780294 0.2859750
8 0.0019397 -0.7095267 -0.0114318
5
-114.7     ts77     dynamics     sesquiterpene     TS     runpoint      11     runisomer      43
6 -0.0612582 0.6694556 -0.0126171
1 -0.2264022 1.1999472 0.9579408
1 -0.6203602 1.0657730 -0.9671942
1 0.9295290 -1.1501107 0.3001565
8 0.0127795 -0.7096213 -0.0088770
5
-114.703     ts77     dynamics     sesquiterpene     TS     runpoint      12     runisomer      43
6 -0.0739798 0.6884664 -0.0243422
1 -0.2167632 1.1751982 0.9843354
1 -0.6047917 1.0325552 -0.9073399
1 0.8585340 -1.3009692 0.3066480
8 0.0252095 -0.7107245 -0.0059265
5
-114.7     ts77     dynamics     sesquiterpene     TS     runpoint      13     runisomer      43
6 -0.0861183 0.7066477 -0.0347341
1 -0.2050724 1.1467086 0.9976821
1 -0.5889942 0.9993071 -0.8447723
1 0.7624845 -1.4195696 0.3059294
8 0.0386370 -0.7130026 -0.0028717
5
-114.684     ts77     dynamics     sesquiterpene     TS     runpoint      14     runisomer      43
6 -0.0956625 0.7222854 -0.0407034
1 -0.1923172 1.1168829 0.9963350
1 -0.5928481 0.9775450 -0.8111344
1 0.6489192 -1.4999772 0.2997492
8 0.0523932 -0.7164180 -0.0000422
5
-114.667     ts77     dynamics     sesquiterpene     TS     runpoint      15     runisomer      43
6 -0.1010498 0.7340563 -0.0402782
1 -0.1798936 1.0892017 0.9827074
1 -0.6324646 0.9743891 -0.8298302
1 0.5272609 -1.5433393 0.2914488
8 0.0658136 -0.7205745 0.0021961
5
-114.667     ts77     dynamics     sesquiterpene     TS     runpoint      16     runisomer      43
6 -0.1030240 0.7417505 -0.0354176
1 -0.1694189 1.0680329 0.9643576
1 -0.6981187 0.9837549 -0.8838056
1 0.4076303 -1.5606240 0.2866832
8 0.0783100 -0.7245161 0.0034041
