5
-114.654160 ts77 dynamics sesquiterpene TS runpoint 1  runisomer  181
6 -0.0298379 0.6333569 0.0086399
1 -0.1879012 1.2076412 0.9538417
1 -0.3386791 1.0444319 -0.9954010
1 0.9539986 -0.0741054 0.1307339
8 -0.0325009 -0.7494798 -0.0121008
5
-114.649 ts77 dynamics sesquiterpene TS runpoint 2  runisomer  181
6 -0.0230654 0.633617 -0.00103236
1 -0.229848 1.24969 1.01241
1 -0.371733 1.07748 -0.969222
1 1.01836 -0.04429 0.142797
8 -0.036911 -0.756285 -0.010944
5
-114.643     ts77     dynamics     sesquiterpene     TS     runpoint      3     runisomer      181
6 -0.0162340 0.6342954 -0.0097434
1 -0.2693538 1.2766095 1.0482738
1 -0.3990090 1.1109941 -0.9329177
1 1.0807895 -0.0028644 0.1506185
8 -0.0417612 -0.7632118 -0.0094480
5
-114.637     ts77     dynamics     sesquiterpene     TS     runpoint      4     runisomer      181
6 -0.0088161 0.6346971 -0.0162864
1 -0.3030461 1.2844638 1.0560489
1 -0.4199312 1.1440607 -0.8917852
1 1.1349349 0.0588873 0.1527630
8 -0.0472957 -0.7699831 -0.0077548
5
-114.636     ts77     dynamics     sesquiterpene     TS     runpoint      5     runisomer      181
6 -0.0003865 0.6341542 -0.0198268
1 -0.3284420 1.2719492 1.0351747
1 -0.4343134 1.1762353 -0.8517932
1 1.1767341 0.1469750 0.1479978
8 -0.0537468 -0.7763649 -0.0060020
5
-114.644     ts77     dynamics     sesquiterpene     TS     runpoint      6     runisomer      181
6 0.0093207 0.6323056 -0.0199309
1 -0.3439733 1.2392232 0.9882744
1 -0.4420366 1.2067928 -0.8180647
1 1.2029064 0.2634391 0.1353543
8 -0.0612138 -0.7821803 -0.0042966
5
-114.66     ts77     dynamics     sesquiterpene     TS     runpoint      7     runisomer      181
6 0.0204260 0.6291850 -0.0167300
1 -0.3494852 1.1882228 0.9217150
1 -0.4427447 1.2340065 -0.7937623
1 1.2105511 0.4060014 0.1143751
8 -0.0696351 -0.7873222 -0.0027139
5
-114.679     ts77     dynamics     sesquiterpene     TS     runpoint      8     runisomer      181
6 0.0329608 0.6250278 -0.0111706
1 -0.3476645 1.1243863 0.8481996
1 -0.4359954 1.2551040 -0.7799449
1 1.1985912 0.5684956 0.0855508
8 -0.0788253 -0.7917484 -0.0013070
5
-114.692     ts77     dynamics     sesquiterpene     TS     runpoint      9     runisomer      181
6 0.0470442 0.6198618 -0.0052887
1 -0.3466315 1.0590166 0.7903509
1 -0.4219951 1.2670198 -0.7760545
1 1.1697806 0.7420919 0.0506814
8 -0.0885220 -0.7954412 -0.0001233
5
-114.654160 ts77 dynamics sesquiterpene TS runpoint 1  runisomer  181
6 -0.0298379 0.6333569 0.0086399
1 -0.1879012 1.2076412 0.9538417
1 -0.3386791 1.0444319 -0.9954010
1 0.9539986 -0.0741054 0.1307339
8 -0.0325009 -0.7494798 -0.0121008
5
-114.649 ts77 dynamics sesquiterpene TS runpoint 2  runisomer  181
6 -0.0370745 0.633825 0.0174541
1 -0.147953 1.16002 0.887352
1 -0.300983 1.0136 -1.00805
1 0.897096 -0.102298 0.116028
8 -0.028379 -0.743111 -0.0128006
5
-114.644     ts77     dynamics     sesquiterpene     TS     runpoint      3     runisomer      181
6 -0.0451729 0.6345104 0.0226548
1 -0.1148997 1.1252484 0.8422830
1 -0.2603902 0.9875957 -1.0065067
1 0.8584318 -0.1386869 0.1002490
8 -0.0245084 -0.7375023 -0.0129667
5
-114.632     ts77     dynamics     sesquiterpene     TS     runpoint      4     runisomer      181
6 -0.0544514 0.6344721 0.0216387
1 -0.0908615 1.1232953 0.8507979
1 -0.2191842 0.9698349 -0.9937271
1 0.8465455 -0.1912161 0.0846700
8 -0.0209092 -0.7329211 -0.0125654
5
-114.637     ts77     dynamics     sesquiterpene     TS     runpoint      5     runisomer      181
6 -0.0652409 0.6341048 0.0152651
1 -0.0729833 1.1525598 0.9093194
1 -0.1798241 0.9643919 -0.9771256
1 0.8643009 -0.2652342 0.0701008
8 -0.0175389 -0.7294822 -0.0115986
5
-114.655     ts77     dynamics     sesquiterpene     TS     runpoint      6     runisomer      181
6 -0.0776429 0.6348314 0.0073313
1 -0.0581414 1.1932058 0.9831258
1 -0.1439956 0.9753583 -0.9670637
1 0.9070782 -0.3645821 0.0567134
8 -0.0141224 -0.7270183 -0.0100884
5
-114.669     ts77     dynamics     sesquiterpene     TS     runpoint      7     runisomer      181
6 -0.0915457 0.6374361 0.0009223
1 -0.0452595 1.2291776 1.0437877
1 -0.1115820 1.0049382 -0.9709032
1 0.9628441 -0.4916866 0.0440262
8 -0.0100589 -0.7250932 -0.0080613
5
-114.679     ts77     dynamics     sesquiterpene     TS     runpoint      8     runisomer      181
6 -0.1067242 0.6419978 -0.0027996
1 -0.0341855 1.2525124 1.0772341
1 -0.0810348 1.0511360 -0.9867894
1 1.0151224 -0.6446133 0.0313448
8 -0.0045881 -0.7232599 -0.0055766
5
-114.687     ts77     dynamics     sesquiterpene     TS     runpoint      9     runisomer      181
6 -0.1227442 0.6483332 -0.0040640
1 -0.0250843 1.2601412 1.0783866
1 -0.0511034 1.1077639 -1.0048969
1 1.0481298 -0.8149020 0.0182643
8 0.0028921 -0.7213309 -0.0027371
5
-114.693     ts77     dynamics     sesquiterpene     TS     runpoint      10     runisomer      181
6 -0.1389585 0.6561824 -0.0036194
1 -0.0183305 1.2516781 1.0472755
1 -0.0218371 1.1670216 -1.0143175
1 1.0510207 -0.9892753 0.0048208
8 0.0126056 -0.7194326 0.0003295
5
-114.696     ts77     dynamics     sesquiterpene     TS     runpoint      11     runisomer      181
6 -0.1546463 0.6651697 -0.0023161
1 -0.0143096 1.2290314 0.9884814
1 0.0057038 1.2219177 -1.0077954
1 1.0194054 -1.1532649 -0.0086685
8 0.0243792 -0.7178750 0.0034962
5
-114.695     ts77     dynamics     sesquiterpene     TS     runpoint      12     runisomer      181
6 -0.1691883 0.6746374 -0.0012420
1 -0.0127678 1.1976566 0.9136071
1 0.0301169 1.2673048 -0.9827634
1 0.9545736 -1.2942146 -0.0218754
8 0.0377393 -0.7169794 0.0066628
5
-114.689     ts77     dynamics     sesquiterpene     TS     runpoint      13     runisomer      181
6 -0.1822730 0.6833961 -0.0021152
1 -0.0114814 1.1688344 0.8455679
1 0.0502367 1.3001570 -0.9409682
1 0.8619118 -1.4030014 -0.0347005
8 0.0520461 -0.7169495 0.0097800
5
-114.676     ts77     dynamics     sesquiterpene     TS     runpoint      14     runisomer      181
6 -0.1940278 0.6897764 -0.0070910
1 -0.0055518 1.1582011 0.8160909
1 0.0657278 1.3198506 -0.8882125
1 0.7498141 -1.4754539 -0.0475522
8 0.0665789 -0.7177429 0.0128564
5
-114.666     ts77     dynamics     sesquiterpene     TS     runpoint      15     runisomer      181
6 -0.2047079 0.6926954 -0.0166477
1 0.0079263 1.1718397 0.8407038
1 0.0778087 1.3287457 -0.8343163
1 0.6295052 -1.5150396 -0.0617699
8 0.0805620 -0.7188596 0.0159747
5
-114.666     ts77     dynamics     sesquiterpene     TS     runpoint      16     runisomer      181
6 -0.2142564 0.6923968 -0.0281180
1 0.0242220 1.1970284 0.9002150
1 0.0897339 1.3324274 -0.7918771
1 0.5142620 -1.5366099 -0.0803073
8 0.0932091 -0.7190977 0.0193244
5
-114.661     ts77     dynamics     sesquiterpene     TS     runpoint      17     runisomer      181
6 -0.2226078 0.6893757 -0.0381722
1 0.0361142 1.2176086 0.9657063
1 0.1057844 1.3375341 -0.7718058
1 0.4138254 -1.5635428 -0.1080089
8 0.1040432 -0.7167545 0.0232209
5
-114.653     ts77     dynamics     sesquiterpene     TS     runpoint      18     runisomer      181
6 -0.2298312 0.6840410 -0.0450010
1 0.0391172 1.2243841 1.0179295
1 0.1282695 1.3466342 -0.7771124
1 0.3252705 -1.6068789 -0.1492443
8 0.1134360 -0.7110241 0.0279862
5
-114.651     ts77     dynamics     sesquiterpene     TS     runpoint      19     runisomer      181
6 -0.2359175 0.6771105 -0.0484468
1 0.0315125 1.2139530 1.0471266
1 0.1553545 1.3556132 -0.8013739
1 0.2369555 -1.6511654 -0.2038626
8 0.1223400 -0.7029444 0.0337013
