5
-114.654160 ts77 dynamics sesquiterpene TS runpoint 1  runisomer  91
6 -0.0453542 0.6177477 0.0030570
1 -0.1628012 1.1893712 0.9548242
1 -0.2850066 1.1549959 -1.0011764
1 1.0459087 -0.0977596 0.1030892
8 -0.0316136 -0.7420947 -0.0058682
5
-114.645 ts77 dynamics sesquiterpene TS runpoint 2  runisomer  91
6 -0.0486857 0.627231 0.00205969
1 -0.166659 1.23004 1.0253
1 -0.253166 1.11623 -1.01642
1 1.06204 -0.0883051 0.0823778
8 -0.0318939 -0.749925 -0.00729525
5
-114.639     ts77     dynamics     sesquiterpene     TS     runpoint      3     runisomer      91
6 -0.0508326 0.6378056 0.0013895
1 -0.1718964 1.2575838 1.0724928
1 -0.2200326 1.0739487 -1.0138301
1 1.0649205 -0.0715118 0.0590071
8 -0.0322232 -0.7579883 -0.0084561
5
-114.633     ts77     dynamics     sesquiterpene     TS     runpoint      4     runisomer      91
6 -0.0514985 0.6486459 0.0019864
1 -0.1778656 1.2689464 1.0889751
1 -0.1881669 1.0340523 -0.9987927
1 1.0542913 -0.0457909 0.0338792
8 -0.0326862 -0.7659427 -0.0093056
5
-114.631     ts77     dynamics     sesquiterpene     TS     runpoint      5     runisomer      91
6 -0.0504417 0.6587844 0.0047187
1 -0.1842743 1.2636272 1.0723462
1 -0.1602957 1.0031046 -0.9809616
1 1.0322272 -0.0094700 0.0081211
8 -0.0334421 -0.7735524 -0.0098091
5
-114.633     ts77     dynamics     sesquiterpene     TS     runpoint      6     runisomer      91
6 -0.0475184 0.6672937 0.0102021
1 -0.1911455 1.2430661 1.0243404
1 -0.1388198 0.9867261 -0.9711201
1 1.0032484 0.0394857 -0.0169630
8 -0.0347306 -0.7806931 -0.0099373
5
-114.641     ts77     dynamics     sesquiterpene     TS     runpoint      7     runisomer      91
6 -0.0427135 0.6733701 0.0180942
1 -0.1992554 1.2116764 0.9528819
1 -0.1253665 0.9874601 -0.9749242
1 0.9743983 0.1034330 -0.0399666
8 -0.0368555 -0.7873485 -0.0096660
5
-114.648     ts77     dynamics     sesquiterpene     TS     runpoint      8     runisomer      91
6 -0.0361085 0.6761683 0.0263685
1 -0.2113412 1.1796496 0.8769413
1 -0.1208277 1.0038915 -0.9889356
1 0.9550792 0.1842987 -0.0595321
8 -0.0401208 -0.7935609 -0.0089731
5
-114.649     ts77     dynamics     sesquiterpene     TS     runpoint      9     runisomer      91
6 -0.0277705 0.6745513 0.0314744
1 -0.2337857 1.1646543 0.8284117
1 -0.1257070 1.0318726 -1.0040610
1 0.9561788 0.2822406 -0.0745707
8 -0.0447270 -0.7993377 -0.0078443
5
-114.647     ts77     dynamics     sesquiterpene     TS     runpoint      10     runisomer      91
6 -0.0178588 0.6677883 0.0306452
1 -0.2736929 1.1804506 0.8312778
1 -0.1402572 1.0663331 -1.0118926
1 0.9870451 0.3953706 -0.0843267
8 -0.0506800 -0.8045598 -0.0062940
5
-114.664     ts77     dynamics     sesquiterpene     TS     runpoint      11     runisomer      91
6 -0.0069114 0.6569111 0.0246915
1 -0.3285329 1.2175593 0.8712201
1 -0.1643125 1.1022684 -1.0078145
1 1.0482593 0.5216426 -0.0878418
8 -0.0577823 -0.8089594 -0.0043793
5
-114.685     ts77     dynamics     sesquiterpene     TS     runpoint      12     runisomer      91
6 0.0048409 0.6438189 0.0161031
1 -0.3875598 1.2550021 0.9172957
1 -0.1970221 1.1350695 -0.9906428
1 1.1258601 0.6586843 -0.0836000
8 -0.0657106 -0.8121984 -0.0021868
5
-114.692     ts77     dynamics     sesquiterpene     TS     runpoint      13     runisomer      91
6 0.0177552 0.6301683 0.0067284
1 -0.4411998 1.2782437 0.9494932
1 -0.2367365 1.1607867 -0.9616214
1 1.1988621 0.8006322 -0.0707521
8 -0.0741202 -0.8139859 0.0001800
5
-114.654160 ts77 dynamics sesquiterpene TS runpoint 1  runisomer  91
6 -0.0453542 0.6177477 0.0030570
1 -0.1628012 1.1893712 0.9548242
1 -0.2850066 1.1549959 -1.0011764
1 1.0459087 -0.0977596 0.1030892
8 -0.0316136 -0.7420947 -0.0058682
5
-114.645 ts77 dynamics sesquiterpene TS runpoint 2  runisomer  91
6 -0.0411352 0.609778 0.00309785
1 -0.161772 1.14348 0.877068
1 -0.313481 1.18579 -0.967304
1 1.01911 -0.101687 0.120527
8 -0.0313606 -0.734917 -0.00423239
5
-114.645     ts77     dynamics     sesquiterpene     TS     runpoint      3     runisomer      91
6 -0.0362470 0.6030668 0.0002318
1 -0.1665643 1.1073820 0.8200339
1 -0.3372721 1.2060001 -0.9182433
1 0.9865002 -0.1022480 0.1344836
8 -0.0311724 -0.7288464 -0.0024583
5
-114.637     ts77     dynamics     sesquiterpene     TS     runpoint      4     runisomer      91
6 -0.0308403 0.5970852 -0.0073055
1 -0.1808871 1.0971044 0.8132205
1 -0.3562278 1.2154700 -0.8613908
1 0.9549776 -0.1018162 0.1452965
8 -0.0311446 -0.7243344 -0.0006364
5
-114.635     ts77     dynamics     sesquiterpene     TS     runpoint      5     runisomer      91
6 -0.0252995 0.5924153 -0.0185912
1 -0.2042006 1.1114626 0.8574242
1 -0.3719390 1.2171449 -0.8076915
1 0.9323863 -0.1026735 0.1538896
8 -0.0314188 -0.7217864 0.0011213
5
-114.641     ts77     dynamics     sesquiterpene     TS     runpoint      6     runisomer      91
6 -0.0202211 0.5904461 -0.0302566
1 -0.2304186 1.1338147 0.9256058
1 -0.3879101 1.2169984 -0.7695579
1 0.9250890 -0.1066537 0.1614865
8 -0.0321115 -0.7214566 0.0026962
5
-114.639     ts77     dynamics     sesquiterpene     TS     runpoint      7     runisomer      91
6 -0.0159384 0.5918662 -0.0393400
1 -0.2533746 1.1505581 0.9922912
1 -0.4080876 1.2212461 -0.7561980
1 0.9350576 -0.1147667 0.1689132
8 -0.0332359 -0.7233338 0.0039992
5
-114.634     ts77     dynamics     sesquiterpene     TS     runpoint      8     runisomer      91
6 -0.0125410 0.5966830 -0.0444347
1 -0.2693746 1.1556400 1.0427107
1 -0.4337458 1.2314581 -0.7686989
1 0.9588040 -0.1271573 0.1760022
8 -0.0346564 -0.7271311 0.0049854
5
-114.631     ts77     dynamics     sesquiterpene     TS     runpoint      9     runisomer      91
6 -0.0101493 0.6047658 -0.0454289
1 -0.2766865 1.1475432 1.0694155
1 -0.4619553 1.2430746 -0.7998454
1 0.9889984 -0.1435813 0.1816787
8 -0.0361148 -0.7323821 0.0056523
5
-114.631     ts77     dynamics     sesquiterpene     TS     runpoint      10     runisomer      91
6 -0.0089715 0.6159223 -0.0428540
1 -0.2747511 1.1269485 1.0690025
1 -0.4875773 1.2492765 -0.8389513
1 1.0172068 -0.1641725 0.1845525
8 -0.0372835 -0.7385475 0.0060284
5
-114.633     ts77     dynamics     sesquiterpene     TS     runpoint      11     runisomer      91
6 -0.0092333 0.6297857 -0.0374656
1 -0.2638802 1.0960239 1.0411754
1 -0.5059773 1.2449468 -0.8763466
1 1.0359119 -0.1902073 0.1834890
8 -0.0377931 -0.7450880 0.0061610
5
-114.637     ts77     dynamics     sesquiterpene     TS     runpoint      12     runisomer      91
6 -0.0111130 0.6457726 -0.0302384
1 -0.2455140 1.0588772 0.9901487
1 -0.5142608 1.2279069 -0.9050655
1 1.0393184 -0.2247547 0.1779082
8 -0.0372331 -0.7514911 0.0061134
5
-114.644     ts77     dynamics     sesquiterpene     TS     runpoint      13     runisomer      91
6 -0.0146851 0.6630135 -0.0226977
1 -0.2230474 1.0229522 0.9287741
1 -0.5114398 1.1986184 -0.9209837
1 1.0234992 -0.2730984 0.1678684
8 -0.0351503 -0.7572704 0.0059571
5
-114.651     ts77     dynamics     sesquiterpene     TS     runpoint      14     runisomer      91
6 -0.0198133 0.6802448 -0.0173143
1 -0.2025936 1.0002156 0.8834480
1 -0.4984048 1.1597753 -0.9229136
1 0.9868018 -0.3423201 0.1540760
8 -0.0311006 -0.7619548 0.0057625
5
-114.655     ts77     dynamics     sesquiterpene     TS     runpoint      15     runisomer      91
6 -0.0261920 0.6960224 -0.0166912
1 -0.1905730 1.0031493 0.8858650
1 -0.4781838 1.1162345 -0.9134892
1 0.9321443 -0.4387210 0.1380630
8 -0.0249033 -0.7651583 0.0055573
5
-114.669     ts77     dynamics     sesquiterpene     TS     runpoint      16     runisomer      91
6 -0.0336219 0.7095115 -0.0205289
1 -0.1870263 1.0329845 0.9390466
1 -0.4564740 1.0750162 -0.9008180
1 0.8745214 -0.5622480 0.1229592
8 -0.0172896 -0.7667770 0.0052373
5
-114.684     ts77     dynamics     sesquiterpene     TS     runpoint      17     runisomer      91
6 -0.0417652 0.7204555 -0.0251559
1 -0.1867161 1.0790288 1.0119511
1 -0.4411937 1.0441789 -0.8982525
1 0.8524734 -0.7038427 0.1145444
8 -0.0107744 -0.7670226 0.0044814
5
-114.684     ts77     dynamics     sesquiterpene     TS     runpoint      18     runisomer      91
6 -0.0499093 0.7285569 -0.0270412
1 -0.1860267 1.1301083 1.0739782
1 -0.4387589 1.0292218 -0.9171674
1 0.8989397 -0.8588598 0.1169855
8 -0.0077887 -0.7656081 0.0030227
5
-114.694     ts77     dynamics     sesquiterpene     TS     runpoint      19     runisomer      91
6 -0.0575547 0.7337898 -0.0249096
1 -0.1839193 1.1787529 1.1083799
1 -0.4490559 1.0295344 -0.9557901
1 0.9724556 -1.0239245 0.1246509
8 -0.0061694 -0.7622168 0.0012051
5
-114.693     ts77     dynamics     sesquiterpene     TS     runpoint      20     runisomer      91
6 -0.0646949 0.7365391 -0.0194243
1 -0.1803929 1.2202967 1.1086579
1 -0.4661447 1.0398636 -0.9997905
1 1.0236987 -1.1817512 0.1310572
8 -0.0031867 -0.7576022 -0.0005615
5
-114.676     ts77     dynamics     sesquiterpene     TS     runpoint      21     runisomer      91
6 -0.0714979 0.7372479 -0.0118883
1 -0.1756465 1.2518703 1.0743955
1 -0.4832564 1.0543975 -1.0334674
1 1.0346197 -1.3160514 0.1337172
8 0.0020073 -0.7525754 -0.0021049
5
-114.661     ts77     dynamics     sesquiterpene     TS     runpoint      22     runisomer      91
6 -0.0780659 0.7361783 -0.0035872
1 -0.1699009 1.2723817 1.0101188
1 -0.4955496 1.0687250 -1.0464529
1 1.0037439 -1.4166412 0.1322912
8 0.0092917 -0.7476276 -0.0033768
5
-114.655     ts77     dynamics     sesquiterpene     TS     runpoint      23     runisomer      91
6 -0.0843684 0.7332887 0.0041359
1 -0.1635304 1.2837773 0.9268911
1 -0.5003942 1.0798810 -1.0343607
1 0.9347599 -1.4771546 0.1271996
8 0.0182701 -0.7430670 -0.0043705
5
-114.659     ts77     dynamics     sesquiterpene     TS     runpoint      24     runisomer      91
6 -0.0902257 0.7280586 0.0096008
1 -0.1572342 1.2935170 0.8450042
1 -0.4971670 1.0860235 -0.9980749
1 0.8329445 -1.4932502 0.1192448
8 0.0284796 -0.7391280 -0.0050993
5
-114.667     ts77     dynamics     sesquiterpene     TS     runpoint      25     runisomer      91
6 -0.0953371 0.7194093 0.0110696
1 -0.1516675 1.3147630 0.7910513
1 -0.4874529 1.0865571 -0.9440756
1 0.7073917 -1.4650145 0.1100067
8 0.0392626 -0.7357883 -0.0056241
5
-114.675     ts77     dynamics     sesquiterpene     TS     runpoint      26     runisomer      91
6 -0.0993543 0.7064905 0.0083665
1 -0.1461295 1.3554144 0.7800920
1 -0.4756887 1.0830195 -0.8857931
1 0.5810523 -1.4099534 0.1037004
8 0.0491476 -0.7319021 -0.0061823
5
-114.665     ts77     dynamics     sesquiterpene     TS     runpoint      27     runisomer      91
6 -0.1018884 0.6897262 0.0039973
1 -0.1383829 1.4053675 0.8020298
1 -0.4692586 1.0800460 -0.8430299
1 0.5059201 -1.3907771 0.1117634
8 0.0548910 -0.7234905 -0.0074899
5
-114.643     ts77     dynamics     sesquiterpene     TS     runpoint      28     runisomer      91
6 -0.1025724 0.6704201 0.0011480
1 -0.1266671 1.4464455 0.8368321
1 -0.4752111 1.0832941 -0.8330315
1 0.5134951 -1.4628292 0.1460478
8 0.0545652 -0.7072584 -0.0103374
5
-114.666     ts77     dynamics     sesquiterpene     TS     runpoint      29     runisomer      91
6 -0.1014861 0.6504979 0.0011984
1 -0.1106010 1.4658649 0.8696423
1 -0.4938481 1.0929460 -0.8559387
1 0.5507850 -1.5532927 0.1948054
8 0.0515640 -0.6884414 -0.0140723
5
-114.665     ts77     dynamics     sesquiterpene     TS     runpoint      30     runisomer      91
6 -0.0992452 0.6322989 0.0036217
1 -0.0906817 1.4578403 0.8923128
1 -0.5182079 1.1022288 -0.8956951
1 0.5842215 -1.6070249 0.2458051
8 0.0480572 -0.6714786 -0.0180286
5
-114.651     ts77     dynamics     sesquiterpene     TS     runpoint      31     runisomer      91
6 -0.0965369 0.6179242 0.0073669
1 -0.0678164 1.4212885 0.9010809
1 -0.5400812 1.1038159 -0.9346061
1 0.6048100 -1.6078854 0.2932546
8 0.0446668 -0.6584351 -0.0219305
5
-114.644     ts77     dynamics     sesquiterpene     TS     runpoint      32     runisomer      91
6 -0.0938488 0.6088052 0.0115605
1 -0.0431160 1.3586765 0.8954829
1 -0.5538692 1.0937834 -0.9607711
1 0.6111493 -1.5544717 0.3342912
8 0.0415647 -0.6503799 -0.0256633
5
-114.653     ts77     dynamics     sesquiterpene     TS     runpoint      33     runisomer      91
6 -0.0914757 0.6056059 0.0154553
1 -0.0176092 1.2766453 0.8792129
1 -0.5572291 1.0714387 -0.9677128
1 0.6024199 -1.4496466 0.3674050
8 0.0389406 -0.6480065 -0.0292098
5
-114.674     ts77     dynamics     sesquiterpene     TS     runpoint      34     runisomer      91
6 -0.0896178 0.6078742 0.0180557
1 0.0084932 1.1876590 0.8628275
1 -0.5502875 1.0386573 -0.9530143
1 0.5813574 -1.3041188 0.3944743
8 0.0367937 -0.6512045 -0.0327621
5
-114.692     ts77     dynamics     sesquiterpene     TS     runpoint      35     runisomer      91
6 -0.0884298 0.6139000 0.0179585
1 0.0365963 1.1091416 0.8650985
1 -0.5352323 0.9999504 -0.9186061
1 0.5668304 -1.1483856 0.4302639
8 0.0341003 -0.6581517 -0.0372563
5
-114.689     ts77     dynamics     sesquiterpene     TS     runpoint      36     runisomer      91
6 -0.0878827 0.6217016 0.0143969
1 0.0688527 1.0540702 0.9023225
1 -0.5173596 0.9631172 -0.8730789
1 0.5986569 -1.0242231 0.5105491
8 0.0285268 -0.6660373 -0.0448569
5
-114.698     ts77     dynamics     sesquiterpene     TS     runpoint      37     runisomer      91
6 -0.0873407 0.6302401 0.0091450
1 0.1042346 1.0210005 0.9682877
1 -0.5065551 0.9395104 -0.8342937
1 0.6703043 -0.9230732 0.6324809
8 0.0206969 -0.6752440 -0.0552004
5
-114.706     ts77     dynamics     sesquiterpene     TS     runpoint      38     runisomer      91
6 -0.0856209 0.6389958 0.0056994
1 0.1375815 1.0016205 1.0393636
1 -0.5147442 0.9405524 -0.8236265
1 0.7356824 -0.8251929 0.7488380
8 0.0137032 -0.6868241 -0.0650973
5
-114.687     ts77     dynamics     sesquiterpene     TS     runpoint      39     runisomer      91
6 -0.0820995 0.6476793 0.0059436
1 0.1632974 0.9905999 1.0950243
1 -0.5456412 0.9694958 -0.8456032
1 0.7729735 -0.7327029 0.8326154
8 0.0090388 -0.7002945 -0.0726819
5
-114.667     ts77     dynamics     sesquiterpene     TS     runpoint      40     runisomer      91
6 -0.0773095 0.6564631 0.0090542
1 0.1776107 0.9861271 1.1243666
1 -0.5900178 1.0188503 -0.8811325
1 0.7776429 -0.6532149 0.8750420
8 0.0070458 -0.7147213 -0.0772989
5
-114.654     ts77     dynamics     sesquiterpene     TS     runpoint      41     runisomer      91
6 -0.0721963 0.6656331 0.0133322
1 0.1788217 0.9879629 1.1238799
1 -0.6351029 1.0777004 -0.9074993
1 0.7506035 -0.5934484 0.8742445
8 0.0076783 -0.7291899 -0.0787667
5
-114.651     ts77     dynamics     sesquiterpene     TS     runpoint      42     runisomer      91
6 -0.0675477 0.6752817 0.0173830
1 0.1671404 0.9963723 1.0953280
1 -0.6716253 1.1371325 -0.9107698
1 0.6943627 -0.5587974 0.8310348
8 0.0107722 -0.7428864 -0.0770791
5
-114.66     ts77     dynamics     sesquiterpene     TS     runpoint      43     runisomer      91
6 -0.0639957 0.6853097 0.0200151
1 0.1447536 1.0118978 1.0458288
1 -0.6943120 1.1908702 -0.8853217
1 0.6141468 -0.5536516 0.7504658
8 0.0160014 -0.7550965 -0.0724622
