5
-114.654160 ts77 dynamics sesquiterpene TS runpoint 1  runisomer  92
6 -0.0178998 0.6494113 -0.0018829
1 -0.3206958 1.1728104 0.8962995
1 -0.3437289 1.2617156 -0.9285241
1 0.9750382 -0.0831351 0.0141084
8 -0.0340971 -0.7724521 0.0025543
5
-114.648 ts77 dynamics sesquiterpene TS runpoint 2  runisomer  92
6 -0.0166082 0.650648 -0.0052508
1 -0.299086 1.21857 0.966427
1 -0.333308 1.22436 -0.93774
1 0.917785 -0.0380382 0.038998
8 -0.0334771 -0.77675 -0.000325261
5
-114.645     ts77     dynamics     sesquiterpene     TS     runpoint      3     runisomer      92
6 -0.0169387 0.6527880 -0.0081527
1 -0.2717197 1.2522165 1.0220077
1 -0.3166383 1.1762347 -0.9370020
1 0.8806786 0.0119671 0.0634906
8 -0.0336655 -0.7805935 -0.0032395
5
-114.638     ts77     dynamics     sesquiterpene     TS     runpoint      4     runisomer      92
6 -0.0193126 0.6558666 -0.0094459
1 -0.2388331 1.2692810 1.0528996
1 -0.2965141 1.1236193 -0.9310889
1 0.8781553 0.0675755 0.0881249
8 -0.0350671 -0.7841672 -0.0061415
5
-114.635     ts77     dynamics     sesquiterpene     TS     runpoint      5     runisomer      92
6 -0.0234003 0.6591556 -0.0081208
1 -0.2027506 1.2686693 1.0547923
1 -0.2766987 1.0744407 -0.9286458
1 0.9155390 0.1317756 0.1129687
8 -0.0378791 -0.7875413 -0.0089756
5
-114.641     ts77     dynamics     sesquiterpene     TS     runpoint      6     runisomer      92
6 -0.0279388 0.6613445 -0.0033788
1 -0.1670930 1.2515526 1.0275515
1 -0.2606259 1.0358114 -0.9385861
1 0.9851972 0.2106976 0.1363149
8 -0.0421231 -0.7906417 -0.0116635
5
-114.654     ts77     dynamics     sesquiterpene     TS     runpoint      7     runisomer      92
6 -0.0311941 0.6611941 0.0047044
1 -0.1364706 1.2215292 0.9759477
1 -0.2495628 1.0108606 -0.9630980
1 1.0707393 0.3095164 0.1548863
8 -0.0476982 -0.7932898 -0.0141048
5
-114.667     ts77     dynamics     sesquiterpene     TS     runpoint      8     runisomer      92
6 -0.0316348 0.6578742 0.0145444
1 -0.1162260 1.1861394 0.9127391
1 -0.2424071 0.9982969 -0.9946378
1 1.1550282 0.4280444 0.1654622
8 -0.0544053 -0.7952450 -0.0161866
5
-114.671     ts77     dynamics     sesquiterpene     TS     runpoint      9     runisomer      92
6 -0.0282028 0.6506431 0.0231492
1 -0.1119519 1.1588144 0.8618541
1 -0.2373501 0.9948999 -1.0213068
1 1.2250314 0.5609683 0.1661596
8 -0.0619791 -0.7962588 -0.0178036
5
-114.664     ts77     dynamics     sesquiterpene     TS     runpoint      10     runisomer      92
6 -0.0202772 0.6388488 0.0273524
1 -0.1285249 1.1549015 0.8504903
1 -0.2332039 0.9976107 -1.0335492
1 1.2726155 0.7006360 0.1566935
8 -0.0701409 -0.7961345 -0.0188775
5
-114.662     ts77     dynamics     sesquiterpene     TS     runpoint      11     runisomer      92
6 -0.0077393 0.6231072 0.0263635
1 -0.1675520 1.1757324 0.8821894
1 -0.2296521 1.0040930 -1.0269476
1 1.2935229 0.8391069 0.1379975
8 -0.0786297 -0.7947704 -0.0193762
5
-114.671     ts77     dynamics     sesquiterpene     TS     runpoint      12     runisomer      92
6 0.0088863 0.6055612 0.0221740
1 -0.2246690 1.2049855 0.9325624
1 -0.2271255 1.0126928 -1.0021570
1 1.2862844 0.9689163 0.1117450
8 -0.0872075 -0.7921702 -0.0193184
5
-114.675     ts77     dynamics     sesquiterpene     TS     runpoint      13     runisomer      92
6 0.0286841 0.5884067 0.0171912
1 -0.2918949 1.2258366 0.9768606
1 -0.2268218 1.0224313 -0.9640463
1 1.2516211 1.0833387 0.0800098
8 -0.0956616 -0.7884366 -0.0187763
5
-114.672     ts77     dynamics     sesquiterpene     TS     runpoint      14     runisomer      92
6 0.0507877 0.5732168 0.0132339
1 -0.3617258 1.2290620 1.0016224
1 -0.2310447 1.0327537 -0.9207559
1 1.1920750 1.1766015 0.0449657
8 -0.1038286 -0.7837702 -0.0178904
5
-114.667     ts77     dynamics     sesquiterpene     TS     runpoint      15     runisomer      92
6 0.0747970 0.5612858 0.0113841
1 -0.4290770 1.2105153 1.0015487
1 -0.2451653 1.0427451 -0.8811027
1 1.1123219 1.2440332 0.0100413
8 -0.1116846 -0.7785275 -0.0167984
5
-114.659     ts77     dynamics     sesquiterpene     TS     runpoint      16     runisomer      92
6 0.0996970 0.5533070 0.0106415
1 -0.4885053 1.1686417 0.9778294
1 -0.2753986 1.0554287 -0.8493338
1 1.0225610 1.2825129 -0.0158899
8 -0.1190628 -0.7731266 -0.0151169
5
-114.658     ts77     dynamics     sesquiterpene     TS     runpoint      17     runisomer      92
6 0.1235816 0.5494553 0.0109117
1 -0.5348725 1.1056646 0.9335921
1 -0.3200382 1.0694362 -0.8284387
1 0.9349206 1.2938406 -0.0306463
8 -0.1257281 -0.7678652 -0.0129212
5
-114.654160 ts77 dynamics sesquiterpene TS runpoint 1  runisomer  92
6 -0.0178998 0.6494113 -0.0018829
1 -0.3206958 1.1728104 0.8962995
1 -0.3437289 1.2617156 -0.9285241
1 0.9750382 -0.0831351 0.0141084
8 -0.0340971 -0.7724521 0.0025543
5
-114.648 ts77 dynamics sesquiterpene TS runpoint 2  runisomer  92
6 -0.0199678 0.6484 0.000364323
1 -0.340113 1.12477 0.830846
1 -0.346352 1.28451 -0.908647
1 1.03592 -0.123994 -0.0111383
8 -0.0349925 -0.767528 0.0053309
5
-114.64     ts77     dynamics     sesquiterpene     TS     runpoint      3     runisomer      92
6 -0.0217082 0.6465340 -0.0005051
1 -0.3657336 1.0890050 0.7973233
1 -0.3407943 1.2915160 -0.8807493
1 1.0866501 -0.1620317 -0.0360591
8 -0.0356200 -0.7619182 0.0079079
5
-114.63     ts77     dynamics     sesquiterpene     TS     runpoint      4     runisomer      92
6 -0.0223206 0.6432221 -0.0053825
1 -0.4046147 1.0744473 0.8129407
1 -0.3278718 1.2841878 -0.8503518
1 1.1176962 -0.1995848 -0.0597421
8 -0.0354810 -0.7556873 0.0101606
5
-114.631     ts77     dynamics     sesquiterpene     TS     runpoint      5     runisomer      92
6 -0.0221264 0.6391286 -0.0124176
1 -0.4522514 1.0746553 0.8651719
1 -0.3097999 1.2669269 -0.8255783
1 1.1232214 -0.2402501 -0.0813587
8 -0.0341127 -0.7489782 0.0119491
5
-114.637     ts77     dynamics     sesquiterpene     TS     runpoint      6     runisomer      92
6 -0.0221326 0.6353048 -0.0184655
1 -0.4976287 1.0778524 0.9275851
1 -0.2900052 1.2466296 -0.8159159
1 1.1000529 -0.2895237 -0.1002368
8 -0.0310367 -0.7419253 0.0131342
5
-114.641     ts77     dynamics     sesquiterpene     TS     runpoint      7     runisomer      92
6 -0.0233472 0.6325309 -0.0211015
1 -0.5326954 1.0768771 0.9800554
1 -0.2717232 1.2299388 -0.8287204
1 1.0474841 -0.3551227 -0.1158859
8 -0.0257572 -0.7345954 0.0135974
5
-114.651     ts77     dynamics     sesquiterpene     TS     runpoint      8     runisomer      92
6 -0.0267238 0.6316089 -0.0192698
1 -0.5537722 1.0691536 1.0113957
1 -0.2559108 1.2189065 -0.8641826
1 0.9694571 -0.4453770 -0.1283882
8 -0.0179761 -0.7270322 0.0132686
5
-114.667     ts77     dynamics     sesquiterpene     TS     runpoint      9     runisomer      92
6 -0.0330453 0.6334317 -0.0131658
1 -0.5599696 1.0545349 1.0163261
1 -0.2409563 1.2100160 -0.9139029
1 0.8831095 -0.5637998 -0.1400545
8 -0.0083453 -0.7194536 0.0122456
5
-114.678     ts77     dynamics     sesquiterpene     TS     runpoint      10     runisomer      92
6 -0.0424906 0.6384602 -0.0037646
1 -0.5523161 1.0342289 0.9936777
1 -0.2246001 1.1979166 -0.9653179
1 0.8359544 -0.7045433 -0.1596303
8 0.0001997 -0.7123137 0.0110920
5
-114.682     ts77     dynamics     sesquiterpene     TS     runpoint      11     runisomer      92
6 -0.0543835 0.6462946 0.0074827
1 -0.5342281 1.0108844 0.9471893
1 -0.2056076 1.1790255 -1.0069141
1 0.8747746 -0.8658662 -0.1990599
8 0.0043396 -0.7053634 0.0106871
5
-114.708     ts77     dynamics     sesquiterpene     TS     runpoint      12     runisomer      92
6 -0.0673770 0.6559114 0.0185578
1 -0.5132139 0.9898571 0.8891446
1 -0.1840111 1.1526607 -1.0307208
1 0.9443181 -1.0407211 -0.2487402
8 0.0070210 -0.6985709 0.0106650
5
-114.708     ts77     dynamics     sesquiterpene     TS     runpoint      13     runisomer      92
6 -0.0797155 0.6658631 0.0266898
1 -0.5024995 0.9805932 0.8442363
1 -0.1605776 1.1206357 -1.0328689
1 0.9890947 -1.2045062 -0.2942702
8 0.0113047 -0.6931132 0.0103972
5
-114.679     ts77     dynamics     sesquiterpene     TS     runpoint      14     runisomer      92
6 -0.0896853 0.6745229 0.0292264
1 -0.5163745 0.9932077 0.8405031
1 -0.1364416 1.0866344 -1.0140027
1 0.9944533 -1.3395265 -0.3296376
8 0.0177999 -0.6897521 0.0097682
5
-114.66     ts77     dynamics     sesquiterpene     TS     runpoint      15     runisomer      92
6 -0.0968507 0.6810299 0.0263081
1 -0.5549593 1.0271988 0.8792617
1 -0.1128996 1.0560327 -0.9806213
1 0.9623317 -1.4372386 -0.3533252
8 0.0261477 -0.6886877 0.0089027
5
-114.656     ts77     dynamics     sesquiterpene     TS     runpoint      16     runisomer      92
6 -0.1021210 0.6854563 0.0211198
1 -0.6033289 1.0705321 0.9334094
1 -0.0911241 1.0359038 -0.9462656
1 0.8976031 -1.4929774 -0.3650617
8 0.0358560 -0.6899562 0.0079572
5
-114.654     ts77     dynamics     sesquiterpene     TS     runpoint      17     runisomer      92
6 -0.1064327 0.6879939 0.0171009
1 -0.6474051 1.1111534 0.9772708
1 -0.0717130 1.0337318 -0.9284328
1 0.8036348 -1.5021852 -0.3645729
8 0.0465658 -0.6936999 0.0070528
5
-114.656     ts77     dynamics     sesquiterpene     TS     runpoint      18     runisomer      92
6 -0.1103154 0.6887808 0.0161243
1 -0.6795983 1.1415082 0.9969884
1 -0.0545930 1.0533522 -0.9372092
1 0.6840249 -1.4617924 -0.3523388
8 0.0579650 -0.6999818 0.0063245
5
-114.67     ts77     dynamics     sesquiterpene     TS     runpoint      19     runisomer      92
6 -0.1140072 0.6880788 0.0179809
1 -0.6968312 1.1576081 0.9873368
1 -0.0398431 1.0911922 -0.9655189
1 0.5514125 -1.3814840 -0.3344175
8 0.0692476 -0.7079116 0.0061938
5
-114.674     ts77     dynamics     sesquiterpene     TS     runpoint      20     runisomer      92
6 -0.1175477 0.6862243 0.0212243
1 -0.6986074 1.1577309 0.9485138
1 -0.0281121 1.1384039 -0.9961702
1 0.4479948 -1.3166865 -0.3401453
8 0.0777943 -0.7135837 0.0084986
5
-114.638     ts77     dynamics     sesquiterpene     TS     runpoint      21     runisomer      92
6 -0.1207780 0.6835201 0.0241661
1 -0.6870125 1.1423352 0.8856343
1 -0.0200343 1.1859012 -1.0142582
1 0.4296126 -1.3649094 -0.4307132
8 0.0801364 -0.7105379 0.0170998
5
-114.678     ts77     dynamics     sesquiterpene     TS     runpoint      22     runisomer      92
6 -0.1232135 0.6803063 0.0250323
1 -0.6685963 1.1156078 0.8106902
1 -0.0158228 1.2270891 -1.0116890
1 0.4422089 -1.4483819 -0.5671860
8 0.0797438 -0.7037770 0.0296092
