5
-114.654160 ts77 dynamics sesquiterpene TS runpoint 1  runisomer  222
6 -0.0151114 0.6570088 0.0069892
1 -0.2857478 1.1888003 0.9165798
1 -0.3216795 1.0585709 -0.9247213
1 0.8615616 -0.0479203 0.0315547
8 -0.0326313 -0.7685777 -0.0067191
5
-114.645 ts77 dynamics sesquiterpene TS runpoint 2  runisomer  222
6 -0.00738175 0.659644 -0.00361142
1 -0.306829 1.18051 1.00667
1 -0.348319 1.05335 -0.932838
1 0.860509 -0.0142517 0.0555525
8 -0.0353576 -0.771824 -0.00544274
5
-114.639     ts77     dynamics     sesquiterpene     TS     runpoint      3     runisomer      222
6 -0.0021553 0.6625112 -0.0123082
1 -0.3215177 1.1630668 1.0760134
1 -0.3743346 1.0557816 -0.9456976
1 0.8983565 0.0197226 0.0800643
8 -0.0391010 -0.7751691 -0.0040214
5
-114.635     ts77     dynamics     sesquiterpene     TS     runpoint      4     runisomer      222
6 0.0008512 0.6649689 -0.0184439
1 -0.3277722 1.1354350 1.1144110
1 -0.3977372 1.0646262 -0.9585041
1 0.9674353 0.0615843 0.1041969
8 -0.0438418 -0.7784659 -0.0025500
5
-114.636     ts77     dynamics     sesquiterpene     TS     runpoint      5     runisomer      222
6 0.0026092 0.6659548 -0.0217890
1 -0.3253817 1.0991209 1.1178978
1 -0.4159743 1.0780104 -0.9661995
1 1.0527144 0.1213954 0.1254571
8 -0.0495378 -0.7815285 -0.0011142
5
-114.642     ts77     dynamics     sesquiterpene     TS     runpoint      6     runisomer      222
6 0.0042620 0.6645566 -0.0222932
1 -0.3152452 1.0567314 1.0864466
1 -0.4267005 1.0940098 -0.9649502
1 1.1389114 0.2068962 0.1407648
8 -0.0561744 -0.7842038 0.0002035
5
-114.653     ts77     dynamics     sesquiterpene     TS     runpoint      7     runisomer      222
6 0.0068134 0.6602544 -0.0201725
1 -0.2994806 1.0118882 1.0245369
1 -0.4284030 1.1109199 -0.9528348
1 1.2136200 0.3201887 0.1475322
8 -0.0636834 -0.7863538 0.0013258
5
-114.667     ts77     dynamics     sesquiterpene     TS     runpoint      8     runisomer      222
6 0.0111636 0.6528379 -0.0162532
1 -0.2824342 0.9701218 0.9447856
1 -0.4207997 1.1273821 -0.9300754
1 1.2674246 0.4577533 0.1441851
8 -0.0718921 -0.7878634 0.0021885
5
-114.676     ts77     dynamics     sesquiterpene     TS     runpoint      9     runisomer      222
6 0.0183513 0.6421585 -0.0124372
1 -0.2724109 0.9402915 0.8733993
1 -0.4050329 1.1425303 -0.8990895
1 1.2936924 0.6124330 0.1303618
8 -0.0805657 -0.7886713 0.0027449
5
-114.676     ts77     dynamics     sesquiterpene     TS     runpoint      10     runisomer      222
6 0.0295599 0.6280915 -0.0113393
1 -0.2809510 0.9331268 0.8455759
1 -0.3837365 1.1561504 -0.8644208
1 1.2887040 0.7752303 0.1069994
8 -0.0894668 -0.7887801 0.0029644
5
-114.678     ts77     dynamics     sesquiterpene     TS     runpoint      11     runisomer      222
6 0.0452842 0.6113042 -0.0136171
1 -0.3124675 0.9504235 0.8727120
1 -0.3611014 1.1687084 -0.8320825
1 1.2520639 0.9365317 0.0764080
8 -0.0983978 -0.7882280 0.0028552
5
-114.691     ts77     dynamics     sesquiterpene     TS     runpoint      12     runisomer      222
6 0.0648343 0.5936783 -0.0169200
1 -0.3579093 0.9790171 0.9281351
1 -0.3428505 1.1802285 -0.8074163
1 1.1874627 1.0877042 0.0417708
8 -0.1072841 -0.7870556 0.0024709
5
-114.694     ts77     dynamics     sesquiterpene     TS     runpoint      13     runisomer      222
6 0.0866443 0.5772668 -0.0190512
1 -0.4046990 1.0048854 0.9825223
1 -0.3344525 1.1895333 -0.7928091
1 1.1031365 1.2193515 0.0074445
8 -0.1159171 -0.7852538 0.0018875
5
-114.681     ts77     dynamics     sesquiterpene     TS     runpoint      14     runisomer      222
6 0.1090676 0.5636434 -0.0192581
1 -0.4450206 1.0199065 1.0201964
1 -0.3397947 1.1934896 -0.7872069
1 1.0108111 1.3242125 -0.0222625
8 -0.1240482 -0.7828350 0.0011911
5
-114.662     ts77     dynamics     sesquiterpene     TS     runpoint      15     runisomer      222
6 0.1304692 0.5538220 -0.0177104
1 -0.4748920 1.0209133 1.0354745
1 -0.3602055 1.1877505 -0.7876232
1 0.9232497 1.3987211 -0.0437676
8 -0.1314209 -0.7798625 0.0004510
5
-114.654160 ts77 dynamics sesquiterpene TS runpoint 1  runisomer  222
6 -0.0151114 0.6570088 0.0069892
1 -0.2857478 1.1888003 0.9165798
1 -0.3216795 1.0585709 -0.9247213
1 0.8615616 -0.0479203 0.0315547
8 -0.0326313 -0.7685777 -0.0067191
5
-114.645 ts77 dynamics sesquiterpene TS runpoint 2  runisomer  222
6 -0.0246418 0.654239 0.0178151
1 -0.263596 1.19517 0.826905
1 -0.295216 1.07123 -0.92396
1 0.896772 -0.0843679 0.0076632
8 -0.0307627 -0.765402 -0.0077336
5
-114.644     ts77     dynamics     sesquiterpene     TS     runpoint      3     runisomer      222
6 -0.0345929 0.6499083 0.0259534
1 -0.2491719 1.2162262 0.7702991
1 -0.2686275 1.0892925 -0.9299667
1 0.9517293 -0.1247043 -0.0165331
8 -0.0293451 -0.7620767 -0.0083707
5
-114.638     ts77     dynamics     sesquiterpene     TS     runpoint      4     runisomer      222
6 -0.0438574 0.6429073 0.0291487
1 -0.2483795 1.2662401 0.7691864
1 -0.2413180 1.1095040 -0.9398261
1 1.0094315 -0.1707738 -0.0407833
8 -0.0278017 -0.7583475 -0.0085505
5
-114.642     ts77     dynamics     sesquiterpene     TS     runpoint      5     runisomer      222
6 -0.0523995 0.6345418 0.0281793
1 -0.2572353 1.3341855 0.8097450
1 -0.2130724 1.1284280 -0.9499144
1 1.0553329 -0.2257727 -0.0643807
8 -0.0255078 -0.7540816 -0.0082581
5
-114.647     ts77     dynamics     sesquiterpene     TS     runpoint      6     runisomer      222
6 -0.0607582 0.6274401 0.0251143
1 -0.2687546 1.3962160 0.8638866
1 -0.1841240 1.1432365 -0.9568899
1 1.0785777 -0.2945529 -0.0865250
8 -0.0218014 -0.7492632 -0.0075370
5
-114.646     ts77     dynamics     sesquiterpene     TS     runpoint      7     runisomer      222
6 -0.0695762 0.6236761 0.0214269
1 -0.2788556 1.4360127 0.9124954
1 -0.1548787 1.1521575 -0.9584677
1 1.0718144 -0.3837616 -0.1065177
8 -0.0159661 -0.7438893 -0.0064763
5
-114.651     ts77     dynamics     sesquiterpene     TS     runpoint      8     runisomer      222
6 -0.0795066 0.6243354 0.0179791
1 -0.2856787 1.4463134 0.9458837
1 -0.1256094 1.1547920 -0.9540857
1 1.0323308 -0.4991806 -0.1238704
8 -0.0074428 -0.7379275 -0.0051774
5
-114.666     ts77     dynamics     sesquiterpene     TS     runpoint      9     runisomer      222
6 -0.0909126 0.6295335 0.0153475
1 -0.2883321 1.4251963 0.9595733
1 -0.0963983 1.1522767 -0.9452047
1 0.9666413 -0.6402147 -0.1388396
8 0.0035785 -0.7314547 -0.0036829
5
-114.685     ts77     dynamics     sesquiterpene     TS     runpoint      10     runisomer      222
6 -0.1036582 0.6385836 0.0139417
1 -0.2865850 1.3740113 0.9522320
1 -0.0671718 1.1471069 -0.9350728
1 0.9001149 -0.7988701 -0.1544354
8 0.0153802 -0.7246987 -0.0018221
5
-114.697     ts77     dynamics     sesquiterpene     TS     runpoint      11     runisomer      222
6 -0.1171861 0.6501510 0.0138425
1 -0.2810255 1.2975740 0.9263474
1 -0.0376469 1.1425303 -0.9276760
1 0.8733078 -0.9700762 -0.1777429
8 0.0250068 -0.7174867 0.0008856
5
-114.708     ts77     dynamics     sesquiterpene     TS     runpoint      12     runisomer      222
6 -0.1307247 0.6624467 0.0143569
1 -0.2736449 1.2064083 0.8919429
1 -0.0074558 1.1415893 -0.9258268
1 0.8822557 -1.1499356 -0.2095831
8 0.0322324 -0.7095775 0.0045581
5
-114.71     ts77     dynamics     sesquiterpene     TS     runpoint      13     runisomer      222
6 -0.1434462 0.6733747 0.0134671
1 -0.2684635 1.1187019 0.8719961
1 0.0234601 1.1462122 -0.9293090
1 0.8864795 -1.3166283 -0.2414614
8 0.0392340 -0.7020408 0.0087106
5
-114.686     ts77     dynamics     sesquiterpene     TS     runpoint      14     runisomer      222
6 -0.1546161 0.6810801 0.0083867
1 -0.2699087 1.0532811 0.8963476
1 0.0545611 1.1570548 -0.9348430
1 0.8659893 -1.4493140 -0.2676016
8 0.0470355 -0.6960249 0.0129843
5
-114.664     ts77     dynamics     sesquiterpene     TS     runpoint      15     runisomer      222
6 -0.1639991 0.6852822 -0.0014289
1 -0.2779101 1.0124259 0.9680291
1 0.0850161 1.1739970 -0.9382329
1 0.8182402 -1.5374341 -0.2864355
8 0.0556687 -0.6921213 0.0172324
5
-114.658     ts77     dynamics     sesquiterpene     TS     runpoint      16     runisomer      222
6 -0.1718621 0.6868999 -0.0135484
1 -0.2881150 0.9856145 1.0557495
1 0.1142916 1.1964440 -0.9362271
1 0.7457626 -1.5761997 -0.2982277
8 0.0649331 -0.6906199 0.0214138
5
-114.656     ts77     dynamics     sesquiterpene     TS     runpoint      17     runisomer      222
6 -0.1785839 0.6866775 -0.0255278
1 -0.2967630 0.9651391 1.1288977
1 0.1423963 1.2232708 -0.9267705
1 0.6514518 -1.5631443 -0.3039741
8 0.0746924 -0.6916786 0.0255594
5
-114.659     ts77     dynamics     sesquiterpene     TS     runpoint      18     runisomer      222
6 -0.1845147 0.6848970 -0.0360165
1 -0.3020319 0.9480674 1.1708431
1 0.1696880 1.2527656 -0.9088490
1 0.5405274 -1.5017290 -0.3065484
8 0.0847424 -0.6949981 0.0298178
5
-114.666     ts77     dynamics     sesquiterpene     TS     runpoint      19     runisomer      222
6 -0.1899336 0.6815347 -0.0443552
1 -0.3034318 0.9337608 1.1747988
1 0.1964947 1.2827647 -0.8824016
1 0.4281255 -1.4162262 -0.3169253
8 0.0942874 -0.6988544 0.0348115
5
-114.658     ts77     dynamics     sesquiterpene     TS     runpoint      20     runisomer      222
6 -0.1950325 0.6765160 -0.0502674
1 -0.3012538 0.9224075 1.1396503
1 0.2229277 1.3110099 -0.8481667
1 0.3443090 -1.3738336 -0.3694593
8 0.1015886 -0.6988260 0.0426158
5
-114.655     ts77     dynamics     sesquiterpene     TS     runpoint      21     runisomer      222
6 -0.1999403 0.6699842 -0.0539061
1 -0.2964220 0.9147403 1.0694404
1 0.2489162 1.3355783 -0.8075662
1 0.2932914 -1.4097363 -0.4932236
8 0.1065413 -0.6927303 0.0550110
5
-114.693     ts77     dynamics     sesquiterpene     TS     runpoint      22     runisomer      222
6 -0.2047153 0.6623275 -0.0561224
1 -0.2907809 0.9126447 0.9765162
1 0.2743205 1.3550455 -0.7627450
1 0.2451131 -1.4505370 -0.6435813
8 0.1112011 -0.6855114 0.0691796
5
-114.698     ts77     dynamics     sesquiterpene     TS     runpoint      23     runisomer      222
6 -0.2092546 0.6537263 -0.0588244
1 -0.2877254 0.9207627 0.8871588
1 0.2990999 1.3682981 -0.7167032
1 0.1905060 -1.4551295 -0.7804138
8 0.1162918 -0.6801159 0.0825601
