5
-114.654160 ts77 dynamics sesquiterpene TS runpoint 1  runisomer  150
6 -0.0606278 0.6305602 0.0004887
1 -0.2119434 1.0624208 1.0099447
1 -0.0730506 1.1912331 -1.0298778
1 1.0247774 -0.0756542 -0.1336178
8 -0.0290826 -0.7473837 0.0093083
5
-114.641 ts77 dynamics sesquiterpene TS runpoint 2  runisomer  150
6 -0.0616891 0.627913 -0.00292037
1 -0.191448 1.06648 1.00861
1 -0.0546059 1.1145 -0.964978
1 0.991592 -0.0575473 -0.118454
8 -0.028649 -0.741959 0.00690547
5
-114.645     ts77     dynamics     sesquiterpene     TS     runpoint      3     runisomer      150
6 -0.0615072 0.6253240 -0.0053755
1 -0.1731033 1.0745842 0.9959297
1 -0.0435173 1.0438839 -0.8998890
1 0.9553189 -0.0380150 -0.0995933
8 -0.0283538 -0.7373081 0.0042582
5
-114.638     ts77     dynamics     sesquiterpene     TS     runpoint      4     runisomer      150
6 -0.0604145 0.6217273 -0.0040106
1 -0.1576811 1.0870802 0.9737360
1 -0.0402518 0.9995983 -0.8720089
1 0.9249135 -0.0181985 -0.0776539
8 -0.0284346 -0.7338545 0.0014933
5
-114.627     ts77     dynamics     sesquiterpene     TS     runpoint      5     runisomer      150
6 -0.0587425 0.6165875 0.0027304
1 -0.1462985 1.1051075 0.9468101
1 -0.0448359 0.9935785 -0.9063693
1 0.9098574 0.0015874 -0.0532228
8 -0.0291695 -0.7320026 -0.0012428
5
-114.634     ts77     dynamics     sesquiterpene     TS     runpoint      6     runisomer      150
6 -0.0565656 0.6108803 0.0121889
1 -0.1403521 1.1305561 0.9223720
1 -0.0577119 1.0157623 -0.9802786
1 0.9172121 0.0228365 -0.0268323
8 -0.0308314 -0.7320611 -0.0038063
5
-114.643     ts77     dynamics     sesquiterpene     TS     runpoint      7     runisomer      150
6 -0.0536362 0.6056929 0.0205394
1 -0.1412383 1.1647961 0.9066815
1 -0.0783638 1.0495287 -1.0558491
1 0.9485395 0.0496249 0.0010664
8 -0.0336468 -0.7341426 -0.0060789
5
-114.644     ts77     dynamics     sesquiterpene     TS     runpoint      8     runisomer      150
6 -0.0493796 0.6013822 0.0256686
1 -0.1499203 1.2064231 0.9009015
1 -0.1050908 1.0838490 -1.1099899
1 0.9993312 0.0884304 0.0300620
8 -0.0378105 -0.7381399 -0.0079798
5
-114.644     ts77     dynamics     sesquiterpene     TS     runpoint      9     runisomer      150
6 -0.0430606 0.5979099 0.0271097
1 -0.1665542 1.2503425 0.9006676
1 -0.1357338 1.1126618 -1.1329427
1 1.0614753 0.1462273 0.0595961
8 -0.0434906 -0.7437605 -0.0094616
5
-114.647     ts77     dynamics     sesquiterpene     TS     runpoint      10     runisomer      150
6 -0.0340844 0.5952251 0.0252207
1 -0.1903981 1.2894721 0.8995097
1 -0.1679794 1.1324116 -1.1218826
1 1.1259598 0.2273334 0.0887660
8 -0.0507570 -0.7505683 -0.0105075
5
-114.654     ts77     dynamics     sesquiterpene     TS     runpoint      11     runisomer      150
6 -0.0221781 0.5934221 0.0206354
1 -0.2200684 1.3171556 0.8922678
1 -0.1994735 1.1408228 -1.0778374
1 1.1839906 0.3314231 0.1162546
8 -0.0594939 -0.7580494 -0.0111200
5
-114.666     ts77     dynamics     sesquiterpene     TS     runpoint      12     runisomer      150
6 -0.0073458 0.5927236 0.0141122
1 -0.2539498 1.3285611 0.8765536
1 -0.2281140 1.1369226 -1.0055683
1 1.2276023 0.4541945 0.1404227
8 -0.0694323 -0.7657344 -0.0113141
5
-114.678     ts77     dynamics     sesquiterpene     TS     runpoint      13     runisomer      150
6 0.0102892 0.5932920 0.0066887
1 -0.2905204 1.3210934 0.8529054
1 -0.2528539 1.1223367 -0.9157180
1 1.2505204 0.5891286 0.1595298
8 -0.0802456 -0.7732726 -0.0111215
5
-114.687     ts77     dynamics     sesquiterpene     TS     runpoint      14     runisomer      150
6 0.0306847 0.5949032 -0.0000378
1 -0.3285810 1.2944401 0.8245264
1 -0.2756079 1.1038167 -0.8281744
1 1.2489250 0.7288186 0.1720050
8 -0.0916178 -0.7804376 -0.0105911
5
-114.687     ts77     dynamics     sesquiterpene     TS     runpoint      15     runisomer      150
6 0.0540501 0.5967728 -0.0040194
1 -0.3674894 1.2504576 0.7968245
1 -0.3033428 1.0940439 -0.7708162
1 1.2219960 0.8658001 0.1768116
8 -0.1032540 -0.7870857 -0.0097773
5
-114.683     ts77     dynamics     sesquiterpene     TS     runpoint      16     runisomer      150
6 0.0806149 0.5983084 -0.0041597
1 -0.4078953 1.1918960 0.7757499
1 -0.3440176 1.1025751 -0.7618578
1 1.1724321 0.9939938 0.1737026
8 -0.1149548 -0.7931640 -0.0087132
5
-114.689     ts77     dynamics     sesquiterpene     TS     runpoint      17     runisomer      150
6 0.1099521 0.5996822 -0.0016544
1 -0.4538415 1.1226954 0.7643519
1 -0.3973502 1.1229504 -0.7897493
1 1.1074490 1.1092560 0.1634132
8 -0.1266176 -0.7983825 -0.0074700
5
-114.654160 ts77 dynamics sesquiterpene TS runpoint 1  runisomer  150
6 -0.0606278 0.6305602 0.0004887
1 -0.2119434 1.0624208 1.0099447
1 -0.0730506 1.1912331 -1.0298778
1 1.0247774 -0.0756542 -0.1336178
8 -0.0290826 -0.7473837 0.0093083
5
-114.641 ts77 dynamics sesquiterpene TS runpoint 2  runisomer  150
6 -0.0581406 0.633803 0.00305723
1 -0.234137 1.06265 1.00061
1 -0.0974755 1.25983 -1.07282
1 1.04805 -0.0911857 -0.14453
8 -0.0294773 -0.753174 0.0113629
5
-114.632     ts77     dynamics     sesquiterpene     TS     runpoint      3     runisomer      150
6 -0.0542010 0.6377162 0.0039018
1 -0.2578434 1.0676840 0.9832263
1 -0.1261326 1.3123225 -1.0851414
1 1.0571376 -0.1035015 -0.1507982
8 -0.0297060 -0.7589583 0.0129960
5
-114.626     ts77     dynamics     sesquiterpene     TS     runpoint      4     runisomer      150
6 -0.0489344 0.6422083 0.0025938
1 -0.2830143 1.0780013 0.9615658
1 -0.1571948 1.3443530 -1.0648743
1 1.0502716 -0.1127420 -0.1522551
8 -0.0296808 -0.7644136 0.0141574
5
-114.628     ts77     dynamics     sesquiterpene     TS     runpoint      5     runisomer      150
6 -0.0426381 0.6472082 -0.0009813
1 -0.3094721 1.0935130 0.9394358
1 -0.1888095 1.3536109 -1.0138494
1 1.0280158 -0.1199487 -0.1490086
8 -0.0293423 -0.7692719 0.0148143
5
-114.635     ts77     dynamics     sesquiterpene     TS     runpoint      6     runisomer      150
6 -0.0358012 0.6527125 -0.0065135
1 -0.3365050 1.1130434 0.9195262
1 -0.2192512 1.3399356 -0.9377089
1 0.9933273 -0.1271400 -0.1414947
8 -0.0286631 -0.7733177 0.0149483
5
-114.644     ts77     dynamics     sesquiterpene     TS     runpoint      7     runisomer      150
6 -0.0290570 0.6586411 -0.0130234
1 -0.3625733 1.1341606 0.9030149
1 -0.2476688 1.3072917 -0.8484112
1 0.9515981 -0.1373869 -0.1305158
8 -0.0276589 -0.7763937 0.0145530
5
-114.649     ts77     dynamics     sesquiterpene     TS     runpoint      8     runisomer      150
6 -0.0229641 0.6644442 -0.0185567
1 -0.3854492 1.1537133 0.8901445
1 -0.2762088 1.2677829 -0.7684635
1 0.9103108 -0.1548190 -0.1172200
8 -0.0263878 -0.7783925 0.0136401
5
-114.64     ts77     dynamics     sesquiterpene     TS     runpoint      9     runisomer      150
6 -0.0176679 0.6689117 -0.0203699
1 -0.4027989 1.1688309 0.8810597
1 -0.3124973 1.2424936 -0.7299390
1 0.8778915 -0.1843393 -0.1029548
8 -0.0249379 -0.7792451 0.0122458
5
-114.632     ts77     dynamics     sesquiterpene     TS     runpoint      10     runisomer      150
6 -0.0132249 0.6714878 -0.0169136
1 -0.4128670 1.1777619 0.8761418
1 -0.3637513 1.2441018 -0.7514738
1 0.8618852 -0.2309758 -0.0889973
8 -0.0233981 -0.7789038 0.0104398
5
-114.642     ts77     dynamics     sesquiterpene     TS     runpoint      11     runisomer      150
6 -0.0105392 0.6736072 -0.0097364
1 -0.4149904 1.1801443 0.8758412
1 -0.4238639 1.2592803 -0.8156967
1 0.8670034 -0.2991018 -0.0762617
8 -0.0218132 -0.7773087 0.0083178
5
-114.656     ts77     dynamics     sesquiterpene     TS     runpoint      12     runisomer      150
6 -0.0107432 0.6768799 -0.0014942
1 -0.4097969 1.1768984 0.8805244
1 -0.4799629 1.2687354 -0.8925447
1 0.8935161 -0.3918362 -0.0651110
8 -0.0201216 -0.7743140 0.0059791
5
-114.666     ts77     dynamics     sesquiterpene     TS     runpoint      13     runisomer      150
6 -0.0143138 0.6817771 0.0058589
1 -0.3989913 1.1698771 0.8906388
1 -0.5232676 1.2626177 -0.9607412
1 0.9360801 -0.5105735 -0.0553113
8 -0.0180763 -0.7696799 0.0035048
5
-114.674     ts77     dynamics     sesquiterpene     TS     runpoint      14     runisomer      150
6 -0.0210934 0.6879215 0.0111526
1 -0.3846944 1.1612054 0.9066128
1 -0.5498908 1.2384947 -1.0083816
1 0.9831118 -0.6538348 -0.0461749
8 -0.0151755 -0.7631982 0.0009535
5
-114.682     ts77     dynamics     sesquiterpene     TS     runpoint      15     runisomer      150
6 -0.0305897 0.6946267 0.0137590
1 -0.3686226 1.1525058 0.9281566
1 -0.5587963 1.1974031 -1.0291727
1 1.0189074 -0.8154774 -0.0368893
8 -0.0107572 -0.7549068 -0.0016325
5
-114.689     ts77     dynamics     sesquiterpene     TS     runpoint      16     runisomer      150
6 -0.0421994 0.7012133 0.0135030
1 -0.3515715 1.1444276 0.9534473
1 -0.5506566 1.1421245 -1.0204198
1 1.0290704 -0.9842485 -0.0268546
8 -0.0042739 -0.7452230 -0.0042176
5
-114.695     ts77     dynamics     sesquiterpene     TS     runpoint      17     runisomer      150
6 -0.0552494 0.7070806 0.0107120
1 -0.3334960 1.1367354 0.9789587
1 -0.5279613 1.0770762 -0.9833342
1 1.0051820 -1.1460556 -0.0157868
8 0.0044541 -0.7348477 -0.0067655
5
-114.698     ts77     dynamics     sesquiterpene     TS     runpoint      18     runisomer      150
6 -0.0688846 0.7115963 0.0064163
1 -0.3140470 1.1288556 1.0002252
1 -0.4964553 1.0092112 -0.9261906
1 0.9458307 -1.2873407 -0.0035973
8 0.0152142 -0.7245620 -0.0092520
5
-114.694     ts77     dynamics     sesquiterpene     TS     runpoint      19     runisomer      150
6 -0.0818238 0.7139198 0.0027586
1 -0.2931677 1.1204946 1.0131255
1 -0.4677626 0.9491342 -0.8705583
1 0.8552045 -1.3975415 0.0097635
8 0.0275088 -0.7150510 -0.0116686
5
-114.679     ts77     dynamics     sesquiterpene     TS     runpoint      20     runisomer      150
6 -0.0923682 0.7130903 0.0029202
1 -0.2714655 1.1120375 1.0153089
1 -0.4590254 0.9092446 -0.8519178
1 0.7414652 -1.4706665 0.0244675
8 0.0406692 -0.7067760 -0.0140290
5
-114.667     ts77     dynamics     sesquiterpene     TS     runpoint      21     runisomer      150
6 -0.0995486 0.7086946 0.0084608
1 -0.2502634 1.1047676 1.0076816
1 -0.4793615 0.8948858 -0.8896632
1 0.6159993 -1.5075418 0.0411107
8 0.0539079 -0.6997936 -0.0163763
5
-114.672     ts77     dynamics     sesquiterpene     TS     runpoint      22     runisomer      150
6 -0.1041271 0.7011439 0.0168764
1 -0.2313070 1.1009166 0.9951253
1 -0.5183578 0.9003462 -0.9585992
1 0.4928223 -1.5198034 0.0613371
8 0.0663672 -0.6934592 -0.0188293
5
-114.672     ts77     dynamics     sesquiterpene     TS     runpoint      23     runisomer      150
6 -0.1073920 0.6909485 0.0246100
1 -0.2162075 1.1032153 0.9847822
1 -0.5607890 0.9176220 -1.0229728
1 0.3846013 -1.5310789 0.0886427
8 0.0773580 -0.6863340 -0.0216441
5
-114.662     ts77     dynamics     sesquiterpene     TS     runpoint      24     runisomer      150
6 -0.1102998 0.6785583 0.0295282
1 -0.2058726 1.1136197 0.9821043
1 -0.5971282 0.9409589 -1.0617339
1 0.2931604 -1.5607562 0.1275174
8 0.0869400 -0.6772950 -0.0251723
