5
-114.654160 ts77 dynamics sesquiterpene TS runpoint 1  runisomer  134
6 -0.0373337 0.6454156 -0.0113459
1 -0.2024600 1.2595977 0.9994650
1 -0.2464916 1.2462382 -0.9155465
1 0.8791664 -0.0434286 0.0599396
8 -0.0270531 -0.7764494 -0.0005519
5
-114.641 ts77 dynamics sesquiterpene TS runpoint 2  runisomer  134
6 -0.0407629 0.647587 -0.00843376
1 -0.206911 1.25336 0.974515
1 -0.238085 1.32018 -0.946928
1 0.932307 -0.0401595 0.0367677
8 -0.0280776 -0.782551 0.00227273
5
-114.641     ts77     dynamics     sesquiterpene     TS     runpoint      3     runisomer      134
6 -0.0444948 0.6511805 -0.0051847
1 -0.2104909 1.2321881 0.9340862
1 -0.2273240 1.3753175 -0.9642261
1 0.9978842 -0.0323131 0.0128904
8 -0.0298627 -0.7878824 0.0049773
5
-114.638     ts77     dynamics     sesquiterpene     TS     runpoint      4     runisomer      134
6 -0.0474277 0.6553550 -0.0028009
1 -0.2148047 1.2015878 0.8886049
1 -0.2139079 1.4060794 -0.9628313
1 1.0623028 -0.0140897 -0.0117021
8 -0.0322957 -0.7921721 0.0075154
5
-114.633     ts77     dynamics     sesquiterpene     TS     runpoint      5     runisomer      134
6 -0.0484362 0.6588055 -0.0027160
1 -0.2226563 1.1711390 0.8547659
1 -0.1984109 1.4104100 -0.9423449
1 1.1160912 0.0201408 -0.0362853
8 -0.0354115 -0.7952720 0.0098408
5
-114.63     ts77     dynamics     sesquiterpene     TS     runpoint      6     runisomer      134
6 -0.0465063 0.6601281 -0.0061784
1 -0.2372083 1.1508750 0.8499660
1 -0.1820046 1.3891120 -0.9056472
1 1.1541629 0.0754528 -0.0597500
8 -0.0393768 -0.7971300 0.0119067
5
-114.635     ts77     dynamics     sesquiterpene     TS     runpoint      7     runisomer      134
6 -0.0409777 0.6584638 -0.0129617
1 -0.2591350 1.1430825 0.8782469
1 -0.1666595 1.3466617 -0.8598709
1 1.1744544 0.1554236 -0.0808281
8 -0.0443897 -0.7977544 0.0136582
5
-114.649     ts77     dynamics     sesquiterpene     TS     runpoint      8     runisomer      134
6 -0.0316578 0.6535299 -0.0207712
1 -0.2849614 1.1407591 0.9255081
1 -0.1557734 1.2932819 -0.8186500
1 1.1763570 0.2608841 -0.0981162
8 -0.0505628 -0.7971866 0.0150305
5
-114.66     ts77     dynamics     sesquiterpene     TS     runpoint      9     runisomer      134
6 -0.0186033 0.6449625 -0.0263370
1 -0.3095512 1.1356528 0.9723583
1 -0.1547636 1.2451854 -0.8021177
1 1.1604635 0.3892864 -0.1100386
8 -0.0578721 -0.7954972 0.0159646
5
-114.668     ts77     dynamics     sesquiterpene     TS     runpoint      10     runisomer      134
6 -0.0021474 0.6326932 -0.0272402
1 -0.3288847 1.1231582 1.0045389
1 -0.1697560 1.2153447 -0.8258209
1 1.1304755 0.5347310 -0.1150593
8 -0.0661672 -0.7927877 0.0164253
5
-114.68     ts77     dynamics     sesquiterpene     TS     runpoint      11     runisomer      134
6 0.0166070 0.6180072 -0.0234843
1 -0.3409128 1.1019647 1.0145021
1 -0.2031667 1.1999932 -0.8831545
1 1.0958048 0.6892485 -0.1123229
8 -0.0751908 -0.7892030 0.0164201
5
-114.693     ts77     dynamics     sesquiterpene     TS     runpoint      12     runisomer      134
6 0.0358005 0.6028599 -0.0168133
1 -0.3455611 1.0726954 1.0000552
1 -0.2515379 1.1848379 -0.9513701
1 1.0696402 0.8459191 -0.1023666
8 -0.0846030 -0.7849112 0.0159970
5
-114.654160 ts77 dynamics sesquiterpene TS runpoint 1  runisomer  134
6 -0.0373337 0.6454156 -0.0113459
1 -0.2024600 1.2595977 0.9994650
1 -0.2464916 1.2462382 -0.9155465
1 0.8791664 -0.0434286 0.0599396
8 -0.0270531 -0.7764494 -0.0005519
5
-114.641 ts77 dynamics sesquiterpene TS runpoint 2  runisomer  134
6 -0.0350377 0.644851 -0.012671
1 -0.196516 1.24914 1.00402
1 -0.254577 1.16404 -0.881612
1 0.852425 -0.04746 0.0832411
8 -0.0269561 -0.769933 -0.00345105
5
-114.638     ts77     dynamics     sesquiterpene     TS     runpoint      3     runisomer      134
6 -0.0340224 0.6452346 -0.0108345
1 -0.1892687 1.2231027 0.9874514
1 -0.2669818 1.0889221 -0.8651376
1 0.8595434 -0.0557729 0.1076011
8 -0.0278418 -0.7633243 -0.0063577
5
-114.637     ts77     dynamics     sesquiterpene     TS     runpoint      4     runisomer      134
6 -0.0336991 0.6454716 -0.0047074
1 -0.1817986 1.1855262 0.9535258
1 -0.2889020 1.0337510 -0.8849619
1 0.8969433 -0.0691386 0.1327662
8 -0.0295306 -0.7568153 -0.0091546
5
-114.644     ts77     dynamics     sesquiterpene     TS     runpoint      5     runisomer      134
6 -0.0334062 0.6448792 0.0044852
1 -0.1763799 1.1442288 0.9126895
1 -0.3199161 0.9991547 -0.9378741
1 0.9525086 -0.0863370 0.1569427
8 -0.0316397 -0.7505040 -0.0116683
5
-114.648     ts77     dynamics     sesquiterpene     TS     runpoint      6     runisomer      134
6 -0.0327613 0.6429732 0.0131813
1 -0.1766547 1.1112876 0.8836262
1 -0.3535464 0.9782583 -1.0007186
1 1.0119326 -0.1053933 0.1777755
8 -0.0337323 -0.7444807 -0.0137143
5
-114.639     ts77     dynamics     sesquiterpene     TS     runpoint      7     runisomer      134
6 -0.0314723 0.6391726 0.0178745
1 -0.1864902 1.0986945 0.8859464
1 -0.3832633 0.9658977 -1.0516865
1 1.0633778 -0.1242639 0.1934142
8 -0.0354483 -0.7388684 -0.0151557
5
-114.629     ts77     dynamics     sesquiterpene     TS     runpoint      8     runisomer      134
6 -0.0294469 0.6335770 0.0173673
1 -0.2067389 1.1083279 0.9215793
1 -0.4051745 0.9598949 -1.0785459
1 1.0989150 -0.1412022 0.2028269
8 -0.0365495 -0.7338305 -0.0159213
5
-114.626     ts77     dynamics     sesquiterpene     TS     runpoint      9     runisomer      134
6 -0.0269353 0.6272210 0.0128559
1 -0.2339410 1.1306131 0.9717431
1 -0.4175588 0.9595108 -1.0767178
1 1.1140463 -0.1551026 0.2056107
8 -0.0368936 -0.7295664 -0.0159882
5
-114.626     ts77     dynamics     sesquiterpene     TS     runpoint      10     runisomer      134
6 -0.0243421 0.6213283 0.0061678
1 -0.2631735 1.1542576 1.0153194
1 -0.4201553 0.9645946 -1.0467028
1 1.1068368 -0.1659429 0.2017739
8 -0.0363799 -0.7262717 -0.0153654
5
-114.628     ts77     dynamics     sesquiterpene     TS     runpoint      11     runisomer      134
6 -0.0220552 0.6168462 -0.0011685
1 -0.2903587 1.1717073 1.0392119
1 -0.4141404 0.9755958 -0.9935460
1 1.0774990 -0.1752418 0.1916893
8 -0.0349136 -0.7241163 -0.0140797
5
-114.632     ts77     dynamics     sesquiterpene     TS     runpoint      12     runisomer      134
6 -0.0203920 0.6143951 -0.0077836
1 -0.3125732 1.1789612 1.0378316
1 -0.4027675 0.9942342 -0.9280148
1 1.0287090 -0.1864548 0.1762245
8 -0.0324050 -0.7232021 -0.0121852
5
-114.638     ts77     dynamics     sesquiterpene     TS     runpoint      13     runisomer      134
6 -0.0196006 0.6142746 -0.0121945
1 -0.3277619 1.1743661 1.0107028
1 -0.3919613 1.0243962 -0.8673771
1 0.9666419 -0.2052078 0.1569964
8 -0.0288125 -0.7235410 -0.0097759
5
-114.643     ts77     dynamics     sesquiterpene     TS     runpoint      14     runisomer      134
6 -0.0199833 0.6165771 -0.0131481
1 -0.3347505 1.1581568 0.9616369
1 -0.3885259 1.0710540 -0.8304222
1 0.9023265 -0.2389533 0.1365731
8 -0.0242513 -0.7250601 -0.0070115
5
-114.649     ts77     dynamics     sesquiterpene     TS     runpoint      15     runisomer      134
6 -0.0221371 0.6215485 -0.0107580
1 -0.3339690 1.1331190 0.8998423
1 -0.3945820 1.1343982 -0.8247353
1 0.8524452 -0.2948257 0.1183429
8 -0.0191606 -0.7276826 -0.0041220
5
-114.656     ts77     dynamics     sesquiterpene     TS     runpoint      16     runisomer      134
6 -0.0266919 0.6295201 -0.0070807
1 -0.3290032 1.1063379 0.8423111
1 -0.4051929 1.2056383 -0.8417904
1 0.8379265 -0.3752951 0.1057237
8 -0.0144746 -0.7313939 -0.0013870
5
-114.659     ts77     dynamics     sesquiterpene     TS     runpoint      17     runisomer      134
6 -0.0335348 0.6400403 -0.0051924
1 -0.3274587 1.0898023 0.8135581
1 -0.4135094 1.2723788 -0.8674342
1 0.8744782 -0.4779294 0.1004317
8 -0.0112194 -0.7359830 0.0009560
5
-114.668     ts77     dynamics     sesquiterpene     TS     runpoint      18     runisomer      134
6 -0.0419221 0.6520357 -0.0073750
1 -0.3363751 1.0931819 0.8322610
1 -0.4150651 1.3248446 -0.8905915
1 0.9506876 -0.6027359 0.1003492
8 -0.0090703 -0.7406374 0.0028789
5
-114.685     ts77     dynamics     sesquiterpene     TS     runpoint      19     runisomer      134
6 -0.0514560 0.6651112 -0.0133160
1 -0.3540759 1.1125054 0.8906105
1 -0.4081497 1.3572557 -0.9047857
1 1.0302085 -0.7480453 0.1010514
8 -0.0062493 -0.7445497 0.0045090
5
-114.695     ts77     dynamics     sesquiterpene     TS     runpoint      20     runisomer      134
6 -0.0621547 0.6794219 -0.0208771
1 -0.3729033 1.1354158 0.9624065
1 -0.3928748 1.3672995 -0.9073511
1 1.0822913 -0.9040141 0.0993183
8 -0.0012811 -0.7475352 0.0059280
5
-114.692     ts77     dynamics     sesquiterpene     TS     runpoint      21     runisomer      134
6 -0.0738940 0.6947627 -0.0279549
1 -0.3867733 1.1525369 1.0247952
1 -0.3706092 1.3559556 -0.8991104
1 1.0925352 -1.0570163 0.0937704
8 0.0063506 -0.7497671 0.0071369
5
-114.682     ts77     dynamics     sesquiterpene     TS     runpoint      22     runisomer      134
6 -0.0862500 0.7103515 -0.0329292
1 -0.3928483 1.1595895 1.0643204
1 -0.3439575 1.3279616 -0.8850958
1 1.0580167 -1.1941783 0.0841126
8 0.0164989 -0.7514991 0.0081034
5
-114.674     ts77     dynamics     sesquiterpene     TS     runpoint      23     runisomer      134
6 -0.0985897 0.7249807 -0.0343790
1 -0.3904652 1.1555247 1.0745042
1 -0.3167004 1.2920878 -0.8755172
1 0.9822865 -1.3050460 0.0705703
8 0.0286604 -0.7529702 0.0087982
5
-114.671     ts77     dynamics     sesquiterpene     TS     runpoint      24     runisomer      134
6 -0.1102357 0.7373057 -0.0310806
1 -0.3803056 1.1411386 1.0537186
1 -0.2926615 1.2588752 -0.8837441
1 0.8739280 -1.3827869 0.0536995
8 0.0420689 -0.7543169 0.0092135
5
-114.674     ts77     dynamics     sesquiterpene     TS     runpoint      25     runisomer      134
6 -0.1206822 0.7463431 -0.0228083
1 -0.3643203 1.1189309 1.0056819
1 -0.2733385 1.2341873 -0.9172853
1 0.7484562 -1.4278252 0.0344214
8 0.0555861 -0.7553022 0.0093617
5
-114.677     ts77     dynamics     sesquiterpene     TS     runpoint      26     runisomer      134
6 -0.1296186 0.7516488 -0.0113916
1 -0.3463854 1.0942502 0.9432071
1 -0.2571491 1.2151765 -0.9688769
1 0.6312490 -1.4557661 0.0138013
8 0.0675245 -0.7547669 0.0092833
5
-114.666     ts77     dynamics     sesquiterpene     TS     runpoint      27     runisomer      134
6 -0.1366606 0.7527365 -0.0007047
1 -0.3331531 1.0771058 0.8932597
1 -0.2418144 1.1953424 -1.0215922
1 0.5498674 -1.4988685 -0.0081499
8 0.0761349 -0.7505349 0.0091160
5
-114.647     ts77     dynamics     sesquiterpene     TS     runpoint      28     runisomer      134
6 -0.1413233 0.7488474 0.0049669
1 -0.3320643 1.0798421 0.8892119
1 -0.2262248 1.1705496 -1.0601780
1 0.5061148 -1.5700788 -0.0329613
8 0.0813377 -0.7417378 0.0091094
5
-114.644     ts77     dynamics     sesquiterpene     TS     runpoint      29     runisomer      134
6 -0.1436155 0.7399693 0.0043332
1 -0.3439034 1.1047772 0.9357278
1 -0.2104168 1.1401423 -1.0762245
1 0.4784879 -1.6417782 -0.0608093
8 0.0845481 -0.7302131 0.0094180
5
-114.65     ts77     dynamics     sesquiterpene     TS     runpoint      30     runisomer      134
6 -0.1441686 0.7272098 -0.0003001
1 -0.3617336 1.1404366 1.0016723
1 -0.1950172 1.1059273 -1.0681585
1 0.4512608 -1.6848631 -0.0903528
8 0.0868303 -0.7180150 0.0100906
5
-114.649     ts77     dynamics     sesquiterpene     TS     runpoint      31     runisomer      134
6 -0.1436106 0.7117147 -0.0061462
1 -0.3786725 1.1742356 1.0562787
1 -0.1808959 1.0715296 -1.0404260
1 0.4183839 -1.6854120 -0.1204051
8 0.0886585 -0.7063155 0.0111813
5
-114.647     ts77     dynamics     sesquiterpene     TS     runpoint      32     runisomer      134
6 -0.1423517 0.6941597 -0.0111141
1 -0.3908311 1.1983375 1.0830502
1 -0.1689693 1.0422834 -1.0034741
1 0.3790133 -1.6421443 -0.1507052
8 0.0902080 -0.6955456 0.0128011
5
-114.649     ts77     dynamics     sesquiterpene     TS     runpoint      33     runisomer      134
6 -0.1406720 0.6748913 -0.0135716
1 -0.3964578 1.2086175 1.0757071
1 -0.1599488 1.0247596 -0.9724991
1 0.3361388 -1.5668706 -0.1831199
8 0.0914335 -0.6853747 0.0151969
5
-114.654     ts77     dynamics     sesquiterpene     TS     runpoint      34     runisomer      134
6 -0.1388103 0.6542930 -0.0125468
1 -0.3950055 1.2031570 1.0339827
1 -0.1540601 1.0244796 -0.9608834
1 0.2975060 -1.4906142 -0.2250060
8 0.0920077 -0.6743636 0.0189627
5
-114.657     ts77     dynamics     sesquiterpene     TS     runpoint      35     runisomer      134
6 -0.1369891 0.6332504 -0.0085164
1 -0.3870061 1.1821309 0.9628522
1 -0.1509557 1.0419792 -0.9702224
1 0.2722443 -1.4553754 -0.2916588
8 0.0915332 -0.6605744 0.0252079
5
-114.67     ts77     dynamics     sesquiterpene     TS     runpoint      36     runisomer      134
6 -0.1353657 0.6132783 -0.0036812
1 -0.3748760 1.1496626 0.8750094
1 -0.1499267 1.0716773 -0.9897601
1 0.2579531 -1.4604778 -0.3900883
8 0.0903856 -0.6450935 0.0345478
