5
-114.654160 ts77 dynamics sesquiterpene TS runpoint 1  runisomer  37
6 -0.0416794 0.6017108 0.0018171
1 -0.2092822 1.1702925 0.8503551
1 -0.2054818 1.2625971 -0.9056992
1 0.8861826 -0.0620632 -0.0160713
8 -0.0263881 -0.7378908 0.0031367
5
-114.641 ts77 dynamics sesquiterpene TS runpoint 2  runisomer  37
6 -0.0382883 0.592197 0.000144286
1 -0.217707 1.15753 0.872128
1 -0.247939 1.3129 -0.953368
1 0.926863 -0.0660779 0.00881211
8 -0.0282893 -0.732866 0.0044557
5
-114.638     ts77     dynamics     sesquiterpene     TS     runpoint      3     runisomer      37
6 -0.0354260 0.5865781 -0.0038346
1 -0.2296901 1.1472977 0.9080653
1 -0.2867265 1.3406821 -0.9846550
1 0.9889582 -0.0672506 0.0331997
8 -0.0311497 -0.7296828 0.0056112
5
-114.635     ts77     dynamics     sesquiterpene     TS     runpoint      4     runisomer      37
6 -0.0324642 0.5850581 -0.0094637
1 -0.2431804 1.1351863 0.9469593
1 -0.3195644 1.3430001 -0.9945365
1 1.0584608 -0.0593196 0.0565226
8 -0.0348325 -0.7284260 0.0065357
5
-114.632     ts77     dynamics     sesquiterpene     TS     runpoint      5     runisomer      37
6 -0.0287608 0.5872667 -0.0158664
1 -0.2560110 1.1182046 0.9789457
1 -0.3447639 1.3198475 -0.9815502
1 1.1238556 -0.0353655 0.0777624
8 -0.0393359 -0.7290644 0.0071668
5
-114.633     ts77     dynamics     sesquiterpene     TS     runpoint      6     runisomer      37
6 -0.0238309 0.5923335 -0.0221930
1 -0.2663179 1.0955762 0.9974829
1 -0.3610395 1.2734935 -0.9469961
1 1.1785014 0.0109863 0.0957316
8 -0.0448037 -0.7314393 0.0074363
5
-114.641     ts77     dynamics     sesquiterpene     TS     runpoint      7     runisomer      37
6 -0.0173231 0.5989903 -0.0275514
1 -0.2728096 1.0683515 0.9995291
1 -0.3681755 1.2093906 -0.8962784
1 1.2192194 0.0841511 0.1091927
8 -0.0513947 -0.7352879 0.0072830
5
-114.651     ts77     dynamics     sesquiterpene     TS     runpoint      8     runisomer      37
6 -0.0087782 0.6056399 -0.0307366
1 -0.2751457 1.0388923 0.9854245
1 -0.3690292 1.1382806 -0.8422507
1 1.2436098 0.1856348 0.1167746
8 -0.0591431 -0.7403344 0.0066797
5
-114.659     ts77     dynamics     sesquiterpene     TS     runpoint      9     runisomer      37
6 0.0026884 0.6104285 -0.0300680
1 -0.2743557 1.0105653 0.9590957
1 -0.3719315 1.0769738 -0.8077133
1 1.2487321 0.3140519 0.1169764
8 -0.0679364 -0.7463695 0.0056482
5
-114.665     ts77     dynamics     sesquiterpene     TS     runpoint      10     runisomer      37
6 0.0181170 0.6119373 -0.0243287
1 -0.2732170 0.9875745 0.9284655
1 -0.3873781 1.0402735 -0.8149373
1 1.2320801 0.4652664 0.1085023
8 -0.0775619 -0.7532678 0.0042611
5
-114.68     ts77     dynamics     sesquiterpene     TS     runpoint      11     runisomer      37
6 0.0374810 0.6103282 -0.0148553
1 -0.2763012 0.9744087 0.9047394
1 -0.4154869 1.0270165 -0.8606609
1 1.1943159 0.6324465 0.0909402
8 -0.0877459 -0.7609298 0.0026356
5
-114.698     ts77     dynamics     sesquiterpene     TS     runpoint      12     runisomer      37
6 0.0592930 0.6068547 -0.0048926
1 -0.2886488 0.9739303 0.8977861
1 -0.4455773 1.0253343 -0.9194867
1 1.1424300 0.8071466 0.0653732
8 -0.0981682 -0.7691959 0.0009176
5
-114.654160 ts77 dynamics sesquiterpene TS runpoint 1  runisomer  37
6 -0.0416794 0.6017108 0.0018171
1 -0.2092822 1.1702925 0.8503551
1 -0.2054818 1.2625971 -0.9056992
1 0.8861826 -0.0620632 -0.0160713
8 -0.0263881 -0.7378908 0.0031367
5
-114.641 ts77 dynamics sesquiterpene TS runpoint 2  runisomer  37
6 -0.04589 0.614211 0.00143997
1 -0.205562 1.18864 0.850411
1 -0.162817 1.19823 -0.853629
1 0.876697 -0.0596977 -0.0413435
8 -0.0255543 -0.744519 0.00172738
5
-114.642     ts77     dynamics     sesquiterpene     TS     runpoint      3     runisomer      37
6 -0.0506184 0.6278870 0.0010018
1 -0.2062457 1.2113965 0.8714516
1 -0.1246979 1.1371977 -0.8213516
1 0.8977398 -0.0609625 -0.0667458
8 -0.0256915 -0.7522879 0.0002959
5
-114.637     ts77     dynamics     sesquiterpene     TS     runpoint      4     runisomer      37
6 -0.0551952 0.6405000 0.0037011
1 -0.2100476 1.2338374 0.9046512
1 -0.0948665 1.1007323 -0.8400262
1 0.9390253 -0.0657464 -0.0912605
8 -0.0264999 -0.7605662 -0.0011002
5
-114.638     ts77     dynamics     sesquiterpene     TS     runpoint      5     runisomer      37
6 -0.0591059 0.6512357 0.0105840
1 -0.2156356 1.2510306 0.9388676
1 -0.0730057 1.0924526 -0.9134092
1 0.9869528 -0.0729578 -0.1133070
8 -0.0276116 -0.7687279 -0.0024075
5
-114.644     ts77     dynamics     sesquiterpene     TS     runpoint      6     runisomer      37
6 -0.0619767 0.6607941 0.0193879
1 -0.2220866 1.2598666 0.9654135
1 -0.0576088 1.0977328 -1.0083243
1 1.0297135 -0.0813295 -0.1313009
8 -0.0287173 -0.7762609 -0.0035724
5
-114.64     ts77     dynamics     sesquiterpene     TS     runpoint      7     runisomer      37
6 -0.0634771 0.6696490 0.0276103
1 -0.2289160 1.2593412 0.9794232
1 -0.0483717 1.1045522 -1.0920155
1 1.0589699 -0.0899707 -0.1440119
8 -0.0295877 -0.7827567 -0.0045497
5
-114.627     ts77     dynamics     sesquiterpene     TS     runpoint      8     runisomer      37
6 -0.0634133 0.6777141 0.0337488
1 -0.2360600 1.2503167 0.9797342
1 -0.0453345 1.1078852 -1.1465885
1 1.0697057 -0.0988070 -0.1506694
8 -0.0300546 -0.7878930 -0.0053182
5
-114.617     ts77     dynamics     sesquiterpene     TS     runpoint      9     runisomer      37
6 -0.0617623 0.6846521 0.0369466
1 -0.2439091 1.2352804 0.9685664
1 -0.0483476 1.1063667 -1.1644471
1 1.0596323 -0.1088412 -0.1509605
8 -0.0299756 -0.7914235 -0.0058704
5
-114.615     ts77     dynamics     sesquiterpene     TS     runpoint      10     runisomer      37
6 -0.0586647 0.6900962 0.0366230
1 -0.2533383 1.2179966 0.9510340
1 -0.0570147 1.1000918 -1.1435115
1 1.0288510 -0.1223446 -0.1450395
8 -0.0292215 -0.7931744 -0.0062145
5
-114.623     ts77     dynamics     sesquiterpene     TS     runpoint      11     runisomer      37
6 -0.0544445 0.6937828 0.0324707
1 -0.2655697 1.2026659 0.9338515
1 -0.0706899 1.0900351 -1.0858787
1 0.9799956 -0.1431107 -0.1335891
8 -0.0276799 -0.7930328 -0.0063707
5
-114.637     ts77     dynamics     sesquiterpene     TS     runpoint      12     runisomer      37
6 -0.0496617 0.6956492 0.0248758
1 -0.2816429 1.1923332 0.9226871
1 -0.0885009 1.0787585 -1.0000859
1 0.9188903 -0.1766655 -0.1179523
8 -0.0252861 -0.7909583 -0.0063610
5
-114.651     ts77     dynamics     sesquiterpene     TS     runpoint      13     runisomer      37
6 -0.0451094 0.6957493 0.0156732
1 -0.3016153 1.1873842 0.9193506
1 -0.1097862 1.0727871 -0.9073898
1 0.8557973 -0.2296298 -0.1002576
8 -0.0221293 -0.7870089 -0.0062027
5
-114.653     ts77     dynamics     sesquiterpene     TS     runpoint      14     runisomer      37
6 -0.0415441 0.6938520 0.0085403
1 -0.3242581 1.1856276 0.9215206
1 -0.1356165 1.0856251 -0.8465479
1 0.8078106 -0.3062379 -0.0834082
8 -0.0187278 -0.7814583 -0.0058848
5
-114.645     ts77     dynamics     sesquiterpene     TS     runpoint      15     runisomer      37
6 -0.0393165 0.6895893 0.0067283
1 -0.3477336 1.1839900 0.9254050
1 -0.1690784 1.1303849 -0.8502379
1 0.8018372 -0.4025540 -0.0706932
8 -0.0164375 -0.7749092 -0.0053406
5
-114.655     ts77     dynamics     sesquiterpene     TS     runpoint      16     runisomer      37
6 -0.0386023 0.6838308 0.0091560
1 -0.3705817 1.1800484 0.9282723
1 -0.2090378 1.1986498 -0.9017290
1 0.8617735 -0.5117780 -0.0639997
8 -0.0167965 -0.7677608 -0.0045226
5
-114.684     ts77     dynamics     sesquiterpene     TS     runpoint      17     runisomer      37
6 -0.0394943 0.6780693 0.0127223
1 -0.3920743 1.1723852 0.9287348
1 -0.2495519 1.2688475 -0.9624327
1 0.9657835 -0.6390921 -0.0612311
8 -0.0187776 -0.7593577 -0.0035798
5
-114.698     ts77     dynamics     sesquiterpene     TS     runpoint      18     runisomer      37
6 -0.0418572 0.6732332 0.0154404
1 -0.4120668 1.1604486 0.9263937
1 -0.2855991 1.3254555 -1.0081934
1 1.0632494 -0.7852102 -0.0590723
8 -0.0196188 -0.7493394 -0.0027275
5
-114.688     ts77     dynamics     sesquiterpene     TS     runpoint      19     runisomer      37
6 -0.0454514 0.6697171 0.0164420
1 -0.4307137 1.1444355 0.9218110
1 -0.3142828 1.3608015 -1.0290334
1 1.1222187 -0.9392090 -0.0559489
8 -0.0176594 -0.7382172 -0.0020782
5
-114.673     ts77     dynamics     sesquiterpene     TS     runpoint      20     runisomer      37
6 -0.0500210 0.6675950 0.0153880
1 -0.4482521 1.1251486 0.9164372
1 -0.3339340 1.3716860 -1.0220961
1 1.1319079 -1.0875552 -0.0515803
8 -0.0125006 -0.7267493 -0.0016644
5
-114.664     ts77     dynamics     sesquiterpene     TS     runpoint      21     runisomer      37
6 -0.0553109 0.6667840 0.0122008
1 -0.4649008 1.1036994 0.9122160
1 -0.3435674 1.3573110 -0.9880769
1 1.0922591 -1.2183884 -0.0461928
8 -0.0043814 -0.7156402 -0.0014928
5
-114.665     ts77     dynamics     sesquiterpene     TS     runpoint      22     runisomer      37
6 -0.0610394 0.6671429 0.0070952
1 -0.4807703 1.0810871 0.9108981
1 -0.3430407 1.3190473 -0.9308609
1 1.0073997 -1.3218065 -0.0401857
8 0.0062273 -0.7055576 -0.0015661
5
-114.675     ts77     dynamics     sesquiterpene     TS     runpoint      23     runisomer      37
6 -0.0668264 0.6683678 0.0008470
1 -0.4957277 1.0578952 0.9133131
1 -0.3340566 1.2621881 -0.8600449
1 0.8835916 -1.3895639 -0.0340565
8 0.0187433 -0.6971643 -0.0018821
5
-114.687     ts77     dynamics     sesquiterpene     TS     runpoint      24     runisomer      37
6 -0.0720585 0.6695513 -0.0046916
1 -0.5093184 1.0343722 0.9189465
1 -0.3222671 1.1999976 -0.7966651
1 0.7314473 -1.4174994 -0.0284731
8 0.0323655 -0.6908911 -0.0024301
5
-114.685     ts77     dynamics     sesquiterpene     TS     runpoint      25     runisomer      37
6 -0.0758218 0.6688505 -0.0063791
1 -0.5208902 1.0109107 0.9260992
1 -0.3186022 1.1553794 -0.7759984
1 0.5728071 -1.4160042 -0.0244537
8 0.0456801 -0.6861703 -0.0031736
5
-114.668     ts77     dynamics     sesquiterpene     TS     runpoint      26     runisomer      37
6 -0.0775569 0.6649543 -0.0020555
1 -0.5300830 0.9884946 0.9328301
1 -0.3312091 1.1430869 -0.8216356
1 0.4453734 -1.4301412 -0.0235689
8 0.0563816 -0.6801684 -0.0040255
5
-114.658     ts77     dynamics     sesquiterpene     TS     runpoint      27     runisomer      37
6 -0.0779341 0.6590332 0.0063298
1 -0.5374307 0.9687840 0.9382148
1 -0.3540648 1.1496244 -0.9098445
1 0.3679886 -1.5104428 -0.0269208
8 0.0634412 -0.6698355 -0.0048920
5
-114.672     ts77     dynamics     sesquiterpene     TS     runpoint      28     runisomer      37
6 -0.0779476 0.6530818 0.0154201
1 -0.5443724 0.9538354 0.9424943
1 -0.3770460 1.1560057 -1.0016603
1 0.3108102 -1.6171758 -0.0331781
8 0.0689365 -0.6581063 -0.0058063
5
-114.664     ts77     dynamics     sesquiterpene     TS     runpoint      29     runisomer      37
6 -0.0782092 0.6484213 0.0230855
1 -0.5526078 0.9454722 0.9462540
1 -0.3947360 1.1532535 -1.0731418
1 0.2527781 -1.6962377 -0.0405819
8 0.0744204 -0.6489271 -0.0068275
5
-114.643     ts77     dynamics     sesquiterpene     TS     runpoint      30     runisomer      37
6 -0.0791034 0.6456939 0.0283721
1 -0.5633066 0.9447667 0.9495506
1 -0.4053509 1.1392686 -1.1137227
1 0.1880401 -1.7242208 -0.0480346
8 0.0805101 -0.6441922 -0.0079793
5
-114.632     ts77     dynamics     sesquiterpene     TS     runpoint      31     runisomer      37
6 -0.0809988 0.6450587 0.0309661
1 -0.5765130 0.9518223 0.9514585
1 -0.4084877 1.1147730 -1.1195649
1 0.1157683 -1.6966987 -0.0548688
8 0.0875130 -0.6443502 -0.0092508
5
-114.639     ts77     dynamics     sesquiterpene     TS     runpoint      32     runisomer      37
6 -0.0842394 0.6463263 0.0308947
1 -0.5910586 0.9657198 0.9502517
1 -0.4041059 1.0815831 -1.0902782
1 0.0369964 -1.6218822 -0.0608248
8 0.0955448 -0.6487986 -0.0105959
5
-114.658     ts77     dynamics     sesquiterpene     TS     runpoint      33     runisomer      37
6 -0.0890753 0.6490412 0.0284651
1 -0.6050537 0.9847814 0.9441281
1 -0.3926565 1.0426018 -1.0290259
1 -0.0485661 -1.5276321 -0.0667358
8 0.1047224 -0.6555194 -0.0118784
5
-114.668     ts77     dynamics     sesquiterpene     TS     runpoint      34     runisomer      37
6 -0.0955808 0.6524783 0.0245010
1 -0.6165647 1.0071089 0.9321086
1 -0.3762223 1.0031775 -0.9461702
1 -0.1517280 -1.4706817 -0.0758332
8 0.1157901 -0.6606086 -0.0127982
5
-114.672     ts77     dynamics     sesquiterpene     TS     runpoint      35     runisomer      37
6 -0.1034643 0.6556254 0.0209335
1 -0.6242695 1.0311675 0.9146964
1 -0.3607958 0.9736194 -0.8666622
1 -0.2903562 -1.4782451 -0.0907716
8 0.1299497 -0.6621475 -0.0130966
5
-114.683     ts77     dynamics     sesquiterpene     TS     runpoint      36     runisomer      37
6 -0.1119337 0.6571937 0.0209512
1 -0.6279102 1.0560594 0.8941307
1 -0.3570610 0.9694818 -0.8318809
1 -0.4498269 -1.4959926 -0.1075332
8 0.1463440 -0.6635154 -0.0129534
5
-114.679     ts77     dynamics     sesquiterpene     TS     runpoint      37     runisomer      37
6 -0.1203600 0.6563910 0.0261443
1 -0.6284775 1.0813999 0.8743543
1 -0.3706591 0.9992221 -0.8655110
1 -0.6024398 -1.4836624 -0.1216789
8 0.1631714 -0.6671606 -0.0125964
5
-114.683     ts77     dynamics     sesquiterpene     TS     runpoint      38     runisomer      37
6 -0.1290211 0.6539212 0.0336894
1 -0.6279789 1.1071159 0.8601946
1 -0.3928370 1.0511550 -0.9391916
1 -0.7305069 -1.4325894 -0.1312366
8 0.1791011 -0.6734196 -0.0121234
5
-114.682     ts77     dynamics     sesquiterpene     TS     runpoint      39     runisomer      37
6 -0.1382156 0.6509103 0.0400079
1 -0.6282670 1.1328616 0.8551493
1 -0.4129462 1.1079194 -1.0139086
1 -0.8242943 -1.3468996 -0.1356125
8 0.1931906 -0.6817608 -0.0115657
5
-114.672     ts77     dynamics     sesquiterpene     TS     runpoint      40     runisomer      37
6 -0.1478598 0.6481837 0.0432491
1 -0.6297838 1.1571701 0.8595456
1 -0.4257905 1.1579432 -1.0676583
1 -0.8773334 -1.2340898 -0.1347251
8 0.2046699 -0.6915092 -0.0109477
5
-114.664     ts77     dynamics     sesquiterpene     TS     runpoint      41     runisomer      37
6 -0.1577449 0.6464489 0.0429362
1 -0.6313196 1.1772238 0.8706791
1 -0.4298092 1.1948738 -1.0914005
1 -0.8844595 -1.1026948 -0.1286981
8 0.2128818 -0.7020784 -0.0103027
5
-114.664     ts77     dynamics     sesquiterpene     TS     runpoint      42     runisomer      37
6 -0.1677077 0.6463827 0.0392604
1 -0.6307504 1.1897137 0.8845020
1 -0.4248706 1.2152700 -1.0824173
1 -0.8435251 -0.9629127 -0.1180200
8 0.2174269 -0.7129089 -0.0096597
5
-114.671     ts77     dynamics     sesquiterpene     TS     runpoint      43     runisomer      37
6 -0.1776213 0.6485117 0.0326789
1 -0.6259210 1.1920406 0.8974267
1 -0.4112951 1.2175495 -1.0414455
1 -0.7624302 -0.8281558 -0.1042139
8 0.2185916 -0.7232881 -0.0089935
5
-114.678     ts77     dynamics     sesquiterpene     TS     runpoint      44     runisomer      37
6 -0.1872595 0.6531450 0.0238703
1 -0.6152902 1.1830122 0.9073301
1 -0.3898189 1.2023174 -0.9730654
1 -0.6732020 -0.7150779 -0.0910886
8 0.2181753 -0.7323606 -0.0081505
5
-114.667     ts77     dynamics     sesquiterpene     TS     runpoint      45     runisomer      37
6 -0.1961611 0.6602729 0.0140380
1 -0.5983694 1.1629825 0.9138531
1 -0.3624150 1.1745892 -0.8895903
1 -0.6392705 -0.6356688 -0.0850621
8 0.2199188 -0.7397039 -0.0068314
5
-114.65     ts77     dynamics     sesquiterpene     TS     runpoint      46     runisomer      37
6 -0.2036738 0.6688622 0.0055083
1 -0.5759123 1.1339552 0.9183332
1 -0.3334755 1.1486418 -0.8184938
1 -0.6914503 -0.5895091 -0.0888051
8 0.2256017 -0.7455936 -0.0049638
5
-114.648     ts77     dynamics     sesquiterpene     TS     runpoint      47     runisomer      37
6 -0.2092591 0.6762744 0.0016257
1 -0.5496942 1.0996810 0.9236268
1 -0.3086213 1.1487751 -0.8015114
1 -0.7841534 -0.5758856 -0.0975503
8 0.2324124 -0.7498639 -0.0029103
5
-114.646     ts77     dynamics     sesquiterpene     TS     runpoint      48     runisomer      37
6 -0.2130384 0.6804620 0.0033433
1 -0.5220555 1.0651109 0.9339673
1 -0.2880961 1.1855828 -0.8537512
1 -0.8734544 -0.5901152 -0.1067773
8 0.2378364 -0.7522524 -0.0009826
5
-114.653     ts77     dynamics     sesquiterpene     TS     runpoint      49     runisomer      37
6 -0.2156011 0.6819410 0.0072609
1 -0.4952085 1.0351187 0.9536012
1 -0.2672546 1.2399526 -0.9387315
1 -0.9374266 -0.6243172 -0.1142338
8 0.2407818 -0.7527441 0.0006586
5
-114.649     ts77     dynamics     sesquiterpene     TS     runpoint      50     runisomer      37
6 -0.2172815 0.6818417 0.0100751
1 -0.4701407 1.0128180 0.9833192
1 -0.2440075 1.2909024 -1.0174402
1 -0.9658883 -0.6726065 -0.1188422
8 0.2407888 -0.7514333 0.0019191
5
-114.639     ts77     dynamics     sesquiterpene     TS     runpoint      51     runisomer      37
6 -0.2181380 0.6809739 0.0105361
1 -0.4462448 0.9988323 1.0183700
1 -0.2187255 1.3275984 -1.0694597
1 -0.9533213 -0.7326737 -0.1199674
8 0.2375375 -0.7484289 0.0027071
5
-114.637     ts77     dynamics     sesquiterpene     TS     runpoint      52     runisomer      37
6 -0.2180882 0.6799437 0.0087450
1 -0.4221660 0.9921706 1.0504941
1 -0.1923881 1.3457452 -1.0867196
1 -0.8967280 -0.8047377 -0.1172105
8 0.2307553 -0.7438401 0.0029341
5
-114.649     ts77     dynamics     sesquiterpene     TS     runpoint      53     runisomer      37
6 -0.2170155 0.6791679 0.0052807
1 -0.3968063 0.9915130 1.0717109
1 -0.1658919 1.3441086 -1.0671720
1 -0.7980834 -0.8894244 -0.1106402
8 0.2204646 -0.7377779 0.0025440
5
-114.671     ts77     dynamics     sesquiterpene     TS     runpoint      54     runisomer      37
6 -0.2148917 0.6787460 0.0007915
1 -0.3697223 0.9958715 1.0767400
1 -0.1399133 1.3234024 -1.0126116
1 -0.6739837 -0.9872355 -0.1018528
8 0.2077057 -0.7302690 0.0015976
5
-114.688     ts77     dynamics     sesquiterpene     TS     runpoint      55     runisomer      37
6 -0.2118675 0.6782739 -0.0039653
1 -0.3410625 1.0046978 1.0638228
1 -0.1146691 1.2872193 -0.9300984
1 -0.5707895 -1.1061860 -0.0960123
8 0.1955356 -0.7206969 0.0004084
5
-114.693     ts77     dynamics     sesquiterpene     TS     runpoint      56     runisomer      37
6 -0.2083527 0.6766101 -0.0077161
1 -0.3113954 1.0178252 1.0350715
1 -0.0890065 1.2454736 -0.8371561
1 -0.5309872 -1.2642859 -0.0985062
8 0.1869017 -0.7076845 -0.0006708
5
-114.705     ts77     dynamics     sesquiterpene     TS     runpoint      57     runisomer      37
6 -0.2050777 0.6718011 -0.0082240
1 -0.2816701 1.0355975 0.9969273
1 -0.0584736 1.2189223 -0.7674460
1 -0.5161677 -1.4380903 -0.1046507
8 0.1797115 -0.6925741 -0.0018974
5
-114.691     ts77     dynamics     sesquiterpene     TS     runpoint      58     runisomer      37
6 -0.2029419 0.6619478 -0.0035698
1 -0.2531600 1.0591258 0.9600797
1 -0.0157863 1.2301328 -0.7554227
1 -0.4894427 -1.5864516 -0.1091481
8 0.1719370 -0.6780239 -0.0035466
5
-114.675     ts77     dynamics     sesquiterpene     TS     runpoint      59     runisomer      37
6 -0.2021843 0.6476903 0.0045177
1 -0.2270366 1.0900857 0.9367214
1 0.0393304 1.2729021 -0.7940887
1 -0.4435835 -1.6888772 -0.1104405
8 0.1633577 -0.6655205 -0.0056311
5
-114.667     ts77     dynamics     sesquiterpene     TS     runpoint      60     runisomer      37
6 -0.2022450 0.6316132 0.0124734
1 -0.2038234 1.1286316 0.9333062
1 0.0978339 1.3202879 -0.8491596
1 -0.3824092 -1.7395641 -0.1085330
8 0.1543982 -0.6556823 -0.0080402
5
-114.657     ts77     dynamics     sesquiterpene     TS     runpoint      61     runisomer      37
6 -0.2026523 0.6161176 0.0184817
1 -0.1833786 1.1706282 0.9456551
1 0.1512196 1.3532210 -0.8965727
1 -0.3112288 -1.7374944 -0.1036878
8 0.1455644 -0.6489103 -0.0106497
5
-114.651     ts77     dynamics     sesquiterpene     TS     runpoint      62     runisomer      37
6 -0.2033502 0.6032104 0.0223707
1 -0.1651631 1.2085904 0.9634759
1 0.1949489 1.3635229 -0.9254084
1 -0.2341001 -1.6813013 -0.0959402
8 0.1373225 -0.6458092 -0.0133675
5
-114.654     ts77     dynamics     sesquiterpene     TS     runpoint      63     runisomer      37
6 -0.2044654 0.5944805 0.0244756
1 -0.1485111 1.2352992 0.9774167
1 0.2271245 1.3488671 -0.9313862
1 -0.1555193 -1.5743781 -0.0854540
8 0.1301302 -0.6467577 -0.0161155
5
-114.663     ts77     dynamics     sesquiterpene     TS     runpoint      64     runisomer      37
6 -0.2059265 0.5907819 0.0250915
1 -0.1332139 1.2459742 0.9819389
1 0.2467266 1.3097287 -0.9133332
1 -0.0876406 -1.4503335 -0.0744356
8 0.1247490 -0.6500065 -0.0187007
5
-114.644     ts77     dynamics     sesquiterpene     TS     runpoint      65     runisomer      37
6 -0.2074641 0.5921490 0.0244069
1 -0.1197165 1.2386774 0.9753133
1 0.2531662 1.2487051 -0.8725763
1 -0.0602227 -1.4206612 -0.0701189
8 0.1229165 -0.6485990 -0.0206158
5
-114.634     ts77     dynamics     sesquiterpene     TS     runpoint      66     runisomer      37
6 -0.2090065 0.5981463 0.0226841
1 -0.1088192 1.2146190 0.9594504
1 0.2475429 1.1720787 -0.8147969
1 -0.0819619 -1.5343780 -0.0744142
8 0.1251103 -0.6395907 -0.0217002
5
-114.678     ts77     dynamics     sesquiterpene     TS     runpoint      67     runisomer      37
6 -0.2110858 0.6078632 0.0206358
1 -0.1013796 1.1784241 0.9400707
1 0.2355537 1.0927638 -0.7544713
1 -0.1215688 -1.6598557 -0.0781605
8 0.1294499 -0.6316988 -0.0225135
5
-114.666     ts77     dynamics     sesquiterpene     TS     runpoint      68     runisomer      37
6 -0.2148845 0.6192472 0.0198028
1 -0.0980270 1.1374890 0.9263225
1 0.2309351 1.0313559 -0.7191269
1 -0.1658035 -1.7393561 -0.0776154
8 0.1351647 -0.6287844 -0.0232906
5
-114.638     ts77     dynamics     sesquiterpene     TS     runpoint      69     runisomer      37
6 -0.2216444 0.6298889 0.0216433
1 -0.0987268 1.1003171 0.9286950
1 0.2495339 1.0059795 -0.7365396
1 -0.2108903 -1.7612878 -0.0720073
8 0.1419471 -0.6314470 -0.0240841
5
-114.635     ts77     dynamics     sesquiterpene     TS     runpoint      70     runisomer      37
6 -0.2309384 0.6390213 0.0250113
1 -0.1026092 1.0731822 0.9537971
1 0.2881658 1.0140263 -0.7994086
1 -0.2542218 -1.7251641 -0.0613206
8 0.1494589 -0.6393738 -0.0249116
5
-114.656     ts77     dynamics     sesquiterpene     TS     runpoint      71     runisomer      37
6 -0.2410063 0.6471550 0.0274434
1 -0.1088623 1.0571236 0.9983382
1 0.3285171 1.0409403 -0.8745407
1 -0.2926691 -1.6329212 -0.0458613
8 0.1572852 -0.6519751 -0.0257910
5
-114.677     ts77     dynamics     sesquiterpene     TS     runpoint      72     runisomer      37
6 -0.2503170 0.6547055 0.0278665
1 -0.1175896 1.0489538 1.0499547
1 0.3566701 1.0757113 -0.9361029
1 -0.3257229 -1.4951753 -0.0264550
8 0.1651278 -0.6679974 -0.0267126
5
-114.688     ts77     dynamics     sesquiterpene     TS     runpoint      73     runisomer      37
6 -0.2578557 0.6617186 0.0264323
1 -0.1294841 1.0447879 1.0946065
1 0.3661439 1.1120733 -0.9711033
1 -0.3678774 -1.3484595 -0.0039445
8 0.1735912 -0.6845328 -0.0276709
5
-114.672     ts77     dynamics     sesquiterpene     TS     runpoint      74     runisomer      37
6 -0.2629468 0.6681234 0.0236290
1 -0.1452674 1.0420735 1.1220062
1 0.3547451 1.1463475 -0.9743281
1 -0.4657448 -1.2566383 0.0237207
8 0.1852880 -0.6971135 -0.0288427
5
-114.673     ts77     dynamics     sesquiterpene     TS     runpoint      75     runisomer      37
6 -0.2651831 0.6739854 0.0198877
1 -0.1654292 1.0397618 1.1268818
1 0.3226298 1.1764188 -0.9449758
1 -0.6225891 -1.2132856 0.0586725
8 0.2001404 -0.7059950 -0.0304035
5
-114.691     ts77     dynamics     sesquiterpene     TS     runpoint      76     runisomer      37
6 -0.2644724 0.6793625 0.0155546
1 -0.1900639 1.0377438 1.1084590
1 0.2720232 1.2015446 -0.8860054
1 -0.7752162 -1.1719849 0.0955110
8 0.2139627 -0.7140902 -0.0320376
5
-114.686     ts77     dynamics     sesquiterpene     TS     runpoint      77     runisomer      37
6 -0.2611325 0.6839984 0.0110870
1 -0.2189230 1.0365489 1.0702854
1 0.2083240 1.2234261 -0.8060754
1 -0.8880054 -1.1197457 0.1293487
8 0.2243949 -0.7221644 -0.0334578
5
-114.675     ts77     dynamics     sesquiterpene     TS     runpoint      78     runisomer      37
6 -0.2560219 0.6870202 0.0073452
1 -0.2517003 1.0374960 1.0210219
1 0.1421602 1.2495030 -0.7235927
1 -0.9497817 -1.0579737 0.1576603
8 0.2306854 -0.7300280 -0.0345367
5
-114.659     ts77     dynamics     sesquiterpene     TS     runpoint      79     runisomer      37
6 -0.2503936 0.6867461 0.0055297
1 -0.2884751 1.0428371 0.9748782
1 0.0884293 1.2955253 -0.6663643
1 -0.9580490 -0.9907054 0.1790332
8 0.2326837 -0.7372992 -0.0352297
5
-114.649     ts77     dynamics     sesquiterpene     TS     runpoint      80     runisomer      37
6 -0.2449006 0.6818258 0.0057862
1 -0.3300705 1.0550412 0.9482377
1 0.0551864 1.3732116 -0.6518954
1 -0.9131111 -0.9223649 0.1924751
8 0.2304443 -0.7435794 -0.0355117
5
-114.66     ts77     dynamics     sesquiterpene     TS     runpoint      81     runisomer      37
6 -0.2389555 0.6733218 0.0063873
1 -0.3774314 1.0742292 0.9498112
1 0.0360975 1.4691945 -0.6682763
1 -0.8186941 -0.8586270 0.1976365
8 0.2242182 -0.7484729 -0.0353651
5
-114.679     ts77     dynamics     sesquiterpene     TS     runpoint      82     runisomer      37
6 -0.2318545 0.6639110 0.0060153
1 -0.4297267 1.0956115 0.9730888
1 0.0225180 1.5581205 -0.6939898
1 -0.6907772 -0.8084060 0.1970741
8 0.2149775 -0.7515284 -0.0349071
5
-114.677     ts77     dynamics     sesquiterpene     TS     runpoint      83     runisomer      37
6 -0.2234299 0.6561077 0.0046639
1 -0.4836787 1.1113825 1.0028673
1 0.0105239 1.6221082 -0.7152475
1 -0.5823335 -0.7848632 0.2039600
8 0.2059760 -0.7521833 -0.0348742
5
-114.637     ts77     dynamics     sesquiterpene     TS     runpoint      84     runisomer      37
6 -0.2139226 0.6515280 0.0027932
1 -0.5350283 1.1149020 1.0255905
1 -0.0006351 1.6523778 -0.7256748
1 -0.5919066 -0.7997299 0.2501067
8 0.2033814 -0.7499394 -0.0371628
5
-114.642     ts77     dynamics     sesquiterpene     TS     runpoint      85     runisomer      37
6 -0.2038226 0.6506449 0.0008894
1 -0.5800774 1.1029690 1.0329679
1 -0.0104810 1.6457813 -0.7230731
1 -0.6903070 -0.8506386 0.3318138
8 0.2054581 -0.7449010 -0.0415221
5
-114.667     ts77     dynamics     sesquiterpene     TS     runpoint      86     runisomer      37
6 -0.1936833 0.6531337 -0.0005725
1 -0.6164359 1.0755398 1.0213793
1 -0.0180579 1.6029284 -0.7079314
1 -0.7849505 -0.9218379 0.4144373
8 0.2065780 -0.7378533 -0.0458658
5
-114.667     ts77     dynamics     sesquiterpene     TS     runpoint      87     runisomer      37
6 -0.1839266 0.6582308 -0.0011137
1 -0.6433152 1.0346848 0.9908874
1 -0.0219654 1.5289154 -0.6839744
1 -0.8394499 -0.9995121 0.4801432
8 0.2046277 -0.7295442 -0.0491996
5
-114.664     ts77     dynamics     sesquiterpene     TS     runpoint      88     runisomer      37
6 -0.1748034 0.6644636 -0.0000711
1 -0.6619541 0.9843373 0.9452746
1 -0.0198340 1.4369560 -0.6611158
1 -0.8453687 -1.0750281 0.5225282
8 0.1991918 -0.7204940 -0.0512309
5
-114.663     ts77     dynamics     sesquiterpene     TS     runpoint      89     runisomer      37
6 -0.1664544 0.6692559 0.0036630
1 -0.6765197 0.9304930 0.8929900
1 -0.0074149 1.3519971 -0.6595325
1 -0.8026727 -1.1421419 0.5392729
8 0.1903696 -0.7111130 -0.0519043
5
-114.661     ts77     dynamics     sesquiterpene     TS     runpoint      90     runisomer      37
6 -0.1587883 0.6699130 0.0110523
1 -0.6950805 0.8808994 0.8473285
1 0.0200149 1.2997187 -0.7028079
1 -0.7137518 -1.1949930 0.5294536
8 0.1784539 -0.7018555 -0.0512364
5
-114.676     ts77     dynamics     sesquiterpene     TS     runpoint      91     runisomer      37
6 -0.1510149 0.6662521 0.0208104
1 -0.7281705 0.8430766 0.8220586
1 0.0605496 1.2778879 -0.7884161
1 -0.5838373 -1.2282703 0.4939575
8 0.1639644 -0.6932530 -0.0493451
5
-114.703     ts77     dynamics     sesquiterpene     TS     runpoint      92     runisomer      37
6 -0.1421476 0.6601457 0.0302349
1 -0.7815094 0.8210282 0.8205115
1 0.1047569 1.2642628 -0.8864720
1 -0.4273789 -1.2420144 0.4402702
8 0.1480249 -0.6855570 -0.0467682
5
-114.712     ts77     dynamics     sesquiterpene     TS     runpoint      93     runisomer      37
6 -0.1321699 0.6532359 0.0381954
1 -0.8494603 0.8141959 0.8309164
1 0.1436252 1.2433707 -0.9704028
1 -0.2806112 -1.2589223 0.3956737
8 0.1331202 -0.6775593 -0.0453082
5
-114.683     ts77     dynamics     sesquiterpene     TS     runpoint      94     runisomer      37
6 -0.1218674 0.6465086 0.0450229
1 -0.9197669 0.8197991 0.8369053
1 0.1716429 1.2096150 -1.0261825
1 -0.1867702 -1.3350165 0.4072827
8 0.1221385 -0.6659416 -0.0480357
5
-114.678     ts77     dynamics     sesquiterpene     TS     runpoint      95     runisomer      37
6 -0.1121230 0.6407969 0.0513783
1 -0.9814130 0.8349730 0.8270438
1 0.1860711 1.1628949 -1.0483742
1 -0.1236663 -1.4524552 0.4616480
8 0.1138247 -0.6522676 -0.0542210
5
-114.678     ts77     dynamics     sesquiterpene     TS     runpoint      96     runisomer      37
6 -0.1035996 0.6369606 0.0577961
1 -1.0273511 0.8572211 0.7962057
1 0.1860932 1.1058676 -1.0364321
1 -0.0644957 -1.5492847 0.5188389
8 0.1065926 -0.6410959 -0.0614604
5
-114.663     ts77     dynamics     sesquiterpene     TS     runpoint      97     runisomer      37
6 -0.0967195 0.6356369 0.0646891
1 -1.0539618 0.8843341 0.7438581
1 0.1726834 1.0430727 -0.9935797
1 -0.0042879 -1.5982897 0.5626894
8 0.1001564 -0.6347650 -0.0688072
5
-114.657     ts77     dynamics     sesquiterpene     TS     runpoint      98     runisomer      37
6 -0.0917384 0.6369490 0.0725345
1 -1.0603955 0.9143904 0.6727814
1 0.1490795 0.9815542 -0.9287060
1 0.0559049 -1.5930220 0.5891356
8 0.0945151 -0.6340972 -0.0759795
5
-114.662     ts77     dynamics     sesquiterpene     TS     runpoint      99     runisomer      37
6 -0.0888072 0.6403351 0.0822140
1 -1.0489890 0.9459754 0.5888240
1 0.1214640 0.9319359 -0.8609326
1 0.1138889 -1.5342509 0.5970513
8 0.0896808 -0.6392025 -0.0827316
