5
-114.654160 ts77 dynamics sesquiterpene TS runpoint 1  runisomer  82
6 -0.0441034 0.6597128 0.0163893
1 -0.1707527 1.1632403 0.8565363
1 -0.2334065 1.0577833 -0.9597374
1 0.9830965 -0.0646158 0.0348568
8 -0.0313452 -0.7678943 -0.0079900
5
-114.643 ts77 dynamics sesquiterpene TS runpoint 2  runisomer  82
6 -0.0410058 0.64665 0.0241667
1 -0.202811 1.19511 0.849356
1 -0.254312 1.08305 -1.00877
1 1.04458 -0.0606588 0.0103478
8 -0.0342058 -0.761944 -0.00873907
5
-114.642     ts77     dynamics     sesquiterpene     TS     runpoint      3     runisomer      82
6 -0.0362861 0.6313153 0.0274516
1 -0.2430952 1.2428592 0.8728915
1 -0.2731429 1.1068184 -1.0416047
1 1.0964731 -0.0470819 -0.0144399
8 -0.0372920 -0.7558022 -0.0090551
5
-114.641     ts77     dynamics     sesquiterpene     TS     runpoint      4     runisomer      82
6 -0.0299234 0.6153024 0.0272294
1 -0.2864332 1.2908271 0.9058709
1 -0.2873291 1.1240285 -1.0502732
1 1.1349250 -0.0170457 -0.0383616
8 -0.0408640 -0.7497892 -0.0089119
5
-114.639     ts77     dynamics     sesquiterpene     TS     runpoint      5     runisomer      82
6 -0.0220099 0.5999176 0.0246221
1 -0.3268249 1.3253810 0.9316909
1 -0.2954128 1.1319978 -1.0328878
1 1.1594410 0.0357627 -0.0602500
8 -0.0452910 -0.7442550 -0.0082992
5
-114.639     ts77     dynamics     sesquiterpene     TS     runpoint      6     runisomer      82
6 -0.0126647 0.5859883 0.0204017
1 -0.3595281 1.3388922 0.9422667
1 -0.2968313 1.1297166 -0.9916092
1 1.1713479 0.1156454 -0.0790284
8 -0.0509025 -0.7395462 -0.0072166
5
-114.647     ts77     dynamics     sesquiterpene     TS     runpoint      7     runisomer      82
6 -0.0020071 0.5740954 0.0152277
1 -0.3813188 1.3282289 0.9351937
1 -0.2922861 1.1180258 -0.9325907
1 1.1721937 0.2236602 -0.0936601
8 -0.0578663 -0.7360221 -0.0056859
5
-114.66     ts77     dynamics     sesquiterpene     TS     runpoint      8     runisomer      82
6 0.0098846 0.5646819 0.0099639
1 -0.3903701 1.2931444 0.9114140
1 -0.2846083 1.1005983 -0.8672890
1 1.1635590 0.3571680 -0.1031269
8 -0.0661572 -0.7340646 -0.0037561
5
-114.675     ts77     dynamics     sesquiterpene     TS     runpoint      9     runisomer      82
6 0.0230002 0.5579125 0.0058262
1 -0.3864309 1.2358614 0.8745383
1 -0.2795710 1.0848914 -0.8132443
1 1.1482876 0.5101506 -0.1066549
8 -0.0755997 -0.7340282 -0.0015107
5
-114.686     ts77     dynamics     sesquiterpene     TS     runpoint      10     runisomer      82
6 0.0373829 0.5535597 0.0039573
1 -0.3716577 1.1618347 0.8316349
1 -0.2847121 1.0798792 -0.7893710
1 1.1310913 0.6746373 -0.1041574
8 -0.0859143 -0.7361471 0.0009327
5
-114.654160 ts77 dynamics sesquiterpene TS runpoint 1  runisomer  82
6 -0.0441034 0.6597128 0.0163893
1 -0.1707527 1.1632403 0.8565363
1 -0.2334065 1.0577833 -0.9597374
1 0.9830965 -0.0646158 0.0348568
8 -0.0313452 -0.7678943 -0.0079900
5
-114.643 ts77 dynamics sesquiterpene TS runpoint 2  runisomer  82
6 -0.0459024 0.669578 0.00516842
1 -0.147824 1.15245 0.901435
1 -0.21467 1.03966 -0.912299
1 0.919769 -0.0655308 0.0582656
8 -0.028631 -0.773415 -0.00686447
5
-114.642     ts77     dynamics     sesquiterpene     TS     runpoint      3     runisomer      82
6 -0.0469530 0.6763029 -0.0056416
1 -0.1314502 1.1541722 0.9665110
1 -0.2036007 1.0404277 -0.8932651
1 0.8654581 -0.0695328 0.0805008
8 -0.0261503 -0.7783645 -0.0054563
5
-114.637     ts77     dynamics     sesquiterpene     TS     runpoint      4     runisomer      82
6 -0.0478999 0.6804748 -0.0125621
1 -0.1193607 1.1580800 1.0278673
1 -0.2032876 1.0673955 -0.9192067
1 0.8312015 -0.0820359 0.1023991
8 -0.0240630 -0.7826523 -0.0038759
5
-114.636     ts77     dynamics     sesquiterpene     TS     runpoint      5     runisomer      82
6 -0.0494930 0.6832857 -0.0154357
1 -0.1105655 1.1583391 1.0695048
1 -0.2110324 1.1144931 -0.9755350
1 0.8237705 -0.1072669 0.1251367
8 -0.0224663 -0.7861542 -0.0022276
5
-114.638     ts77     dynamics     sesquiterpene     TS     runpoint      6     runisomer      82
6 -0.0522411 0.6859572 -0.0159722
1 -0.1047625 1.1527665 1.0838476
1 -0.2217698 1.1685051 -1.0338277
1 0.8421984 -0.1483533 0.1492458
8 -0.0212546 -0.7886203 -0.0005766
5
-114.639     ts77     dynamics     sesquiterpene     TS     runpoint      7     runisomer      82
6 -0.0562499 0.6891386 -0.0156788
1 -0.1018523 1.1413738 1.0691786
1 -0.2319081 1.2185366 -1.0736703
1 0.8780792 -0.2085477 0.1741340
8 -0.0200534 -0.7896475 0.0010683
5
-114.643     ts77     dynamics     sesquiterpene     TS     runpoint      8     runisomer      82
6 -0.0614624 0.6930022 -0.0156041
1 -0.1017022 1.1258912 1.0287290
1 -0.2396973 1.2578707 -1.0851782
1 0.9191624 -0.2922233 0.1984282
8 -0.0182500 -0.7887758 0.0027532
5
-114.652     ts77     dynamics     sesquiterpene     TS     runpoint      9     runisomer      82
6 -0.0678571 0.6973921 -0.0167464
1 -0.1040890 1.1101719 0.9718120
1 -0.2445306 1.2827532 -1.0654225
1 0.9534753 -0.4036273 0.2206295
8 -0.0151592 -0.7856267 0.0045508
5
-114.666     ts77     dynamics     sesquiterpene     TS     runpoint      10     runisomer      82
6 -0.0753910 0.7017193 -0.0203342
1 -0.1087803 1.1008655 0.9155541
1 -0.2464921 1.2916394 -1.0164820
1 0.9725190 -0.5434316 0.2396361
8 -0.0102872 -0.7800376 0.0065052
5
-114.682     ts77     dynamics     sesquiterpene     TS     runpoint      11     runisomer      82
6 -0.0838016 0.7048720 -0.0274378
1 -0.1155762 1.1062228 0.8817900
1 -0.2464455 1.2858432 -0.9463355
1 0.9732838 -0.7061565 0.2551321
8 -0.0035994 -0.7721230 0.0085643
5
-114.696     ts77     dynamics     sesquiterpene     TS     runpoint      12     runisomer      82
6 -0.0925251 0.7055505 -0.0374524
1 -0.1240065 1.1301971 0.8827246
1 -0.2467139 1.2719657 -0.8722636
1 0.9579198 -0.8816873 0.2676480
8 0.0044622 -0.7622085 0.0105606
5
-114.702     ts77     dynamics     sesquiterpene     TS     runpoint      13     runisomer      82
6 -0.1007539 0.7026179 -0.0469921
1 -0.1330999 1.1672302 0.9093816
1 -0.2516192 1.2644707 -0.8226796
1 0.9292746 -1.0586368 0.2775634
8 0.0133230 -0.7507206 0.0122886
5
-114.696     ts77     dynamics     sesquiterpene     TS     runpoint      14     runisomer      82
6 -0.1077215 0.6954293 -0.0520362
1 -0.1418147 1.2067950 0.9425032
1 -0.2652473 1.2784517 -0.8232980
1 0.8861110 -1.2249684 0.2838027
8 0.0226783 -0.7382220 0.0136316
5
-114.689     ts77     dynamics     sesquiterpene     TS     runpoint      15     runisomer      82
6 -0.1132207 0.6850009 -0.0514856
1 -0.1494168 1.2400171 0.9667645
1 -0.2860755 1.3097953 -0.8698086
1 0.8252896 -1.3678497 0.2844328
8 0.0324268 -0.7254647 0.0145813
5
-114.682     ts77     dynamics     sesquiterpene     TS     runpoint      16     runisomer      82
6 -0.1175583 0.6735526 -0.0468205
1 -0.1554470 1.2614431 0.9738792
1 -0.3079747 1.3387878 -0.9353972
1 0.7464077 -1.4762215 0.2782495
8 0.0424108 -0.7132256 0.0151542
5
-114.67     ts77     dynamics     sesquiterpene     TS     runpoint      17     runisomer      82
6 -0.1210968 0.6628630 -0.0397468
1 -0.1596388 1.2685427 0.9610324
1 -0.3256841 1.3497295 -0.9969428
1 0.6524333 -1.5431059 0.2653562
8 0.0523673 -0.7021297 0.0153454
5
-114.659     ts77     dynamics     sesquiterpene     TS     runpoint      18     runisomer      82
6 -0.1241072 0.6538922 -0.0315521
1 -0.1619442 1.2613479 0.9298179
1 -0.3364854 1.3354735 -1.0413253
1 0.5481771 -1.5664527 0.2471037
8 0.0620200 -0.6925786 0.0151085
5
-114.657     ts77     dynamics     sesquiterpene     TS     runpoint      19     runisomer      82
6 -0.1268099 0.6469515 -0.0233952
1 -0.1626318 1.2428607 0.8865602
1 -0.3396204 1.2943880 -1.0621185
1 0.4398398 -1.5517981 0.2265516
8 0.0711149 -0.6845438 0.0143192
5
-114.66     ts77     dynamics     sesquiterpene     TS     runpoint      20     runisomer      82
6 -0.1294233 0.6417255 -0.0166183
1 -0.1623068 1.2200547 0.8433725
1 -0.3354986 1.2281189 -1.0569296
1 0.3360182 -1.5195023 0.2098670
8 0.0793371 -0.6770471 0.0126794
5
-114.66     ts77     dynamics     sesquiterpene     TS     runpoint      21     runisomer      82
6 -0.1321467 0.6373467 -0.0126509
1 -0.1617226 1.2035794 0.8170061
1 -0.3253159 1.1412761 -1.0272754
1 0.2447317 -1.5073030 0.2067066
8 0.0864539 -0.6680214 0.0096935
5
-114.66     ts77     dynamics     sesquiterpene     TS     runpoint      22     runisomer      82
6 -0.1351392 0.6329334 -0.0120449
1 -0.1614360 1.2024714 0.8203824
1 -0.3114620 1.0425785 -0.9813242
1 0.1623960 -1.5377538 0.2233359
8 0.0929957 -0.6565031 0.0050827
5
-114.67     ts77     dynamics     sesquiterpene     TS     runpoint      23     runisomer      82
6 -0.1384768 0.6282490 -0.0130508
1 -0.1615774 1.2163854 0.8510344
1 -0.2984916 0.9462848 -0.9391205
1 0.0772976 -1.5842204 0.2548937
8 0.1000541 -0.6448713 -0.0007420
5
-114.668     ts77     dynamics     sesquiterpene     TS     runpoint      24     runisomer      82
6 -0.1421384 0.6236340 -0.0118900
1 -0.1621222 1.2368916 0.8933760
1 -0.2928384 0.8694133 -0.9319967
1 -0.0154463 -1.6108152 0.2931929
8 0.1083229 -0.6361820 -0.0071438
5
-114.66     ts77     dynamics     sesquiterpene     TS     runpoint      25     runisomer      82
6 -0.1462698 0.6199154 -0.0060398
1 -0.1631436 1.2552404 0.9313059
1 -0.2980451 0.8209608 -0.9764867
1 -0.1145166 -1.5998337 0.3328859
8 0.1180582 -0.6321878 -0.0136217
5
-114.664     ts77     dynamics     sesquiterpene     TS     runpoint      26     runisomer      82
6 -0.1513711 0.6181828 0.0032580
1 -0.1647392 1.2659524 0.9548195
1 -0.3110387 0.7983144 -1.0508275
1 -0.2161022 -1.5477095 0.3709701
8 0.1292052 -0.6334218 -0.0197962
5
-114.673     ts77     dynamics     sesquiterpene     TS     runpoint      27     runisomer      82
6 -0.1578542 0.6190027 0.0133570
1 -0.1669580 1.2667264 0.9599229
1 -0.3267867 0.7964184 -1.1223099
1 -0.3155385 -1.4580815 0.4055384
8 0.1414664 -0.6396149 -0.0253695
5
-114.679     ts77     dynamics     sesquiterpene     TS     runpoint      28     runisomer      82
6 -0.1657838 0.6222564 0.0222204
1 -0.1697675 1.2579819 0.9473676
1 -0.3418764 0.8115418 -1.1700020
1 -0.4088139 -1.3395744 0.4357869
8 0.1544199 -0.6499260 -0.0301312
5
-114.685     ts77     dynamics     sesquiterpene     TS     runpoint      29     runisomer      82
6 -0.1749354 0.6273679 0.0283704
1 -0.1729961 1.2429111 0.9223110
1 -0.3545063 0.8407528 -1.1841579
1 -0.4939129 -1.2045252 0.4623331
8 0.1676466 -0.6631628 -0.0339489
5
-114.689     ts77     dynamics     sesquiterpene     TS     runpoint      30     runisomer      82
6 -0.1849145 0.6335326 0.0304939
1 -0.1762627 1.2275320 0.8942918
1 -0.3638560 0.8813421 -1.1614963
1 -0.5695883 -1.0651781 0.4857878
8 0.1806975 -0.6781580 -0.0366849
5
-114.69     ts77     dynamics     sesquiterpene     TS     runpoint      31     runisomer      82
6 -0.1952812 0.6399345 0.0274926
1 -0.1789104 1.2192878 0.8753269
1 -0.3697606 0.9306341 -1.1033058
1 -0.6318306 -0.9306816 0.5043421
8 0.1929362 -0.6940227 -0.0380760
5
-114.69     ts77     dynamics     sesquiterpene     TS     runpoint      32     runisomer      82
6 -0.2056171 0.6460214 0.0191840
1 -0.1800506 1.2228646 0.8740153
1 -0.3727988 0.9864062 -1.0170048
1 -0.6743769 -0.8082341 0.5145594
8 0.2036349 -0.7100452 -0.0378430
5
-114.688     ts77     dynamics     sesquiterpene     TS     runpoint      33     runisomer      82
6 -0.2154984 0.6515636 0.0072469
1 -0.1788870 1.2361035 0.8894863
1 -0.3749169 1.0489016 -0.9207215
1 -0.6932870 -0.7039750 0.5144339
8 0.2123004 -0.7255456 -0.0359229
5
-114.679     ts77     dynamics     sesquiterpene     TS     runpoint      34     runisomer      82
6 -0.2243923 0.6561705 -0.0047748
1 -0.1750308 1.2514857 0.9131237
1 -0.3800062 1.1244939 -0.8452498
1 -0.6895375 -0.6222812 0.5047679
8 0.2188146 -0.7398828 -0.0325415
5
-114.664     ts77     dynamics     sesquiterpene     TS     runpoint      35     runisomer      82
6 -0.2318192 0.6592724 -0.0136841
1 -0.1684941 1.2611382 0.9355695
1 -0.3913529 1.2221364 -0.8159738
1 -0.6686308 -0.5659887 0.4889154
8 0.2233738 -0.7525182 -0.0281207
5
-114.658     ts77     dynamics     sesquiterpene     TS     runpoint      36     runisomer      82
6 -0.2377742 0.6615778 -0.0194115
1 -0.1595184 1.2597527 0.9507194
1 -0.4064846 1.3353438 -0.8251818
1 -0.6391435 -0.5374001 0.4722229
8 0.2263730 -0.7630962 -0.0231495
5
-114.655     ts77     dynamics     sesquiterpene     TS     runpoint      37     runisomer      82
6 -0.2425460 0.6649582 -0.0237028
1 -0.1485242 1.2449650 0.9557542
1 -0.4195785 1.4435108 -0.8481538
1 -0.6109098 -0.5385259 0.4612022
8 0.2283078 -0.7714455 -0.0181101
5
-114.647     ts77     dynamics     sesquiterpene     TS     runpoint      38     runisomer      82
6 -0.2463440 0.6708003 -0.0279243
1 -0.1360675 1.2170847 0.9505655
1 -0.4264310 1.5296145 -0.8677830
1 -0.5925741 -0.5702809 0.4619323
8 0.2296505 -0.7774983 -0.0134292
5
-114.641     ts77     dynamics     sesquiterpene     TS     runpoint      39     runisomer      82
6 -0.2492864 0.6794471 -0.0328333
1 -0.1226727 1.1789348 0.9378941
1 -0.4250429 1.5847310 -0.8763183
1 -0.5884789 -0.6318323 0.4777566
8 0.2306710 -0.7811774 -0.0094102
5
-114.642     ts77     dynamics     sesquiterpene     TS     runpoint      40     runisomer      82
6 -0.2514757 0.6904041 -0.0389091
1 -0.1086126 1.1355025 0.9235407
1 -0.4147517 1.6053032 -0.8711061
1 -0.5955674 -0.7208104 0.5070051
8 0.2312283 -0.7823515 -0.0061214
5
-114.651     ts77     dynamics     sesquiterpene     TS     runpoint      41     runisomer      82
6 -0.2530197 0.7027122 -0.0464657
1 -0.0938608 1.0927894 0.9153096
1 -0.3957001 1.5910793 -0.8523920
1 -0.6034113 -0.8328470 0.5426426
8 0.2307521 -0.7809406 -0.0033602
5
-114.663     ts77     dynamics     sesquiterpene     TS     runpoint      42     runisomer      82
6 -0.2539762 0.7152299 -0.0553766
1 -0.0785058 1.0557419 0.9194380
1 -0.3687710 1.5453677 -0.8235694
1 -0.5993183 -0.9603515 0.5751287
8 0.2285485 -0.7770860 -0.0008005
5
-114.673     ts77     dynamics     sesquiterpene     TS     runpoint      43     runisomer      82
6 -0.2542704 0.7265827 -0.0645181
1 -0.0635088 1.0267559 0.9361431
1 -0.3357722 1.4778371 -0.7937883
1 -0.5741295 -1.0927816 0.5961299
8 0.2241605 -0.7711795 0.0018015
5
-114.676     ts77     dynamics     sesquiterpene     TS     runpoint      44     runisomer      82
6 -0.2537010 0.7347796 -0.0714071
1 -0.0508594 1.0063498 0.9590338
1 -0.2992063 1.4083229 -0.7820665
1 -0.5245422 -1.2185994 0.6004897
8 0.2175113 -0.7637383 0.0045122
5
-114.669     ts77     dynamics     sesquiterpene     TS     runpoint      45     runisomer      82
6 -0.2521696 0.7375250 -0.0728945
1 -0.0426856 0.9948790 0.9793077
1 -0.2603525 1.3613010 -0.8137323
1 -0.4525885 -1.3275357 0.5865602
8 0.2088677 -0.7552495 0.0072207
5
-114.668     ts77     dynamics     sesquiterpene     TS     runpoint      46     runisomer      82
6 -0.2499045 0.7342817 -0.0678149
1 -0.0401785 0.9932431 0.9903488
1 -0.2175504 1.3406967 -0.8938844
1 -0.3642320 -1.4124486 0.5559480
8 0.1987485 -0.7460674 0.0096904
5
-114.678     ts77     dynamics     sesquiterpene     TS     runpoint      47     runisomer      82
6 -0.2471728 0.7265959 -0.0581728
1 -0.0431668 1.0025798 0.9896960
1 -0.1698782 1.3263181 -0.9953135
1 -0.2679931 -1.4708312 0.5132471
8 0.1878223 -0.7363060 0.0115755
5
-114.681     ts77     dynamics     sesquiterpene     TS     runpoint      48     runisomer      82
6 -0.2440694 0.7158478 -0.0466792
1 -0.0503671 1.0238626 0.9787706
1 -0.1192245 1.3007249 -1.0874714
1 -0.1734605 -1.5060442 0.4656134
8 0.1768013 -0.7257535 0.0124465
5
-114.675     ts77     dynamics     sesquiterpene     TS     runpoint      49     runisomer      82
6 -0.2406204 0.7025980 -0.0353393
1 -0.0599092 1.0577045 0.9616623
1 -0.0684197 1.2572834 -1.1519210
1 -0.0889566 -1.5269293 0.4213863
8 0.1662913 -0.7138944 0.0118629
5
-114.668     ts77     dynamics     sesquiterpene     TS     runpoint      50     runisomer      82
6 -0.2368327 0.6870270 -0.0254599
1 -0.0699912 1.1040400 0.9430040
1 -0.0201350 1.1958579 -1.1800784
1 -0.0187848 -1.5430887 0.3871487
8 0.1566230 -0.7002445 0.0095564
5
-114.665     ts77     dynamics     sesquiterpene     TS     runpoint      51     runisomer      82
6 -0.2326861 0.6693933 -0.0177425
1 -0.0795101 1.1612933 0.9252067
1 0.0232624 1.1193354 -1.1691421
1 0.0373333 -1.5574295 0.3651011
8 0.1478430 -0.6848998 0.0055852
5
-114.67     ts77     dynamics     sesquiterpene     TS     runpoint      52     runisomer      82
6 -0.2281588 0.6503226 -0.0122683
1 -0.0882913 1.2253892 0.9069484
1 0.0597998 1.0324687 -1.1205640
1 0.0816081 -1.5646231 0.3539326
8 0.1399097 -0.6687072 0.0002680
5
-114.677     ts77     dynamics     sesquiterpene     TS     runpoint      53     runisomer      82
6 -0.2233418 0.6308669 -0.0084974
1 -0.0967354 1.2898355 0.8845890
1 0.0885208 0.9422694 -1.0413970
1 0.1156932 -1.5571830 0.3519363
8 0.1328727 -0.6529584 -0.0060173
5
-114.681     ts77     dynamics     sesquiterpene     TS     runpoint      54     runisomer      82
6 -0.2186379 0.6123002 -0.0051445
1 -0.1052734 1.3472995 0.8550795
1 0.1113158 0.8592931 -0.9488432
1 0.1403111 -1.5314214 0.3590448
8 0.1268966 -0.6390457 -0.0129548
5
-114.672     ts77     dynamics     sesquiterpene     TS     runpoint      55     runisomer      82
6 -0.2150188 0.5958374 0.0000786
1 -0.1140569 1.3915459 0.8178502
1 0.1360037 0.7981718 -0.8751734
1 0.1558549 -1.4899180 0.3775072
8 0.1222029 -0.6282488 -0.0203362
5
-114.653     ts77     dynamics     sesquiterpene     TS     runpoint      56     runisomer      82
6 -0.2138035 0.5826569 0.0094645
1 -0.1229029 1.4187421 0.7752810
1 0.1743178 0.7725833 -0.8555250
1 0.1629253 -1.4411380 0.4119657
8 0.1189915 -0.6215380 -0.0281068
5
-114.646     ts77     dynamics     sesquiterpene     TS     runpoint      57     runisomer      82
6 -0.2152658 0.5742090 0.0222257
1 -0.1313288 1.4282073 0.7326020
1 0.2261439 0.7849084 -0.8897119
1 0.1624277 -1.3950692 0.4681457
8 0.1173882 -0.6194781 -0.0363794
5
-114.655     ts77     dynamics     sesquiterpene     TS     runpoint      58     runisomer      82
6 -0.2183670 0.5716798 0.0349357
1 -0.1385781 1.4228987 0.6971909
1 0.2770885 0.8263864 -0.9457679
1 0.1551431 -1.3547629 0.5481229
8 0.1174227 -0.6224015 -0.0451920
5
-114.662     ts77     dynamics     sesquiterpene     TS     runpoint      59     runisomer      82
6 -0.2220604 0.5751356 0.0446380
1 -0.1436393 1.4093913 0.6774304
1 0.3145210 0.8856653 -0.9965315
1 0.1415766 -1.3128346 0.6449724
8 0.1190118 -0.6305231 -0.0541310
5
-114.665     ts77     dynamics     sesquiterpene     TS     runpoint      60     runisomer      82
6 -0.2256788 0.5835408 0.0495260
1 -0.1454266 1.3960902 0.6812189
1 0.3323770 0.9530846 -1.0279772
1 0.1226730 -1.2591830 0.7443531
8 0.1219089 -0.6436215 -0.0623190
5
-114.667     ts77     dynamics     sesquiterpene     TS     runpoint      61     runisomer      82
6 -0.2287497 0.5955275 0.0486649
1 -0.1432412 1.3883452 0.7130598
1 0.3286637 1.0212922 -1.0339791
1 0.1002065 -1.1888368 0.8311133
8 0.1257278 -0.6608595 -0.0687692
5
-114.672     ts77     dynamics     sesquiterpene     TS     runpoint      62     runisomer      82
6 -0.2308531 0.6102155 0.0419678
1 -0.1373336 1.3836233 0.7705848
1 0.3033423 1.0848049 -1.0123307
1 0.0764401 -1.1030984 0.8938461
8 0.1300299 -0.6809886 -0.0726871
5
-114.683     ts77     dynamics     sesquiterpene     TS     runpoint      63     runisomer      82
6 -0.2316304 0.6273099 0.0301807
1 -0.1290077 1.3731213 0.8444442
1 0.2577536 1.1396976 -0.9636083
1 0.0536234 -1.0075576 0.9264670
8 0.1344021 -0.7026332 -0.0736239
5
-114.696     ts77     dynamics     sesquiterpene     TS     runpoint      64     runisomer      82
6 -0.2309191 0.6465784 0.0147290
1 -0.1200885 1.3480502 0.9221711
1 0.1953307 1.1842115 -0.8924882
1 0.0335932 -0.9101098 0.9289085
8 0.1385055 -0.7244566 -0.0715648
5
-114.705     ts77     dynamics     sesquiterpene     TS     runpoint      65     runisomer      82
6 -0.2289641 0.6672763 -0.0022528
1 -0.1123341 1.3036466 0.9920810
1 0.1233721 1.2214231 -0.8116945
1 0.0173439 -0.8193179 0.9081700
8 0.1421127 -0.7452565 -0.0670146
5
-114.701     ts77     dynamics     sesquiterpene     TS     runpoint      66     runisomer      82
6 -0.2265539 0.6876700 -0.0176928
1 -0.1071152 1.2395460 1.0451122
1 0.0543570 1.2643174 -0.7466326
1 0.0045436 -0.7424973 0.8789346
8 0.1451356 -0.7640655 -0.0610320
5
-114.683     ts77     dynamics     sesquiterpene     TS     runpoint      67     runisomer      82
6 -0.2245716 0.7052868 -0.0283689
1 -0.1052954 1.1587558 1.0753910
1 0.0005092 1.3339427 -0.7269818
1 -0.0064333 -0.6836607 0.8599694
8 0.1476234 -0.7802910 -0.0549754
5
-114.672     ts77     dynamics     sesquiterpene     TS     runpoint      68     runisomer      82
6 -0.2229500 0.7191831 -0.0337014
1 -0.1071792 1.0668531 1.0806618
1 -0.0385304 1.4335745 -0.7543337
1 -0.0169649 -0.6437418 0.8631018
8 0.1496524 -0.7937229 -0.0497820
5
-114.674     ts77     dynamics     sesquiterpene     TS     runpoint      69     runisomer      82
6 -0.2210372 0.7306744 -0.0358876
1 -0.1125406 0.9717090 1.0630201
1 -0.0709978 1.5397935 -0.8013236
1 -0.0263180 -0.6237539 0.8845680
8 0.1511936 -0.8043059 -0.0454229
5
-114.669     ts77     dynamics     sesquiterpene     TS     runpoint      70     runisomer      82
6 -0.2185364 0.7410245 -0.0372976
1 -0.1207011 0.8829547 1.0301005
1 -0.1015020 1.6294103 -0.8436529
1 -0.0322665 -0.6259008 0.9111117
8 0.1521332 -0.8119951 -0.0412982
5
-114.654     ts77     dynamics     sesquiterpene     TS     runpoint      71     runisomer      82
6 -0.2154991 0.7506561 -0.0397947
1 -0.1307038 0.8101732 0.9955037
1 -0.1308507 1.6898061 -0.8686741
1 -0.0329475 -0.6516689 0.9307272
8 0.1523813 -0.8168208 -0.0369059
5
-114.638     ts77     dynamics     sesquiterpene     TS     runpoint      72     runisomer      82
6 -0.2120832 0.7595682 -0.0447866
1 -0.1418470 0.7602176 0.9750006
1 -0.1584011 1.7156048 -0.8712894
1 -0.0277632 -0.7001429 0.9374015
8 0.1519337 -0.8189354 -0.0321269
5
-114.631     ts77     dynamics     sesquiterpene     TS     runpoint      73     runisomer      82
6 -0.2083878 0.7676249 -0.0527273
1 -0.1543978 0.7359946 0.9774200
1 -0.1831568 1.7054219 -0.8507781
1 -0.0175315 -0.7675003 0.9317218
8 0.1508722 -0.8185718 -0.0272591
