5
-114.654160 ts77 dynamics sesquiterpene TS runpoint 1  runisomer  106
6 -0.0309142 0.6409087 -0.0064705
1 -0.1988997 1.1716541 0.9636926
1 -0.2768986 1.2019088 -0.9491811
1 0.8475496 -0.0397500 0.0757878
8 -0.0281859 -0.7649653 -0.0008348
5
-114.644 ts77 dynamics sesquiterpene TS runpoint 2  runisomer  106
6 -0.0274047 0.634979 -0.0153816
1 -0.236374 1.14601 1.04534
1 -0.267896 1.18106 -0.947901
1 0.877737 -0.0254167 0.0532535
8 -0.0309271 -0.758491 0.00204521
5
-114.641     ts77     dynamics     sesquiterpene     TS     runpoint      3     runisomer      106
6 -0.0255524 0.6306262 -0.0224914
1 -0.2710951 1.1117438 1.1018679
1 -0.2580764 1.1563850 -0.9404250
1 0.9410828 -0.0100841 0.0311287
8 -0.0347397 -0.7524779 0.0047402
5
-114.64     ts77     dynamics     sesquiterpene     TS     runpoint      4     runisomer      106
6 -0.0242760 0.6268226 -0.0264999
1 -0.3006337 1.0699195 1.1254881
1 -0.2498837 1.1330419 -0.9324787
1 1.0227820 0.0146022 0.0088839
8 -0.0395004 -0.7470748 0.0071605
5
-114.639     ts77     dynamics     sesquiterpene     TS     runpoint      5     runisomer      106
6 -0.0222605 0.6223879 -0.0265825
1 -0.3234190 1.0235138 1.1137375
1 -0.2455823 1.1159937 -0.9301530
1 1.1075091 0.0577426 -0.0135615
8 -0.0451861 -0.7424685 0.0092316
5
-114.642     ts77     dynamics     sesquiterpene     TS     runpoint      6     runisomer      106
6 -0.0184480 0.6164598 -0.0226115
1 -0.3385120 0.9764549 1.0682213
1 -0.2462003 1.1078006 -0.9361643
1 1.1845068 0.1264540 -0.0356998
8 -0.0519086 -0.7388707 0.0108945
5
-114.652     ts77     dynamics     sesquiterpene     TS     runpoint      7     runisomer      106
6 -0.0122217 0.6086933 -0.0154526
1 -0.3461428 0.9337855 0.9960223
1 -0.2511072 1.1074287 -0.9476978
1 1.2470293 0.2233172 -0.0564848
8 -0.0597304 -0.7364368 0.0121099
5
-114.663     ts77     dynamics     sesquiterpene     TS     runpoint      8     runisomer      106
6 -0.0031729 0.5991468 -0.0071259
1 -0.3495345 0.9026494 0.9136479
1 -0.2586629 1.1112501 -0.9583196
1 1.2898563 0.3459095 -0.0744097
8 -0.0685283 -0.7352802 0.0128521
5
-114.668     ts77     dynamics     sesquiterpene     TS     runpoint      9     runisomer      106
6 0.0093373 0.5879807 -0.0006860
1 -0.3572947 0.8931621 0.8496502
1 -0.2672116 1.1150571 -0.9618857
1 1.3083729 0.4884285 -0.0876961
8 -0.0780533 -0.7355262 0.0131149
5
-114.668     ts77     dynamics     sesquiterpene     TS     runpoint      10     runisomer      106
6 0.0260140 0.5755421 0.0011879
1 -0.3800144 0.9144861 0.8307222
1 -0.2756779 1.1154164 -0.9552292
1 1.2992782 0.6431631 -0.0946533
8 -0.0880271 -0.7373108 0.0129209
5
-114.678     ts77     dynamics     sesquiterpene     TS     runpoint      11     runisomer      106
6 0.0464581 0.5631329 -0.0012390
1 -0.4165988 0.9637560 0.8523136
1 -0.2837583 1.1101028 -0.9388408
1 1.2619083 0.8012992 -0.0941856
8 -0.0981963 -0.7407363 0.0123197
5
-114.691     ts77     dynamics     sesquiterpene     TS     runpoint      12     runisomer      106
6 0.0694093 0.5528308 -0.0055299
1 -0.4550657 1.0256711 0.8870371
1 -0.2928299 1.0981118 -0.9159505
1 1.1989689 0.9547383 -0.0861615
8 -0.1084539 -0.7458216 0.0114041
5
-114.694     ts77     dynamics     sesquiterpene     TS     runpoint      13     runisomer      106
6 0.0941669 0.5461914 -0.0092036
1 -0.4877943 1.0870603 0.9121123
1 -0.3081447 1.0768446 -0.8901133
1 1.1175014 1.0970376 -0.0719050
8 -0.1188683 -0.7523362 0.0100542
5
-114.687     ts77     dynamics     sesquiterpene     TS     runpoint      14     runisomer      106
6 0.1186227 0.5439817 -0.0115235
1 -0.5084630 1.1365668 0.9190563
1 -0.3308779 1.0498038 -0.8664062
1 1.0302490 1.2203528 -0.0515246
8 -0.1289832 -0.7598653 0.0085787
5
-114.654160 ts77 dynamics sesquiterpene TS runpoint 1  runisomer  106
6 -0.0309142 0.6409087 -0.0064705
1 -0.1988997 1.1716541 0.9636926
1 -0.2768986 1.2019088 -0.9491811
1 0.8475496 -0.0397500 0.0757878
8 -0.0281859 -0.7649653 -0.0008348
5
-114.644 ts77 dynamics sesquiterpene TS runpoint 2  runisomer  106
6 -0.0363454 0.648548 0.00241724
1 -0.162348 1.19215 0.873616
1 -0.283309 1.21508 -0.941257
1 0.8559 -0.0582422 0.0989884
8 -0.0265363 -0.771653 -0.00378837
5
-114.643     ts77     dynamics     sesquiterpene     TS     runpoint      3     runisomer      106
6 -0.0430362 0.6566031 0.0088260
1 -0.1311962 1.2190655 0.8032583
1 -0.2864509 1.2186783 -0.9246060
1 0.8949086 -0.0824978 0.1220582
8 -0.0257380 -0.7780919 -0.0066654
5
-114.637     ts77     dynamics     sesquiterpene     TS     runpoint      4     runisomer      106
6 -0.0500247 0.6630364 0.0106650
1 -0.1079210 1.2674779 0.7803772
1 -0.2869186 1.2129329 -0.9032394
1 0.9487929 -0.1128724 0.1433033
8 -0.0253261 -0.7836945 -0.0092871
5
-114.637     ts77     dynamics     sesquiterpene     TS     runpoint      5     runisomer      106
6 -0.0567051 0.6671484 0.0084570
1 -0.0907040 1.3359959 0.8049421
1 -0.2865424 1.2002828 -0.8842627
1 1.0015141 -0.1504600 0.1609143
8 -0.0247440 -0.7879342 -0.0114828
5
-114.64     ts77     dynamics     sesquiterpene     TS     runpoint      6     runisomer      106
6 -0.0627978 0.6699083 0.0048587
1 -0.0766958 1.4051598 0.8528691
1 -0.2879104 1.1849436 -0.8760867
1 1.0405290 -0.1978167 0.1735211
8 -0.0234268 -0.7904146 -0.0131122
5
-114.637     ts77     dynamics     sesquiterpene     TS     runpoint      7     runisomer      106
6 -0.0682708 0.6724331 0.0021590
1 -0.0645277 1.4571746 0.9018548
1 -0.2932922 1.1710398 -0.8847677
1 1.0570626 -0.2594149 0.1803261
8 -0.0207899 -0.7908323 -0.0140537
5
-114.635     ts77     dynamics     sesquiterpene     TS     runpoint      8     runisomer      106
6 -0.0734441 0.6755621 0.0013120
1 -0.0537512 1.4826728 0.9387931
1 -0.3034036 1.1600133 -0.9100814
1 1.0455230 -0.3415482 0.1810384
8 -0.0162234 -0.7889188 -0.0141952
5
-114.643     ts77     dynamics     sesquiterpene     TS     runpoint      9     runisomer      106
6 -0.0789083 0.6799574 0.0021539
1 -0.0442102 1.4782524 0.9570363
1 -0.3170972 1.1501233 -0.9450680
1 1.0040128 -0.4502496 0.1759069
8 -0.0092455 -0.7844685 -0.0134474
5
-114.662     ts77     dynamics     sesquiterpene     TS     runpoint      10     runisomer      106
6 -0.0851799 0.6859344 0.0039865
1 -0.0359055 1.4441417 0.9538833
1 -0.3322564 1.1385334 -0.9798366
1 0.9389124 -0.5864433 0.1665221
8 -0.0000061 -0.7774962 -0.0118397
5
-114.683     ts77     dynamics     sesquiterpene     TS     runpoint      11     runisomer      106
6 -0.0923963 0.6931982 0.0060023
1 -0.0288534 1.3838608 0.9302246
1 -0.3468968 1.1233134 -1.0056670
1 0.8777941 -0.7421479 0.1584589
8 0.0097377 -0.7683816 -0.0097243
5
-114.691     ts77     dynamics     sesquiterpene     TS     runpoint      12     runisomer      106
6 -0.1002861 0.7006797 0.0072941
1 -0.0226894 1.3057228 0.8926634
1 -0.3597216 1.1040494 -1.0170036
1 0.8722010 -0.9100868 0.1622851
8 0.0164307 -0.7572805 -0.0078520
5
-114.702     ts77     dynamics     sesquiterpene     TS     runpoint      13     runisomer      106
6 -0.1084191 0.7066254 0.0065328
1 -0.0160506 1.2251215 0.8578436
1 -0.3703025 1.0818246 -1.0120819
1 0.9172388 -1.0898822 0.1779159
8 0.0199449 -0.7439384 -0.0063807
5
-114.704     ts77     dynamics     sesquiterpene     TS     runpoint      14     runisomer      106
6 -0.1164904 0.7090559 0.0019592
1 -0.0060973 1.1622005 0.8523240
1 -0.3792384 1.0592555 -0.9933992
1 0.9566412 -1.2611209 0.1944147
8 0.0234553 -0.7295899 -0.0048174
5
-114.683     ts77     dynamics     sesquiterpene     TS     runpoint      15     runisomer      106
6 -0.1241863 0.7068744 -0.0068283
1 0.0094078 1.1277863 0.8916028
1 -0.3883563 1.0404719 -0.9684723
1 0.9644761 -1.4023003 0.2060893
8 0.0283347 -0.7157102 -0.0030042
5
-114.665     ts77     dynamics     sesquiterpene     TS     runpoint      16     runisomer      106
6 -0.1308220 0.7004534 -0.0171107
1 0.0281834 1.1149433 0.9583238
1 -0.4006453 1.0306698 -0.9493148
1 0.9382119 -1.5025881 0.2115762
8 0.0345621 -0.7031517 -0.0010446
5
-114.652     ts77     dynamics     sesquiterpene     TS     runpoint      17     runisomer      106
6 -0.1355825 0.6906015 -0.0252976
1 0.0453673 1.1123756 1.0230526
1 -0.4189078 1.0342065 -0.9468494
1 0.8824572 -1.5577422 0.2108225
8 0.0417168 -0.6923521 0.0009117
5
-114.643     ts77     dynamics     sesquiterpene     TS     runpoint      18     runisomer      106
6 -0.1380442 0.6781973 -0.0295047
1 0.0572437 1.1131754 1.0660362
1 -0.4432382 1.0513377 -0.9619106
1 0.8018242 -1.5650772 0.2038777
8 0.0494308 -0.6837178 0.0027476
5
-114.646     ts77     dynamics     sesquiterpene     TS     runpoint      19     runisomer      106
6 -0.1383226 0.6644459 -0.0297434
1 0.0619259 1.1140417 1.0783419
1 -0.4703136 1.0771535 -0.9839953
1 0.6995022 -1.5217925 0.1908677
8 0.0575007 -0.6778151 0.0043642
5
-114.661     ts77     dynamics     sesquiterpene     TS     runpoint      20     runisomer      106
6 -0.1368873 0.6506551 -0.0268957
1 0.0588336 1.1134568 1.0578876
1 -0.4956419 1.1044108 -0.9995657
1 0.5829787 -1.4330230 0.1737369
8 0.0655591 -0.6747472 0.0055788
5
-114.672     ts77     dynamics     sesquiterpene     TS     runpoint      21     runisomer      106
6 -0.1343101 0.6377888 -0.0220023
1 0.0484390 1.1111527 1.0076364
1 -0.5156031 1.1266170 -0.9989075
1 0.4826166 -1.3411186 0.1624773
8 0.0718648 -0.6721438 0.0057435
5
-114.64     ts77     dynamics     sesquiterpene     TS     runpoint      22     runisomer      106
6 -0.1311406 0.6264080 -0.0161795
1 0.0325311 1.1090505 0.9367316
1 -0.5280670 1.1392225 -0.9778134
1 0.4663732 -1.3596691 0.1846552
8 0.0723013 -0.6631032 0.0031190
5
-114.653     ts77     dynamics     sesquiterpene     TS     runpoint      23     runisomer      106
6 -0.1278859 0.6170249 -0.0108226
1 0.0146590 1.1135426 0.8632862
1 -0.5325999 1.1401023 -0.9373666
1 0.5143731 -1.4658996 0.2383523
8 0.0682484 -0.6497129 -0.0022026
5
-114.674     ts77     dynamics     sesquiterpene     TS     runpoint      24     runisomer      106
6 -0.1249355 0.6099548 -0.0074457
1 -0.0002979 1.1358903 0.8127454
1 -0.5307066 1.1297622 -0.8839832
1 0.5677236 -1.5557700 0.2970017
8 0.0634977 -0.6395071 -0.0086103
5
-114.653     ts77     dynamics     sesquiterpene     TS     runpoint      25     runisomer      106
6 -0.1222605 0.6052480 -0.0064108
1 -0.0088708 1.1839601 0.8023319
1 -0.5261739 1.1118269 -0.8298297
1 0.6085994 -1.5945077 0.3494624
8 0.0591714 -0.6354379 -0.0154470
5
-114.64     ts77     dynamics     sesquiterpene     TS     runpoint      26     runisomer      106
6 -0.1192322 0.6033156 -0.0057664
1 -0.0114405 1.2501482 0.8250272
1 -0.5252644 1.0934025 -0.7916364
1 0.6350676 -1.5775981 0.3922920
8 0.0553364 -0.6380677 -0.0224649
5
-114.642     ts77     dynamics     sesquiterpene     TS     runpoint      27     runisomer      106
6 -0.1150607 0.6049145 -0.0027583
1 -0.0102697 1.3170149 0.8610615
1 -0.5350289 1.0817319 -0.7835656
1 0.6457817 -1.5062279 0.4237130
8 0.0520736 -0.6472465 -0.0294791
5
-114.657     ts77     dynamics     sesquiterpene     TS     runpoint      28     runisomer      106
6 -0.1094573 0.6107285 0.0038862
1 -0.0072006 1.3700046 0.8944560
1 -0.5578080 1.0775999 -0.8063036
1 0.6379678 -1.3835681 0.4425815
8 0.0496050 -0.6624202 -0.0363225
5
-114.683     ts77     dynamics     sesquiterpene     TS     runpoint      29     runisomer      106
6 -0.1028270 0.6209822 0.0135037
1 -0.0033852 1.4007721 0.9163075
1 -0.5883890 1.0749031 -0.8461146
1 0.6161392 -1.2241627 0.4531026
8 0.0476938 -0.6819289 -0.0430689
5
-114.699     ts77     dynamics     sesquiterpene     TS     runpoint      30     runisomer      106
6 -0.0959128 0.6352565 0.0245170
1 0.0004422 1.4058478 0.9229392
1 -0.6185902 1.0672119 -0.8854912
1 0.6077085 -1.0637849 0.4786552
8 0.0447009 -0.7025829 -0.0508771
5
-114.692     ts77     dynamics     sesquiterpene     TS     runpoint      31     runisomer      106
6 -0.0894903 0.6526740 0.0352152
1 0.0038776 1.3857157 0.9148122
1 -0.6418980 1.0519583 -0.9112852
1 0.6543483 -0.9339822 0.5582281
8 0.0381970 -0.7216029 -0.0617785
5
-114.704     ts77     dynamics     sesquiterpene     TS     runpoint      32     runisomer      106
6 -0.0842325 0.6720728 0.0439634
1 0.0069546 1.3453638 0.8971399
1 -0.6547632 1.0302829 -0.9163804
1 0.7288806 -0.8192403 0.6662216
8 0.0301745 -0.7394822 -0.0737119
5
-114.703     ts77     dynamics     sesquiterpene     TS     runpoint      33     runisomer      106
6 -0.0805849 0.6918154 0.0491759
1 0.0103641 1.2953562 0.8815186
1 -0.6563050 1.0054905 -0.8988133
1 0.7891780 -0.7146115 0.7581100
8 0.0235227 -0.7561765 -0.0835351
5
-114.679     ts77     dynamics     sesquiterpene     TS     runpoint      34     runisomer      106
6 -0.0786929 0.7099228 0.0493886
1 0.0153309 1.2501806 0.8853230
1 -0.6483042 0.9821495 -0.8613888
1 0.8205125 -0.6262398 0.8162091
8 0.0193138 -0.7710176 -0.0899527
5
-114.656     ts77     dynamics     sesquiterpene     TS     runpoint      35     runisomer      106
6 -0.0782518 0.7248607 0.0441956
1 0.0224200 1.2196557 0.9212847
1 -0.6362503 0.9659315 -0.8128524
1 0.8208664 -0.5597858 0.8364893
8 0.0177565 -0.7834714 -0.0926584
5
-114.645     ts77     dynamics     sesquiterpene     TS     runpoint      36     runisomer      106
6 -0.0782798 0.7361800 0.0355405
1 0.0298772 1.2011132 0.9828448
1 -0.6307247 0.9634718 -0.7691585
1 0.7915442 -0.5194010 0.8187838
8 0.0188097 -0.7931882 -0.0916796
5
-114.644     ts77     dynamics     sesquiterpene     TS     runpoint      37     runisomer      106
6 -0.0774158 0.7440316 0.0267775
1 0.0344876 1.1858065 1.0496206
1 -0.6449508 0.9808655 -0.7484770
1 0.7346839 -0.5085399 0.7641601
8 0.0223527 -0.7998982 -0.0871731
5
-114.654     ts77     dynamics     sesquiterpene     TS     runpoint      38     runisomer      106
6 -0.0750340 0.7487480 0.0199508
1 0.0338753 1.1674027 1.1034642
1 -0.6840219 1.0195451 -0.7556711
1 0.6554161 -0.5295779 0.6777102
8 0.0280636 -0.8033914 -0.0795417
