5
-114.654160 ts77 dynamics sesquiterpene TS runpoint 1  runisomer  23
6 -0.0453558 0.6393168 -0.0072038
1 -0.1969620 1.1612370 0.9566104
1 -0.2269154 1.2788159 -0.9611366
1 0.9849519 -0.0717938 0.0268159
8 -0.0292796 -0.7659417 0.0040005
5
-114.648 ts77 dynamics sesquiterpene TS runpoint 2  runisomer  23
6 -0.0447558 0.643399 -0.0181877
1 -0.183059 1.17415 0.945835
1 -0.217046 1.28841 -0.861992
1 0.941973 -0.040183 0.0504094
8 -0.0285193 -0.772414 0.00518662
5
-114.649     ts77     dynamics     sesquiterpene     TS     runpoint      3     runisomer      23
6 -0.0437507 0.6475097 -0.0276712
1 -0.1707830 1.1813998 0.9308780
1 -0.2095119 1.2925870 -0.7709935
1 0.9088295 -0.0042813 0.0729040
8 -0.0284322 -0.7784797 0.0060930
5
-114.638     ts77     dynamics     sesquiterpene     TS     runpoint      4     runisomer      23
6 -0.0421783 0.6500096 -0.0332383
1 -0.1606521 1.1820304 0.9150708
1 -0.2100760 1.3106524 -0.7185739
1 0.8951095 0.0369338 0.0943171
8 -0.0293493 -0.7841298 0.0066138
5
-114.628     ts77     dynamics     sesquiterpene     TS     runpoint      5     runisomer      23
6 -0.0398273 0.6496260 -0.0338021
1 -0.1537869 1.1764340 0.9031524
1 -0.2222463 1.3548398 -0.7208155
1 0.9071777 0.0859190 0.1143653
8 -0.0315373 -0.7893596 0.0066668
5
-114.634     ts77     dynamics     sesquiterpene     TS     runpoint      6     runisomer      23
6 -0.0366996 0.6469798 -0.0308040
1 -0.1519075 1.1661729 0.8996690
1 -0.2424565 1.4113639 -0.7632401
1 0.9461488 0.1470147 0.1318807
8 -0.0351819 -0.7941392 0.0062075
5
-114.645     ts77     dynamics     sesquiterpene     TS     runpoint      7     runisomer      23
6 -0.0326350 0.6432356 -0.0263191
1 -0.1570172 1.1531743 0.9070139
1 -0.2642504 1.4575631 -0.8211515
1 1.0068772 0.2253355 0.1446844
8 -0.0403616 -0.7983562 0.0052240
5
-114.652     ts77     dynamics     sesquiterpene     TS     runpoint      8     runisomer      23
6 -0.0271017 0.6389388 -0.0215714
1 -0.1707577 1.1386140 0.9242166
1 -0.2829723 1.4791999 -0.8765722
1 1.0789930 0.3240088 0.1502288
8 -0.0470108 -0.8017943 0.0037222
5
-114.658     ts77     dynamics     sesquiterpene     TS     runpoint      9     runisomer      23
6 -0.0194646 0.6342981 -0.0169624
1 -0.1937499 1.1223244 0.9471293
1 -0.2962699 1.4705361 -0.9189980
1 1.1498482 0.4420608 0.1466239
8 -0.0549183 -0.8041768 0.0017227
5
-114.663     ts77     dynamics     sesquiterpene     TS     runpoint      10     runisomer      23
6 -0.0092647 0.6295606 -0.0124799
1 -0.2252811 1.1031881 0.9698871
1 -0.3033523 1.4306652 -0.9426410
1 1.2077000 0.5746387 0.1333203
8 -0.0637824 -0.8052573 -0.0007435
5
-114.67     ts77     dynamics     sesquiterpene     TS     runpoint      11     runisomer      23
6 0.0036658 0.6250656 -0.0079987
1 -0.2634620 1.0800301 0.9867634
1 -0.3045060 1.3615314 -0.9448390
1 1.2438030 0.7146008 0.1112487
8 -0.0732789 -0.8048863 -0.0036387
5
-114.679     ts77     dynamics     sesquiterpene     TS     runpoint      12     runisomer      23
6 0.0192327 0.6211143 -0.0033797
1 -0.3056850 1.0523046 0.9935090
1 -0.3011449 1.2677173 -0.9260976
1 1.2531388 0.8540264 0.0825904
8 -0.0830966 -0.8030459 -0.0069038
5
-114.687     ts77     dynamics     sesquiterpene     TS     runpoint      13     runisomer      23
6 0.0372053 0.6177868 0.0016321
1 -0.3492075 1.0203387 0.9879977
1 -0.2965297 1.1574537 -0.8918676
1 1.2343261 0.9852468 0.0504128
8 -0.0929431 -0.7998541 -0.0104459
5
-114.692     ts77     dynamics     sesquiterpene     TS     runpoint      14     runisomer      23
6 0.0575381 0.6148856 0.0077410
1 -0.3923145 0.9856343 0.9702173
1 -0.2975753 1.0431600 -0.8555139
1 1.1891319 1.1015934 0.0180302
8 -0.1025677 -0.7956175 -0.0141588
5
-114.689     ts77     dynamics     sesquiterpene     TS     runpoint      15     runisomer      23
6 0.0799003 0.6118167 0.0168471
1 -0.4335157 0.9525077 0.9410957
1 -0.3125606 0.9382047 -0.8397063
1 1.1226901 1.1979120 -0.0140090
8 -0.1116183 -0.7906818 -0.0181331
5
-114.681     ts77     dynamics     sesquiterpene     TS     runpoint      16     runisomer      23
6 0.1037699 0.6085980 0.0284239
1 -0.4719452 0.9213718 0.9060964
1 -0.3485572 0.8523942 -0.8559939
1 1.0429015 1.2715274 -0.0407682
8 -0.1198091 -0.7855346 -0.0219007
5
-114.654160 ts77 dynamics sesquiterpene TS runpoint 1  runisomer  23
6 -0.0453558 0.6393168 -0.0072038
1 -0.1969620 1.1612370 0.9566104
1 -0.2269154 1.2788159 -0.9611366
1 0.9849519 -0.0717938 0.0268159
8 -0.0292796 -0.7659417 0.0040005
5
-114.648 ts77 dynamics sesquiterpene TS runpoint 2  runisomer  23
6 -0.045475 0.636005 0.00329148
1 -0.212456 1.14479 0.961992
1 -0.23547 1.25397 -1.04536
1 1.02752 -0.0995335 0.00232864
8 -0.0303575 -0.759108 0.00263668
5
-114.64     ts77     dynamics     sesquiterpene     TS     runpoint      3     runisomer      23
6 -0.0449396 0.6335460 0.0119903
1 -0.2298506 1.1276519 0.9628028
1 -0.2411069 1.2122115 -1.1018300
1 1.0609259 -0.1238370 -0.0224782
8 -0.0314133 -0.7520209 0.0011817
5
-114.633     ts77     dynamics     sesquiterpene     TS     runpoint      4     runisomer      23
6 -0.0436355 0.6318168 0.0180420
1 -0.2496424 1.1128227 0.9611217
1 -0.2432994 1.1557937 -1.1244750
1 1.0788401 -0.1456412 -0.0467955
8 -0.0321355 -0.7448610 -0.0002932
5
-114.63     ts77     dynamics     sesquiterpene     TS     runpoint      5     runisomer      23
6 -0.0415996 0.6307497 0.0209709
1 -0.2722680 1.1027323 0.9589846
1 -0.2420644 1.0888600 -1.1114788
1 1.0774608 -0.1669128 -0.0697831
8 -0.0322301 -0.7378668 -0.0017258
5
-114.633     ts77     dynamics     sesquiterpene     TS     runpoint      6     runisomer      23
6 -0.0390731 0.6304276 0.0207781
1 -0.2977814 1.0985948 0.9570769
1 -0.2379291 1.0170787 -1.0651966
1 1.0553414 -0.1912165 -0.0907484
8 -0.0313863 -0.7313103 -0.0030560
5
-114.642     ts77     dynamics     sesquiterpene     TS     runpoint      7     runisomer      23
6 -0.0364971 0.6310331 0.0182285
1 -0.3255982 1.1001917 0.9542222
1 -0.2324494 0.9483843 -0.9949442
1 1.0135554 -0.2242117 -0.1093380
8 -0.0292791 -0.7254567 -0.0042184
5
-114.65     ts77     dynamics     sesquiterpene     TS     runpoint      8     runisomer      23
6 -0.0343902 0.6326644 0.0153076
1 -0.3545699 1.1062577 0.9480751
1 -0.2294635 0.8940982 -0.9229103
1 0.9565883 -0.2736345 -0.1258288
8 -0.0256335 -0.7205284 -0.0051377
5
-114.65     ts77     dynamics     sesquiterpene     TS     runpoint      9     runisomer      23
6 -0.0331144 0.6352155 0.0152665
1 -0.3834451 1.1152522 0.9365889
1 -0.2359570 0.8678311 -0.8859671
1 0.8946656 -0.3474586 -0.1417315
8 -0.0204619 -0.7167021 -0.0057079
5
-114.648     ts77     dynamics     sesquiterpene     TS     runpoint      10     runisomer      23
6 -0.0329381 0.6387192 0.0202896
1 -0.4115598 1.1260754 0.9195288
1 -0.2570399 0.8770942 -0.9093659
1 0.8486688 -0.4486994 -0.1610722
8 -0.0145967 -0.7142162 -0.0057070
5
-114.661     ts77     dynamics     sesquiterpene     TS     runpoint      11     runisomer      23
6 -0.0343398 0.6435923 0.0285659
1 -0.4393614 1.1383445 0.8991284
1 -0.2876708 0.9154548 -0.9732304
1 0.8508383 -0.5723141 -0.1913935
8 -0.0100014 -0.7132728 -0.0046943
5
-114.682     ts77     dynamics     sesquiterpene     TS     runpoint      12     runisomer      23
6 -0.0374924 0.6499613 0.0366707
1 -0.4682321 1.1519847 0.8791268
1 -0.3184364 0.9703745 -1.0410112
1 0.9086866 -0.7156905 -0.2366912
8 -0.0075242 -0.7133370 -0.0023873
5
-114.7     ts77     dynamics     sesquiterpene     TS     runpoint      13     runisomer      23
6 -0.0420531 0.6575311 0.0422274
1 -0.4996246 1.1664769 0.8630236
1 -0.3430110 1.0313909 -1.0893322
1 0.9780988 -0.8748567 -0.2875325
8 -0.0049495 -0.7137450 0.0007097
5
-114.698     ts77     dynamics     sesquiterpene     TS     runpoint      14     runisomer      23
6 -0.0475739 0.6659542 0.0441109
1 -0.5339292 1.1802471 0.8525513
1 -0.3582569 1.0911946 -1.1080230
1 1.0197327 -1.0348175 -0.3322385
8 -0.0003099 -0.7146212 0.0039536
5
-114.683     ts77     dynamics     sesquiterpene     TS     runpoint      15     runisomer      23
6 -0.0537421 0.6749849 0.0420298
1 -0.5699006 1.1905462 0.8472038
1 -0.3627287 1.1446121 -1.0941431
1 1.0191357 -1.1796946 -0.3645387
8 0.0069027 -0.7162822 0.0070159
5
-114.67     ts77     dynamics     sesquiterpene     TS     runpoint      16     runisomer      23
6 -0.0603854 0.6844852 0.0362053
1 -0.6050733 1.1939988 0.8449953
1 -0.3559330 1.1878719 -1.0488595
1 0.9752807 -1.2976021 -0.3821652
8 0.0164379 -0.7189230 0.0097856
5
-114.668     ts77     dynamics     sesquiterpene     TS     runpoint      17     runisomer      23
6 -0.0673641 0.6943354 0.0272555
1 -0.6367328 1.1874635 0.8436900
1 -0.3383246 1.2187534 -0.9773122
1 0.8919272 -1.3799659 -0.3848283
8 0.0278113 -0.7226571 0.0122455
5
-114.675     ts77     dynamics     sesquiterpene     TS     runpoint      18     runisomer      23
6 -0.0744473 0.7041908 0.0163215
1 -0.6627734 1.1687447 0.8417305
1 -0.3119039 1.2381669 -0.8910355
1 0.7752976 -1.4210530 -0.3737740
8 0.0404495 -0.7275059 0.0144445
5
-114.684     ts77     dynamics     sesquiterpene     TS     runpoint      19     runisomer      23
6 -0.0812228 0.7130417 0.0053793
1 -0.6820894 1.1370348 0.8386004
1 -0.2811045 1.2536905 -0.8120607
1 0.6368603 -1.4215383 -0.3536530
8 0.0535332 -0.7330953 0.0166131
5
-114.683     ts77     dynamics     sesquiterpene     TS     runpoint      20     runisomer      23
6 -0.0871723 0.7189884 -0.0028809
1 -0.6947053 1.0931115 0.8347775
1 -0.2520008 1.2814209 -0.7713742
1 0.5008604 -1.4011801 -0.3388773
8 0.0655268 -0.7378177 0.0195609
5
-114.662     ts77     dynamics     sesquiterpene     TS     runpoint      21     runisomer      23
6 -0.0921077 0.7204650 -0.0069853
1 -0.7019249 1.0393370 0.8315930
1 -0.2267600 1.3328977 -0.7861834
1 0.4040526 -1.4139401 -0.3618792
8 0.0741947 -0.7379769 0.0252282
