5
-114.654160 ts77 dynamics sesquiterpene TS runpoint 1  runisomer  61
6 -0.0491954 0.6570445 0.0111713
1 -0.1147423 1.1902592 0.9083526
1 -0.2318864 1.1080585 -0.9967626
1 0.9421580 -0.0495568 0.0888567
8 -0.0285706 -0.7717116 -0.0084093
5
-114.648 ts77 dynamics sesquiterpene TS runpoint 2  runisomer  61
6 -0.043595 0.666208 0.0105887
1 -0.112592 1.20502 0.9039
1 -0.239644 1.01393 -0.94082
1 0.90028 -0.0145726 0.10878
8 -0.0297805 -0.77579 -0.012472
5
-114.643     ts77     dynamics     sesquiterpene     TS     runpoint      3     runisomer      61
6 -0.0375561 0.6729996 0.0098269
1 -0.1175418 1.2265361 0.9116566
1 -0.2522943 0.9345026 -0.9002052
1 0.8759028 0.0218002 0.1265987
8 -0.0316674 -0.7795277 -0.0160708
5
-114.63     ts77     dynamics     sesquiterpene     TS     runpoint      4     runisomer      61
6 -0.0308692 0.6768016 0.0118032
1 -0.1299346 1.2516492 0.9256160
1 -0.2771796 0.8821818 -0.9059769
1 0.8779740 0.0610097 0.1426293
8 -0.0344656 -0.7831361 -0.0190795
5
-114.627     ts77     dynamics     sesquiterpene     TS     runpoint      5     runisomer      61
6 -0.0235898 0.6778365 0.0169732
1 -0.1498385 1.2760396 0.9384990
1 -0.3149438 0.8574485 -0.9577703
1 0.9103119 0.1066440 0.1564986
8 -0.0383317 -0.7867653 -0.0213817
5
-114.637     ts77     dynamics     sesquiterpene     TS     runpoint      6     runisomer      61
6 -0.0161066 0.6764744 0.0232088
1 -0.1770446 1.2957798 0.9447939
1 -0.3567271 0.8539048 -1.0247221
1 0.9698431 0.1648773 0.1667537
8 -0.0433515 -0.7904311 -0.0228855
5
-114.644     ts77     dynamics     sesquiterpene     TS     runpoint      7     runisomer      61
6 -0.0084568 0.6726773 0.0285729
1 -0.2110069 1.3078527 0.9413067
1 -0.3929526 0.8659762 -1.0792889
1 1.0471212 0.2424308 0.1712928
8 -0.0495402 -0.7939893 -0.0235396
5
-114.649     ts77     dynamics     sesquiterpene     TS     runpoint      8     runisomer      61
6 -0.0002427 0.6662923 0.0320840
1 -0.2508541 1.3102249 0.9269758
1 -0.4176025 0.8895699 -1.1071381
1 1.1291130 0.3430035 0.1682628
8 -0.0568070 -0.7971708 -0.0233271
5
-114.655     ts77     dynamics     sesquiterpene     TS     runpoint      9     runisomer      61
6 0.0090488 0.6574026 0.0333170
1 -0.2954874 1.3018121 0.9026760
1 -0.4276675 0.9210925 -1.1028977
1 1.2024451 0.4653965 0.1566935
8 -0.0649544 -0.7996689 -0.0222607
5
-114.664     ts77     dynamics     sesquiterpene     TS     runpoint      10     runisomer      61
6 0.0198293 0.6464384 0.0321009
1 -0.3437154 1.2824469 0.8710010
1 -0.4220620 0.9569258 -1.0664329
1 1.2558436 0.6042657 0.1366856
8 -0.0737225 -0.8012294 -0.0203916
5
-114.675     ts77     dynamics     sesquiterpene     TS     runpoint      11     runisomer      61
6 0.0323585 0.6341056 0.0285105
1 -0.3943590 1.2527808 0.8358624
1 -0.4013226 0.9933960 -1.0019959
1 1.2814592 0.7518917 0.1093066
8 -0.0828552 -0.8017060 -0.0178213
5
-114.686     ts77     dynamics     sesquiterpene     TS     runpoint      12     runisomer      61
6 0.0468375 0.6212360 0.0231011
1 -0.4462975 1.2140446 0.8017060
1 -0.3683287 1.0273515 -0.9196042
1 1.2752498 0.8997536 0.0763454
8 -0.0921342 -0.8010643 -0.0147261
5
-114.692     ts77     dynamics     sesquiterpene     TS     runpoint      13     runisomer      61
6 0.0637073 0.6084879 0.0172755
1 -0.4989071 1.1676996 0.7718634
1 -0.3303704 1.0577850 -0.8369819
1 1.2368360 1.0399825 0.0400063
8 -0.1014477 -0.7993312 -0.0113928
5
-114.686     ts77     dynamics     sesquiterpene     TS     runpoint      14     runisomer      61
6 0.0825284 0.5964208 0.0116223
1 -0.5480281 1.1132390 0.7517642
1 -0.2970124 1.0928945 -0.7754109
1 1.1707603 1.1627786 0.0070239
8 -0.1104136 -0.7967935 -0.0076876
5
-114.681     ts77     dynamics     sesquiterpene     TS     runpoint      15     runisomer      61
6 0.1036923 0.5847742 0.0082196
1 -0.5940716 1.0522350 0.7382036
1 -0.2816998 1.1360909 -0.7519437
1 1.0856193 1.2629166 -0.0204723
8 -0.1189936 -0.7932418 -0.0040290
5
-114.672     ts77     dynamics     sesquiterpene     TS     runpoint      16     runisomer      61
6 0.1256779 0.5742814 0.0067974
1 -0.6339519 0.9858075 0.7297953
1 -0.2869028 1.1841003 -0.7640886
1 0.9941432 1.3359940 -0.0383822
8 -0.1268872 -0.7888125 -0.0005398
5
-114.654160 ts77 dynamics sesquiterpene TS runpoint 1  runisomer  61
6 -0.0491954 0.6570445 0.0111713
1 -0.1147423 1.1902592 0.9083526
1 -0.2318864 1.1080585 -0.9967626
1 0.9421580 -0.0495568 0.0888567
8 -0.0285706 -0.7717116 -0.0084093
5
-114.648 ts77 dynamics sesquiterpene TS runpoint 2  runisomer  61
6 -0.0543106 0.646621 0.00942719
1 -0.123279 1.18217 0.925405
1 -0.223917 1.20152 -1.04039
1 0.990308 -0.0837373 0.0665417
8 -0.0277307 -0.767117 -0.00402033
5
-114.643     ts77     dynamics     sesquiterpene     TS     runpoint      3     runisomer      61
6 -0.0587185 0.6361616 0.0049209
1 -0.1371108 1.1773344 0.9491633
1 -0.2140401 1.2827741 -1.0582903
1 1.0339862 -0.1177073 0.0419777
8 -0.0269275 -0.7619440 0.0005397
5
-114.635     ts77     dynamics     sesquiterpene     TS     runpoint      4     runisomer      61
6 -0.0622510 0.6268790 -0.0017950
1 -0.1549120 1.1711010 0.9711979
1 -0.2022335 1.3443744 -1.0464973
1 1.0645565 -0.1526209 0.0157414
8 -0.0258277 -0.7562676 0.0051009
5
-114.629     ts77     dynamics     sesquiterpene     TS     runpoint      5     runisomer      61
6 -0.0649331 0.6199075 -0.0098857
1 -0.1753058 1.1597750 0.9844711
1 -0.1890481 1.3816890 -1.0059464
1 1.0758526 -0.1909059 -0.0113077
8 -0.0240748 -0.7502627 0.0094846
5
-114.629     ts77     dynamics     sesquiterpene     TS     runpoint      6     runisomer      61
6 -0.0670674 0.6162617 -0.0185131
1 -0.1970039 1.1414651 0.9851260
1 -0.1751462 1.3923492 -0.9408257
1 1.0639827 -0.2372146 -0.0381374
8 -0.0212360 -0.7441272 0.0135043
5
-114.638     ts77     dynamics     sesquiterpene     TS     runpoint      7     runisomer      61
6 -0.0692638 0.6166702 -0.0267925
1 -0.2189394 1.1161648 0.9728816
1 -0.1611869 1.3772099 -0.8592791
1 1.0275620 -0.2989817 -0.0636232
8 -0.0167916 -0.7379926 0.0169554
5
-114.654     ts77     dynamics     sesquiterpene     TS     runpoint      8     runisomer      61
6 -0.0723070 0.6211154 -0.0335401
1 -0.2405361 1.0856984 0.9511011
1 -0.1479636 1.3437415 -0.7763499
1 0.9696637 -0.3848528 -0.0868414
8 -0.0103349 -0.7318888 0.0196269
5
-114.667     ts77     dynamics     sesquiterpene     TS     runpoint      9     runisomer      61
6 -0.0767551 0.6281387 -0.0369526
1 -0.2621820 1.0536768 0.9267093
1 -0.1367050 1.3112369 -0.7177105
1 0.9037063 -0.4992156 -0.1082409
8 -0.0021891 -0.7258871 0.0213778
5
-114.666     ts77     dynamics     sesquiterpene     TS     runpoint      10     runisomer      61
6 -0.0826002 0.6350306 -0.0351086
1 -0.2856079 1.0250950 0.9092177
1 -0.1283622 1.3065503 -0.7134046
1 0.8641956 -0.6368932 -0.1326884
8 0.0056347 -0.7202862 0.0223654
5
-114.667     ts77     dynamics     sesquiterpene     TS     runpoint      11     runisomer      61
6 -0.0894025 0.6404122 -0.0282891
1 -0.3135183 1.0050253 0.9077199
1 -0.1214169 1.3347284 -0.7683135
1 0.8909452 -0.7923796 -0.1694998
8 0.0103730 -0.7150366 0.0231213
5
-114.695     ts77     dynamics     sesquiterpene     TS     runpoint      12     runisomer      61
6 -0.0965846 0.6453566 -0.0193048
1 -0.3479762 0.9963975 0.9257361
1 -0.1133103 1.3718450 -0.8539579
1 0.9541133 -0.9631333 -0.2161400
8 0.0134397 -0.7097829 0.0235796
5
-114.708     ts77     dynamics     sesquiterpene     TS     runpoint      13     runisomer      61
6 -0.1036660 0.6511630 -0.0105118
1 -0.3885490 0.9983936 0.9577287
1 -0.1033239 1.3961038 -0.9398928
1 1.0007545 -1.1310872 -0.2611758
8 0.0177394 -0.7052104 0.0232187
5
-114.691     ts77     dynamics     sesquiterpene     TS     runpoint      14     runisomer      61
6 -0.1103801 0.6583412 -0.0028104
1 -0.4322312 1.0074463 0.9921908
1 -0.0921929 1.3979764 -1.0075364
1 1.0103724 -1.2777366 -0.2980604
8 0.0242192 -0.7020429 0.0218551
5
-114.666     ts77     dynamics     sesquiterpene     TS     runpoint      15     runisomer      61
6 -0.1165988 0.6667870 0.0036557
1 -0.4750441 1.0195310 1.0178296
1 -0.0810921 1.3755313 -1.0474364
1 0.9819555 -1.3920132 -0.3246846
8 0.0326712 -0.7005261 0.0195800
5
-114.649     ts77     dynamics     sesquiterpene     TS     runpoint      16     runisomer      61
6 -0.1222172 0.6761268 0.0088819
1 -0.5136036 1.0314591 1.0270186
1 -0.0711970 1.3304468 -1.0553938
1 0.9197602 -1.4674325 -0.3406432
8 0.0426087 -0.7006915 0.0165871
5
-114.646     ts77     dynamics     sesquiterpene     TS     runpoint      17     runisomer      61
6 -0.1270855 0.6859274 0.0128212
1 -0.5459678 1.0410679 1.0163026
1 -0.0635702 1.2666653 -1.0310428
1 0.8276300 -1.4985620 -0.3458881
8 0.0536233 -0.7026699 0.0131028
5
-114.658     ts77     dynamics     sesquiterpene     TS     runpoint      18     runisomer      61
6 -0.1310221 0.6955657 0.0155315
1 -0.5719564 1.0472566 0.9861340
1 -0.0589884 1.1909157 -0.9792891
1 0.7095187 -1.4813427 -0.3410503
8 0.0653644 -0.7066038 0.0094044
5
-114.679     ts77     dynamics     sesquiterpene     TS     runpoint      19     runisomer      61
6 -0.1338673 0.7038406 0.0176232
1 -0.5932659 1.0503349 0.9410279
1 -0.0573815 1.1144869 -0.9151901
1 0.5758918 -1.4213844 -0.3306318
8 0.0771571 -0.7119685 0.0059817
5
-114.684     ts77     dynamics     sesquiterpene     TS     runpoint      20     runisomer      61
6 -0.1355123 0.7088172 0.0207293
1 -0.6137277 1.0523386 0.8898838
1 -0.0569804 1.0541294 -0.8697326
1 0.4579415 -1.3583144 -0.3346769
8 0.0870846 -0.7160001 0.0042646
5
-114.643     ts77     dynamics     sesquiterpene     TS     runpoint      21     runisomer      61
6 -0.1357675 0.7086492 0.0265461
1 -0.6394358 1.0567418 0.8449023
1 -0.0550682 1.0249816 -0.8779923
1 0.4039821 -1.3804220 -0.4024025
8 0.0921740 -0.7129226 0.0075229
