5
-114.654160 ts77 dynamics sesquiterpene TS runpoint 1  runisomer  53
6 -0.0236719 0.6112488 -0.0044263
1 -0.2918480 1.1108577 0.9418336
1 -0.2992303 1.0713854 -0.8905566
1 0.9772052 -0.0949277 0.0184790
8 -0.0345247 -0.7271819 -0.0010744
5
-114.65 ts77 dynamics sesquiterpene TS runpoint 2  runisomer  53
6 -0.017407 0.620381 -0.0116734
1 -0.319298 1.05938 0.949046
1 -0.283673 1.03633 -0.833696
1 0.936291 -0.0611892 -0.00748723
8 -0.0358979 -0.730707 0.00196167
5
-114.636     ts77     dynamics     sesquiterpene     TS     runpoint      3     runisomer      53
6 -0.0108743 0.6286222 -0.0139504
1 -0.3436461 1.0116279 0.9523547
1 -0.2838245 1.0322327 -0.8308176
1 0.9138539 -0.0239600 -0.0331745
8 -0.0378417 -0.7359687 0.0048995
5
-114.631     ts77     dynamics     sesquiterpene     TS     runpoint      4     runisomer      53
6 -0.0043644 0.6352227 -0.0108580
1 -0.3643792 0.9713775 0.9528571
1 -0.3018957 1.0613775 -0.8862704
1 0.9194761 0.0187641 -0.0584362
8 -0.0406351 -0.7429140 0.0076353
5
-114.643     ts77     dynamics     sesquiterpene     TS     runpoint      5     runisomer      53
6 0.0012145 0.6407169 -0.0054641
1 -0.3816445 0.9420796 0.9527607
1 -0.3270154 1.1064890 -0.9647343
1 0.9560249 0.0715849 -0.0831347
8 -0.0444522 -0.7513608 0.0100953
5
-114.65     ts77     dynamics     sesquiterpene     TS     runpoint      6     runisomer      53
6 0.0056285 0.6451535 -0.0006566
1 -0.3957735 0.9262311 0.9541317
1 -0.3492158 1.1517797 -1.0339562
1 1.0179366 0.1418467 -0.1064456
8 -0.0493743 -0.7609722 0.0122328
5
-114.652     ts77     dynamics     sesquiterpene     TS     runpoint      7     runisomer      53
6 0.0094570 0.6479643 0.0020195
1 -0.4066373 0.9248831 0.9575137
1 -0.3638186 1.1887207 -1.0774844
1 1.0933705 0.2364933 -0.1265642
8 -0.0553929 -0.7712866 0.0140226
5
-114.654     ts77     dynamics     sesquiterpene     TS     runpoint      8     runisomer      53
6 0.0135230 0.6486457 0.0019830
1 -0.4133815 0.9374583 0.9613276
1 -0.3694282 1.2131073 -1.0888653
1 1.1681590 0.3578167 -0.1412084
8 -0.0623761 -0.7817725 0.0154515
5
-114.661     ts77     dynamics     sesquiterpene     TS     runpoint      9     runisomer      53
6 0.0185113 0.6471635 -0.0007764
1 -0.4147042 0.9618836 0.9624194
1 -0.3662342 1.2226605 -1.0667443
1 1.2291324 0.5022285 -0.1483626
8 -0.0700768 -0.7919020 0.0165122
5
-114.67     ts77     dynamics     sesquiterpene     TS     runpoint      10     runisomer      53
6 0.0248788 0.6439526 -0.0058981
1 -0.4093850 0.9949299 0.9573775
1 -0.3554541 1.2162364 -1.0132438
1 1.2662960 0.6618985 -0.1467603
8 -0.0782094 -0.8012312 0.0172023
5
-114.681     ts77     dynamics     sesquiterpene     TS     runpoint      11     runisomer      53
6 0.0329227 0.6396939 -0.0126757
1 -0.3967941 1.0326476 0.9438901
1 -0.3397273 1.1944123 -0.9349507
1 1.2738889 0.8269057 -0.1360564
8 -0.0865048 -0.8094340 0.0175308
5
-114.689     ts77     dynamics     sesquiterpene     TS     runpoint      12     runisomer      53
6 0.0430128 0.6349286 -0.0198576
1 -0.3774038 1.0706655 0.9216363
1 -0.3247795 1.1617603 -0.8463151
1 1.2504420 0.9871658 -0.1168651
8 -0.0947593 -0.8162946 0.0175287
5
-114.687     ts77     dynamics     sesquiterpene     TS     runpoint      13     runisomer      53
6 0.0556595 0.6296228 -0.0254795
1 -0.3524469 1.1051381 0.8931600
1 -0.3218571 1.1301891 -0.7732413
1 1.1987558 1.1326309 -0.0901070
8 -0.1027448 -0.8216625 0.0172521
5
-114.674     ts77     dynamics     sesquiterpene     TS     runpoint      14     runisomer      53
6 0.0723415 0.6231895 -0.0276422
1 -0.3270141 1.1309889 0.8627201
1 -0.3491293 1.1159289 -0.7443566
1 1.1248389 1.2565953 -0.0572629
8 -0.1104845 -0.8253779 0.0169039
5
-114.663     ts77     dynamics     sesquiterpene     TS     runpoint      15     runisomer      53
6 0.0919969 0.6160833 -0.0251076
1 -0.3033788 1.1498238 0.8350936
1 -0.4067723 1.1196301 -0.7679078
1 1.0373930 1.3521195 -0.0253109
8 -0.1175760 -0.8274852 0.0162154
5
-114.663     ts77     dynamics     sesquiterpene     TS     runpoint      16     runisomer      53
6 0.1125812 0.6100205 -0.0202648
1 -0.2862199 1.1606806 0.8163918
1 -0.4798185 1.1243688 -0.8188468
1 0.9476123 1.4167319 0.0017835
8 -0.1238384 -0.8279906 0.0152630
5
-114.654160 ts77 dynamics sesquiterpene TS runpoint 1  runisomer  53
6 -0.0236719 0.6112488 -0.0044263
1 -0.2918480 1.1108577 0.9418336
1 -0.2992303 1.0713854 -0.8905566
1 0.9772052 -0.0949277 0.0184790
8 -0.0345247 -0.7271819 -0.0010744
5
-114.65 ts77 dynamics sesquiterpene TS runpoint 2  runisomer  53
6 -0.0299632 0.603187 0.00457293
1 -0.26239 1.16231 0.930726
1 -0.318757 1.11815 -0.964664
1 1.02418 -0.125782 0.044198
8 -0.03339 -0.725379 -0.00407727
5
-114.649     ts77     dynamics     sesquiterpene     TS     runpoint      3     runisomer      53
6 -0.0362912 0.5977391 0.0127885
1 -0.2322253 1.2102797 0.9161959
1 -0.3341777 1.1609021 -1.0276564
1 1.0655813 -0.1538719 0.0688422
8 -0.0321791 -0.7252388 -0.0069091
5
-114.638     ts77     dynamics     sesquiterpene     TS     runpoint      4     runisomer      53
6 -0.0424379 0.5957451 0.0189351
1 -0.2025768 1.2517466 0.8990401
1 -0.3423299 1.1914780 -1.0661360
1 1.0925260 -0.1796885 0.0915061
8 -0.0306186 -0.7266568 -0.0094423
5
-114.627     ts77     dynamics     sesquiterpene     TS     runpoint      5     runisomer      53
6 -0.0482544 0.5976312 0.0223988
1 -0.1744387 1.2844266 0.8805802
1 -0.3424846 1.2061399 -1.0751349
1 1.0990635 -0.2050862 0.1113361
8 -0.0284300 -0.7294561 -0.0115596
5
-114.622     ts77     dynamics     sesquiterpene     TS     runpoint      6     runisomer      53
6 -0.0538432 0.6036169 0.0228469
1 -0.1484505 1.3069987 0.8628609
1 -0.3349065 1.2033484 -1.0537628
1 1.0816059 -0.2343393 0.1275603
8 -0.0252511 -0.7333512 -0.0131483
5
-114.629     ts77     dynamics     sesquiterpene     TS     runpoint      7     runisomer      53
6 -0.0596316 0.6137476 0.0201157
1 -0.1247231 1.3192516 0.8486669
1 -0.3204831 1.1832107 -1.0041341
1 1.0389216 -0.2747504 0.1395944
8 -0.0206216 -0.7379092 -0.0140894
5
-114.645     ts77     dynamics     sesquiterpene     TS     runpoint      8     runisomer      53
6 -0.0662621 0.6277318 0.0143917
1 -0.1027031 1.3220141 0.8412088
1 -0.3012052 1.1486050 -0.9332665
1 0.9735182 -0.3357227 0.1474433
8 -0.0141286 -0.7425522 -0.0142833
5
-114.667     ts77     dynamics     sesquiterpene     TS     runpoint      9     runisomer      53
6 -0.0741963 0.6445723 0.0067857
1 -0.0813366 1.3167590 0.8433096
1 -0.2816647 1.1084670 -0.8588605
1 0.8959150 -0.4246626 0.1527363
8 -0.0058642 -0.7467221 -0.0137291
5
-114.675     ts77     dynamics     sesquiterpene     TS     runpoint      10     runisomer      53
6 -0.0831660 0.6621312 0.0001097
1 -0.0595866 1.3049817 0.8561424
1 -0.2707395 1.0816261 -0.8165288
1 0.8355535 -0.5391491 0.1612973
8 0.0026104 -0.7502488 -0.0127337
5
-114.662     ts77     dynamics     sesquiterpene     TS     runpoint      11     runisomer      53
6 -0.0922816 0.6778073 -0.0023234
1 -0.0369223 1.2878953 0.8783564
1 -0.2773313 1.0876742 -0.8438357
1 0.8464429 -0.6666960 0.1856245
8 0.0077499 -0.7532783 -0.0121187
5
-114.677     ts77     dynamics     sesquiterpene     TS     runpoint      12     runisomer      53
6 -0.1011910 0.6909122 -0.0010693
1 -0.0133946 1.2667862 0.9066331
1 -0.2985150 1.1210130 -0.9286758
1 0.9311605 -0.8069379 0.2287784
8 0.0089480 -0.7550445 -0.0122130
5
-114.71     ts77     dynamics     sesquiterpene     TS     runpoint      13     runisomer      53
6 -0.1100925 0.7022043 0.0007044
1 0.0105807 1.2430727 0.9365838
1 -0.3241576 1.1613082 -1.0259084
1 1.0213095 -0.9557534 0.2748767
8 0.0100509 -0.7551861 -0.0122069
5
-114.701     ts77     dynamics     sesquiterpene     TS     runpoint      14     runisomer      53
6 -0.1190621 0.7121113 0.0010189
1 0.0343716 1.2180381 0.9633528
1 -0.3470948 1.1953769 -1.1040095
1 1.0767859 -1.0980958 0.3124973
8 0.0132302 -0.7542204 -0.0115777
5
-114.673     ts77     dynamics     sesquiterpene     TS     runpoint      15     runisomer      53
6 -0.1279757 0.7205787 -0.0007069
1 0.0572018 1.1929128 0.9824605
1 -0.3637226 1.2176746 -1.1486904
1 1.0874388 -1.2213737 0.3375575
8 0.0188548 -0.7526281 -0.0102496
5
-114.649     ts77     dynamics     sesquiterpene     TS     runpoint      16     runisomer      53
6 -0.1366211 0.7273643 -0.0044097
1 0.0782891 1.1691005 0.9906382
1 -0.3723752 1.2262959 -1.1548500
1 1.0542156 -1.3171557 0.3491993
8 0.0266502 -0.7507270 -0.0083318
5
-114.641     ts77     dynamics     sesquiterpene     TS     runpoint      17     runisomer      53
6 -0.1447517 0.7322169 -0.0097846
1 0.0970247 1.1482816 0.9863735
1 -0.3724951 1.2209297 -1.1221529
1 0.9806874 -1.3791276 0.3475858
8 0.0362094 -0.7488140 -0.0059892
5
-114.649     ts77     dynamics     sesquiterpene     TS     runpoint      18     runisomer      53
6 -0.1521012 0.7348795 -0.0163252
1 0.1131426 1.1323513 0.9701914
1 -0.3646147 1.2026456 -1.0547092
1 0.8714505 -1.4021498 0.3335075
8 0.0470923 -0.7472058 -0.0034248
5
-114.669     ts77     dynamics     sesquiterpene     TS     runpoint      19     runisomer      53
6 -0.1583420 0.7348532 -0.0230257
1 0.1268534 1.1232218 0.9447132
1 -0.3511014 1.1755129 -0.9647859
1 0.7360173 -1.3855065 0.3099971
8 0.0585912 -0.7459503 -0.0009768
5
-114.683     ts77     dynamics     sesquiterpene     TS     runpoint      20     runisomer      53
6 -0.1629946 0.7309746 -0.0277437
1 0.1389577 1.1225857 0.9144597
1 -0.3376601 1.1504350 -0.8804856
1 0.6011081 -1.3469532 0.2886173
8 0.0689710 -0.7438498 0.0005039
5
-114.656     ts77     dynamics     sesquiterpene     TS     runpoint      21     runisomer      53
6 -0.1654398 0.7213516 -0.0271500
1 0.1509099 1.1318099 0.8852153
1 -0.3331945 1.1464122 -0.8456856
1 0.5246937 -1.3493394 0.3017220
8 0.0745838 -0.7368079 -0.0011178
5
-114.634     ts77     dynamics     sesquiterpene     TS     runpoint      22     runisomer      53
6 -0.1655928 0.7051931 -0.0200013
1 0.1646601 1.1520020 0.8627963
1 -0.3414397 1.1720949 -0.8796620
1 0.5242643 -1.4288699 0.3699132
8 0.0743771 -0.7225645 -0.0072251
5
-114.675     ts77     dynamics     sesquiterpene     TS     runpoint      23     runisomer      53
6 -0.1643092 0.6844713 -0.0092457
1 0.1817556 1.1833166 0.8503311
1 -0.3552236 1.2098170 -0.9491960
1 0.5415719 -1.5114245 0.4577393
8 0.0721126 -0.7061678 -0.0156615
5
-114.681     ts77     dynamics     sesquiterpene     TS     runpoint      24     runisomer      53
6 -0.1624291 0.6619242 0.0022393
1 0.2019076 1.2230601 0.8453869
1 -0.3664147 1.2391886 -1.0167862
1 0.5485837 -1.5529316 0.5401508
8 0.0696948 -0.6909933 -0.0249021
5
-114.664     ts77     dynamics     sesquiterpene     TS     runpoint      25     runisomer      53
6 -0.1603947 0.6398860 0.0133592
1 0.2230251 1.2652862 0.8415002
1 -0.3706748 1.2496990 -1.0629721
1 0.5386840 -1.5419410 0.6072050
8 0.0677293 -0.6784757 -0.0343159
5
-114.652     ts77     dynamics     sesquiterpene     TS     runpoint      26     runisomer      53
6 -0.1584712 0.6203351 0.0239226
1 0.2427301 1.3027651 0.8323761
1 -0.3665015 1.2376621 -1.0801724
1 0.5108160 -1.4780574 0.6541048
8 0.0665354 -0.6694379 -0.0435391
5
-114.655     ts77     dynamics     sesquiterpene     TS     runpoint      27     runisomer      53
6 -0.1569274 0.6049410 0.0338821
1 0.2596172 1.3292723 0.8145190
1 -0.3541362 1.2026460 -1.0661455
1 0.4650629 -1.3650885 0.6778133
8 0.0664146 -0.6644723 -0.0522642
5
-114.674     ts77     dynamics     sesquiterpene     TS     runpoint      28     runisomer      53
6 -0.1560461 0.5948983 0.0430378
1 0.2735536 1.3408557 0.7878082
1 -0.3350206 1.1463738 -1.0216608
1 0.4042704 -1.2134651 0.6797548
8 0.0675007 -0.6636766 -0.0603762
5
-114.699     ts77     dynamics     sesquiterpene     TS     runpoint      29     runisomer      53
6 -0.1560669 0.5906564 0.0510896
1 0.2856544 1.3363964 0.7552228
1 -0.3118118 1.0736890 -0.9518435
1 0.3394224 -1.0482319 0.6783213
8 0.0693769 -0.6660469 -0.0686729
5
-114.703     ts77     dynamics     sesquiterpene     TS     runpoint      30     runisomer      53
6 -0.1571457 0.5916795 0.0580555
1 0.2984623 1.3180428 0.7224080
1 -0.2890388 0.9953727 -0.8716536
1 0.2908984 -0.9067472 0.7240712
8 0.0710008 -0.6696408 -0.0797670
5
-114.695     ts77     dynamics     sesquiterpene     TS     runpoint      31     runisomer      53
6 -0.1593029 0.5963595 0.0651161
1 0.3160734 1.2914825 0.6968610
1 -0.2737597 0.9308330 -0.8140566
1 0.2615500 -0.7966760 0.8330373
8 0.0723949 -0.6743490 -0.0939492
