5
-114.654160 ts77 dynamics sesquiterpene TS runpoint 1  runisomer  103
6 -0.0314292 0.6189562 0.0226096
1 -0.2958436 1.1285419 0.8798888
1 -0.2424451 1.0352131 -1.0031884
1 1.0191506 -0.0986637 -0.0775677
8 -0.0346741 -0.7315638 -0.0043070
5
-114.646 ts77 dynamics sesquiterpene TS runpoint 2  runisomer  103
6 -0.0287043 0.62457 0.0302993
1 -0.321803 1.13707 0.805522
1 -0.260048 1.03738 -0.985442
1 1.08049 -0.0925644 -0.0975639
8 -0.0378379 -0.736833 -0.00524877
5
-114.635     ts77     dynamics     sesquiterpene     TS     runpoint      3     runisomer      103
6 -0.0238816 0.6282495 0.0325839
1 -0.3618418 1.1712908 0.7762039
1 -0.2753079 1.0423884 -0.9579982
1 1.1276921 -0.0768003 -0.1139700
8 -0.0409457 -0.7430579 -0.0058124
5
-114.632     ts77     dynamics     sesquiterpene     TS     runpoint      4     runisomer      103
6 -0.0165616 0.6293691 0.0299651
1 -0.4150076 1.2282671 0.7902942
1 -0.2875821 1.0505406 -0.9273347
1 1.1570003 -0.0459501 -0.1255412
8 -0.0441617 -0.7499440 -0.0059385
5
-114.638     ts77     dynamics     sesquiterpene     TS     runpoint      5     runisomer      103
6 -0.0073659 0.6286728 0.0249950
1 -0.4687882 1.2887019 0.8242097
1 -0.2971911 1.0627864 -0.9016222
1 1.1682589 0.0053497 -0.1313374
8 -0.0477775 -0.7572324 -0.0056034
5
-114.641     ts77     dynamics     sesquiterpene     TS     runpoint      6     runisomer      103
6 0.0030356 0.6267769 0.0197864
1 -0.5110437 1.3360994 0.8586390
1 -0.3050716 1.0798983 -0.8873821
1 1.1633275 0.0817919 -0.1305882
8 -0.0521134 -0.7646890 -0.0048098
5
-114.642     ts77     dynamics     sesquiterpene     TS     runpoint      7     runisomer      103
6 0.0141969 0.6239650 0.0153042
1 -0.5347198 1.3619429 0.8836741
1 -0.3118498 1.1010618 -0.8863934
1 1.1451708 0.1863563 -0.1225868
8 -0.0574242 -0.7721280 -0.0035926
5
-114.649     ts77     dynamics     sesquiterpene     TS     runpoint      8     runisomer      103
6 0.0255988 0.6206276 0.0116738
1 -0.5366681 1.3627788 0.8948802
1 -0.3172601 1.1232094 -0.8953054
1 1.1185213 0.3188226 -0.1068613
8 -0.0638358 -0.7794172 -0.0020066
5
-114.662     ts77     dynamics     sesquiterpene     TS     runpoint      9     runisomer      103
6 0.0362869 0.6174459 0.0086838
1 -0.5163029 1.3377299 0.8903603
1 -0.3205430 1.1419335 -0.9082643
1 1.0925265 0.4744551 -0.0837053
8 -0.0712935 -0.7864351 -0.0001233
5
-114.677     ts77     dynamics     sesquiterpene     TS     runpoint      10     runisomer      103
6 0.0448596 0.6150930 0.0061251
1 -0.4754696 1.2878276 0.8699762
1 -0.3211838 1.1530337 -0.9199632
1 1.0813918 0.6454914 -0.0544780
8 -0.0795575 -0.7929991 0.0019752
5
-114.691     ts77     dynamics     sesquiterpene     TS     runpoint      11     runisomer      103
6 0.0506380 0.6137412 0.0037493
1 -0.4195634 1.2169189 0.8366544
1 -0.3192904 1.1535429 -0.9271730
1 1.0930035 0.8249659 -0.0209305
8 -0.0882677 -0.7988549 0.0041956
5
-114.654160 ts77 dynamics sesquiterpene TS runpoint 1  runisomer  103
6 -0.0314292 0.6189562 0.0226096
1 -0.2958436 1.1285419 0.8798888
1 -0.2424451 1.0352131 -1.0031884
1 1.0191506 -0.0986637 -0.0775677
8 -0.0346741 -0.7315638 -0.0043070
5
-114.646 ts77 dynamics sesquiterpene TS runpoint 2  runisomer  103
6 -0.0333742 0.613494 0.011774
1 -0.275375 1.13127 0.972107
1 -0.223841 1.0363 -1.0082
1 0.952602 -0.100581 -0.0554779
8 -0.0314841 -0.727586 -0.00306423
5
-114.648     ts77     dynamics     sesquiterpene     TS     runpoint      3     runisomer      103
6 -0.0358211 0.6101077 0.0004157
1 -0.2540945 1.1324929 1.0541578
1 -0.2058788 1.0416392 -1.0010298
1 0.8950515 -0.1040241 -0.0326490
8 -0.0284950 -0.7252420 -0.0016024
5
-114.639     ts77     dynamics     sesquiterpene     TS     runpoint      4     runisomer      103
6 -0.0397015 0.6099724 -0.0096157
1 -0.2299826 1.1266233 1.1097655
1 -0.1902271 1.0527854 -0.9854041
1 0.8624377 -0.1144057 -0.0096675
8 -0.0260346 -0.7248185 -0.0000114
5
-114.63     ts77     dynamics     sesquiterpene     TS     runpoint      5     runisomer      103
6 -0.0454196 0.6134753 -0.0171002
1 -0.2032019 1.1124635 1.1315931
1 -0.1783496 1.0717252 -0.9672396
1 0.8642613 -0.1357680 0.0138773
8 -0.0242973 -0.7264033 0.0016014
5
-114.63     ts77     dynamics     sesquiterpene     TS     runpoint      6     runisomer      103
6 -0.0527619 0.6202685 -0.0212455
1 -0.1747615 1.0909139 1.1174708
1 -0.1711964 1.1001754 -0.9525927
1 0.8968671 -0.1708563 0.0386118
8 -0.0230873 -0.7297243 0.0031201
5
-114.639     ts77     dynamics     sesquiterpene     TS     runpoint      7     runisomer      103
6 -0.0612164 0.6296371 -0.0218123
1 -0.1460124 1.0642867 1.0693540
1 -0.1688575 1.1381762 -0.9446998
1 0.9454971 -0.2229232 0.0643765
8 -0.0217682 -0.7341883 0.0044560
5
-114.653     ts77     dynamics     sesquiterpene     TS     runpoint      8     runisomer      103
6 -0.0704290 0.6408897 -0.0194610
1 -0.1184460 1.0369579 0.9955129
1 -0.1705175 1.1829580 -0.9422558
1 0.9922248 -0.2968205 0.0901724
8 -0.0194333 -0.7390735 0.0055658
5
-114.665     ts77     dynamics     sesquiterpene     TS     runpoint      9     runisomer      103
6 -0.0803829 0.6532568 -0.0161720
1 -0.0933543 1.0172974 0.9162249
1 -0.1748261 1.2294396 -0.9407653
1 1.0223053 -0.3977323 0.1147403
8 -0.0151704 -0.7436838 0.0064529
5
-114.67     ts77     dynamics     sesquiterpene     TS     runpoint      10     runisomer      103
6 -0.0912546 0.6654416 -0.0153020
1 -0.0706665 1.0189626 0.8674859
1 -0.1804628 1.2721210 -0.9356537
1 1.0270259 -0.5275335 0.1370529
8 -0.0083855 -0.7474410 0.0071440
5
-114.674     ts77     dynamics     sesquiterpene     TS     runpoint      11     runisomer      103
6 -0.1031818 0.6760490 -0.0194976
1 -0.0477453 1.0527490 0.8790684
1 -0.1865727 1.3068586 -0.9247717
1 1.0051216 -0.6815413 0.1566834
8 0.0008820 -0.7500123 0.0076399
5
-114.693     ts77     dynamics     sesquiterpene     TS     runpoint      12     runisomer      103
6 -0.1159233 0.6849384 -0.0272928
1 -0.0226637 1.1110642 0.9355663
1 -0.1927966 1.3317091 -0.9093661
1 0.9645198 -0.8497251 0.1743582
8 0.0118102 -0.7513237 0.0078440
5
-114.709     ts77     dynamics     sesquiterpene     TS     runpoint      13     runisomer      103
6 -0.1287673 0.6926746 -0.0350839
1 0.0028293 1.1761524 0.9994196
1 -0.1989220 1.3469136 -0.8933991
1 0.9204245 -1.0220467 0.1921671
8 0.0230034 -0.7513297 0.0075377
5
-114.704     ts77     dynamics     sesquiterpene     TS     runpoint      14     runisomer      103
6 -0.1409363 0.6994482 -0.0401856
1 0.0259743 1.2348315 1.0454897
1 -0.2045766 1.3543023 -0.8820814
1 0.8814740 -1.1909537 0.2114516
8 0.0334839 -0.7499318 0.0065349
5
-114.689     ts77     dynamics     sesquiterpene     TS     runpoint      15     runisomer      103
6 -0.1518587 0.7051170 -0.0411606
1 0.0447866 1.2800508 1.0627118
1 -0.2091868 1.3560317 -0.8800577
1 0.8408247 -1.3455733 0.2303491
8 0.0433441 -0.7474013 0.0048633
5
-114.671     ts77     dynamics     sesquiterpene     TS     runpoint      16     runisomer      103
6 -0.1612047 0.7095485 -0.0374745
1 0.0581361 1.3083743 1.0477701
1 -0.2120740 1.3529447 -0.8894520
1 0.7887151 -1.4718370 0.2457908
8 0.0529785 -0.7443601 0.0026574
5
-114.657     ts77     dynamics     sesquiterpene     TS     runpoint      17     runisomer      103
6 -0.1688336 0.7127672 -0.0293044
1 0.0655937 1.3184551 1.0017130
1 -0.2126259 1.3436367 -0.9088066
1 0.7214559 -1.5588147 0.2560856
8 0.0625042 -0.7413424 -0.0000010
5
-114.652     ts77     dynamics     sesquiterpene     TS     runpoint      18     runisomer      103
6 -0.1747715 0.7148422 -0.0174699
1 0.0676909 1.3111400 0.9299213
1 -0.2105322 1.3250675 -0.9337505
1 0.6401746 -1.6009029 0.2613367
8 0.0718146 -0.7386154 -0.0031157
5
-114.657     ts77     dynamics     sesquiterpene     TS     runpoint      19     runisomer      103
6 -0.1792705 0.7155359 -0.0035324
1 0.0669569 1.2915701 0.8450511
1 -0.2059946 1.2941083 -0.9587612
1 0.5485864 -1.5982375 0.2634497
8 0.0807199 -0.7361188 -0.0067833
5
-114.662     ts77     dynamics     sesquiterpene     TS     runpoint      20     runisomer      103
6 -0.1829624 0.7137948 0.0099675
1 0.0699188 1.2732420 0.7715262
1 -0.1997659 1.2489557 -0.9788392
1 0.4534565 -1.5606240 0.2673256
8 0.0889027 -0.7331820 -0.0112577
5
-114.658     ts77     dynamics     sesquiterpene     TS     runpoint      21     runisomer      103
6 -0.1868564 0.7077685 0.0199942
1 0.0872423 1.2772718 0.7408931
1 -0.1929037 1.1899608 -0.9906969
1 0.3660355 -1.5154809 0.2840044
8 0.0958081 -0.7280408 -0.0171540
5
-114.652     ts77     dynamics     sesquiterpene     TS     runpoint      22     runisomer      103
6 -0.1915468 0.6966618 0.0256145
1 0.1241845 1.3118578 0.7623681
1 -0.1863805 1.1198835 -0.9937308
1 0.2958341 -1.5018929 0.3310344
8 0.1010110 -0.7183267 -0.0254966
