5
-114.654160 ts77 dynamics sesquiterpene TS runpoint 1  runisomer  149
6 -0.0500012 0.6183627 0.0030704
1 -0.1626794 1.1678404 0.9874365
1 -0.2081828 1.0711771 -0.9821939
1 1.0026160 -0.0815082 0.0434837
8 -0.0302481 -0.7369418 -0.0053738
5
-114.649 ts77 dynamics sesquiterpene TS runpoint 2  runisomer  149
6 -0.0503545 0.620594 -0.00779424
1 -0.163146 1.11648 1.00642
1 -0.212541 1.02713 -0.918283
1 1.06389 -0.0766472 0.0663777
8 -0.0335397 -0.73291 -0.00388805
5
-114.64     ts77     dynamics     sesquiterpene     TS     runpoint      3     runisomer      149
6 -0.0486183 0.6222216 -0.0152515
1 -0.1665430 1.0638644 1.0099803
1 -0.2249524 1.0035074 -0.8795198
1 1.1124711 -0.0634551 0.0870819
8 -0.0369087 -0.7301580 -0.0022635
5
-114.627     ts77     dynamics     sesquiterpene     TS     runpoint      4     runisomer      149
6 -0.0437336 0.6215711 -0.0169854
1 -0.1733177 1.0148721 0.9997650
1 -0.2511962 1.0131276 -0.8921548
1 1.1438743 -0.0366989 0.1043424
8 -0.0404725 -0.7288740 -0.0006113
5
-114.631     ts77     dynamics     sesquiterpene     TS     runpoint      5     runisomer      149
6 -0.0354047 0.6183213 -0.0142539
1 -0.1843231 0.9751100 0.9818775
1 -0.2892202 1.0508562 -0.9441631
1 1.1578934 0.0090692 0.1170695
8 -0.0445177 -0.7291909 0.0009427
5
-114.642     ts77     dynamics     sesquiterpene     TS     runpoint      6     runisomer      149
6 -0.0240192 0.6130368 -0.0104057
1 -0.2009654 0.9500012 0.9656780
1 -0.3300409 1.1005738 -1.0021384
1 1.1568761 0.0785897 0.1243661
8 -0.0493774 -0.7311572 0.0022708
5
-114.648     ts77     dynamics     sesquiterpene     TS     runpoint      7     runisomer      149
6 -0.0100646 0.6062513 -0.0078713
1 -0.2249085 0.9430733 0.9591583
1 -0.3654166 1.1491616 -1.0426654
1 1.1440071 0.1747233 0.1253801
8 -0.0552991 -0.7347475 0.0032708
5
-114.654     ts77     dynamics     sesquiterpene     TS     runpoint      8     runisomer      149
6 0.0058814 0.5985545 -0.0074469
1 -0.2568326 0.9541033 0.9632664
1 -0.3902376 1.1887325 -1.0554943
1 1.1232854 0.2974614 0.1194217
8 -0.0623833 -0.7398957 0.0038791
5
-114.665     ts77     dynamics     sesquiterpene     TS     runpoint      9     runisomer      149
6 0.0228074 0.5908598 -0.0087677
1 -0.2951998 0.9787782 0.9712637
1 -0.4019099 1.2146268 -1.0379211
1 1.1015111 0.4430958 0.1065288
8 -0.0705588 -0.7464854 0.0040723
5
-114.678     ts77     dynamics     sesquiterpene     TS     runpoint      10     runisomer      149
6 0.0391418 0.5842408 -0.0110943
1 -0.3364789 1.0103227 0.9740074
1 -0.3998027 1.2240355 -0.9912770
1 1.0895956 0.6051099 0.0880869
8 -0.0795974 -0.7543072 0.0038682
5
-114.69     ts77     dynamics     sesquiterpene     TS     runpoint      11     runisomer      149
6 0.0535179 0.5794904 -0.0137860
1 -0.3764172 1.0414955 0.9650497
1 -0.3854608 1.2158440 -0.9201740
1 1.0958780 0.7771409 0.0665234
8 -0.0891672 -0.7630294 0.0033314
5
-114.654160 ts77 dynamics sesquiterpene TS runpoint 1  runisomer  149
6 -0.0500012 0.6183627 0.0030704
1 -0.1626794 1.1678404 0.9874365
1 -0.2081828 1.0711771 -0.9821939
1 1.0026160 -0.0815082 0.0434837
8 -0.0302481 -0.7369418 -0.0053738
5
-114.649 ts77 dynamics sesquiterpene TS runpoint 2  runisomer  149
6 -0.0487447 0.617323 0.0143615
1 -0.164955 1.21432 0.955069
1 -0.206204 1.11959 -1.04031
1 0.938298 -0.0830143 0.019526
8 -0.0271196 -0.742046 -0.00663401
5
-114.646     ts77     dynamics     sesquiterpene     TS     runpoint      3     runisomer      149
6 -0.0476768 0.6186891 0.0240785
1 -0.1699762 1.2539356 0.9141548
1 -0.2036188 1.1617841 -1.0753646
1 0.8850193 -0.0860201 -0.0049263
8 -0.0244119 -0.7480360 -0.0075960
5
-114.637     ts77     dynamics     sesquiterpene     TS     runpoint      4     runisomer      149
6 -0.0476801 0.6230904 0.0310165
1 -0.1779236 1.2866452 0.8716014
1 -0.1991578 1.1918680 -1.0807126
1 0.8569608 -0.0949016 -0.0301732
8 -0.0224234 -0.7547350 -0.0081909
5
-114.631     ts77     dynamics     sesquiterpene     TS     runpoint      5     runisomer      149
6 -0.0491601 0.6305499 0.0344315
1 -0.1891444 1.3140348 0.8352603
1 -0.1924279 1.2067529 -1.0555348
1 0.8609884 -0.1127887 -0.0570188
8 -0.0212843 -0.7618687 -0.0083568
5
-114.633     ts77     dynamics     sesquiterpene     TS     runpoint      6     runisomer      149
6 -0.0519346 0.6405305 0.0339913
1 -0.2039701 1.3380195 0.8120441
1 -0.1836034 1.2053627 -1.0030007
1 0.8922626 -0.1416246 -0.0856964
8 -0.0207954 -0.7689640 -0.0080656
5
-114.642     ts77     dynamics     sesquiterpene     TS     runpoint      7     runisomer      149
6 -0.0555087 0.6522246 0.0300414
1 -0.2223493 1.3588126 0.8057364
1 -0.1734653 1.1893444 -0.9314153
1 0.9373287 -0.1835812 -0.1152410
8 -0.0204345 -0.7753942 -0.0073539
5
-114.649     ts77     dynamics     sesquiterpene     TS     runpoint      8     runisomer      149
6 -0.0594442 0.6647152 0.0240846
1 -0.2435704 1.3738679 0.8158563
1 -0.1637358 1.1655862 -0.8582076
1 0.9806838 -0.2422767 -0.1439323
8 -0.0194913 -0.7805174 -0.0063278
5
-114.649     ts77     dynamics     sesquiterpene     TS     runpoint      9     runisomer      149
6 -0.0635231 0.6767622 0.0190625
1 -0.2664128 1.3789848 0.8383260
1 -0.1573251 1.1489877 -0.8135129
1 1.0092876 -0.3227452 -0.1700538
8 -0.0171981 -0.7837609 -0.0051458
5
-114.646     ts77     dynamics     sesquiterpene     TS     runpoint      10     runisomer      149
6 -0.0677927 0.6871257 0.0180623
1 -0.2895874 1.3704728 0.8672801
1 -0.1567260 1.1555986 -0.8268196
1 1.0143213 -0.4297171 -0.1923210
8 -0.0128896 -0.7846757 -0.0039777
5
-114.66     ts77     dynamics     sesquiterpene     TS     runpoint      11     runisomer      149
6 -0.0725785 0.6959159 0.0211740
1 -0.3121432 1.3466874 0.8970747
1 -0.1606190 1.1831727 -0.8923204
1 0.9925485 -0.5641158 -0.2101470
8 -0.0062621 -0.7830404 -0.0029398
5
-114.687     ts77     dynamics     sesquiterpene     TS     runpoint      12     runisomer      149
6 -0.0781125 0.7040842 0.0258791
1 -0.3336792 1.3084314 0.9236671
1 -0.1654813 1.2153180 -0.9754962
1 0.9497519 -0.7202529 -0.2244973
8 0.0022484 -0.7789441 -0.0020006
5
-114.701     ts77     dynamics     sesquiterpene     TS     runpoint      13     runisomer      149
6 -0.0841989 0.7119259 0.0298437
1 -0.3543987 1.2585567 0.9452354
1 -0.1691556 1.2397569 -1.0471952
1 0.9046687 -0.8883322 -0.2394229
8 0.0111899 -0.7726332 -0.0008769
5
-114.699     ts77     dynamics     sesquiterpene     TS     runpoint      14     runisomer      149
6 -0.0903119 0.7190309 0.0316081
1 -0.3750889 1.2011223 0.9622295
1 -0.1710756 1.2513079 -1.0916299
1 0.8770725 -1.0618174 -0.2602184
8 0.0189379 -0.7641399 0.0008383
5
-114.694     ts77     dynamics     sesquiterpene     TS     runpoint      15     runisomer      149
6 -0.0958546 0.7248096 0.0303207
1 -0.3969135 1.1403615 0.9765252
1 -0.1714618 1.2488206 -1.1018925
1 0.8595359 -1.2326948 -0.2853520
8 0.0255991 -0.7537220 0.0031326
5
-114.686     ts77     dynamics     sesquiterpene     TS     runpoint      16     runisomer      149
6 -0.1003577 0.7288090 0.0256404
1 -0.4209092 1.0797382 0.9896548
1 -0.1708603 1.2332230 -1.0764734
1 0.8306761 -1.3837828 -0.3080510
8 0.0322675 -0.7423980 0.0056458
5
-114.676     ts77     dynamics     sesquiterpene     TS     runpoint      17     runisomer      149
6 -0.1035513 0.7307090 0.0178661
1 -0.4473617 1.0214774 1.0010881
1 -0.1700346 1.2073103 -1.0189937
1 0.7796671 -1.4988334 -0.3239127
8 0.0394908 -0.7312690 0.0081354
5
-114.669     ts77     dynamics     sesquiterpene     TS     runpoint      18     runisomer      149
6 -0.1053396 0.7301028 0.0082413
1 -0.4755857 0.9669096 1.0079181
1 -0.1701560 1.1772393 -0.9415080
1 0.7056057 -1.5681330 -0.3318991
8 0.0472840 -0.7211132 0.0105456
5
-114.663     ts77     dynamics     sesquiterpene     TS     runpoint      19     runisomer      149
6 -0.1057069 0.7261253 -0.0006706
1 -0.5043421 0.9172426 1.0063228
1 -0.1732928 1.1555151 -0.8705329
1 0.6117076 -1.5873015 -0.3329427
8 0.0554836 -0.7124209 0.0129255
5
-114.656     ts77     dynamics     sesquiterpene     TS     runpoint      20     runisomer      149
6 -0.1046251 0.7174026 -0.0054397
1 -0.5326222 0.8741255 0.9937875
1 -0.1825967 1.1603044 -0.8437274
1 0.5034804 -1.5575011 -0.3297355
8 0.0638584 -0.7053382 0.0154021
5
-114.661     ts77     dynamics     sesquiterpene     TS     runpoint      21     runisomer      149
6 -0.1021903 0.7034625 -0.0049175
1 -0.5604176 0.8397237 0.9709523
1 -0.1997904 1.1983479 -0.8741133
1 0.3908788 -1.4921846 -0.3292554
8 0.0719593 -0.6992222 0.0183326
5
-114.675     ts77     dynamics     sesquiterpene     TS     runpoint      22     runisomer      149
6 -0.0987962 0.6858329 -0.0017877
1 -0.5891082 0.8163419 0.9418923
1 -0.2222662 1.2529579 -0.9321864
1 0.2906061 -1.4310846 -0.3499039
8 0.0789531 -0.6918101 0.0227753
