5
-114.654160 ts77 dynamics sesquiterpene TS runpoint 1  runisomer  97
6 -0.0236491 0.6446730 0.0003416
1 -0.2047493 1.1485670 0.9052148
1 -0.3466172 1.0947029 -0.9268793
1 0.8984563 -0.0584692 0.1269589
8 -0.0320827 -0.7584000 -0.0068905
5
-114.649 ts77 dynamics sesquiterpene TS runpoint 2  runisomer  97
6 -0.0230493 0.649742 -0.00300846
1 -0.19238 1.19789 0.987791
1 -0.332565 1.06231 -0.945313
1 0.859123 -0.0210739 0.140996
8 -0.0317195 -0.765626 -0.00930323
5
-114.643     ts77     dynamics     sesquiterpene     TS     runpoint      3     runisomer      97
6 -0.0240813 0.6552915 -0.0053009
1 -0.1810496 1.2396273 1.0552813
1 -0.3174376 1.0362283 -0.9648396
1 0.8539174 0.0145892 0.1551487
8 -0.0322850 -0.7730231 -0.0114975
5
-114.633     ts77     dynamics     sesquiterpene     TS     runpoint      4     runisomer      97
6 -0.0267589 0.6612436 -0.0055786
1 -0.1705710 1.2676256 1.0946448
1 -0.3018262 1.0184670 -0.9845428
1 0.8860495 0.0512362 0.1696402
8 -0.0339448 -0.7804420 -0.0134423
5
-114.629     ts77     dynamics     sesquiterpene     TS     runpoint      5     runisomer      97
6 -0.0302703 0.6667889 -0.0034937
1 -0.1619823 1.2796861 1.1007897
1 -0.2858051 1.0099125 -1.0022716
1 0.9474142 0.0957037 0.1825767
8 -0.0367284 -0.7876242 -0.0150924
5
-114.633     ts77     dynamics     sesquiterpene     TS     runpoint      6     runisomer      97
6 -0.0333109 0.6708902 0.0009684
1 -0.1567987 1.2755576 1.0730006
1 -0.2691239 1.0104322 -1.0149519
1 1.0238516 0.1563741 0.1908571
8 -0.0406404 -0.7942955 -0.0164122
5
-114.642     ts77     dynamics     sesquiterpene     TS     runpoint      7     runisomer      97
6 -0.0345628 0.6726884 0.0074656
1 -0.1568513 1.2565963 1.0144881
1 -0.2515520 1.0191179 -1.0193969
1 1.1014637 0.2390680 0.1917677
8 -0.0456945 -0.8002081 -0.0173778
5
-114.654     ts77     dynamics     sesquiterpene     TS     runpoint      8     runisomer      97
6 -0.0329498 0.6715409 0.0150892
1 -0.1645253 1.2270779 0.9348647
1 -0.2332206 1.0345105 -1.0132850
1 1.1692277 0.3447000 0.1838216
8 -0.0518466 -0.8051133 -0.0179651
5
-114.664     ts77     dynamics     sesquiterpene     TS     runpoint      9     runisomer      97
6 -0.0275972 0.6667199 0.0220149
1 -0.1836414 1.1972634 0.8549596
1 -0.2148138 1.0548084 -0.9960411
1 1.2189827 0.4696721 0.1668703
8 -0.0589538 -0.8087705 -0.0181452
5
-114.666     ts77     dynamics     sesquiterpene     TS     runpoint      10     runisomer      97
6 -0.0176466 0.6572092 0.0256195
1 -0.2206998 1.1843531 0.8065530
1 -0.1975801 1.0781095 -0.9695400
1 1.2450348 0.6076424 0.1420181
8 -0.0668121 -0.8109840 -0.0179033
5
-114.668     ts77     dynamics     sesquiterpene     TS     runpoint      11     runisomer      97
6 -0.0024881 0.6427859 0.0245601
1 -0.2816725 1.1985347 0.8084162
1 -0.1832499 1.1027225 -0.9384216
1 1.2442156 0.7509119 0.1114644
8 -0.0751950 -0.8116353 -0.0172604
5
-114.682     ts77     dynamics     sesquiterpene     TS     runpoint      12     runisomer      97
6 0.0173611 0.6253785 0.0207152
1 -0.3619890 1.2262036 0.8427638
1 -0.1739057 1.1272650 -0.9091284
1 1.2164583 0.8911971 0.0781894
8 -0.0838664 -0.8107041 -0.0162882
5
-114.692     ts77     dynamics     sesquiterpene     TS     runpoint      13     runisomer      97
6 0.0403567 0.6076052 0.0168125
1 -0.4486013 1.2466701 0.8813468
1 -0.1716712 1.1500365 -0.8872446
1 1.1653588 1.0205299 0.0454519
8 -0.0925824 -0.8082423 -0.0151067
5
-114.687     ts77     dynamics     sesquiterpene     TS     runpoint      14     runisomer      97
6 0.0647867 0.5913394 0.0144869
1 -0.5299256 1.2482778 0.9070636
1 -0.1783971 1.1678607 -0.8752597
1 1.0981285 1.1327651 0.0161056
8 -0.1011257 -0.8043344 -0.0138876
5
-114.654160 ts77 dynamics sesquiterpene TS runpoint 1  runisomer  97
6 -0.0236491 0.6446730 0.0003416
1 -0.2047493 1.1485670 0.9052148
1 -0.3466172 1.0947029 -0.9268793
1 0.8984563 -0.0584692 0.1269589
8 -0.0320827 -0.7584000 -0.0068905
5
-114.649 ts77 dynamics sesquiterpene TS runpoint 2  runisomer  97
6 -0.0251088 0.639232 0.00266478
1 -0.221253 1.10505 0.834224
1 -0.358575 1.13041 -0.909554
1 0.958932 -0.0974637 0.111645
8 -0.0330044 -0.751369 -0.00428707
5
-114.642     ts77     dynamics     sesquiterpene     TS     runpoint      3     runisomer      97
6 -0.0262564 0.6320965 0.0010582
1 -0.2485683 1.0860185 0.8110550
1 -0.3673465 1.1660293 -0.8931986
1 1.0242198 -0.1374798 0.0940021
8 -0.0339823 -0.7445397 -0.0015401
5
-114.636     ts77     dynamics     sesquiterpene     TS     runpoint      4     runisomer      97
6 -0.0263938 0.6232251 -0.0052872
1 -0.2894854 1.0969111 0.8473255
1 -0.3722072 1.1983901 -0.8781794
1 1.0801402 -0.1785115 0.0738458
8 -0.0345163 -0.7380242 0.0012590
5
-114.641     ts77     dynamics     sesquiterpene     TS     runpoint      5     runisomer      97
6 -0.0259372 0.6145377 -0.0138091
1 -0.3360640 1.1218637 0.9148609
1 -0.3730073 1.2249763 -0.8652669
1 1.1165598 -0.2215015 0.0515796
8 -0.0341666 -0.7320453 0.0039872
5
-114.641     ts77     dynamics     sesquiterpene     TS     runpoint      6     runisomer      97
6 -0.0256805 0.6081065 -0.0217319
1 -0.3785446 1.1443834 0.9825148
1 -0.3701220 1.2439792 -0.8551255
1 1.1267852 -0.2691011 0.0278924
8 -0.0325075 -0.7268366 0.0065222
5
-114.635     ts77     dynamics     sesquiterpene     TS     runpoint      7     runisomer      97
6 -0.0263431 0.6053467 -0.0274748
1 -0.4112890 1.1561091 1.0328743
1 -0.3643423 1.2543865 -0.8483438
1 1.1066405 -0.3266239 0.0036633
8 -0.0290425 -0.7225359 0.0087567
5
-114.635     ts77     dynamics     sesquiterpene     TS     runpoint      8     runisomer      97
6 -0.0286378 0.6071372 -0.0302619
1 -0.4319142 1.1540953 1.0581688
1 -0.3566766 1.2561286 -0.8457935
1 1.0547659 -0.4019239 -0.0200671
8 -0.0232360 -0.7191168 0.0105887
5
-114.647     ts77     dynamics     sesquiterpene     TS     runpoint      9     runisomer      97
6 -0.0332481 0.6138543 -0.0296650
1 -0.4396484 1.1380096 1.0553472
1 -0.3480514 1.2501678 -0.8488050
1 0.9757916 -0.5023741 -0.0423956
8 -0.0148574 -0.7164379 0.0119159
5
-114.667     ts77     dynamics     sesquiterpene     TS     runpoint      10     runisomer      97
6 -0.0405281 0.6252571 -0.0254609
1 -0.4347383 1.1091299 1.0241739
1 -0.3390785 1.2382816 -0.8588918
1 0.8904417 -0.6289809 -0.0637642
8 -0.0048916 -0.7144470 0.0127085
5
-114.682     ts77     dynamics     sesquiterpene     TS     runpoint      11     runisomer      97
6 -0.0502037 0.6403612 -0.0178209
1 -0.4190374 1.0706522 0.9682147
1 -0.3299518 1.2223563 -0.8769627
1 0.8512686 -0.7759070 -0.0890722
8 0.0032711 -0.7130932 0.0132372
5
-114.692     ts77     dynamics     sesquiterpene     TS     runpoint      12     runisomer      97
6 -0.0612857 0.6574655 -0.0078683
1 -0.3978539 1.0293724 0.8994606
1 -0.3203740 1.2036155 -0.9022037
1 0.8926928 -0.9439557 -0.1252437
8 0.0070364 -0.7115551 0.0139725
5
-114.713     ts77     dynamics     sesquiterpene     TS     runpoint      13     runisomer      97
6 -0.0722195 0.6744490 0.0015780
1 -0.3826340 0.9982451 0.8461392
1 -0.3096757 1.1826104 -0.9314023
1 0.9536953 -1.1200148 -0.1665315
8 0.0097611 -0.7099179 0.0146887
5
-114.697     ts77     dynamics     sesquiterpene     TS     runpoint      14     runisomer      97
6 -0.0812821 0.6891677 0.0065394
1 -0.3887508 0.9931584 0.8478409
1 -0.2972566 1.1598585 -0.9597203
1 0.9873848 -1.2787875 -0.2048719
8 0.0140385 -0.7092022 0.0150613
5
-114.672     ts77     dynamics     sesquiterpene     TS     runpoint      15     runisomer      97
6 -0.0878909 0.7007432 0.0058900
1 -0.4190586 1.0159110 0.9109099
1 -0.2831620 1.1365067 -0.9829646
1 0.9825742 -1.4044942 -0.2366679
8 0.0203211 -0.7099271 0.0150431
5
-114.665     ts77     dynamics     sesquiterpene     TS     runpoint      16     runisomer      97
6 -0.0928784 0.7096948 0.0024980
1 -0.4598613 1.0521608 0.9967931
1 -0.2682093 1.1144135 -0.9992018
1 0.9411953 -1.4896299 -0.2607872
8 0.0282978 -0.7121700 0.0147201
5
-114.657     ts77     dynamics     sesquiterpene     TS     runpoint      17     runisomer      97
6 -0.0970011 0.7165419 -0.0008362
1 -0.4984535 1.0888908 1.0700307
1 -0.2537236 1.0957279 -1.0085648
1 0.8673324 -1.5297092 -0.2767819
8 0.0375639 -0.7159177 0.0142054
5
-114.65     ts77     dynamics     sesquiterpene     TS     runpoint      18     runisomer      97
6 -0.1005262 0.7214665 -0.0026701
1 -0.5284603 1.1188986 1.1127625
1 -0.2411889 1.0824046 -1.0124720
1 0.7648225 -1.5211576 -0.2844258
8 0.0477683 -0.7212021 0.0136169
5
-114.654     ts77     dynamics     sesquiterpene     TS     runpoint      19     runisomer      97
6 -0.1035001 0.7244222 -0.0024212
1 -0.5473276 1.1385028 1.1180577
1 -0.2318262 1.0758038 -1.0127199
1 0.6408300 -1.4653410 -0.2851561
8 0.0584105 -0.7277544 0.0131590
5
-114.664     ts77     dynamics     sesquiterpene     TS     runpoint      20     runisomer      97
6 -0.1059687 0.7251933 0.0000239
1 -0.5542022 1.1457935 1.0845727
1 -0.2262301 1.0764417 -1.0106072
1 0.5176991 -1.3852743 -0.2889887
8 0.0681022 -0.7338759 0.0135439
5
-114.652     ts77     dynamics     sesquiterpene     TS     runpoint      21     runisomer      97
6 -0.1079894 0.7235179 0.0043313
1 -0.5494451 1.1401458 1.0153371
1 -0.2242450 1.0839659 -1.0063988
1 0.4493621 -1.3578539 -0.3334478
8 0.0734986 -0.7344642 0.0172122
5
-114.646     ts77     dynamics     sesquiterpene     TS     runpoint      22     runisomer      97
6 -0.1094571 0.7192425 0.0094537
1 -0.5359931 1.1233157 0.9203163
1 -0.2251444 1.0974308 -0.9994692
1 0.4521259 -1.4222340 -0.4494097
8 0.0736358 -0.7269864 0.0262266
5
-114.689     ts77     dynamics     sesquiterpene     TS     runpoint      23     runisomer      97
6 -0.1097894 0.7121817 0.0131938
1 -0.5227711 1.1025705 0.8224072
1 -0.2278751 1.1154923 -0.9890457
1 0.4676236 -1.4870204 -0.5874128
8 0.0722486 -0.7174349 0.0376304
5
-114.68     ts77     dynamics     sesquiterpene     TS     runpoint      24     runisomer      97
6 -0.1076791 0.7016330 0.0122148
1 -0.5275536 1.0933071 0.7596880
1 -0.2312027 1.1363270 -0.9752010
1 0.4712744 -1.5089984 -0.7129854
8 0.0709486 -0.7088626 0.0493574
