5
-114.654160 ts77 dynamics sesquiterpene TS runpoint 1  runisomer  37
6 -0.0145758 0.6384896 0.0141423
1 -0.3916771 1.1924681 0.9320997
1 -0.2488325 1.0846946 -0.9533649
1 0.9027279 -0.0673425 -0.1375918
8 -0.0335421 -0.7553375 -0.0006016
5
-114.648 ts77 dynamics sesquiterpene TS runpoint 2  runisomer  37
6 -0.0188175 0.647993 0.0171708
1 -0.376242 1.15708 0.952962
1 -0.239142 1.13135 -1.0366
1 0.942434 -0.0607792 -0.148691
8 -0.034445 -0.763591 0.00175605
5
-114.645     ts77     dynamics     sesquiterpene     TS     runpoint      3     runisomer      37
6 -0.0241406 0.6578367 0.0188359
1 -0.3549160 1.1177439 0.9636874
1 -0.2268456 1.1717316 -1.0971756
1 0.9918265 -0.0519621 -0.1570546
8 -0.0356830 -0.7715959 0.0041753
5
-114.637     ts77     dynamics     sesquiterpene     TS     runpoint      4     runisomer      37
6 -0.0295335 0.6669942 0.0180158
1 -0.3305230 1.0796467 0.9677036
1 -0.2119314 1.2016588 -1.1252529
1 1.0397225 -0.0362217 -0.1608451
8 -0.0371327 -0.7789420 0.0065455
5
-114.628     ts77     dynamics     sesquiterpene     TS     runpoint      5     runisomer      37
6 -0.0339961 0.6744438 0.0139572
1 -0.3059377 1.0480135 0.9705165
1 -0.1954118 1.2193435 -1.1172135
1 1.0782662 -0.0088501 -0.1587710
8 -0.0388053 -0.7853759 0.0087776
5
-114.626     ts77     dynamics     sesquiterpene     TS     runpoint      6     runisomer      37
6 -0.0366879 0.6793627 0.0063457
1 -0.2830973 1.0266358 0.9767903
1 -0.1787548 1.2243625 -1.0734657
1 1.1033085 0.0348715 -0.1501997
8 -0.0408531 -0.7907892 0.0107976
5
-114.632     ts77     dynamics     sesquiterpene     TS     runpoint      7     runisomer      37
6 -0.0369686 0.6811482 -0.0043399
1 -0.2624285 1.0168028 0.9871441
1 -0.1639661 1.2180783 -0.9993335
1 1.1136908 0.0993831 -0.1350822
8 -0.0435318 -0.7951759 0.0125407
5
-114.644     ts77     dynamics     sesquiterpene     TS     runpoint      8     runisomer      37
6 -0.0343417 0.6792329 -0.0164363
1 -0.2433302 1.0173998 0.9976035
1 -0.1541912 1.2059364 -0.9090920
1 1.1102856 0.1878455 -0.1138557
8 -0.0471094 -0.7985843 0.0139354
5
-114.655     ts77     dynamics     sesquiterpene     TS     runpoint      9     runisomer      37
6 -0.0283690 0.6727178 -0.0268849
1 -0.2252829 1.0259293 1.0023485
1 -0.1547217 1.2015015 -0.8310769
1 1.0955605 0.3006936 -0.0874172
8 -0.0517674 -0.8010627 0.0148954
5
-114.657     ts77     dynamics     sesquiterpene     TS     runpoint      10     runisomer      37
6 -0.0187944 0.6605359 -0.0322556
1 -0.2086890 1.0395333 0.9971986
1 -0.1727629 1.2240677 -0.7991757
1 1.0747124 0.4344396 -0.0572011
8 -0.0575465 -0.8026281 0.0153361
5
-114.668     ts77     dynamics     sesquiterpene     TS     runpoint      11     runisomer      37
6 -0.0062136 0.6433028 -0.0319313
1 -0.1951174 1.0555996 0.9816016
1 -0.2116477 1.2756040 -0.8173668
1 1.0578954 0.5819424 -0.0251870
8 -0.0643320 -0.8032507 0.0152051
5
-114.686     ts77     dynamics     sesquiterpene     TS     runpoint      12     runisomer      37
6 0.0077591 0.6236407 -0.0283417
1 -0.1871050 1.0719377 0.9584645
1 -0.2659808 1.3334870 -0.8574847
1 1.0575194 0.7356566 0.0064412
8 -0.0718744 -0.8028598 0.0145060
5
-114.692     ts77     dynamics     sesquiterpene     TS     runpoint      13     runisomer      37
6 0.0220361 0.6038915 -0.0238895
1 -0.1874479 1.0866132 0.9327206
1 -0.3272625 1.3760059 -0.8948862
1 1.0759439 0.8898078 0.0356550
8 -0.0798645 -0.8013580 0.0133044
5
-114.654160 ts77 dynamics sesquiterpene TS runpoint 1  runisomer  37
6 -0.0145758 0.6384896 0.0141423
1 -0.3916771 1.1924681 0.9320997
1 -0.2488325 1.0846946 -0.9533649
1 0.9027279 -0.0673425 -0.1375918
8 -0.0335421 -0.7553375 -0.0006016
5
-114.648 ts77 dynamics sesquiterpene TS runpoint 2  runisomer  37
6 -0.0120923 0.629951 0.0115325
1 -0.399225 1.21991 0.901023
1 -0.258629 1.04073 -0.868595
1 0.88441 -0.0758107 -0.125644
8 -0.033158 -0.747356 -0.00277959
5
-114.639     ts77     dynamics     sesquiterpene     TS     runpoint      3     runisomer      37
6 -0.0112383 0.6221726 0.0119347
1 -0.3981982 1.2373180 0.8631270
1 -0.2758774 1.0145007 -0.8170907
1 0.8944188 -0.0886721 -0.1140314
8 -0.0334064 -0.7401538 -0.0046699
5
-114.629     ts77     dynamics     sesquiterpene     TS     runpoint      4     runisomer      37
6 -0.0112554 0.6146577 0.0169756
1 -0.3895186 1.2450733 0.8249488
1 -0.3078304 1.0176083 -0.8260242
1 0.9307623 -0.1059829 -0.1028988
8 -0.0342151 -0.7341086 -0.0061839
5
-114.635     ts77     dynamics     sesquiterpene     TS     runpoint      5     runisomer      37
6 -0.0118340 0.6079233 0.0246412
1 -0.3757749 1.2461646 0.7952090
1 -0.3496976 1.0427985 -0.8817968
1 0.9834926 -0.1260028 -0.0917019
8 -0.0353293 -0.7294503 -0.0072512
5
-114.643     ts77     dynamics     sesquiterpene     TS     runpoint      6     runisomer      37
6 -0.0130095 0.6028571 0.0313096
1 -0.3605051 1.2453455 0.7823714
1 -0.3896513 1.0741628 -0.9512604
1 1.0395507 -0.1462783 -0.0797475
8 -0.0364219 -0.7262958 -0.0078206
5
-114.638     ts77     dynamics     sesquiterpene     TS     runpoint      7     runisomer      37
6 -0.0146247 0.5998752 0.0345615
1 -0.3464813 1.2464697 0.7911682
1 -0.4196089 1.1011371 -1.0111614
1 1.0873414 -0.1644163 -0.0665696
8 -0.0372162 -0.7246862 -0.0078699
5
-114.629     ts77     dynamics     sesquiterpene     TS     runpoint      8     runisomer      37
6 -0.0165004 0.5992075 0.0335430
1 -0.3341054 1.2495021 0.8200132
1 -0.4361459 1.1189138 -1.0498251
1 1.1187769 -0.1786089 -0.0520440
8 -0.0375260 -0.7246017 -0.0074010
5
-114.622     ts77     dynamics     sesquiterpene     TS     runpoint      9     runisomer      37
6 -0.0186275 0.6011771 0.0284694
1 -0.3216370 1.2504694 0.8616505
1 -0.4383636 1.1256653 -1.0619734
1 1.1292082 -0.1880770 -0.0363570
8 -0.0372311 -0.7259686 -0.0064400
5
-114.622     ts77     dynamics     sesquiterpene     TS     runpoint      10     runisomer      37
6 -0.0211469 0.6060989 0.0200802
1 -0.3068314 1.2443788 0.9065728
1 -0.4266343 1.1210458 -1.0457827
1 1.1166647 -0.1935249 -0.0199263
8 -0.0362213 -0.7286436 -0.0050315
5
-114.628     ts77     dynamics     sesquiterpene     TS     runpoint      11     runisomer      37
6 -0.0242633 0.6140988 0.0093338
1 -0.2881616 1.2278204 0.9461612
1 -0.4024236 1.1060503 -1.0025437
1 1.0814394 -0.1975504 -0.0032935
8 -0.0343635 -0.7324043 -0.0032365
5
-114.64     ts77     dynamics     sesquiterpene     TS     runpoint      12     runisomer      37
6 -0.0281705 0.6249581 -0.0025424
1 -0.2650956 1.1998383 0.9741504
1 -0.3691028 1.0841297 -0.9388936
1 1.0263769 -0.2049090 0.0130311
8 -0.0315145 -0.7369429 -0.0011299
5
-114.651     ts77     dynamics     sesquiterpene     TS     runpoint      13     runisomer      37
6 -0.0329021 0.6379175 -0.0136545
1 -0.2379245 1.1618226 0.9870503
1 -0.3337828 1.0638586 -0.8721609
1 0.9578102 -0.2224880 0.0288246
8 -0.0275822 -0.7418856 0.0011942
5
-114.653     ts77     dynamics     sesquiterpene     TS     runpoint      14     runisomer      37
6 -0.0381687 0.6515181 -0.0211369
1 -0.2076075 1.1172403 0.9845359
1 -0.3084154 1.0611941 -0.8346191
1 0.8869324 -0.2582648 0.0444915
8 -0.0226727 -0.7468581 0.0036124
5
-114.648     ts77     dynamics     sesquiterpene     TS     runpoint      15     runisomer      37
6 -0.0437520 0.6642726 -0.0227922
1 -0.1757278 1.0715121 0.9705195
1 -0.3027663 1.0906846 -0.8551446
1 0.8316943 -0.3177208 0.0614240
8 -0.0173684 -0.7516577 0.0059624
5
-114.654     ts77     dynamics     sesquiterpene     TS     runpoint      16     runisomer      37
6 -0.0502159 0.6760742 -0.0204192
1 -0.1443817 1.0318272 0.9545318
1 -0.3124645 1.1461084 -0.9209235
1 0.8174851 -0.3986558 0.0822618
8 -0.0129867 -0.7564039 0.0080197
5
-114.665     ts77     dynamics     sesquiterpene     TS     runpoint      17     runisomer      37
6 -0.0581478 0.6873284 -0.0181289
1 -0.1155244 1.0058163 0.9500194
1 -0.3267134 1.2086992 -0.9952530
1 0.8635175 -0.4951102 0.1100248
8 -0.0108571 -0.7610753 0.0095196
5
-114.676     ts77     dynamics     sesquiterpene     TS     runpoint      18     runisomer      37
6 -0.0675141 0.6978901 -0.0187137
1 -0.0899003 0.9983094 0.9659911
1 -0.3387048 1.2644329 -1.0520816
1 0.9509783 -0.6094095 0.1439410
8 -0.0101997 -0.7648364 0.0103955
5
-114.683     ts77     dynamics     sesquiterpene     TS     runpoint      19     runisomer      37
6 -0.0779860 0.7075231 -0.0226622
1 -0.0670069 1.0088007 0.9982513
1 -0.3455432 1.3058441 -1.0793450
1 1.0366929 -0.7422241 0.1786690
8 -0.0087559 -0.7669651 0.0108548
5
-114.68     ts77     dynamics     sesquiterpene     TS     runpoint      20     runisomer      37
6 -0.0891771 0.7161673 -0.0289429
1 -0.0463242 1.0329486 1.0325794
1 -0.3461646 1.3293469 -1.0732671
1 1.0904922 -0.8850853 0.2089948
8 -0.0050140 -0.7674512 0.0111105
5
-114.673     ts77     dynamics     sesquiterpene     TS     runpoint      21     runisomer      37
6 -0.1006518 0.7237704 -0.0361191
1 -0.0279426 1.0656156 1.0546665
1 -0.3404493 1.3338025 -1.0351411
1 1.1000104 -1.0259828 0.2317263
8 0.0014767 -0.7666166 0.0112690
5
-114.67     ts77     dynamics     sesquiterpene     TS     runpoint      22     runisomer      37
6 -0.1119075 0.7301102 -0.0427636
1 -0.0122988 1.1023673 1.0553239
1 -0.3293400 1.3208250 -0.9714736
1 1.0632666 -1.1533807 0.2452881
8 0.0105508 -0.7648451 0.0113469
5
-114.673     ts77     dynamics     sesquiterpene     TS     runpoint      23     runisomer      37
6 -0.1223311 0.7345868 -0.0472393
1 0.0002178 1.1397212 1.0310305
1 -0.3156281 1.2969213 -0.8971323
1 0.9839061 -1.2574516 0.2492482
8 0.0217185 -0.7624946 0.0113018
5
-114.675     ts77     dynamics     sesquiterpene     TS     runpoint      24     runisomer      37
6 -0.1311723 0.7359476 -0.0473670
1 0.0095925 1.1752273 0.9835976
1 -0.3046567 1.2762802 -0.8389446
1 0.8706099 -1.3312956 0.2444953
8 0.0342093 -0.7598008 0.0110205
5
-114.673     ts77     dynamics     sesquiterpene     TS     runpoint      25     runisomer      37
6 -0.1377899 0.7325990 -0.0412058
1 0.0166356 1.2080307 0.9206641
1 -0.3021714 1.2758151 -0.8271520
1 0.7401048 -1.3750903 0.2345552
8 0.0467971 -0.7565678 0.0102485
5
-114.672     ts77     dynamics     sesquiterpene     TS     runpoint      26     runisomer      37
6 -0.1422656 0.7241389 -0.0296091
1 0.0235955 1.2401684 0.8563590
1 -0.3080655 1.2953510 -0.8658679
1 0.6208043 -1.4050550 0.2281089
8 0.0576050 -0.7515901 0.0084475
5
-114.667     ts77     dynamics     sesquiterpene     TS     runpoint      27     runisomer      37
6 -0.1454107 0.7115253 -0.0162542
1 0.0342149 1.2770925 0.8082047
1 -0.3165863 1.3158630 -0.9296632
1 0.5415928 -1.4532306 0.2379315
8 0.0648230 -0.7427114 0.0048658
5
-114.662     ts77     dynamics     sesquiterpene     TS     runpoint      28     runisomer      37
6 -0.1480546 0.6958345 -0.0042834
1 0.0518585 1.3232737 0.7866673
1 -0.3226522 1.3204564 -0.9926472
1 0.4988444 -1.5254745 0.2674298
8 0.0687701 -0.7295877 -0.0006452
5
-114.663     ts77     dynamics     sesquiterpene     TS     runpoint      29     runisomer      37
6 -0.1506284 0.6783959 0.0053591
1 0.0768184 1.3749383 0.7871550
1 -0.3236786 1.3013571 -1.0396548
1 0.4682185 -1.5902736 0.3076723
8 0.0711216 -0.7144745 -0.0074803
5
-114.658     ts77     dynamics     sesquiterpene     TS     runpoint      30     runisomer      37
6 -0.1532317 0.6608936 0.0131314
1 0.1065083 1.4213604 0.7967298
1 -0.3187228 1.2569038 -1.0634031
1 0.4350349 -1.6209985 0.3503513
8 0.0729832 -0.6995336 -0.0151041
5
-114.653     ts77     dynamics     sesquiterpene     TS     runpoint      31     runisomer      37
6 -0.1558855 0.6449160 0.0197294
1 0.1377424 1.4521666 0.8042394
1 -0.3078474 1.1887992 -1.0610814
1 0.3942394 -1.6063362 0.3912894
8 0.0748904 -0.6861220 -0.0232503
5
-114.657     ts77     dynamics     sesquiterpene     TS     runpoint      32     runisomer      37
6 -0.1586469 0.6316346 0.0257084
1 0.1680693 1.4609565 0.8033873
1 -0.2920466 1.1013725 -1.0334378
1 0.3450888 -1.5456853 0.4295286
8 0.0771504 -0.6750260 -0.0318306
5
-114.672     ts77     dynamics     sesquiterpene     TS     runpoint      33     runisomer      37
6 -0.1615845 0.6216561 0.0316531
1 0.1960006 1.4453719 0.7918694
1 -0.2734083 1.0023506 -0.9865695
1 0.2897947 -1.4487011 0.4684144
8 0.0799017 -0.6664301 -0.0409666
