5
-114.654160 ts77 dynamics sesquiterpene TS runpoint 1  runisomer  103
6 -0.0415382 0.6311457 -0.0043055
1 -0.2719485 1.1657145 0.9047803
1 -0.1843549 1.2292472 -0.8721873
1 0.9865074 -0.0795009 -0.0740347
8 -0.0301983 -0.7564849 0.0058413
5
-114.651 ts77 dynamics sesquiterpene TS runpoint 2  runisomer  103
6 -0.030398 0.63461 0.00348225
1 -0.265175 1.16226 0.907939
1 -0.24412 1.22171 -0.956481
1 0.931768 -0.0358095 -0.0302049
8 -0.0317686 -0.761144 0.00234919
5
-114.651     ts77     dynamics     sesquiterpene     TS     runpoint      3     runisomer      103
6 -0.0196697 0.6387212 0.0098675
1 -0.2593940 1.1591893 0.9164098
1 -0.3017576 1.2031417 -1.0288618
1 0.8939618 0.0135705 0.0139328
8 -0.0341695 -0.7659755 -0.0011955
5
-114.641     ts77     dynamics     sesquiterpene     TS     runpoint      4     runisomer      103
6 -0.0105731 0.6436608 0.0137181
1 -0.2553693 1.1575057 0.9292762
1 -0.3521722 1.1708400 -1.0758580
1 0.8901424 0.0700117 0.0575157
8 -0.0378333 -0.7710970 -0.0046799
5
-114.635     ts77     dynamics     sesquiterpene     TS     runpoint      5     runisomer      103
6 -0.0038722 0.6491084 0.0146559
1 -0.2538772 1.1571287 0.9439319
1 -0.3914442 1.1261249 -1.0911398
1 0.9294878 0.1360567 0.1001966
8 -0.0429606 -0.7765039 -0.0080334
5
-114.64     ts77     dynamics     sesquiterpene     TS     runpoint      6     runisomer      103
6 0.0007152 0.6541209 0.0128701
1 -0.2557404 1.1572312 0.9567969
1 -0.4168806 1.0722482 -1.0729569
1 1.0062284 0.2177222 0.1406658
8 -0.0495197 -0.7820224 -0.0111988
5
-114.655     ts77     dynamics     sesquiterpene     TS     runpoint      7     runisomer      103
6 0.0044290 0.6575186 0.0090528
1 -0.2617317 1.1566217 0.9643092
1 -0.4273036 1.0138055 -1.0237115
1 1.1018773 0.3211274 0.1756464
8 -0.0573014 -0.7873654 -0.0141152
5
-114.671     ts77     dynamics     sesquiterpene     TS     runpoint      8     runisomer      103
6 0.0087936 0.6584203 0.0044092
1 -0.2723548 1.1540225 0.9637875
1 -0.4242183 0.9570700 -0.9520296
1 1.1952670 0.4470291 0.2010062
8 -0.0659871 -0.7922346 -0.0167121
5
-114.678     ts77     dynamics     sesquiterpene     TS     runpoint      9     runisomer      103
6 0.0152889 0.6562973 0.0008320
1 -0.2877138 1.1483249 0.9540844
1 -0.4142784 0.9107557 -0.8770852
1 1.2698798 0.5904354 0.2134563
8 -0.0752212 -0.7964009 -0.0189231
5
-114.673     ts77     dynamics     sesquiterpene     TS     runpoint      10     runisomer      103
6 0.0254374 0.6508077 0.0008932
1 -0.3076213 1.1388784 0.9360485
1 -0.4108774 0.8854415 -0.8294897
1 1.3154486 0.7433983 0.2112841
8 -0.0846672 -0.7997306 -0.0206940
5
-114.664     ts77     dynamics     sesquiterpene     TS     runpoint      11     runisomer      103
6 0.0402815 0.6420557 0.0062240
1 -0.3319990 1.1257504 0.9127711
1 -0.4257101 0.8876168 -0.8319973
1 1.3267781 0.8972932 0.1943365
8 -0.0940484 -0.8021716 -0.0220005
5
-114.669     ts77     dynamics     sesquiterpene     TS     runpoint      12     runisomer      103
6 0.0593616 0.6311913 0.0156594
1 -0.3621052 1.1099867 0.8882518
1 -0.4538384 0.9111323 -0.8733896
1 1.3027646 1.0434942 0.1629165
8 -0.1031804 -0.8037218 -0.0229469
5
-114.676     ts77     dynamics     sesquiterpene     TS     runpoint      13     runisomer      103
6 0.0806903 0.6196332 0.0253188
1 -0.3966515 1.0910733 0.8687175
1 -0.4790595 0.9486062 -0.9226097
1 1.2447223 1.1736642 0.1217542
8 -0.1117579 -0.8044232 -0.0232687
5
-114.682     ts77     dynamics     sesquiterpene     TS     runpoint      14     runisomer      103
6 0.1034408 0.6086594 0.0341647
1 -0.4386377 1.0699915 0.8531685
1 -0.4939831 0.9846840 -0.9603568
1 1.1583804 1.2814472 0.0717717
8 -0.1198006 -0.8039273 -0.0233984
5
-114.677     ts77     dynamics     sesquiterpene     TS     runpoint      15     runisomer      103
6 0.1258923 0.5992878 0.0413187
1 -0.4854592 1.0462280 0.8404028
1 -0.4946779 1.0131173 -0.9774196
1 1.0529755 1.3607662 0.0167329
8 -0.1270098 -0.8021894 -0.0234174
5
-114.668     ts77     dynamics     sesquiterpene     TS     runpoint      16     runisomer      103
6 0.1462494 0.5921036 0.0466677
1 -0.5327076 1.0190426 0.8275974
1 -0.4814931 1.0301156 -0.9715695
1 0.9413863 1.4096402 -0.0396843
8 -0.1331062 -0.7992370 -0.0234360
5
-114.654160 ts77 dynamics sesquiterpene TS runpoint 1  runisomer  103
6 -0.0415382 0.6311457 -0.0043055
1 -0.2719485 1.1657145 0.9047803
1 -0.1843549 1.2292472 -0.8721873
1 0.9865074 -0.0795009 -0.0740347
8 -0.0301983 -0.7564849 0.0058413
5
-114.651 ts77 dynamics sesquiterpene TS runpoint 2  runisomer  103
6 -0.051992 0.627688 -0.0113937
1 -0.279067 1.16757 0.906239
1 -0.127885 1.23582 -0.79928
1 1.04109 -0.119752 -0.115929
8 -0.0289039 -0.751886 0.00911305
5
-114.639     ts77     dynamics     sesquiterpene     TS     runpoint      3     runisomer      103
6 -0.0611940 0.6233052 -0.0152711
1 -0.2862729 1.1656059 0.9107572
1 -0.0775022 1.2574821 -0.7648256
1 1.0823224 -0.1598730 -0.1540397
8 -0.0273187 -0.7473117 0.0119678
5
-114.629     ts77     dynamics     sesquiterpene     TS     runpoint      4     runisomer      103
6 -0.0692969 0.6180886 -0.0149460
1 -0.2938328 1.1582091 0.9166838
1 -0.0313280 1.3000353 -0.7775261
1 1.1012058 -0.2044990 -0.1867457
8 -0.0248631 -0.7428028 0.0142123
5
-114.631     ts77     dynamics     sesquiterpene     TS     runpoint      5     runisomer      103
6 -0.0768483 0.6139202 -0.0116242
1 -0.3023053 1.1449428 0.9226754
1 0.0130279 1.3491978 -0.8200378
1 1.0917725 -0.2604337 -0.2127692
8 -0.0208646 -0.7384138 0.0156610
5
-114.639     ts77     dynamics     sesquiterpene     TS     runpoint      6     runisomer      103
6 -0.0845525 0.6129474 -0.0069609
1 -0.3121973 1.1267305 0.9279859
1 0.0556729 1.3868066 -0.8697900
1 1.0506627 -0.3367972 -0.2312643
8 -0.0145586 -0.7340962 0.0161286
5
-114.652     ts77     dynamics     sesquiterpene     TS     runpoint      7     runisomer      103
6 -0.0931215 0.6163522 -0.0020908
1 -0.3239147 1.1058024 0.9329144
1 0.0956649 1.4020261 -0.9112040
1 0.9791231 -0.4418392 -0.2423198
8 -0.0054056 -0.7296738 0.0154715
5
-114.67     ts77     dynamics     sesquiterpene     TS     runpoint      8     runisomer      103
6 -0.1028804 0.6242360 0.0022508
1 -0.3379809 1.0852419 0.9388779
1 0.1317378 1.3907938 -0.9353082
1 0.8901168 -0.5766267 -0.2490511
8 0.0061348 -0.7250946 0.0137828
5
-114.684     ts77     dynamics     sesquiterpene     TS     runpoint      9     runisomer      103
6 -0.1135692 0.6358584 0.0054994
1 -0.3549857 1.0680210 0.9476701
1 0.1626044 1.3533911 -0.9374105
1 0.8256761 -0.7321867 -0.2640577
8 0.0173400 -0.7205732 0.0118714
5
-114.685     ts77     dynamics     sesquiterpene     TS     runpoint      10     runisomer      103
6 -0.1244870 0.6498582 0.0072316
1 -0.3750711 1.0559174 0.9601391
1 0.1874272 1.2937473 -0.9163698
1 0.8412107 -0.9048511 -0.3082005
8 0.0242524 -0.7156786 0.0112417
5
-114.708     ts77     dynamics     sesquiterpene     TS     runpoint      11     runisomer      103
6 -0.1349556 0.6646905 0.0074341
1 -0.3975165 1.0491407 0.9751077
1 0.2066693 1.2202162 -0.8760312
1 0.8943590 -1.0889445 -0.3694338
8 0.0289573 -0.7101501 0.0114649
5
-114.713     ts77     dynamics     sesquiterpene     TS     runpoint      12     runisomer      103
6 -0.1447885 0.6787738 0.0069319
1 -0.4208059 1.0468550 0.9893902
1 0.2239526 1.1464131 -0.8284658
1 0.9285530 -1.2582057 -0.4247003
8 0.0345553 -0.7052584 0.0114282
5
-114.687     ts77     dynamics     sesquiterpene     TS     runpoint      13     runisomer      103
6 -0.1544219 0.6903962 0.0074544
1 -0.4430140 1.0480031 0.9991453
1 0.2479787 1.0898349 -0.7950893
1 0.9281005 -1.3940465 -0.4650801
8 0.0416930 -0.7019274 0.0108637
5
-114.655     ts77     dynamics     sesquiterpene     TS     runpoint      14     runisomer      103
6 -0.1644649 0.6983042 0.0104463
1 -0.4624029 1.0518798 1.0017801
1 0.2883617 1.0634365 -0.7943373
1 0.8942112 -1.4881323 -0.4890093
8 0.0500372 -0.7005143 0.0099145
5
-114.64     ts77     dynamics     sesquiterpene     TS     runpoint      15     runisomer      103
6 -0.1746427 0.7024765 0.0151788
1 -0.4779556 1.0581960 0.9972720
1 0.3437397 1.0662862 -0.8206871
1 0.8308630 -1.5361713 -0.4967245
8 0.0591516 -0.7011963 0.0087961
5
-114.641     ts77     dynamics     sesquiterpene     TS     runpoint      16     runisomer      103
6 -0.1838137 0.7036441 0.0193275
1 -0.4895536 1.0668070 0.9880068
1 0.4020056 1.0888926 -0.8516563
1 0.7405960 -1.5341689 -0.4884612
8 0.0687762 -0.7041654 0.0076994
5
-114.651     ts77     dynamics     sesquiterpene     TS     runpoint      17     runisomer      103
6 -0.1909304 0.7023935 0.0208620
1 -0.4977135 1.0774893 0.9773607
1 0.4513879 1.1222031 -0.8685464
1 0.6260173 -1.4799248 -0.4652749
8 0.0787336 -0.7094170 0.0068236
5
-114.668     ts77     dynamics     sesquiterpene     TS     runpoint      18     runisomer      103
6 -0.1954223 0.6989349 0.0187108
1 -0.5030464 1.0897185 0.9679369
1 0.4847794 1.1595946 -0.8619380
1 0.4973678 -1.3836784 -0.4348928
8 0.0884396 -0.7160129 0.0067027
5
-114.672     ts77     dynamics     sesquiterpene     TS     runpoint      19     runisomer      103
6 -0.1971358 0.6933074 0.0126416
1 -0.5057616 1.1022350 0.9603397
1 0.4990063 1.1961823 -0.8291633
1 0.3897720 -1.3004148 -0.4345227
8 0.0957778 -0.7201314 0.0096489
5
-114.637     ts77     dynamics     sesquiterpene     TS     runpoint      20     runisomer      103
6 -0.1962551 0.6856978 0.0030104
1 -0.5056460 1.1129155 0.9531760
1 0.4939956 1.2285802 -0.7721719
1 0.3475355 -1.3269709 -0.5431306
8 0.0980847 -0.7154633 0.0205813
5
-114.683     ts77     dynamics     sesquiterpene     TS     runpoint      21     runisomer      103
6 -0.1933212 0.6766833 -0.0094218
1 -0.5025203 1.1193525 0.9442509
1 0.4731401 1.2557094 -0.6972027
1 0.3239212 -1.3849743 -0.7060626
8 0.0984874 -0.7071595 0.0360146
