5
-114.654160 ts77 dynamics sesquiterpene TS runpoint 1  runisomer  113
6 -0.0053773 0.6587782 -0.0093105
1 -0.3868987 1.0289755 0.9616117
1 -0.3606123 1.1867777 -0.9502464
1 0.9729337 -0.0851775 -0.0218591
8 -0.0381251 -0.7655652 0.0076467
5
-114.647 ts77 dynamics sesquiterpene TS runpoint 2  runisomer  113
6 0.000435036 0.653399 -0.00191909
1 -0.374456 1.07188 0.935218
1 -0.393769 1.22872 -0.997139
1 0.924081 -0.0427031 0.00410206
8 -0.0381023 -0.769552 0.00508325
5
-114.64     ts77     dynamics     sesquiterpene     TS     runpoint      3     runisomer      113
6 0.0038764 0.6483901 0.0039962
1 -0.3573476 1.1175923 0.9073793
1 -0.4141020 1.2559729 -1.0214723
1 0.8963797 0.0049434 0.0299376
8 -0.0387352 -0.7733938 0.0023044
5
-114.632     ts77     dynamics     sesquiterpene     TS     runpoint      4     runisomer      113
6 0.0042811 0.6442317 0.0075962
1 -0.3373638 1.1647200 0.8828801
1 -0.4189343 1.2648889 -1.0195275
1 0.9044988 0.0595583 0.0555227
8 -0.0405052 -0.7772473 -0.0005887
5
-114.632     ts77     dynamics     sesquiterpene     TS     runpoint      5     runisomer      113
6 0.0016677 0.6408460 0.0085416
1 -0.3161233 1.2114995 0.8649381
1 -0.4074475 1.2541930 -0.9916751
1 0.9533606 0.1256407 0.0807277
8 -0.0436852 -0.7811441 -0.0035121
5
-114.645     ts77     dynamics     sesquiterpene     TS     runpoint      6     runisomer      113
6 -0.0029014 0.6376062 0.0070576
1 -0.2948396 1.2551161 0.8544626
1 -0.3805041 1.2245528 -0.9416181
1 1.0334514 0.2106871 0.1044643
8 -0.0483416 -0.7849525 -0.0063886
5
-114.665     ts77     dynamics     sesquiterpene     TS     runpoint      7     runisomer      113
6 -0.0075750 0.6337489 0.0040703
1 -0.2744773 1.2916360 0.8503923
1 -0.3414878 1.1798086 -0.8782970
1 1.1254530 0.3197952 0.1245201
8 -0.0543734 -0.7884164 -0.0091453
5
-114.677     ts77     dynamics     sesquiterpene     TS     runpoint      8     runisomer      113
6 -0.0102996 0.6285350 0.0014105
1 -0.2560423 1.3168187 0.8506699
1 -0.2979207 1.1298989 -0.8202863
1 1.2097702 0.4511243 0.1385716
8 -0.0615475 -0.7912212 -0.0117085
5
-114.675     ts77     dynamics     sesquiterpene     TS     runpoint      9     runisomer      113
6 -0.0092266 0.6210453 0.0018028
1 -0.2407589 1.3272223 0.8530943
1 -0.2613458 1.0921186 -0.7974327
1 1.2724974 0.5971578 0.1451747
8 -0.0695732 -0.7930783 -0.0140124
5
-114.666     ts77     dynamics     sesquiterpene     TS     runpoint      10     runisomer      113
6 -0.0033614 0.6108984 0.0071335
1 -0.2300736 1.3209607 0.8559354
1 -0.2396636 1.0793004 -0.8313453
1 1.3064936 0.7482382 0.1440633
8 -0.0781552 -0.7937827 -0.0159835
5
-114.669     ts77     dynamics     sesquiterpene     TS     runpoint      11     runisomer      113
6 0.0069160 0.5994106 0.0159818
1 -0.2256306 1.2980734 0.8585760
1 -0.2291997 1.0836606 -0.9064108
1 1.3099723 0.8949445 0.1358914
8 -0.0870232 -0.7932416 -0.0175440
5
-114.674     ts77     dynamics     sesquiterpene     TS     runpoint      12     runisomer      113
6 0.0206677 0.5884052 0.0253121
1 -0.2293530 1.2605921 0.8617942
1 -0.2224554 1.0895348 -0.9893757
1 1.2845714 1.0290965 0.1216532
8 -0.0959294 -0.7914467 -0.0186222
5
-114.67     ts77     dynamics     sesquiterpene     TS     runpoint      13     runisomer      113
6 0.0371318 0.5789878 0.0329266
1 -0.2436542 1.2122119 0.8674889
1 -0.2150490 1.0875502 -1.0568996
1 1.2339291 1.1440386 0.1020456
8 -0.1046542 -0.7884516 -0.0192038
5
-114.662     ts77     dynamics     sesquiterpene     TS     runpoint      14     runisomer      113
6 0.0558310 0.5717074 0.0379106
1 -0.2716287 1.1572871 0.8774911
1 -0.2056463 1.0739162 -1.0980487
1 1.1628045 1.2346239 0.0769556
8 -0.1130294 -0.7843787 -0.0193996
5
-114.657     ts77     dynamics     sesquiterpene     TS     runpoint      15     runisomer      113
6 0.0763934 0.5669926 0.0402122
1 -0.3158065 1.0991908 0.8917308
1 -0.1956388 1.0472178 -1.1092887
1 1.0773758 1.2969908 0.0468070
8 -0.1209178 -0.7794306 -0.0194161
5
-114.658     ts77     dynamics     sesquiterpene     TS     runpoint      16     runisomer      113
6 0.0978392 0.5650522 0.0401973
1 -0.3750124 1.0397947 0.9073247
1 -0.1869680 1.0084435 -1.0911749
1 0.9864080 1.3295937 0.0132550
8 -0.1280903 -0.7738452 -0.0194151
5
-114.662     ts77     dynamics     sesquiterpene     TS     runpoint      17     runisomer      113
6 0.1186684 0.5658572 0.0386941
1 -0.4444305 0.9801704 0.9183745
1 -0.1825139 0.9594736 -1.0476764
1 0.9019520 1.3350856 -0.0210113
8 -0.1343005 -0.7679542 -0.0195659
5
-114.654160 ts77 dynamics sesquiterpene TS runpoint 1  runisomer  113
6 -0.0053773 0.6587782 -0.0093105
1 -0.3868987 1.0289755 0.9616117
1 -0.3606123 1.1867777 -0.9502464
1 0.9729337 -0.0851775 -0.0218591
8 -0.0381251 -0.7655652 0.0076467
5
-114.647 ts77 dynamics sesquiterpene TS runpoint 2  runisomer  113
6 -0.0125929 0.663635 -0.0166803
1 -0.393253 0.990557 0.981616
1 -0.320378 1.13818 -0.892378
1 1.02622 -0.12411 -0.0473422
8 -0.0382039 -0.761272 0.00987483
5
-114.644     ts77     dynamics     sesquiterpene     TS     runpoint      3     runisomer      113
6 -0.0200352 0.6666133 -0.0215131
1 -0.3929943 0.9587814 0.9915092
1 -0.2832636 1.0980996 -0.8486768
1 1.0700335 -0.1619849 -0.0714222
8 -0.0377368 -0.7565919 0.0116418
5
-114.629     ts77     dynamics     sesquiterpene     TS     runpoint      4     runisomer      113
6 -0.0266132 0.6662469 -0.0208618
1 -0.3868602 0.9361829 0.9899650
1 -0.2605598 1.0850462 -0.8521214
1 1.0946427 -0.2024165 -0.0931428
8 -0.0361700 -0.7515230 0.0128371
5
-114.624     ts77     dynamics     sesquiterpene     TS     runpoint      5     runisomer      113
6 -0.0322339 0.6625119 -0.0144188
1 -0.3770624 0.9254606 0.9791810
1 -0.2533491 1.1023739 -0.9080777
1 1.0938955 -0.2505178 -0.1116795
8 -0.0329780 -0.7461058 0.0133768
5
-114.638     ts77     dynamics     sesquiterpene     TS     runpoint      6     runisomer      113
6 -0.0377391 0.6570803 -0.0052919
1 -0.3671425 0.9292325 0.9650799
1 -0.2530202 1.1348502 -0.9850777
1 1.0643975 -0.3132462 -0.1264776
8 -0.0276354 -0.7403621 0.0132025
5
-114.653     ts77     dynamics     sesquiterpene     TS     runpoint      7     runisomer      113
6 -0.0439557 0.6516597 0.0033362
1 -0.3610219 0.9495316 0.9551641
1 -0.2526191 1.1674285 -1.0522101
1 1.0060496 -0.3986252 -0.1375357
8 -0.0197054 -0.7342473 0.0122820
5
-114.665     ts77     dynamics     sesquiterpene     TS     runpoint      8     runisomer      113
6 -0.0514460 0.6473735 0.0097220
1 -0.3612611 0.9867187 0.9541744
1 -0.2490758 1.1917300 -1.0930716
1 0.9268150 -0.5118740 -0.1462140
8 -0.0093011 -0.7277688 0.0106754
5
-114.676     ts77     dynamics     sesquiterpene     TS     runpoint      9     runisomer      113
6 -0.0604566 0.6448769 0.0134163
1 -0.3677545 1.0381065 0.9604904
1 -0.2414109 1.2038174 -1.1011835
1 0.8565706 -0.6494798 -0.1578517
8 0.0018117 -0.7212236 0.0087499
5
-114.677     ts77     dynamics     sesquiterpene     TS     runpoint      10     runisomer      113
6 -0.0708143 0.6444424 0.0147246
1 -0.3781563 1.0976444 0.9672352
1 -0.2296193 1.2021153 -1.0754289
1 0.8539817 -0.8043874 -0.1847199
8 0.0096584 -0.7147809 0.0074132
5
-114.691     ts77     dynamics     sesquiterpene     TS     runpoint      11     runisomer      113
6 -0.0820122 0.6460866 0.0142247
1 -0.3893317 1.1574753 0.9669127
1 -0.2142947 1.1870286 -1.0189014
1 0.9155176 -0.9771644 -0.2282563
8 0.0139209 -0.7079474 0.0069900
5
-114.711     ts77     dynamics     sesquiterpene     TS     runpoint      12     runisomer      113
6 -0.0935401 0.6496632 0.0127299
1 -0.3984484 1.2102856 0.9550231
1 -0.1965291 1.1621232 -0.9409417
1 0.9736664 -1.1486181 -0.2725352
8 0.0183615 -0.7015841 0.0067389
5
-114.701     ts77     dynamics     sesquiterpene     TS     runpoint      13     runisomer      113
6 -0.1049829 0.6544186 0.0117072
1 -0.4034248 1.2508361 0.9310985
1 -0.1779918 1.1368414 -0.8620790
1 0.9981335 -1.2968792 -0.3080066
8 0.0245520 -0.6967711 0.0062801
5
-114.672     ts77     dynamics     sesquiterpene     TS     runpoint      14     runisomer      113
6 -0.1159801 0.6586428 0.0135183
1 -0.4032196 1.2766080 0.8984336
1 -0.1604440 1.1281902 -0.8163372
1 0.9863704 -1.4108138 -0.3321915
8 0.0324262 -0.6938384 0.0056211
5
-114.645     ts77     dynamics     sesquiterpene     TS     runpoint      15     runisomer      113
6 -0.1263110 0.6606501 0.0196552
1 -0.3981601 1.2881062 0.8637001
1 -0.1435620 1.1496306 -0.8300532
1 0.9438077 -1.4861427 -0.3452398
8 0.0414770 -0.6926710 0.0048913
5
-114.642     ts77     dynamics     sesquiterpene     TS     runpoint      16     runisomer      113
6 -0.1358350 0.6605704 0.0279525
1 -0.3900904 1.2889285 0.8363452
1 -0.1251101 1.1922699 -0.8886228
1 0.8753830 -1.5199809 -0.3475025
8 0.0512637 -0.6932159 0.0042217
5
-114.651     ts77     dynamics     sesquiterpene     TS     runpoint      17     runisomer      113
6 -0.1442403 0.6595257 0.0345567
1 -0.3817543 1.2846628 0.8262159
1 -0.1046377 1.2366172 -0.9577840
1 0.7831840 -1.5077934 -0.3387779
8 0.0615657 -0.6957245 0.0037137
5
-114.66     ts77     dynamics     sesquiterpene     TS     runpoint      18     runisomer      113
6 -0.1512276 0.6582636 0.0368519
1 -0.3752357 1.2795303 0.8390394
1 -0.0834135 1.2696119 -1.0135643
1 0.6700238 -1.4471828 -0.3199081
8 0.0721925 -0.7003513 0.0035103
5
-114.671     ts77     dynamics     sesquiterpene     TS     runpoint      19     runisomer      113
6 -0.1567701 0.6571129 0.0339945
1 -0.3704498 1.2728987 0.8725427
1 -0.0629273 1.2853169 -1.0441626
1 0.5521187 -1.3548145 -0.2995721
8 0.0821898 -0.7058775 0.0041895
5
-114.658     ts77     dynamics     sesquiterpene     TS     runpoint      20     runisomer      113
6 -0.1610687 0.6562845 0.0263890
1 -0.3653552 1.2598633 0.9173772
1 -0.0443452 1.2817396 -1.0447847
1 0.4840293 -1.3052448 -0.3142597
8 0.0882160 -0.7073317 0.0080370
5
-114.629     ts77     dynamics     sesquiterpene     TS     runpoint      21     runisomer      113
6 -0.1643973 0.6560560 0.0150006
1 -0.3575549 1.2352819 0.9619143
1 -0.0284099 1.2595665 -1.0150882
1 0.5091112 -1.3714256 -0.4095741
8 0.0876394 -0.7000428 0.0179103
5
-114.679     ts77     dynamics     sesquiterpene     TS     runpoint      22     runisomer      113
6 -0.1670254 0.6567876 0.0010030
1 -0.3454364 1.1968412 0.9963838
1 -0.0152193 1.2227549 -0.9597189
1 0.5557761 -1.4499445 -0.5325867
8 0.0850780 -0.6909017 0.0305032
5
-114.685     ts77     dynamics     sesquiterpene     TS     runpoint      23     runisomer      113
6 -0.1692458 0.6582760 -0.0139947
1 -0.3284324 1.1453026 1.0145373
1 -0.0034228 1.1802853 -0.8917794
1 0.5893910 -1.4879812 -0.6459552
8 0.0828139 -0.6836972 0.0434743
5
-114.669     ts77     dynamics     sesquiterpene     TS     runpoint      24     runisomer      113
6 -0.1715209 0.6592778 -0.0274416
1 -0.3069976 1.0840404 1.0139623
1 0.0114936 1.1490204 -0.8379463
1 0.6024888 -1.4765328 -0.7370095
8 0.0814075 -0.6793385 0.0559440
5
-114.652     ts77     dynamics     sesquiterpene     TS     runpoint      25     runisomer      113
6 -0.1745269 0.6579279 -0.0365183
1 -0.2825932 1.0186387 0.9966612
1 0.0373878 1.1493562 -0.8307704
1 0.5937301 -1.4178736 -0.8002468
8 0.0810487 -0.6779215 0.0673758
5
-114.654     ts77     dynamics     sesquiterpene     TS     runpoint      26     runisomer      113
6 -0.1785182 0.6536778 -0.0412610
1 -0.2574265 0.9566369 0.9703237
1 0.0773351 1.1838211 -0.8731596
1 0.5623783 -1.3164612 -0.8310225
8 0.0819192 -0.6793877 0.0772043
5
-114.676     ts77     dynamics     sesquiterpene     TS     runpoint      27     runisomer      113
6 -0.1829474 0.6477174 -0.0449228
1 -0.2337791 0.9068816 0.9482132
1 0.1245370 1.2331854 -0.9340300
1 0.5083999 -1.1788122 -0.8251272
8 0.0841821 -0.6835643 0.0848083
5
-114.696     ts77     dynamics     sesquiterpene     TS     runpoint      28     runisomer      113
6 -0.1872350 0.6412548 -0.0503881
1 -0.2130859 0.8774143 0.9435327
1 0.1707773 1.2785866 -0.9850450
1 0.4352046 -1.0170586 -0.7836198
8 0.0877969 -0.6899114 0.0898017
5
-114.703     ts77     dynamics     sesquiterpene     TS     runpoint      29     runisomer      113
6 -0.1911872 0.6351215 -0.0583553
1 -0.1956156 0.8725149 0.9593394
1 0.2111287 1.3092454 -1.0121916
1 0.3558194 -0.8541647 -0.7294090
8 0.0921242 -0.6971954 0.0930780
5
-114.684     ts77     dynamics     sesquiterpene     TS     runpoint      30     runisomer      113
6 -0.1948896 0.6301685 -0.0675547
1 -0.1812374 0.8916412 0.9856733
1 0.2433425 1.3198851 -1.0109449
1 0.2957166 -0.7177326 -0.7301887
8 0.0957564 -0.7039490 0.0982912
5
-114.664     ts77     dynamics     sesquiterpene     TS     runpoint      31     runisomer      113
6 -0.1984973 0.6273566 -0.0760079
1 -0.1701773 0.9308535 1.0079100
1 0.2665881 1.3087789 -0.9817901
1 0.2613279 -0.6118093 -0.8167697
8 0.0984703 -0.7102821 0.1068494
5
-114.671     ts77     dynamics     sesquiterpene     TS     runpoint      32     runisomer      113
6 -0.2020239 0.6272438 -0.0821123
1 -0.1630621 0.9847031 1.0146823
1 0.2810125 1.2778362 -0.9286597
1 0.2370344 -0.5378400 -0.9238072
8 0.1012922 -0.7162986 0.1143976
5
-114.666     ts77     dynamics     sesquiterpene     TS     runpoint      33     runisomer      113
6 -0.2054293 0.6296644 -0.0847880
1 -0.1607303 1.0472983 1.0001638
1 0.2887815 1.2329406 -0.8596385
1 0.2158688 -0.5002400 -1.0087430
8 0.1045464 -0.7215970 0.1183228
5
-114.656     ts77     dynamics     sesquiterpene     TS     runpoint      34     runisomer      113
6 -0.2089361 0.6338122 -0.0830717
1 -0.1640993 1.1129484 0.9637793
1 0.2963209 1.1847587 -0.7890633
1 0.1959986 -0.4994334 -1.0567669
8 0.1081687 -0.7258586 0.1179068
5
-114.649     ts77     dynamics     sesquiterpene     TS     runpoint      35     runisomer      113
6 -0.2132357 0.6384143 -0.0759596
1 -0.1740065 1.1768921 0.9098167
1 0.3155986 1.1479315 -0.7373800
1 0.1771478 -0.5337221 -1.0630414
8 0.1119948 -0.7288584 0.1131098
5
-114.651     ts77     dynamics     sesquiterpene     TS     runpoint      36     runisomer      113
6 -0.2189565 0.6424179 -0.0632849
1 -0.1909979 1.2364227 0.8472899
1 0.3573419 1.1324861 -0.7204387
1 0.1598151 -0.6002106 -1.0258769
8 0.1158219 -0.7304485 0.1041310
5
-114.669     ts77     dynamics     sesquiterpene     TS     runpoint      37     runisomer      113
6 -0.2255391 0.6457906 -0.0469041
1 -0.2151539 1.2919262 0.7888090
1 0.4175192 1.1334803 -0.7346218
1 0.1450522 -0.6943341 -0.9473906
8 0.1194230 -0.7306072 0.0914742
5
-114.693     ts77     dynamics     sesquiterpene     TS     runpoint      38     runisomer      113
6 -0.2314653 0.6489261 -0.0298444
1 -0.2460751 1.3460637 0.7466435
1 0.4802692 1.1381482 -0.7633959
1 0.1341522 -0.8091034 -0.8432063
8 0.1225528 -0.7294311 0.0765800
5
-114.698     ts77     dynamics     sesquiterpene     TS     runpoint      39     runisomer      113
6 -0.2353552 0.6519319 -0.0146244
1 -0.2829615 1.3997074 0.7270446
1 0.5312321 1.1375557 -0.7920228
1 0.1277173 -0.9396872 -0.7627769
8 0.1249929 -0.7267990 0.0631325
5
-114.68     ts77     dynamics     sesquiterpene     TS     runpoint      40     runisomer      113
6 -0.2363741 0.6548557 -0.0027355
1 -0.3245163 1.4482477 0.7281897
1 0.5619961 1.1286538 -0.8113971
1 0.1238801 -1.0945400 -0.7629892
8 0.1266823 -0.7217310 0.0553765
5
-114.682     ts77     dynamics     sesquiterpene     TS     runpoint      41     runisomer      113
6 -0.2342336 0.6580248 0.0051460
1 -0.3688604 1.4833620 0.7436344
1 0.5688409 1.1120753 -0.8165911
1 0.1194609 -1.2597216 -0.8015474
8 0.1277203 -0.7148661 0.0512481
5
-114.676     ts77     dynamics     sesquiterpene     TS     runpoint      42     runisomer      113
6 -0.2290408 0.6618795 0.0088870
1 -0.4139051 1.4973128 0.7664381
1 0.5512065 1.0901357 -0.8056126
1 0.1125484 -1.4023360 -0.8260515
8 0.1282111 -0.7082661 0.0478575
