5
-114.654160 ts77 dynamics sesquiterpene TS runpoint 1  runisomer  161
6 -0.0457212 0.6597668 -0.0007292
1 -0.2065031 1.1899624 0.9604347
1 -0.1828493 1.1005586 -0.9067723
1 0.9669353 -0.0583590 -0.0098284
8 -0.0300461 -0.7727081 -0.0022151
5
-114.648 ts77 dynamics sesquiterpene TS runpoint 2  runisomer  161
6 -0.0362084 0.662458 0.00121919
1 -0.246357 1.21707 1.01714
1 -0.189113 1.06411 -0.940757
1 0.908543 -0.0306853 -0.0347135
8 -0.0305985 -0.775882 -0.00354092
5
-114.643     ts77     dynamics     sesquiterpene     TS     runpoint      3     runisomer      161
6 -0.0269397 0.6642229 0.0059686
1 -0.2835535 1.2333640 1.0512353
1 -0.2017325 1.0404352 -0.9893685
1 0.8676230 -0.0008148 -0.0584296
8 -0.0318362 -0.7786239 -0.0046959
5
-114.635     ts77     dynamics     sesquiterpene     TS     runpoint      4     runisomer      161
6 -0.0191714 0.6659903 0.0125742
1 -0.3151592 1.2360628 1.0563752
1 -0.2185494 1.0250658 -1.0363688
1 0.8594442 0.0305146 -0.0810729
8 -0.0340991 -0.7811259 -0.0055879
5
-114.629     ts77     dynamics     sesquiterpene     TS     runpoint      5     runisomer      161
6 -0.0136403 0.6680552 0.0198627
1 -0.3392028 1.2248536 1.0316532
1 -0.2372119 1.0146366 -1.0680078
1 0.8911096 0.0647977 -0.1028647
8 -0.0375534 -0.7834726 -0.0061329
5
-114.633     ts77     dynamics     sesquiterpene     TS     runpoint      6     runisomer      161
6 -0.0100765 0.6697940 0.0266937
1 -0.3549401 1.2016330 0.9807805
1 -0.2559801 1.0075438 -1.0763603
1 0.9569300 0.1083376 -0.1228143
8 -0.0421997 -0.7856120 -0.0062698
5
-114.644     ts77     dynamics     sesquiterpene     TS     runpoint      7     runisomer      161
6 -0.0072900 0.6699229 0.0317511
1 -0.3637404 1.1713902 0.9135851
1 -0.2738120 1.0032950 -1.0587828
1 1.0420622 0.1702014 -0.1383528
8 -0.0479777 -0.7874343 -0.0059593
5
-114.655     ts77     dynamics     sesquiterpene     TS     runpoint      8     runisomer      161
6 -0.0036122 0.6669262 0.0333954
1 -0.3705955 1.1435421 0.8483019
1 -0.2903283 1.0020100 -1.0173379
1 1.1300721 0.2571253 -0.1464892
8 -0.0548111 -0.7888276 -0.0051786
5
-114.661     ts77     dynamics     sesquiterpene     TS     runpoint      9     runisomer      161
6 0.0026873 0.6594398 0.0300980
1 -0.3839187 1.1303616 0.8084253
1 -0.3060465 1.0044246 -0.9594021
1 1.2071852 0.3703889 -0.1450576
8 -0.0625668 -0.7896710 -0.0039348
5
-114.668     ts77     dynamics     sesquiterpene     TS     runpoint      10     runisomer      161
6 0.0127776 0.6470027 0.0219687
1 -0.4085704 1.1375925 0.8062660
1 -0.3230453 1.0124032 -0.8986422
1 1.2630288 0.5060678 -0.1332939
8 -0.0710330 -0.7898483 -0.0022712
5
-114.678     ts77     dynamics     sesquiterpene     TS     runpoint      11     runisomer      161
6 0.0267523 0.6305655 0.0115295
1 -0.4386800 1.1571338 0.8313755
1 -0.3452447 1.0290857 -0.8526015
1 1.2905000 0.6568234 -0.1118697
8 -0.0799529 -0.7892977 -0.0002730
5
-114.686     ts77     dynamics     sesquiterpene     TS     runpoint      12     runisomer      161
6 0.0439736 0.6118990 0.0016535
1 -0.4637739 1.1755704 0.8648059
1 -0.3758628 1.0561605 -0.8328140
1 1.2858280 0.8134679 -0.0826418
8 -0.0890698 -0.7880312 0.0019411
5
-114.689     ts77     dynamics     sesquiterpene     TS     runpoint      13     runisomer      161
6 0.0634271 0.5931008 -0.0063376
1 -0.4767751 1.1833522 0.8927612
1 -0.4130274 1.0889578 -0.8360477
1 1.2488454 0.9664577 -0.0483332
8 -0.0981745 -0.7861245 0.0042167
5
-114.687     ts77     dynamics     sesquiterpene     TS     runpoint      14     runisomer      161
6 0.0835588 0.5763770 -0.0131557
1 -0.4742801 1.1740517 0.9094330
1 -0.4501883 1.1203601 -0.8488381
1 1.1837551 1.1057234 -0.0098535
8 -0.1069948 -0.7837460 0.0066623
5
-114.685     ts77     dynamics     sesquiterpene     TS     runpoint      15     runisomer      161
6 0.1040163 0.5629143 -0.0189880
1 -0.4609263 1.1458730 0.9095915
1 -0.4849233 1.1412319 -0.8581618
1 1.0979624 1.2249075 0.0293068
8 -0.1155916 -0.7806954 0.0091464
5
-114.676     ts77     dynamics     sesquiterpene     TS     runpoint      16     runisomer      161
6 0.1232274 0.5536832 -0.0243557
1 -0.4394766 1.0991317 0.8941482
1 -0.5125822 1.1472800 -0.8574374
1 1.0028982 1.3174945 0.0672253
8 -0.1236263 -0.7770397 0.0117099
5
-114.654160 ts77 dynamics sesquiterpene TS runpoint 1  runisomer  161
6 -0.0457212 0.6597668 -0.0007292
1 -0.2065031 1.1899624 0.9604347
1 -0.1828493 1.1005586 -0.9067723
1 0.9669353 -0.0583590 -0.0098284
8 -0.0300461 -0.7727081 -0.0022151
5
-114.648 ts77 dynamics sesquiterpene TS runpoint 2  runisomer  161
6 -0.0543131 0.655174 -0.000217445
1 -0.167854 1.15887 0.895931
1 -0.18344 1.15143 -0.896269
1 1.02675 -0.0833591 0.0156
8 -0.0297667 -0.768934 -0.000798501
5
-114.645     ts77     dynamics     sesquiterpene     TS     runpoint      3     runisomer      161
6 -0.0612072 0.6480427 0.0003469
1 -0.1345218 1.1361910 0.8490866
1 -0.1893026 1.2112303 -0.9039816
1 1.0755707 -0.1058364 0.0404967
8 -0.0294014 -0.7645073 0.0006466
5
-114.635     ts77     dynamics     sesquiterpene     TS     runpoint      4     runisomer      161
6 -0.0660908 0.6382945 -0.0020744
1 -0.1086374 1.1349643 0.8453980
1 -0.1982068 1.2695882 -0.9173306
1 1.1053930 -0.1263510 0.0637403
8 -0.0286854 -0.7595007 0.0020729
5
-114.63     ts77     dynamics     sesquiterpene     TS     runpoint      5     runisomer      161
6 -0.0690815 0.6271154 -0.0082206
1 -0.0890955 1.1547091 0.8849634
1 -0.2085051 1.3167434 -0.9258316
1 1.1118504 -0.1459711 0.0843541
8 -0.0274299 -0.7540929 0.0034288
5
-114.633     ts77     dynamics     sesquiterpene     TS     runpoint      6     runisomer      161
6 -0.0704878 0.6167395 -0.0164057
1 -0.0741796 1.1813735 0.9435312
1 -0.2192733 1.3460505 -0.9238279
1 1.0931967 -0.1668266 0.1016079
8 -0.0254611 -0.7485221 0.0046662
5
-114.634     ts77     dynamics     sesquiterpene     TS     runpoint      7     runisomer      161
6 -0.0707456 0.6092229 -0.0247220
1 -0.0630706 1.2016958 0.9975939
1 -0.2300940 1.3541292 -0.9096549
1 1.0499145 -0.1930528 0.1151686
8 -0.0225585 -0.7430195 0.0057511
5
-114.636     ts77     dynamics     sesquiterpene     TS     runpoint      8     runisomer      161
6 -0.0705342 0.6059666 -0.0319089
1 -0.0552448 1.2085576 1.0335717
1 -0.2409782 1.3407555 -0.8848857
1 0.9855345 -0.2315024 0.1254079
8 -0.0184692 -0.7377445 0.0066701
5
-114.642     ts77     dynamics     sesquiterpene     TS     runpoint      9     runisomer      161
6 -0.0707643 0.6077462 -0.0371298
1 -0.0500141 1.1994226 1.0452814
1 -0.2525659 1.3093538 -0.8545992
1 0.9092165 -0.2909793 0.1339563
8 -0.0130871 -0.7327786 0.0074019
5
-114.651     ts77     dynamics     sesquiterpene     TS     runpoint      10     runisomer      161
6 -0.0722801 0.6146045 -0.0396043
1 -0.0465399 1.1745546 1.0309402
1 -0.2666626 1.2679072 -0.8283549
1 0.8412218 -0.3774177 0.1447054
8 -0.0069958 -0.7283007 0.0078307
5
-114.657     ts77     dynamics     sesquiterpene     TS     runpoint      11     runisomer      161
6 -0.0753272 0.6255755 -0.0384918
1 -0.0440439 1.1366739 0.9925775
1 -0.2866278 1.2282992 -0.8197812
1 0.8201733 -0.4855807 0.1654113
8 -0.0022829 -0.7248348 0.0075691
5
-114.664     ts77     dynamics     sesquiterpene     TS     runpoint      12     runisomer      161
6 -0.0794003 0.6388006 -0.0335071
1 -0.0419409 1.0921096 0.9382259
1 -0.3159394 1.2003847 -0.8401568
1 0.8787681 -0.6076371 0.2042926
8 -0.0012047 -0.7225001 0.0060878
5
-114.693     ts77     dynamics     sesquiterpene     TS     runpoint      13     runisomer      161
6 -0.0838867 0.6524093 -0.0262541
1 -0.0396223 1.0526706 0.8865424
1 -0.3546309 1.1839149 -0.8873231
1 0.9761369 -0.7475702 0.2543211
8 -0.0016822 -0.7203701 0.0037231
5
-114.703     ts77     dynamics     sesquiterpene     TS     runpoint      14     runisomer      161
6 -0.0886478 0.6648974 -0.0204120
1 -0.0359114 1.0345035 0.8672384
1 -0.3983369 1.1708033 -0.9454357
1 1.0553691 -0.8978998 0.3015189
8 -0.0005825 -0.7182969 0.0012443
5
-114.688     ts77     dynamics     sesquiterpene     TS     runpoint      15     runisomer      161
6 -0.0937796 0.6753161 -0.0189402
1 -0.0298117 1.0475073 0.8991936
1 -0.4414529 1.1538594 -0.9968968
1 1.0922777 -1.0442463 0.3380829
8 0.0032731 -0.7166454 -0.0009353
5
-114.677     ts77     dynamics     sesquiterpene     TS     runpoint      16     runisomer      161
6 -0.0991640 0.6838272 -0.0212584
1 -0.0226051 1.0850852 0.9646057
1 -0.4797495 1.1299209 -1.0299920
1 1.0826430 -1.1744874 0.3612095
8 0.0098773 -0.7156843 -0.0026889
5
-114.67     ts77     dynamics     sesquiterpene     TS     runpoint      17     runisomer      161
6 -0.1044495 0.6910361 -0.0250390
1 -0.0170503 1.1336049 1.0308135
1 -0.5109492 1.0988033 -1.0392954
1 1.0290150 -1.2794665 0.3702190
8 0.0188359 -0.7155750 -0.0040050
5
-114.664     ts77     dynamics     sesquiterpene     TS     runpoint      18     runisomer      161
6 -0.1092168 0.6973047 -0.0284194
1 -0.0153633 1.1825534 1.0755193
1 -0.5347103 1.0620764 -1.0243693
1 0.9353930 -1.3515265 0.3652230
8 0.0297005 -0.7165083 -0.0049109
5
-114.665     ts77     dynamics     sesquiterpene     TS     runpoint      19     runisomer      161
6 -0.1130108 0.7026826 -0.0301451
1 -0.0187604 1.2254827 1.0882789
1 -0.5528191 1.0225799 -0.9893929
1 0.8074478 -1.3846486 0.3473978
8 0.0419628 -0.7186721 -0.0054999
5
-114.674     ts77     dynamics     sesquiterpene     TS     runpoint      20     runisomer      161
6 -0.1153299 0.7069136 -0.0291649
1 -0.0276458 1.2584665 1.0658946
1 -0.5695718 0.9843325 -0.9435894
1 0.6579896 -1.3798816 0.3216519
8 0.0547342 -0.7218145 -0.0060879
5
-114.681     ts77     dynamics     sesquiterpene     TS     runpoint      21     runisomer      161
6 -0.1156526 0.7094684 -0.0245250
1 -0.0416849 1.2793037 1.0101037
1 -0.5916117 0.9519611 -0.9004189
1 0.5187657 -1.3630560 0.3046134
8 0.0660202 -0.7240648 -0.0076996
5
-114.663     ts77     dynamics     sesquiterpene     TS     runpoint      22     runisomer      161
6 -0.1136481 0.7097381 -0.0159070
1 -0.0596704 1.2883237 0.9285288
1 -0.6253739 0.9287963 -0.8720550
1 0.4371695 -1.4010080 0.3319040
8 0.0729157 -0.7209855 -0.0125321
