5
-114.654160 ts77 dynamics sesquiterpene TS runpoint 1  runisomer  165
6 -0.0247355 0.6227574 0.0114805
1 -0.3174043 1.0803542 0.9252666
1 -0.2680750 1.1456815 -1.0322285
1 0.9810068 -0.0893642 -0.0700846
8 -0.0343194 -0.7389258 0.0025421
5
-114.646 ts77 dynamics sesquiterpene TS runpoint 2  runisomer  165
6 -0.0248844 0.613836 0.00784566
1 -0.281102 1.04571 0.96075
1 -0.257336 1.1667 -1.07135
1 0.932022 -0.0385876 -0.0471303
8 -0.0340854 -0.734573 0.00405213
5
-114.639     ts77     dynamics     sesquiterpene     TS     runpoint      3     runisomer      165
6 -0.0258908 0.6067630 0.0018676
1 -0.2461709 1.0188943 0.9962795
1 -0.2424840 1.1766985 -1.0806849
1 0.9041476 0.0179418 -0.0241094
8 -0.0347097 -0.7317687 0.0054364
5
-114.634     ts77     dynamics     sesquiterpene     TS     runpoint      4     runisomer      165
6 -0.0282637 0.6021532 -0.0057710
1 -0.2126673 0.9994561 1.0246640
1 -0.2246675 1.1749664 -1.0590383
1 0.9128654 0.0826619 -0.0016803
8 -0.0367129 -0.7310543 0.0066015
5
-114.638     ts77     dynamics     sesquiterpene     TS     runpoint      5     runisomer      165
6 -0.0317996 0.5999033 -0.0141826
1 -0.1815823 0.9870831 1.0400865
1 -0.2058237 1.1627029 -1.0094579
1 0.9628610 0.1599498 0.0200306
8 -0.0403571 -0.7326834 0.0074495
5
-114.653     ts77     dynamics     sesquiterpene     TS     runpoint      6     runisomer      165
6 -0.0351608 0.5990124 -0.0221757
1 -0.1548181 0.9818291 1.0394904
1 -0.1890248 1.1442234 -0.9411187
1 1.0434271 0.2557781 0.0405019
8 -0.0456576 -0.7365570 0.0078888
5
-114.667     ts77     dynamics     sesquiterpene     TS     runpoint      7     runisomer      165
6 -0.0363669 0.5979248 -0.0279628
1 -0.1346239 0.9838402 1.0229229
1 -0.1788497 1.1291635 -0.8727678
1 1.1350027 0.3725011 0.0582906
8 -0.0524382 -0.7422737 0.0078474
5
-114.672     ts77     dynamics     sesquiterpene     TS     runpoint      8     runisomer      165
6 -0.0336798 0.5949589 -0.0293715
1 -0.1229539 0.9931332 0.9937091
1 -0.1808858 1.1323217 -0.8312292
1 1.2195867 0.5060895 0.0717187
8 -0.0603918 -0.7492507 0.0072812
5
-114.67     ts77     dynamics     sesquiterpene     TS     runpoint      9     runisomer      165
6 -0.0261739 0.5892161 -0.0255412
1 -0.1211070 1.0097215 0.9587138
1 -0.1986417 1.1624210 -0.8324860
1 1.2855462 0.6487752 0.0796808
8 -0.0691785 -0.7568750 0.0061892
5
-114.673     ts77     dynamics     sesquiterpene     TS     runpoint      10     runisomer      165
6 -0.0139325 0.5815163 -0.0183685
1 -0.1297318 1.0338442 0.9274470
1 -0.2297203 1.2090767 -0.8639361
1 1.3271510 0.7922956 0.0818804
8 -0.0784849 -0.7646017 0.0046207
5
-114.674     ts77     dynamics     sesquiterpene     TS     runpoint      11     runisomer      165
6 0.0023151 0.5734762 -0.0106838
1 -0.1489467 1.0652917 0.9081629
1 -0.2677145 1.2534201 -0.9019361
1 1.3424194 0.9292802 0.0786241
8 -0.0880347 -0.7719780 0.0026693
5
-114.668     ts77     dynamics     sesquiterpene     TS     runpoint      12     runisomer      165
6 0.0216652 0.5665088 -0.0042170
1 -0.1780452 1.1014633 0.9029053
1 -0.3064342 1.2819174 -0.9303525
1 1.3313620 1.0533808 0.0705443
8 -0.0975853 -0.7786463 0.0004471
5
-114.659     ts77     dynamics     sesquiterpene     TS     runpoint      13     runisomer      165
6 0.0432009 0.5618149 0.0005798
1 -0.2149678 1.1364940 0.9069266
1 -0.3414408 1.2879420 -0.9417257
1 1.2949968 1.1589848 0.0584508
8 -0.1069212 -0.7843660 -0.0019277
5
-114.652     ts77     dynamics     sesquiterpene     TS     runpoint      14     runisomer      165
6 0.0660451 0.5604818 0.0038722
1 -0.2565446 1.1631571 0.9129851
1 -0.3700195 1.2692612 -0.9336542
1 1.2349940 1.2408394 0.0433695
8 -0.1158608 -0.7890270 -0.0043392
5
-114.651     ts77     dynamics     sesquiterpene     TS     runpoint      15     runisomer      165
6 0.0897676 0.5636199 0.0059087
1 -0.3008685 1.1746637 0.9148299
1 -0.3920175 1.2263025 -0.9061996
1 1.1532874 1.2932764 0.0264137
8 -0.1243343 -0.7927040 -0.0066459
5
-114.655     ts77     dynamics     sesquiterpene     TS     runpoint      16     runisomer      165
6 0.1134033 0.5716065 0.0085526
1 -0.3475140 1.1694219 0.9071934
1 -0.4060280 1.1603483 -0.8644763
1 1.0570889 1.3131818 0.0022441
8 -0.1321852 -0.7954644 -0.0092553
5
-114.664     ts77     dynamics     sesquiterpene     TS     runpoint      17     runisomer      165
6 0.1352927 0.5838640 0.0110240
1 -0.3900291 1.1462683 0.8921125
1 -0.4138549 1.0785166 -0.8143566
1 0.9573947 1.3025951 -0.0225241
8 -0.1391561 -0.7973772 -0.0117565
5
-114.672     ts77     dynamics     sesquiterpene     TS     runpoint      18     runisomer      165
6 0.1543353 0.5985527 0.0144882
1 -0.4312262 1.1074301 0.8680040
1 -0.4271474 0.9882875 -0.7657095
1 0.8799164 1.2718887 -0.0485218
8 -0.1451290 -0.7983292 -0.0142650
5
-114.654160 ts77 dynamics sesquiterpene TS runpoint 1  runisomer  165
6 -0.0247355 0.6227574 0.0114805
1 -0.3174043 1.0803542 0.9252666
1 -0.2680750 1.1456815 -1.0322285
1 0.9810068 -0.0893642 -0.0700846
8 -0.0343194 -0.7389258 0.0025421
5
-114.646 ts77 dynamics sesquiterpene TS runpoint 2  runisomer  165
6 -0.0248703 0.632686 0.0125949
1 -0.355208 1.12242 0.895696
1 -0.274436 1.1164 -0.969467
1 1.03355 -0.136906 -0.0917744
8 -0.0347461 -0.744184 0.000981167
5
-114.65     ts77     dynamics     sesquiterpene     TS     runpoint      3     runisomer      165
6 -0.0249257 0.6428146 0.0120373
1 -0.3937027 1.1693167 0.8741245
1 -0.2779388 1.0849539 -0.8973246
1 1.0753091 -0.1846648 -0.1110027
8 -0.0346887 -0.7497463 -0.0005760
5
-114.645     ts77     dynamics     sesquiterpene     TS     runpoint      4     runisomer      165
6 -0.0246944 0.6523140 0.0119796
1 -0.4307430 1.2162554 0.8589521
1 -0.2834022 1.0622883 -0.8414364
1 1.0962608 -0.2374409 -0.1269379
8 -0.0335050 -0.7550749 -0.0020952
5
-114.635     ts77     dynamics     sesquiterpene     TS     runpoint      5     runisomer      165
6 -0.0241074 0.6604971 0.0150512
1 -0.4636658 1.2577096 0.8471461
1 -0.2977576 1.0604998 -0.8306730
1 1.0899681 -0.3017484 -0.1391534
8 -0.0305695 -0.7596602 -0.0035641
5
-114.638     ts77     dynamics     sesquiterpene     TS     runpoint      6     runisomer      165
6 -0.0237437 0.6676792 0.0218372
1 -0.4904208 1.2890515 0.8362824
1 -0.3218151 1.0803397 -0.8696571
1 1.0530009 -0.3853025 -0.1476098
8 -0.0253118 -0.7630069 -0.0049819
5
-114.659     ts77     dynamics     sesquiterpene     TS     runpoint      7     runisomer      165
6 -0.0248433 0.6751097 0.0303913
1 -0.5101140 1.3073465 0.8252573
1 -0.3473900 1.1097786 -0.9338844
1 0.9862354 -0.4945446 -0.1528729
8 -0.0174287 -0.7647048 -0.0063272
5
-114.68     ts77     dynamics     sesquiterpene     TS     runpoint      8     runisomer      165
6 -0.0283277 0.6836806 0.0384760
1 -0.5230597 1.3116132 0.8143572
1 -0.3659352 1.1370368 -0.9969588
1 0.9024266 -0.6295683 -0.1571941
8 -0.0075504 -0.7646121 -0.0074600
5
-114.686     ts77     dynamics     sesquiterpene     TS     runpoint      9     runisomer      165
6 -0.0342641 0.6933480 0.0445237
1 -0.5308574 1.3028272 0.8054259
1 -0.3728927 1.1557005 -1.0427653
1 0.8441326 -0.7817728 -0.1677739
8 0.0015058 -0.7628947 -0.0078823
5
-114.677     ts77     dynamics     sesquiterpene     TS     runpoint      10     runisomer      165
6 -0.0419588 0.7033307 0.0474284
1 -0.5364264 1.2836098 0.8019864
1 -0.3669363 1.1632120 -1.0633364
1 0.8654361 -0.9484720 -0.1953788
8 0.0059120 -0.7591416 -0.0068089
5
-114.689     ts77     dynamics     sesquiterpene     TS     runpoint      11     runisomer      165
6 -0.0504246 0.7127179 0.0464050
1 -0.5433678 1.2574552 0.8084646
1 -0.3485797 1.1592309 -1.0557106
1 0.9252712 -1.1245601 -0.2326641
8 0.0077735 -0.7531889 -0.0045815
5
-114.693     ts77     dynamics     sesquiterpene     TS     runpoint      12     runisomer      165
6 -0.0588430 0.7208557 0.0411873
1 -0.5542202 1.2271305 0.8278576
1 -0.3194488 1.1451058 -1.0209857
1 0.9663726 -1.2856490 -0.2659551
8 0.0103478 -0.7463419 -0.0019809
5
-114.679     ts77     dynamics     sesquiterpene     TS     runpoint      13     runisomer      165
6 -0.0667127 0.7272931 0.0324014
1 -0.5687171 1.1931524 0.8589779
1 -0.2824130 1.1244205 -0.9659062
1 0.9705735 -1.4136732 -0.2894793
8 0.0145674 -0.7396588 0.0006597
5
-114.665     ts77     dynamics     sesquiterpene     TS     runpoint      14     runisomer      165
6 -0.0737352 0.7314826 0.0219684
1 -0.5838394 1.1542058 0.8958432
1 -0.2422186 1.1046954 -0.9071462
1 0.9374405 -1.4999994 -0.3021105
8 0.0203428 -0.7336647 0.0032562
5
-114.652     ts77     dynamics     sesquiterpene     TS     runpoint      15     runisomer      165
6 -0.0796241 0.7324942 0.0130878
1 -0.5957577 1.1090880 0.9300363
1 -0.2050867 1.0985263 -0.8737410
1 0.8705863 -1.5402072 -0.3042049
8 0.0273849 -0.7286573 0.0057890
5
-114.645     ts77     dynamics     sesquiterpene     TS     runpoint      16     runisomer      165
6 -0.0842402 0.7294290 0.0085450
1 -0.6018879 1.0581179 0.9540489
1 -0.1747790 1.1172765 -0.8905581
1 0.7738595 -1.5311877 -0.2965383
8 0.0354195 -0.7248943 0.0082591
5
-114.661     ts77     dynamics     sesquiterpene     TS     runpoint      17     runisomer      165
6 -0.0877797 0.7224842 0.0079231
1 -0.6017681 1.0033951 0.9636189
1 -0.1496282 1.1578300 -0.9475150
1 0.6534597 -1.4733729 -0.2811376
8 0.0440704 -0.7224323 0.0107392
5
-114.685     ts77     dynamics     sesquiterpene     TS     runpoint      18     runisomer      165
6 -0.0904262 0.7126127 0.0086358
1 -0.5969469 0.9484876 0.9585128
1 -0.1271535 1.2061218 -1.0123198
1 0.5281478 -1.3844911 -0.2664845
8 0.0522314 -0.7202080 0.0136839
5
-114.675     ts77     dynamics     sesquiterpene     TS     runpoint      19     runisomer      165
6 -0.0921312 0.7005487 0.0084333
1 -0.5906165 0.8978742 0.9424581
1 -0.1068099 1.2497519 -1.0602617
1 0.4500108 -1.3347875 -0.2839807
8 0.0567528 -0.7138466 0.0189690
5
-114.641     ts77     dynamics     sesquiterpene     TS     runpoint      20     runisomer      165
6 -0.0926829 0.6868534 0.0058423
1 -0.5871851 0.8562260 0.9222964
1 -0.0890759 1.2813858 -1.0793377
1 0.4578741 -1.3939881 -0.3732564
8 0.0553381 -0.6992090 0.0290080
5
-114.675     ts77     dynamics     sesquiterpene     TS     runpoint      21     runisomer      165
6 -0.0918366 0.6724128 -0.0000517
1 -0.5911051 0.8275143 0.9054418
1 -0.0746533 1.2974609 -1.0657857
1 0.4891501 -1.4691593 -0.4915596
8 0.0520705 -0.6828411 0.0410896
5
-114.675     ts77     dynamics     sesquiterpene     TS     runpoint      22     runisomer      165
6 -0.0895636 0.6583384 -0.0094667
1 -0.6045471 0.8139916 0.8958024
1 -0.0639927 1.2966579 -1.0208777
1 0.5109688 -1.5056797 -0.6033352
8 0.0491661 -0.6690761 0.0529717
