5
-114.654160 ts77 dynamics sesquiterpene TS runpoint 1  runisomer  141
6 -0.0464631 0.6448551 -0.0041490
1 -0.2008228 1.2274980 0.8956430
1 -0.1628856 1.2379976 -0.8554221
1 0.8809082 -0.0402859 -0.0261506
8 -0.0256843 -0.7736853 0.0022262
5
-114.645 ts77 dynamics sesquiterpene TS runpoint 2  runisomer  141
6 -0.0471964 0.641417 0.00881613
1 -0.190387 1.1881 0.827499
1 -0.129707 1.19568 -0.883116
1 0.874705 0.00792841 -0.0686178
8 -0.0274913 -0.768995 0.00121338
5
-114.639     ts77     dynamics     sesquiterpene     TS     runpoint      3     runisomer      141
6 -0.0477909 0.6364605 0.0196955
1 -0.1879601 1.1644744 0.7967805
1 -0.1021519 1.1551870 -0.9247764
1 0.8991690 0.0581608 -0.1106348
8 -0.0304749 -0.7644018 0.0002581
5
-114.633     ts77     dynamics     sesquiterpene     TS     runpoint      4     runisomer      141
6 -0.0472972 0.6285359 0.0254432
1 -0.1983248 1.1736834 0.8263090
1 -0.0817093 1.1150553 -0.9705138
1 0.9513426 0.1161519 -0.1508162
8 -0.0347677 -0.7601620 -0.0005010
5
-114.645     ts77     dynamics     sesquiterpene     TS     runpoint      5     runisomer      141
6 -0.0448775 0.6181126 0.0263660
1 -0.2186975 1.2060706 0.8975871
1 -0.0705162 1.0749612 -1.0105017
1 1.0219556 0.1890667 -0.1860275
8 -0.0404539 -0.7564509 -0.0009470
5
-114.658     ts77     dynamics     sesquiterpene     TS     runpoint      6     runisomer      141
6 -0.0399386 0.6065685 0.0244282
1 -0.2423555 1.2404087 0.9750310
1 -0.0706866 1.0360020 -1.0379452
1 1.0996178 0.2817303 -0.2124284
8 -0.0475521 -0.7533373 -0.0009809
5
-114.661     ts77     dynamics     sesquiterpene     TS     runpoint      7     runisomer      141
6 -0.0320605 0.5948340 0.0209704
1 -0.2642208 1.2630784 1.0350294
1 -0.0835846 0.9999451 -1.0495044
1 1.1736005 0.3939217 -0.2268669
8 -0.0559346 -0.7507578 -0.0005302
5
-114.658     ts77     dynamics     sesquiterpene     TS     runpoint      8     runisomer      141
6 -0.0210616 0.5834745 0.0167117
1 -0.2815393 1.2683110 1.0666172
1 -0.1094824 0.9686436 -1.0450063
1 1.2350853 0.5211552 -0.2277021
8 -0.0653396 -0.7486095 0.0004426
5
-114.657     ts77     dynamics     sesquiterpene     TS     runpoint      9     runisomer      141
6 -0.0069763 0.5729836 0.0122128
1 -0.2930544 1.2544322 1.0658205
1 -0.1476513 0.9438145 -1.0271364
1 1.2775704 0.6569691 -0.2149530
8 -0.0754560 -0.7468571 0.0019390
5
-114.66     ts77     dynamics     sesquiterpene     TS     runpoint      10     runisomer      141
6 0.0100282 0.5639069 0.0080791
1 -0.2984457 1.2218023 1.0324910
1 -0.1967418 0.9269153 -1.0009477
1 1.2967268 0.7944386 -0.1900871
8 -0.0859891 -0.7455872 0.0039233
5
-114.668     ts77     dynamics     sesquiterpene     TS     runpoint      11     runisomer      141
6 0.0297392 0.5568679 0.0048713
1 -0.2983458 1.1724764 0.9698621
1 -0.2551536 0.9187376 -0.9725091
1 1.2900543 0.9266563 -0.1557285
8 -0.0966843 -0.7450125 0.0063182
5
-114.677     ts77     dynamics     sesquiterpene     TS     runpoint      12     runisomer      141
6 0.0520250 0.5524921 0.0027523
1 -0.2953328 1.1113464 0.8864404
1 -0.3210205 0.9183767 -0.9464673
1 1.2567363 1.0469077 -0.1154836
8 -0.1073458 -0.7454318 0.0089860
5
-114.684     ts77     dynamics     sesquiterpene     TS     runpoint      13     runisomer      141
6 0.0770669 0.5511650 0.0007058
1 -0.2964376 1.0479042 0.8001493
1 -0.3926195 0.9225377 -0.9232548
1 1.1985862 1.1493077 -0.0726972
8 -0.1178904 -0.7471529 0.0117983
5
-114.674     ts77     dynamics     sesquiterpene     TS     runpoint      14     runisomer      141
6 0.1041467 0.5524243 -0.0052766
1 -0.3113005 0.9971666 0.7441866
1 -0.4640842 0.9341734 -0.8981138
1 1.1207798 1.2274542 -0.0257298
8 -0.1278659 -0.7505576 0.0152675
5
-114.672     ts77     dynamics     sesquiterpene     TS     runpoint      15     runisomer      141
6 0.1337553 0.5556213 -0.0152553
1 -0.3590412 0.9721878 0.7370258
1 -0.5327762 0.9441125 -0.8692220
1 1.0332728 1.2784065 0.0168585
8 -0.1372306 -0.7552199 0.0187001
5
-114.671     ts77     dynamics     sesquiterpene     TS     runpoint      16     runisomer      141
6 0.1632512 0.5609728 -0.0284950
1 -0.4346205 0.9645115 0.7681189
1 -0.5920930 0.9518684 -0.8342584
1 0.9498585 1.3041034 0.0535766
8 -0.1456065 -0.7608599 0.0221563
5
-114.654160 ts77 dynamics sesquiterpene TS runpoint 1  runisomer  141
6 -0.0464631 0.6448551 -0.0041490
1 -0.2008228 1.2274980 0.8956430
1 -0.1628856 1.2379976 -0.8554221
1 0.8809082 -0.0402859 -0.0261506
8 -0.0256843 -0.7736853 0.0022262
5
-114.645 ts77 dynamics sesquiterpene TS runpoint 2  runisomer  141
6 -0.0460632 0.648297 -0.0159098
1 -0.21312 1.26155 0.968839
1 -0.200741 1.28222 -0.846161
1 0.911995 -0.0898104 0.0166706
8 -0.0247831 -0.77808 0.00315634
5
-114.643     ts77     dynamics     sesquiterpene     TS     runpoint      3     runisomer      141
6 -0.0460289 0.6525538 -0.0249184
1 -0.2235176 1.2790230 1.0270588
1 -0.2420080 1.3245747 -0.8519580
1 0.9557636 -0.1434853 0.0597213
8 -0.0243112 -0.7816615 0.0038990
5
-114.638     ts77     dynamics     sesquiterpene     TS     runpoint      4     runisomer      141
6 -0.0463747 0.6581346 -0.0309058
1 -0.2301546 1.2760380 1.0607260
1 -0.2847221 1.3585528 -0.8650216
1 0.9982019 -0.2055113 0.1022108
8 -0.0236161 -0.7838944 0.0044163
5
-114.634     ts77     dynamics     sesquiterpene     TS     runpoint      5     runisomer      141
6 -0.0473190 0.6654607 -0.0341157
1 -0.2321299 1.2523593 1.0658875
1 -0.3267488 1.3780670 -0.8777955
1 1.0268454 -0.2819697 0.1429109
8 -0.0219402 -0.7843103 0.0047392
5
-114.637     ts77     dynamics     sesquiterpene     TS     runpoint      6     runisomer      141
6 -0.0492708 0.6748059 -0.0349505
1 -0.2290645 1.2098481 1.0421061
1 -0.3664085 1.3793356 -0.8851656
1 1.0322449 -0.3799742 0.1805555
8 -0.0185102 -0.7825468 0.0049556
5
-114.653     ts77     dynamics     sesquiterpene     TS     runpoint      7     runisomer      141
6 -0.0526177 0.6860447 -0.0339663
1 -0.2211772 1.1527087 0.9931162
1 -0.4026947 1.3613284 -0.8848007
1 1.0091373 -0.5044988 0.2141136
8 -0.0127539 -0.7783973 0.0051662
5
-114.678     ts77     dynamics     sesquiterpene     TS     runpoint      8     runisomer      141
6 -0.0573810 0.6983120 -0.0321122
1 -0.2099209 1.0890364 0.9305480
1 -0.4353619 1.3257133 -0.8770697
1 0.9596334 -0.6538908 0.2434699
8 -0.0047128 -0.7719304 0.0053803
5
-114.697     ts77     dynamics     sesquiterpene     TS     runpoint      9     runisomer      141
6 -0.0629768 0.7098449 -0.0311651
1 -0.1989588 1.0323584 0.8797942
1 -0.4653613 1.2766836 -0.8651348
1 0.8992936 -0.8194704 0.2716150
8 0.0044859 -0.7634878 0.0053415
5
-114.697     ts77     dynamics     sesquiterpene     TS     runpoint      10     runisomer      141
6 -0.0683067 0.7184585 -0.0333507
1 -0.1934209 0.9979193 0.8757407
1 -0.4954700 1.2203910 -0.8550283
1 0.8546243 -0.9933245 0.3059457
8 0.0128466 -0.7532778 0.0044371
5
-114.694     ts77     dynamics     sesquiterpene     TS     runpoint      11     runisomer      141
6 -0.0723503 0.7229245 -0.0385829
1 -0.1949405 0.9902404 0.9283432
1 -0.5302746 1.1634383 -0.8545522
1 0.8295756 -1.1702844 0.3486770
8 0.0197469 -0.7414046 0.0023249
5
-114.699     ts77     dynamics     sesquiterpene     TS     runpoint      12     runisomer      141
6 -0.0746234 0.7234633 -0.0436405
1 -0.2003350 1.0015312 1.0074692
1 -0.5740156 1.1100795 -0.8689284
1 0.7999437 -1.3338660 0.3905883
8 0.0264154 -0.7288500 -0.0006017
5
-114.69     ts77     dynamics     sesquiterpene     TS     runpoint      13     runisomer      141
6 -0.0751419 0.7208847 -0.0457868
1 -0.2065658 1.0232181 1.0795885
1 -0.6266935 1.0601156 -0.8951916
1 0.7495568 -1.4642826 0.4230298
8 0.0336906 -0.7169157 -0.0039267
5
-114.67     ts77     dynamics     sesquiterpene     TS     runpoint      14     runisomer      141
6 -0.0743463 0.7160486 -0.0442239
1 -0.2123380 1.0497569 1.1258305
1 -0.6831580 1.0107015 -0.9229596
1 0.6756540 -1.5489449 0.4425816
8 0.0416721 -0.7065110 -0.0074972
5
-114.653     ts77     dynamics     sesquiterpene     TS     runpoint      15     runisomer      141
6 -0.0728803 0.7096395 -0.0392552
1 -0.2173042 1.0775805 1.1385251
1 -0.7363479 0.9597981 -0.9408089
1 0.5810631 -1.5817383 0.4490181
8 0.0501970 -0.6981809 -0.0113069
5
-114.65     ts77     dynamics     sesquiterpene     TS     runpoint      16     runisomer      141
6 -0.0714088 0.7021084 -0.0314925
1 -0.2213585 1.1041188 1.1162201
1 -0.7803256 0.9076630 -0.9407573
1 0.4704150 -1.5613914 0.4439693
8 0.0590919 -0.6921985 -0.0154118
5
-114.661     ts77     dynamics     sesquiterpene     TS     runpoint      17     runisomer      141
6 -0.0705620 0.6936677 -0.0216451
1 -0.2243323 1.1275866 1.0618108
1 -0.8111946 0.8566181 -0.9192330
1 0.3508927 -1.4950643 0.4325931
8 0.0681201 -0.6883079 -0.0200133
5
-114.677     ts77     dynamics     sesquiterpene     TS     runpoint      18     runisomer      141
6 -0.0708682 0.6843031 -0.0106306
1 -0.2261158 1.1476774 0.9835742
1 -0.8271982 0.8102568 -0.8768004
1 0.2346520 -1.4106768 0.4310095
8 0.0767948 -0.6849434 -0.0259222
5
-114.677     ts77     dynamics     sesquiterpene     TS     runpoint      19     runisomer      141
6 -0.0726094 0.6737514 0.0002055
1 -0.2272446 1.1676022 0.8981030
1 -0.8292773 0.7726838 -0.8181936
1 0.1327440 -1.3641505 0.4751609
8 0.0847252 -0.6788456 -0.0351428
5
-114.677     ts77     dynamics     sesquiterpene     TS     runpoint      20     runisomer      141
6 -0.0756451 0.6615825 0.0091699
1 -0.2293549 1.1962435 0.8305791
1 -0.8223635 0.7479680 -0.7528869
1 0.0370015 -1.3675754 0.5788505
8 0.0927333 -0.6697482 -0.0482633
5
-114.688     ts77     dynamics     sesquiterpene     TS     runpoint      21     runisomer      141
6 -0.0794389 0.6476559 0.0152721
1 -0.2334510 1.2434272 0.8022431
1 -0.8164201 0.7396239 -0.6949077
1 -0.0580565 -1.3684058 0.7000065
8 0.1014528 -0.6616935 -0.0623439
5
-114.68     ts77     dynamics     sesquiterpene     TS     runpoint      22     runisomer      141
6 -0.0834788 0.6329654 0.0194784
1 -0.2365147 1.3062512 0.8116692
1 -0.8240809 0.7500744 -0.6588880
1 -0.1465363 -1.3395511 0.8042640
8 0.1107350 -0.6571074 -0.0749338
5
-114.668     ts77     dynamics     sesquiterpene     TS     runpoint      23     runisomer      141
6 -0.0878306 0.6194618 0.0234437
1 -0.2331116 1.3689407 0.8411782
1 -0.8518763 0.7797979 -0.6509850
1 -0.2226188 -1.2789674 0.8767489
8 0.1203308 -0.6566163 -0.0848356
5
-114.659     ts77     dynamics     sesquiterpene     TS     runpoint      24     runisomer      141
6 -0.0933322 0.6090017 0.0276262
1 -0.2195528 1.4160963 0.8747758
1 -0.8933424 0.8257655 -0.6639948
1 -0.2826229 -1.1930423 0.9119862
8 0.1299975 -0.6600491 -0.0914932
5
-114.655     ts77     dynamics     sesquiterpene     TS     runpoint      25     runisomer      141
6 -0.1010028 0.6029784 0.0314756
1 -0.1949007 1.4383147 0.9031091
1 -0.9351260 0.8815673 -0.6845400
1 -0.3237104 -1.0897475 0.9075475
8 0.1394220 -0.6669532 -0.0945942
5
-114.657     ts77     dynamics     sesquiterpene     TS     runpoint      26     runisomer      141
6 -0.1114227 0.6023240 0.0343015
1 -0.1601024 1.4312925 0.9215571
1 -0.9660085 0.9398471 -0.7014769
1 -0.3431800 -0.9773868 0.8623684
8 0.1482199 -0.6767708 -0.0939638
5
-114.665     ts77     dynamics     sesquiterpene     TS     runpoint      27     runisomer      141
6 -0.1246576 0.6074003 0.0356063
1 -0.1169048 1.3945294 0.9283636
1 -0.9795541 0.9943605 -0.7082145
1 -0.3405622 -0.8661965 0.7807795
8 0.1561163 -0.6887030 -0.0898074
5
-114.678     ts77     dynamics     sesquiterpene     TS     runpoint      28     runisomer      141
6 -0.1403965 0.6178758 0.0350156
1 -0.0671320 1.3312483 0.9242810
1 -0.9732735 1.0407476 -0.7019754
1 -0.3245137 -0.7703702 0.6834452
8 0.1633804 -0.7015352 -0.0833681
5
-114.677     ts77     dynamics     sesquiterpene     TS     runpoint      29     runisomer      141
6 -0.1580282 0.6328040 0.0321000
1 -0.0122787 1.2491117 0.9138461
1 -0.9479172 1.0767822 -0.6830607
1 -0.3236628 -0.7050276 0.6198743
8 0.1714990 -0.7139459 -0.0777098
5
-114.665     ts77     dynamics     sesquiterpene     TS     runpoint      30     runisomer      141
6 -0.1767072 0.6506421 0.0264256
1 0.0471614 1.1601902 0.9067310
1 -0.9080123 1.1030152 -0.6551902
1 -0.3694812 -0.6740807 0.6337933
8 0.1821393 -0.7253280 -0.0756387
5
-114.677     ts77     dynamics     sesquiterpene     TS     runpoint      31     runisomer      141
6 -0.1953518 0.6692770 0.0181840
1 0.1120509 1.0771951 0.9140196
1 -0.8634171 1.1242677 -0.6269656
1 -0.4414713 -0.6736735 0.6921861
8 0.1937635 -0.7354433 -0.0753735
5
-114.68     ts77     dynamics     sesquiterpene     TS     runpoint      32     runisomer      141
6 -0.2124002 0.6865824 0.0090465
1 0.1817983 1.0068600 0.9373801
1 -0.8294387 1.1506476 -0.6126353
1 -0.5059420 -0.6992827 0.7494957
8 0.2040802 -0.7440420 -0.0745061
5
-114.665     ts77     dynamics     sesquiterpene     TS     runpoint      33     runisomer      141
6 -0.2260992 0.7010199 0.0016594
1 0.2509058 0.9501377 0.9656232
1 -0.8193459 1.1931058 -0.6256689
1 -0.5456651 -0.7452853 0.7836629
8 0.2118695 -0.7510758 -0.0720757
5
-114.651     ts77     dynamics     sesquiterpene     TS     runpoint      34     runisomer      141
6 -0.2358210 0.7121984 -0.0025165
1 0.3115267 0.9074088 0.9850400
1 -0.8310260 1.2520793 -0.6649372
1 -0.5539146 -0.8066799 0.7865248
8 0.2165999 -0.7566169 -0.0678745
5
-114.648     ts77     dynamics     sesquiterpene     TS     runpoint      35     runisomer      141
6 -0.2422131 0.7207754 -0.0037850
1 0.3575222 0.8799858 0.9869701
1 -0.8493329 1.3159432 -0.7150405
1 -0.5287858 -0.8792076 0.7561092
8 0.2180677 -0.7607780 -0.0619743
5
-114.65     ts77     dynamics     sesquiterpene     TS     runpoint      36     runisomer      141
6 -0.2461353 0.7275256 -0.0030099
1 0.3857078 0.8693873 0.9682536
1 -0.8601057 1.3716923 -0.7602806
1 -0.4725976 -0.9588278 0.6951818
8 0.2163735 -0.7636707 -0.0546889
5
-114.656     ts77     dynamics     sesquiterpene     TS     runpoint      37     runisomer      141
6 -0.2482186 0.7328326 -0.0009210
1 0.3958106 0.8768578 0.9299709
1 -0.8554239 1.4106642 -0.7910075
1 -0.3962607 -1.0429556 0.6153714
8 0.2121968 -0.7652778 -0.0468815
5
-114.659     ts77     dynamics     sesquiterpene     TS     runpoint      38     runisomer      141
6 -0.2489974 0.7366648 0.0018785
1 0.3907751 0.9033405 0.8770807
1 -0.8323334 1.4282593 -0.8028808
1 -0.3270441 -1.1370469 0.5450620
8 0.2072831 -0.7650014 -0.0404743
5
-114.654     ts77     dynamics     sesquiterpene     TS     runpoint      39     runisomer      141
6 -0.2491173 0.7386652 0.0047311
1 0.3776094 0.9496692 0.8189044
1 -0.7912338 1.4227852 -0.7954601
1 -0.2964475 -1.2582484 0.5162250
8 0.2036866 -0.7614384 -0.0376008
5
-114.665     ts77     dynamics     sesquiterpene     TS     runpoint      40     runisomer      141
6 -0.2493510 0.7382382 0.0069455
1 0.3669929 1.0167622 0.7682189
1 -0.7355312 1.3954649 -0.7723002
1 -0.2942288 -1.3992287 0.5148564
8 0.2008837 -0.7547399 -0.0374443
5
-114.676     ts77     dynamics     sesquiterpene     TS     runpoint      41     runisomer      141
6 -0.2500724 0.7345787 0.0084712
1 0.3680682 1.1045294 0.7348760
1 -0.6723599 1.3517365 -0.7428248
1 -0.2942023 -1.5268618 0.5098557
8 0.1973776 -0.7467269 -0.0380313
5
-114.671     ts77     dynamics     sesquiterpene     TS     runpoint      42     runisomer      141
6 -0.2505287 0.7268557 0.0108309
1 0.3805289 1.2078834 0.7173567
1 -0.6129561 1.3028406 -0.7247143
1 -0.2853454 -1.6181589 0.4879666
8 0.1926373 -0.7386108 -0.0384612
5
-114.66     ts77     dynamics     sesquiterpene     TS     runpoint      43     runisomer      141
6 -0.2492588 0.7146424 0.0165906
1 0.3957235 1.3151679 0.7056333
1 -0.5687421 1.2625858 -0.7400058
1 -0.2659780 -1.6628687 0.4472957
8 0.1867228 -0.7308536 -0.0385186
5
-114.656     ts77     dynamics     sesquiterpene     TS     runpoint      44     runisomer      141
6 -0.2455637 0.6986566 0.0270284
1 0.4049651 1.4130299 0.6907396
1 -0.5421978 1.2343521 -0.7969280
1 -0.2374496 -1.6573715 0.3900581
8 0.1799007 -0.7235948 -0.0382195
5
-114.665     ts77     dynamics     sesquiterpene     TS     runpoint      45     runisomer      141
6 -0.2399418 0.6807919 0.0409244
1 0.4035629 1.4908489 0.6682992
1 -0.5257903 1.2068313 -0.8791613
1 -0.2027087 -1.6033548 0.3207511
8 0.1725509 -0.7167648 -0.0376855
5
-114.676     ts77     dynamics     sesquiterpene     TS     runpoint      46     runisomer      141
6 -0.2332350 0.6628368 0.0560418
1 0.3903865 1.5416595 0.6374707
1 -0.5113991 1.1681700 -0.9624956
1 -0.1690230 -1.5150501 0.2482690
8 0.1653225 -0.7096240 -0.0372707
5
-114.674     ts77     dynamics     sesquiterpene     TS     runpoint      47     runisomer      141
6 -0.2261269 0.6458558 0.0704462
1 0.3665991 1.5617311 0.5996157
1 -0.4949195 1.1137216 -1.0292009
1 -0.1557524 -1.4383643 0.1908256
8 0.1596175 -0.6995499 -0.0378731
5
-114.651     ts77     dynamics     sesquiterpene     TS     runpoint      48     runisomer      141
6 -0.2192039 0.6304031 0.0827092
1 0.3350205 1.5505476 0.5577538
1 -0.4755349 1.0445954 -1.0695289
1 -0.1922430 -1.4420174 0.1689116
8 0.1574949 -0.6826660 -0.0405170
5
-114.66     ts77     dynamics     sesquiterpene     TS     runpoint      49     runisomer      141
6 -0.2131817 0.6168469 0.0917761
1 0.3003258 1.5119443 0.5167530
1 -0.4543764 0.9652551 -1.0795848
1 -0.2681561 -1.4996152 0.1715645
8 0.1586163 -0.6614348 -0.0442729
5
-114.673     ts77     dynamics     sesquiterpene     TS     runpoint      50     runisomer      141
6 -0.2090066 0.6052732 0.0967877
1 0.2698385 1.4562305 0.4839960
1 -0.4338418 0.8822000 -1.0598329
1 -0.3511584 -1.5452335 0.1797538
8 0.1613433 -0.6411338 -0.0477330
5
-114.664     ts77     dynamics     sesquiterpene     TS     runpoint      51     runisomer      141
6 -0.2077894 0.5951811 0.0970121
1 0.2539709 1.4014636 0.4696039
1 -0.4174459 0.8034550 -1.0149995
1 -0.4233101 -1.5511556 0.1856739
8 0.1649447 -0.6247772 -0.0501955
5
-114.649     ts77     dynamics     sesquiterpene     TS     runpoint      52     runisomer      141
6 -0.2104528 0.5858870 0.0922357
1 0.2629252 1.3668959 0.4832889
1 -0.4099466 0.7383920 -0.9557364
1 -0.4767906 -1.5122312 0.1868355
8 0.1692793 -0.6139793 -0.0512861
5
-114.644     ts77     dynamics     sesquiterpene     TS     runpoint      53     runisomer      141
6 -0.2169525 0.5778513 0.0837528
1 0.2976599 1.3562508 0.5261178
1 -0.4174409 0.6970506 -0.9013735
1 -0.5076177 -1.4312624 0.1820351
8 0.1743834 -0.6097762 -0.0507465
5
-114.652     ts77     dynamics     sesquiterpene     TS     runpoint      54     runisomer      141
6 -0.2259883 0.5727460 0.0745572
1 0.3469428 1.3551471 0.5869938
1 -0.4465244 0.6879881 -0.8777065
1 -0.5148330 -1.3161634 0.1706636
8 0.1803450 -0.6125575 -0.0484623
5
-114.666     ts77     dynamics     sesquiterpene     TS     runpoint      55     runisomer      141
6 -0.2358851 0.5719098 0.0671671
1 0.3964002 1.3480838 0.6505510
1 -0.5003383 0.7144145 -0.8983193
1 -0.5071788 -1.1858778 0.1547639
8 0.1875642 -0.6213602 -0.0446255
5
-114.677     ts77     dynamics     sesquiterpene     TS     runpoint      56     runisomer      141
6 -0.2455079 0.5757976 0.0615376
1 0.4352726 1.3273260 0.7046113
1 -0.5734876 0.7714334 -0.9472368
1 -0.5172698 -1.0771241 0.1426587
8 0.1975807 -0.6334138 -0.0399680
5
-114.674     ts77     dynamics     sesquiterpene     TS     runpoint      57     runisomer      141
6 -0.2543011 0.5843398 0.0563135
1 0.4571714 1.2916519 0.7417248
1 -0.6546515 0.8484504 -0.9962239
1 -0.5852886 -1.0196107 0.1429143
8 0.2121999 -0.6460511 -0.0353202
5
-114.682     ts77     dynamics     sesquiterpene     TS     runpoint      58     runisomer      141
6 -0.2619996 0.5970567 0.0505430
1 0.4592166 1.2437524 0.7583453
1 -0.7329301 0.9343481 -1.0253427
1 -0.6864875 -0.9974025 0.1478264
8 0.2291576 -0.6593847 -0.0305156
5
-114.683     ts77     dynamics     sesquiterpene     TS     runpoint      59     runisomer      141
6 -0.2685335 0.6130323 0.0438506
1 0.4415483 1.1888297 0.7542738
1 -0.8003628 1.0201293 -1.0252326
1 -0.7742274 -0.9896220 0.1476299
8 0.2449524 -0.6738047 -0.0252369
5
-114.673     ts77     dynamics     sesquiterpene     TS     runpoint      60     runisomer      141
6 -0.2740849 0.6310875 0.0360243
1 0.4078444 1.1344550 0.7332878
1 -0.8517695 1.0990167 -0.9930985
1 -0.8248216 -0.9877485 0.1390273
8 0.2576685 -0.6890138 -0.0195290
5
-114.664     ts77     dynamics     sesquiterpene     TS     runpoint      61     runisomer      141
6 -0.2792199 0.6499231 0.0266317
1 0.3668450 1.0908806 0.7048676
1 -0.8842137 1.1659248 -0.9299662
1 -0.8301159 -0.9892304 0.1220166
8 0.2664843 -0.7045218 -0.0136017
5
-114.661     ts77     dynamics     sesquiterpene     TS     runpoint      62     runisomer      141
6 -0.2848448 0.6682012 0.0149562
1 0.3324627 1.0698581 0.6845916
1 -0.8971572 1.2173511 -0.8401917
1 -0.7891056 -0.9939733 0.0977766
8 0.2711032 -0.7198522 -0.0076978
5
-114.666     ts77     dynamics     sesquiterpene     TS     runpoint      63     runisomer      141
6 -0.2914596 0.6848359 0.0007307
1 0.3168201 1.0791209 0.6868891
1 -0.8939429 1.2524772 -0.7329669
1 -0.7071757 -1.0038912 0.0681619
8 0.2716873 -0.7345044 -0.0020647
5
-114.678     ts77     dynamics     sesquiterpene     TS     runpoint      64     runisomer      141
6 -0.2979162 0.6992110 -0.0145136
1 0.3188735 1.1154993 0.7117479
1 -0.8849842 1.2762682 -0.6248876
1 -0.6036461 -1.0248265 0.0358333
8 0.2693138 -0.7477606 0.0030285
5
-114.674     ts77     dynamics     sesquiterpene     TS     runpoint      65     runisomer      141
6 -0.3014548 0.7106425 -0.0276251
1 0.3268625 1.1671686 0.7455268
1 -0.8898684 1.3024753 -0.5387148
1 -0.5262473 -1.0717540 0.0033713
8 0.2668973 -0.7582878 0.0073487
5
-114.651     ts77     dynamics     sesquiterpene     TS     runpoint      66     runisomer      141
6 -0.2995900 0.7184169 -0.0361230
1 0.3301547 1.2218063 0.7739606
1 -0.9272231 1.3447443 -0.4893173
1 -0.5260194 -1.1645675 -0.0307522
8 0.2676302 -0.7643783 0.0109668
5
-114.659     ts77     dynamics     sesquiterpene     TS     runpoint      67     runisomer      141
6 -0.2921998 0.7232891 -0.0399332
1 0.3236342 1.2704821 0.7884119
1 -0.9943845 1.3965472 -0.4697468
1 -0.5687601 -1.2883201 -0.0686724
8 0.2694216 -0.7665665 0.0140678
5
-114.668     ts77     dynamics     sesquiterpene     TS     runpoint      68     runisomer      141
6 -0.2809268 0.7270180 -0.0402712
1 0.3063878 1.3076875 0.7855050
1 -1.0727266 1.4378508 -0.4639820
1 -0.6016068 -1.4089734 -0.1071868
8 0.2690575 -0.7667095 0.0165654
5
-114.656     ts77     dynamics     sesquiterpene     TS     runpoint      69     runisomer      141
6 -0.2674932 0.7307903 -0.0383374
1 0.2801973 1.3308354 0.7659427
1 -1.1456794 1.4538055 -0.4607477
1 -0.6035427 -1.5051607 -0.1426537
8 0.2653492 -0.7659439 0.0183746
5
-114.642     ts77     dynamics     sesquiterpene     TS     runpoint      70     runisomer      141
6 -0.2532843 0.7348697 -0.0352033
1 0.2491828 1.3404712 0.7343224
1 -1.2032466 1.4380388 -0.4542779
1 -0.5708872 -1.5664355 -0.1726963
8 0.2582137 -0.7647586 0.0194990
5
-114.637     ts77     dynamics     sesquiterpene     TS     runpoint      71     runisomer      141
6 -0.2395454 0.7387732 -0.0320356
1 0.2200297 1.3410504 0.6995820
1 -1.2399693 1.3894832 -0.4419524
1 -0.5062408 -1.5875632 -0.1959168
8 0.2479855 -0.7633344 0.0199957
5
-114.643     ts77     dynamics     sesquiterpene     TS     runpoint      72     runisomer      141
6 -0.2274725 0.7414530 -0.0301526
1 0.2013615 1.3408642 0.6742781
1 -1.2531606 1.3100250 -0.4228739
1 -0.4158313 -1.5670276 -0.2119578
8 0.2352417 -0.7616213 0.0199836
5
-114.659     ts77     dynamics     sesquiterpene     TS     runpoint      73     runisomer      141
6 -0.2179175 0.7416820 -0.0306189
1 0.2003505 1.3481213 0.6694060
1 -1.2428157 1.2038115 -0.3974572
1 -0.3122669 -1.5114404 -0.2230319
8 0.2209615 -0.7590610 0.0197344
5
-114.675     ts77     dynamics     sesquiterpene     TS     runpoint      74     runisomer      141
6 -0.2107780 0.7386428 -0.0335106
1 0.2176130 1.3637110 0.6859978
1 -1.2134447 1.0776734 -0.3677262
1 -0.2221419 -1.4497281 -0.2392182
8 0.2069904 -0.7537045 0.0200016
5
-114.672     ts77     dynamics     sesquiterpene     TS     runpoint      75     runisomer      141
6 -0.2046598 0.7320698 -0.0377794
1 0.2465646 1.3800842 0.7141158
1 -1.1777574 0.9416103 -0.3379713
1 -0.1838110 -1.4405153 -0.2844813
8 0.1959135 -0.7418136 0.0224070
5
-114.675     ts77     dynamics     sesquiterpene     TS     runpoint      76     runisomer      141
6 -0.1972681 0.7220182 -0.0419945
1 0.2780604 1.3880935 0.7409878
1 -1.1578399 0.8068236 -0.3142241
1 -0.1954005 -1.4883624 -0.3663770
8 0.1878612 -0.7232712 0.0275379
5
-114.689     ts77     dynamics     sesquiterpene     TS     runpoint      77     runisomer      141
6 -0.1869522 0.7089672 -0.0452852
1 0.3044764 1.3818946 0.7574884
1 -1.1716732 0.6806824 -0.2997714
1 -0.2221999 -1.5329489 -0.4591140
8 0.1810193 -0.7023329 0.0338967
5
-114.685     ts77     dynamics     sesquiterpene     TS     runpoint      78     runisomer      141
6 -0.1744593 0.6936250 -0.0477911
1 0.3212426 1.3594612 0.7595462
1 -1.2132443 0.5675736 -0.2908943
1 -0.2456000 -1.5400316 -0.5424758
8 0.1746856 -0.6818376 0.0403385
5
-114.675     ts77     dynamics     sesquiterpene     TS     runpoint      79     runisomer      141
6 -0.1620417 0.6764482 -0.0501858
1 0.3268528 1.3219780 0.7473320
1 -1.2618753 0.4740097 -0.2813467
1 -0.2588560 -1.4999140 -0.6067218
8 0.1689185 -0.6632237 0.0463501
