5
-114.654160 ts77 dynamics sesquiterpene TS runpoint 1  runisomer  165
6 -0.0394818 0.6246451 -0.0083426
1 -0.1749256 1.1977935 1.0387273
1 -0.2716035 1.0948459 -0.9544196
1 0.9550581 -0.0714264 0.1089631
8 -0.0303762 -0.7456690 -0.0059186
5
-114.645 ts77 dynamics sesquiterpene TS runpoint 2  runisomer  165
6 -0.0347414 0.621377 -0.000335342
1 -0.160566 1.15158 0.979297
1 -0.292099 1.03921 -0.966231
1 0.915924 -0.0537245 0.12673
8 -0.0310805 -0.737915 -0.00855665
5
-114.648     ts77     dynamics     sesquiterpene     TS     runpoint      3     runisomer      165
6 -0.0304836 0.6193748 0.0081119
1 -0.1495117 1.1027638 0.9093508
1 -0.3127500 0.9908991 -0.9756251
1 0.8956965 -0.0357967 0.1431060
8 -0.0323963 -0.7314228 -0.0109263
5
-114.642     ts77     dynamics     sesquiterpene     TS     runpoint      4     runisomer      165
6 -0.0268901 0.6178171 0.0142838
1 -0.1464903 1.0677631 0.8573640
1 -0.3321822 0.9524921 -0.9805222
1 0.9024441 -0.0180306 0.1582457
8 -0.0344838 -0.7267484 -0.0129251
5
-114.629     ts77     dynamics     sesquiterpene     TS     runpoint      5     runisomer      165
6 -0.0235588 0.6152662 0.0152572
1 -0.1572117 1.0648426 0.8560694
1 -0.3491629 0.9263148 -0.9795921
1 0.9367328 0.0019636 0.1714425
8 -0.0373987 -0.7242606 -0.0144625
5
-114.63     ts77     dynamics     sesquiterpene     TS     runpoint      6     runisomer      165
6 -0.0198790 0.6112756 0.0111277
1 -0.1827858 1.0943291 0.9055466
1 -0.3630565 0.9143902 -0.9735150
1 0.9920203 0.0300732 0.1811981
8 -0.0411577 -0.7241453 -0.0154796
5
-114.644     ts77     dynamics     sesquiterpene     TS     runpoint      7     runisomer      165
6 -0.0153835 0.6065688 0.0049966
1 -0.2178376 1.1383842 0.9730505
1 -0.3737773 0.9180944 -0.9647638
1 1.0585852 0.0743599 0.1857534
8 -0.0458422 -0.7264131 -0.0159714
5
-114.651     ts77     dynamics     sesquiterpene     TS     runpoint      8     runisomer      165
6 -0.0096466 0.6016150 -0.0003491
1 -0.2559206 1.1808064 1.0302304
1 -0.3812469 0.9376486 -0.9558969
1 1.1270439 0.1421307 0.1835976
8 -0.0515913 -0.7308712 -0.0159848
5
-114.653     ts77     dynamics     sesquiterpene     TS     runpoint      9     runisomer      165
6 -0.0023385 0.5964762 -0.0034786
1 -0.2922970 1.2125515 1.0630844
1 -0.3848879 0.9716163 -0.9478035
1 1.1892187 0.2368487 0.1737163
8 -0.0584718 -0.7371236 -0.0155935
5
-114.656     ts77     dynamics     sesquiterpene     TS     runpoint      10     runisomer      165
6 0.0066818 0.5912844 -0.0039680
1 -0.3238296 1.2290440 1.0666829
1 -0.3835630 1.0166482 -0.9390764
1 1.2375946 0.3570267 0.1556839
8 -0.0663866 -0.7446779 -0.0148675
5
-114.664     ts77     dynamics     sesquiterpene     TS     runpoint      11     runisomer      165
6 0.0174022 0.5864963 -0.0019613
1 -0.3484364 1.2278607 1.0407182
1 -0.3760213 1.0677599 -0.9269299
1 1.2655150 0.4972506 0.1298140
8 -0.0751160 -0.7530677 -0.0138731
5
-114.675     ts77     dynamics     sesquiterpene     TS     runpoint      12     runisomer      165
6 0.0297078 0.5828542 0.0021048
1 -0.3648531 1.2079325 0.9878736
1 -0.3615691 1.1191229 -0.9089395
1 1.2682654 0.6496458 0.0972897
8 -0.0844002 -0.7619195 -0.0126779
5
-114.688     ts77     dynamics     sesquiterpene     TS     runpoint      13     runisomer      165
6 0.0434257 0.5811570 0.0075825
1 -0.3730333 1.1700218 0.9143394
1 -0.3406258 1.1650822 -0.8844898
1 1.2442479 0.8050506 0.0601814
8 -0.0939845 -0.7709472 -0.0113564
5
-114.697     ts77     dynamics     sesquiterpene     TS     runpoint      14     runisomer      165
6 0.0584095 0.5818900 0.0134972
1 -0.3756641 1.1185915 0.8322006
1 -0.3149712 1.2010491 -0.8554730
1 1.1957744 0.9541110 0.0212564
8 -0.1036249 -0.7799158 -0.0099925
5
-114.696     ts77     dynamics     sesquiterpene     TS     runpoint      15     runisomer      165
6 0.0747721 0.5847541 0.0186082
1 -0.3815492 1.0651967 0.7621393
1 -0.2872459 1.2234846 -0.8265415
1 1.1291793 1.0888143 -0.0175579
8 -0.1130825 -0.7886029 -0.0087903
5
-114.654160 ts77 dynamics sesquiterpene TS runpoint 1  runisomer  165
6 -0.0394818 0.6246451 -0.0083426
1 -0.1749256 1.1977935 1.0387273
1 -0.2716035 1.0948459 -0.9544196
1 0.9550581 -0.0714264 0.1089631
8 -0.0303762 -0.7456690 -0.0059186
5
-114.645 ts77 dynamics sesquiterpene TS runpoint 2  runisomer  165
6 -0.0441813 0.629227 -0.014397
1 -0.189857 1.23233 1.07321
1 -0.252265 1.15471 -0.94161
1 1.00132 -0.0873944 0.089332
8 -0.0300429 -0.754049 -0.00311903
5
-114.639     ts77     dynamics     sesquiterpene     TS     runpoint      3     runisomer      165
6 -0.0483127 0.6349026 -0.0178625
1 -0.2038162 1.2508273 1.0772951
1 -0.2344847 1.2149031 -0.9279068
1 1.0435950 -0.1001283 0.0676074
8 -0.0298473 -0.7624636 -0.0002702
5
-114.634     ts77     dynamics     sesquiterpene     TS     runpoint      4     runisomer      165
6 -0.0515063 0.6414790 -0.0186259
1 -0.2158797 1.2513982 1.0504159
1 -0.2182053 1.2709097 -0.9125326
1 1.0736843 -0.1085592 0.0439812
8 -0.0296124 -0.7704320 0.0025166
5
-114.633     ts77     dynamics     sesquiterpene     TS     runpoint      5     runisomer      165
6 -0.0535517 0.6488006 -0.0169230
1 -0.2256203 1.2340612 0.9958314
1 -0.2031847 1.3182190 -0.8948747
1 1.0866242 -0.1122022 0.0189962
8 -0.0292243 -0.7775846 0.0051413
5
-114.635     ts77     dynamics     sesquiterpene     TS     runpoint      6     runisomer      165
6 -0.0543415 0.6565755 -0.0134119
1 -0.2334782 1.2017655 0.9223993
1 -0.1892013 1.3531707 -0.8753820
1 1.0802341 -0.1112421 -0.0065799
8 -0.0286140 -0.7836463 0.0075176
5
-114.638     ts77     dynamics     sesquiterpene     TS     runpoint      7     runisomer      165
6 -0.0537465 0.6640558 -0.0095053
1 -0.2419055 1.1631264 0.8490002
1 -0.1761269 1.3736291 -0.8559075
1 1.0547403 -0.1065657 -0.0318572
8 -0.0277465 -0.7884067 0.0095784
5
-114.634     ts77     dynamics     sesquiterpene     TS     runpoint      8     runisomer      165
6 -0.0514838 0.6698332 -0.0075845
1 -0.2568367 1.1342553 0.8070702
1 -0.1639666 1.3793624 -0.8395045
1 1.0128160 -0.0997081 -0.0559305
8 -0.0266290 -0.7917157 0.0112631
5
-114.627     ts77     dynamics     sesquiterpene     TS     runpoint      9     runisomer      165
6 -0.0473488 0.6726718 -0.0095486
1 -0.2849200 1.1290198 0.8230670
1 -0.1529270 1.3720925 -0.8299270
1 0.9600971 -0.0927200 -0.0780423
8 -0.0253362 -0.7934988 0.0125181
5
-114.634     ts77     dynamics     sesquiterpene     TS     runpoint      10     runisomer      165
6 -0.0420100 0.6730599 -0.0141013
1 -0.3241325 1.1414962 0.8858463
1 -0.1435295 1.3551277 -0.8309732
1 0.9057332 -0.0881368 -0.0978136
8 -0.0240379 -0.7937966 0.0132892
5
-114.642     ts77     dynamics     sesquiterpene     TS     runpoint      11     runisomer      165
6 -0.0368770 0.6724602 -0.0181222
1 -0.3650102 1.1558301 0.9616587
1 -0.1365657 1.3322609 -0.8452572
1 0.8616147 -0.0891197 -0.1154632
8 -0.0229729 -0.7927484 0.0135409
5
-114.64     ts77     dynamics     sesquiterpene     TS     runpoint      12     runisomer      165
6 -0.0332306 0.6719997 -0.0194039
1 -0.3994951 1.1621227 1.0248745
1 -0.1327556 1.3061203 -0.8726599
1 0.8390647 -0.0992652 -0.1317541
8 -0.0223557 -0.7905136 0.0132728
5
-114.634     ts77     dynamics     sesquiterpene     TS     runpoint      13     runisomer      165
6 -0.0318129 0.6723005 -0.0171075
1 -0.4232561 1.1570301 1.0622750
1 -0.1323779 1.2771701 -0.9095167
1 0.8438169 -0.1218145 -0.1474875
8 -0.0222473 -0.7871746 0.0125074
5
-114.632     ts77     dynamics     sesquiterpene     TS     runpoint      14     runisomer      165
6 -0.0327948 0.6735631 -0.0113312
1 -0.4346543 1.1406011 1.0683626
1 -0.1351676 1.2443265 -0.9493561
1 0.8728015 -0.1593150 -0.1627847
8 -0.0224438 -0.7826554 0.0112630
5
-114.638     ts77     dynamics     sesquiterpene     TS     runpoint      15     runisomer      165
6 -0.0359872 0.6756977 -0.0026962
1 -0.4339442 1.1146595 1.0424394
1 -0.1404745 1.2064882 -0.9848144
1 0.9155088 -0.2146433 -0.1768830
8 -0.0224518 -0.7767522 0.0095404
5
-114.649     ts77     dynamics     sesquiterpene     TS     runpoint      16     runisomer      165
6 -0.0410863 0.6784706 0.0078256
1 -0.4234647 1.0827779 0.9888033
1 -0.1474685 1.1636910 -1.0095363
1 0.9583404 -0.2920499 -0.1886458
8 -0.0215462 -0.7692495 0.0073241
5
-114.662     ts77     dynamics     sesquiterpene     TS     runpoint      17     runisomer      165
6 -0.0476903 0.6814340 0.0187497
1 -0.4090155 1.0515830 0.9201857
1 -0.1553128 1.1175077 -1.0194249
1 0.9887507 -0.3962665 -0.1972187
8 -0.0189247 -0.7600312 0.0046149
5
-114.673     ts77     dynamics     sesquiterpene     TS     runpoint      18     runisomer      165
6 -0.0550004 0.6836105 0.0276939
1 -0.4018885 1.0326596 0.8627117
1 -0.1633533 1.0709884 -1.0134451
1 0.9982216 -0.5291661 -0.2023801
8 -0.0139809 -0.7491667 0.0014746
5
-114.679     ts77     dynamics     sesquiterpene     TS     runpoint      19     runisomer      165
6 -0.0617623 0.6835556 0.0319649
1 -0.4164163 1.0397966 0.8490702
1 -0.1713869 1.0284536 -0.9944613
1 0.9846753 -0.6864476 -0.2047052
8 -0.0066335 -0.7369850 -0.0019189
5
-114.691     ts77     dynamics     sesquiterpene     TS     runpoint      20     runisomer      165
6 -0.0673302 0.6806018 0.0314715
1 -0.4557713 1.0747517 0.8845995
1 -0.1799809 0.9951849 -0.9701073
1 0.9536674 -0.8586294 -0.2056617
8 0.0025172 -0.7240257 -0.0052613
5
-114.708     ts77     dynamics     sesquiterpene     TS     runpoint      21     runisomer      165
6 -0.0721283 0.6754340 0.0292908
1 -0.5072635 1.1228207 0.9400920
1 -0.1905813 0.9766380 -0.9517275
1 0.9140327 -1.0354289 -0.2067721
8 0.0125253 -0.7108689 -0.0082082
5
-114.71     ts77     dynamics     sesquiterpene     TS     runpoint      22     runisomer      165
6 -0.0766079 0.6690527 0.0282956
1 -0.5571263 1.1680648 0.9872798
1 -0.2048901 0.9766185 -0.9488182
1 0.8675515 -1.2063763 -0.2075665
8 0.0228567 -0.6981599 -0.0105664
5
-114.698     ts77     dynamics     sesquiterpene     TS     runpoint      23     runisomer      165
6 -0.0809297 0.6623713 0.0295275
1 -0.5971886 1.2005669 1.0118780
1 -0.2235716 0.9950603 -0.9618362
1 0.8084098 -1.3578676 -0.2055732
8 0.0335261 -0.6868116 -0.0123431
5
-114.68     ts77     dynamics     sesquiterpene     TS     runpoint      24     runisomer      165
6 -0.0851820 0.6562950 0.0325419
1 -0.6236037 1.2152683 1.0091969
1 -0.2455676 1.0276416 -0.9817469
1 0.7325075 -1.4760737 -0.1986111
8 0.0445473 -0.6777854 -0.0136167
5
-114.666     ts77     dynamics     sesquiterpene     TS     runpoint      25     runisomer      165
6 -0.0894758 0.6516707 0.0363346
1 -0.6351022 1.2100112 0.9796539
1 -0.2687109 1.0677871 -0.9968472
1 0.6405886 -1.5513887 -0.1858956
8 0.0557409 -0.6717687 -0.0144482
5
-114.66     ts77     dynamics     sesquiterpene     TS     runpoint      26     runisomer      165
6 -0.0939068 0.6491125 0.0399248
1 -0.6325656 1.1848765 0.9272831
1 -0.2906861 1.1089199 -0.9985702
1 0.5362450 -1.5798963 -0.1679314
8 0.0668626 -0.6690617 -0.0148618
5
-114.663     ts77     dynamics     sesquiterpene     TS     runpoint      27     runisomer      165
6 -0.0984512 0.6487440 0.0423652
1 -0.6199163 1.1430751 0.8609700
1 -0.3094991 1.1457001 -0.9831437
1 0.4251188 -1.5663304 -0.1466388
8 0.0776608 -0.6693238 -0.0148251
5
-114.669     ts77     dynamics     sesquiterpene     TS     runpoint      28     runisomer      165
6 -0.1027303 0.6499007 0.0424209
1 -0.6062839 1.0930868 0.7978584
1 -0.3235533 1.1745362 -0.9512674
1 0.3162248 -1.5326658 -0.1260916
8 0.0877580 -0.6709807 -0.0141907
5
-114.662     ts77     dynamics     sesquiterpene     TS     runpoint      29     runisomer      165
6 -0.1058077 0.6511791 0.0384653
1 -0.6072897 1.0489155 0.7642081
1 -0.3318731 1.1940270 -0.9077460
1 0.2186647 -1.5237090 -0.1124602
8 0.0968006 -0.6709497 -0.0127016
5
-114.65     ts77     dynamics     sesquiterpene     TS     runpoint      30     runisomer      165
6 -0.1069346 0.6514259 0.0297907
1 -0.6356146 1.0207079 0.7798385
1 -0.3346453 1.2056905 -0.8615241
1 0.1282439 -1.5689870 -0.1090002
8 0.1053019 -0.6672407 -0.0103075
5
-114.662     ts77     dynamics     sesquiterpene     TS     runpoint      31     runisomer      165
6 -0.1069277 0.6507700 0.0185158
1 -0.6845115 1.0037169 0.8346698
1 -0.3337091 1.2144708 -0.8249992
1 0.0325777 -1.6351907 -0.1119592
8 0.1143451 -0.6620610 -0.0074170
5
-114.67     ts77     dynamics     sesquiterpene     TS     runpoint      32     runisomer      165
6 -0.1074787 0.6496917 0.0081260
1 -0.7360608 0.9881283 0.9016789
1 -0.3319939 1.2271234 -0.8101488
1 -0.0714784 -1.6798104 -0.1171609
8 0.1244531 -0.6582566 -0.0044502
5
-114.665     ts77     dynamics     sesquiterpene     TS     runpoint      33     runisomer      165
6 -0.1098930 0.6483466 0.0009401
1 -0.7770151 0.9691788 0.9598300
1 -0.3313360 1.2473068 -0.8215140
1 -0.1810692 -1.6830886 -0.1226542
8 0.1357065 -0.6571201 -0.0016586
5
-114.661     ts77     dynamics     sesquiterpene     TS     runpoint      34     runisomer      165
6 -0.1149512 0.6469741 -0.0024644
1 -0.8009979 0.9463029 0.9976550
1 -0.3309232 1.2717705 -0.8527637
1 -0.2916857 -1.6403326 -0.1274538
8 0.1479555 -0.6588849 0.0007849
5
-114.665     ts77     dynamics     sesquiterpene     TS     runpoint      35     runisomer      165
6 -0.1230327 0.6460357 -0.0025380
1 -0.8058951 0.9205969 1.0097690
1 -0.3285145 1.2929000 -0.8915945
1 -0.3983264 -1.5535625 -0.1307195
8 0.1608946 -0.6633610 0.0027317
5
-114.677     ts77     dynamics     sesquiterpene     TS     runpoint      36     runisomer      165
6 -0.1341349 0.6459620 -0.0000085
1 -0.7921462 0.8937643 0.9945322
1 -0.3223080 1.3036564 -0.9264301
1 -0.4967338 -1.4297958 -0.1318134
8 0.1741667 -0.6700918 0.0040605
5
-114.691     ts77     dynamics     sesquiterpene     TS     runpoint      37     runisomer      165
6 -0.1478296 0.6469636 0.0043534
1 -0.7626263 0.8680649 0.9540582
1 -0.3115547 1.2999094 -0.9492756
1 -0.5856131 -1.2816070 -0.1306955
8 0.1875035 -0.6783264 0.0047099
5
-114.704     ts77     dynamics     sesquiterpene     TS     runpoint      38     runisomer      165
6 -0.1631500 0.6489964 0.0095252
1 -0.7241289 0.8468312 0.8967934
1 -0.2964100 1.2805954 -0.9559173
1 -0.6668909 -1.1242734 -0.1278705
8 0.2007388 -0.6872097 0.0046804
5
-114.707     ts77     dynamics     sesquiterpene     TS     runpoint      39     runisomer      165
6 -0.1784257 0.6517258 0.0138118
1 -0.6899666 0.8352996 0.8422663
1 -0.2776916 1.2474486 -0.9458121
1 -0.7397581 -0.9698566 -0.1234447
8 0.2134587 -0.6961734 0.0039855
5
-114.694     ts77     dynamics     sesquiterpene     TS     runpoint      40     runisomer      165
6 -0.1914954 0.6544927 0.0149484
1 -0.6788693 0.8403839 0.8205071
1 -0.2566891 1.2050990 -0.9227993
1 -0.7963571 -0.8267098 -0.1168398
8 0.2248078 -0.7049205 0.0026404
5
-114.677     ts77     dynamics     sesquiterpene     TS     runpoint      41     runisomer      165
6 -0.2011095 0.6565503 0.0122368
1 -0.7000362 0.8658212 0.8482202
1 -0.2348246 1.1615214 -0.8966358
1 -0.8284734 -0.7021727 -0.1078346
8 0.2340014 -0.7131690 0.0007134
5
-114.668     ts77     dynamics     sesquiterpene     TS     runpoint      42     runisomer      165
6 -0.2080912 0.6574263 0.0084246
1 -0.7406995 0.9069193 0.9065010
1 -0.2130723 1.1274826 -0.8828451
1 -0.8344988 -0.6013850 -0.0970896
8 0.2408095 -0.7206227 -0.0016438
5
-114.659     ts77     dynamics     sesquiterpene     TS     runpoint      43     runisomer      165
6 -0.2139509 0.6569282 0.0069708
1 -0.7819789 0.9551804 0.9656456
1 -0.1914529 1.1119302 -0.8948332
1 -0.8200551 -0.5263252 -0.0858705
8 0.2455353 -0.7270413 -0.0042299
5
-114.649     ts77     dynamics     sesquiterpene     TS     runpoint      44     runisomer      165
6 -0.2196211 0.6554605 0.0091719
1 -0.8116985 1.0035904 1.0067267
1 -0.1695895 1.1153006 -0.9309172
1 -0.7952787 -0.4777453 -0.0756658
8 0.2487227 -0.7322649 -0.0068377
5
-114.64     ts77     dynamics     sesquiterpene     TS     runpoint      45     runisomer      165
6 -0.2253257 0.6540601 0.0142523
1 -0.8240921 1.0472993 1.0213846
1 -0.1479488 1.1303372 -0.9749592
1 -0.7714755 -0.4570481 -0.0678889
8 0.2509205 -0.7362205 -0.0092868
5
-114.634     ts77     dynamics     sesquiterpene     TS     runpoint      46     runisomer      165
6 -0.2308873 0.6538133 0.0208323
1 -0.8171846 1.0829847 1.0074484
1 -0.1278595 1.1487409 -1.0095291
1 -0.7575335 -0.4661009 -0.0635887
8 0.2525142 -0.7388752 -0.0114376
5
-114.632     ts77     dynamics     sesquiterpene     TS     runpoint      47     runisomer      165
6 -0.2360062 0.6553797 0.0277084
1 -0.7915906 1.1086243 0.9668584
1 -0.1107110 1.1647333 -1.0233484
1 -0.7566727 -0.5058748 -0.0631656
8 0.2536075 -0.7401690 -0.0131952
5
-114.64     ts77     dynamics     sesquiterpene     TS     runpoint      48     runisomer      165
6 -0.2403066 0.6588289 0.0338155
1 -0.7507954 1.1241504 0.9062297
1 -0.0974096 1.1752208 -1.0115928
1 -0.7652374 -0.5759003 -0.0662547
8 0.2539665 -0.7399848 -0.0145030
5
-114.653     ts77     dynamics     sesquiterpene     TS     runpoint      49     runisomer      165
6 -0.2431640 0.6636044 0.0379174
1 -0.7025664 1.1333465 0.8395395
1 -0.0880991 1.1793077 -0.9748038
1 -0.7743576 -0.6747417 -0.0718729
8 0.2530608 -0.7381783 -0.0153416
5
-114.665     ts77     dynamics     sesquiterpene     TS     runpoint      50     runisomer      165
6 -0.2436151 0.6684211 0.0384702
1 -0.6596692 1.1459988 0.7900386
1 -0.0818273 1.1783982 -0.9190440
1 -0.7735160 -0.7996971 -0.0787137
8 0.2502497 -0.7346602 -0.0157206
5
-114.673     ts77     dynamics     sesquiterpene     TS     runpoint      51     runisomer      165
6 -0.2409179 0.6715005 0.0345363
1 -0.6341995 1.1738956 0.7812082
1 -0.0760565 1.1771841 -0.8574190
1 -0.7541473 -0.9453654 -0.0854042
8 0.2450395 -0.7294747 -0.0156755
5
-114.683     ts77     dynamics     sesquiterpene     TS     runpoint      52     runisomer      165
6 -0.2356359 0.6716704 0.0276678
1 -0.6258319 1.2165776 0.8146011
1 -0.0664079 1.1845424 -0.8101947
1 -0.7115019 -1.1028968 -0.0906461
8 0.2372571 -0.7228306 -0.0152740
5
-114.693     ts77     dynamics     sesquiterpene     TS     runpoint      53     runisomer      165
6 -0.2293671 0.6688492 0.0211873
1 -0.6237190 1.2597556 0.8696753
1 -0.0482475 1.2099019 -0.7959575
1 -0.6444514 -1.2607184 -0.0933426
8 0.2270536 -0.7150912 -0.0146106
5
-114.699     ts77     dynamics     sesquiterpene     TS     runpoint      54     runisomer      165
6 -0.2233888 0.6638073 0.0169638
1 -0.6182807 1.2895333 0.9252036
1 -0.0205898 1.2529446 -0.8149170
1 -0.5546996 -1.4059985 -0.0927417
8 0.2148309 -0.7067449 -0.0137867
5
-114.697     ts77     dynamics     sesquiterpene     TS     runpoint      55     runisomer      165
6 -0.2182221 0.6579123 0.0147100
1 -0.6046679 1.2983076 0.9680149
1 0.0129133 1.3014989 -0.8495072
1 -0.4464958 -1.5265709 -0.0885517
8 0.2011704 -0.6983401 -0.0128801
5
-114.688     ts77     dynamics     sesquiterpene     TS     runpoint      56     runisomer      165
6 -0.2139811 0.6524082 0.0135062
1 -0.5812532 1.2834158 0.9914823
1 0.0473507 1.3418030 -0.8812516
1 -0.3262999 -1.6129896 -0.0809855
8 0.1867717 -0.6903694 -0.0119341
5
-114.676     ts77     dynamics     sesquiterpene     TS     runpoint      57     runisomer      165
6 -0.2106609 0.6480292 0.0126583
1 -0.5482086 1.2453650 0.9933029
1 0.0789734 1.3648623 -0.8987625
1 -0.2017615 -1.6599063 -0.0706743
8 0.1723620 -0.6831854 -0.0109613
5
-114.669     ts77     dynamics     sesquiterpene     TS     runpoint      58     runisomer      165
6 -0.2081884 0.6450288 0.0116658
1 -0.5070086 1.1873708 0.9750870
1 0.1055836 1.3665427 -0.8968927
1 -0.0803569 -1.6667703 -0.0585002
8 0.1585870 -0.6769554 -0.0099558
5
-114.67     ts77     dynamics     sesquiterpene     TS     runpoint      59     runisomer      165
6 -0.2063569 0.6432100 0.0099279
1 -0.4606526 1.1160776 0.9440085
1 0.1263523 1.3463935 -0.8747336
1 0.0318433 -1.6394359 -0.0454850
8 0.1459168 -0.6715523 -0.0089122
5
-114.673     ts77     dynamics     sesquiterpene     TS     runpoint      60     runisomer      165
6 -0.2047753 0.6418420 0.0064760
1 -0.4140852 1.0424666 0.9156908
1 0.1417986 1.3074277 -0.8351702
1 0.1316001 -1.5936699 -0.0327658
8 0.1345400 -0.6663170 -0.0078340
5
-114.671     ts77     dynamics     sesquiterpene     TS     runpoint      61     runisomer      165
6 -0.2030596 0.6397509 0.0002359
1 -0.3730302 0.9797553 0.9125995
1 0.1544612 1.2572113 -0.7862469
1 0.2208744 -1.5551634 -0.0214273
8 0.1242463 -0.6600600 -0.0067565
5
-114.663     ts77     dynamics     sesquiterpene     TS     runpoint      62     runisomer      165
6 -0.2013912 0.6358911 -0.0084418
1 -0.3399632 0.9357468 0.9477552
1 0.1704269 1.2094069 -0.7431447
1 0.3072226 -1.5428028 -0.0120127
8 0.1144661 -0.6521590 -0.0057729
5
-114.66     ts77     dynamics     sesquiterpene     TS     runpoint      63     runisomer      165
6 -0.2006562 0.6298821 -0.0167588
1 -0.3126901 0.9091117 1.0090065
1 0.1992521 1.1813529 -0.7250461
1 0.3961926 -1.5471286 -0.0045542
8 0.1047766 -0.6439335 -0.0050057
5
-114.659     ts77     dynamics     sesquiterpene     TS     runpoint      64     runisomer      165
6 -0.2014504 0.6223625 -0.0219559
1 -0.2883473 0.8957832 1.0726632
1 0.2465273 1.1818562 -0.7396896
1 0.4862254 -1.5434472 0.0008556
8 0.0951906 -0.6377181 -0.0045392
5
-114.659     ts77     dynamics     sesquiterpene     TS     runpoint      65     runisomer      165
6 -0.2031724 0.6151124 -0.0236062
1 -0.2656463 0.8931169 1.1209697
1 0.3058224 1.2028893 -0.7736766
1 0.5733762 -1.5142851 0.0040621
8 0.0858292 -0.6352743 -0.0044081
5
-114.658     ts77     dynamics     sesquiterpene     TS     runpoint      66     runisomer      165
6 -0.2045891 0.6099851 -0.0225672
1 -0.2445402 0.8995733 1.1447857
1 0.3648339 1.2303288 -0.8073817
1 0.6554052 -1.4539690 0.0049947
8 0.0766793 -0.6373650 -0.0046256
5
-114.659     ts77     dynamics     sesquiterpene     TS     runpoint      67     runisomer      165
6 -0.2046430 0.6081033 -0.0196645
1 -0.2256300 0.9139178 1.1408350
1 0.4138230 1.2538501 -0.8277499
1 0.7329504 -1.3654163 0.0036228
8 0.0675588 -0.6439200 -0.0051876
5
-114.664     ts77     dynamics     sesquiterpene     TS     runpoint      68     runisomer      165
6 -0.2026391 0.6098664 -0.0154969
1 -0.2098399 0.9350465 1.1098961
1 0.4471548 1.2677837 -0.8287847
1 0.8099391 -1.2563814 -0.0000931
8 0.0581133 -0.6543238 -0.0060698
5
-114.675     ts77     dynamics     sesquiterpene     TS     runpoint      69     runisomer      165
6 -0.1981963 0.6151644 -0.0106629
1 -0.1982415 0.9623178 1.0569744
1 0.4621930 1.2694791 -0.8089742
1 0.8912041 -1.1344547 -0.0062124
8 0.0479848 -0.6678085 -0.0072287
5
-114.689     ts77     dynamics     sesquiterpene     TS     runpoint      70     runisomer      165
6 -0.1912548 0.6234734 -0.0060116
1 -0.1919045 0.9963143 0.9929145
1 0.4586896 1.2583746 -0.7700033
1 0.9746394 -1.0025204 -0.0147577
8 0.0373457 -0.6838012 -0.0086036
5
-114.702     ts77     dynamics     sesquiterpene     TS     runpoint      71     runisomer      165
6 -0.1821598 0.6338062 -0.0026736
1 -0.1918322 1.0396480 0.9351907
1 0.4393744 1.2362807 -0.7172204
1 1.0472282 -0.8620141 -0.0254814
8 0.0271653 -0.7017476 -0.0101264
5
-114.704     ts77     dynamics     sesquiterpene     TS     runpoint      72     runisomer      165
6 -0.1717780 0.6447143 -0.0014308
1 -0.1991326 1.0958416 0.9024077
1 0.4118465 1.2089599 -0.6615985
1 1.0933448 -0.7191958 -0.0377456
8 0.0186685 -0.7207533 -0.0117296
5
-114.695     ts77     dynamics     sesquiterpene     TS     runpoint      73     runisomer      165
6 -0.1616208 0.6546447 -0.0014348
1 -0.2148641 1.1641023 0.9010742
1 0.3906319 1.1881053 -0.6214897
1 1.1034021 -0.5847299 -0.0507334
8 0.0127472 -0.7396662 -0.0133573
5
-114.681     ts77     dynamics     sesquiterpene     TS     runpoint      74     runisomer      165
6 -0.1535061 0.6626021 -0.0002471
1 -0.2388352 1.2359423 0.9208107
1 0.3929035 1.1879025 -0.6170414
1 1.0754772 -0.4697807 -0.0636672
8 0.0097896 -0.7573952 -0.0149622
5
-114.671     ts77     dynamics     sesquiterpene     TS     runpoint      75     runisomer      165
6 -0.1481894 0.6689726 0.0037134
1 -0.2690266 1.3000051 0.9454990
1 0.4224276 1.2106792 -0.6521441
1 1.0141903 -0.3830937 -0.0759627
8 0.0097094 -0.7731109 -0.0165070
5
-114.67     ts77     dynamics     sesquiterpene     TS     runpoint      76     runisomer      165
6 -0.1449199 0.6753785 0.0099514
1 -0.3025202 1.3474850 0.9627759
1 0.4649788 1.2428750 -0.7094312
1 0.9309147 -0.3294451 -0.0875305
8 0.0119371 -0.7863198 -0.0179424
5
-114.665     ts77     dynamics     sesquiterpene     TS     runpoint      77     runisomer      165
6 -0.1428079 0.6833154 0.0172846
1 -0.3365297 1.3734431 0.9657349
1 0.5043618 1.2697961 -0.7682046
1 0.8458241 -0.3084580 -0.0994870
8 0.0153796 -0.7969307 -0.0191787
5
-114.651     ts77     dynamics     sesquiterpene     TS     runpoint      78     runisomer      165
6 -0.1414943 0.6935807 0.0247887
1 -0.3689793 1.3763480 0.9519713
1 0.5307758 1.2830067 -0.8145707
1 0.7881459 -0.3128985 -0.1149705
8 0.0184135 -0.8053712 -0.0200492
5
-114.637     ts77     dynamics     sesquiterpene     TS     runpoint      79     runisomer      165
6 -0.1408202 0.7062348 0.0317572
1 -0.3988978 1.3578824 0.9231013
1 0.5396287 1.2793165 -0.8409392
1 0.7853608 -0.3311380 -0.1385852
8 0.0194167 -0.8123215 -0.0203130
5
-114.638     ts77     dynamics     sesquiterpene     TS     runpoint      80     runisomer      165
6 -0.1403951 0.7204828 0.0373878
1 -0.4270249 1.3235256 0.8854507
1 0.5292424 1.2590405 -0.8438479
1 0.8387819 -0.3608523 -0.1723182
8 0.0181647 -0.8176993 -0.0198611
5
-114.652     ts77     dynamics     sesquiterpene     TS     runpoint      81     runisomer      165
6 -0.1395244 0.7347659 0.0405897
1 -0.4567716 1.2830840 0.8511198
1 0.5000134 1.2251346 -0.8230653
1 0.9201547 -0.4117011 -0.2122853
8 0.0161067 -0.8205281 -0.0188955
5
-114.664     ts77     dynamics     sesquiterpene     TS     runpoint      82     runisomer      165
6 -0.1375166 0.7471910 0.0403268
1 -0.4942818 1.2482933 0.8355449
1 0.4553239 1.1831301 -0.7826449
1 0.9976928 -0.4905695 -0.2520630
8 0.0149013 -0.8200433 -0.0177623
5
-114.67     ts77     dynamics     sesquiterpene     TS     runpoint      83     runisomer      165
6 -0.1343898 0.7561404 0.0368893
1 -0.5443219 1.2253079 0.8468367
1 0.4043946 1.1423665 -0.7347665
1 1.0504823 -0.5964124 -0.2864599
8 0.0155967 -0.8160730 -0.0167481
5
-114.672     ts77     dynamics     sesquiterpene     TS     runpoint      84     runisomer      165
6 -0.1315613 0.7604709 0.0330309
1 -0.6042854 1.2101719 0.8766649
1 0.3650286 1.1175043 -0.7042336
1 1.0679184 -0.7225425 -0.3123105
8 0.0186410 -0.8088564 -0.0160324
5
-114.67     ts77     dynamics     sesquiterpene     TS     runpoint      85     runisomer      165
6 -0.1309587 0.7594104 0.0323899
1 -0.6657554 1.1950035 0.9081713
1 0.3553320 1.1231459 -0.7180411
1 1.0467411 -0.8592141 -0.3281236
8 0.0240141 -0.7988499 -0.0156739
5
-114.677     ts77     dynamics     sesquiterpene     TS     runpoint      86     runisomer      165
6 -0.1326314 0.7533329 0.0356751
1 -0.7206329 1.1742489 0.9279228
1 0.3717043 1.1584815 -0.7723129
1 0.9902735 -0.9956581 -0.3341121
8 0.0312590 -0.7866140 -0.0155903
5
-114.691     ts77     dynamics     sesquiterpene     TS     runpoint      87     runisomer      165
6 -0.1349548 0.7435846 0.0407793
1 -0.7638407 1.1453735 0.9289937
1 0.3939328 1.2088408 -0.8366119
1 0.9090977 -1.1226077 -0.3328329
8 0.0394456 -0.7726567 -0.0155199
5
-114.692     ts77     dynamics     sesquiterpene     TS     runpoint      88     runisomer      165
6 -0.1364643 0.7313220 0.0456274
1 -0.7933530 1.1079227 0.9096145
1 0.4064785 1.2604963 -0.8861156
1 0.8194253 -1.2355370 -0.3293392
8 0.0473043 -0.7572380 -0.0150414
5
-114.683     ts77     dynamics     sesquiterpene     TS     runpoint      89     runisomer      165
6 -0.1362293 0.7172388 0.0488986
1 -0.8101101 1.0630799 0.8720522
1 0.4021907 1.3048041 -0.9087001
1 0.7351687 -1.3347646 -0.3289397
8 0.0537695 -0.7403880 -0.0137348
5
-114.676     ts77     dynamics     sesquiterpene     TS     runpoint      90     runisomer      165
6 -0.1335995 0.7017620 0.0496850
1 -0.8184450 1.0136916 0.8223480
1 0.3789556 1.3366364 -0.9002580
1 0.6594287 -1.4190229 -0.3335362
8 0.0585662 -0.7223630 -0.0114391
5
-114.673     ts77     dynamics     sesquiterpene     TS     runpoint      91     runisomer      165
6 -0.1280243 0.6852452 0.0472527
1 -0.8263537 0.9641091 0.7698687
1 0.3374946 1.3530176 -0.8612974
1 0.5872985 -1.4815402 -0.3415242
8 0.0620454 -0.7039420 -0.0082628
5
-114.674     ts77     dynamics     sesquiterpene     TS     runpoint      92     runisomer      165
6 -0.1191824 0.6681140 0.0412395
1 -0.8435689 0.9189385 0.7245617
1 0.2810086 1.3532113 -0.7964713
1 0.5140204 -1.5146068 -0.3509226
8 0.0646795 -0.6861740 -0.0043928
5
-114.679     ts77     dynamics     sesquiterpene     TS     runpoint      93     runisomer      165
6 -0.1075362 0.6508779 0.0322897
1 -0.8758597 0.8808035 0.6914376
1 0.2161027 1.3408450 -0.7167124
1 0.4383461 -1.5149557 -0.3615738
8 0.0668428 -0.6700406 0.0000510
5
-114.682     ts77     dynamics     sesquiterpene     TS     runpoint      94     runisomer      165
6 -0.0947775 0.6337728 0.0225635
1 -0.9202122 0.8494339 0.6677721
1 0.1536698 1.3283902 -0.6425811
1 0.3624410 -1.4867117 -0.3761465
8 0.0687901 -0.6562285 0.0050833
5
-114.674     ts77     dynamics     sesquiterpene     TS     runpoint      95     runisomer      165
6 -0.0832732 0.6164840 0.0151043
1 -0.9676117 0.8233549 0.6472397
1 0.1058018 1.3378003 -0.6010839
1 0.2907755 -1.4429208 -0.4010959
8 0.0706844 -0.6449696 0.0109273
5
-114.662     ts77     dynamics     sesquiterpene     TS     runpoint      96     runisomer      165
6 -0.0747219 0.5996365 0.0116213
1 -1.0093207 0.8016905 0.6249753
1 0.0769385 1.3807302 -0.6048744
1 0.2273588 -1.4022821 -0.4463657
8 0.0727183 -0.6362339 0.0180302
5
-114.66     ts77     dynamics     sesquiterpene     TS     runpoint      97     runisomer      165
6 -0.0697810 0.5862733 0.0113717
1 -1.0398145 0.7845805 0.5987829
1 0.0629188 1.4401642 -0.6406179
1 0.1717067 -1.3747960 -0.5188366
8 0.0753292 -0.6306094 0.0266817
5
-114.662     ts77     dynamics     sesquiterpene     TS     runpoint      98     runisomer      165
6 -0.0686979 0.5797800 0.0128927
1 -1.0567424 0.7729362 0.5684087
1 0.0591040 1.4913600 -0.6890121
1 0.1196129 -1.3509367 -0.6125691
8 0.0791123 -0.6297356 0.0364065
5
-114.662     ts77     dynamics     sesquiterpene     TS     runpoint      99     runisomer      165
6 -0.0714977 0.5818948 0.0151149
1 -1.0604586 0.7681080 0.5350138
1 0.0629039 1.5190846 -0.7372119
1 0.0684769 -1.3147936 -0.7118518
8 0.0844354 -0.6350455 0.0461341
5
-114.663     ts77     dynamics     sesquiterpene     TS     runpoint      100     runisomer      165
6 -0.0778493 0.5924574 0.0173353
1 -1.0540124 0.7715856 0.5010665
1 0.0728856 1.5170267 -0.7779931
1 0.0188228 -1.2576041 -0.8010386
8 0.0912990 -0.6466664 0.0547935
5
-114.669     ts77     dynamics     sesquiterpene     TS     runpoint      101     runisomer      165
6 -0.0869654 0.6099864 0.0190278
1 -1.0434180 0.7847435 0.4702768
1 0.0879710 1.4840906 -0.8073640
1 -0.0271255 -1.1784487 -0.8685240
8 0.0994214 -0.6635615 0.0615642
5
-114.68     ts77     dynamics     sesquiterpene     TS     runpoint      102     runisomer      165
6 -0.0976820 0.6323852 0.0198043
1 -1.0371490 0.8085843 0.4470618
1 0.1071781 1.4227702 -0.8237986
1 -0.0667335 -1.0814148 -0.9070361
8 0.1083574 -0.6841229 0.0659038
5
-114.692     ts77     dynamics     sesquiterpene     TS     runpoint      103     runisomer      165
6 -0.1088129 0.6573972 0.0195926
1 -1.0431100 0.8433424 0.4349804
1 0.1298954 1.3394306 -0.8291100
1 -0.0978470 -0.9739267 -0.9142571
8 0.1176177 -0.7066038 0.0676108
5
-114.703     ts77     dynamics     sesquiterpene     TS     runpoint      104     runisomer      165
6 -0.1197062 0.6828159 0.0189995
1 -1.0636337 0.8879966 0.4345045
1 0.1566658 1.2451119 -0.8305530
1 -0.1197153 -0.8656654 -0.8945370
8 0.1267802 -0.7293707 0.0669324
5
-114.705     ts77     dynamics     sesquiterpene     TS     runpoint      105     runisomer      165
6 -0.1305305 0.7067326 0.0194180
1 -1.0934076 0.9401543 0.4421969
1 0.1898689 1.1537982 -0.8413175
1 -0.1339845 -0.7666831 -0.8604168
8 0.1355894 -0.7510882 0.0646599
5
-114.697     ts77     dynamics     sesquiterpene     TS     runpoint      106     runisomer      165
6 -0.1418326 0.7280731 0.0222127
1 -1.1231383 0.9965726 0.4524514
1 0.2316731 1.0754954 -0.8725594
1 -0.1447975 -0.6843862 -0.8302798
8 0.1439930 -0.7709088 0.0619847
5
-114.684     ts77     dynamics     sesquiterpene     TS     runpoint      107     runisomer      165
6 -0.1536875 0.7468409 0.0274117
1 -1.1446278 1.0538746 0.4600671
1 0.2788783 1.0114788 -0.9204426
1 -0.1561943 -0.6219560 -0.8183189
8 0.1519888 -0.7885043 0.0598667
5
-114.671     ts77     dynamics     sesquiterpene     TS     runpoint      108     runisomer      165
6 -0.1655033 0.7634344 0.0338162
1 -1.1531961 1.1090828 0.4616995
1 0.3229918 0.9598653 -0.9690152
1 -0.1684591 -0.5810066 -0.8247396
8 0.1593906 -0.8037636 0.0584234
5
-114.657     ts77     dynamics     sesquiterpene     TS     runpoint      109     runisomer      165
6 -0.1764634 0.7780277 0.0400991
1 -1.1478487 1.1600111 0.4561195
1 0.3558458 0.9207039 -1.0034085
1 -0.1785629 -0.5638439 -0.8395989
8 0.1658484 -0.8165403 0.0571625
5
-114.644     ts77     dynamics     sesquiterpene     TS     runpoint      110     runisomer      165
6 -0.1858061 0.7905341 0.0452984
1 -1.1307929 1.2055533 0.4440031
1 0.3724787 0.8954729 -1.0150954
1 -0.1832327 -0.5722415 -0.8525859
8 0.1710338 -0.8266774 0.0555792
5
-114.636     ts77     dynamics     sesquiterpene     TS     runpoint      111     runisomer      165
6 -0.1928512 0.8007144 0.0487934
1 -1.1068283 1.2458590 0.4276035
1 0.3709275 0.8855854 -1.0009384
1 -0.1806291 -0.6061350 -0.8578009
8 0.1747483 -0.8340997 0.0534248
5
-114.635     ts77     dynamics     sesquiterpene     TS     runpoint      112     runisomer      165
6 -0.1970430 0.8082510 0.0502671
1 -1.0822834 1.2821821 0.4102150
1 0.3517589 0.8917355 -0.9620764
1 -0.1707788 -0.6633155 -0.8547764
8 0.1769386 -0.8388324 0.0507738
5
-114.64     ts77     dynamics     sesquiterpene     TS     runpoint      113     runisomer      165
6 -0.1981658 0.8128020 0.0498510
1 -1.0630015 1.3160115 0.3952351
1 0.3186907 0.9138363 -0.9048947
1 -0.1557420 -0.7396474 -0.8485454
8 0.1777080 -0.8409650 0.0480329
5
-114.647     ts77     dynamics     sesquiterpene     TS     runpoint      114     runisomer      165
6 -0.1966864 0.8140574 0.0484563
1 -1.0519188 1.3475598 0.3850913
1 0.2803786 0.9515911 -0.8440946
1 -0.1390457 -0.8301855 -0.8478004
8 0.1772670 -0.8405729 0.0458391
5
-114.65     ts77     dynamics     sesquiterpene     TS     runpoint      115     runisomer      165
6 -0.1938572 0.8117145 0.0478920
1 -1.0481736 1.3747419 0.3807690
1 0.2508648 1.0060293 -0.8036489
1 -0.1232929 -0.9307507 -0.8581883
8 0.1757814 -0.8376264 0.0446387
5
-114.652     ts77     dynamics     sesquiterpene     TS     runpoint      116     runisomer      165
6 -0.1909302 0.8054966 0.0496857
1 -1.0487070 1.3937367 0.3822719
1 0.2418251 1.0794200 -0.8031071
1 -0.1077240 -1.0370537 -0.8748169
8 0.1732127 -0.8320876 0.0442107
5
-114.659     ts77     dynamics     sesquiterpene     TS     runpoint      117     runisomer      165
6 -0.1879475 0.7956476 0.0531105
1 -1.0505062 1.4004677 0.3892619
1 0.2504534 1.1686285 -0.8347352
1 -0.0895632 -1.1422530 -0.8850531
8 0.1694066 -0.8241190 0.0438383
5
-114.666     ts77     dynamics     sesquiterpene     TS     runpoint      118     runisomer      165
6 -0.1841290 0.7831155 0.0559784
1 -1.0514816 1.3917054 0.4012259
1 0.2648756 1.2622789 -0.8731046
1 -0.0670177 -1.2375948 -0.8777387
8 0.1642798 -0.8140614 0.0428888
5
-114.665     ts77     dynamics     sesquiterpene     TS     runpoint      119     runisomer      165
6 -0.1788671 0.7689002 0.0566030
1 -1.0504561 1.3655583 0.4175152
1 0.2759769 1.3479629 -0.8984682
1 -0.0402701 -1.3150353 -0.8477923
8 0.1578889 -0.8022705 0.0411039
5
-114.661     ts77     dynamics     sesquiterpene     TS     runpoint      120     runisomer      165
6 -0.1719168 0.7536534 0.0541881
1 -1.0471333 1.3216113 0.4375449
1 0.2795241 1.4167501 -0.9014662
1 -0.0109947 -1.3691431 -0.7962307
8 0.1504035 -0.7889917 0.0385929
5
-114.66     ts77     dynamics     sesquiterpene     TS     runpoint      121     runisomer      165
6 -0.1632476 0.7377011 0.0484995
1 -1.0420445 1.2608205 0.4609995
1 0.2743138 1.4631141 -0.8794031
1 0.0182904 -1.3985033 -0.7294854
8 0.1420689 -0.7742694 0.0357863
5
-114.666     ts77     dynamics     sesquiterpene     TS     runpoint      122     runisomer      165
6 -0.1529663 0.7211695 0.0396391
1 -1.0362167 1.1852288 0.4878593
1 0.2608270 1.4840090 -0.8333425
1 0.0448049 -1.4075285 -0.6593204
8 0.1331735 -0.7578550 0.0334174
5
-114.675     ts77     dynamics     sesquiterpene     TS     runpoint      123     runisomer      165
6 -0.1413730 0.7040731 0.0280186
1 -1.0304341 1.0975939 0.5181298
1 0.2409463 1.4788674 -0.7673621
1 0.0663581 -1.4075150 -0.6016166
8 0.1240138 -0.7391865 0.0324332
5
-114.684     ts77     dynamics     sesquiterpene     TS     runpoint      124     runisomer      165
6 -0.1291239 0.6862827 0.0145104
1 -1.0243308 1.0012108 0.5512928
1 0.2185729 1.4513273 -0.6896254
1 0.0825824 -1.4114262 -0.5697365
8 0.1148343 -0.7177891 0.0335700
5
-114.692     ts77     dynamics     sesquiterpene     TS     runpoint      125     runisomer      165
6 -0.1173924 0.6673145 0.0006529
1 -1.0160232 0.9001970 0.5858042
1 0.2008721 1.4130734 -0.6145758
1 0.0951920 -1.4213521 -0.5646422
8 0.1058366 -0.6941610 0.0367403
5
-114.692     ts77     dynamics     sesquiterpene     TS     runpoint      126     runisomer      165
6 -0.1078290 0.6461821 -0.0114166
1 -1.0029293 0.8000771 0.6192259
1 0.1984802 1.3863140 -0.5624819
1 0.1063415 -1.4263660 -0.5762045
8 0.0972931 -0.6699989 0.0411336
5
-114.681     ts77     dynamics     sesquiterpene     TS     runpoint      127     runisomer      165
6 -0.1019402 0.6224949 -0.0200693
1 -0.9834623 0.7079997 0.6491748
1 0.2198856 1.3914676 -0.5475661
1 0.1174260 -1.4142877 -0.5936225
8 0.0896087 -0.6475153 0.0458942
5
-114.673     ts77     dynamics     sesquiterpene     TS     runpoint      128     runisomer      165
6 -0.1001728 0.5985660 -0.0255738
1 -0.9583384 0.6321390 0.6745140
1 0.2621058 1.4231269 -0.5628061
1 0.1292114 -1.3793287 -0.6107218
8 0.0833052 -0.6289830 0.0504633
5
-114.666     ts77     dynamics     sesquiterpene     TS     runpoint      129     runisomer      165
6 -0.1021557 0.5786498 -0.0293382
1 -0.9304412 0.5804553 0.6958970
1 0.3140278 1.4579438 -0.5897477
1 0.1423269 -1.3228625 -0.6262957
8 0.0789443 -0.6165391 0.0546164
5
-114.654     ts77     dynamics     sesquiterpene     TS     runpoint      130     runisomer      165
6 -0.1074568 0.5665329 -0.0325753
1 -0.9034326 0.5592251 0.7153759
1 0.3657731 1.4773738 -0.6140520
1 0.1577629 -1.2523533 -0.6438484
8 0.0769931 -0.6117803 0.0584523
5
-114.644     ts77     dynamics     sesquiterpene     TS     runpoint      131     runisomer      165
6 -0.1157345 0.5643066 -0.0360208
1 -0.8799813 0.5717604 0.7352888
1 0.4112535 1.4726945 -0.6278144
1 0.1772306 -1.1794489 -0.6713799
8 0.0776399 -0.6152006 0.0623820
5
-114.647     ts77     dynamics     sesquiterpene     TS     runpoint      132     runisomer      165
6 -0.1265955 0.5720292 -0.0399935
1 -0.8605113 0.6177064 0.7568874
1 0.4471839 1.4420091 -0.6274217
1 0.2027481 -1.1143104 -0.7171942
8 0.0806961 -0.6260628 0.0668609
5
-114.665     ts77     dynamics     sesquiterpene     TS     runpoint      133     runisomer      165
6 -0.1395503 0.5880225 -0.0444200
1 -0.8430994 0.6931517 0.7794447
1 0.4723942 1.3881134 -0.6124202
1 0.2348187 -1.0582126 -0.7795754
8 0.0857146 -0.6429572 0.0717427
5
-114.69     ts77     dynamics     sesquiterpene     TS     runpoint      134     runisomer      165
6 -0.1541742 0.6095836 -0.0488323
1 -0.8244123 0.7915051 0.8003790
1 0.4886083 1.3183989 -0.5858322
1 0.2712563 -1.0057214 -0.8439817
8 0.0921984 -0.6642468 0.0761147
5
-114.708     ts77     dynamics     sesquiterpene     TS     runpoint      135     runisomer      165
6 -0.1704016 0.6336689 -0.0523851
1 -0.8010610 0.9047704 0.8162463
1 0.5025732 1.2453909 -0.5550946
1 0.3085880 -0.9527728 -0.8935376
8 0.0996755 -0.6881914 0.0789647
5
-114.713     ts77     dynamics     sesquiterpene     TS     runpoint      136     runisomer      165
6 -0.1886446 0.6575147 -0.0540396
1 -0.7707229 1.0247614 0.8240268
1 0.5267079 1.1843006 -0.5310629
1 0.3438439 -0.8992318 -0.9172677
8 0.1077152 -0.7131676 0.0796954
5
-114.709     ts77     dynamics     sesquiterpene     TS     runpoint      137     runisomer      165
6 -0.2091535 0.6794358 -0.0531851
1 -0.7327193 1.1439774 0.8221316
1 0.5712989 1.1442806 -0.5213703
1 0.3753403 -0.8475514 -0.9116381
8 0.1159186 -0.7378622 0.0782052
5
-114.706     ts77     dynamics     sesquiterpene     TS     runpoint      138     runisomer      165
6 -0.2309682 0.6992057 -0.0502237
1 -0.6880077 1.2561455 0.8107965
1 0.6318876 1.1222490 -0.5235444
1 0.4031390 -0.8012203 -0.8803951
8 0.1239046 -0.7612943 0.0748635
