5
-114.654160 ts77 dynamics sesquiterpene TS runpoint 1  runisomer  111
6 -0.0298541 0.6141567 -0.0150105
1 -0.2883277 1.1771307 0.9790432
1 -0.2781176 1.2354867 -0.8815948
1 0.9854601 -0.0924065 0.0125867
8 -0.0319583 -0.7440386 0.0043287
5
-114.648 ts77 dynamics sesquiterpene TS runpoint 2  runisomer  111
6 -0.0210651 0.598934 -0.0113215
1 -0.318889 1.15489 0.958332
1 -0.296264 1.28741 -0.920401
1 0.944482 -0.0609338 -0.0125456
8 -0.032901 -0.736471 0.00689476
5
-114.642     ts77     dynamics     sesquiterpene     TS     runpoint      3     runisomer      111
6 -0.0136672 0.5875527 -0.0071435
1 -0.3431744 1.1230636 0.9251590
1 -0.3089590 1.3212352 -0.9481331
1 0.9230613 -0.0233802 -0.0375551
8 -0.0347715 -0.7304239 0.0091734
5
-114.634     ts77     dynamics     sesquiterpene     TS     runpoint      4     runisomer      111
6 -0.0083812 0.5808137 -0.0034656
1 -0.3615359 1.0859671 0.8865498
1 -0.3137855 1.3318299 -0.9592003
1 0.9346797 0.0227088 -0.0627962
8 -0.0380092 -0.7266014 0.0111329
5
-114.633     ts77     dynamics     sesquiterpene     TS     runpoint      5     runisomer      111
6 -0.0050748 0.5783958 -0.0012688
1 -0.3762069 1.0505096 0.8533133
1 -0.3099735 1.3179882 -0.9523258
1 0.9827868 0.0824330 -0.0883425
8 -0.0428367 -0.7254424 0.0127542
5
-114.641     ts77     dynamics     sesquiterpene     TS     runpoint      6     runisomer      111
6 -0.0026022 0.5790368 -0.0015589
1 -0.3907470 1.0245404 0.8377434
1 -0.2980629 1.2810447 -0.9288214
1 1.0583034 0.1632241 -0.1128052
8 -0.0492855 -0.7270475 0.0140113
5
-114.656     ts77     dynamics     sesquiterpene     TS     runpoint      7     runisomer      111
6 0.0005706 0.5813069 -0.0047591
1 -0.4071813 1.0127466 0.8468250
1 -0.2801261 1.2249931 -0.8930118
1 1.1449177 0.2699492 -0.1333691
8 -0.0572195 -0.7311994 0.0148770
5
-114.672     ts77     dynamics     sesquiterpene     TS     runpoint      8     runisomer      111
6 0.0056011 0.5841628 -0.0099167
1 -0.4231474 1.0137668 0.8762874
1 -0.2605432 1.1580144 -0.8546652
1 1.2260990 0.4010164 -0.1470192
8 -0.0663381 -0.7374421 0.0153320
5
-114.681     ts77     dynamics     sesquiterpene     TS     runpoint      9     runisomer      111
6 0.0132365 0.5867086 -0.0146639
1 -0.4333977 1.0224880 0.9137360
1 -0.2468281 1.0939480 -0.8318363
1 1.2889944 0.5496070 -0.1516201
8 -0.0762490 -0.7452251 0.0153829
5
-114.678     ts77     dynamics     sesquiterpene     TS     runpoint      10     runisomer      111
6 0.0240299 0.5881460 -0.0162761
1 -0.4334746 1.0339181 0.9462850
1 -0.2478294 1.0476889 -0.8457658
1 1.3253504 0.7068476 -0.1462958
8 -0.0865701 -0.7540137 0.0150816
5
-114.676     ts77     dynamics     sesquiterpene     TS     runpoint      11     runisomer      111
6 0.0379883 0.5886628 -0.0137938
1 -0.4214260 1.0446936 0.9648266
1 -0.2665826 1.0221292 -0.8999453
1 1.3308491 0.8637517 -0.1313182
8 -0.0969669 -0.7633544 0.0145198
5
-114.679     ts77     dynamics     sesquiterpene     TS     runpoint      12     runisomer      111
6 0.0543799 0.5894644 -0.0085891
1 -0.3978606 1.0531334 0.9646539
1 -0.2969118 1.0070013 -0.9731351
1 1.3041570 1.0119085 -0.1081239
8 -0.1071580 -0.7728663 0.0137746
5
-114.681     ts77     dynamics     sesquiterpene     TS     runpoint      13     runisomer      111
6 0.0723919 0.5917516 -0.0019234
1 -0.3666316 1.0611322 0.9443218
1 -0.3299956 0.9907193 -1.0416092
1 1.2455333 1.1424707 -0.0808960
8 -0.1168617 -0.7822842 0.0126531
5
-114.679     ts77     dynamics     sesquiterpene     TS     runpoint      14     runisomer      111
6 0.0919308 0.5962700 0.0038553
1 -0.3345077 1.0652770 0.9087644
1 -0.3629594 0.9680750 -1.0879514
1 1.1603697 1.2498522 -0.0493825
8 -0.1261033 -0.7912707 0.0114918
5
-114.673     ts77     dynamics     sesquiterpene     TS     runpoint      15     runisomer      111
6 0.1118812 0.6027639 0.0079095
1 -0.3083617 1.0679622 0.8663420
1 -0.3904579 0.9380805 -1.1056449
1 1.0585284 1.3293202 -0.0183085
8 -0.1345692 -0.7994265 0.0102790
5
-114.664     ts77     dynamics     sesquiterpene     TS     runpoint      16     runisomer      111
6 0.1313703 0.6107037 0.0094589
1 -0.2979349 1.0731020 0.8290934
1 -0.4104000 0.9009595 -1.0927069
1 0.9541790 1.3795435 0.0079762
8 -0.1420171 -0.8065305 0.0089918
5
-114.654160 ts77 dynamics sesquiterpene TS runpoint 1  runisomer  111
6 -0.0298541 0.6141567 -0.0150105
1 -0.2883277 1.1771307 0.9790432
1 -0.2781176 1.2354867 -0.8815948
1 0.9854601 -0.0924065 0.0125867
8 -0.0319583 -0.7440386 0.0043287
5
-114.648 ts77 dynamics sesquiterpene TS runpoint 2  runisomer  111
6 -0.0389325 0.631503 -0.016818
1 -0.252508 1.18802 0.983811
1 -0.259379 1.17704 -0.845543
1 1.02984 -0.119712 0.037604
8 -0.0313813 -0.752335 0.0015365
5
-114.644     ts77     dynamics     sesquiterpene     TS     runpoint      3     runisomer      111
6 -0.0471576 0.6486658 -0.0147655
1 -0.2133375 1.1881125 0.9723982
1 -0.2472834 1.1300441 -0.8363567
1 1.0642238 -0.1454667 0.0616928
8 -0.0306077 -0.7606325 -0.0013798
5
-114.636     ts77     dynamics     sesquiterpene     TS     runpoint      4     runisomer      111
6 -0.0538030 0.6638084 -0.0076265
1 -0.1733425 1.1804197 0.9485771
1 -0.2469982 1.1075709 -0.8736445
1 1.0795920 -0.1734275 0.0838459
8 -0.0291300 -0.7683306 -0.0042818
5
-114.638     ts77     dynamics     sesquiterpene     TS     runpoint      5     runisomer      111
6 -0.0590373 0.6766202 0.0027346
1 -0.1352891 1.1710162 0.9217483
1 -0.2559832 1.1045121 -0.9463560
1 1.0708050 -0.2087741 0.1031309
8 -0.0264820 -0.7749312 -0.0069995
5
-114.645     ts77     dynamics     sesquiterpene     TS     runpoint      6     runisomer      111
6 -0.0636275 0.6873957 0.0123998
1 -0.1012614 1.1685687 0.9063634
1 -0.2679620 1.1082298 -1.0243261
1 1.0357647 -0.2584106 0.1187927
8 -0.0222202 -0.7799682 -0.0093564
5
-114.648     ts77     dynamics     sesquiterpene     TS     runpoint      7     runisomer      111
6 -0.0685078 0.6962769 0.0182091
1 -0.0714962 1.1802467 0.9143781
1 -0.2784472 1.1108454 -1.0839899
1 0.9756642 -0.3304408 0.1304291
8 -0.0159878 -0.7829928 -0.0111934
5
-114.656     ts77     dynamics     sesquiterpene     TS     runpoint      8     runisomer      111
6 -0.0745457 0.7036635 0.0191118
1 -0.0446376 1.2056730 0.9442863
1 -0.2853009 1.1094037 -1.1133102
1 0.8986423 -0.4308226 0.1387612
8 -0.0078669 -0.7837210 -0.0124324
5
-114.667     ts77     dynamics     sesquiterpene     TS     runpoint      9     runisomer      111
6 -0.0822024 0.7102091 0.0158171
1 -0.0195816 1.2372125 0.9819353
1 -0.2878786 1.1034928 -1.1081414
1 0.8321062 -0.5556202 0.1482693
8 0.0006515 -0.7823826 -0.0132566
5
-114.666     ts77     dynamics     sesquiterpene     TS     runpoint      10     runisomer      111
6 -0.0912974 0.7161856 0.0097249
1 0.0036431 1.2660798 1.0115439
1 -0.2865771 1.0941587 -1.0699625
1 0.8360644 -0.6895314 0.1715125
8 0.0056800 -0.7796601 -0.0144223
5
-114.674     ts77     dynamics     sesquiterpene     TS     runpoint      11     runisomer      111
6 -0.1011396 0.7212360 0.0025038
1 0.0243841 1.2862471 1.0223085
1 -0.2829379 1.0841700 -1.0068818
1 0.9243423 -0.8327109 0.2144866
8 0.0059651 -0.7750680 -0.0163646
5
-114.699     ts77     dynamics     sesquiterpene     TS     runpoint      12     runisomer      111
6 -0.1108613 0.7246269 -0.0036952
1 0.0420151 1.2948222 1.0092172
1 -0.2802202 1.0793801 -0.9374049
1 1.0213187 -0.9833576 0.2610633
8 0.0058646 -0.7683580 -0.0182014
5
-114.69     ts77     dynamics     sesquiterpene     TS     runpoint      13     runisomer      111
6 -0.1195966 0.7252993 -0.0061937
1 0.0563214 1.2914228 0.9725212
1 -0.2835250 1.0895085 -0.8912539
1 1.0826353 -1.1260099 0.2994210
8 0.0078616 -0.7602976 -0.0193383
5
-114.668     ts77     dynamics     sesquiterpene     TS     runpoint      14     runisomer      111
6 -0.1267674 0.7222243 -0.0033514
1 0.0679706 1.2783397 0.9182107
1 -0.2967171 1.1222952 -0.8916812
1 1.0979826 -1.2480515 0.3256517
8 0.0123712 -0.7515433 -0.0196736
5
-114.658     ts77     dynamics     sesquiterpene     TS     runpoint      15     runisomer      111
6 -0.1325272 0.7152415 0.0030851
1 0.0793572 1.2617036 0.8594327
1 -0.3175389 1.1720839 -0.9291543
1 1.0691726 -1.3417134 0.3391541
8 0.0191021 -0.7424921 -0.0192879
5
-114.657     ts77     dynamics     sesquiterpene     TS     runpoint      16     runisomer      111
6 -0.1375966 0.7047310 0.0092753
1 0.0951799 1.2519216 0.8153276
1 -0.3399927 1.2237930 -0.9755809
1 1.0005320 -1.4015848 0.3402266
8 0.0276480 -0.7334752 -0.0182948
5
-114.656     ts77     dynamics     sesquiterpene     TS     runpoint      17     runisomer      111
6 -0.1426755 0.6911142 0.0123170
1 0.1205777 1.2584852 0.8011059
1 -0.3593022 1.2646684 -1.0100295
1 0.8960917 -1.4226659 0.3293002
8 0.0376546 -0.7249194 -0.0168218
5
-114.664     ts77     dynamics     sesquiterpene     TS     runpoint      18     runisomer      111
6 -0.1479747 0.6754343 0.0117322
1 0.1563093 1.2800960 0.8144789
1 -0.3728847 1.2871944 -1.0226599
1 0.7616095 -1.4015940 0.3077430
8 0.0487079 -0.7172635 -0.0150717
5
-114.68     ts77     dynamics     sesquiterpene     TS     runpoint      19     runisomer      111
6 -0.1532195 0.6593248 0.0087812
1 0.1976654 1.3051672 0.8393483
1 -0.3796792 1.2876070 -1.0105868
1 0.6136650 -1.3464905 0.2821676
8 0.0597862 -0.7102560 -0.0135749
5
-114.679     ts77     dynamics     sesquiterpene     TS     runpoint      20     runisomer      111
6 -0.1580307 0.6441881 0.0050112
1 0.2385448 1.3216872 0.8601381
1 -0.3796852 1.2648243 -0.9751848
1 0.5000473 -1.3071057 0.2779550
8 0.0679775 -0.7009866 -0.0140226
5
-114.646     ts77     dynamics     sesquiterpene     TS     runpoint      21     runisomer      111
6 -0.1621070 0.6309126 0.0018220
1 0.2742518 1.3224064 0.8675956
1 -0.3740330 1.2209389 -0.9222758
1 0.4749458 -1.3671553 0.3379120
8 0.0700106 -0.6845241 -0.0192132
5
-114.675     ts77     dynamics     sesquiterpene     TS     runpoint      22     runisomer      111
6 -0.1651938 0.6201537 0.0008184
1 0.3019553 1.3050293 0.8580312
1 -0.3655842 1.1633613 -0.8647452
1 0.4841508 -1.4619991 0.4335409
8 0.0694684 -0.6657530 -0.0275089
5
-114.68     ts77     dynamics     sesquiterpene     TS     runpoint      23     runisomer      111
6 -0.1669969 0.6120834 0.0041116
1 0.3204956 1.2709063 0.8317183
1 -0.3596379 1.1062677 -0.8250309
1 0.4870853 -1.5239628 0.5283840
8 0.0690917 -0.6500461 -0.0368018
5
-114.659     ts77     dynamics     sesquiterpene     TS     runpoint      24     runisomer      111
6 -0.1673354 0.6064589 0.0136651
1 0.3307781 1.2245317 0.7925043
1 -0.3623677 1.0652440 -0.8278189
1 0.4736103 -1.5330681 0.6082057
8 0.0697182 -0.6397459 -0.0463535
5
-114.652     ts77     dynamics     sesquiterpene     TS     runpoint      25     runisomer      111
6 -0.1667423 0.6034609 0.0290728
1 0.3373461 1.1744358 0.7490310
1 -0.3752178 1.0428877 -0.8757588
1 0.4420052 -1.4870178 0.6675247
8 0.0716598 -0.6358330 -0.0558933
5
-114.663     ts77     dynamics     sesquiterpene     TS     runpoint      26     runisomer      111
6 -0.1666679 0.6033621 0.0469504
1 0.3500729 1.1340830 0.7158963
1 -0.3932470 1.0289678 -0.9441524
1 0.3928665 -1.3893044 0.7028591
8 0.0750343 -0.6384957 -0.0651360
