5
-114.654160 ts77 dynamics sesquiterpene TS runpoint 1  runisomer  123
6 -0.0412081 0.6280086 0.0093163
1 -0.1646862 1.2314948 0.8985647
1 -0.2911305 1.0581947 -0.9335532
1 1.0039299 -0.0852465 0.1096044
8 -0.0315746 -0.7471359 -0.0116910
5
-114.65 ts77 dynamics sesquiterpene TS runpoint 2  runisomer  123
6 -0.0378936 0.625201 0.00190037
1 -0.184062 1.28936 0.954099
1 -0.270419 1.10706 -0.913039
1 0.94963 -0.0404092 0.0892523
8 -0.0307239 -0.75458 -0.00963662
5
-114.648     ts77     dynamics     sesquiterpene     TS     runpoint      3     runisomer      123
6 -0.0343692 0.6234406 -0.0038811
1 -0.2037661 1.3307166 0.9952282
1 -0.2517138 1.1607550 -0.9010605
1 0.9068530 0.0105521 0.0674208
8 -0.0306100 -0.7624605 -0.0072709
5
-114.639     ts77     dynamics     sesquiterpene     TS     runpoint      4     runisomer      123
6 -0.0314676 0.6234122 -0.0074029
1 -0.2218703 1.3491838 1.0142217
1 -0.2348495 1.2151124 -0.8962671
1 0.8924071 0.0697042 0.0456108
8 -0.0317982 -0.7707561 -0.0047538
5
-114.633     ts77     dynamics     sesquiterpene     TS     runpoint      5     runisomer      123
6 -0.0298334 0.6254487 -0.0087179
1 -0.2373001 1.3424522 1.0087352
1 -0.2193971 1.2644512 -0.8945755
1 0.9181746 0.1394875 0.0246191
8 -0.0346493 -0.7793667 -0.0022064
5
-114.639     ts77     dynamics     sesquiterpene     TS     runpoint      6     runisomer      123
6 -0.0292614 0.6292604 -0.0081086
1 -0.2496798 1.3106521 0.9794999
1 -0.2054430 1.3033461 -0.8920572
1 0.9829672 0.2243512 0.0044461
8 -0.0392588 -0.7880218 0.0002908
5
-114.655     ts77     dynamics     sesquiterpene     TS     runpoint      7     runisomer      123
6 -0.0285002 0.6339922 -0.0060265
1 -0.2595267 1.2565134 0.9306740
1 -0.1938238 1.3279162 -0.8865209
1 1.0710525 0.3287903 -0.0148998
8 -0.0454909 -0.7962915 0.0026747
5
-114.672     ts77     dynamics     sesquiterpene     TS     runpoint      8     runisomer      123
6 -0.0258545 0.6385812 -0.0033483
1 -0.2689971 1.1871412 0.8726918
1 -0.1858626 1.3362500 -0.8777712
1 1.1610987 0.4526329 -0.0326619
8 -0.0530537 -0.8036946 0.0048860
5
-114.679     ts77     dynamics     sesquiterpene     TS     runpoint      9     runisomer      123
6 -0.0197605 0.6417631 -0.0017399
1 -0.2834031 1.1163263 0.8265460
1 -0.1830374 1.3284115 -0.8672868
1 1.2356272 0.5904126 -0.0474370
8 -0.0615925 -0.8098107 0.0068571
5
-114.673     ts77     dynamics     sesquiterpene     TS     runpoint      10     runisomer      123
6 -0.0089418 0.6422240 -0.0033369
1 -0.3113588 1.0611479 0.8201366
1 -0.1868606 1.3063409 -0.8578913
1 1.2840077 0.7342326 -0.0576483
8 -0.0707568 -0.8143546 0.0085097
5
-114.668     ts77     dynamics     sesquiterpene     TS     runpoint      11     runisomer      123
6 0.0070570 0.6397276 -0.0085108
1 -0.3568088 1.0269419 0.8619648
1 -0.1990054 1.2735865 -0.8535569
1 1.3012977 0.8759978 -0.0619632
8 -0.0802216 -0.8171991 0.0097545
5
-114.673     ts77     dynamics     sesquiterpene     TS     runpoint      12     runisomer      123
6 0.0273840 0.6353684 -0.0148380
1 -0.4112073 1.0040022 0.9277993
1 -0.2214397 1.2343913 -0.8585443
1 1.2863559 1.0081881 -0.0595031
8 -0.0896909 -0.8183457 0.0105128
5
-114.676     ts77     dynamics     sesquiterpene     TS     runpoint      13     runisomer      123
6 0.0508081 0.6304528 -0.0198385
1 -0.4623781 0.9826880 0.9891203
1 -0.2566367 1.1914377 -0.8745637
1 1.2405649 1.1242025 -0.0493965
8 -0.0989390 -0.8179229 0.0107735
5
-114.671     ts77     dynamics     sesquiterpene     TS     runpoint      14     runisomer      123
6 0.0759291 0.6258046 -0.0216455
1 -0.5026817 0.9609199 1.0275274
1 -0.3033662 1.1442436 -0.8998342
1 1.1675607 1.2189429 -0.0345295
8 -0.1077037 -0.8160637 0.0103650
5
-114.673     ts77     dynamics     sesquiterpene     TS     runpoint      15     runisomer      123
6 0.1017034 0.6221539 -0.0215669
1 -0.5290669 0.9327181 1.0381261
1 -0.3617095 1.0917359 -0.9252238
1 1.0752504 1.2886958 -0.0116518
8 -0.1158879 -0.8126382 0.0097959
5
-114.672     ts77     dynamics     sesquiterpene     TS     runpoint      16     runisomer      123
6 0.1260541 0.6197344 -0.0201881
1 -0.5403569 0.8987445 1.0194734
1 -0.4254865 1.0327368 -0.9425816
1 0.9758200 1.3328945 0.0177799
8 -0.1231647 -0.8077530 0.0091758
5
-114.654160 ts77 dynamics sesquiterpene TS runpoint 1  runisomer  123
6 -0.0412081 0.6280086 0.0093163
1 -0.1646862 1.2314948 0.8985647
1 -0.2911305 1.0581947 -0.9335532
1 1.0039299 -0.0852465 0.1096044
8 -0.0315746 -0.7471359 -0.0116910
5
-114.65 ts77 dynamics sesquiterpene TS runpoint 2  runisomer  123
6 -0.0436672 0.63082 0.0164574
1 -0.148817 1.17094 0.846843
1 -0.313106 1.01623 -0.959273
1 1.05444 -0.126503 0.126917
8 -0.0325277 -0.740185 -0.0132599
5
-114.639     ts77     dynamics     sesquiterpene     TS     runpoint      3     runisomer      123
6 -0.0448882 0.6321293 0.0200769
1 -0.1407166 1.1295399 0.8296889
1 -0.3349319 0.9821087 -0.9835311
1 1.0898269 -0.1672354 0.1400512
8 -0.0329764 -0.7338419 -0.0141942
5
-114.625     ts77     dynamics     sesquiterpene     TS     runpoint      4     runisomer      123
6 -0.0448963 0.6311452 0.0177553
1 -0.1428909 1.1219371 0.8684763
1 -0.3553829 0.9568708 -0.9998750
1 1.1025518 -0.2114437 0.1483496
8 -0.0323453 -0.7282488 -0.0143891
5
-114.63     ts77     dynamics     sesquiterpene     TS     runpoint      5     runisomer      123
6 -0.0443068 0.6292378 0.0106824
1 -0.1530204 1.1381188 0.9447212
1 -0.3740951 0.9418093 -1.0047343
1 1.0879674 -0.2648668 0.1515277
8 -0.0300496 -0.7235227 -0.0137811
5
-114.642     ts77     dynamics     sesquiterpene     TS     runpoint      6     runisomer      123
6 -0.0440508 0.6284948 0.0016651
1 -0.1668802 1.1598190 1.0239104
1 -0.3917129 0.9381463 -0.9978248
1 1.0440605 -0.3354051 0.1497654
8 -0.0254916 -0.7196577 -0.0123303
5
-114.654     ts77     dynamics     sesquiterpene     TS     runpoint      7     runisomer      123
6 -0.0450083 0.6302777 -0.0072490
1 -0.1813008 1.1758092 1.0831714
1 -0.4097038 0.9467744 -0.9815360
1 0.9735216 -0.4313081 0.1441754
8 -0.0182868 -0.7165043 -0.0100506
5
-114.666     ts77     dynamics     sesquiterpene     TS     runpoint      8     runisomer      123
6 -0.0477152 0.6350905 -0.0148358
1 -0.1942969 1.1813649 1.1118606
1 -0.4299960 0.9680981 -0.9600190
1 0.8915003 -0.5556833 0.1380296
8 -0.0089902 -0.7139714 -0.0071358
5
-114.674     ts77     dynamics     sesquiterpene     TS     runpoint      9     runisomer      123
6 -0.0521350 0.6426990 -0.0202875
1 -0.2046210 1.1751328 1.1061849
1 -0.4544332 1.0016504 -0.9377191
1 0.8423818 -0.7022270 0.1394580
8 -0.0003883 -0.7121658 -0.0041842
5
-114.675     ts77     dynamics     sesquiterpene     TS     runpoint      10     runisomer      123
6 -0.0576935 0.6523067 -0.0231173
1 -0.2115958 1.1576372 1.0665937
1 -0.4839337 1.0453463 -0.9175310
1 0.8773374 -0.8681719 0.1580569
8 0.0038788 -0.7105682 -0.0020115
5
-114.703     ts77     dynamics     sesquiterpene     TS     runpoint      11     runisomer      123
6 -0.0636869 0.6630398 -0.0233817
1 -0.2151624 1.1314252 0.9984934
1 -0.5176618 1.0950765 -0.8997424
1 0.9491712 -1.0478755 0.1859189
8 0.0061994 -0.7087780 -0.0003999
5
-114.713     ts77     dynamics     sesquiterpene     TS     runpoint      12     runisomer      123
6 -0.0696221 0.6740823 -0.0220835
1 -0.2162196 1.1026160 0.9161547
1 -0.5529252 1.1452837 -0.8826835
1 0.9995166 -1.2169608 0.2112713
8 0.0097682 -0.7077554 0.0011403
5
-114.693     ts77     dynamics     sesquiterpene     TS     runpoint      13     runisomer      123
6 -0.0751030 0.6842485 -0.0215521
1 -0.2176437 1.0833473 0.8484638
1 -0.5861476 1.1902472 -0.8644973
1 1.0107785 -1.3568794 0.2292923
8 0.0153536 -0.7081837 0.0027227
5
-114.66     ts77     dynamics     sesquiterpene     TS     runpoint      14     runisomer      123
6 -0.0796800 0.6920313 -0.0248020
1 -0.2239288 1.0891385 0.8326980
1 -0.6142854 1.2253128 -0.8445393
1 0.9833356 -1.4582609 0.2388120
8 0.0226864 -0.7102074 0.0042957
5
-114.643     ts77     dynamics     sesquiterpene     TS     runpoint      15     runisomer      123
6 -0.0831667 0.6970086 -0.0323101
1 -0.2355374 1.1222709 0.8769938
1 -0.6359452 1.2474721 -0.8238504
1 0.9213115 -1.5157843 0.2396839
8 0.0313063 -0.7137990 0.0057780
5
-114.65     ts77     dynamics     sesquiterpene     TS     runpoint      16     runisomer      123
6 -0.0857274 0.7002882 -0.0411209
1 -0.2471215 1.1670002 0.9495957
1 -0.6518074 1.2553916 -0.8046954
1 0.8283637 -1.5249274 0.2319161
8 0.0408126 -0.7189984 0.0070951
5
-114.662     ts77     dynamics     sesquiterpene     TS     runpoint      17     runisomer      123
6 -0.0873912 0.7028510 -0.0482344
1 -0.2540490 1.2077303 1.0182631
1 -0.6642220 1.2493279 -0.7897601
1 0.7097986 -1.4839663 0.2163010
8 0.0507514 -0.7256837 0.0081467
5
-114.672     ts77     dynamics     sesquiterpene     TS     runpoint      18     runisomer      123
6 -0.0880151 0.7048581 -0.0519236
1 -0.2543978 1.2359801 1.0653386
1 -0.6762602 1.2308584 -0.7816531
1 0.5831092 -1.4070073 0.1978375
8 0.0599825 -0.7326531 0.0086008
5
-114.658     ts77     dynamics     sesquiterpene     TS     runpoint      19     runisomer      123
6 -0.0874647 0.7059743 -0.0513942
1 -0.2477456 1.2481002 1.0831291
1 -0.6905055 1.2020388 -0.7822745
1 0.5029552 -1.3608117 0.1963995
8 0.0650997 -0.7353469 0.0072117
5
-114.617     ts77     dynamics     sesquiterpene     TS     runpoint      20     runisomer      123
6 -0.0857184 0.7059201 -0.0464527
1 -0.2343380 1.2431440 1.0693135
1 -0.7079708 1.1644112 -0.7917650
1 0.5296954 -1.4363056 0.2420625
8 0.0623610 -0.7278647 0.0020959
5
-114.661     ts77     dynamics     sesquiterpene     TS     runpoint      21     runisomer      123
6 -0.0828743 0.7048542 -0.0374379
1 -0.2149332 1.2224563 1.0256745
1 -0.7275235 1.1187439 -0.8077426
1 0.5940595 -1.5389904 0.3086715
8 0.0561822 -0.7164129 -0.0051083
5
-114.673     ts77     dynamics     sesquiterpene     TS     runpoint      22     runisomer      123
6 -0.0791527 0.7030028 -0.0253158
1 -0.1908480 1.1901646 0.9594907
1 -0.7461221 1.0654052 -0.8257411
1 0.6513723 -1.6026031 0.3733399
8 0.0494342 -0.7056192 -0.0129730
5
-114.664     ts77     dynamics     sesquiterpene     TS     runpoint      23     runisomer      123
6 -0.0748012 0.7001268 -0.0120188
1 -0.1643546 1.1555005 0.8882990
1 -0.7599489 1.0054013 -0.8405439
1 0.6897966 -1.6112355 0.4283940
8 0.0429505 -0.6969507 -0.0209997
5
-114.653     ts77     dynamics     sesquiterpene     TS     runpoint      24     runisomer      123
6 -0.0699807 0.6951495 -0.0007445
1 -0.1388471 1.1353115 0.8443340
1 -0.7659485 0.9412214 -0.8476221
1 0.7063619 -1.5642475 0.4709667
8 0.0370629 -0.6908600 -0.0289255
5
-114.647     ts77     dynamics     sesquiterpene     TS     runpoint      25     runisomer      123
6 -0.0648333 0.6868403 0.0055047
1 -0.1167870 1.1462984 0.8582677
1 -0.7631321 0.8769486 -0.8443507
1 0.6992427 -1.4644446 0.4987975
8 0.0320832 -0.6875551 -0.0364539
5
-114.668     ts77     dynamics     sesquiterpene     TS     runpoint      26     runisomer      123
6 -0.0596115 0.6756530 0.0072556
1 -0.0972639 1.1842468 0.9206066
1 -0.7533172 0.8179358 -0.8310700
1 0.6677910 -1.3177601 0.5102357
8 0.0283000 -0.6870758 -0.0432541
