5
-114.654160 ts77 dynamics sesquiterpene TS runpoint 1  runisomer  100
6 -0.0212989 0.6149408 -0.0097980
1 -0.3729194 1.1247669 0.9130321
1 -0.2671986 1.2161774 -0.8433440
1 0.9944763 -0.1012022 -0.0824802
8 -0.0343028 -0.7395565 0.0081569
5
-114.649 ts77 dynamics sesquiterpene TS runpoint 2  runisomer  100
6 -0.0143731 0.620291 -0.016691
1 -0.408306 1.11699 0.894696
1 -0.264043 1.21225 -0.759063
1 0.952859 -0.0792806 -0.103865
8 -0.0348456 -0.744214 0.0105206
5
-114.636     ts77     dynamics     sesquiterpene     TS     runpoint      3     runisomer      100
6 -0.0077191 0.6251101 -0.0192167
1 -0.4356315 1.1051989 0.8771928
1 -0.2705816 1.2286906 -0.7223230
1 0.9236681 -0.0541416 -0.1236245
8 -0.0358650 -0.7497062 0.0124491
5
-114.627     ts77     dynamics     sesquiterpene     TS     runpoint      4     runisomer      100
6 -0.0016077 0.6286163 -0.0166854
1 -0.4537390 1.0901310 0.8641785
1 -0.2900116 1.2724009 -0.7436165
1 0.9163719 -0.0253832 -0.1421896
8 -0.0376251 -0.7559528 0.0138811
5
-114.633     ts77     dynamics     sesquiterpene     TS     runpoint      5     runisomer      100
6 0.0031591 0.6317984 -0.0111352
1 -0.4624724 1.0735056 0.8590061
1 -0.3146877 1.3255954 -0.8015593
1 0.9356971 0.0094996 -0.1597095
8 -0.0403142 -0.7628425 0.0147982
5
-114.64     ts77     dynamics     sesquiterpene     TS     runpoint      6     runisomer      100
6 0.0061915 0.6354322 -0.0050448
1 -0.4623519 1.0577180 0.8638464
1 -0.3356064 1.3679650 -0.8697546
1 0.9794956 0.0560165 -0.1753803
8 -0.0440384 -0.7701760 0.0152083
5
-114.642     ts77     dynamics     sesquiterpene     TS     runpoint      7     runisomer      100
6 0.0079054 0.6392324 -0.0001200
1 -0.4540272 1.0451454 0.8791892
1 -0.3480768 1.3886800 -0.9307463
1 1.0398392 0.1216574 -0.1872948
8 -0.0488636 -0.7776769 0.0151397
5
-114.644     ts77     dynamics     sesquiterpene     TS     runpoint      8     runisomer      100
6 0.0091372 0.6424507 0.0026881
1 -0.4377183 1.0372885 0.9033482
1 -0.3508277 1.3839746 -0.9745695
1 1.1060950 0.2125694 -0.1930246
8 -0.0548174 -0.7850297 0.0146332
5
-114.649     ts77     dynamics     sesquiterpene     TS     runpoint      9     runisomer      100
6 0.0107313 0.6445088 0.0030205
1 -0.4131885 1.0343316 0.9323193
1 -0.3444325 1.3536148 -0.9956670
1 1.1673781 0.3303399 -0.1904044
8 -0.0618227 -0.7918963 0.0137218
5
-114.66     ts77     dynamics     sesquiterpene     TS     runpoint      10     runisomer      100
6 0.0133761 0.6452130 0.0009838
1 -0.3803582 1.0353708 0.9605644
1 -0.3305980 1.2993544 -0.9914882
1 1.2140224 0.4712891 -0.1780968
8 -0.0696871 -0.7979524 0.0124320
5
-114.674     ts77     dynamics     sesquiterpene     TS     runpoint      11     runisomer      100
6 0.0176333 0.6446488 -0.0029341
1 -0.3400460 1.0390142 0.9824611
1 -0.3122090 1.2250150 -0.9628954
1 1.2388372 0.6278884 -0.1558825
8 -0.0781435 -0.8029417 0.0107907
5
-114.687     ts77     dynamics     sesquiterpene     TS     runpoint      12     runisomer      100
6 0.0240249 0.6429011 -0.0077753
1 -0.2944115 1.0439195 0.9936807
1 -0.2941173 1.1378365 -0.9166927
1 1.2380929 0.7906394 -0.1247467
8 -0.0869088 -0.8067020 0.0088437
5
-114.694     ts77     dynamics     sesquiterpene     TS     runpoint      13     runisomer      100
6 0.0331695 0.6397314 -0.0118283
1 -0.2470263 1.0490996 0.9921594
1 -0.2846789 1.0503571 -0.8702332
1 1.2118620 0.9496796 -0.0868459
8 -0.0956982 -0.8091600 0.0066663
5
-114.688     ts77     dynamics     sesquiterpene     TS     runpoint      14     runisomer      100
6 0.0458567 0.6345977 -0.0127131
1 -0.2027302 1.0541115 0.9788495
1 -0.2962369 0.9785711 -0.8514572
1 1.1636138 1.0961347 -0.0452982
8 -0.1042392 -0.8103302 0.0043686
5
-114.677     ts77     dynamics     sesquiterpene     TS     runpoint      15     runisomer      100
6 0.0622402 0.6274728 -0.0092368
1 -0.1667850 1.0595253 0.9580999
1 -0.3366410 0.9309937 -0.8770560
1 1.0995395 1.2224690 -0.0041165
8 -0.1122121 -0.8102883 0.0020881
5
-114.673     ts77     dynamics     sesquiterpene     TS     runpoint      16     runisomer      100
6 0.0816326 0.6195721 -0.0020946
1 -0.1480972 1.0674489 0.9360463
1 -0.3990527 0.8971536 -0.9314724
1 1.0277796 1.3241690 0.0274377
8 -0.1194847 -0.8091355 -0.0004392
5
-114.654160 ts77 dynamics sesquiterpene TS runpoint 1  runisomer  100
6 -0.0212989 0.6149408 -0.0097980
1 -0.3729194 1.1247669 0.9130321
1 -0.2671986 1.2161774 -0.8433440
1 0.9944763 -0.1012022 -0.0824802
8 -0.0343028 -0.7395565 0.0081569
5
-114.649 ts77 dynamics sesquiterpene TS runpoint 2  runisomer  100
6 -0.0284762 0.610758 -0.00112664
1 -0.331628 1.12883 0.929316
1 -0.271743 1.22074 -0.943216
1 1.03768 -0.119279 -0.0593118
8 -0.0339558 -0.735822 0.00545823
5
-114.648     ts77     dynamics     sesquiterpene     TS     runpoint      3     runisomer      100
6 -0.0355987 0.6086963 0.0071007
1 -0.2871936 1.1303796 0.9421082
1 -0.2728085 1.2138316 -1.0324685
1 1.0730002 -0.1326271 -0.0346291
8 -0.0335702 -0.7330959 0.0025470
5
-114.639     ts77     dynamics     sesquiterpene     TS     runpoint      4     runisomer      100
6 -0.0422109 0.6089378 0.0135184
1 -0.2424042 1.1312064 0.9514301
1 -0.2689889 1.1919631 -1.0962605
1 1.0936722 -0.1407002 -0.0090261
8 -0.0329748 -0.7314422 -0.0004493
5
-114.63     ts77     dynamics     sesquiterpene     TS     runpoint      5     runisomer      100
6 -0.0479440 0.6113172 0.0173384
1 -0.1995796 1.1331473 0.9581491
1 -0.2604411 1.1559675 -1.1272679
1 1.0957842 -0.1437744 0.0167195
8 -0.0320441 -0.7308865 -0.0034077
5
-114.626     ts77     dynamics     sesquiterpene     TS     runpoint      6     runisomer      100
6 -0.0526413 0.6155875 0.0181585
1 -0.1603308 1.1375809 0.9630607
1 -0.2478747 1.1086047 -1.1225350
1 1.0779704 -0.1433450 0.0417510
8 -0.0306625 -0.7314125 -0.0062097
5
-114.63     ts77     dynamics     sesquiterpene     TS     runpoint      7     runisomer      100
6 -0.0563847 0.6215215 0.0159484
1 -0.1255648 1.1450483 0.9661593
1 -0.2323281 1.0540153 -1.0827807
1 1.0413168 -0.1423969 0.0652295
8 -0.0287155 -0.7329548 -0.0087321
5
-114.639     ts77     dynamics     sesquiterpene     TS     runpoint      8     runisomer      100
6 -0.0594583 0.6288569 0.0112315
1 -0.0956552 1.1552150 0.9664786
1 -0.2155003 0.9984603 -1.0146570
1 0.9896639 -0.1455118 0.0865220
8 -0.0261017 -0.7354013 -0.0108490
5
-114.648     ts77     dynamics     sesquiterpene     TS     runpoint      9     runisomer      100
6 -0.0622369 0.6371194 0.0055678
1 -0.0706079 1.1671953 0.9625673
1 -0.2006475 0.9520850 -0.9369771
1 0.9300516 -0.1587716 0.1055217
8 -0.0227762 -0.7385962 -0.0124457
5
-114.645     ts77     dynamics     sesquiterpene     TS     runpoint      10     runisomer      100
6 -0.0650441 0.6454533 0.0020149
1 -0.0501288 1.1800791 0.9533851
1 -0.1933973 0.9299307 -0.8872163
1 0.8728182 -0.1890894 0.1230759
8 -0.0188120 -0.7423535 -0.0134443
5
-114.635     ts77     dynamics     sesquiterpene     TS     runpoint      11     runisomer      100
6 -0.0682198 0.6530819 0.0034526
1 -0.0335974 1.1934980 0.9395320
1 -0.1988676 0.9445453 -0.9024628
1 0.8310216 -0.2422490 0.1412922
8 -0.0144937 -0.7464941 -0.0138375
5
-114.643     ts77     dynamics     sesquiterpene     TS     runpoint      12     runisomer      100
6 -0.0724713 0.6603439 0.0084210
1 -0.0200699 1.2080302 0.9241929
1 -0.2148046 0.9908108 -0.9702876
1 0.8189710 -0.3200402 0.1634867
8 -0.0103947 -0.7508711 -0.0137245
5
-114.661     ts77     dynamics     sesquiterpene     TS     runpoint      13     runisomer      100
6 -0.0784503 0.6679692 0.0128882
1 -0.0084309 1.2249460 0.9120096
1 -0.2346064 1.0523731 -1.0480471
1 0.8470056 -0.4204752 0.1931619
8 -0.0071627 -0.7552077 -0.0132805
5
-114.674     ts77     dynamics     sesquiterpene     TS     runpoint      14     runisomer      100
6 -0.0862547 0.6760386 0.0141755
1 0.0023727 1.2450753 0.9062185
1 -0.2536368 1.1158404 -1.1063454
1 0.9091152 -0.5431285 0.2306002
8 -0.0047042 -0.7588011 -0.0125697
5
-114.683     ts77     dynamics     sesquiterpene     TS     runpoint      15     runisomer      100
6 -0.0955857 0.6842517 0.0114010
1 0.0131297 1.2674869 0.9064812
1 -0.2696003 1.1728082 -1.1322831
1 0.9793904 -0.6878256 0.2704111
8 -0.0018053 -0.7608465 -0.0113807
5
-114.687     ts77     dynamics     sesquiterpene     TS     runpoint      16     runisomer      100
6 -0.1060050 0.6923602 0.0047918
1 0.0241971 1.2893055 0.9091282
1 -0.2813861 1.2179541 -1.1220476
1 1.0300698 -0.8475250 0.3052850
8 0.0028622 -0.7610868 -0.0094339
5
-114.686     ts77     dynamics     sesquiterpene     TS     runpoint      17     runisomer      100
6 -0.1170288 0.7002324 -0.0048527
1 0.0354815 1.3068576 0.9093121
1 -0.2885313 1.2478827 -1.0769531
1 1.0448040 -1.0094337 0.3300807
8 0.0099416 -0.7597833 -0.0066158
5
-114.685     ts77     dynamics     sesquiterpene     TS     runpoint      18     runisomer      100
6 -0.1281366 0.7077007 -0.0163735
1 0.0466284 1.3170082 0.9031881
1 -0.2913031 1.2613263 -1.0033178
1 1.0183138 -1.1597568 0.3424647
8 0.0194154 -0.7574014 -0.0030097
5
-114.685     ts77     dynamics     sesquiterpene     TS     runpoint      19     runisomer      100
6 -0.1387447 0.7142941 -0.0281044
1 0.0572851 1.3179521 0.8891704
1 -0.2913194 1.2611706 -0.9155672
1 0.9524310 -1.2864407 0.3421797
8 0.0308519 -0.7544145 0.0011593
5
-114.682     ts77     dynamics     sesquiterpene     TS     runpoint      20     runisomer      100
6 -0.1481607 0.7188368 -0.0375408
1 0.0673828 1.3095396 0.8684157
1 -0.2924911 1.2583743 -0.8408158
1 0.8536272 -1.3804293 0.3305468
8 0.0435769 -0.7511950 0.0055662
5
-114.67     ts77     dynamics     sesquiterpene     TS     runpoint      21     runisomer      100
6 -0.1556832 0.7194575 -0.0418110
1 0.0774148 1.2933924 0.8448670
1 -0.3004256 1.2711826 -0.8137120
1 0.7327922 -1.4376817 0.3107479
8 0.0566996 -0.7478428 0.0097894
5
-114.664     ts77     dynamics     sesquiterpene     TS     runpoint      22     runisomer      100
6 -0.1611193 0.7152031 -0.0402548
1 0.0886703 1.2728624 0.8247720
1 -0.3169766 1.3055415 -0.8456833
1 0.6065735 -1.4643003 0.2891436
8 0.0690632 -0.7438449 0.0132594
5
-114.666     ts77     dynamics     sesquiterpene     TS     runpoint      23     runisomer      100
6 -0.1650493 0.7070575 -0.0354071
1 0.1030465 1.2524043 0.8148759
1 -0.3372582 1.3437224 -0.9117643
1 0.4963184 -1.4832529 0.2765366
8 0.0793289 -0.7376565 0.0151991
5
-114.659     ts77     dynamics     sesquiterpene     TS     runpoint      24     runisomer      100
6 -0.1682402 0.6963323 -0.0300338
1 0.1220607 1.2357744 0.8189776
1 -0.3553389 1.3662941 -0.9821102
1 0.4147225 -1.5236843 0.2834335
8 0.0868041 -0.7274373 0.0149028
5
-114.654     ts77     dynamics     sesquiterpene     TS     runpoint      25     runisomer      100
6 -0.1712164 0.6839917 -0.0254796
1 0.1455868 1.2240637 0.8351191
1 -0.3675287 1.3635814 -1.0382485
1 0.3515057 -1.5825886 0.3084629
8 0.0923045 -0.7135587 0.0124249
5
-114.653     ts77     dynamics     sesquiterpene     TS     runpoint      26     runisomer      100
6 -0.1742310 0.6709187 -0.0218745
1 0.1715647 1.2156252 0.8563545
1 -0.3720671 1.3330173 -1.0709313
1 0.2904010 -1.6303890 0.3418168
8 0.0970656 -0.6982818 0.0083352
5
-114.651     ts77     dynamics     sesquiterpene     TS     runpoint      27     runisomer      100
6 -0.1773959 0.6579716 -0.0187833
1 0.1969477 1.2078224 0.8744343
1 -0.3684500 1.2756868 -1.0761793
1 0.2231238 -1.6443763 0.3758790
8 0.1018520 -0.6835833 0.0030557
5
-114.655     ts77     dynamics     sesquiterpene     TS     runpoint      28     runisomer      100
6 -0.1807811 0.6458618 -0.0156415
1 0.2188640 1.1986705 0.8829603
1 -0.3571894 1.1951460 -1.0537269
1 0.1472470 -1.6158109 0.4073108
8 0.1070818 -0.6706455 -0.0032379
5
-114.668     ts77     dynamics     sesquiterpene     TS     runpoint      29     runisomer      100
6 -0.1844231 0.6349841 -0.0118124
1 0.2353066 1.1875348 0.8786367
1 -0.3398824 1.0981576 -1.0083282
1 0.0631322 -1.5470761 0.4363721
8 0.1129879 -0.6600032 -0.0105355
5
-114.686     ts77     dynamics     sesquiterpene     TS     runpoint      30     runisomer      100
6 -0.1882849 0.6252578 -0.0062674
1 0.2454524 1.1753108 0.8613820
1 -0.3195852 0.9964795 -0.9541191
1 -0.0280899 -1.4507236 0.4676855
8 0.1197152 -0.6516001 -0.0190026
5
-114.695     ts77     dynamics     sesquiterpene     TS     runpoint      31     runisomer      100
6 -0.1922603 0.6161351 0.0027051
1 0.2499036 1.1645151 0.8342580
1 -0.3008949 0.9069825 -0.9186445
1 -0.1272736 -1.3474218 0.5113332
8 0.1274887 -0.6449449 -0.0290159
5
-114.692     ts77     dynamics     sesquiterpene     TS     runpoint      32     runisomer      100
6 -0.1963904 0.6072387 0.0164003
1 0.2510154 1.1593376 0.8034656
1 -0.2876306 0.8442971 -0.9301208
1 -0.2363382 -1.2511959 0.5751386
8 0.1365545 -0.6400576 -0.0406534
5
-114.695     ts77     dynamics     sesquiterpene     TS     runpoint      33     runisomer      100
6 -0.2011215 0.5991312 0.0330805
1 0.2528395 1.1650977 0.7774762
1 -0.2795462 0.8110460 -0.9847897
1 -0.3480635 -1.1567067 0.6493353
8 0.1465214 -0.6381967 -0.0527656
5
-114.696     ts77     dynamics     sesquiterpene     TS     runpoint      34     runisomer      100
6 -0.2069458 0.5927704 0.0489141
1 0.2594289 1.1859023 0.7633331
1 -0.2745748 0.8026447 -1.0525168
1 -0.4465675 -1.0568764 0.7140445
8 0.1563690 -0.6404972 -0.0635688
5
-114.682     ts77     dynamics     sesquiterpene     TS     runpoint      35     runisomer      100
6 -0.2138961 0.5889716 0.0611233
1 0.2717432 1.2209827 0.7618173
1 -0.2717685 0.8144560 -1.1078055
1 -0.5189375 -0.9541241 0.7554153
8 0.1651908 -0.6470767 -0.0717621
5
-114.665     ts77     dynamics     sesquiterpene     TS     runpoint      36     runisomer      100
6 -0.2215227 0.5884351 0.0686753
1 0.2867092 1.2638473 0.7673867
1 -0.2712126 0.8426359 -1.1372825
1 -0.5589221 -0.8554736 0.7678957
8 0.1724547 -0.6573670 -0.0767139
5
-114.653     ts77     dynamics     sesquiterpene     TS     runpoint      37     runisomer      100
6 -0.2291633 0.5916352 0.0715168
1 0.2995178 1.3056944 0.7728088
1 -0.2734957 0.8835880 -1.1353481
1 -0.5656500 -0.7679343 0.7515102
8 0.1779483 -0.6705014 -0.0782832
5
-114.651     ts77     dynamics     sesquiterpene     TS     runpoint      38     runisomer      100
6 -0.2361399 0.5987242 0.0699134
1 0.3060365 1.3390023 0.7728596
1 -0.2794497 0.9336180 -1.1007954
1 -0.5428550 -0.6977974 0.7108688
8 0.1817109 -0.6854902 -0.0767053
5
-114.657     ts77     dynamics     sesquiterpene     TS     runpoint      39     runisomer      100
6 -0.2418357 0.6096512 0.0642302
1 0.3037527 1.3588876 0.7653261
1 -0.2898597 0.9889766 -1.0363815
1 -0.4994921 -0.6518465 0.6565097
8 0.1840522 -0.7013246 -0.0726061
5
-114.666     ts77     dynamics     sesquiterpene     TS     runpoint      40     runisomer      100
6 -0.2457575 0.6242101 0.0551117
1 0.2919550 1.3631796 0.7508424
1 -0.3053121 1.0468242 -0.9509942
1 -0.4518301 -0.6369894 0.6076157
8 0.1857080 -0.7171000 -0.0671577
5
-114.667     ts77     dynamics     sesquiterpene     TS     runpoint      41     runisomer      100
6 -0.2476245 0.6416580 0.0439013
1 0.2719591 1.3524229 0.7327884
1 -0.3265690 1.1077334 -0.8632194
1 -0.4231861 -0.6565678 0.5910586
8 0.1879025 -0.7321173 -0.0621029
5
-114.665     ts77     dynamics     sesquiterpene     TS     runpoint      42     runisomer      100
6 -0.2474027 0.6601948 0.0326785
1 0.2475266 1.3301521 0.7174247
1 -0.3553930 1.1781053 -0.8003350
1 -0.4277831 -0.7088374 0.6229901
8 0.1913813 -0.7457618 -0.0586958
5
-114.671     ts77     dynamics     sesquiterpene     TS     runpoint      43     runisomer      100
6 -0.2453513 0.6775448 0.0228432
1 0.2247965 1.3027746 0.7135603
1 -0.3939069 1.2642290 -0.7813632
1 -0.4506345 -0.7894385 0.6861881
8 0.1951399 -0.7574019 -0.0562568
5
-114.681     ts77     dynamics     sesquiterpene     TS     runpoint      44     runisomer      100
6 -0.2421311 0.6926417 0.0135932
1 0.2102503 1.2774765 0.7299538
1 -0.4407770 1.3587959 -0.7985462
1 -0.4666011 -0.8898530 0.7497771
8 0.1975998 -0.7667661 -0.0532808
5
-114.682     ts77     dynamics     sesquiterpene     TS     runpoint      45     runisomer      100
6 -0.2384676 0.7058516 0.0033836
1 0.2064830 1.2577559 0.7695644
1 -0.4903761 1.4447932 -0.8303712
1 -0.4606802 -0.9990335 0.7926760
8 0.1978410 -0.7739730 -0.0488218
5
-114.677     ts77     dynamics     sesquiterpene     TS     runpoint      46     runisomer      100
6 -0.2346225 0.7180102 -0.0081949
1 0.2099532 1.2411350 0.8255281
1 -0.5365028 1.5084619 -0.8599548
1 -0.4281273 -1.1063497 0.8051774
8 0.1955923 -0.7792969 -0.0425916
5
-114.669     ts77     dynamics     sesquiterpene     TS     runpoint      47     runisomer      100
6 -0.2304457 0.7297629 -0.0204297
1 0.2138965 1.2226492 0.8847162
1 -0.5746685 1.5425029 -0.8780567
1 -0.3704833 -1.2026827 0.7851125
8 0.1909813 -0.7830248 -0.0347448
5
-114.664     ts77     dynamics     sesquiterpene     TS     runpoint      48     runisomer      100
6 -0.2256959 0.7413154 -0.0322379
1 0.2123544 1.1990460 0.9344538
1 -0.6023335 1.5442309 -0.8806009
1 -0.2938040 -1.2814220 0.7364189
8 0.1844247 -0.7853527 -0.0257993
5
-114.663     ts77     dynamics     sesquiterpene     TS     runpoint      49     runisomer      100
6 -0.2201813 0.7524333 -0.0426071
1 0.2017153 1.1698293 0.9660430
1 -0.6187353 1.5141278 -0.8669844
1 -0.2088114 -1.3412638 0.6706547
8 0.1766348 -0.7861870 -0.0167316
5
-114.662     ts77     dynamics     sesquiterpene     TS     runpoint      50     runisomer      100
6 -0.2137167 0.7624759 -0.0506428
1 0.1806079 1.1366058 0.9752790
1 -0.6251931 1.4559801 -0.8402153
1 -0.1302986 -1.3909876 0.6086374
8 0.1685742 -0.7848325 -0.0090717
5
-114.659     ts77     dynamics     sesquiterpene     TS     runpoint      51     runisomer      100
6 -0.2059970 0.7703316 -0.0554308
1 0.1495772 1.1024892 0.9624556
1 -0.6263244 1.3784069 -0.8088341
1 -0.0704644 -1.4472818 0.5721923
8 0.1610372 -0.7801437 -0.0043609
5
-114.657     ts77     dynamics     sesquiterpene     TS     runpoint      52     runisomer      100
6 -0.1964657 0.7743858 -0.0559666
1 0.1110522 1.0720317 0.9333461
1 -0.6316824 1.2957954 -0.7889628
1 -0.0294502 -1.5131662 0.5636618
8 0.1540656 -0.7719113 -0.0028478
5
-114.654     ts77     dynamics     sesquiterpene     TS     runpoint      53     runisomer      100
6 -0.1845288 0.7729926 -0.0517705
1 0.0693277 1.0514689 0.9011611
1 -0.6534764 1.2225898 -0.7990298
1 -0.0005154 -1.5706103 0.5679001
8 0.1472882 -0.7613391 -0.0036099
5
-114.652     ts77     dynamics     sesquiterpene     TS     runpoint      54     runisomer      100
6 -0.1704039 0.7655112 -0.0443877
1 0.0293359 1.0483338 0.8861372
1 -0.6952511 1.1609028 -0.8413776
1 0.0210100 -1.6009620 0.5717855
8 0.1404852 -0.7497299 -0.0057884
5
-114.654     ts77     dynamics     sesquiterpene     TS     runpoint      55     runisomer      100
6 -0.1552366 0.7523749 -0.0368763
1 -0.0070717 1.0683276 0.9043585
1 -0.7466466 1.1022158 -0.8969897
1 0.0371272 -1.5946704 0.5696470
8 0.1336210 -0.7378343 -0.0089419
5
-114.663     ts77     dynamics     sesquiterpene     TS     runpoint      56     runisomer      100
6 -0.1399985 0.7345015 -0.0307648
1 -0.0432259 1.1096629 0.9504050
1 -0.7942207 1.0400502 -0.9442555
1 0.0486192 -1.5507528 0.5614770
8 0.1267379 -0.7258800 -0.0129441
5
-114.674     ts77     dynamics     sesquiterpene     TS     runpoint      57     runisomer      100
6 -0.1252383 0.7131027 -0.0255540
1 -0.0831232 1.1627779 1.0021961
1 -0.8289267 0.9731956 -0.9698677
1 0.0557124 -1.4769849 0.5527315
8 0.1199152 -0.7136082 -0.0179609
5
-114.68     ts77     dynamics     sesquiterpene     TS     runpoint      58     runisomer      100
6 -0.1114131 0.6894708 -0.0203573
1 -0.1276407 1.2162340 1.0398112
1 -0.8462268 0.9036446 -0.9681642
1 0.0582007 -1.3922153 0.5568753
8 0.1132788 -0.7002053 -0.0246073
5
-114.679     ts77     dynamics     sesquiterpene     TS     runpoint      59     runisomer      100
6 -0.0989919 0.6649280 -0.0146967
1 -0.1751401 1.2606903 1.0524412
1 -0.8447576 0.8350416 -0.9386549
1 0.0559539 -1.3209026 0.5938567
8 0.1069999 -0.6847632 -0.0338475
5
-114.682     ts77     dynamics     sesquiterpene     TS     runpoint      60     runisomer      100
6 -0.0883918 0.6409846 -0.0084215
1 -0.2229286 1.2895882 1.0365715
1 -0.8260267 0.7722091 -0.8851407
1 0.0506021 -1.2683619 0.6696620
8 0.1012133 -0.6679714 -0.0457138
5
-114.69     ts77     dynamics     sesquiterpene     TS     runpoint      61     runisomer      100
6 -0.0798376 0.6194421 -0.0014077
1 -0.2680596 1.2988374 0.9934666
1 -0.7954324 0.7210719 -0.8165790
1 0.0457098 -1.2163555 0.7625899
8 0.0960167 -0.6524449 -0.0584457
5
-114.689     ts77     dynamics     sesquiterpene     TS     runpoint      62     runisomer      100
6 -0.0731399 0.6022012 0.0066862
1 -0.3077339 1.2868954 0.9283318
1 -0.7639987 0.6883305 -0.7487058
1 0.0444854 -1.1507766 0.8459339
8 0.0915856 -0.6408257 -0.0699529
5
-114.676     ts77     dynamics     sesquiterpene     TS     runpoint      63     runisomer      100
6 -0.0675977 0.5908131 0.0162704
1 -0.3400047 1.2559092 0.8513481
1 -0.7475963 0.6802317 -0.7026269
1 0.0488902 -1.0698408 0.9029599
8 0.0881479 -0.6349186 -0.0788001
5
-114.662     ts77     dynamics     sesquiterpene     TS     runpoint      64     runisomer      100
6 -0.0625332 0.5859168 0.0267516
1 -0.3655284 1.2141346 0.7801242
1 -0.7571220 0.7001096 -0.6939057
1 0.0599144 -0.9791111 0.9263801
8 0.0858595 -0.6355825 -0.0842120
5
-114.655     ts77     dynamics     sesquiterpene     TS     runpoint      65     runisomer      100
6 -0.0580120 0.5869180 0.0354289
1 -0.3900722 1.1773716 0.7401262
1 -0.7862015 0.7459398 -0.7196110
1 0.0778021 -0.8876307 0.9162266
8 0.0847180 -0.6426694 -0.0859527
5
-114.656     ts77     dynamics     sesquiterpene     TS     runpoint      66     runisomer      100
6 -0.0545312 0.5926477 0.0389047
1 -0.4224630 1.1605024 0.7533287
1 -0.8174389 0.8109359 -0.7638789
1 0.1022148 -0.8062154 0.8810283
8 0.0845756 -0.6551296 -0.0843962
5
-114.664     ts77     dynamics     sesquiterpene     TS     runpoint      67     runisomer      100
6 -0.0529347 0.6028818 0.0359746
1 -0.4634591 1.1601399 0.8169395
1 -0.8359803 0.8867596 -0.8109329
1 0.1329337 -0.7456633 0.8412991
8 0.0851929 -0.6713776 -0.0807478
5
-114.674     ts77     dynamics     sesquiterpene     TS     runpoint      68     runisomer      100
6 -0.0543591 0.6180504 0.0277843
1 -0.5037391 1.1596038 0.9064141
1 -0.8334533 0.9657211 -0.8496595
1 0.1711467 -0.7130056 0.8262973
8 0.0862311 -0.6897571 -0.0768656
5
-114.678     ts77     dynamics     sesquiterpene     TS     runpoint      69     runisomer      100
6 -0.0595206 0.6378732 0.0160784
1 -0.5341566 1.1469154 0.9968651
1 -0.8066787 1.0414678 -0.8733227
1 0.2187122 -0.7082737 0.8501125
8 0.0873346 -0.7089007 -0.0738038
5
-114.683     ts77     dynamics     sesquiterpene     TS     runpoint      70     runisomer      100
6 -0.0684710 0.6612342 0.0024699
1 -0.5500658 1.1186292 1.0714495
1 -0.7562414 1.1091745 -0.8788544
1 0.2740102 -0.7270425 0.8947008
8 0.0883884 -0.7277294 -0.0707665
5
-114.687     ts77     dynamics     sesquiterpene     TS     runpoint      71     runisomer      100
6 -0.0807141 0.6866614 -0.0115295
1 -0.5502364 1.0763757 1.1200113
1 -0.6859996 1.1659359 -0.8670069
1 0.3316989 -0.7637249 0.9325224
8 0.0895215 -0.7454090 -0.0664653
5
-114.687     ts77     dynamics     sesquiterpene     TS     runpoint      72     runisomer      100
6 -0.0953230 0.7125892 -0.0243051
1 -0.5353055 1.0240257 1.1366557
1 -0.6034047 1.2119826 -0.8437958
1 0.3860661 -0.8124338 0.9457195
8 0.0909104 -0.7613958 -0.0602354
5
-114.686     ts77     dynamics     sesquiterpene     TS     runpoint      73     runisomer      100
6 -0.1110219 0.7372854 -0.0339325
1 -0.5070491 0.9665082 1.1186812
1 -0.5193847 1.2526465 -0.8225112
1 0.4329169 -0.8673876 0.9276446
8 0.0926598 -0.7754007 -0.0520931
5
-114.684     ts77     dynamics     sesquiterpene     TS     runpoint      74     runisomer      100
6 -0.1264960 0.7588383 -0.0384645
1 -0.4684547 0.9095669 1.0673891
1 -0.4446734 1.2980411 -0.8214658
1 0.4704785 -0.9233544 0.8808072
8 0.0947617 -0.7873189 -0.0425877
