5
-114.654160 ts77 dynamics sesquiterpene TS runpoint 1  runisomer  26
6 -0.0500370 0.6335567 -0.0006894
1 -0.1982080 1.1029640 0.9761978
1 -0.1183498 1.1089205 -0.9489473
1 0.9090133 -0.0483273 -0.0680548
8 -0.0277455 -0.7487216 0.0030881
5
-114.649 ts77 dynamics sesquiterpene TS runpoint 2  runisomer  26
6 -0.0442014 0.64335 -0.0032275
1 -0.199077 1.10817 0.969735
1 -0.131277 1.03456 -0.889745
1 0.88019 -0.0135563 -0.0448604
8 -0.0294385 -0.753902 0.000207743
5
-114.636     ts77     dynamics     sesquiterpene     TS     runpoint      3     runisomer      26
6 -0.0384092 0.6514441 -0.0017070
1 -0.2025142 1.1168341 0.9583413
1 -0.1548041 0.9882996 -0.8756632
1 0.8796338 0.0207770 -0.0206165
8 -0.0320502 -0.7597679 -0.0026303
5
-114.628     ts77     dynamics     sesquiterpene     TS     runpoint      4     runisomer      26
6 -0.0323237 0.6566983 0.0050460
1 -0.2093350 1.1301151 0.9447446
1 -0.1928214 0.9777316 -0.9253511
1 0.9108283 0.0583830 0.0047487
8 -0.0357554 -0.7662498 -0.0053071
5
-114.643     ts77     dynamics     sesquiterpene     TS     runpoint      5     runisomer      26
6 -0.0256752 0.6592279 0.0138336
1 -0.2208581 1.1494053 0.9332203
1 -0.2410905 0.9902569 -1.0064258
1 0.9689455 0.1062775 0.0308042
8 -0.0406371 -0.7731703 -0.0077067
5
-114.655     ts77     dynamics     sesquiterpene     TS     runpoint      6     runisomer      26
6 -0.0181285 0.6590676 0.0211340
1 -0.2382581 1.1750833 0.9267145
1 -0.2910787 1.0122311 -1.0803355
1 1.0433953 0.1728592 0.0565131
8 -0.0467428 -0.7802469 -0.0097366
5
-114.657     ts77     dynamics     sesquiterpene     TS     runpoint      7     runisomer      26
6 -0.0092181 0.6560730 0.0253418
1 -0.2617143 1.2051191 0.9242183
1 -0.3358832 1.0358808 -1.1265377
1 1.1216256 0.2638911 0.0804991
8 -0.0540563 -0.7871179 -0.0113368
5
-114.658     ts77     dynamics     sesquiterpene     TS     runpoint      8     runisomer      26
6 0.0014012 0.6504191 0.0262742
1 -0.2900876 1.2349607 0.9212274
1 -0.3710036 1.0569330 -1.1373602
1 1.1916616 0.3797955 0.1012626
8 -0.0624345 -0.7933855 -0.0124746
5
-114.662     ts77     dynamics     sesquiterpene     TS     runpoint      9     runisomer      26
6 0.0138241 0.6427349 0.0243629
1 -0.3213408 1.2589149 0.9125587
1 -0.3935577 1.0725474 -1.1114916
1 1.2434429 0.5160640 0.1173395
8 -0.0716278 -0.7987004 -0.0131388
5
-114.669     ts77     dynamics     sesquiterpene     TS     runpoint      10     runisomer      26
6 0.0279321 0.6339559 0.0202173
1 -0.3532103 1.2717850 0.8948298
1 -0.4017981 1.0805803 -1.0513824
1 1.2697592 0.6651554 0.1274645
8 -0.0813438 -0.8028244 -0.0133380
5
-114.678     ts77     dynamics     sesquiterpene     TS     runpoint      11     runisomer      26
6 0.0434832 0.6251012 0.0145561
1 -0.3837411 1.2698877 0.8675173
1 -0.3954337 1.0798355 -0.9636187
1 1.2668016 0.8181460 0.1307343
8 -0.0913027 -0.8056533 -0.0131070
5
-114.688     ts77     dynamics     sesquiterpene     TS     runpoint      12     runisomer      26
6 0.0604658 0.6169812 0.0084141
1 -0.4119545 1.2515016 0.8329767
1 -0.3777042 1.0711943 -0.8614463
1 1.2341114 0.9666801 0.1269880
8 -0.1013249 -0.8072163 -0.0125257
5
-114.689     ts77     dynamics     sesquiterpene     TS     runpoint      13     runisomer      26
6 0.0791331 0.6096744 0.0029009
1 -0.4373098 1.2158728 0.7964809
1 -0.3585984 1.0634440 -0.7674675
1 1.1748887 1.1026998 0.1186625
8 -0.1112056 -0.8075704 -0.0114887
5
-114.682     ts77     dynamics     sesquiterpene     TS     runpoint      14     runisomer      26
6 0.1004506 0.6025144 0.0007734
1 -0.4634292 1.1653085 0.7623018
1 -0.3557726 1.0681030 -0.7136658
1 1.0969828 1.2191991 0.1047836
8 -0.1208243 -0.8066454 -0.0102564
5
-114.671     ts77     dynamics     sesquiterpene     TS     runpoint      15     runisomer      26
6 0.1241941 0.5949504 0.0024755
1 -0.4926284 1.1036538 0.7369971
1 -0.3805901 1.0920685 -0.7139831
1 1.0118957 1.3110995 0.0882686
8 -0.1298731 -0.8043849 -0.0088798
5
-114.654160 ts77 dynamics sesquiterpene TS runpoint 1  runisomer  26
6 -0.0500370 0.6335567 -0.0006894
1 -0.1982080 1.1029640 0.9761978
1 -0.1183498 1.1089205 -0.9489473
1 0.9090133 -0.0483273 -0.0680548
8 -0.0277455 -0.7487216 0.0030881
5
-114.649 ts77 dynamics sesquiterpene TS runpoint 2  runisomer  26
6 -0.0558557 0.623944 0.0027493
1 -0.199656 1.10064 0.97695
1 -0.111414 1.1906 -1.01303
1 0.955398 -0.0848465 -0.0901584
8 -0.0266483 -0.744209 0.0058914
5
-114.647     ts77     dynamics     sesquiterpene     TS     runpoint      3     runisomer      26
6 -0.0612620 0.6158811 0.0051193
1 -0.2035144 1.1010563 0.9724539
1 -0.1083800 1.2635540 -1.0576155
1 1.0056279 -0.1238734 -0.1106075
8 -0.0257044 -0.7403231 0.0084930
5
-114.637     ts77     dynamics     sesquiterpene     TS     runpoint      4     runisomer      26
6 -0.0659124 0.6102372 0.0056194
1 -0.2099961 1.1042244 0.9639210
1 -0.1084020 1.3187832 -1.0732683
1 1.0470775 -0.1668925 -0.1285111
8 -0.0244157 -0.7370573 0.0107684
5
-114.628     ts77     dynamics     sesquiterpene     TS     runpoint      5     runisomer      26
6 -0.0697544 0.6077127 0.0040278
1 -0.2192704 1.1100530 0.9529547
1 -0.1109121 1.3514688 -1.0578618
1 1.0699890 -0.2171265 -0.1429685
8 -0.0222331 -0.7344242 0.0125912
5
-114.626     ts77     dynamics     sesquiterpene     TS     runpoint      6     runisomer      26
6 -0.0731379 0.6089955 0.0004345
1 -0.2313322 1.1180997 0.9412465
1 -0.1152337 1.3590138 -1.0127985
1 1.0675612 -0.2804972 -0.1532493
8 -0.0185073 -0.7323747 0.0138312
5
-114.637     ts77     dynamics     sesquiterpene     TS     runpoint      7     runisomer      26
6 -0.0767826 0.6146236 -0.0047788
1 -0.2459247 1.1274560 0.9303962
1 -0.1204759 1.3409085 -0.9425677
1 1.0362976 -0.3652064 -0.1589076
8 -0.0125511 -0.7307071 0.0143561
5
-114.66     ts77     dynamics     sesquiterpene     TS     runpoint      8     runisomer      26
6 -0.0814577 0.6245209 -0.0107536
1 -0.2626075 1.1368626 0.9218671
1 -0.1257613 1.3009445 -0.8573209
1 0.9783549 -0.4778507 -0.1602140
8 -0.0040070 -0.7291073 0.0140848
5
-114.685     ts77     dynamics     sesquiterpene     TS     runpoint      9     runisomer      26
6 -0.0875068 0.6373287 -0.0156704
1 -0.2809739 1.1450025 0.9168713
1 -0.1308705 1.2527888 -0.7791104
1 0.9087835 -0.6174597 -0.1597022
8 0.0063953 -0.7273957 0.0131260
5
-114.688     ts77     dynamics     sesquiterpene     TS     runpoint      10     runisomer      26
6 -0.0946244 0.6499855 -0.0163700
1 -0.3007735 1.1507866 0.9160681
1 -0.1368673 1.2246815 -0.7465712
1 0.8679463 -0.7756149 -0.1653330
8 0.0159343 -0.7255175 0.0120046
5
-114.678     ts77     dynamics     sesquiterpene     TS     runpoint      11     runisomer      26
6 -0.1021027 0.6596815 -0.0105833
1 -0.3218794 1.1536063 0.9195549
1 -0.1447854 1.2385242 -0.7887210
1 0.8916025 -0.9499452 -0.1856960
8 0.0218840 -0.7228553 0.0113815
5
-114.702     ts77     dynamics     sesquiterpene     TS     runpoint      12     runisomer      26
6 -0.1093918 0.6670938 -0.0006443
1 -0.3442358 1.1535616 0.9273022
1 -0.1531386 1.2765072 -0.8808222
1 0.9389287 -1.1309215 -0.2132274
8 0.0263063 -0.7194002 0.0109749
5
-114.71     ts77     dynamics     sesquiterpene     TS     runpoint      13     runisomer      26
6 -0.1161421 0.6739324 0.0095931
1 -0.3676874 1.1512590 0.9389303
1 -0.1600987 1.3112175 -0.9798324
1 0.9655702 -1.2945966 -0.2374744
8 0.0316082 -0.7162563 0.0103283
5
-114.685     ts77     dynamics     sesquiterpene     TS     runpoint      14     runisomer      26
6 -0.1220830 0.6808068 0.0177927
1 -0.3917602 1.1472317 0.9531934
1 -0.1650665 1.3292907 -1.0593433
1 0.9586914 -1.4241785 -0.2542746
8 0.0383287 -0.7141308 0.0093456
5
-114.655     ts77     dynamics     sesquiterpene     TS     runpoint      15     runisomer      26
6 -0.1270202 0.6876060 0.0229631
1 -0.4156500 1.1415014 0.9678438
1 -0.1681684 1.3270180 -1.1072939
1 0.9196601 -1.5117771 -0.2628688
8 0.0461936 -0.7132050 0.0081070
5
-114.637     ts77     dynamics     sesquiterpene     TS     runpoint      16     runisomer      26
6 -0.1308185 0.6940845 0.0248008
1 -0.4384843 1.1335058 0.9799582
1 -0.1698057 1.3045903 -1.1187838
1 0.8524492 -1.5531121 -0.2634600
8 0.0548217 -0.7135409 0.0067261
5
-114.636     ts77     dynamics     sesquiterpene     TS     runpoint      17     runisomer      26
6 -0.1333789 0.7000832 0.0233381
1 -0.4597034 1.1223635 0.9865729
1 -0.1705558 1.2638168 -1.0927041
1 0.7602662 -1.5445839 -0.2565090
8 0.0639361 -0.7153039 0.0053254
5
-114.653     ts77     dynamics     sesquiterpene     TS     runpoint      18     runisomer      26
6 -0.1346477 0.7053326 0.0189066
1 -0.4791872 1.1073847 0.9854119
1 -0.1711474 1.2081447 -1.0319299
1 0.6486583 -1.4870697 -0.2438410
8 0.0731859 -0.7184116 0.0040947
5
-114.677     ts77     dynamics     sesquiterpene     TS     runpoint      19     runisomer      26
6 -0.1346351 0.7090939 0.0124805
1 -0.4970700 1.0885820 0.9755129
1 -0.1724803 1.1446466 -0.9476745
1 0.5369688 -1.4024874 -0.2336773
8 0.0814253 -0.7213743 0.0035909
5
-114.667     ts77     dynamics     sesquiterpene     TS     runpoint      20     runisomer      26
6 -0.1333297 0.7098592 0.0064360
1 -0.5137085 1.0668400 0.9576957
1 -0.1759992 1.0881113 -0.8693056
1 0.4771035 -1.3678529 -0.2541685
8 0.0854885 -0.7191946 0.0056025
5
-114.633     ts77     dynamics     sesquiterpene     TS     runpoint      21     runisomer      26
6 -0.1305514 0.7056158 0.0046804
1 -0.5301110 1.0439296 0.9349654
1 -0.1844748 1.0614522 -0.8472096
1 0.4974300 -1.4389712 -0.3327221
8 0.0836921 -0.7084042 0.0119107
5
-114.661     ts77     dynamics     sesquiterpene     TS     runpoint      22     runisomer      26
6 -0.1260192 0.6958933 0.0083975
1 -0.5485307 1.0223260 0.9128450
1 -0.2003099 1.0743502 -0.9032218
1 0.5379673 -1.5206845 -0.4336686
8 0.0798973 -0.6954091 0.0204066
5
-114.675     ts77     dynamics     sesquiterpene     TS     runpoint      23     runisomer      26
6 -0.1197232 0.6827123 0.0132636
1 -0.5721202 1.0043990 0.8977223
1 -0.2215675 1.1092546 -0.9947929
1 0.5681673 -1.5603231 -0.5300674
8 0.0760974 -0.6840892 0.0295551
5
-114.668     ts77     dynamics     sesquiterpene     TS     runpoint      24     runisomer      26
6 -0.1118922 0.6683038 0.0153019
1 -0.6027858 0.9911879 0.8921661
1 -0.2446694 1.1472361 -1.0785092
1 0.5803404 -1.5458432 -0.6112625
8 0.0728434 -0.6757493 0.0387691
5
-114.656     ts77     dynamics     sesquiterpene     TS     runpoint      25     runisomer      26
6 -0.1029689 0.6543134 0.0131724
1 -0.6392193 0.9816712 0.8923659
1 -0.2670733 1.1777867 -1.1340354
1 0.5727928 -1.4774777 -0.6717974
8 0.0703317 -0.6708820 0.0476690
5
-114.656     ts77     dynamics     sesquiterpene     TS     runpoint      26     runisomer      26
6 -0.0936110 0.6420203 0.0071374
1 -0.6773124 0.9735819 0.8907077
1 -0.2871112 1.1956432 -1.1546591
1 0.5449528 -1.3591669 -0.7072067
8 0.0687289 -0.6697263 0.0558333
