5
-114.654160 ts77 dynamics sesquiterpene TS runpoint 1  runisomer  5
6 -0.0389598 0.6429773 -0.0090598
1 -0.1247158 1.0599205 0.9178877
1 -0.2813848 1.0812216 -0.9025170
1 0.9078784 -0.0522568 0.1491067
8 -0.0303427 -0.7510841 -0.0035659
5
-114.643 ts77 dynamics sesquiterpene TS runpoint 2  runisomer  5
6 -0.0310958 0.631747 -0.0196632
1 -0.149281 1.04388 0.997109
1 -0.290616 1.06996 -0.893502
1 0.884053 -0.00929181 0.154217
8 -0.032612 -0.743646 -0.00149227
5
-114.641     ts77     dynamics     sesquiterpene     TS     runpoint      3     runisomer      5
6 -0.0234613 0.6199724 -0.0272557
1 -0.1788529 1.0339319 1.0682896
1 -0.3071357 1.0766021 -0.9085587
1 0.8891045 0.0343523 0.1580671
8 -0.0357537 -0.7373549 0.0004262
5
-114.637     ts77     dynamics     sesquiterpene     TS     runpoint      4     runisomer      5
6 -0.0166404 0.6086356 -0.0310277
1 -0.2108519 1.0253234 1.1146869
1 -0.3283106 1.0971727 -0.9388833
1 0.9299167 0.0840495 0.1611553
8 -0.0400920 -0.7327362 0.0020488
5
-114.638     ts77     dynamics     sesquiterpene     TS     runpoint      5     runisomer      5
6 -0.0106917 0.5982601 -0.0314084
1 -0.2433193 1.0164958 1.1294300
1 -0.3488435 1.1235522 -0.9694969
1 1.0027353 0.1481038 0.1620519
8 -0.0458029 -0.7300941 0.0032784
5
-114.645     ts77     dynamics     sesquiterpene     TS     runpoint      6     runisomer      5
6 -0.0050061 0.5889400 -0.0289511
1 -0.2746911 1.0071322 1.1109168
1 -0.3638823 1.1482377 -0.9883839
1 1.0944443 0.2345534 0.1579846
8 -0.0529229 -0.7295149 0.0040480
5
-114.657     ts77     dynamics     sesquiterpene     TS     runpoint      7     runisomer      5
6 0.0012613 0.5807450 -0.0241301
1 -0.3036309 0.9974017 1.0610085
1 -0.3703296 1.1659917 -0.9889960
1 1.1883291 0.3460151 0.1466359
8 -0.0613108 -0.7308962 0.0043300
5
-114.669     ts77     dynamics     sesquiterpene     TS     runpoint      8     runisomer      5
6 0.0088000 0.5739301 -0.0175643
1 -0.3293410 0.9881576 0.9857717
1 -0.3668518 1.1736852 -0.9695053
1 1.2692627 0.4785313 0.1273278
8 -0.0706662 -0.7340357 0.0041338
5
-114.68     ts77     dynamics     sesquiterpene     TS     runpoint      9     runisomer      5
6 0.0181548 0.5687643 -0.0102911
1 -0.3527510 0.9820347 0.8980347
1 -0.3536041 1.1700401 -0.9320807
1 1.3262638 0.6242913 0.1011068
8 -0.0806358 -0.7387302 0.0035010
5
-114.683     ts77     dynamics     sesquiterpene     TS     runpoint      10     runisomer      5
6 0.0299701 0.5652038 -0.0038487
1 -0.3784338 0.9848570 0.8190919
1 -0.3321997 1.1558070 -0.8830449
1 1.3527974 0.7743747 0.0702645
8 -0.0909026 -0.7447976 0.0024966
5
-114.678     ts77     dynamics     sesquiterpene     TS     runpoint      11     runisomer      5
6 0.0450588 0.5628582 0.0004180
1 -0.4139278 1.0038089 0.7717666
1 -0.3060255 1.1343495 -0.8335123
1 1.3460012 0.9200776 0.0377601
8 -0.1012085 -0.7520620 0.0012060
5
-114.672     ts77     dynamics     sesquiterpene     TS     runpoint      12     runisomer      5
6 0.0637437 0.5616110 0.0027845
1 -0.4613905 1.0395193 0.7628821
1 -0.2807814 1.1115771 -0.7984547
1 1.3063542 1.0530994 0.0071105
8 -0.1113300 -0.7603245 -0.0002861
5
-114.669     ts77     dynamics     sesquiterpene     TS     runpoint      13     runisomer      5
6 0.0853016 0.5620123 0.0052753
1 -0.5121737 1.0817158 0.7791711
1 -0.2623252 1.0942375 -0.7927030
1 1.2366638 1.1662342 -0.0190536
8 -0.1210761 -0.7693227 -0.0018928
5
-114.667     ts77     dynamics     sesquiterpene     TS     runpoint      14     runisomer      5
6 0.1083840 0.5650015 0.0092020
1 -0.5550305 1.1185661 0.8038376
1 -0.2547827 1.0837318 -0.8202393
1 1.1431541 1.2535185 -0.0375563
8 -0.1302763 -0.7787280 -0.0034913
5
-114.673     ts77     dynamics     sesquiterpene     TS     runpoint      15     runisomer      5
6 0.1319298 0.5709621 0.0152598
1 -0.5863223 1.1432505 0.8201337
1 -0.2621966 1.0734011 -0.8703693
1 1.0371500 1.3113804 -0.0485005
8 -0.1388231 -0.7877519 -0.0052127
5
-114.667     ts77     dynamics     sesquiterpene     TS     runpoint      16     runisomer      5
6 0.1534604 0.5802515 0.0226748
1 -0.6019085 1.1527062 0.8221790
1 -0.2798996 1.0551392 -0.9285768
1 0.9342189 1.3407491 -0.0513755
8 -0.1463927 -0.7960194 -0.0070545
5
-114.654160 ts77 dynamics sesquiterpene TS runpoint 1  runisomer  5
6 -0.0389598 0.6429773 -0.0090598
1 -0.1247158 1.0599205 0.9178877
1 -0.2813848 1.0812216 -0.9025170
1 0.9078784 -0.0522568 0.1491067
8 -0.0303427 -0.7510841 -0.0035659
5
-114.643 ts77 dynamics sesquiterpene TS runpoint 2  runisomer  5
6 -0.0464795 0.65246 0.00147158
1 -0.107913 1.09255 0.860535
1 -0.277715 1.1067 -0.930309
1 0.947393 -0.0980082 0.141397
8 -0.0284807 -0.758978 -0.00561651
5
-114.64     ts77     dynamics     sesquiterpene     TS     runpoint      3     runisomer      5
6 -0.0534406 0.6592235 0.0082617
1 -0.0997958 1.1532625 0.8528465
1 -0.2760088 1.1382294 -0.9629851
1 0.9884742 -0.1500673 0.1300962
8 -0.0264663 -0.7665844 -0.0074557
5
-114.643     ts77     dynamics     sesquiterpene     TS     runpoint      4     runisomer      5
6 -0.0600692 0.6638062 0.0106308
1 -0.0981229 1.2372780 0.8883007
1 -0.2736042 1.1681150 -0.9881406
1 1.0192053 -0.2131341 0.1149006
8 -0.0236865 -0.7732245 -0.0089248
5
-114.65     ts77     dynamics     sesquiterpene     TS     runpoint      5     runisomer      5
6 -0.0668386 0.6680873 0.0103096
1 -0.0998906 1.3245441 0.9370976
1 -0.2693043 1.1910762 -0.9984881
1 1.0307380 -0.2934923 0.0960395
8 -0.0194947 -0.7783194 -0.0099183
5
-114.654     ts77     dynamics     sesquiterpene     TS     runpoint      6     runisomer      5
6 -0.0742876 0.6736994 0.0088750
1 -0.1031054 1.3974861 0.9765346
1 -0.2629221 1.2042799 -0.9914673
1 1.0176966 -0.3980179 0.0740967
8 -0.0132855 -0.7813717 -0.0103856
5
-114.66     ts77     dynamics     sesquiterpene     TS     runpoint      7     runisomer      5
6 -0.0828090 0.6813746 0.0073153
1 -0.1066629 1.4462895 0.9958290
1 -0.2549186 1.2072601 -0.9687311
1 0.9805321 -0.5302575 0.0500290
8 -0.0048332 -0.7820618 -0.0103475
5
-114.672     ts77     dynamics     sesquiterpene     TS     runpoint      8     runisomer      5
6 -0.0923942 0.6909451 0.0064559
1 -0.1099771 1.4665940 0.9912733
1 -0.2463376 1.2020901 -0.9363377
1 0.9325236 -0.6855978 0.0254026
8 0.0050498 -0.7804082 -0.0099064
5
-114.681     ts77     dynamics     sesquiterpene     TS     runpoint      9     runisomer      5
6 -0.1025941 0.7015077 0.0072157
1 -0.1126573 1.4573429 0.9630933
1 -0.2387357 1.1934449 -0.9049715
1 0.9070369 -0.8541775 0.0019838
8 0.0139972 -0.7765833 -0.0092013
5
-114.687     ts77     dynamics     sesquiterpene     TS     runpoint      10     runisomer      5
6 -0.1127372 0.7117335 0.0104135
1 -0.1143200 1.4205715 0.9152714
1 -0.2336753 1.1873944 -0.8879122
1 0.9259818 -1.0322540 -0.0202549
8 0.0201978 -0.7703359 -0.0082601
5
-114.697     ts77     dynamics     sesquiterpene     TS     runpoint      11     runisomer      5
6 -0.1222602 0.7202469 0.0159475
1 -0.1145531 1.3634899 0.8582592
1 -0.2317549 1.1878974 -0.8942590
1 0.9571121 -1.2092804 -0.0418391
8 0.0252740 -0.7620031 -0.0070585
5
-114.693     ts77     dynamics     sesquiterpene     TS     runpoint      12     runisomer      5
6 -0.1308859 0.7255936 0.0217695
1 -0.1127802 1.3023297 0.8139629
1 -0.2320919 1.1936442 -0.9217116
1 0.9671318 -1.3644634 -0.0617314
8 0.0310229 -0.7527442 -0.0056517
5
-114.668     ts77     dynamics     sesquiterpene     TS     runpoint      13     runisomer      5
6 -0.1385763 0.7261101 0.0241819
1 -0.1078770 1.2608097 0.8143348
1 -0.2330625 1.1998267 -0.9584125
1 0.9456888 -1.4827459 -0.0788115
8 0.0378952 -0.7434506 -0.0040956
5
-114.647     ts77     dynamics     sesquiterpene     TS     runpoint      14     runisomer      5
6 -0.1453615 0.7213120 0.0209763
1 -0.0987258 1.2489787 0.8726863
1 -0.2332946 1.2021843 -0.9913096
1 0.8939366 -1.5566239 -0.0925674
8 0.0456839 -0.7345988 -0.0024278
5
-114.649     ts77     dynamics     sesquiterpene     TS     runpoint      15     runisomer      5
6 -0.1511364 0.7127913 0.0137168
1 -0.0861850 1.2512795 0.9619409
1 -0.2319430 1.1986170 -1.0115305
1 0.8159765 -1.5824131 -0.1029929
8 0.0540521 -0.7265013 -0.0006749
5
-114.656     ts77     dynamics     sesquiterpene     TS     runpoint      16     runisomer      5
6 -0.1557214 0.7022635 0.0050385
1 -0.0724627 1.2500856 1.0473541
1 -0.2285916 1.1888970 -1.0151872
1 0.7164911 -1.5585540 -0.1104622
8 0.0626842 -0.7194182 0.0011550
5
-114.662     ts77     dynamics     sesquiterpene     TS     runpoint      17     runisomer      5
6 -0.1590379 0.6905931 -0.0032122
1 -0.0594834 1.2369034 1.1079159
1 -0.2231775 1.1742740 -1.0028451
1 0.6042803 -1.4909566 -0.1163769
8 0.0710831 -0.7131684 0.0031247
5
-114.664     ts77     dynamics     sesquiterpene     TS     runpoint      18     runisomer      5
6 -0.1611205 0.6779725 -0.0098037
1 -0.0485816 1.2093477 1.1339969
1 -0.2159579 1.1574675 -0.9791926
1 0.5041090 -1.4130386 -0.1265543
8 0.0778144 -0.7058128 0.0055787
5
-114.643     ts77     dynamics     sesquiterpene     TS     runpoint      19     runisomer      5
6 -0.1620578 0.6643074 -0.0137509
1 -0.0406568 1.1679684 1.1222951
1 -0.2073993 1.1427327 -0.9524877
1 0.4634934 -1.4067904 -0.1580986
8 0.0800357 -0.6924171 0.0095832
5
-114.643     ts77     dynamics     sesquiterpene     TS     runpoint      20     runisomer      5
6 -0.1619796 0.6497112 -0.0144065
1 -0.0361877 1.1153785 1.0741086
1 -0.1979637 1.1351981 -0.9322702
1 0.4806525 -1.4830923 -0.2194742
8 0.0780183 -0.6728693 0.0157048
5
-114.673     ts77     dynamics     sesquiterpene     TS     runpoint      21     runisomer      5
6 -0.1611092 0.6348207 -0.0120357
1 -0.0349422 1.0569447 0.9971167
1 -0.1879090 1.1384904 -0.9246503
1 0.5083250 -1.5573952 -0.2929485
8 0.0749069 -0.6535400 0.0229271
5
-114.671     ts77     dynamics     sesquiterpene     TS     runpoint      22     runisomer      5
6 -0.1598083 0.6205082 -0.0085404
1 -0.0350991 1.0028607 0.9109900
1 -0.1773528 1.1521177 -0.9285725
1 0.5261984 -1.5884084 -0.3659681
8 0.0721479 -0.6382970 0.0305795
5
-114.654     ts77     dynamics     sesquiterpene     TS     runpoint      23     runisomer      5
6 -0.1586425 0.6073068 -0.0077110
1 -0.0320616 0.9705207 0.8531751
1 -0.1665439 1.1717423 -0.9375360
1 0.5299554 -1.5666187 -0.4331657
8 0.0701628 -0.6289630 0.0384008
5
-114.638     ts77     dynamics     sesquiterpene     TS     runpoint      24     runisomer      5
6 -0.1582738 0.5956578 -0.0131649
1 -0.0206301 0.9765329 0.8597176
1 -0.1556713 1.1918082 -0.9446834
1 0.5188493 -1.4925939 -0.4914133
8 0.0691785 -0.6265290 0.0462021
5
-114.652     ts77     dynamics     sesquiterpene     TS     runpoint      25     runisomer      5
6 -0.1589009 0.5873107 -0.0241100
1 -0.0024700 1.0157963 0.9178787
1 -0.1443937 1.2077677 -0.9462318
1 0.4923385 -1.3710366 -0.5383585
8 0.0694634 -0.6314035 0.0538053
5
-114.683     ts77     dynamics     sesquiterpene     TS     runpoint      26     runisomer      5
6 -0.1602988 0.5843111 -0.0369681
1 0.0158620 1.0687636 0.9863789
1 -0.1319584 1.2168920 -0.9418270
1 0.4541515 -1.2165394 -0.5771817
8 0.0709772 -0.6427990 0.0613049
5
-114.696     ts77     dynamics     sesquiterpene     TS     runpoint      27     runisomer      5
6 -0.1622573 0.5873216 -0.0488411
1 0.0296188 1.1205176 1.0371075
1 -0.1175802 1.2185047 -0.9339065
1 0.4193669 -1.0604669 -0.6297078
8 0.0728629 -0.6582528 0.0698277
5
-114.69     ts77     dynamics     sesquiterpene     TS     runpoint      28     runisomer      5
6 -0.1646867 0.5958476 -0.0577310
1 0.0365583 1.1632876 1.0576027
1 -0.1005605 1.2139886 -0.9271965
1 0.4057466 -0.9297778 -0.7300597
8 0.0740324 -0.6752926 0.0811078
5
-114.692     ts77     dynamics     sesquiterpene     TS     runpoint      29     runisomer      5
6 -0.1675739 0.6089020 -0.0621742
1 0.0357939 1.1936310 1.0438277
1 -0.0802587 1.2062845 -0.9275031
1 0.4030873 -0.8166247 -0.8570543
8 0.0751317 -0.6936413 0.0933320
5
-114.69     ts77     dynamics     sesquiterpene     TS     runpoint      30     runisomer      5
6 -0.1708581 0.6253090 -0.0613715
1 0.0271607 1.2104143 0.9962691
1 -0.0562901 1.1982895 -0.9391279
1 0.3955710 -0.7166906 -0.9651487
8 0.0771007 -0.7127989 0.1032717
5
-114.679     ts77     dynamics     sesquiterpene     TS     runpoint      31     runisomer      5
6 -0.1744145 0.6439512 -0.0555141
1 0.0112908 1.2146442 0.9198460
1 -0.0289787 1.1907330 -0.9619826
1 0.3782752 -0.6349804 -1.0323491
8 0.0801360 -0.7317223 0.1093684
5
-114.67     ts77     dynamics     sesquiterpene     TS     runpoint      32     runisomer      5
6 -0.1781452 0.6636926 -0.0460989
1 -0.0095851 1.2117460 0.8276932
1 0.0003056 1.1818223 -0.9909975
1 0.3514518 -0.5767941 -1.0523503
8 0.0840923 -0.7494533 0.1112006
5
-114.663     ts77     dynamics     sesquiterpene     TS     runpoint      33     runisomer      5
6 -0.1821446 0.6828073 -0.0362207
1 -0.0302336 1.2165887 0.7479229
1 0.0294227 1.1689957 -1.0186345
1 0.3167268 -0.5460691 -1.0245877
8 0.0887444 -0.7652238 0.1088098
5
-114.653     ts77     dynamics     sesquiterpene     TS     runpoint      34     runisomer      5
6 -0.1867336 0.6988094 -0.0298753
1 -0.0430835 1.2535117 0.7196340
1 0.0562491 1.1505878 -1.0382076
1 0.2763101 -0.5456971 -0.9518857
8 0.0938491 -0.7784176 0.1024855
5
-114.657     ts77     dynamics     sesquiterpene     TS     runpoint      35     runisomer      5
6 -0.1918783 0.7106697 -0.0283245
1 -0.0460103 1.3300091 0.7527493
1 0.0794250 1.1261912 -1.0459613
1 0.2338565 -0.5768843 -0.8455212
8 0.0991036 -0.7886327 0.0930249
5
-114.678     ts77     dynamics     sesquiterpene     TS     runpoint      36     runisomer      5
6 -0.1969965 0.7200881 -0.0289021
1 -0.0447799 1.4216116 0.8142936
1 0.0986459 1.0964053 -1.0414734
1 0.1965342 -0.6348236 -0.7436709
8 0.1040040 -0.7959418 0.0828817
5
-114.663     ts77     dynamics     sesquiterpene     TS     runpoint      37     runisomer      5
6 -0.2016023 0.7287114 -0.0288890
1 -0.0444685 1.5026807 0.8725071
1 0.1145249 1.0630949 -1.0272484
1 0.1749088 -0.7034968 -0.7380258
8 0.1077980 -0.8010928 0.0779546
5
-114.65     ts77     dynamics     sesquiterpene     TS     runpoint      38     runisomer      5
6 -0.2054485 0.7369226 -0.0269229
1 -0.0470559 1.5594399 0.9113772
1 0.1283080 1.0303192 -1.0081854
1 0.1673043 -0.7813962 -0.8541787
8 0.1104542 -0.8038559 0.0801511
5
-114.672     ts77     dynamics     sesquiterpene     TS     runpoint      39     runisomer      5
6 -0.2084830 0.7444562 -0.0224929
1 -0.0528588 1.5861308 0.9248450
1 0.1416582 1.0032720 -0.9902344
1 0.1629140 -0.8733361 -0.9871333
8 0.1125274 -0.8036914 0.0832276
5
-114.662     ts77     dynamics     sesquiterpene     TS     runpoint      40     runisomer      5
6 -0.2107471 0.7509754 -0.0155317
1 -0.0615691 1.5809772 0.9118326
1 0.1560268 0.9856844 -0.9781990
1 0.1576399 -0.9706324 -1.0822854
8 0.1141971 -0.8010175 0.0840654
5
-114.647     ts77     dynamics     sesquiterpene     TS     runpoint      41     runisomer      5
6 -0.2122443 0.7561758 -0.0064783
1 -0.0725494 1.5449541 0.8747747
1 0.1715708 0.9790559 -0.9734848
1 0.1505330 -1.0636846 -1.1250040
8 0.1154764 -0.7963689 0.0820046
5
-114.643     ts77     dynamics     sesquiterpene     TS     runpoint      42     runisomer      5
6 -0.2128959 0.7595771 0.0035143
1 -0.0846228 1.4832284 0.8212103
1 0.1867115 0.9831099 -0.9735509
1 0.1414268 -1.1446609 -1.1133171
8 0.1163413 -0.7901842 0.0771542
5
-114.648     ts77     dynamics     sesquiterpene     TS     runpoint      43     runisomer      5
6 -0.2126551 0.7600721 0.0123129
1 -0.0953230 1.4093653 0.7685767
1 0.1988377 0.9966162 -0.9737181
1 0.1303014 -1.2067840 -1.0486497
8 0.1167668 -0.7828376 0.0698075
5
-114.653     ts77     dynamics     sesquiterpene     TS     runpoint      44     runisomer      5
6 -0.2116686 0.7555818 0.0166760
1 -0.1001499 1.3485334 0.7484499
1 0.2055452 1.0181405 -0.9697058
1 0.1171517 -1.2441271 -0.9349992
8 0.1167327 -0.7746396 0.0603921
5
-114.662     ts77     dynamics     sesquiterpene     TS     runpoint      45     runisomer      5
6 -0.2101569 0.7443523 0.0138911
1 -0.0951389 1.3216242 0.7891230
1 0.2056562 1.0465030 -0.9593933
1 0.1019452 -1.2545475 -0.7848343
8 0.1162297 -0.7656503 0.0498099
5
-114.684     ts77     dynamics     sesquiterpene     TS     runpoint      46     runisomer      5
6 -0.2079871 0.7273872 0.0051096
1 -0.0825028 1.3165432 0.8771072
1 0.1996601 1.0808976 -0.9434859
1 0.0839544 -1.2528869 -0.6374085
8 0.1153131 -0.7548743 0.0405658
5
-114.678     ts77     dynamics     sesquiterpene     TS     runpoint      47     runisomer      5
6 -0.2049120 0.7068695 -0.0062250
1 -0.0676657 1.3079537 0.9750287
1 0.1893037 1.1207762 -0.9246942
1 0.0585590 -1.2953226 -0.5748402
8 0.1143196 -0.7387787 0.0377769
5
-114.673     ts77     dynamics     sesquiterpene     TS     runpoint      48     runisomer      5
6 -0.2009541 0.6843121 -0.0174855
1 -0.0542926 1.2819967 1.0561945
1 0.1766474 1.1655577 -0.9059413
1 0.0210080 -1.3987762 -0.6030787
8 0.1136678 -0.7165228 0.0417122
