5
-114.654160 ts77 dynamics sesquiterpene TS runpoint 1  runisomer  88
6 -0.0394334 0.6493188 -0.0126610
1 -0.1496641 1.1362891 1.0081859
1 -0.2731152 1.0573031 -0.9081774
1 0.9403554 -0.0579309 0.1374058
8 -0.0309829 -0.7587890 -0.0054600
5
-114.645 ts77 dynamics sesquiterpene TS runpoint 2  runisomer  88
6 -0.0398451 0.647603 -0.0118538
1 -0.143724 1.05508 0.964088
1 -0.289195 1.05473 -0.913921
1 1.01248 -0.0536433 0.147619
8 -0.0345795 -0.752493 -0.0035685
5
-114.644     ts77     dynamics     sesquiterpene     TS     runpoint      3     runisomer      88
6 -0.0385904 0.6434165 -0.0093537
1 -0.1439286 0.9843387 0.9239999
1 -0.3117876 1.0688282 -0.9394133
1 1.0788925 -0.0434829 0.1525490
8 -0.0382699 -0.7464236 -0.0016238
5
-114.636     ts77     dynamics     sesquiterpene     TS     runpoint      4     runisomer      88
6 -0.0350007 0.6361049 -0.0084144
1 -0.1540397 0.9376028 0.9149409
1 -0.3366248 1.0931802 -0.9696037
1 1.1321677 -0.0212345 0.1509296
8 -0.0421179 -0.7409300 0.0002453
5
-114.63     ts77     dynamics     sesquiterpene     TS     runpoint      5     runisomer      88
6 -0.0287095 0.6257083 -0.0109405
1 -0.1761412 0.9204425 0.9485640
1 -0.3589891 1.1208662 -0.9904355
1 1.1695815 0.0196268 0.1423218
8 -0.0463944 -0.7363682 0.0018760
5
-114.636     ts77     dynamics     sesquiterpene     TS     runpoint      6     runisomer      88
6 -0.0197916 0.6130454 -0.0158359
1 -0.2077252 0.9272844 1.0062180
1 -0.3752185 1.1465932 -0.9938512
1 1.1913754 0.0847176 0.1266424
8 -0.0514459 -0.7330217 0.0031174
5
-114.646     ts77     dynamics     sesquiterpene     TS     runpoint      7     runisomer      88
6 -0.0086297 0.5991977 -0.0209147
1 -0.2434256 0.9489047 1.0608048
1 -0.3829976 1.1667475 -0.9771389
1 1.1985138 0.1771572 0.1039092
8 -0.0575315 -0.7310909 0.0038653
5
-114.655     ts77     dynamics     sesquiterpene     TS     runpoint      8     runisomer      88
6 0.0043557 0.5852304 -0.0245800
1 -0.2781766 0.9775986 1.0948350
1 -0.3815230 1.1791619 -0.9414105
1 1.1916091 0.2967899 0.0744307
8 -0.0647443 -0.7307409 0.0040742
5
-114.667     ts77     dynamics     sesquiterpene     TS     runpoint      9     runisomer      88
6 0.0187360 0.5722165 -0.0259401
1 -0.3081826 1.0075563 1.1008375
1 -0.3718943 1.1832275 -0.8909356
1 1.1721165 0.4398463 0.0393009
8 -0.0730215 -0.7321365 0.0037467
5
-114.68     ts77     dynamics     sesquiterpene     TS     runpoint      10     runisomer      88
6 0.0339563 0.5611906 -0.0245074
1 -0.3307254 1.0341392 1.0775828
1 -0.3576824 1.1803501 -0.8331917
1 1.1447032 0.5993574 0.0007584
8 -0.0821903 -0.7354101 0.0029254
5
-114.69     ts77     dynamics     sesquiterpene     TS     runpoint      11     runisomer      88
6 0.0493999 0.5528958 -0.0200120
1 -0.3439743 1.0534431 1.0278806
1 -0.3452699 1.1742191 -0.7786745
1 1.1173627 0.7670752 -0.0380119
8 -0.0920028 -0.7405853 0.0016898
5
-114.654160 ts77 dynamics sesquiterpene TS runpoint 1  runisomer  88
6 -0.0394334 0.6493188 -0.0126610
1 -0.1496641 1.1362891 1.0081859
1 -0.2731152 1.0573031 -0.9081774
1 0.9403554 -0.0579309 0.1374058
8 -0.0309829 -0.7587890 -0.0054600
5
-114.645 ts77 dynamics sesquiterpene TS runpoint 2  runisomer  88
6 -0.0383749 0.649712 -0.0100325
1 -0.158742 1.21502 1.03651
1 -0.264509 1.07765 -0.926699
1 0.875307 -0.0620536 0.124228
8 -0.0276489 -0.765067 -0.00721974
5
-114.64     ts77     dynamics     sesquiterpene     TS     runpoint      3     runisomer      88
6 -0.0379867 0.6503714 -0.0043544
1 -0.1689728 1.2819502 1.0399430
1 -0.2604795 1.1096698 -0.9591713
1 0.8332426 -0.0712555 0.1109055
8 -0.0248997 -0.7712175 -0.0088117
5
-114.634     ts77     dynamics     sesquiterpene     TS     runpoint      4     runisomer      88
6 -0.0393476 0.6527914 0.0030562
1 -0.1791236 1.3310642 1.0162935
1 -0.2571311 1.1443645 -0.9901557
1 0.8262604 -0.0895706 0.0993979
8 -0.0230118 -0.7771619 -0.0102046
5
-114.632     ts77     dynamics     sesquiterpene     TS     runpoint      5     runisomer      88
6 -0.0427812 0.6577145 0.0109565
1 -0.1885569 1.3590411 0.9677902
1 -0.2517787 1.1742391 -1.0081529
1 0.8549665 -0.1188590 0.0897915
8 -0.0219896 -0.7826572 -0.0113382
5
-114.637     ts77     dynamics     sesquiterpene     TS     runpoint      6     runisomer      88
6 -0.0479031 0.6650033 0.0183269
1 -0.1972730 1.3656280 0.9008061
1 -0.2432125 1.1945359 -1.0075903
1 0.9077730 -0.1599199 0.0808035
8 -0.0214669 -0.7872328 -0.0121164
5
-114.645     ts77     dynamics     sesquiterpene     TS     runpoint      7     runisomer      88
6 -0.0540730 0.6738768 0.0240875
1 -0.2062523 1.3553701 0.8274944
1 -0.2312671 1.2029512 -0.9880013
1 0.9673357 -0.2148085 0.0710011
8 -0.0207798 -0.7903174 -0.0124352
5
-114.648     ts77     dynamics     sesquiterpene     TS     runpoint      8     runisomer      88
6 -0.0607223 0.6830031 0.0268860
1 -0.2180984 1.3400647 0.7677043
1 -0.2164958 1.1994553 -0.9535470
1 1.0172313 -0.2876959 0.0594601
8 -0.0191216 -0.7913876 -0.0122102
5
-114.647     ts77     dynamics     sesquiterpene     TS     runpoint      9     runisomer      88
6 -0.0674438 0.6906567 0.0254936
1 -0.2369073 1.3364633 0.7449180
1 -0.2000551 1.1867334 -0.9134537
1 1.0450765 -0.3838596 0.0457802
8 -0.0156865 -0.7900439 -0.0113934
5
-114.652     ts77     dynamics     sesquiterpene     TS     runpoint      10     runisomer      88
6 -0.0740960 0.6957228 0.0202895
1 -0.2649606 1.3516779 0.7692066
1 -0.1836034 1.1708419 -0.8822698
1 1.0435493 -0.5067507 0.0299996
8 -0.0098720 -0.7860601 -0.0099882
5
-114.669     ts77     dynamics     sesquiterpene     TS     runpoint      11     runisomer      88
6 -0.0808454 0.6983789 0.0138718
1 -0.2993536 1.3739463 0.8264369
1 -0.1687858 1.1600891 -0.8763292
1 1.0122566 -0.6542598 0.0126541
8 -0.0016060 -0.7794849 -0.0080584
5
-114.689     ts77     dynamics     sesquiterpene     TS     runpoint      12     runisomer      88
6 -0.0878892 0.6993057 0.0088865
1 -0.3347044 1.3867386 0.8932628
1 -0.1561229 1.1597079 -0.9031229
1 0.9623992 -0.8180220 -0.0053374
8 0.0082474 -0.7706450 -0.0057041
5
-114.7     ts77     dynamics     sesquiterpene     TS     runpoint      13     runisomer      88
6 -0.0952206 0.6991965 0.0061185
1 -0.3666415 1.3800729 0.9515276
1 -0.1447763 1.1671928 -0.9532596
1 0.9181725 -0.9891695 -0.0233644
8 0.0178289 -0.7598315 -0.0030003
5
-114.7     ts77     dynamics     sesquiterpene     TS     runpoint      14     runisomer      88
6 -0.1026080 0.6986113 0.0049239
1 -0.3924674 1.3504876 0.9904897
1 -0.1338211 1.1756926 -1.0080263
1 0.8935852 -1.1630100 -0.0416751
8 0.0258545 -0.7471116 0.0000498
5
-114.695     ts77     dynamics     sesquiterpene     TS     runpoint      15     runisomer      88
6 -0.1097281 0.6978427 0.0043718
1 -0.4108125 1.2986606 1.0049843
1 -0.1230121 1.1795807 -1.0510950
1 0.8722941 -1.3272712 -0.0599298
8 0.0330109 -0.7331667 0.0034189
5
-114.683     ts77     dynamics     sesquiterpene     TS     runpoint      16     runisomer      88
6 -0.1162714 0.6968818 0.0036927
1 -0.4215173 1.2281847 0.9942898
1 -0.1126188 1.1761789 -1.0725797
1 0.8356252 -1.4629960 -0.0769398
8 0.0402480 -0.7192407 0.0070321
5
-114.67     ts77     dynamics     sesquiterpene     TS     runpoint      17     runisomer      88
6 -0.1219161 0.6954034 0.0021754
1 -0.4260327 1.1455269 0.9628298
1 -0.1031358 1.1652614 -1.0683944
1 0.7775911 -1.5564542 -0.0919105
8 0.0478250 -0.7063488 0.0108366
5
-114.662     ts77     dynamics     sesquiterpene     TS     runpoint      18     runisomer      88
6 -0.1262358 0.6927788 -0.0010881
1 -0.4284433 1.0603836 0.9224810
1 -0.0951300 1.1485328 -1.0394588
1 0.6994793 -1.6006463 -0.1047963
8 0.0556332 -0.6951793 0.0148205
5
-114.66     ts77     dynamics     sesquiterpene     TS     runpoint      19     runisomer      88
6 -0.1286659 0.6881791 -0.0071890
1 -0.4361025 0.9845247 0.8932383
1 -0.0890985 1.1298161 -0.9924180
1 0.6047947 -1.5931173 -0.1162807
8 0.0635224 -0.6862451 0.0190053
5
-114.662     ts77     dynamics     sesquiterpene     TS     runpoint      20     runisomer      88
6 -0.1288044 0.6808326 -0.0164079
1 -0.4566638 0.9268864 0.8934692
1 -0.0851371 1.1159142 -0.9416013
1 0.4996249 -1.5389336 -0.1283466
8 0.0712957 -0.6796416 0.0234697
5
-114.668     ts77     dynamics     sesquiterpene     TS     runpoint      21     runisomer      88
6 -0.1269685 0.6702771 -0.0267236
1 -0.4912063 0.8888970 0.9218419
1 -0.0826211 1.1166929 -0.9084272
1 0.3982466 -1.4644950 -0.1469400
8 0.0783225 -0.6740703 0.0285075
5
-114.659     ts77     dynamics     sesquiterpene     TS     runpoint      22     runisomer      88
6 -0.1241198 0.6565470 -0.0350127
1 -0.5334672 0.8673496 0.9591843
1 -0.0807698 1.1400717 -0.9094632
1 0.3251024 -1.4341137 -0.1884625
8 0.0833384 -0.6658006 0.0350603
5
-114.652     ts77     dynamics     sesquiterpene     TS     runpoint      23     runisomer      88
6 -0.1212167 0.6408544 -0.0400942
1 -0.5759208 0.8589177 0.9864871
1 -0.0798271 1.1829235 -0.9394499
1 0.2839907 -1.4833820 -0.2694685
8 0.0863632 -0.6530942 0.0441499
5
-114.672     ts77     dynamics     sesquiterpene     TS     runpoint      24     runisomer      88
6 -0.1189691 0.6256210 -0.0429049
1 -0.6133516 0.8610762 0.9926952
1 -0.0808254 1.2323842 -0.9778466
1 0.2502115 -1.5473298 -0.3745422
8 0.0892234 -0.6408908 0.0549124
5
-114.67     ts77     dynamics     sesquiterpene     TS     runpoint      25     runisomer      88
6 -0.1179046 0.6133497 -0.0447910
1 -0.6431118 0.8717212 0.9735951
1 -0.0844168 1.2754652 -1.0069109
1 0.2114638 -1.5768744 -0.4828162
8 0.0929642 -0.6332106 0.0661883
5
-114.658     ts77     dynamics     sesquiterpene     TS     runpoint      26     runisomer      88
6 -0.1184087 0.6057741 -0.0467067
1 -0.6646373 0.8891973 0.9297408
1 -0.0903274 1.3035035 -1.0172468
1 0.1653749 -1.5576883 -0.5819051
8 0.0979710 -0.6316065 0.0772873
5
-114.656     ts77     dynamics     sesquiterpene     TS     runpoint      27     runisomer      88
6 -0.1206393 0.6036085 -0.0492319
1 -0.6791378 0.9126058 0.8657913
1 -0.0974991 1.3119267 -1.0060081
1 0.1131421 -1.4900515 -0.6641327
8 0.1042972 -0.6362528 0.0876872
5
-114.668     ts77     dynamics     sesquiterpene     TS     runpoint      28     runisomer      88
6 -0.1244036 0.6066656 -0.0527773
1 -0.6899277 0.9420960 0.7909583
1 -0.1045720 1.2994757 -0.9753224
1 0.0579075 -1.3788791 -0.7233465
8 0.1117234 -0.6466276 0.0968627
5
-114.688     ts77     dynamics     sesquiterpene     TS     runpoint      29     runisomer      88
6 -0.1291360 0.6139159 -0.0575560
1 -0.7030765 0.9792245 0.7187859
1 -0.1099702 1.2686243 -0.9327367
1 0.0038493 -1.2334024 -0.7558683
8 0.1198435 -0.6616320 0.1043655
5
-114.705     ts77     dynamics     sesquiterpene     TS     runpoint      30     runisomer      88
6 -0.1341019 0.6235874 -0.0630635
1 -0.7258936 1.0262258 0.6630967
1 -0.1116839 1.2272243 -0.8933248
1 -0.0455836 -1.0700629 -0.7658503
8 0.1282260 -0.6795355 0.1101567
5
-114.707     ts77     dynamics     sesquiterpene     TS     runpoint      31     runisomer      88
6 -0.1389078 0.6336886 -0.0674062
1 -0.7616162 1.0828885 0.6300695
1 -0.1072683 1.1888127 -0.8800380
1 -0.0903975 -0.9105769 -0.7704554
8 0.1366237 -0.6983173 0.1149528
5
-114.696     ts77     dynamics     sesquiterpene     TS     runpoint      32     runisomer      88
6 -0.1437866 0.6431176 -0.0680616
1 -0.8058255 1.1441419 0.6149821
1 -0.0945365 1.1647138 -0.9124695
1 -0.1335826 -0.7708327 -0.7888308
8 0.1449846 -0.7165399 0.1196014
5
-114.688     ts77     dynamics     sesquiterpene     TS     runpoint      33     runisomer      88
6 -0.1491867 0.6525020 -0.0642974
1 -0.8499623 1.2021715 0.6080032
1 -0.0732302 1.1516175 -0.9857842
1 -0.1742455 -0.6566443 -0.8186060
8 0.1530327 -0.7336092 0.1237157
5
-114.681     ts77     dynamics     sesquiterpene     TS     runpoint      34     runisomer      88
6 -0.1552700 0.6631640 -0.0575098
1 -0.8864848 1.2499953 0.6005648
1 -0.0458596 1.1375507 -1.0741610
1 -0.2075718 -0.5718018 -0.8440461
8 0.1602694 -0.7490836 0.1262685
5
-114.666     ts77     dynamics     sesquiterpene     TS     runpoint      35     runisomer      88
6 -0.1618670 0.6757269 -0.0494929
1 -0.9109497 1.2831743 0.5875039
1 -0.0161757 1.1150405 -1.1529974
1 -0.2301641 -0.5190463 -0.8541339
8 0.1663087 -0.7625085 0.1266849
5
-114.649     ts77     dynamics     sesquiterpene     TS     runpoint      36     runisomer      88
6 -0.1686036 0.6900281 -0.0415664
1 -0.9220675 1.3000455 0.5669800
1 0.0123580 1.0827061 -1.2074006
1 -0.2408591 -0.4992897 -0.8448310
8 0.1709355 -0.7735121 0.1248778
5
-114.64     ts77     dynamics     sesquiterpene     TS     runpoint      37     runisomer      88
6 -0.1749490 0.7055122 -0.0346190
1 -0.9215729 1.3016801 0.5401630
1 0.0369438 1.0422869 -1.2300672
1 -0.2396427 -0.5127928 -0.8167309
8 0.1740354 -0.7818376 0.1210186
5
-114.64     ts77     dynamics     sesquiterpene     TS     runpoint      38     runisomer      88
6 -0.1801885 0.7214225 -0.0293400
1 -0.9145191 1.2920329 0.5111672
1 0.0554238 0.9967303 -1.2182798
1 -0.2277273 -0.5593952 -0.7749057
8 0.1756019 -0.7873639 0.1155129
5
-114.647     ts77     dynamics     sesquiterpene     TS     runpoint      39     runisomer      88
6 -0.1834294 0.7367677 -0.0263279
1 -0.9093567 1.2777674 0.4866726
1 0.0664004 0.9495701 -1.1729825
1 -0.2096166 -0.6367090 -0.7321557
8 0.1758705 -0.7901380 0.1092543
5
-114.655     ts77     dynamics     sesquiterpene     TS     runpoint      40     runisomer      88
6 -0.1838248 0.7503174 -0.0258736
1 -0.9157071 1.2661571 0.4738153
1 0.0698060 0.9050963 -1.1004506
1 -0.1956860 -0.7388921 -0.7126342
8 0.1754719 -0.7903345 0.1039281
5
-114.663     ts77     dynamics     sesquiterpene     TS     runpoint      41     runisomer      88
6 -0.1811863 0.7608978 -0.0272405
1 -0.9384984 1.2606109 0.4758243
1 0.0682703 0.8689293 -1.0169983
1 -0.1957409 -0.8614344 -0.7367293
8 0.1750248 -0.7879279 0.1010912
5
-114.672     ts77     dynamics     sesquiterpene     TS     runpoint      42     runisomer      88
6 -0.1765024 0.7677835 -0.0279047
1 -0.9735567 1.2582661 0.4892678
1 0.0688577 0.8477489 -0.9542848
1 -0.2032508 -1.0005128 -0.7868557
8 0.1741530 -0.7828526 0.0999529
5
-114.67     ts77     dynamics     sesquiterpene     TS     runpoint      43     runisomer      88
6 -0.1714497 0.7707390 -0.0245857
1 -1.0110398 1.2532648 0.5068129
1 0.0806557 0.8467857 -0.9485238
1 -0.2044694 -1.1433796 -0.8275490
8 0.1720547 -0.7756966 0.0985622
5
-114.664     ts77     dynamics     sesquiterpene     TS     runpoint      44     runisomer      88
6 -0.1668988 0.7698812 -0.0169677
1 -1.0419349 1.2409510 0.5218601
1 0.1038353 0.8669087 -1.0005071
1 -0.1924811 -1.2741260 -0.8380390
8 0.1683684 -0.7673120 0.0958382
5
-114.665     ts77     dynamics     sesquiterpene     TS     runpoint      45     runisomer      88
6 -0.1625802 0.7655166 -0.0079706
1 -1.0608419 1.2191106 0.5304881
1 0.1286911 0.9047005 -1.0743116
1 -0.1665335 -1.3802201 -0.8121520
8 0.1631146 -0.7583627 0.0915664
5
-114.662     ts77     dynamics     sesquiterpene     TS     runpoint      46     runisomer      88
6 -0.1580365 0.7579513 -0.0003613
1 -1.0658131 1.1875863 0.5312724
1 0.1467349 0.9548740 -1.1375150
1 -0.1287046 -1.4531534 -0.7511952
8 0.1564960 -0.7492713 0.0859513
5
-114.66     ts77     dynamics     sesquiterpene     TS     runpoint      47     runisomer      88
6 -0.1529523 0.7473986 0.0042718
1 -1.0578778 1.1477545 0.5248513
1 0.1540267 1.0120958 -1.1730597
1 -0.0823753 -1.4880173 -0.6605854
8 0.1487993 -0.7402579 0.0794125
5
-114.664     ts77     dynamics     sesquiterpene     TS     runpoint      48     runisomer      88
6 -0.1470349 0.7340016 0.0051018
1 -1.0408455 1.1021612 0.5136877
1 0.1496453 1.0714752 -1.1740486
1 -0.0321946 -1.4856405 -0.5505619
8 0.1403974 -0.7312296 0.0726265
5
-114.672     ts77     dynamics     sesquiterpene     TS     runpoint      49     runisomer      88
6 -0.1399440 0.7178865 0.0017274
1 -1.0208780 1.0541172 0.5017586
1 0.1343692 1.1284652 -1.1391105
1 0.0152512 -1.4607398 -0.4405890
8 0.1317879 -0.7212769 0.0667831
5
-114.673     ts77     dynamics     sesquiterpene     TS     runpoint      50     runisomer      88
6 -0.1314042 0.6992704 -0.0058556
1 -1.0048945 1.0070029 0.4936611
1 0.1103098 1.1789950 -1.0710295
1 0.0525575 -1.4529841 -0.3614864
8 0.1235354 -0.7080185 0.0637112
5
-114.671     ts77     dynamics     sesquiterpene     TS     runpoint      51     runisomer      88
6 -0.1215405 0.6785986 -0.0170326
1 -0.9974987 0.9632837 0.4928927
1 0.0811733 1.2206037 -0.9780184
1 0.0786330 -1.4975427 -0.3308773
8 0.1158578 -0.6895752 0.0643579
5
-114.684     ts77     dynamics     sesquiterpene     TS     runpoint      52     runisomer      88
6 -0.1111893 0.6565586 -0.0302937
1 -0.9984013 0.9239287 0.5002683
1 0.0526639 1.2552316 -0.8762838
1 0.0989455 -1.5648177 -0.3290764
8 0.1086608 -0.6685074 0.0673208
5
-114.685     ts77     dynamics     sesquiterpene     TS     runpoint      53     runisomer      88
6 -0.1017772 0.6337882 -0.0433326
1 -1.0031781 0.8888097 0.5139682
1 0.0319585 1.2922137 -0.7894176
1 0.1160356 -1.6119819 -0.3356543
8 0.1021250 -0.6485731 0.0711834
5
-114.667     ts77     dynamics     sesquiterpene     TS     runpoint      54     runisomer      88
6 -0.0947680 0.6110606 -0.0541682
1 -1.0065546 0.8577097 0.5309258
1 0.0249080 1.3435311 -0.7365989
1 0.1299724 -1.6193291 -0.3428593
8 0.0966419 -0.6323370 0.0753712
5
-114.652     ts77     dynamics     sesquiterpene     TS     runpoint      55     runisomer      88
6 -0.0911578 0.5904255 -0.0625141
1 -1.0048010 0.8310316 0.5480198
1 0.0331160 1.4081835 -0.7174792
1 0.1404891 -1.5831049 -0.3493273
8 0.0926396 -0.6215344 0.0797601
5
-114.648     ts77     dynamics     sesquiterpene     TS     runpoint      56     runisomer      88
6 -0.0914501 0.5751257 -0.0692717
1 -0.9960895 0.8099199 0.5626462
1 0.0548434 1.4706284 -0.7186349
1 0.1479241 -1.5081702 -0.3563544
8 0.0904695 -0.6173840 0.0844257
5
-114.648     ts77     dynamics     sesquiterpene     TS     runpoint      57     runisomer      88
6 -0.0957940 0.5679004 -0.0753132
1 -0.9801497 0.7960659 0.5731484
1 0.0873518 1.5150147 -0.7278560
1 0.1539354 -1.4106577 -0.3698827
8 0.0902948 -0.6200339 0.0897319
5
-114.647     ts77     dynamics     sesquiterpene     TS     runpoint      58     runisomer      88
6 -0.1040085 0.5698189 -0.0811768
1 -0.9582711 0.7914342 0.5793040
1 0.1280096 1.5319959 -0.7375688
1 0.1624238 -1.3264095 -0.4083131
8 0.0919801 -0.6275634 0.0967789
5
-114.647     ts77     dynamics     sesquiterpene     TS     runpoint      59     runisomer      88
6 -0.1155568 0.5802829 -0.0872283
1 -0.9335620 0.7979804 0.5827633
1 0.1744646 1.5182100 -0.7434332
1 0.1782696 -1.2894881 -0.4968949
8 0.0951583 -0.6372864 0.1070540
5
-114.668     ts77     dynamics     sesquiterpene     TS     runpoint      60     runisomer      88
6 -0.1295972 0.5975706 -0.0937538
1 -0.9106918 0.8173667 0.5870044
1 0.2247168 1.4751436 -0.7435436
1 0.2005830 -1.2784619 -0.6226202
8 0.0996749 -0.6494608 0.1196138
5
-114.692     ts77     dynamics     sesquiterpene     TS     runpoint      61     runisomer      88
6 -0.1451925 0.6192144 -0.1008120
1 -0.8942622 0.8505216 0.5960629
1 0.2777137 1.4091040 -0.7388326
1 0.2245531 -1.2583352 -0.7468045
8 0.1054875 -0.6648969 0.1318686
5
-114.698     ts77     dynamics     sesquiterpene     TS     runpoint      62     runisomer      88
6 -0.1617151 0.6424109 -0.1079911
1 -0.8861628 0.8972121 0.6120909
1 0.3346672 1.3313057 -0.7338302
1 0.2468309 -1.2162081 -0.8433054
8 0.1123781 -0.6829969 0.1420130
5
-114.696     ts77     dynamics     sesquiterpene     TS     runpoint      63     runisomer      88
6 -0.1791147 0.6646428 -0.1144366
1 -0.8840007 0.9558307 0.6335379
1 0.3995659 1.2550771 -0.7354132
1 0.2657749 -1.1520416 -0.8995206
8 0.1200100 -0.7026121 0.1491420
5
-114.693     ts77     dynamics     sesquiterpene     TS     runpoint      64     runisomer      88
6 -0.1975441 0.6843826 -0.1194308
1 -0.8823395 1.0235395 0.6558697
1 0.4751082 1.1887407 -0.7469475
1 0.2806930 -1.0704141 -0.9102034
8 0.1280287 -0.7226534 0.1528837
5
-114.695     ts77     dynamics     sesquiterpene     TS     runpoint      65     runisomer      88
6 -0.2166003 0.7012877 -0.1229870
1 -0.8754377 1.0967182 0.6739771
1 0.5561041 1.1321150 -0.7631784
1 0.2916484 -0.9782414 -0.8756177
8 0.1360944 -0.7421877 0.1532569
5
-114.697     ts77     dynamics     sesquiterpene     TS     runpoint      66     runisomer      88
6 -0.2352983 0.7155790 -0.1256062
1 -0.8591707 1.1715012 0.6840219
1 0.6308695 1.0819933 -0.7743617
1 0.3001797 -0.8849207 -0.8052710
8 0.1438458 -0.7603452 0.1508638
5
-114.692     ts77     dynamics     sesquiterpene     TS     runpoint      67     runisomer      88
6 -0.2526184 0.7275101 -0.1277301
1 -0.8316396 1.2442809 0.6840867
1 0.6882461 1.0369921 -0.7730661
1 0.3115570 -0.8017049 -0.7286169
8 0.1507712 -0.7762913 0.1475448
5
-114.671     ts77     dynamics     sesquiterpene     TS     runpoint      68     runisomer      88
6 -0.2678166 0.7372686 -0.1295890
1 -0.7930356 1.3121349 0.6741942
1 0.7211341 0.9976835 -0.7561623
1 0.3369909 -0.7354994 -0.6997440
8 0.1560640 -0.7895836 0.1466818
5
-114.653     ts77     dynamics     sesquiterpene     TS     runpoint      69     runisomer      88
6 -0.2804305 0.7449642 -0.1313169
1 -0.7452585 1.3731427 0.6561542
1 0.7266080 0.9657744 -0.7239023
1 0.3836382 -0.6839866 -0.7406120
8 0.1592299 -0.8004376 0.1496607
