5
-114.654160 ts77 dynamics sesquiterpene TS runpoint 1  runisomer  132
6 -0.0269402 0.6019444 -0.0091513
1 -0.3093363 1.0683834 0.8912319
1 -0.3117266 1.2446725 -0.8982997
1 1.0585087 -0.1212716 0.0006198
8 -0.0353054 -0.7267845 0.0072724
5
-114.645 ts77 dynamics sesquiterpene TS runpoint 2  runisomer  132
6 -0.0325235 0.608869 -0.0135656
1 -0.286586 1.1145 0.883473
1 -0.299262 1.2163 -0.824725
1 1.10411 -0.111974 0.025644
8 -0.0362082 -0.733683 0.00486042
5
-114.642     ts77     dynamics     sesquiterpene     TS     runpoint      3     runisomer      132
6 -0.0364499 0.6160378 -0.0169951
1 -0.2642469 1.1639399 0.8884629
1 -0.2890649 1.1902395 -0.7704055
1 1.1332274 -0.0917094 0.0497012
8 -0.0371475 -0.7418101 0.0021792
5
-114.631     ts77     dynamics     sesquiterpene     TS     runpoint      4     runisomer      132
6 -0.0376588 0.6214546 -0.0166768
1 -0.2408541 1.2106599 0.9010681
1 -0.2897803 1.1851416 -0.7633377
1 1.1434639 -0.0566968 0.0717434
8 -0.0383158 -0.7507010 -0.0006889
5
-114.63     ts77     dynamics     sesquiterpene     TS     runpoint      5     runisomer      132
6 -0.0357068 0.6243964 -0.0116213
1 -0.2157453 1.2489113 0.9149421
1 -0.3033670 1.2047960 -0.8091913
1 1.1356095 -0.0030117 0.0907082
8 -0.0400128 -0.7599373 -0.0036630
5
-114.642     ts77     dynamics     sesquiterpene     TS     runpoint      6     runisomer      132
6 -0.0309951 0.6258574 -0.0034959
1 -0.1895425 1.2745834 0.9248910
1 -0.3220495 1.2324513 -0.8832109
1 1.1128885 0.0731265 0.1055728
8 -0.0425917 -0.7691893 -0.0066591
5
-114.653     ts77     dynamics     sesquiterpene     TS     runpoint      7     runisomer      132
6 -0.0240981 0.6268810 0.0055803
1 -0.1641171 1.2856597 0.9278870
1 -0.3373212 1.2513819 -0.9574456
1 1.0804270 0.1741988 0.1152994
8 -0.0463626 -0.7782148 -0.0095933
5
-114.658     ts77     dynamics     sesquiterpene     TS     runpoint      8     runisomer      132
6 -0.0155937 0.6279531 0.0141436
1 -0.1424443 1.2823313 0.9235174
1 -0.3443799 1.2534342 -1.0143495
1 1.0460368 0.2995462 0.1188643
8 -0.0514992 -0.7868355 -0.0123823
5
-114.662     ts77     dynamics     sesquiterpene     TS     runpoint      9     runisomer      132
6 -0.0064219 0.6292811 0.0211772
1 -0.1284284 1.2669416 0.9142333
1 -0.3415019 1.2363805 -1.0448659
1 1.0225839 0.4438120 0.1155585
8 -0.0579690 -0.7948774 -0.0149427
5
-114.666     ts77     dynamics     sesquiterpene     TS     runpoint      10     runisomer      132
6 0.0021012 0.6308091 0.0258161
1 -0.1264794 1.2435708 0.9051902
1 -0.3290397 1.2010108 -1.0449429
1 1.0266425 0.5989849 0.1051689
8 -0.0655293 -0.8020983 -0.0171948
5
-114.673     ts77     dynamics     sesquiterpene     TS     runpoint      11     runisomer      132
6 0.0095157 0.6320390 0.0274300
1 -0.1405345 1.2167379 0.9028284
1 -0.3091222 1.1499671 -1.0142741
1 1.0636767 0.7590919 0.0874428
8 -0.0737967 -0.8082006 -0.0190736
5
-114.654160 ts77 dynamics sesquiterpene TS runpoint 1  runisomer  132
6 -0.0269402 0.6019444 -0.0091513
1 -0.3093363 1.0683834 0.8912319
1 -0.3117266 1.2446725 -0.8982997
1 1.0585087 -0.1212716 0.0006198
8 -0.0353054 -0.7267845 0.0072724
5
-114.645 ts77 dynamics sesquiterpene TS runpoint 2  runisomer  132
6 -0.0207854 0.597007 -0.00577752
1 -0.333453 1.02981 0.912448
1 -0.319854 1.26137 -0.967224
1 1.00281 -0.123563 -0.0244983
8 -0.034382 -0.721558 0.00932996
5
-114.641     ts77     dynamics     sesquiterpene     TS     runpoint      3     runisomer      132
6 -0.0151724 0.5953170 -0.0041005
1 -0.3581406 1.0001468 0.9421161
1 -0.3206003 1.2604554 -1.0179029
1 0.9478674 -0.1232656 -0.0492694
8 -0.0335292 -0.7183811 0.0109560
5
-114.634     ts77     dynamics     sesquiterpene     TS     runpoint      4     runisomer      132
6 -0.0112648 0.5977757 -0.0038893
1 -0.3810289 0.9789129 0.9719182
1 -0.3130640 1.2407573 -1.0437197
1 0.9074254 -0.1251422 -0.0739493
8 -0.0329450 -0.7175275 0.0121006
5
-114.629     ts77     dynamics     sesquiterpene     TS     runpoint      5     runisomer      132
6 -0.0099973 0.6048101 -0.0046024
1 -0.3994350 0.9654083 0.9939269
1 -0.2975154 1.2036735 -1.0421634
1 0.8927056 -0.1335706 -0.0993466
8 -0.0327890 -0.7190861 0.0127517
5
-114.631     ts77     dynamics     sesquiterpene     TS     runpoint      6     runisomer      132
6 -0.0117019 0.6161292 -0.0056752
1 -0.4114618 0.9594494 1.0028004
1 -0.2752104 1.1527345 -1.0142274
1 0.9057294 -0.1516682 -0.1259317
8 -0.0329783 -0.7228522 0.0129136
5
-114.64     ts77     dynamics     sesquiterpene     TS     runpoint      7     runisomer      132
6 -0.0160282 0.6306562 -0.0064408
1 -0.4165088 0.9614170 0.9963924
1 -0.2488247 1.0945247 -0.9664087
1 0.9378041 -0.1815743 -0.1529343
8 -0.0330978 -0.7283222 0.0125819
5
-114.648     ts77     dynamics     sesquiterpene     TS     runpoint      8     runisomer      132
6 -0.0221696 0.6466942 -0.0057323
1 -0.4154841 0.9721110 0.9758850
1 -0.2232205 1.0402678 -0.9153196
1 0.9746250 -0.2259568 -0.1785314
8 -0.0324883 -0.7348124 0.0117374
5
-114.648     ts77     dynamics     sesquiterpene     TS     runpoint      9     runisomer      132
6 -0.0291854 0.6622635 -0.0016753
1 -0.4109952 0.9927280 0.9460921
1 -0.2050874 1.0050206 -0.8897517
1 1.0022519 -0.2891166 -0.2007910
8 -0.0303910 -0.7415904 0.0103633
5
-114.646     ts77     dynamics     sesquiterpene     TS     runpoint      10     runisomer      132
6 -0.0364436 0.6759087 0.0068252
1 -0.4074118 1.0249968 0.9156899
1 -0.1983679 0.9986169 -0.9128497
1 1.0101796 -0.3764789 -0.2183791
8 -0.0260937 -0.7479502 0.0084659
5
-114.66     ts77     dynamics     sesquiterpene     TS     runpoint      11     runisomer      132
6 -0.0439170 0.6873690 0.0178056
1 -0.4100137 1.0709214 0.8954285
1 -0.1996902 1.0162590 -0.9733405
1 0.9926346 -0.4918445 -0.2308419
8 -0.0191351 -0.7532818 0.0061021
5
-114.681     ts77     dynamics     sesquiterpene     TS     runpoint      12     runisomer      132
6 -0.0517499 0.6969146 0.0279644
1 -0.4222379 1.1307926 0.8918399
1 -0.2031282 1.0464144 -1.0402154
1 0.9511276 -0.6334902 -0.2390900
8 -0.0096565 -0.7571892 0.0034413
5
-114.697     ts77     dynamics     sesquiterpene     TS     runpoint      13     runisomer      132
6 -0.0599721 0.7048219 0.0354069
1 -0.4429351 1.2001098 0.9013732
1 -0.2050631 1.0800800 -1.0899978
1 0.9001379 -0.7932884 -0.2468694
8 0.0011496 -0.7595388 0.0008837
5
-114.7     ts77     dynamics     sesquiterpene     TS     runpoint      14     runisomer      132
6 -0.0684858 0.7114082 0.0397492
1 -0.4673206 1.2697065 0.9135721
1 -0.2041613 1.1117416 -1.1109854
1 0.8666718 -0.9630298 -0.2613358
8 0.0111254 -0.7601628 -0.0009077
5
-114.695     ts77     dynamics     sesquiterpene     TS     runpoint      15     runisomer      132
6 -0.0770698 0.7170194 0.0411769
1 -0.4901626 1.3295472 0.9187106
1 -0.2002301 1.1380708 -1.0991658
1 0.8591469 -1.1379398 -0.2849400
8 0.0192297 -0.7587794 -0.0015602
5
-114.69     ts77     dynamics     sesquiterpene     TS     runpoint      16     runisomer      132
6 -0.0854640 0.7219598 0.0399937
1 -0.5076508 1.3718900 0.9114966
1 -0.1934930 1.1572138 -1.0556871
1 0.8535192 -1.3034869 -0.3096539
8 0.0265588 -0.7559268 -0.0013995
5
-114.679     ts77     dynamics     sesquiterpene     TS     runpoint      17     runisomer      132
6 -0.0934271 0.7263400 0.0366687
1 -0.5176949 1.3921879 0.8910772
1 -0.1843525 1.1690459 -0.9871288
1 0.8297459 -1.4402264 -0.3275067
8 0.0340875 -0.7526196 -0.0008133
5
-114.665     ts77     dynamics     sesquiterpene     TS     runpoint      18     runisomer      132
6 -0.1007037 0.7298483 0.0321163
1 -0.5198758 1.3889598 0.8603431
1 -0.1734618 1.1766239 -0.9082682
1 0.7822313 -1.5349780 -0.3352500
8 0.0419922 -0.7495542 0.0000587
5
-114.653     ts77     dynamics     sesquiterpene     TS     runpoint      19     runisomer      132
6 -0.1069560 0.7315044 0.0278980
1 -0.5157568 1.3638340 0.8258043
1 -0.1617138 1.1882977 -0.8445965
1 0.7125619 -1.5810793 -0.3326991
8 0.0500719 -0.7470426 0.0012279
5
-114.645     ts77     dynamics     sesquiterpene     TS     runpoint      20     runisomer      132
6 -0.1117587 0.7297941 0.0254746
1 -0.5094638 1.3219064 0.7977916
1 -0.1494486 1.2153865 -0.8237929
1 0.6250378 -1.5766701 -0.3214725
8 0.0580201 -0.7451020 0.0027938
5
-114.649     ts77     dynamics     sesquiterpene     TS     runpoint      21     runisomer      132
6 -0.1147031 0.7237547 0.0241814
1 -0.5074739 1.2712906 0.7892737
1 -0.1355231 1.2595696 -0.8505080
1 0.5276041 -1.5279739 -0.3059992
8 0.0653643 -0.7432331 0.0050109
5
-114.662     ts77     dynamics     sesquiterpene     TS     runpoint      22     runisomer      132
6 -0.1155107 0.7137045 0.0213723
1 -0.5156739 1.2194153 0.8100488
1 -0.1188254 1.3082833 -0.9021933
1 0.4377316 -1.4619880 -0.2985523
8 0.0710962 -0.7396499 0.0085978
5
-114.659     ts77     dynamics     sesquiterpene     TS     runpoint      23     runisomer      132
6 -0.1143010 0.7007691 0.0152348
1 -0.5344133 1.1674355 0.8578154
1 -0.0998014 1.3474489 -0.9536944
1 0.3836951 -1.4372814 -0.3259814
8 0.0735736 -0.7306928 0.0151672
5
-114.657     ts77     dynamics     sesquiterpene     TS     runpoint      24     runisomer      132
6 -0.1116663 0.6864102 0.0058152
1 -0.5578856 1.1112657 0.9176254
1 -0.0798888 1.3687231 -0.9893570
1 0.3686656 -1.4746535 -0.4031655
8 0.0727676 -0.7153655 0.0255771
5
-114.677     ts77     dynamics     sesquiterpene     TS     runpoint      25     runisomer      132
6 -0.1083396 0.6720544 -0.0059249
1 -0.5788930 1.0478935 0.9716807
1 -0.0606924 1.3687822 -1.0018462
1 0.3640309 -1.5157840 -0.5035986
8 0.0706781 -0.6980143 0.0380947
5
-114.677     ts77     dynamics     sesquiterpene     TS     runpoint      26     runisomer      132
6 -0.1049379 0.6588301 -0.0189371
1 -0.5923688 0.9780626 1.0068565
1 -0.0435264 1.3474537 -0.9892701
1 0.3533839 -1.5210671 -0.6017225
8 0.0685632 -0.6820154 0.0510322
