5
-114.654160 ts77 dynamics sesquiterpene TS runpoint 1  runisomer  162
6 -0.0345111 0.6198401 0.0039078
1 -0.2014247 1.1535860 0.8150486
1 -0.2833579 1.1933959 -0.8896007
1 0.9237724 -0.0707697 0.0592670
8 -0.0297230 -0.7455301 -0.0019685
5
-114.642 ts77 dynamics sesquiterpene TS runpoint 2  runisomer  162
6 -0.0397416 0.607834 -0.00750134
1 -0.188086 1.19063 0.8934
1 -0.27275 1.23524 -0.879808
1 0.980758 -0.0559331 0.0814687
8 -0.0308978 -0.742428 -0.000361421
5
-114.65     ts77     dynamics     sesquiterpene     TS     runpoint      3     runisomer      162
6 -0.0443957 0.5975542 -0.0189562
1 -0.1771358 1.2241806 0.9778162
1 -0.2615268 1.2690187 -0.8726557
1 1.0434069 -0.0337312 0.1017421
8 -0.0327512 -0.7403592 0.0011873
5
-114.644     ts77     dynamics     sesquiterpene     TS     runpoint      4     runisomer      162
6 -0.0475470 0.5897408 -0.0284413
1 -0.1666117 1.2424021 1.0463148
1 -0.2502532 1.2923165 -0.8668365
1 1.1022013 0.0035391 0.1187270
8 -0.0354651 -0.7394625 0.0025514
5
-114.634     ts77     dynamics     sesquiterpene     TS     runpoint      5     runisomer      162
6 -0.0482822 0.5842806 -0.0349195
1 -0.1566148 1.2415802 1.0891013
1 -0.2393738 1.3037920 -0.8615775
1 1.1518514 0.0626914 0.1311235
8 -0.0393572 -0.7397659 0.0036040
5
-114.63     ts77     dynamics     sesquiterpene     TS     runpoint      6     runisomer      162
6 -0.0459649 0.5807034 -0.0378165
1 -0.1478383 1.2215874 1.1023021
1 -0.2292567 1.3033105 -0.8569924
1 1.1901144 0.1475018 0.1378623
8 -0.0446964 -0.7411367 0.0042324
5
-114.635     ts77     dynamics     sesquiterpene     TS     runpoint      7     runisomer      162
6 -0.0402425 0.5785705 -0.0368005
1 -0.1412016 1.1837925 1.0849925
1 -0.2204274 1.2918582 -0.8540340
1 1.2151203 0.2575362 0.1380349
8 -0.0515387 -0.7433688 0.0043626
5
-114.649     ts77     dynamics     sesquiterpene     TS     runpoint      8     runisomer      162
6 -0.0309232 0.5776315 -0.0317948
1 -0.1379244 1.1307755 1.0388766
1 -0.2137883 1.2712596 -0.8541821
1 1.2244069 0.3888024 0.1308998
8 -0.0597411 -0.7462980 0.0039717
5
-114.668     ts77     dynamics     sesquiterpene     TS     runpoint      9     runisomer      162
6 -0.0179133 0.5777445 -0.0232204
1 -0.1398450 1.0674097 0.9705092
1 -0.2106713 1.2436997 -0.8588406
1 1.2160098 0.5348494 0.1161079
8 -0.0690473 -0.7498566 0.0030724
5
-114.685     ts77     dynamics     sesquiterpene     TS     runpoint      10     runisomer      162
6 -0.0012070 0.5785981 -0.0125517
1 -0.1503570 1.0034031 0.8968873
1 -0.2127346 1.2111250 -0.8684987
1 1.1901548 0.6877823 0.0940550
8 -0.0791581 -0.7540487 0.0017051
5
-114.689     ts77     dynamics     sesquiterpene     TS     runpoint      11     runisomer      162
6 0.0192017 0.5793877 -0.0028710
1 -0.1763900 0.9552363 0.8511608
1 -0.2217728 1.1748711 -0.8820886
1 1.1503696 0.8394390 0.0662009
8 -0.0897518 -0.7588794 -0.0000660
5
-114.682     ts77     dynamics     sesquiterpene     TS     runpoint      12     runisomer      162
6 0.0432610 0.5793861 0.0026045
1 -0.2275287 0.9371443 0.8654364
1 -0.2394683 1.1357298 -0.8973183
1 1.1031018 0.9827708 0.0351902
8 -0.1004854 -0.7643034 -0.0021604
5
-114.654160 ts77 dynamics sesquiterpene TS runpoint 1  runisomer  162
6 -0.0345111 0.6198401 0.0039078
1 -0.2014247 1.1535860 0.8150486
1 -0.2833579 1.1933959 -0.8896007
1 0.9237724 -0.0707697 0.0592670
8 -0.0297230 -0.7455301 -0.0019685
5
-114.642 ts77 dynamics sesquiterpene TS runpoint 2  runisomer  162
6 -0.0292303 0.631725 0.0119823
1 -0.223515 1.13603 0.780078
1 -0.292779 1.14662 -0.903151
1 0.884143 -0.0852947 0.0361935
8 -0.0292028 -0.749477 -0.00351556
5
-114.63     ts77     dynamics     sesquiterpene     TS     runpoint      3     runisomer      162
6 -0.0240898 0.6419734 0.0144446
1 -0.2612091 1.1545397 0.8137667
1 -0.3006647 1.0984912 -0.9208879
1 0.8709417 -0.1048803 0.0127387
8 -0.0293561 -0.7540650 -0.0048915
5
-114.64     ts77     dynamics     sesquiterpene     TS     runpoint      4     runisomer      162
6 -0.0197744 0.6513677 0.0131611
1 -0.3096888 1.1950616 0.8920829
1 -0.3071324 1.0527481 -0.9425088
1 0.8858021 -0.1329515 -0.0110451
8 -0.0300684 -0.7590152 -0.0060034
5
-114.651     ts77     dynamics     sesquiterpene     TS     runpoint      5     runisomer      162
6 -0.0170506 0.6610993 0.0112057
1 -0.3579077 1.2354526 0.9758074
1 -0.3125947 1.0127414 -0.9665995
1 0.9214445 -0.1718247 -0.0351169
8 -0.0309744 -0.7638899 -0.0067774
5
-114.649     ts77     dynamics     sesquiterpene     TS     runpoint      6     runisomer      162
6 -0.0162368 0.6714558 0.0102752
1 -0.3984554 1.2637693 1.0409619
1 -0.3173187 0.9809021 -0.9903903
1 0.9648860 -0.2242103 -0.0591441
8 -0.0314693 -0.7681369 -0.0071711
5
-114.641     ts77     dynamics     sesquiterpene     TS     runpoint      7     runisomer      162
6 -0.0174473 0.6822955 0.0109121
1 -0.4280213 1.2757286 1.0767403
1 -0.3212130 0.9586904 -1.0102538
1 1.0022816 -0.2942207 -0.0825248
8 -0.0308085 -0.7712114 -0.0071786
5
-114.638     ts77     dynamics     sesquiterpene     TS     runpoint      8     runisomer      162
6 -0.0208468 0.6934594 0.0131490
1 -0.4455277 1.2704282 1.0790533
1 -0.3239633 0.9468863 -1.0227148
1 1.0221544 -0.3869580 -0.1045746
8 -0.0282339 -0.7726639 -0.0068292
5
-114.645     ts77     dynamics     sesquiterpene     TS     runpoint      9     runisomer      162
6 -0.0266198 0.7047710 0.0168368
1 -0.4510308 1.2485576 1.0474755
1 -0.3252391 0.9458841 -1.0253962
1 1.0171159 -0.5060682 -0.1246920
8 -0.0231585 -0.7722036 -0.0061700
5
-114.664     ts77     dynamics     sesquiterpene     TS     runpoint      10     runisomer      162
6 -0.0347210 0.7158206 0.0216500
1 -0.4457633 1.2125134 0.9854547
1 -0.3248349 0.9558119 -1.0176168
1 0.9861833 -0.6501276 -0.1426486
8 -0.0154903 -0.7697706 -0.0052320
5
-114.689     ts77     dynamics     sesquiterpene     TS     runpoint      11     runisomer      162
6 -0.0445797 0.7257295 0.0267661
1 -0.4338388 1.1681310 0.9040472
1 -0.3228050 0.9764981 -1.0006697
1 0.9388819 -0.8117288 -0.1594093
8 -0.0059928 -0.7655289 -0.0039529
5
-114.703     ts77     dynamics     sesquiterpene     TS     runpoint      12     runisomer      162
6 -0.0548061 0.7329428 0.0302382
1 -0.4259537 1.1279015 0.8293061
1 -0.3195643 1.0074039 -0.9778501
1 0.8953904 -0.9824513 -0.1779072
8 0.0037176 -0.7595951 -0.0021214
5
-114.695     ts77     dynamics     sesquiterpene     TS     runpoint      13     runisomer      162
6 -0.0632331 0.7354334 0.0289998
1 -0.4403560 1.1102542 0.8021352
1 -0.3158422 1.0476695 -0.9541902
1 0.8665933 -1.1566337 -0.2002859
8 0.0125275 -0.7519125 0.0004390
5
-114.687     ts77     dynamics     sesquiterpene     TS     runpoint      14     runisomer      162
6 -0.0685446 0.7324206 0.0220773
1 -0.4855506 1.1209988 0.8397370
1 -0.3124850 1.0962512 -0.9356299
1 0.8382915 -1.3219200 -0.2236555
8 0.0209327 -0.7429764 0.0035664
5
-114.691     ts77     dynamics     sesquiterpene     TS     runpoint      15     runisomer      162
6 -0.0715976 0.7253049 0.0125433
1 -0.5460455 1.1429371 0.9100387
1 -0.3099829 1.1516159 -0.9264538
1 0.7940085 -1.4597852 -0.2436110
8 0.0296678 -0.7338204 0.0069673
5
-114.682     ts77     dynamics     sesquiterpene     TS     runpoint      16     runisomer      162
6 -0.0737009 0.7157563 0.0033799
1 -0.6035255 1.1587411 0.9773364
1 -0.3078142 1.2105911 -0.9259131
1 0.7283448 -1.5560180 -0.2580194
8 0.0388684 -0.7253031 0.0104737
5
-114.664     ts77     dynamics     sesquiterpene     TS     runpoint      17     runisomer      162
6 -0.0756625 0.7049594 -0.0042442
1 -0.6479939 1.1600451 1.0229055
1 -0.3045555 1.2678123 -0.9286360
1 0.6429280 -1.6031322 -0.2668782
8 0.0483180 -0.7179208 0.0140516
5
-114.652     ts77     dynamics     sesquiterpene     TS     runpoint      18     runisomer      162
6 -0.0779334 0.6937889 -0.0101808
1 -0.6753414 1.1441181 1.0392461
1 -0.2987258 1.3169319 -0.9283474
1 0.5421304 -1.5993854 -0.2716407
8 0.0577277 -0.7118677 0.0177581
5
-114.651     ts77     dynamics     sesquiterpene     TS     runpoint      19     runisomer      162
6 -0.0808277 0.6828895 -0.0145339
1 -0.6842529 1.1109145 1.0241153
1 -0.2893427 1.3523886 -0.9208314
1 0.4329647 -1.5516749 -0.2760669
8 0.0667484 -0.7068385 0.0217819
5
-114.659     ts77     dynamics     sesquiterpene     TS     runpoint      20     runisomer      162
6 -0.0846154 0.6726586 -0.0173931
1 -0.6748969 1.0620291 0.9784275
1 -0.2759208 1.3705246 -0.9048425
1 0.3277876 -1.4858990 -0.2903353
8 0.0747807 -0.7013696 0.0266969
