5
-114.654160 ts77 dynamics sesquiterpene TS runpoint 1  runisomer  150
6 -0.0328968 0.6322005 0.0032552
1 -0.2659477 1.2337290 0.9420138
1 -0.2940021 1.0539198 -0.8952006
1 1.0632530 -0.1061572 0.0366831
8 -0.0349866 -0.7488347 -0.0077035
5
-114.645 ts77 dynamics sesquiterpene TS runpoint 2  runisomer  150
6 -0.0297463 0.646276 -0.00144388
1 -0.295981 1.1817 0.944598
1 -0.287264 1.0215 -0.857512
1 1.09192 -0.0977968 0.010996
8 -0.0376888 -0.7546 -0.00509707
5
-114.634     ts77     dynamics     sesquiterpene     TS     runpoint      3     runisomer      150
6 -0.0245670 0.6577576 -0.0016786
1 -0.3229253 1.1246998 0.9390989
1 -0.2939307 1.0158074 -0.8682653
1 1.1037410 -0.0800836 -0.0150655
8 -0.0402013 -0.7603788 -0.0022541
5
-114.634     ts77     dynamics     sesquiterpene     TS     runpoint      4     runisomer      150
6 -0.0172209 0.6657154 0.0018281
1 -0.3476036 1.0693045 0.9309926
1 -0.3132823 1.0354455 -0.9236286
1 1.0982542 -0.0500482 -0.0406025
8 -0.0425917 -0.7659877 0.0007236
5
-114.642     ts77     dynamics     sesquiterpene     TS     runpoint      5     runisomer      150
6 -0.0082715 0.6702268 0.0059258
1 -0.3718299 1.0218891 0.9274741
1 -0.3361289 1.0679856 -0.9927673
1 1.0778961 -0.0040688 -0.0645792
8 -0.0450573 -0.7713325 0.0037393
5
-114.645     ts77     dynamics     sesquiterpene     TS     runpoint      6     runisomer      150
6 0.0016704 0.6714915 0.0080410
1 -0.3968732 0.9866340 0.9331748
1 -0.3544196 1.1026406 -1.0493105
1 1.0479546 0.0620569 -0.0859436
8 -0.0478990 -0.7764106 0.0067027
5
-114.644     ts77     dynamics     sesquiterpene     TS     runpoint      7     runisomer      150
6 0.0119100 0.6697676 0.0071800
1 -0.4215463 0.9645563 0.9465389
1 -0.3640974 1.1330120 -1.0795966
1 1.0170640 0.1521170 -0.1038244
8 -0.0514707 -0.7813146 0.0095428
5
-114.646     ts77     dynamics     sesquiterpene     TS     runpoint      8     runisomer      150
6 0.0213156 0.6655703 0.0035143
1 -0.4421744 0.9544268 0.9609396
1 -0.3640185 1.1554685 -1.0784780
1 0.9982281 0.2668715 -0.1178298
8 -0.0560461 -0.7861733 0.0121990
5
-114.652     ts77     dynamics     sesquiterpene     TS     runpoint      9     runisomer      150
6 0.0282348 0.6596105 -0.0022380
1 -0.4545545 0.9542773 0.9689482
1 -0.3550177 1.1679302 -1.0457790
1 1.0084521 0.4021986 -0.1282794
8 -0.0616680 -0.7910046 0.0146089
5
-114.665     ts77     dynamics     sesquiterpene     TS     runpoint      10     runisomer      150
6 0.0314937 0.6522691 -0.0092287
1 -0.4559329 0.9621487 0.9655497
1 -0.3397700 1.1696636 -0.9855070
1 1.0581770 0.5532605 -0.1350840
8 -0.0681198 -0.7956205 0.0167000
5
-114.686     ts77     dynamics     sesquiterpene     TS     runpoint      11     runisomer      150
6 0.0321788 0.6434209 -0.0166296
1 -0.4458444 0.9761180 0.9492821
1 -0.3232804 1.1621826 -0.9074288
1 1.1333931 0.7169741 -0.1357688
8 -0.0750476 -0.7997077 0.0184017
5
-114.654160 ts77 dynamics sesquiterpene TS runpoint 1  runisomer  150
6 -0.0328968 0.6322005 0.0032552
1 -0.2659477 1.2337290 0.9420138
1 -0.2940021 1.0539198 -0.8952006
1 1.0632530 -0.1061572 0.0366831
8 -0.0349866 -0.7488347 -0.0077035
5
-114.645 ts77 dynamics sesquiterpene TS runpoint 2  runisomer  150
6 -0.0349161 0.617696 0.0102141
1 -0.233224 1.27535 0.929114
1 -0.305826 1.09972 -0.953702
1 1.02148 -0.107762 0.0612823
8 -0.0321564 -0.74336 -0.00997543
5
-114.648     ts77     dynamics     sesquiterpene     TS     runpoint      3     runisomer      150
6 -0.0367097 0.6049897 0.0170470
1 -0.1990650 1.3029563 0.9065081
1 -0.3151653 1.1442780 -1.0060474
1 0.9738859 -0.1052628 0.0843347
8 -0.0293739 -0.7385313 -0.0118303
5
-114.642     ts77     dynamics     sesquiterpene     TS     runpoint      4     runisomer      150
6 -0.0389747 0.5957620 0.0222363
1 -0.1651950 1.3151134 0.8771723
1 -0.3182931 1.1783831 -1.0379131
1 0.9308646 -0.1016010 0.1057981
8 -0.0269003 -0.7347528 -0.0132180
5
-114.633     ts77     dynamics     sesquiterpene     TS     runpoint      5     runisomer      150
6 -0.0422398 0.5910877 0.0248211
1 -0.1334732 1.3129867 0.8463062
1 -0.3139859 1.1972925 -1.0438184
1 0.9035707 -0.0998278 0.1261094
8 -0.0250000 -0.7324149 -0.0141193
5
-114.628     ts77     dynamics     sesquiterpene     TS     runpoint      6     runisomer      150
6 -0.0467762 0.5913677 0.0240784
1 -0.1055600 1.3004979 0.8211718
1 -0.3023292 1.1989908 -1.0230027
1 0.8992643 -0.1025562 0.1458268
8 -0.0238178 -0.7317723 -0.0145309
5
-114.629     ts77     dynamics     sesquiterpene     TS     runpoint      7     runisomer      150
6 -0.0524647 0.5962576 0.0195223
1 -0.0825283 1.2835163 0.8100859
1 -0.2843641 1.1836104 -0.9781016
1 0.9171939 -0.1115380 0.1649055
8 -0.0232622 -0.7328340 -0.0144451
5
-114.637     ts77     dynamics     sesquiterpene     TS     runpoint      8     runisomer      150
6 -0.0588367 0.6048288 0.0112936
1 -0.0645595 1.2671831 0.8195126
1 -0.2624044 1.1544083 -0.9166191
1 0.9489205 -0.1280451 0.1823286
8 -0.0229958 -0.7353534 -0.0138367
5
-114.644     ts77     dynamics     sesquiterpene     TS     runpoint      9     runisomer      150
6 -0.0652340 0.6157942 0.0008645
1 -0.0511116 1.2526213 0.8499405
1 -0.2408633 1.1206227 -0.8553800
1 0.9825637 -0.1538949 0.1965165
8 -0.0225208 -0.7389023 -0.0126813
5
-114.643     ts77     dynamics     sesquiterpene     TS     runpoint      10     runisomer      150
6 -0.0709743 0.6274964 -0.0085651
1 -0.0415100 1.2367865 0.8943828
1 -0.2265647 1.0999482 -0.8242356
1 1.0069468 -0.1924316 0.2060211
8 -0.0212565 -0.7429507 -0.0109660
5
-114.637     ts77     dynamics     sesquiterpene     TS     runpoint      11     runisomer      150
6 -0.0757498 0.6385160 -0.0137117
1 -0.0352982 1.2158427 0.9417951
1 -0.2249742 1.1091758 -0.8503842
1 1.0136830 -0.2489414 0.2099781
8 -0.0185902 -0.7469181 -0.0086922
5
-114.647     ts77     dynamics     sesquiterpene     TS     runpoint      12     runisomer      150
6 -0.0801317 0.6491770 -0.0145976
1 -0.0321232 1.1879766 0.9820520
1 -0.2338718 1.1436380 -0.9231807
1 0.9979988 -0.3299029 0.2082858
8 -0.0139539 -0.7502287 -0.0058690
5
-114.667     ts77     dynamics     sesquiterpene     TS     runpoint      13     runisomer      150
6 -0.0850955 0.6607132 -0.0136413
1 -0.0316128 1.1539071 1.0085258
1 -0.2468298 1.1851696 -1.0070550
1 0.9600943 -0.4402639 0.2018100
8 -0.0070579 -0.7523987 -0.0025606
5
-114.682     ts77     dynamics     sesquiterpene     TS     runpoint      14     runisomer      150
6 -0.0912289 0.6735925 -0.0128246
1 -0.0334184 1.1163960 1.0185996
1 -0.2592093 1.2205627 -1.0749039
1 0.9103156 -0.5785154 0.1933842
8 0.0015725 -0.7532159 0.0009990
5
-114.687     ts77     dynamics     sesquiterpene     TS     runpoint      15     runisomer      150
6 -0.0985141 0.6873192 -0.0132385
1 -0.0372153 1.0797245 1.0136644
1 -0.2686985 1.2436006 -1.1130741
1 0.8786296 -0.7351337 0.1897889
8 0.0098719 -0.7527849 0.0042527
5
-114.683     ts77     dynamics     sesquiterpene     TS     runpoint      16     runisomer      150
6 -0.1065021 0.7008431 -0.0155047
1 -0.0426884 1.0491391 0.9988649
1 -0.2742621 1.2519477 -1.1161900
1 0.8981119 -0.9037835 0.1982469
8 0.0153326 -0.7509024 0.0065495
5
-114.691     ts77     dynamics     sesquiterpene     TS     runpoint      17     runisomer      150
6 -0.1146229 0.7130838 -0.0200225
1 -0.0495144 1.0299073 0.9820093
1 -0.2755859 1.2454640 -1.0840422
1 0.9450767 -1.0791654 0.2135330
8 0.0189802 -0.7474131 0.0080136
5
-114.693     ts77     dynamics     sesquiterpene     TS     runpoint      18     runisomer      150
6 -0.1223741 0.7231523 -0.0267688
1 -0.0573880 1.0258870 0.9706621
1 -0.2731452 1.2263506 -1.0219131
1 0.9768641 -1.2426975 0.2258925
8 0.0231347 -0.7432032 0.0090976
5
-114.683     ts77     dynamics     sesquiterpene     TS     runpoint      19     runisomer      150
6 -0.1292667 0.7301622 -0.0346383
1 -0.0662143 1.0382996 0.9680978
1 -0.2687775 1.2010644 -0.9444883
1 0.9757036 -1.3771371 0.2307892
8 0.0286607 -0.7391785 0.0099778
5
-114.665     ts77     dynamics     sesquiterpene     TS     runpoint      20     runisomer      150
6 -0.1347060 0.7328910 -0.0408181
1 -0.0761817 1.0654562 0.9715868
1 -0.2665504 1.1834024 -0.8814733
1 0.9398781 -1.4725176 0.2272218
8 0.0354872 -0.7358137 0.0106508
5
-114.645     ts77     dynamics     sesquiterpene     TS     runpoint      21     runisomer      150
6 -0.1380697 0.7299748 -0.0416997
1 -0.0875014 1.1036172 0.9750941
1 -0.2716576 1.1911325 -0.8693746
1 0.8727885 -1.5233726 0.2154319
8 0.0432733 -0.7333128 0.0110742
5
-114.644     ts77     dynamics     sesquiterpene     TS     runpoint      22     runisomer      150
6 -0.1392347 0.7215542 -0.0364999
1 -0.1000671 1.1482468 0.9733990
1 -0.2844706 1.2255627 -0.9125500
1 0.7792240 -1.5266260 0.1962085
8 0.0516413 -0.7317713 0.0112128
5
-114.665     ts77     dynamics     sesquiterpene     TS     runpoint      23     runisomer      150
6 -0.1386826 0.7095453 -0.0278250
1 -0.1134068 1.1947955 0.9637925
1 -0.2994647 1.2672770 -0.9782012
1 0.6675752 -1.4845856 0.1716143
8 0.0600462 -0.7309711 0.0109981
5
-114.677     ts77     dynamics     sesquiterpene     TS     runpoint      24     runisomer      150
6 -0.1369588 0.6957075 -0.0182891
1 -0.1268526 1.2390297 0.9457054
1 -0.3115497 1.2980352 -1.0361949
1 0.5600221 -1.4195656 0.1477701
8 0.0671368 -0.7294110 0.0101417
5
-114.658     ts77     dynamics     sesquiterpene     TS     runpoint      25     runisomer      150
6 -0.1344542 0.6810398 -0.0094398
1 -0.1396811 1.2773727 0.9202570
1 -0.3181023 1.3082734 -1.0711474
1 0.5063643 -1.4000876 0.1392864
8 0.0698588 -0.7226937 0.0078453
5
-114.635     ts77     dynamics     sesquiterpene     TS     runpoint      26     runisomer      150
6 -0.1314250 0.6662382 -0.0021261
1 -0.1511745 1.3074223 0.8900097
1 -0.3180948 1.2943921 -1.0773095
1 0.5307214 -1.4711452 0.1553514
8 0.0667748 -0.7081298 0.0036412
5
-114.659     ts77     dynamics     sesquiterpene     TS     runpoint      27     runisomer      150
6 -0.1280309 0.6521267 0.0032062
1 -0.1606547 1.3282610 0.8586312
1 -0.3113177 1.2562187 -1.0542262
1 0.5816594 -1.5560341 0.1817779
8 0.0611887 -0.6911017 -0.0015006
5
-114.662     ts77     dynamics     sesquiterpene     TS     runpoint      28     runisomer      150
6 -0.1243558 0.6395273 0.0064347
1 -0.1674983 1.3401374 0.8304349
1 -0.2981288 1.1961326 -1.0055357
1 0.6282081 -1.6037296 0.2086562
8 0.0550984 -0.6756059 -0.0069074
5
-114.656     ts77     dynamics     sesquiterpene     TS     runpoint      29     runisomer      150
6 -0.1203787 0.6289454 0.0079224
1 -0.1712778 1.3440019 0.8097880
1 -0.2798683 1.1201706 -0.9408711
1 0.6620358 -1.6005974 0.2327557
8 0.0490692 -0.6633219 -0.0123135
5
-114.655     ts77     dynamics     sesquiterpene     TS     runpoint      30     runisomer      150
6 -0.1159102 0.6203588 0.0089746
1 -0.1719487 1.3409814 0.8002186
1 -0.2600820 1.0405787 -0.8808214
1 0.6814796 -1.5463587 0.2532337
8 0.0432854 -0.6550929 -0.0175740
5
-114.655     ts77     dynamics     sesquiterpene     TS     runpoint      31     runisomer      150
6 -0.1105818 0.6133493 0.0121170
1 -0.1698120 1.3319413 0.8033495
1 -0.2451306 0.9758111 -0.8588752
1 0.6849694 -1.4437570 0.2698797
8 0.0379893 -0.6516488 -0.0225590
5
-114.662     ts77     dynamics     sesquiterpene     TS     runpoint      32     runisomer      150
6 -0.1041806 0.6079351 0.0191295
1 -0.1653670 1.3174691 0.8185905
1 -0.2401276 0.9385312 -0.8980343
1 0.6741296 -1.3019226 0.2842720
8 0.0332719 -0.6532642 -0.0272186
5
-114.683     ts77     dynamics     sesquiterpene     TS     runpoint      33     runisomer      150
6 -0.0970615 0.6052103 0.0282088
1 -0.1592380 1.2981667 0.8439804
1 -0.2435128 0.9239592 -0.9779822
1 0.6668782 -1.1474814 0.3056662
8 0.0282123 -0.6588175 -0.0319394
5
-114.687     ts77     dynamics     sesquiterpene     TS     runpoint      34     runisomer      150
6 -0.0898305 0.6061778 0.0361197
1 -0.1521314 1.2747046 0.8768729
1 -0.2507954 0.9225406 -1.0610066
1 0.7071209 -1.0203908 0.3575713
8 0.0202589 -0.6659857 -0.0379840
5
-114.687     ts77     dynamics     sesquiterpene     TS     runpoint      35     runisomer      150
6 -0.0830146 0.6112048 0.0407693
1 -0.1447614 1.2476736 0.9141103
1 -0.2588058 0.9291064 -1.1222255
1 0.7994896 -0.9202832 0.4438682
8 0.0093620 -0.6747771 -0.0453967
5
-114.692     ts77     dynamics     sesquiterpene     TS     runpoint      36     runisomer      150
6 -0.0769770 0.6200986 0.0413002
1 -0.1377932 1.2175202 0.9520702
1 -0.2658823 0.9416111 -1.1501836
1 0.8916829 -0.8274891 0.5329812
8 -0.0009738 -0.6861856 -0.0520395
5
-114.678     ts77     dynamics     sesquiterpene     TS     runpoint      37     runisomer      150
6 -0.0718988 0.6322013 0.0376078
1 -0.1318472 1.1846718 0.9868196
1 -0.2712277 0.9591552 -1.1408494
1 0.9528657 -0.7412004 0.6035909
8 -0.0086806 -0.6997399 -0.0564962
5
-114.663     ts77     dynamics     sesquiterpene     TS     runpoint      38     runisomer      150
6 -0.0678206 0.6466306 0.0300630
1 -0.1274851 1.1498442 1.0145096
1 -0.2746899 0.9814016 -1.0947451
1 0.9740124 -0.6666734 0.6478272
8 -0.0131343 -0.7144707 -0.0582714
5
-114.659     ts77     dynamics     sesquiterpene     TS     runpoint      39     runisomer      150
6 -0.0646464 0.6624179 0.0195352
1 -0.1251577 1.1142924 1.0319731
1 -0.2770316 1.0090013 -1.0178450
1 0.9538916 -0.6086644 0.6632027
8 -0.0142514 -0.7294708 -0.0572857
5
-114.665     ts77     dynamics     sesquiterpene     TS     runpoint      40     runisomer      150
6 -0.0620963 0.6783933 0.0076859
1 -0.1251320 1.0798582 1.0374459
1 -0.2809561 1.0451929 -0.9259629
1 0.8940203 -0.5709652 0.6492602
8 -0.0121495 -0.7439444 -0.0536510
5
-114.674     ts77     dynamics     sesquiterpene     TS     runpoint      41     runisomer      150
6 -0.0596255 0.6929626 -0.0027930
1 -0.1273930 1.0487550 1.0313722
1 -0.2928232 1.0985537 -0.8489323
1 0.7993463 -0.5570955 0.6082041
8 -0.0071519 -0.7571528 -0.0476721
5
-114.68     ts77     dynamics     sesquiterpene     TS     runpoint      42     runisomer      150
6 -0.0565915 0.7044079 -0.0094596
1 -0.1315885 1.0231720 1.0172100
1 -0.3209184 1.1804047 -0.8169178
1 0.6850227 -0.5691951 0.5508793
8 -0.0001950 -0.7685241 -0.0401820
5
-114.682     ts77     dynamics     sesquiterpene     TS     runpoint      43     runisomer      150
6 -0.0530597 0.7124422 -0.0130913
1 -0.1371758 1.0048726 1.0015992
1 -0.3651242 1.2872481 -0.8257107
1 0.5942929 -0.6013853 0.5138849
8 0.0060044 -0.7781038 -0.0335880
5
-114.66     ts77     dynamics     sesquiterpene     TS     runpoint      44     runisomer      150
6 -0.0497721 0.7183458 -0.0166244
1 -0.1438656 0.9950558 0.9921591
1 -0.4154599 1.3978488 -0.8461921
1 0.5970341 -0.6358335 0.5643344
8 0.0069523 -0.7867148 -0.0322293
5
-114.671     ts77     dynamics     sesquiterpene     TS     runpoint      45     runisomer      150
6 -0.0472239 0.7232540 -0.0218962
1 -0.1518809 0.9945223 0.9931450
1 -0.4624742 1.4923254 -0.8573357
1 0.6636410 -0.6784355 0.6795937
8 0.0043051 -0.7936340 -0.0348941
5
-114.682     ts77     dynamics     sesquiterpene     TS     runpoint      46     runisomer      150
6 -0.0455435 0.7277547 -0.0291029
1 -0.1612036 1.0027514 1.0027071
1 -0.5009073 1.5591243 -0.8508493
1 0.7282841 -0.7368371 0.7924929
8 0.0019743 -0.7980602 -0.0376099
5
-114.664     ts77     dynamics     sesquiterpene     TS     runpoint      47     runisomer      150
6 -0.0447359 0.7321866 -0.0375242
1 -0.1709680 1.0175376 1.0144417
1 -0.5284388 1.5926983 -0.8255081
1 0.7654304 -0.8066644 0.8736031
8 0.0013706 -0.8000337 -0.0387369
