5
-114.654160 ts77 dynamics sesquiterpene TS runpoint 1  runisomer  161
6 -0.0511397 0.6037864 0.0141992
1 -0.2447768 1.2880756 0.8758880
1 -0.1144772 1.0797392 -0.8558160
1 0.9606679 -0.0773558 -0.1165656
8 -0.0274813 -0.7343840 -0.0045738
5
-114.639 ts77 dynamics sesquiterpene TS runpoint 2  runisomer  161
6 -0.0496617 0.609536 0.0133235
1 -0.257466 1.30916 0.8568
1 -0.139043 1.06583 -0.818052
1 1.0261 -0.0789688 -0.0987277
8 -0.0303649 -0.739048 -0.00621749
5
-114.63     ts77     dynamics     sesquiterpene     TS     runpoint      3     runisomer      161
6 -0.0464706 0.6147796 0.0168424
1 -0.2699746 1.3169096 0.8391214
1 -0.1733940 1.0826165 -0.8427780
1 1.0850773 -0.0747521 -0.0774514
8 -0.0335231 -0.7447941 -0.0075261
5
-114.635     ts77     dynamics     sesquiterpene     TS     runpoint      4     runisomer      161
6 -0.0410302 0.6193918 0.0227735
1 -0.2823504 1.3128025 0.8264420
1 -0.2154500 1.1188606 -0.9106706
1 1.1301959 -0.0587824 -0.0528776
8 -0.0370184 -0.7512847 -0.0084476
5
-114.641     ts77     dynamics     sesquiterpene     TS     runpoint      5     runisomer      161
6 -0.0333143 0.6237296 0.0278351
1 -0.2949791 1.2998992 0.8224401
1 -0.2587949 1.1560280 -0.9864102
1 1.1583391 -0.0253111 -0.0255311
8 -0.0410527 -0.7581769 -0.0089438
5
-114.64     ts77     dynamics     sesquiterpene     TS     runpoint      6     runisomer      161
6 -0.0234097 0.6275509 0.0299331
1 -0.3083152 1.2815004 0.8294727
1 -0.2975280 1.1831387 -1.0469213
1 1.1691671 0.0307980 0.0039339
8 -0.0458848 -0.7651275 -0.0090053
5
-114.638     ts77     dynamics     sesquiterpene     TS     runpoint      7     runisomer      161
6 -0.0114360 0.6303626 0.0282862
1 -0.3224092 1.2594565 0.8472324
1 -0.3276705 1.1958073 -1.0812993
1 1.1637961 0.1134869 0.0347086
8 -0.0517428 -0.7718569 -0.0086615
5
-114.643     ts77     dynamics     sesquiterpene     TS     runpoint      8     runisomer      161
6 0.0023477 0.6319172 0.0230091
1 -0.3366399 1.2334479 0.8721779
1 -0.3466894 1.1927778 -1.0852047
1 1.1442981 0.2245723 0.0656724
8 -0.0587609 -0.7781926 -0.0079805
5
-114.657     ts77     dynamics     sesquiterpene     TS     runpoint      9     runisomer      161
6 0.0173587 0.6323813 0.0147691
1 -0.3500358 1.2018709 0.8985225
1 -0.3530837 1.1742447 -1.0578470
1 1.1149986 0.3623462 0.0953166
8 -0.0669297 -0.7840654 -0.0070521
5
-114.676     ts77     dynamics     sesquiterpene     TS     runpoint      10     runisomer      161
6 0.0324639 0.6322061 0.0045266
1 -0.3619753 1.1633755 0.9202329
1 -0.3466093 1.1417333 -1.0016497
1 1.0856772 0.5207106 0.1222273
8 -0.0760707 -0.7894384 -0.0059735
5
-114.693     ts77     dynamics     sesquiterpene     TS     runpoint      11     runisomer      161
6 0.0461414 0.6316405 -0.0065330
1 -0.3726573 1.1177633 0.9328248
1 -0.3295475 1.0993425 -0.9245393
1 1.0715904 0.6915494 0.1461295
8 -0.0858471 -0.7942332 -0.0048360
5
-114.703     ts77     dynamics     sesquiterpene     TS     runpoint      12     runisomer      161
6 0.0579144 0.6301552 -0.0166447
1 -0.3829836 1.0658483 0.9343324
1 -0.3096783 1.0565432 -0.8451988
1 1.0805176 0.8687921 0.1675592
8 -0.0958443 -0.7983178 -0.0036956
5
-114.654160 ts77 dynamics sesquiterpene TS runpoint 1  runisomer  161
6 -0.0511397 0.6037864 0.0141992
1 -0.2447768 1.2880756 0.8758880
1 -0.1144772 1.0797392 -0.8558160
1 0.9606679 -0.0773558 -0.1165656
8 -0.0274813 -0.7343840 -0.0045738
5
-114.639 ts77 dynamics sesquiterpene TS runpoint 2  runisomer  161
6 -0.0519766 0.599379 0.0177863
1 -0.23226 1.25443 0.89401
1 -0.0970638 1.11291 -0.932251
1 0.90112 -0.0756658 -0.131761
8 -0.0249876 -0.731154 -0.00263333
5
-114.645     ts77     dynamics     sesquiterpene     TS     runpoint      3     runisomer      161
6 -0.0532242 0.5983567 0.0213930
1 -0.2206262 1.2112856 0.9105268
1 -0.0846662 1.1480707 -1.0121456
1 0.8621784 -0.0790847 -0.1463793
8 -0.0231140 -0.7296680 -0.0004242
5
-114.638     ts77     dynamics     sesquiterpene     TS     runpoint      4     runisomer      161
6 -0.0555185 0.6016549 0.0233240
1 -0.2108622 1.1636515 0.9267229
1 -0.0766227 1.1751466 -1.0734846
1 0.8542884 -0.0915456 -0.1628318
8 -0.0220185 -0.7300610 0.0020090
5
-114.632     ts77     dynamics     sesquiterpene     TS     runpoint      5     runisomer      161
6 -0.0588858 0.6090916 0.0226814
1 -0.2040104 1.1173676 0.9452417
1 -0.0728722 1.1901203 -1.1057809
1 0.8768684 -0.1154044 -0.1819938
8 -0.0215858 -0.7321632 0.0045672
5
-114.632     ts77     dynamics     sesquiterpene     TS     runpoint      6     runisomer      161
6 -0.0629188 0.6198727 0.0190423
1 -0.2007676 1.0773701 0.9681538
1 -0.0734484 1.1920131 -1.1047263
1 0.9184875 -0.1525339 -0.2023857
8 -0.0213530 -0.7355092 0.0070718
5
-114.636     ts77     dynamics     sesquiterpene     TS     runpoint      7     runisomer      161
6 -0.0672434 0.6331601 0.0125335
1 -0.2011439 1.0462765 0.9945293
1 -0.0782382 1.1815558 -1.0698524
1 0.9632949 -0.2059781 -0.2212222
8 -0.0206087 -0.7394901 0.0092827
5
-114.645     ts77     dynamics     sesquiterpene     TS     runpoint      8     runisomer      161
6 -0.0718345 0.6482656 0.0040246
1 -0.2044976 1.0244514 1.0198361
1 -0.0868337 1.1615157 -1.0054126
1 0.9969057 -0.2806054 -0.2358469
8 -0.0185314 -0.7434808 0.0109346
5
-114.657     ts77     dynamics     sesquiterpene     TS     runpoint      9     runisomer      161
6 -0.0770033 0.6643320 -0.0046609
1 -0.2099193 1.0111936 1.0379352
1 -0.0985875 1.1388928 -0.9248737
1 1.0090390 -0.3819547 -0.2444468
8 -0.0143381 -0.7468856 0.0117797
5
-114.668     ts77     dynamics     sesquiterpene     TS     runpoint      10     runisomer      161
6 -0.0830547 0.6797293 -0.0104649
1 -0.2166428 1.0058241 1.0438719
1 -0.1131542 1.1285076 -0.8577119
1 0.9947549 -0.5126278 -0.2463205
8 -0.0075582 -0.7492098 0.0116481
5
-114.673     ts77     dynamics     sesquiterpene     TS     runpoint      11     runisomer      161
6 -0.0899145 0.6921599 -0.0099295
1 -0.2243880 1.0081116 1.0359920
1 -0.1312237 1.1500237 -0.8424486
1 0.9569614 -0.6686112 -0.2426091
8 0.0015943 -0.7502065 0.0105486
5
-114.687     ts77     dynamics     sesquiterpene     TS     runpoint      12     runisomer      161
6 -0.0971538 0.7006049 -0.0029251
1 -0.2335827 1.0183250 1.0173473
1 -0.1532066 1.2058009 -0.8842234
1 0.9109990 -0.8404595 -0.2377958
8 0.0118827 -0.7498719 0.0087989
5
-114.706     ts77     dynamics     sesquiterpene     TS     runpoint      13     runisomer      161
6 -0.1042706 0.7059310 0.0067403
1 -0.2452812 1.0371423 0.9956735
1 -0.1772780 1.2751744 -0.9475247
1 0.8796861 -1.0205559 -0.2386920
8 0.0214464 -0.7480762 0.0069602
5
-114.708     ts77     dynamics     sesquiterpene     TS     runpoint      14     runisomer      161
6 -0.1107771 0.7090606 0.0153291
1 -0.2606249 1.0652057 0.9805083
1 -0.2009379 1.3382295 -1.0005476
1 0.8641892 -1.2023849 -0.2462481
8 0.0297579 -0.7447075 0.0052901
5
-114.696     ts77     dynamics     sesquiterpene     TS     runpoint      15     runisomer      161
6 -0.1163111 0.7104841 0.0207878
1 -0.2799786 1.1018263 0.9777016
1 -0.2222952 1.3839811 -1.0279690
1 0.8433277 -1.3692882 -0.2544075
8 0.0377864 -0.7404488 0.0036145
5
-114.674     ts77     dynamics     sesquiterpene     TS     runpoint      16     runisomer      161
6 -0.1207397 0.7106014 0.0226185
1 -0.3022046 1.1434626 0.9853611
1 -0.2400591 1.4073704 -1.0247635
1 0.8032029 -1.5027553 -0.2584387
8 0.0461531 -0.7362243 0.0018129
5
-114.655     ts77     dynamics     sesquiterpene     TS     runpoint      17     runisomer      161
6 -0.1241319 0.7098811 0.0213072
1 -0.3248769 1.1840007 0.9958637
1 -0.2533373 1.4064295 -0.9912120
1 0.7415898 -1.5911709 -0.2568741
8 0.0548413 -0.7326075 -0.0000750
5
-114.646     ts77     dynamics     sesquiterpene     TS     runpoint      18     runisomer      161
6 -0.1266369 0.7087234 0.0177591
1 -0.3453422 1.2167790 1.0012048
1 -0.2616834 1.3815561 -0.9316166
1 0.6613440 -1.6289771 -0.2500345
8 0.0635878 -0.7298556 -0.0019337
5
-114.65     ts77     dynamics     sesquiterpene     TS     runpoint      19     runisomer      161
6 -0.1283590 0.7071533 0.0131722
1 -0.3616971 1.2363885 0.9963764
1 -0.2655955 1.3369625 -0.8562337
1 0.5669505 -1.6153204 -0.2393169
8 0.0721007 -0.7279655 -0.0036121
5
-114.659     ts77     dynamics     sesquiterpene     TS     runpoint      20     runisomer      161
6 -0.1292429 0.7043563 0.0093761
1 -0.3731222 1.2395789 0.9801372
1 -0.2675738 1.2844951 -0.7860904
1 0.4661189 -1.5592177 -0.2283279
8 0.0799584 -0.7262993 -0.0048515
5
-114.658     ts77     dynamics     sesquiterpene     TS     runpoint      21     runisomer      161
6 -0.1289863 0.6984652 0.0089804
1 -0.3797529 1.2256967 0.9548502
1 -0.2729387 1.2456206 -0.7547323
1 0.3753266 -1.4954318 -0.2271569
8 0.0862379 -0.7225759 -0.0050105
5
-114.639     ts77     dynamics     sesquiterpene     TS     runpoint      22     runisomer      161
6 -0.1272802 0.6880140 0.0134234
1 -0.3827727 1.1970090 0.9265417
1 -0.2864136 1.2358649 -0.7858514
1 0.3162276 -1.4905628 -0.2560787
8 0.0897176 -0.7126214 -0.0027776
5
-114.648     ts77     dynamics     sesquiterpene     TS     runpoint      23     runisomer      161
6 -0.1243267 0.6739835 0.0202445
1 -0.3848308 1.1589612 0.9048512
1 -0.3056201 1.2437118 -0.8615361
1 0.2819385 -1.5513805 -0.3209915
8 0.0909995 -0.6963611 0.0023294
