5
-114.654160 ts77 dynamics sesquiterpene TS runpoint 1  runisomer  19
6 -0.0396287 0.6540024 -0.0037167
1 -0.2620203 1.1276656 0.9705574
1 -0.1780134 1.1428608 -0.9218671
1 0.9611140 -0.0624549 -0.0670539
8 -0.0310570 -0.7668655 0.0039453
5
-114.651 ts77 dynamics sesquiterpene TS runpoint 2  runisomer  19
6 -0.0292831 0.65709 -0.000159848
1 -0.292291 1.08099 0.981772
1 -0.200051 1.1794 -0.997221
1 0.904121 -0.031969 -0.0888883
8 -0.0319323 -0.770464 0.00669397
5
-114.647     ts77     dynamics     sesquiterpene     TS     runpoint      3     runisomer      19
6 -0.0197133 0.6599409 0.0029271
1 -0.3211393 1.0372174 0.9852146
1 -0.2230803 1.2103552 -1.0573182
1 0.8669718 0.0006369 -0.1095412
8 -0.0335021 -0.7738487 0.0092495
5
-114.635     ts77     dynamics     sesquiterpene     TS     runpoint      4     runisomer      19
6 -0.0119690 0.6630300 0.0045127
1 -0.3479794 0.9996181 0.9822211
1 -0.2444449 1.2296574 -1.0894295
1 0.8638940 0.0351082 -0.1302216
8 -0.0360802 -0.7771849 0.0115763
5
-114.627     ts77     dynamics     sesquiterpene     TS     runpoint      5     runisomer      19
6 -0.0064798 0.6661932 0.0041111
1 -0.3723209 0.9710231 0.9748630
1 -0.2627348 1.2350404 -1.0888530
1 0.9002098 0.0738350 -0.1512769
8 -0.0397997 -0.7805351 0.0136322
5
-114.63     ts77     dynamics     sesquiterpene     TS     runpoint      6     runisomer      19
6 -0.0027740 0.6686130 0.0014395
1 -0.3935693 0.9535427 0.9653313
1 -0.2774413 1.2262357 -1.0554213
1 0.9690833 0.1238084 -0.1708874
8 -0.0446545 -0.7838426 0.0153664
5
-114.642     ts77     dynamics     sesquiterpene     TS     runpoint      7     runisomer      19
6 0.0002712 0.6691862 -0.0035312
1 -0.4107551 0.9482916 0.9552357
1 -0.2889902 1.2046435 -0.9930378
1 1.0557120 0.1938076 -0.1855935
8 -0.0505879 -0.7869921 0.0167280
5
-114.657     ts77     dynamics     sesquiterpene     TS     runpoint      8     runisomer      19
6 0.0039370 0.6669101 -0.0102103
1 -0.4224180 0.9551553 0.9451391
1 -0.2994741 1.1744375 -0.9119975
1 1.1440613 0.2892937 -0.1920826
8 -0.0575104 -0.7898302 0.0176783
5
-114.668     ts77     dynamics     sesquiterpene     TS     runpoint      9     runisomer      19
6 0.0094802 0.6608929 -0.0169506
1 -0.4268263 0.9727307 0.9346850
1 -0.3144284 1.1449316 -0.8330074
1 1.2203998 0.4099918 -0.1884192
8 -0.0652591 -0.7921689 0.0181861
5
-114.671     ts77     dynamics     sesquiterpene     TS     runpoint      10     runisomer      19
6 0.0181986 0.6503134 -0.0212639
1 -0.4224588 0.9985118 0.9233325
1 -0.3438413 1.1304618 -0.7852603
1 1.2740992 0.5508949 -0.1743103
8 -0.0736058 -0.7938224 0.0182396
5
-114.672     ts77     dynamics     sesquiterpene     TS     runpoint      11     runisomer      19
6 0.0308892 0.6353041 -0.0217825
1 -0.4085152 1.0292417 0.9111180
1 -0.3946556 1.1385123 -0.7844012
1 1.2978630 0.7041652 -0.1508217
8 -0.0823011 -0.7946623 0.0178650
5
-114.684     ts77     dynamics     sesquiterpene     TS     runpoint      12     runisomer      19
6 0.0469224 0.6178229 -0.0197902
1 -0.3852501 1.0611944 0.8986756
1 -0.4593447 1.1581893 -0.8151105
1 1.2880891 0.8604784 -0.1199324
8 -0.0911042 -0.7946487 0.0171427
5
-114.692     ts77     dynamics     sesquiterpene     TS     runpoint      13     runisomer      19
6 0.0650424 0.6003826 -0.0175475
1 -0.3545435 1.0895987 0.8869429
1 -0.5238373 1.1735671 -0.8525202
1 1.2450719 1.0106903 -0.0837010
8 -0.0998597 -0.7937877 0.0162747
5
-114.688     ts77     dynamics     sesquiterpene     TS     runpoint      14     runisomer      19
6 0.0837008 0.5849989 -0.0153398
1 -0.3192456 1.1138141 0.8747365
1 -0.5760550 1.1732045 -0.8829378
1 1.1734815 1.1448432 -0.0482992
8 -0.1082826 -0.7922018 0.0150739
5
-114.682     ts77     dynamics     sesquiterpene     TS     runpoint      15     runisomer      19
6 0.1025655 0.5725533 -0.0144532
1 -0.2870576 1.1288545 0.8631404
1 -0.6135148 1.1543562 -0.8957217
1 1.0823179 1.2565534 -0.0155205
8 -0.1163608 -0.7896634 0.0138800
5
-114.669     ts77     dynamics     sesquiterpene     TS     runpoint      16     runisomer      19
6 0.1202846 0.5637345 -0.0150477
1 -0.2626140 1.1333060 0.8540013
1 -0.6335983 1.1170180 -0.8882214
1 0.9846740 1.3404116 0.0110510
8 -0.1237776 -0.7862583 0.0127556
5
-114.654160 ts77 dynamics sesquiterpene TS runpoint 1  runisomer  19
6 -0.0396287 0.6540024 -0.0037167
1 -0.2620203 1.1276656 0.9705574
1 -0.1780134 1.1428608 -0.9218671
1 0.9611140 -0.0624549 -0.0670539
8 -0.0310570 -0.7668655 0.0039453
5
-114.651 ts77 dynamics sesquiterpene TS runpoint 2  runisomer  19
6 -0.0495231 0.649668 -0.00568645
1 -0.231115 1.17383 0.951488
1 -0.161109 1.11345 -0.857208
1 1.02173 -0.0905333 -0.0433621
8 -0.0304652 -0.7629 0.00105775
5
-114.641     ts77     dynamics     sesquiterpene     TS     runpoint      3     runisomer      19
6 -0.0579309 0.6428626 -0.0034222
1 -0.2006107 1.2164298 0.9261700
1 -0.1534890 1.1083546 -0.8374998
1 1.0726364 -0.1165474 -0.0180226
8 -0.0297658 -0.7585177 -0.0018824
5
-114.632     ts77     dynamics     sesquiterpene     TS     runpoint      4     runisomer      19
6 -0.0643938 0.6335671 0.0035530
1 -0.1717103 1.2533274 0.8980701
1 -0.1553519 1.1321087 -0.8729951
1 1.1048465 -0.1413399 0.0082021
8 -0.0286499 -0.7538025 -0.0047586
5
-114.637     ts77     dynamics     sesquiterpene     TS     runpoint      5     runisomer      19
6 -0.0690251 0.6235643 0.0125142
1 -0.1455183 1.2834964 0.8717255
1 -0.1629939 1.1689139 -0.9370026
1 1.1131426 -0.1664256 0.0343622
8 -0.0268667 -0.7489378 -0.0074361
5
-114.638     ts77     dynamics     sesquiterpene     TS     runpoint      6     runisomer      19
6 -0.0722003 0.6148610 0.0205263
1 -0.1227399 1.3066128 0.8511230
1 -0.1729636 1.2013836 -0.9997297
1 1.0950326 -0.1948193 0.0594551
8 -0.0241504 -0.7441224 -0.0097765
5
-114.635     ts77     dynamics     sesquiterpene     TS     runpoint      7     runisomer      19
6 -0.0745306 0.6089464 0.0258811
1 -0.1035073 1.3223773 0.8386458
1 -0.1832126 1.2198346 -1.0442584
1 1.0504556 -0.2320604 0.0824797
8 -0.0201579 -0.7394938 -0.0116531
5
-114.635     ts77     dynamics     sesquiterpene     TS     runpoint      8     runisomer      19
6 -0.0769347 0.6069436 0.0277999
1 -0.0873359 1.3301536 0.8350256
1 -0.1925422 1.2203684 -1.0631662
1 0.9829784 -0.2864432 0.1026558
8 -0.0145336 -0.7350890 -0.0129439
5
-114.643     ts77     dynamics     sesquiterpene     TS     runpoint      9     runisomer      19
6 -0.0805195 0.6097033 0.0259876
1 -0.0732470 1.3291300 0.8398329
1 -0.2002450 1.2022620 -1.0540370
1 0.9036084 -0.3666303 0.1202369
8 -0.0072463 -0.7309012 -0.0135696
5
-114.656     ts77     dynamics     sesquiterpene     TS     runpoint      10     runisomer      19
6 -0.0861551 0.6175740 0.0204732
1 -0.0601167 1.3187491 0.8519912
1 -0.2061741 1.1671507 -1.0179893
1 0.8398392 -0.4742936 0.1388148
8 0.0005457 -0.7271559 -0.0136401
5
-114.665     ts77     dynamics     sesquiterpene     TS     runpoint      11     runisomer      19
6 -0.0939618 0.6299403 0.0118175
1 -0.0470483 1.2991301 0.8699392
1 -0.2111101 1.1199389 -0.9614137
1 0.8422741 -0.5994720 0.1687279
8 0.0057372 -0.7243354 -0.0137263
5
-114.683     ts77     dynamics     sesquiterpene     TS     runpoint      12     runisomer      19
6 -0.1032447 0.6449636 0.0017024
1 -0.0334965 1.2713486 0.8913965
1 -0.2173910 1.0712380 -0.9013716
1 0.9228124 -0.7403655 0.2162203
8 0.0071682 -0.7219095 -0.0142635
5
-114.705     ts77     dynamics     sesquiterpene     TS     runpoint      13     runisomer      19
6 -0.1129106 0.6600213 -0.0066501
1 -0.0193686 1.2374914 0.9133472
1 -0.2295084 1.0386396 -0.8706058
1 1.0152288 -0.8947455 0.2682229
8 0.0084689 -0.7192920 -0.0145960
5
-114.695     ts77     dynamics     sesquiterpene     TS     runpoint      14     runisomer      19
6 -0.1219671 0.6728368 -0.0101466
1 -0.0050026 1.2005683 0.9328713
1 -0.2519397 1.0368032 -0.8996200
1 1.0748749 -1.0470445 0.3128395
8 0.0120123 -0.7168688 -0.0141857
5
-114.682     ts77     dynamics     sesquiterpene     TS     runpoint      15     runisomer      19
6 -0.1300567 0.6828873 -0.0094622
1 0.0091352 1.1644231 0.9485255
1 -0.2831387 1.0604549 -0.9756281
1 1.0900080 -1.1831546 0.3454491
8 0.0182015 -0.7150461 -0.0129519
5
-114.674     ts77     dynamics     sesquiterpene     TS     runpoint      16     runisomer      19
6 -0.1373288 0.6906010 -0.0076370
1 0.0227209 1.1331422 0.9605163
1 -0.3168111 1.0940103 -1.0595326
1 1.0619774 -1.2937943 0.3650087
8 0.0266885 -0.7140059 -0.0110226
5
-114.661     ts77     dynamics     sesquiterpene     TS     runpoint      17     runisomer      19
6 -0.1439358 0.6962421 -0.0068356
1 0.0355826 1.1101556 0.9695110
1 -0.3475448 1.1263622 -1.1233024
1 0.9949471 -1.3722851 0.3715130
8 0.0369947 -0.7138833 -0.0085835
5
-114.652     ts77     dynamics     sesquiterpene     TS     runpoint      18     runisomer      19
6 -0.1499089 0.6999340 -0.0079094
1 0.0475536 1.0975997 0.9754274
1 -0.3721111 1.1516511 -1.1538388
1 0.8927762 -1.4125603 0.3651203
8 0.0487070 -0.7149179 -0.0058261
5
-114.654     ts77     dynamics     sesquiterpene     TS     runpoint      19     runisomer      19
6 -0.1552108 0.7017942 -0.0109011
1 0.0583136 1.0961276 0.9770052
1 -0.3888231 1.1667433 -1.1466616
1 0.7609656 -1.4103754 0.3470112
8 0.0613645 -0.7173100 -0.0029930
5
-114.667     ts77     dynamics     sesquiterpene     TS     runpoint      20     runisomer      19
6 -0.1597907 0.7018466 -0.0154257
1 0.0673560 1.1050449 0.9722998
1 -0.3970832 1.1699770 -1.1022921
1 0.6147285 -1.3723920 0.3236203
8 0.0739659 -0.7205091 -0.0006249
5
-114.672     ts77     dynamics     sesquiterpene     TS     runpoint      21     runisomer      19
6 -0.1635764 0.6999124 -0.0207291
1 0.0741427 1.1226538 0.9596041
1 -0.3975173 1.1613980 -1.0265025
1 0.4953661 -1.3425897 0.3193499
8 0.0839266 -0.7215047 -0.0003543
5
-114.649     ts77     dynamics     sesquiterpene     TS     runpoint      22     runisomer      19
6 -0.1663807 0.6955782 -0.0253773
1 0.0783827 1.1468555 0.9383585
1 -0.3929574 1.1447583 -0.9343160
1 0.4508247 -1.4004307 0.3779180
8 0.0882839 -0.7150865 -0.0050281
5
-114.671     ts77     dynamics     sesquiterpene     TS     runpoint      23     runisomer      19
6 -0.1677616 0.6881864 -0.0267924
1 0.0802752 1.1758588 0.9098852
1 -0.3902076 1.1311836 -0.8555642
1 0.4394409 -1.4976766 0.4780943
8 0.0897452 -0.7043880 -0.0134469
5
-114.673     ts77     dynamics     sesquiterpene     TS     runpoint      24     runisomer      19
6 -0.1671255 0.6768909 -0.0219696
1 0.0807024 1.2083639 0.8776691
1 -0.3989669 1.1371438 -0.8271994
1 0.4238231 -1.5652543 0.5806784
8 0.0907766 -0.6940816 -0.0232866
