5
-114.654160 ts77 dynamics sesquiterpene TS runpoint 1  runisomer  153
6 -0.0417293 0.6709311 -0.0012211
1 -0.1763225 1.2096694 0.9952130
1 -0.2180204 1.0376474 -0.9200764
1 0.9215219 -0.0423777 0.0557815
8 -0.0298657 -0.7793683 -0.0073330
5
-114.642 ts77 dynamics sesquiterpene TS runpoint 2  runisomer  153
6 -0.0420356 0.667178 -5.50079e-05
1 -0.176905 1.22333 0.956007
1 -0.241752 1.01058 -0.880257
1 0.995444 -0.0461885 0.0790747
8 -0.0327611 -0.775467 -0.00971418
5
-114.636     ts77     dynamics     sesquiterpene     TS     runpoint      3     runisomer      153
6 -0.0404445 0.6601744 0.0057370
1 -0.1799181 1.2316247 0.9079700
1 -0.2783640 1.0110029 -0.8902710
1 1.0656490 -0.0435317 0.1000109
8 -0.0358814 -0.7709311 -0.0117207
5
-114.639     ts77     dynamics     sesquiterpene     TS     runpoint      4     runisomer      153
6 -0.0363854 0.6498070 0.0139584
1 -0.1866288 1.2388982 0.8631059
1 -0.3244270 1.0327398 -0.9362165
1 1.1230936 -0.0287335 0.1171940
8 -0.0392205 -0.7659144 -0.0132500
5
-114.641     ts77     dynamics     sesquiterpene     TS     runpoint      5     runisomer      153
6 -0.0299114 0.6364865 0.0210013
1 -0.1986090 1.2508207 0.8340101
1 -0.3704423 1.0627306 -0.9880007
1 1.1638905 0.0041948 0.1297722
8 -0.0429938 -0.7606366 -0.0142310
5
-114.64     ts77     dynamics     sesquiterpene     TS     runpoint      6     runisomer      153
6 -0.0211825 0.6206916 0.0246757
1 -0.2166128 1.2696504 0.8263655
1 -0.4081448 1.0910857 -1.0252272
1 1.1876699 0.0606992 0.1373131
8 -0.0475303 -0.7553204 -0.0146365
5
-114.641     ts77     dynamics     sesquiterpene     TS     runpoint      7     runisomer      153
6 -0.0104450 0.6033261 0.0246602
1 -0.2394480 1.2906281 0.8356200
1 -0.4324073 1.1121490 -1.0390632
1 1.1955900 0.1441227 0.1394579
8 -0.0531172 -0.7501966 -0.0144725
5
-114.647     ts77     dynamics     sesquiterpene     TS     runpoint      8     runisomer      153
6 0.0019273 0.5857785 0.0216447
1 -0.2645019 1.3049075 0.8522093
1 -0.4404426 1.1228152 -1.0272811
1 1.1889483 0.2547006 0.1356893
8 -0.0598952 -0.7455716 -0.0137625
5
-114.659     ts77     dynamics     sesquiterpene     TS     runpoint      9     runisomer      153
6 0.0154278 0.5696504 0.0165209
1 -0.2891814 1.3046852 0.8678897
1 -0.4311594 1.1214740 -0.9911534
1 1.1697709 0.3892229 0.1255176
8 -0.0678449 -0.7418495 -0.0125440
5
-114.673     ts77     dynamics     sesquiterpene     TS     runpoint      10     runisomer      153
6 0.0293762 0.5564785 0.0100898
1 -0.3117377 1.2854618 0.8779570
1 -0.4053103 1.1079741 -0.9347866
1 1.1427944 0.5413714 0.1089981
8 -0.0768165 -0.7394941 -0.0108657
5
-114.687     ts77     dynamics     sesquiterpene     TS     runpoint      11     runisomer      153
6 0.0430082 0.5473791 0.0031759
1 -0.3313338 1.2460123 0.8808762
1 -0.3666155 1.0846629 -0.8665216
1 1.1160136 0.7033461 0.0871887
8 -0.0865605 -0.7389188 -0.0087917
5
-114.654160 ts77 dynamics sesquiterpene TS runpoint 1  runisomer  153
6 -0.0417293 0.6709311 -0.0012211
1 -0.1763225 1.2096694 0.9952130
1 -0.2180204 1.0376474 -0.9200764
1 0.9215219 -0.0423777 0.0557815
8 -0.0298657 -0.7793683 -0.0073330
5
-114.642 ts77 dynamics sesquiterpene TS runpoint 2  runisomer  153
6 -0.0409073 0.672704 0.00103027
1 -0.177449 1.18903 1.01811
1 -0.202371 1.08368 -0.987626
1 0.858382 -0.0374817 0.0317098
8 -0.0274196 -0.782607 -0.00469206
5
-114.642     ts77     dynamics     sesquiterpene     TS     runpoint      3     runisomer      153
6 -0.0409945 0.6741041 0.0043629
1 -0.1800199 1.1621028 1.0220185
1 -0.1895244 1.1353048 -1.0517042
1 0.8225253 -0.0365757 0.0077949
8 -0.0257432 -0.7852695 -0.0018944
5
-114.634     ts77     dynamics     sesquiterpene     TS     runpoint      4     runisomer      153
6 -0.0427877 0.6760869 0.0071121
1 -0.1842320 1.1314693 1.0086665
1 -0.1770739 1.1828547 -1.0927541
1 0.8245307 -0.0431730 -0.0161439
8 -0.0250444 -0.7874080 0.0009799
5
-114.63     ts77     dynamics     sesquiterpene     TS     runpoint      5     runisomer      153
6 -0.0461655 0.6786087 0.0081687
1 -0.1908326 1.1014945 0.9843453
1 -0.1645506 1.2207626 -1.1021502
1 0.8622249 -0.0576998 -0.0406780
8 -0.0252590 -0.7888845 0.0038578
5
-114.632     ts77     dynamics     sesquiterpene     TS     runpoint      6     runisomer      153
6 -0.0503134 0.6808930 0.0065846
1 -0.2011088 1.0778119 0.9594309
1 -0.1523514 1.2460718 -1.0777531
1 0.9221802 -0.0784639 -0.0655782
8 -0.0260475 -0.7893930 0.0066489
5
-114.635     ts77     dynamics     sesquiterpene     TS     runpoint      7     runisomer      153
6 -0.0542628 0.6820469 0.0016949
1 -0.2164305 1.0655788 0.9450436
1 -0.1412379 1.2577148 -1.0220746
1 0.9874256 -0.1039401 -0.0896052
8 -0.0269319 -0.7886166 0.0092311
5
-114.639     ts77     dynamics     sesquiterpene     TS     runpoint      8     runisomer      153
6 -0.0573262 0.6814837 -0.0061829
1 -0.2372086 1.0666696 0.9464157
1 -0.1322105 1.2572591 -0.9434532
1 1.0436511 -0.1338007 -0.1111733
8 -0.0274378 -0.7863535 0.0114611
5
-114.641     ts77     dynamics     sesquiterpene     TS     runpoint      9     runisomer      153
6 -0.0592383 0.6788286 -0.0151044
1 -0.2620840 1.0783346 0.9591428
1 -0.1265919 1.2515544 -0.8595811
1 1.0810092 -0.1691088 -0.1289538
8 -0.0271456 -0.7825135 0.0131889
5
-114.636     ts77     dynamics     sesquiterpene     TS     runpoint      10     runisomer      153
6 -0.0600955 0.6734792 -0.0217424
1 -0.2884654 1.0950964 0.9734608
1 -0.1260824 1.2554425 -0.7988281
1 1.0933525 -0.2126015 -0.1420592
8 -0.0256521 -0.7770621 0.0142664
5
-114.629     ts77     dynamics     sesquiterpene     TS     runpoint      11     runisomer      153
6 -0.0602965 0.6649915 -0.0231895
1 -0.3138230 1.1115591 0.9808312
1 -0.1318664 1.2841116 -0.7856176
1 1.0771366 -0.2690692 -0.1499721
8 -0.0225197 -0.7699812 0.0145551
5
-114.637     ts77     dynamics     sesquiterpene     TS     runpoint      12     runisomer      153
6 -0.0605967 0.6546640 -0.0193468
1 -0.3365399 1.1238339 0.9767976
1 -0.1426419 1.3329428 -0.8151164
1 1.0312949 -0.3452279 -0.1525622
8 -0.0172991 -0.7612846 0.0139485
5
-114.66     ts77     dynamics     sesquiterpene     TS     runpoint      13     runisomer      153
6 -0.0619362 0.6451144 -0.0121052
1 -0.3561285 1.1298226 0.9607601
1 -0.1551550 1.3812954 -0.8628294
1 0.9596322 -0.4477739 -0.1505740
8 -0.0097591 -0.7510841 0.0124088
5
-114.678     ts77     dynamics     sesquiterpene     TS     runpoint      14     runisomer      153
6 -0.0649648 0.6383997 -0.0033115
1 -0.3732384 1.1293058 0.9353564
1 -0.1665702 1.4122101 -0.9085835
1 0.8803800 -0.5775696 -0.1474250
8 -0.0006985 -0.7397848 0.0100986
5
-114.681     ts77     dynamics     sesquiterpene     TS     runpoint      15     runisomer      153
6 -0.0696681 0.6353084 0.0055795
1 -0.3897219 1.1240181 0.9063321
1 -0.1751800 1.4173947 -0.9412545
1 0.8442566 -0.7261435 -0.1529334
8 0.0066834 -0.7280987 0.0076643
5
-114.677     ts77     dynamics     sesquiterpene     TS     runpoint      16     runisomer      153
6 -0.0753662 0.6355479 0.0132394
1 -0.4085286 1.1173050 0.8820370
1 -0.1800433 1.3944797 -0.9555409
1 0.8937451 -0.8925043 -0.1766713
8 0.0093276 -0.7159317 0.0058460
5
-114.699     ts77     dynamics     sesquiterpene     TS     runpoint      17     runisomer      153
6 -0.0811781 0.6384568 0.0185247
1 -0.4328103 1.1128220 0.8710077
1 -0.1807116 1.3448687 -0.9498000
1 0.9671782 -1.0686795 -0.2074950
8 0.0106305 -0.7036072 0.0041572
5
-114.7     ts77     dynamics     sesquiterpene     TS     runpoint      18     runisomer      153
6 -0.0865027 0.6434005 0.0209693
1 -0.4639177 1.1121246 0.8773295
1 -0.1771883 1.2733666 -0.9260438
1 1.0130467 -1.2304792 -0.2341011
8 0.0134712 -0.6925734 0.0021058
5
-114.685     ts77     dynamics     sesquiterpene     TS     runpoint      19     runisomer      153
6 -0.0911461 0.6496032 0.0212560
1 -0.4997857 1.1133228 0.8976328
1 -0.1701393 1.1893897 -0.8922445
1 1.0201887 -1.3622231 -0.2528186
8 0.0183174 -0.6837100 -0.0003375
5
-114.668     ts77     dynamics     sesquiterpene     TS     runpoint      20     runisomer      153
6 -0.0951552 0.6558463 0.0213703
1 -0.5357648 1.1127272 0.9232604
1 -0.1613022 1.1083091 -0.8662248
1 0.9927780 -1.4577086 -0.2632919
8 0.0247590 -0.6772321 -0.0030173
5
-114.648     ts77     dynamics     sesquiterpene     TS     runpoint      21     runisomer      153
6 -0.0985677 0.6607764 0.0239711
1 -0.5671794 1.1072915 0.9449016
1 -0.1532589 1.0475548 -0.8730592
1 0.9368508 -1.5142814 -0.2657974
8 0.0323128 -0.6731970 -0.0057427
5
-114.64     ts77     dynamics     sesquiterpene     TS     runpoint      22     runisomer      153
6 -0.1013362 0.6640652 0.0302235
1 -0.5913467 1.0954904 0.9558510
1 -0.1478473 1.0142095 -0.9227013
1 0.8554003 -1.5279634 -0.2601513
8 0.0407007 -0.6719593 -0.0083510
5
-114.651     ts77     dynamics     sesquiterpene     TS     runpoint      23     runisomer      153
6 -0.1033362 0.6665933 0.0384710
1 -0.6082760 1.0772211 0.9531887
1 -0.1456061 1.0018134 -0.9950470
1 0.7489175 -1.4929582 -0.2458842
8 0.0498339 -0.6741306 -0.0107099
5
-114.671     ts77     dynamics     sesquiterpene     TS     runpoint      24     runisomer      153
6 -0.1043872 0.6690425 0.0461611
1 -0.6202234 1.0539098 0.9378593
1 -0.1467583 1.0017540 -1.0622133
1 0.6229649 -1.4106375 -0.2245556
8 0.0593819 -0.6796851 -0.0126243
5
-114.681     ts77     dynamics     sesquiterpene     TS     runpoint      25     runisomer      153
6 -0.1042785 0.6712407 0.0513341
1 -0.6309585 1.0284514 0.9144468
1 -0.1513010 1.0085882 -1.1058997
1 0.5088797 -1.3180035 -0.2077585
8 0.0674497 -0.6859987 -0.0133345
5
-114.636     ts77     dynamics     sesquiterpene     TS     runpoint      26     runisomer      153
6 -0.1027457 0.6725907 0.0526711
1 -0.6451773 1.0044149 0.8900436
1 -0.1588813 1.0193271 -1.1175417
1 0.4911795 -1.3361150 -0.2341856
8 0.0687864 -0.6850343 -0.0104014
5
-114.641     ts77     dynamics     sesquiterpene     TS     runpoint      27     runisomer      153
6 -0.0995204 0.6729220 0.0494331
1 -0.6671557 0.9847912 0.8712083
1 -0.1689551 1.0326486 -1.0952781
1 0.5541527 -1.4509818 -0.3047864
8 0.0644152 -0.6776487 -0.0037386
5
-114.676     ts77     dynamics     sesquiterpene     TS     runpoint      28     runisomer      153
6 -0.0945542 0.6726330 0.0416765
1 -0.6980829 0.9703747 0.8600318
1 -0.1808484 1.0484788 -1.0426891
1 0.6228980 -1.5480588 -0.3807328
8 0.0590534 -0.6714059 0.0042565
5
-114.666     ts77     dynamics     sesquiterpene     TS     runpoint      29     runisomer      153
6 -0.0881734 0.6721727 0.0304934
1 -0.7344850 0.9594186 0.8531318
1 -0.1938420 1.0681786 -0.9699019
1 0.6750710 -1.5927858 -0.4472952
8 0.0540883 -0.6687949 0.0126911
5
-114.654     ts77     dynamics     sesquiterpene     TS     runpoint      30     runisomer      153
6 -0.0809271 0.6715796 0.0180644
1 -0.7700338 0.9492307 0.8447083
1 -0.2078471 1.0960755 -0.8963362
1 0.7064373 -1.5810223 -0.5004138
8 0.0497951 -0.6702082 0.0212586
5
-114.649     ts77     dynamics     sesquiterpene     TS     runpoint      31     runisomer      153
6 -0.0732938 0.6703171 0.0071984
1 -0.7987940 0.9377177 0.8300691
1 -0.2241633 1.1402313 -0.8482916
1 0.7151998 -1.5148219 -0.5379219
8 0.0463536 -0.6754895 0.0296701
5
-114.656     ts77     dynamics     sesquiterpene     TS     runpoint      32     runisomer      153
6 -0.0656585 0.6678878 -0.0003318
1 -0.8170712 0.9239673 0.8072552
1 -0.2436933 1.2055263 -0.8410385
1 0.6991277 -1.3976008 -0.5573130
8 0.0440180 -0.6843028 0.0375218
5
-114.681     ts77     dynamics     sesquiterpene     TS     runpoint      33     runisomer      153
6 -0.0585822 0.6647758 -0.0050471
1 -0.8237255 0.9083786 0.7771132
1 -0.2633011 1.2830743 -0.8641161
1 0.6584662 -1.2374124 -0.5575728
8 0.0429228 -0.6959671 0.0444295
5
-114.708     ts77     dynamics     sesquiterpene     TS     runpoint      34     runisomer      153
6 -0.0526845 0.6620123 -0.0084033
1 -0.8201340 0.8927167 0.7428203
1 -0.2775669 1.3560667 -0.8971138
1 0.6057974 -1.0555120 -0.5487614
8 0.0424872 -0.7089686 0.0506337
5
-114.705     ts77     dynamics     sesquiterpene     TS     runpoint      35     runisomer      153
6 -0.0483661 0.6603517 -0.0114003
1 -0.8102785 0.8800695 0.7095804
1 -0.2825857 1.4110138 -0.9257742
1 0.5828319 -0.8893255 -0.5726488
8 0.0403860 -0.7208618 0.0582896
5
-114.683     ts77     dynamics     sesquiterpene     TS     runpoint      36     runisomer      153
6 -0.0457609 0.6602744 -0.0144537
1 -0.8003065 0.8744039 0.6839812
1 -0.2767163 1.4403268 -0.9432900
1 0.6176956 -0.7511531 -0.6622826
8 0.0352336 -0.7310017 0.0689475
5
-114.686     ts77     dynamics     sesquiterpene     TS     runpoint      37     runisomer      153
6 -0.0448127 0.6620385 -0.0176855
1 -0.7962836 0.8792742 0.6719292
1 -0.2597835 1.4409550 -0.9473624
1 0.6671187 -0.6329566 -0.7665363
8 0.0300854 -0.7401221 0.0789596
5
-114.671     ts77     dynamics     sesquiterpene     TS     runpoint      38     runisomer      153
6 -0.0454710 0.6655782 -0.0209865
1 -0.8005807 0.8962272 0.6755838
1 -0.2324820 1.4130831 -0.9383032
1 0.7025250 -0.5396633 -0.8474812
8 0.0268949 -0.7479696 0.0857378
5
-114.653     ts77     dynamics     sesquiterpene     TS     runpoint      39     runisomer      153
6 -0.0478852 0.6705757 -0.0238294
1 -0.8102083 0.9242622 0.6919769
1 -0.1963670 1.3600185 -0.9190880
1 0.7166319 -0.4757049 -0.8936302
8 0.0261451 -0.7541749 0.0885369
5
-114.644     ts77     dynamics     sesquiterpene     TS     runpoint      40     runisomer      153
6 -0.0523143 0.6764368 -0.0251381
1 -0.8189688 0.9605587 0.7147286
1 -0.1540174 1.2893715 -0.8972026
1 0.7090191 -0.4433815 -0.9028009
8 0.0278281 -0.7584467 0.0872871
5
-114.645     ts77     dynamics     sesquiterpene     TS     runpoint      41     runisomer      153
6 -0.0589244 0.6821803 -0.0232616
1 -0.8209415 1.0017145 0.7368658
1 -0.1086608 1.2140282 -0.8870293
1 0.6807199 -0.4445477 -0.8751394
8 0.0318338 -0.7605308 0.0821031
5
-114.652     ts77     dynamics     sesquiterpene     TS     runpoint      42     runisomer      153
6 -0.0677607 0.6867552 -0.0164192
1 -0.8125733 1.0446390 0.7527264
1 -0.0625115 1.1480350 -0.9062523
1 0.6334833 -0.4809804 -0.8123267
8 0.0380022 -0.7602174 0.0732257
