5
-114.654160 ts77 dynamics sesquiterpene TS runpoint 1  runisomer  70
6 -0.0259207 0.6576576 -0.0063834
1 -0.2678842 1.0801857 0.9251242
1 -0.3182646 1.1480092 -0.9199199
1 1.0158968 -0.0861744 0.0480075
8 -0.0355864 -0.7654459 0.0014366
5
-114.65 ts77 dynamics sesquiterpene TS runpoint 2  runisomer  70
6 -0.0316542 0.663622 -0.0178871
1 -0.251271 1.1004 0.931373
1 -0.303459 1.16923 -0.834272
1 1.06657 -0.0773613 0.0703693
8 -0.0364567 -0.773087 0.00286805
5
-114.64     ts77     dynamics     sesquiterpene     TS     runpoint      3     runisomer      70
6 -0.0354354 0.6660694 -0.0264981
1 -0.2357266 1.1250239 0.9431931
1 -0.2974914 1.2069292 -0.7827082
1 1.1030362 -0.0595878 0.0899167
8 -0.0372733 -0.7799698 0.0041025
5
-114.629     ts77     dynamics     sesquiterpene     TS     runpoint      4     runisomer      70
6 -0.0364070 0.6639667 -0.0300331
1 -0.2198723 1.1490328 0.9545610
1 -0.3057022 1.2708267 -0.7824840
1 1.1217200 -0.0288658 0.1053766
8 -0.0382019 -0.7858682 0.0050508
5
-114.633     ts77     dynamics     sesquiterpene     TS     runpoint      5     runisomer      70
6 -0.0346936 0.6582507 -0.0293289
1 -0.2033038 1.1682143 0.9609139
1 -0.3220817 1.3478447 -0.8168706
1 1.1225129 0.0191869 0.1156070
8 -0.0395486 -0.7906689 0.0056450
5
-114.64     ts77     dynamics     sesquiterpene     TS     runpoint      6     runisomer      70
6 -0.0307368 0.6506101 -0.0262111
1 -0.1866392 1.1797865 0.9597859
1 -0.3373848 1.4160673 -0.8600402
1 1.1078625 0.0888252 0.1195790
8 -0.0416806 -0.7943523 0.0058470
5
-114.643     ts77     dynamics     sesquiterpene     TS     runpoint      7     runisomer      70
6 -0.0248175 0.6421836 -0.0219241
1 -0.1713956 1.1825561 0.9509012
1 -0.3459257 1.4609610 -0.8957654
1 1.0822094 0.1829226 0.1163416
8 -0.0449287 -0.7969625 0.0056460
5
-114.646     ts77     dynamics     sesquiterpene     TS     runpoint      8     runisomer      70
6 -0.0172515 0.6336337 -0.0172433
1 -0.1598853 1.1769120 0.9363044
1 -0.3454023 1.4758424 -0.9163606
1 1.0525961 0.3012961 0.1051726
8 -0.0494995 -0.7985891 0.0050560
5
-114.653     ts77     dynamics     sesquiterpene     TS     runpoint      9     runisomer      70
6 -0.0087634 0.6254839 -0.0128351
1 -0.1550015 1.1646373 0.9202605
1 -0.3356440 1.4585417 -0.9186524
1 1.0306836 0.4393633 0.0860259
8 -0.0554126 -0.7993104 0.0041114
5
-114.663     ts77     dynamics     sesquiterpene     TS     runpoint      10     runisomer      70
6 -0.0005052 0.6180973 -0.0093524
1 -0.1597172 1.1483096 0.9084492
1 -0.3182072 1.4096249 -0.9021075
1 1.0318260 0.5897982 0.0597615
8 -0.0624842 -0.7991354 0.0028554
5
-114.676     ts77     dynamics     sesquiterpene     TS     runpoint      11     runisomer      70
6 0.0070236 0.6114246 -0.0071730
1 -0.1761277 1.1301609 0.9059817
1 -0.2966616 1.3324650 -0.8691828
1 1.0623568 0.7465223 0.0275846
8 -0.0703815 -0.7979980 0.0013289
5
-114.654160 ts77 dynamics sesquiterpene TS runpoint 1  runisomer  70
6 -0.0259207 0.6576576 -0.0063834
1 -0.2678842 1.0801857 0.9251242
1 -0.3182646 1.1480092 -0.9199199
1 1.0158968 -0.0861744 0.0480075
8 -0.0355864 -0.7654459 0.0014366
5
-114.65 ts77 dynamics sesquiterpene TS runpoint 2  runisomer  70
6 -0.019559 0.649819 0.00471377
1 -0.287187 1.06854 0.929182
1 -0.33245 1.12863 -1.00789
1 0.95893 -0.0899316 0.0241012
8 -0.0346602 -0.757373 -9.54866e-05
5
-114.648     ts77     dynamics     sesquiterpene     TS     runpoint      3     runisomer      70
6 -0.0138534 0.6414754 0.0133787
1 -0.3096434 1.0668785 0.9433237
1 -0.3400542 1.1041729 -1.0761788
1 0.9080086 -0.0928915 -0.0004179
8 -0.0338384 -0.7492815 -0.0016414
5
-114.639     ts77     dynamics     sesquiterpene     TS     runpoint      4     runisomer      70
6 -0.0100019 0.6338811 0.0190645
1 -0.3337966 1.0734718 0.9618763
1 -0.3386522 1.0735222 -1.1141522
1 0.8775798 -0.0995225 -0.0253404
8 -0.0333760 -0.7416521 -0.0031132
5
-114.631     ts77     dynamics     sesquiterpene     TS     runpoint      5     runisomer      70
6 -0.0088893 0.6281049 0.0220292
1 -0.3570133 1.0849678 0.9770598
1 -0.3278103 1.0381109 -1.1180021
1 0.8780339 -0.1134729 -0.0511732
8 -0.0334594 -0.7349336 -0.0044234
5
-114.63     ts77     dynamics     sesquiterpene     TS     runpoint      6     runisomer      70
6 -0.0107441 0.6247207 0.0227652
1 -0.3767855 1.0981302 0.9825002
1 -0.3083064 1.0006662 -1.0881306
1 0.9090544 -0.1365397 -0.0783275
8 -0.0340039 -0.7294127 -0.0054892
5
-114.637     ts77     dynamics     sesquiterpene     TS     runpoint      7     runisomer      70
6 -0.0151295 0.6237508 0.0218547
1 -0.3915488 1.1106998 0.9747594
1 -0.2821327 0.9652174 -1.0294606
1 0.9591393 -0.1692846 -0.1061964
8 -0.0345877 -0.7251816 -0.0062591
5
-114.645     ts77     dynamics     sesquiterpene     TS     runpoint      8     runisomer      70
6 -0.0212406 0.6248512 0.0202580
1 -0.4009442 1.1215704 0.9535768
1 -0.2531046 0.9379681 -0.9548428
1 1.0117716 -0.2127556 -0.1332374
8 -0.0345568 -0.7222379 -0.0067236
5
-114.647     ts77     dynamics     sesquiterpene     TS     runpoint      9     runisomer      70
6 -0.0281735 0.6273831 0.0198072
1 -0.4059448 1.1308094 0.9218704
1 -0.2274957 0.9285022 -0.8901613
1 1.0516748 -0.2697730 -0.1577947
8 -0.0331690 -0.7205327 -0.0069161
5
-114.64     ts77     dynamics     sesquiterpene     TS     runpoint      10     runisomer      70
6 -0.0352113 0.6305066 0.0228220
1 -0.4090194 1.1398019 0.8858567
1 -0.2119516 0.9479967 -0.8692215
1 1.0673714 -0.3453309 -0.1786785
8 -0.0296648 -0.7199128 -0.0069123
5
-114.644     ts77     dynamics     sesquiterpene     TS     runpoint      11     runisomer      70
6 -0.0423016 0.6338596 0.0294531
1 -0.4140889 1.1513348 0.8547553
1 -0.2065905 0.9987936 -0.9018578
1 1.0517183 -0.4451502 -0.1952785
8 -0.0233782 -0.7200682 -0.0068246
5
-114.668     ts77     dynamics     sesquiterpene     TS     runpoint      12     runisomer      70
6 -0.0498739 0.6379135 0.0367644
1 -0.4254924 1.1686356 0.8380709
1 -0.2046849 1.0685639 -0.9611331
1 1.0032461 -0.5716449 -0.2076761
8 -0.0140455 -0.7206266 -0.0067433
5
-114.692     ts77     dynamics     sesquiterpene     TS     runpoint      13     runisomer      70
6 -0.0580964 0.6432193 0.0419148
1 -0.4455577 1.1924190 0.8400966
1 -0.2006237 1.1417160 -1.0167147
1 0.9312034 -0.7204514 -0.2176112
8 -0.0023308 -0.7213405 -0.0066071
5
-114.703     ts77     dynamics     sesquiterpene     TS     runpoint      14     runisomer      70
6 -0.0668030 0.6500718 0.0437462
1 -0.4728403 1.2184926 0.8569747
1 -0.1922564 1.2071973 -1.0513254
1 0.8644032 -0.8833321 -0.2310915
8 0.0096008 -0.7219904 -0.0060141
5
-114.699     ts77     dynamics     sesquiterpene     TS     runpoint      15     runisomer      70
6 -0.0756698 0.6585658 0.0422495
1 -0.5031485 1.2394412 0.8800254
1 -0.1794464 1.2584050 -1.0576709
1 0.8362678 -1.0579276 -0.2567348
8 0.0191274 -0.7219095 -0.0043281
5
-114.697     ts77     dynamics     sesquiterpene     TS     runpoint      16     runisomer      70
6 -0.0843726 0.6686778 0.0378349
1 -0.5319338 1.2483933 0.9008700
1 -0.1627891 1.2916936 -1.0340348
1 0.8321513 -1.2358994 -0.2911503
8 0.0266779 -0.7209462 -0.0016495
5
-114.692     ts77     dynamics     sesquiterpene     TS     runpoint      17     runisomer      70
6 -0.0926901 0.6802417 0.0310362
1 -0.5557288 1.2411875 0.9139604
1 -0.1430148 1.3057511 -0.9825884
1 0.8188848 -1.3934506 -0.3232048
8 0.0340051 -0.7201278 0.0014040
5
-114.678     ts77     dynamics     sesquiterpene     TS     runpoint      18     runisomer      70
6 -0.1004736 0.6927603 0.0225788
1 -0.5725628 1.2165678 0.9169154
1 -0.1208027 1.3023629 -0.9103425
1 0.7829467 -1.5117196 -0.3467178
8 0.0417682 -0.7203047 0.0044919
5
-114.667     ts77     dynamics     sesquiterpene     TS     runpoint      19     runisomer      70
6 -0.1075940 0.7051449 0.0136906
1 -0.5821703 1.1757332 0.9102824
1 -0.0965931 1.2891272 -0.8327270
1 0.7234057 -1.5812806 -0.3601776
8 0.0499389 -0.7218090 0.0075359
5
-114.658     ts77     dynamics     sesquiterpene     TS     runpoint      20     runisomer      70
6 -0.1139433 0.7154539 0.0063719
1 -0.5863139 1.1219623 0.8974207
1 -0.0698166 1.2827330 -0.7768531
1 0.6429543 -1.5980907 -0.3642227
8 0.0583434 -0.7246953 0.0105721
5
-114.653     ts77     dynamics     sesquiterpene     TS     runpoint      21     runisomer      70
6 -0.1195028 0.7213992 0.0024625
1 -0.5888794 1.0603333 0.8844749
1 -0.0379558 1.3026540 -0.7703338
1 0.5460387 -1.5629170 -0.3611852
8 0.0667724 -0.7287456 0.0137190
5
-114.664     ts77     dynamics     sesquiterpene     TS     runpoint      22     runisomer      70
6 -0.1241462 0.7222731 0.0011679
1 -0.5951317 0.9970283 0.8794485
1 0.0005881 1.3486856 -0.8106868
1 0.4424863 -1.4886543 -0.3581558
8 0.0747427 -0.7329952 0.0173599
5
-114.675     ts77     dynamics     sesquiterpene     TS     runpoint      23     runisomer      70
6 -0.1274756 0.7191441 -0.0003513
1 -0.6093657 0.9376057 0.8883399
1 0.0426605 1.4009357 -0.8686132
1 0.3538970 -1.4182763 -0.3773870
8 0.0810663 -0.7346325 0.0228022
