5
-114.654160 ts77 dynamics sesquiterpene TS runpoint 1  runisomer  32
6 -0.0162344 0.6437561 0.0289844
1 -0.3593116 1.1126379 0.8603937
1 -0.2464899 1.0216028 -1.0178794
1 0.8998875 -0.0631653 -0.1405467
8 -0.0343061 -0.7505460 -0.0029676
5
-114.642 ts77 dynamics sesquiterpene TS runpoint 2  runisomer  32
6 -0.0105591 0.653984 0.0256346
1 -0.370419 1.10943 0.859871
1 -0.255185 0.956572 -0.961183
1 0.878878 -0.0359343 -0.12993
8 -0.0359927 -0.755635 -0.00466292
5
-114.638     ts77     dynamics     sesquiterpene     TS     runpoint      3     runisomer      32
6 -0.0057105 0.6626881 0.0201996
1 -0.3878735 1.1209456 0.8827350
1 -0.2666970 0.9055428 -0.9103306
1 0.8866197 -0.0102180 -0.1187912
8 -0.0382942 -0.7612948 -0.0059310
5
-114.633     ts77     dynamics     sesquiterpene     TS     runpoint      4     runisomer      32
6 -0.0014547 0.6692129 0.0159304
1 -0.4059241 1.1406665 0.9164520
1 -0.2888638 0.8783508 -0.8933174
1 0.9237031 0.0179656 -0.1063267
8 -0.0412909 -0.7674947 -0.0067085
5
-114.632     ts77     dynamics     sesquiterpene     TS     runpoint      5     runisomer      32
6 0.0026522 0.6730780 0.0147855
1 -0.4183487 1.1615194 0.9471866
1 -0.3259807 0.8780450 -0.9214174
1 0.9832962 0.0560927 -0.0913489
8 -0.0450072 -0.7740912 -0.0069598
5
-114.64     ts77     dynamics     sesquiterpene     TS     runpoint      6     runisomer      32
6 0.0067271 0.6740884 0.0158245
1 -0.4210699 1.1785572 0.9656799
1 -0.3719831 0.8993814 -0.9751823
1 1.0547408 0.1133490 -0.0731078
8 -0.0494974 -0.7808740 -0.0066655
5
-114.649     ts77     dynamics     sesquiterpene     TS     runpoint      7     runisomer      32
6 0.0107738 0.6721563 0.0171235
1 -0.4123624 1.1889972 0.9675202
1 -0.4163164 0.9345314 -1.0272505
1 1.1270246 0.1972584 -0.0515897
8 -0.0548439 -0.7875842 -0.0058308
5
-114.655     ts77     dynamics     sesquiterpene     TS     runpoint      8     runisomer      32
6 0.0149977 0.6672922 0.0173333
1 -0.3926020 1.1917520 0.9521751
1 -0.4508910 0.9767032 -1.0598130
1 1.1901006 0.3105544 -0.0275177
8 -0.0610545 -0.7939044 -0.0044857
5
-114.662     ts77     dynamics     sesquiterpene     TS     runpoint      9     runisomer      32
6 0.0197843 0.6597117 0.0157068
1 -0.3642370 1.1872771 0.9226548
1 -0.4711446 1.0204584 -1.0647422
1 1.2352482 0.4503099 -0.0023176
8 -0.0680028 -0.7994976 -0.0026832
5
-114.671     ts77     dynamics     sesquiterpene     TS     runpoint      10     runisomer      32
6 0.0256074 0.6498494 0.0117700
1 -0.3317900 1.1776975 0.8856962
1 -0.4750674 1.0612734 -1.0400160
1 1.2558833 0.6091808 0.0219746
8 -0.0754711 -0.8040771 -0.0004889
5
-114.682     ts77     dynamics     sesquiterpene     TS     runpoint      11     runisomer      32
6 0.0329327 0.6382911 0.0051664
1 -0.3013932 1.1666322 0.8513660
1 -0.4626051 1.0954088 -0.9878377
1 1.2486649 0.7771705 0.0429618
8 -0.0832146 -0.8074445 0.0020185
5
-114.689     ts77     dynamics     sesquiterpene     TS     runpoint      12     runisomer      32
6 0.0420879 0.6257316 -0.0041576
1 -0.2791603 1.1576254 0.8303990
1 -0.4359769 1.1204842 -0.9147292
1 1.2141662 0.9432769 0.0584022
8 -0.0909904 -0.8095018 0.0047560
5
-114.692     ts77     dynamics     sesquiterpene     TS     runpoint      13     runisomer      32
6 0.0532075 0.6128988 -0.0155919
1 -0.2685259 1.1508350 0.8293112
1 -0.4011026 1.1373510 -0.8327690
1 1.1565877 1.0973066 0.0673537
8 -0.0985734 -0.8102149 0.0076745
5
-114.688     ts77     dynamics     sesquiterpene     TS     runpoint      14     runisomer      32
6 0.0666425 0.6003375 -0.0275550
1 -0.2701759 1.1419520 0.8467264
1 -0.3703380 1.1514909 -0.7598364
1 1.0828170 1.2310754 0.0708265
8 -0.1058392 -0.8095513 0.0107390
5
-114.675     ts77     dynamics     sesquiterpene     TS     runpoint      15     runisomer      32
6 0.0823569 0.5883107 -0.0375270
1 -0.2822588 1.1245632 0.8751025
1 -0.3578069 1.1715060 -0.7163354
1 1.0030162 1.3386742 0.0691304
8 -0.1126285 -0.8074728 0.0137989
5
-114.659     ts77     dynamics     sesquiterpene     TS     runpoint      16     runisomer      32
6 0.0996174 0.5772446 -0.0444085
1 -0.3008107 1.0938361 0.9068069
1 -0.3720065 1.2011262 -0.7100666
1 0.9270504 1.4161526 0.0651683
8 -0.1187290 -0.8039826 0.0168195
5
-114.654160 ts77 dynamics sesquiterpene TS runpoint 1  runisomer  32
6 -0.0162344 0.6437561 0.0289844
1 -0.3593116 1.1126379 0.8603937
1 -0.2464899 1.0216028 -1.0178794
1 0.8998875 -0.0631653 -0.1405467
8 -0.0343061 -0.7505460 -0.0029676
5
-114.642 ts77 dynamics sesquiterpene TS runpoint 2  runisomer  32
6 -0.0226441 0.632836 0.028495
1 -0.355462 1.131 0.885273
1 -0.235941 1.09025 -1.05916
1 0.94149 -0.0930001 -0.150357
8 -0.0330256 -0.745956 -0.000948725
5
-114.643     ts77     dynamics     sesquiterpene     TS     runpoint      3     runisomer      32
6 -0.0296367 0.6223877 0.0243719
1 -0.3548294 1.1575088 0.9226421
1 -0.2220773 1.1543052 -1.0745517
1 0.9914080 -0.1253496 -0.1581949
8 -0.0318390 -0.7417858 0.0012538
5
-114.641     ts77     dynamics     sesquiterpene     TS     runpoint      4     runisomer      32
6 -0.0370226 0.6137039 0.0176778
1 -0.3527451 1.1828486 0.9576480
1 -0.2050853 1.2077647 -1.0607057
1 1.0373203 -0.1602419 -0.1627393
8 -0.0303935 -0.7380377 0.0034851
5
-114.636     ts77     dynamics     sesquiterpene     TS     runpoint      5     runisomer      32
6 -0.0446012 0.6079553 0.0095167
1 -0.3464811 1.1997825 0.9797188
1 -0.1858349 1.2463966 -1.0186621
1 1.0691890 -0.1987418 -0.1630426
8 -0.0283257 -0.7348008 0.0055879
5
-114.634     ts77     dynamics     sesquiterpene     TS     runpoint      6     runisomer      32
6 -0.0522998 0.6060953 0.0008985
1 -0.3352099 1.2040702 0.9836749
1 -0.1654570 1.2679532 -0.9532293
1 1.0796315 -0.2440346 -0.1586440
8 -0.0252039 -0.7321812 0.0074056
5
-114.638     ts77     dynamics     sesquiterpene     TS     runpoint      7     runisomer      32
6 -0.0603262 0.6087157 -0.0070837
1 -0.3193194 1.1940745 0.9688628
1 -0.1451397 1.2735144 -0.8742257
1 1.0636325 -0.3024733 -0.1494711
8 -0.0204577 -0.7301865 0.0087741
5
-114.65     ts77     dynamics     sesquiterpene     TS     runpoint      8     runisomer      32
6 -0.0691719 0.6156207 -0.0130534
1 -0.3000029 1.1706637 0.9388981
1 -0.1258980 1.2702909 -0.7988720
1 1.0194505 -0.3828274 -0.1358480
8 -0.0134692 -0.7286270 0.0095356
5
-114.664     ts77     dynamics     sesquiterpene     TS     runpoint      9     runisomer      32
6 -0.0793228 0.6253467 -0.0154849
1 -0.2793999 1.1378443 0.9025435
1 -0.1080820 1.2733082 -0.7515493
1 0.9526315 -0.4914903 -0.1189772
8 -0.0040659 -0.7271998 0.0096085
5
-114.676     ts77     dynamics     sesquiterpene     TS     runpoint      10     runisomer      32
6 -0.0908776 0.6357136 -0.0138770
1 -0.2609360 1.1034930 0.8748264
1 -0.0905562 1.2967165 -0.7516397
1 0.8865617 -0.6259970 -0.1024194
8 0.0064960 -0.7258136 0.0091141
5
-114.68     ts77     dynamics     sesquiterpene     TS     runpoint      11     runisomer      32
6 -0.1034245 0.6454173 -0.0101486
1 -0.2484550 1.0778900 0.8743225
1 -0.0713114 1.3368060 -0.7944702
1 0.8733014 -0.7776413 -0.0932663
8 0.0147431 -0.7244524 0.0084730
5
-114.688     ts77     dynamics     sesquiterpene     TS     runpoint      12     runisomer      32
6 -0.1162558 0.6544162 -0.0071181
1 -0.2434183 1.0673265 0.9107543
1 -0.0498199 1.3763935 -0.8569213
1 0.9308654 -0.9458926 -0.0938273
8 0.0190678 -0.7224315 0.0078762
5
-114.708     ts77     dynamics     sesquiterpene     TS     runpoint      13     runisomer      32
6 -0.1288403 0.6633427 -0.0058223
1 -0.2435609 1.0689466 0.9734033
1 -0.0271427 1.4014828 -0.9170950
1 0.9986011 -1.1173557 -0.0971721
8 0.0228186 -0.7200095 0.0069608
5
-114.699     ts77     dynamics     sesquiterpene     TS     runpoint      14     runisomer      32
6 -0.1408699 0.6727200 -0.0056770
1 -0.2454144 1.0755877 1.0402936
1 -0.0047645 1.4056649 -0.9611856
1 1.0372797 -1.2702860 -0.0990624
8 0.0281118 -0.7180923 0.0055372
5
-114.673     ts77     dynamics     sesquiterpene     TS     runpoint      15     runisomer      32
6 -0.1520784 0.6825147 -0.0058314
1 -0.2465640 1.0818931 1.0929724
1 0.0159494 1.3878261 -0.9820454
1 1.0385510 -1.3914922 -0.0985613
8 0.0352062 -0.7170776 0.0036187
5
-114.651     ts77     dynamics     sesquiterpene     TS     runpoint      16     runisomer      32
6 -0.1621895 0.6922718 -0.0056860
1 -0.2459044 1.0853440 1.1207124
1 0.0339390 1.3500806 -0.9772395
1 1.0049514 -1.4747849 -0.0958372
8 0.0437321 -0.7169901 0.0012908
5
-114.642     ts77     dynamics     sesquiterpene     TS     runpoint      17     runisomer      32
6 -0.1709727 0.7013641 -0.0048141
1 -0.2431977 1.0852664 1.1190704
1 0.0487868 1.2971926 -0.9487223
1 0.9401662 -1.5161208 -0.0912524
8 0.0532947 -0.7178704 -0.0013424
5
-114.647     ts77     dynamics     sesquiterpene     TS     runpoint      18     runisomer      32
6 -0.1783314 0.7090176 -0.0027263
1 -0.2387277 1.0821320 1.0885823
1 0.0614393 1.2371162 -0.9043376
1 0.8469309 -1.5114955 -0.0851771
8 0.0636090 -0.7199214 -0.0041631
5
-114.663     ts77     dynamics     sesquiterpene     TS     runpoint      19     runisomer      32
6 -0.1844201 0.7140911 0.0012727
1 -0.2331673 1.0776919 1.0353946
1 0.0752488 1.1815209 -0.8600415
1 0.7310630 -1.4610171 -0.0782770
8 0.0742554 -0.7231249 -0.0070337
5
-114.675     ts77     dynamics     sesquiterpene     TS     runpoint      20     runisomer      32
6 -0.1896431 0.7150323 0.0076450
1 -0.2275405 1.0759583 0.9738419
1 0.0959685 1.1432534 -0.8371510
1 0.6148954 -1.3855591 -0.0728392
8 0.0838307 -0.7260655 -0.0097173
5
-114.654     ts77     dynamics     sesquiterpene     TS     runpoint      21     runisomer      32
6 -0.1942613 0.7105031 0.0152111
1 -0.2229741 1.0842593 0.9278233
1 0.1274454 1.1283804 -0.8472011
1 0.5617143 -1.3627034 -0.0761905
8 0.0883735 -0.7236953 -0.0116452
5
-114.627     ts77     dynamics     sesquiterpene     TS     runpoint      22     runisomer      32
6 -0.1979607 0.7002450 0.0209998
1 -0.2199779 1.1106257 0.9204095
1 0.1663281 1.1319531 -0.8799202
1 0.6087745 -1.4494304 -0.0941553
8 0.0855441 -0.7124217 -0.0123231
5
-114.666     ts77     dynamics     sesquiterpene     TS     runpoint      23     runisomer      32
6 -0.2001324 0.6854983 0.0232279
1 -0.2178795 1.1546347 0.9509873
1 0.2049964 1.1449906 -0.9154984
1 0.6823721 -1.5483976 -0.1167042
8 0.0799652 -0.6987181 -0.0122540
5
-114.667     ts77     dynamics     sesquiterpene     TS     runpoint      24     runisomer      32
6 -0.2002801 0.6684004 0.0224336
1 -0.2154956 1.2051354 0.9966394
1 0.2369783 1.1605347 -0.9389771
1 0.7450496 -1.6065255 -0.1372486
8 0.0739596 -0.6863907 -0.0117560
5
-114.65     ts77     dynamics     sesquiterpene     TS     runpoint      25     runisomer      32
6 -0.1980912 0.6509167 0.0197698
1 -0.2120855 1.2497492 1.0353106
1 0.2584024 1.1743504 -0.9428369
1 0.7886247 -1.6124457 -0.1535509
8 0.0680060 -0.6765848 -0.0109186
5
-114.637     ts77     dynamics     sesquiterpene     TS     runpoint      26     runisomer      32
6 -0.1934516 0.6344880 0.0160722
1 -0.2075288 1.2801746 1.0547735
1 0.2675870 1.1839837 -0.9250482
1 0.8126957 -1.5674344 -0.1649885
8 0.0621415 -0.6696214 -0.0097666
5
-114.639     ts77     dynamics     sesquiterpene     TS     runpoint      27     runisomer      32
6 -0.1865349 0.6203160 0.0118839
1 -0.2019816 1.2917470 1.0503725
1 0.2649023 1.1883122 -0.8875032
1 0.8164216 -1.4738670 -0.1713754
8 0.0565364 -0.6658874 -0.0083067
5
-114.656     ts77     dynamics     sesquiterpene     TS     runpoint      28     runisomer      32
6 -0.1778100 0.6094596 0.0076956
1 -0.1958056 1.2822193 1.0220215
1 0.2529317 1.1878823 -0.8358983
1 0.7991842 -1.3358529 -0.1730744
8 0.0514399 -0.6658118 -0.0065189
5
-114.682     ts77     dynamics     sesquiterpene     TS     runpoint      29     runisomer      32
6 -0.1679685 0.6024965 0.0041416
1 -0.1898626 1.2515989 0.9732357
1 0.2367051 1.1858871 -0.7806572
1 0.7720261 -1.1697784 -0.1733325
8 0.0464143 -0.6689978 -0.0042387
5
-114.691     ts77     dynamics     sesquiterpene     TS     runpoint      30     runisomer      32
6 -0.1578608 0.5991789 0.0019221
1 -0.1857039 1.2033941 0.9124659
1 0.2235298 1.1888016 -0.7368376
1 0.7821978 -1.0150023 -0.1841372
8 0.0387555 -0.6734079 -0.0008206
5
-114.682     ts77     dynamics     sesquiterpene     TS     runpoint      31     runisomer      32
6 -0.1483562 0.5985917 0.0011297
1 -0.1855498 1.1472209 0.8563965
1 0.2206134 1.2037608 -0.7191275
1 0.8813444 -0.8946166 -0.2195783
8 0.0255503 -0.6779566 0.0044271
5
-114.696     ts77     dynamics     sesquiterpene     TS     runpoint      32     runisomer      32
6 -0.1399403 0.5997429 0.0002958
1 -0.1920234 1.0997635 0.8311417
1 0.2301752 1.2317345 -0.7320448
1 1.0097031 -0.7842813 -0.2652847
8 0.0109518 -0.6845458 0.0103418
5
-114.689     ts77     dynamics     sesquiterpene     TS     runpoint      33     runisomer      32
6 -0.1325123 0.6022112 -0.0027783
1 -0.2072082 1.0753065 0.8580382
1 0.2479855 1.2650164 -0.7667340
1 1.1108932 -0.6802233 -0.3053194
8 -0.0011635 -0.6935113 0.0156661
5
-114.673     ts77     dynamics     sesquiterpene     TS     runpoint      34     runisomer      32
6 -0.1259000 0.6068288 -0.0082331
1 -0.2303811 1.0709176 0.9278487
1 0.2675661 1.2933661 -0.8089165
1 1.1680200 -0.5897558 -0.3334874
8 -0.0094995 -0.7041863 0.0197968
5
-114.661     ts77     dynamics     sesquiterpene     TS     runpoint      35     runisomer      32
6 -0.1202106 0.6147861 -0.0143019
1 -0.2576216 1.0737944 1.0098464
1 0.2838568 1.3094784 -0.8465173
1 1.1791083 -0.5195327 -0.3479176
8 -0.0137794 -0.7157772 0.0224664
5
-114.65     ts77     dynamics     sesquiterpene     TS     runpoint      36     runisomer      32
6 -0.1156144 0.6265541 -0.0193720
1 -0.2846481 1.0751048 1.0784024
1 0.2940356 1.3100728 -0.8719107
1 1.1443503 -0.4738150 -0.3478144
8 -0.0139781 -0.7276069 0.0235475
5
-114.645     ts77     dynamics     sesquiterpene     TS     runpoint      37     runisomer      32
6 -0.1121969 0.6417862 -0.0225021
1 -0.3084353 1.0715679 1.1193748
1 0.2970692 1.2952294 -0.8817369
1 1.0650081 -0.4552274 -0.3329807
8 -0.0102364 -0.7390482 0.0230036
5
-114.653     ts77     dynamics     sesquiterpene     TS     runpoint      38     runisomer      32
6 -0.1101338 0.6595823 -0.0230790
1 -0.3271577 1.0629920 1.1264878
1 0.2935171 1.2677761 -0.8765131
1 0.9473773 -0.4662751 -0.3048942
8 -0.0029700 -0.7494335 0.0208948
5
-114.671     ts77     dynamics     sesquiterpene     TS     runpoint      39     runisomer      32
6 -0.1098057 0.6788102 -0.0205379
1 -0.3399815 1.0507245 1.0984507
1 0.2858435 1.2330252 -0.8608111
1 0.8144322 -0.5070657 -0.2709194
8 0.0064503 -0.7583280 0.0176303
5
-114.672     ts77     dynamics     sesquiterpene     TS     runpoint      40     runisomer      32
6 -0.1116506 0.6981590 -0.0144035
1 -0.3472764 1.0374045 1.0390896
1 0.2785786 1.1983324 -0.8434313
1 0.7369932 -0.5634869 -0.2564453
8 0.0136284 -0.7662652 0.0147658
5
-114.643     ts77     dynamics     sesquiterpene     TS     runpoint      41     runisomer      32
6 -0.1156861 0.7159379 -0.0049188
1 -0.3515702 1.0279538 0.9611033
1 0.2769558 1.1716074 -0.8351100
1 0.8125079 -0.6112452 -0.2997761
8 0.0122670 -0.7743157 0.0147744
5
-114.681     ts77     dynamics     sesquiterpene     TS     runpoint      42     runisomer      32
6 -0.1210737 0.7302387 0.0058123
1 -0.3594912 1.0315286 0.8923869
1 0.2835265 1.1581622 -0.8419314
1 0.9516706 -0.6693637 -0.3691235
8 0.0076227 -0.7807621 0.0158562
5
-114.684     ts77     dynamics     sesquiterpene     TS     runpoint      43     runisomer      32
6 -0.1262875 0.7394958 0.0139604
1 -0.3816092 1.0604774 0.8712175
1 0.2962535 1.1576775 -0.8604600
1 1.0706738 -0.7432566 -0.4313285
8 0.0046251 -0.7848452 0.0161673
5
-114.664     ts77     dynamics     sesquiterpene     TS     runpoint      44     runisomer      32
6 -0.1302547 0.7433552 0.0176308
1 -0.4219511 1.1179241 0.9074795
1 0.3104760 1.1662647 -0.8814108
1 1.1440219 -0.8265656 -0.4753230
8 0.0046220 -0.7866525 0.0152234
5
-114.658     ts77     dynamics     sesquiterpene     TS     runpoint      45     runisomer      32
6 -0.1331642 0.7430291 0.0186234
1 -0.4707984 1.1897374 0.9681633
1 0.3218455 1.1797272 -0.8959327
1 1.1666726 -0.9121204 -0.4982377
8 0.0077354 -0.7863922 0.0130165
5
-114.654     ts77     dynamics     sesquiterpene     TS     runpoint      46     runisomer      32
6 -0.1355458 0.7399680 0.0190427
1 -0.5163236 1.2588791 1.0200765
1 0.3275288 1.1948518 -0.8982178
1 1.1386087 -0.9933864 -0.4993183
8 0.0137971 -0.7842857 0.0096461
5
-114.651     ts77     dynamics     sesquiterpene     TS     runpoint      47     runisomer      32
6 -0.1376936 0.7351197 0.0199100
1 -0.5513699 1.3140943 1.0465723
1 0.3263969 1.2096529 -0.8858605
1 1.0610636 -1.0639254 -0.4784271
8 0.0225700 -0.7806170 0.0052343
5
-114.658     ts77     dynamics     sesquiterpene     TS     runpoint      48     runisomer      32
6 -0.1397120 0.7289900 0.0215935
1 -0.5726258 1.3489751 1.0419995
1 0.3189434 1.2233549 -0.8596716
1 0.9382801 -1.1174355 -0.4369089
8 0.0336254 -0.7757087 -0.0000043
5
-114.675     ts77     dynamics     sesquiterpene     TS     runpoint      49     runisomer      32
6 -0.1416349 0.7217654 0.0242492
1 -0.5790789 1.3598287 1.0062833
1 0.3071408 1.2363445 -0.8234447
1 0.7873264 -1.1516388 -0.3823974
8 0.0457248 -0.7696376 -0.0054596
5
-114.68     ts77     dynamics     sesquiterpene     TS     runpoint      50     runisomer      32
6 -0.1434578 0.7133428 0.0279200
1 -0.5715454 1.3448908 0.9432265
1 0.2941844 1.2499843 -0.7834526
1 0.6630765 -1.1857206 -0.3423610
8 0.0552587 -0.7610922 -0.0092807
5
-114.655     ts77     dynamics     sesquiterpene     TS     runpoint      51     runisomer      32
6 -0.1450345 0.7033622 0.0322996
1 -0.5535014 1.3054806 0.8619725
1 0.2838255 1.2660527 -0.7470185
1 0.6446534 -1.2738638 -0.3615871
8 0.0571142 -0.7465813 -0.0085287
5
-114.677     ts77     dynamics     sesquiterpene     TS     runpoint      52     runisomer      32
6 -0.1458075 0.6912826 0.0361674
1 -0.5334711 1.2498068 0.7812246
1 0.2791364 1.2856624 -0.7199844
1 0.6812808 -1.3882857 -0.4153586
8 0.0544144 -0.7280382 -0.0046553
5
-114.682     ts77     dynamics     sesquiterpene     TS     runpoint      53     runisomer      32
6 -0.1444966 0.6761996 0.0369458
1 -0.5274656 1.1967358 0.7324521
1 0.2812330 1.3078344 -0.7043710
1 0.7139536 -1.4747007 -0.4679132
8 0.0508555 -0.7093313 0.0001641
5
-114.655     ts77     dynamics     sesquiterpene     TS     runpoint      54     runisomer      32
6 -0.1397088 0.6576093 0.0320551
1 -0.5516305 1.1652905 0.7441579
1 0.2890418 1.3294138 -0.6981576
1 0.7257103 -1.5130482 -0.5066681
8 0.0475483 -0.6923464 0.0051488
5
-114.649     ts77     dynamics     sesquiterpene     TS     runpoint      55     runisomer      32
6 -0.1317887 0.6374630 0.0220718
1 -0.6016242 1.1490144 0.8064431
1 0.3002630 1.3463751 -0.6971645
1 0.7138658 -1.4992352 -0.5280108
8 0.0447895 -0.6781458 0.0099991
5
-114.661     ts77     dynamics     sesquiterpene     TS     runpoint      56     runisomer      32
6 -0.1224821 0.6190390 0.0097251
1 -0.6580179 1.1281698 0.8845578
1 0.3126134 1.3551647 -0.6970952
1 0.6783223 -1.4338126 -0.5305940
8 0.0428170 -0.6676871 0.0145012
5
-114.672     ts77     dynamics     sesquiterpene     TS     runpoint      57     runisomer      32
6 -0.1133528 0.6048056 -0.0028141
1 -0.7056848 1.0923118 0.9519293
1 0.3247065 1.3536597 -0.6948859
1 0.6203216 -1.3209690 -0.5150152
8 0.0418586 -0.6617653 0.0185450
5
-114.684     ts77     dynamics     sesquiterpene     TS     runpoint      58     runisomer      32
6 -0.1055006 0.5960691 -0.0141910
1 -0.7368084 1.0402940 0.9945349
1 0.3363922 1.3417576 -0.6895477
1 0.5505179 -1.1774551 -0.4906103
8 0.0415859 -0.6602255 0.0225244
5
-114.679     ts77     dynamics     sesquiterpene     TS     runpoint      59     runisomer      32
6 -0.0997673 0.5931619 -0.0233889
1 -0.7479117 0.9754854 1.0058687
1 0.3487997 1.3216164 -0.6823582
1 0.5101715 -1.0511316 -0.4982664
8 0.0397392 -0.6606526 0.0287421
5
-114.653     ts77     dynamics     sesquiterpene     TS     runpoint      60     runisomer      32
6 -0.0968672 0.5958094 -0.0295218
1 -0.7381526 0.9035291 0.9838871
1 0.3642218 1.2974787 -0.6763913
1 0.5523121 -0.9876859 -0.5999639
8 0.0333164 -0.6605832 0.0407622
5
-114.686     ts77     dynamics     sesquiterpene     TS     runpoint      61     runisomer      32
6 -0.0972487 0.6033958 -0.0320718
1 -0.7094975 0.8319927 0.9310639
1 0.3853502 1.2747739 -0.6751238
1 0.6237615 -0.9443638 -0.7382462
8 0.0259581 -0.6630677 0.0546383
5
-114.696     ts77     dynamics     sesquiterpene     TS     runpoint      62     runisomer      32
6 -0.1007279 0.6147259 -0.0313449
1 -0.6686551 0.7705323 0.8572827
1 0.4137359 1.2577133 -0.6802608
1 0.6796706 -0.8996517 -0.8554506
8 0.0206774 -0.6694392 0.0664514
5
-114.678     ts77     dynamics     sesquiterpene     TS     runpoint      63     runisomer      32
6 -0.1060569 0.6282371 -0.0291226
1 -0.6311154 0.7308092 0.7860852
1 0.4482710 1.2471941 -0.6899198
1 0.7076668 -0.8537266 -0.9325901
8 0.0183634 -0.6793047 0.0747397
5
-114.651     ts77     dynamics     sesquiterpene     TS     runpoint      64     runisomer      32
6 -0.1108838 0.6424151 -0.0287520
1 -0.6218619 0.7236215 0.7557291
1 0.4852878 1.2413404 -0.6992105
1 0.7060643 -0.8107192 -0.9650455
8 0.0191632 -0.6918317 0.0790056
5
-114.637     ts77     dynamics     sesquiterpene     TS     runpoint      65     runisomer      32
6 -0.1136429 0.6562028 -0.0322863
1 -0.6545771 0.7526700 0.7871695
1 0.5206851 1.2378742 -0.7031363
1 0.6755700 -0.7746050 -0.9517385
8 0.0229783 -0.7060655 0.0790865
5
-114.656     ts77     dynamics     sesquiterpene     TS     runpoint      66     runisomer      32
6 -0.1154710 0.6691180 -0.0377107
1 -0.7109440 0.8123406 0.8532430
1 0.5519357 1.2355814 -0.6988283
1 0.6177371 -0.7489776 -0.8928678
8 0.0295687 -0.7209878 0.0750146
5
-114.683     ts77     dynamics     sesquiterpene     TS     runpoint      67     runisomer      32
6 -0.1181953 0.6810143 -0.0421073
1 -0.7655356 0.8922383 0.9171067
1 0.5782942 1.2341041 -0.6855462
1 0.5375347 -0.7374065 -0.7940855
8 0.0384383 -0.7355860 0.0672302
