5
-114.654160 ts77 dynamics sesquiterpene TS runpoint 1  runisomer  68
6 -0.0252111 0.6398058 0.0076120
1 -0.2749081 1.1228888 0.9205859
1 -0.2621279 1.0342064 -0.9377040
1 0.9166409 -0.0643226 -0.0157570
8 -0.0329596 -0.7489497 -0.0036397
5
-114.65 ts77 dynamics sesquiterpene TS runpoint 2  runisomer  68
6 -0.0171129 0.622917 0.00395711
1 -0.296352 1.18865 0.96981
1 -0.295975 1.02344 -0.926807
1 0.889125 -0.0413465 0.00930172
8 -0.0338175 -0.741192 -0.00626473
5
-114.643     ts77     dynamics     sesquiterpene     TS     runpoint      3     runisomer      68
6 -0.0107384 0.6075781 0.0020091
1 -0.3130147 1.2454092 1.0040466
1 -0.3321526 1.0239537 -0.9260549
1 0.8953175 -0.0172882 0.0345706
8 -0.0356614 -0.7348088 -0.0086004
5
-114.635     ts77     dynamics     sesquiterpene     TS     runpoint      4     runisomer      68
6 -0.0066801 0.5950631 0.0019815
1 -0.3217318 1.2851732 1.0151255
1 -0.3679878 1.0332342 -0.9309288
1 0.9406684 0.0115483 0.0603434
8 -0.0387552 -0.7303272 -0.0105939
5
-114.635     ts77     dynamics     sesquiterpene     TS     runpoint      5     runisomer      68
6 -0.0045524 0.5857116 0.0034671
1 -0.3214452 1.3041027 1.0014905
1 -0.3996063 1.0474914 -0.9350000
1 1.0170692 0.0533408 0.0860763
8 -0.0431902 -0.7280357 -0.0122135
5
-114.641     ts77     dynamics     sesquiterpene     TS     runpoint      6     runisomer      68
6 -0.0032746 0.5792626 0.0060193
1 -0.3122347 1.3007653 0.9648956
1 -0.4231673 1.0630409 -0.9332522
1 1.1085865 0.1176509 0.1100469
8 -0.0490092 -0.7280190 -0.0134436
5
-114.651     ts77     dynamics     sesquiterpene     TS     runpoint      7     runisomer      68
6 -0.0017058 0.5752937 0.0092466
1 -0.2951330 1.2757795 0.9098757
1 -0.4357047 1.0769639 -0.9233808
1 1.1995183 0.2097353 0.1300431
8 -0.0562022 -0.7301459 -0.0142813
5
-114.662     ts77     dynamics     sesquiterpene     TS     runpoint      8     runisomer      68
6 0.0010512 0.5733492 0.0125976
1 -0.2727394 1.2330777 0.8454157
1 -0.4356019 1.0873133 -0.9058163
1 1.2775240 0.3279997 0.1440266
8 -0.0646019 -0.7340997 -0.0147211
5
-114.67     ts77     dynamics     sesquiterpene     TS     runpoint      9     runisomer      68
6 0.0058045 0.5726714 0.0150228
1 -0.2504744 1.1827396 0.7882554
1 -0.4228191 1.0933031 -0.8833290
1 1.3337100 0.4660464 0.1504443
8 -0.0739158 -0.7394955 -0.0147594
5
-114.669     ts77     dynamics     sesquiterpene     TS     runpoint      10     runisomer      68
6 0.0134904 0.5719731 0.0148751
1 -0.2370462 1.1420088 0.7636725
1 -0.3989481 1.0955115 -0.8604684
1 1.3623197 0.6156612 0.1483937
8 -0.0838335 -0.7459731 -0.0144095
5
-114.664     ts77     dynamics     sesquiterpene     TS     runpoint      11     runisomer      68
6 0.0248853 0.5702786 0.0110616
1 -0.2398989 1.1241791 0.7911227
1 -0.3671403 1.0958961 -0.8427402
1 1.3603104 0.7683854 0.1377195
8 -0.0940805 -0.7532265 -0.0137227
5
-114.671     ts77     dynamics     sesquiterpene     TS     runpoint      12     runisomer      68
6 0.0399572 0.5682663 0.0048608
1 -0.2573478 1.1224045 0.8611177
1 -0.3318366 1.0973560 -0.8353030
1 1.3270176 0.9159481 0.1191245
8 -0.1044162 -0.7609961 -0.0127774
5
-114.681     ts77     dynamics     sesquiterpene     TS     runpoint      13     runisomer      68
6 0.0580441 0.5674103 -0.0012278
1 -0.2814193 1.1201461 0.9457723
1 -0.2981706 1.1023983 -0.8408556
1 1.2641485 1.0504861 0.0945120
8 -0.1146290 -0.7690077 -0.0116412
5
-114.682     ts77     dynamics     sesquiterpene     TS     runpoint      14     runisomer      68
6 0.0786319 0.5688449 -0.0057310
1 -0.3062181 1.1057606 1.0219862
1 -0.2717855 1.1112927 -0.8576055
1 1.1759939 1.1652669 0.0671736
8 -0.1246204 -0.7769725 -0.0102859
5
-114.676     ts77     dynamics     sesquiterpene     TS     runpoint      15     runisomer      68
6 0.1008447 0.5734032 -0.0072848
1 -0.3307597 1.0761219 1.0748404
1 -0.2561324 1.1190724 -0.8816036
1 1.0728821 1.2544522 0.0366384
8 -0.1342275 -0.7846369 -0.0090136
5
-114.666     ts77     dynamics     sesquiterpene     TS     runpoint      16     runisomer      68
6 0.1227947 0.5810798 -0.0060415
1 -0.3515716 1.0327189 1.0982326
1 -0.2520104 1.1217696 -0.9069428
1 0.9687140 1.3159042 0.0063247
8 -0.1430803 -0.7917060 -0.0079140
5
-114.654160 ts77 dynamics sesquiterpene TS runpoint 1  runisomer  68
6 -0.0252111 0.6398058 0.0076120
1 -0.2749081 1.1228888 0.9205859
1 -0.2621279 1.0342064 -0.9377040
1 0.9166409 -0.0643226 -0.0157570
8 -0.0329596 -0.7489497 -0.0036397
5
-114.65 ts77 dynamics sesquiterpene TS runpoint 2  runisomer  68
6 -0.0337579 0.656179 0.0112431
1 -0.255394 1.06267 0.877315
1 -0.231379 1.05616 -0.957728
1 0.962764 -0.0871532 -0.0406311
8 -0.0326208 -0.757383 -0.000808468
5
-114.643     ts77     dynamics     sesquiterpene     TS     runpoint      3     runisomer      68
6 -0.0413258 0.6698096 0.0116053
1 -0.2472304 1.0265332 0.8734403
1 -0.2033419 1.0868263 -0.9804280
1 1.0110336 -0.1105820 -0.0646176
8 -0.0322659 -0.7657874 0.0021047
5
-114.634     ts77     dynamics     sesquiterpene     TS     runpoint      4     runisomer      68
6 -0.0471682 0.6797028 0.0068428
1 -0.2544217 1.0218385 0.9247098
1 -0.1777171 1.1228152 -0.9980814
1 1.0487497 -0.1360627 -0.0866361
8 -0.0314212 -0.7735736 0.0049467
5
-114.637     ts77     dynamics     sesquiterpene     TS     runpoint      5     runisomer      68
6 -0.0516205 0.6865837 -0.0011385
1 -0.2707747 1.0380894 1.0047256
1 -0.1546798 1.1609186 -1.0053607
1 1.0677915 -0.1659883 -0.1056584
8 -0.0297015 -0.7802740 0.0075508
5
-114.638     ts77     dynamics     sesquiterpene     TS     runpoint      6     runisomer      68
6 -0.0553773 0.6915141 -0.0094522
1 -0.2885475 1.0625064 1.0786644
1 -0.1346111 1.1985341 -1.0001323
1 1.0635001 -0.2042125 -0.1208784
8 -0.0267590 -0.7854712 0.0097587
5
-114.635     ts77     dynamics     sesquiterpene     TS     runpoint      7     runisomer      68
6 -0.0590996 0.6952548 -0.0161669
1 -0.3032268 1.0873638 1.1259616
1 -0.1177718 1.2338174 -0.9830338
1 1.0337537 -0.2565991 -0.1317529
8 -0.0222287 -0.7887644 0.0114250
5
-114.637     ts77     dynamics     sesquiterpene     TS     runpoint      8     runisomer      68
6 -0.0634661 0.6983709 -0.0201570
1 -0.3127646 1.1085380 1.1379559
1 -0.1040798 1.2657774 -0.9569393
1 0.9792816 -0.3306403 -0.1381330
8 -0.0157842 -0.7897820 0.0124210
5
-114.649     ts77     dynamics     sesquiterpene     TS     runpoint      9     runisomer      68
6 -0.0691265 0.7012909 -0.0207199
1 -0.3164332 1.1236940 1.1126358
1 -0.0930321 1.2942221 -0.9263059
1 0.9071083 -0.4323833 -0.1408934
8 -0.0074557 -0.7883067 0.0126830
5
-114.666     ts77     dynamics     sesquiterpene     TS     runpoint      10     runisomer      68
6 -0.0764583 0.7041699 -0.0175379
1 -0.3144918 1.1317085 1.0527796
1 -0.0838215 1.3194118 -0.8962321
1 0.8421231 -0.5589290 -0.1442142
8 0.0014345 -0.7845832 0.0123820
5
-114.673     ts77     dynamics     sesquiterpene     TS     runpoint      11     runisomer      68
6 -0.0852807 0.7066536 -0.0109934
1 -0.3086906 1.1333893 0.9677532
1 -0.0754697 1.3413780 -0.8711635
1 0.8414450 -0.6961576 -0.1594340
8 0.0072040 -0.7792871 0.0122094
5
-114.683     ts77     dynamics     sesquiterpene     TS     runpoint      12     runisomer      68
6 -0.0948129 0.7077877 -0.0027586
1 -0.3035290 1.1340368 0.8788363
1 -0.0668364 1.3592468 -0.8537480
1 0.9253843 -0.8433195 -0.1928603
8 0.0081957 -0.7720288 0.0126429
5
-114.701     ts77     dynamics     sesquiterpene     TS     runpoint      13     runisomer      68
6 -0.1039058 0.7061762 0.0039543
1 -0.3071200 1.1465596 0.8222703
1 -0.0567602 1.3711480 -0.8446229
1 1.0212974 -0.9979387 -0.2304017
8 0.0085646 -0.7626133 0.0129612
5
-114.685     ts77     dynamics     sesquiterpene     TS     runpoint      14     runisomer      68
6 -0.1116268 0.7007111 0.0063807
1 -0.3263013 1.1835029 0.8273548
1 -0.0443345 1.3748852 -0.8431033
1 1.0829483 -1.1433508 -0.2612453
8 0.0108977 -0.7519108 0.0126673
5
-114.671     ts77     dynamics     sesquiterpene     TS     runpoint      15     runisomer      68
6 -0.1180358 0.6921257 0.0053621
1 -0.3572224 1.2365739 0.8802099
1 -0.0290638 1.3688483 -0.8478099
1 1.0996194 -1.2663948 -0.2818658
8 0.0156411 -0.7406778 0.0116965
5
-114.663     ts77     dynamics     sesquiterpene     TS     runpoint      16     runisomer      68
6 -0.1237464 0.6821457 0.0034747
1 -0.3900769 1.2855042 0.9462507
1 -0.0109096 1.3524376 -0.8567582
1 1.0739650 -1.3597335 -0.2918233
8 0.0224669 -0.7293554 0.0101430
5
-114.652     ts77     dynamics     sesquiterpene     TS     runpoint      17     runisomer      68
6 -0.1291727 0.6719638 0.0023873
1 -0.4176374 1.3165633 1.0017069
1 0.0097731 1.3261666 -0.8676655
1 1.0114814 -1.4189723 -0.2914881
8 0.0309081 -0.7182816 0.0081313
5
-114.648     ts77     dynamics     sesquiterpene     TS     runpoint      18     runisomer      68
6 -0.1344490 0.6622670 0.0027459
1 -0.4362152 1.3238626 1.0350813
1 0.0324238 1.2915853 -0.8785238
1 0.9165149 -1.4398140 -0.2811824
8 0.0405925 -0.7079714 0.0057934
5
-114.654     ts77     dynamics     sesquiterpene     TS     runpoint      19     runisomer      68
6 -0.1395688 0.6535809 0.0046630
1 -0.4443340 1.3057307 1.0415791
1 0.0564418 1.2510637 -0.8879674
1 0.7930329 -1.4180338 -0.2615389
8 0.0512125 -0.6991273 0.0033021
5
-114.671     ts77     dynamics     sesquiterpene     TS     runpoint      20     runisomer      68
6 -0.1445089 0.6462472 0.0080038
1 -0.4419016 1.2627969 1.0200878
1 0.0812310 1.2074787 -0.8953686
1 0.6524980 -1.3576791 -0.2363139
8 0.0620589 -0.6919722 0.0010261
5
-114.681     ts77     dynamics     sesquiterpene     TS     runpoint      21     runisomer      68
6 -0.1492298 0.6402126 0.0123950
1 -0.4301516 1.1982174 0.9733270
1 0.1061663 1.1638879 -0.9006284
1 0.5347347 -1.2988235 -0.2216152
8 0.0707093 -0.6843332 0.0000827
5
-114.652     ts77     dynamics     sesquiterpene     TS     runpoint      22     runisomer      68
6 -0.1535394 0.6349894 0.0168496
1 -0.4125341 1.1198915 0.9115710
1 0.1305743 1.1234641 -0.9037368
1 0.5104237 -1.3385328 -0.2540956
8 0.0728254 -0.6704250 0.0028744
5
-114.669     ts77     dynamics     sesquiterpene     TS     runpoint      23     runisomer      68
6 -0.1568965 0.6298968 0.0191106
1 -0.3966051 1.0440080 0.8596096
1 0.1537386 1.0898021 -0.9045848
1 0.5427970 -1.4403683 -0.3233839
8 0.0708403 -0.6532812 0.0088709
5
-114.673     ts77     dynamics     sesquiterpene     TS     runpoint      24     runisomer      68
6 -0.1584814 0.6242261 0.0158285
1 -0.3933050 0.9921343 0.8550813
1 0.1750365 1.0666656 -0.9031743
1 0.5757484 -1.5194582 -0.3970392
8 0.0684013 -0.6393119 0.0161711
5
-114.648     ts77     dynamics     sesquiterpene     TS     runpoint      25     runisomer      68
6 -0.1581228 0.6184099 0.0058255
1 -0.4060503 0.9717027 0.9112067
1 0.1943193 1.0573770 -0.9002989
1 0.5931668 -1.5474523 -0.4618370
8 0.0666216 -0.6313074 0.0240416
5
-114.645     ts77     dynamics     sesquiterpene     TS     runpoint      26     runisomer      68
6 -0.1568230 0.6142298 -0.0080457
1 -0.4252176 0.9702431 0.9951937
1 0.2122266 1.0641088 -0.8975832
1 0.5924630 -1.5197956 -0.5133209
8 0.0657695 -0.6302405 0.0322311
5
-114.651     ts77     dynamics     sesquiterpene     TS     runpoint      27     runisomer      68
6 -0.1557058 0.6130200 -0.0226273
1 -0.4408098 0.9753303 1.0707482
1 0.2299411 1.0870423 -0.8958377
1 0.5725641 -1.4380756 -0.5490361
8 0.0660515 -0.6362432 0.0405511
5
-114.664     ts77     dynamics     sesquiterpene     TS     runpoint      28     runisomer      68
6 -0.1554406 0.6150939 -0.0361686
1 -0.4478499 0.9809098 1.1179978
1 0.2483140 1.1238195 -0.8938493
1 0.5338096 -1.3089324 -0.5683465
8 0.0675806 -0.6486002 0.0488256
5
-114.682     ts77     dynamics     sesquiterpene     TS     runpoint      29     runisomer      68
6 -0.1562741 0.6200743 -0.0478122
1 -0.4446929 0.9847781 1.1285936
1 0.2672036 1.1697582 -0.8887702
1 0.4848193 -1.1520173 -0.5802891
8 0.0699038 -0.6653566 0.0573270
5
-114.69     ts77     dynamics     sesquiterpene     TS     runpoint      30     runisomer      68
6 -0.1582390 0.6273611 -0.0570174
1 -0.4314692 0.9865633 1.1002360
1 0.2857354 1.2188473 -0.8774331
1 0.4521852 -1.0067024 -0.6226100
8 0.0714339 -0.6831812 0.0679736
5
-114.688     ts77     dynamics     sesquiterpene     TS     runpoint      31     runisomer      68
6 -0.1613213 0.6364893 -0.0633969
1 -0.4096755 0.9873136 1.0352825
1 0.3029777 1.2651134 -0.8576511
1 0.4563531 -0.8938552 -0.7336804
8 0.0710246 -0.7000976 0.0826071
5
-114.708     ts77     dynamics     sesquiterpene     TS     runpoint      32     runisomer      68
6 -0.1653916 0.6470349 -0.0670442
1 -0.3826114 0.9900774 0.9430191
1 0.3183940 1.3040101 -0.8289634
1 0.4710414 -0.7962363 -0.8648959
8 0.0704778 -0.7167817 0.0976188
5
-114.705     ts77     dynamics     sesquiterpene     TS     runpoint      33     runisomer      68
6 -0.1700129 0.6581496 -0.0691980
1 -0.3564317 1.0014955 0.8455710
1 0.3320792 1.3329817 -0.7929921
1 0.4762726 -0.7116219 -0.9684666
8 0.0711043 -0.7329932 0.1096367
5
-114.677     ts77     dynamics     sesquiterpene     TS     runpoint      34     runisomer      68
6 -0.1744460 0.6683136 -0.0726021
1 -0.3404829 1.0338896 0.7819908
1 0.3451429 1.3513947 -0.7535184
1 0.4672527 -0.6448422 -1.0276767
8 0.0731707 -0.7480227 0.1174430
5
-114.648     ts77     dynamics     sesquiterpene     TS     runpoint      35     runisomer      68
6 -0.1782136 0.6760075 -0.0793682
1 -0.3418077 1.0978723 0.7835083
1 0.3601205 1.3604188 -0.7161233
1 0.4443628 -0.5999791 -1.0391506
8 0.0765806 -0.7612173 0.1207929
5
-114.647     ts77     dynamics     sesquiterpene     TS     runpoint      36     runisomer      68
6 -0.1817862 0.6814186 -0.0875156
1 -0.3574256 1.1834746 0.8321502
1 0.3807156 1.3625044 -0.6867455
1 0.4092829 -0.5800864 -1.0035886
8 0.0811588 -0.7720496 0.1197516
5
-114.659     ts77     dynamics     sesquiterpene     TS     runpoint      37     runisomer      68
6 -0.1859525 0.6858459 -0.0935861
1 -0.3801171 1.2692805 0.8900048
1 0.4099720 1.3597126 -0.6690762
1 0.3646082 -0.5876405 -0.9245231
8 0.0866875 -0.7801208 0.1145681
5
-114.669     ts77     dynamics     sesquiterpene     TS     runpoint      38     runisomer      68
6 -0.1911053 0.6903640 -0.0956178
1 -0.4047264 1.3401376 0.9334107
1 0.4481292 1.3518478 -0.6630512
1 0.3155677 -0.6238595 -0.8143548
8 0.0927913 -0.7851925 0.1060388
5
-114.67     ts77     dynamics     sesquiterpene     TS     runpoint      39     runisomer      68
6 -0.1971440 0.6956828 -0.0930617
1 -0.4282590 1.3883625 0.9521387
1 0.4920420 1.3363348 -0.6655538
1 0.2744554 -0.6850007 -0.7151439
8 0.0986295 -0.7873875 0.0968503
5
-114.645     ts77     dynamics     sesquiterpene     TS     runpoint      40     runisomer      68
6 -0.2035697 0.7020865 -0.0862202
1 -0.4489014 1.4103964 0.9428397
1 0.5363220 1.3102104 -0.6721400
1 0.2626925 -0.7607069 -0.7230448
8 0.1027045 -0.7871600 0.0932179
5
-114.65     ts77     dynamics     sesquiterpene     TS     runpoint      41     runisomer      68
6 -0.2096323 0.7093369 -0.0759676
1 -0.4655866 1.4050953 0.9061380
1 0.5750483 1.2724322 -0.6784689
1 0.2775451 -0.8535429 -0.8414504
8 0.1049308 -0.7840307 0.0957006
5
-114.686     ts77     dynamics     sesquiterpene     TS     runpoint      42     runisomer      68
6 -0.2145870 0.7168753 -0.0635410
1 -0.4782050 1.3740557 0.8467124
1 0.6033382 1.2243178 -0.6811782
1 0.2961834 -0.9572675 -0.9653877
8 0.1064891 -0.7781592 0.0981046
5
-114.685     ts77     dynamics     sesquiterpene     TS     runpoint      43     runisomer      68
6 -0.2177529 0.7237767 -0.0505743
1 -0.4887537 1.3239649 0.7761394
1 0.6182262 1.1689176 -0.6783756
1 0.3087896 -1.0578670 -1.0483590
8 0.1077988 -0.7703470 0.0978779
