5
-114.654160 ts77 dynamics sesquiterpene TS runpoint 1  runisomer  106
6 -0.0195510 0.6481520 -0.0006475
1 -0.3351437 1.1343160 0.9497534
1 -0.2463362 1.0983685 -0.9010921
1 0.8891489 -0.0566660 -0.0715224
8 -0.0326735 -0.7604566 0.0019259
5
-114.647 ts77 dynamics sesquiterpene TS runpoint 2  runisomer  106
6 -0.0164567 0.641074 0.0109988
1 -0.352032 1.12384 0.960315
1 -0.263913 1.08319 -1.00327
1 0.942466 -0.040777 -0.0929065
8 -0.0361829 -0.754532 0.00030844
5
-114.649     ts77     dynamics     sesquiterpene     TS     runpoint      3     runisomer      106
6 -0.0143770 0.6341419 0.0219519
1 -0.3641588 1.1121363 0.9615810
1 -0.2795290 1.0677966 -1.0911223
1 1.0103039 -0.0191757 -0.1126452
8 -0.0402698 -0.7489836 -0.0012105
5
-114.642     ts77     dynamics     sesquiterpene     TS     runpoint      4     runisomer      106
6 -0.0125268 0.6269906 0.0304922
1 -0.3719690 1.1010985 0.9545848
1 -0.2900772 1.0490618 -1.1485613
1 1.0807017 0.0165222 -0.1289302
8 -0.0449372 -0.7439920 -0.0025328
5
-114.634     ts77     dynamics     sesquiterpene     TS     runpoint      5     runisomer      106
6 -0.0099756 0.6190150 0.0355597
1 -0.3762252 1.0930716 0.9422660
1 -0.2945232 1.0272961 -1.1693775
1 1.1448197 0.0741905 -0.1398358
8 -0.0503429 -0.7397642 -0.0035611
5
-114.633     ts77     dynamics     sesquiterpene     TS     runpoint      6     runisomer      106
6 -0.0059552 0.6097435 0.0364759
1 -0.3776278 1.0902252 0.9282144
1 -0.2926975 1.0038000 -1.1521367
1 1.1972987 0.1590573 -0.1437290
8 -0.0566933 -0.7364951 -0.0042046
5
-114.642     ts77     dynamics     sesquiterpene     TS     runpoint      7     runisomer      106
6 0.0000168 0.5991153 0.0329804
1 -0.3765094 1.0936808 0.9150855
1 -0.2850237 0.9801315 -1.0985733
1 1.2343904 0.2718960 -0.1394380
8 -0.0640645 -0.7343563 -0.0044018
5
-114.66     ts77     dynamics     sesquiterpene     TS     runpoint      8     runisomer      106
6 0.0082060 0.5875752 0.0254697
1 -0.3726806 1.1028216 0.9034988
1 -0.2729637 0.9583901 -1.0149665
1 1.2526437 0.4090833 -0.1263636
8 -0.0723605 -0.7335474 -0.0041308
5
-114.679     ts77     dynamics     sesquiterpene     TS     runpoint      9     runisomer      106
6 0.0188495 0.5758808 0.0153952
1 -0.3656582 1.1152933 0.8922657
1 -0.2604003 0.9427123 -0.9168227
1 1.2494424 0.5637630 -0.1047155
8 -0.0813796 -0.7343165 -0.0034144
5
-114.69     ts77     dynamics     sesquiterpene     TS     runpoint      10     runisomer      106
6 0.0324017 0.5645970 0.0056746
1 -0.3552980 1.1277800 0.8797734
1 -0.2560535 0.9421458 -0.8349086
1 1.2243108 0.7270894 -0.0757937
8 -0.0908912 -0.7368926 -0.0023194
5
-114.685     ts77     dynamics     sesquiterpene     TS     runpoint      11     runisomer      106
6 0.0494641 0.5538883 -0.0001900
1 -0.3424911 1.1370484 0.8654484
1 -0.2724199 0.9691558 -0.8059821
1 1.1798550 0.8894636 -0.0421109
8 -0.1006669 -0.7413754 -0.0009621
5
-114.685     ts77     dynamics     sesquiterpene     TS     runpoint      12     runisomer      106
6 0.0700175 0.5447524 -0.0016727
1 -0.3300527 1.1402277 0.8502278
1 -0.3135097 1.0217639 -0.8324404
1 1.1217276 1.0429986 -0.0063852
8 -0.1106200 -0.7477097 0.0005247
5
-114.654160 ts77 dynamics sesquiterpene TS runpoint 1  runisomer  106
6 -0.0195510 0.6481520 -0.0006475
1 -0.3351437 1.1343160 0.9497534
1 -0.2463362 1.0983685 -0.9010921
1 0.8891489 -0.0566660 -0.0715224
8 -0.0326735 -0.7604566 0.0019259
5
-114.647 ts77 dynamics sesquiterpene TS runpoint 2  runisomer  106
6 -0.0238548 0.654886 -0.0101616
1 -0.313727 1.1425 0.931549
1 -0.233786 1.12454 -0.817003
1 0.861445 -0.0739809 -0.0496222
8 -0.0298391 -0.766582 0.00353284
5
-114.634     ts77     dynamics     sesquiterpene     TS     runpoint      3     runisomer      106
6 -0.0288742 0.6598047 -0.0145259
1 -0.2889387 1.1484611 0.9104588
1 -0.2349871 1.1795918 -0.7894691
1 0.8639653 -0.0972980 -0.0274935
8 -0.0277179 -0.7726463 0.0050071
5
-114.634     ts77     dynamics     sesquiterpene     TS     runpoint      4     runisomer      106
6 -0.0343123 0.6624621 -0.0140914
1 -0.2628182 1.1536178 0.8939557
1 -0.2495676 1.2635648 -0.8202141
1 0.8924247 -0.1289609 -0.0050580
8 -0.0261577 -0.7782589 0.0062447
5
-114.647     ts77     dynamics     sesquiterpene     TS     runpoint      5     runisomer      106
6 -0.0403178 0.6641820 -0.0122065
1 -0.2376065 1.1602071 0.8895938
1 -0.2685242 1.3526044 -0.8759565
1 0.9357793 -0.1708356 0.0176033
8 -0.0247775 -0.7829351 0.0071914
5
-114.649     ts77     dynamics     sesquiterpene     TS     runpoint      6     runisomer      106
6 -0.0469497 0.6662082 -0.0114134
1 -0.2146123 1.1695104 0.9007586
1 -0.2851534 1.4255276 -0.9292923
1 0.9804040 -0.2258648 0.0400942
8 -0.0230156 -0.7861675 0.0078357
5
-114.643     ts77     dynamics     sesquiterpene     TS     runpoint      7     runisomer      106
6 -0.0542747 0.6693385 -0.0125781
1 -0.1937257 1.1802182 0.9243823
1 -0.2967944 1.4716505 -0.9665914
1 1.0137137 -0.2986870 0.0618566
8 -0.0202027 -0.7875083 0.0082013
5
-114.64     ts77     dynamics     sesquiterpene     TS     runpoint      8     runisomer      106
6 -0.0625290 0.6742117 -0.0155521
1 -0.1740093 1.1889584 0.9528206
1 -0.3028210 1.4867484 -0.9820790
1 1.0261117 -0.3948870 0.0823611
8 -0.0156554 -0.7866029 0.0083249
5
-114.648     ts77     dynamics     sesquiterpene     TS     runpoint      9     runisomer      106
6 -0.0720000 0.6812186 -0.0198165
1 -0.1544978 1.1922845 0.9777645
1 -0.3033221 1.4698502 -0.9738280
1 1.0126229 -0.5179714 0.1012384
8 -0.0088980 -0.7832476 0.0082441
5
-114.666     ts77     dynamics     sesquiterpene     TS     runpoint      10     runisomer      106
6 -0.0827416 0.6902299 -0.0247595
1 -0.1346277 1.1881612 0.9929343
1 -0.2987621 1.4225075 -0.9428127
1 0.9763333 -0.6651698 0.1186002
8 -0.0000926 -0.7774893 0.0079483
5
-114.689     ts77     dynamics     sesquiterpene     TS     runpoint      11     runisomer      106
6 -0.0943856 0.7003954 -0.0295646
1 -0.1143108 1.1764380 0.9950278
1 -0.2905115 1.3503383 -0.8948540
1 0.9334927 -0.8275218 0.1359577
8 0.0095404 -0.7695980 0.0073047
5
-114.703     ts77     dynamics     sesquiterpene     TS     runpoint      12     runisomer      106
6 -0.1061153 0.7099538 -0.0327570
1 -0.0938350 1.1588555 0.9839237
1 -0.2821684 1.2668848 -0.8462640
1 0.9077381 -0.9972727 0.1564101
8 0.0181446 -0.7597058 0.0060488
5
-114.701     ts77     dynamics     sesquiterpene     TS     runpoint      13     runisomer      106
6 -0.1167737 0.7162520 -0.0317675
1 -0.0736648 1.1390333 0.9629277
1 -0.2806539 1.1959238 -0.8296931
1 0.8990670 -1.1682395 0.1803013
8 0.0253202 -0.7479368 0.0040800
5
-114.688     ts77     dynamics     sesquiterpene     TS     runpoint      14     runisomer      106
6 -0.1254243 0.7171698 -0.0246116
1 -0.0540515 1.1224336 0.9393127
1 -0.2919270 1.1560964 -0.8753525
1 0.8841619 -1.3249266 0.2033980
8 0.0322216 -0.7351961 0.0016201
5
-114.682     ts77     dynamics     sesquiterpene     TS     runpoint      15     runisomer      106
6 -0.1321519 0.7130544 -0.0135849
1 -0.0345059 1.1158044 0.9238513
1 -0.3123764 1.1380137 -0.9667515
1 0.8476267 -1.4499515 0.2219916
8 0.0396273 -0.7226720 -0.0010923
5
-114.674     ts77     dynamics     sesquiterpene     TS     runpoint      16     runisomer      106
6 -0.1376008 0.7051496 -0.0029442
1 -0.0138661 1.1247640 0.9254609
1 -0.3339018 1.1237991 -1.0625792
1 0.7865271 -1.5322668 0.2347670
8 0.0476190 -0.7112229 -0.0039443
5
-114.661     ts77     dynamics     sesquiterpene     TS     runpoint      17     runisomer      106
6 -0.1422328 0.6943893 0.0050394
1 0.0084874 1.1500251 0.9430809
1 -0.3511438 1.1046455 -1.1351761
1 0.7036187 -1.5665212 0.2419215
8 0.0559941 -0.7013751 -0.0069205
5
-114.653     ts77     dynamics     sesquiterpene     TS     runpoint      18     runisomer      106
6 -0.1462536 0.6817084 0.0102332
1 0.0317007 1.1864698 0.9655722
1 -0.3616234 1.0782749 -1.1722006
1 0.6036760 -1.5517211 0.2447039
8 0.0645033 -0.6934277 -0.0100785
5
-114.656     ts77     dynamics     sesquiterpene     TS     runpoint      19     runisomer      106
6 -0.1497934 0.6680978 0.0133498
1 0.0540562 1.2262659 0.9798463
1 -0.3644931 1.0450473 -1.1695118
1 0.4949072 -1.4957801 0.2467973
8 0.0727815 -0.6871552 -0.0136199
5
-114.662     ts77     dynamics     sesquiterpene     TS     runpoint      20     runisomer      106
6 -0.1530106 0.6544101 0.0151175
1 0.0739537 1.2621041 0.9768418
1 -0.3598937 1.0065728 -1.1275309
1 0.3945628 -1.4302776 0.2595591
8 0.0799732 -0.6808461 -0.0182079
5
-114.656     ts77     dynamics     sesquiterpene     TS     runpoint      21     runisomer      106
6 -0.1560746 0.6413211 0.0162541
1 0.0903861 1.2886874 0.9526633
1 -0.3489786 0.9658790 -1.0517342
1 0.3252871 -1.4165072 0.3080157
8 0.0849109 -0.6710039 -0.0253675
