5
-114.654160 ts77 dynamics sesquiterpene TS runpoint 1  runisomer  23
6 -0.0269444 0.6471436 -0.0060915
1 -0.2606264 1.0953130 0.9887088
1 -0.2850556 1.2395406 -1.0125896
1 0.9270679 -0.0620048 0.0172961
8 -0.0317714 -0.7658014 0.0049854
5
-114.645 ts77 dynamics sesquiterpene TS runpoint 2  runisomer  23
6 -0.0337333 0.659795 -0.0135947
1 -0.259029 1.07846 1.02928
1 -0.236933 1.22087 -0.978181
1 0.983449 -0.04959 -0.00869391
8 -0.0333635 -0.773836 0.00752755
5
-114.647     ts77     dynamics     sesquiterpene     TS     runpoint      3     runisomer      23
6 -0.0403227 0.6717647 -0.0202321
1 -0.2553556 1.0610621 1.0511129
1 -0.1883614 1.1946587 -0.9303366
1 1.0406696 -0.0302015 -0.0345624
8 -0.0353185 -0.7812901 0.0097484
5
-114.642     ts77     dynamics     sesquiterpene     TS     runpoint      4     runisomer      23
6 -0.0454623 0.6812037 -0.0239911
1 -0.2494213 1.0439729 1.0501404
1 -0.1448852 1.1729321 -0.8886570
1 1.0886877 0.0011620 -0.0592709
8 -0.0376039 -0.7879014 0.0115609
5
-114.632     ts77     dynamics     sesquiterpene     TS     runpoint      5     runisomer      23
6 -0.0480957 0.6861557 -0.0229089
1 -0.2418590 1.0291444 1.0270982
1 -0.1108823 1.1700868 -0.8776103
1 1.1220488 0.0491714 -0.0815939
8 -0.0403507 -0.7935264 0.0129124
5
-114.63     ts77     dynamics     sesquiterpene     TS     runpoint      6     runisomer      23
6 -0.0475183 0.6855473 -0.0169667
1 -0.2342320 1.0196288 0.9885953
1 -0.0875197 1.1908052 -0.9051562
1 1.1388481 0.1178886 -0.1001766
8 -0.0437976 -0.7981035 0.0137868
5
-114.64     ts77     dynamics     sesquiterpene     TS     runpoint      7     runisomer      23
6 -0.0432341 0.6796254 -0.0089689
1 -0.2292400 1.0198665 0.9480257
1 -0.0744639 1.2247809 -0.9531897
1 1.1392674 0.2097558 -0.1135062
8 -0.0481778 -0.8016048 0.0142095
5
-114.65     ts77     dynamics     sesquiterpene     TS     runpoint      8     runisomer      23
6 -0.0348668 0.6690930 -0.0024737
1 -0.2304282 1.0350617 0.9221050
1 -0.0719919 1.2581787 -0.9983469
1 1.1246603 0.3244261 -0.1200337
8 -0.0536183 -0.8039902 0.0142276
5
-114.659     ts77     dynamics     sesquiterpene     TS     runpoint      9     runisomer      23
6 -0.0224635 0.6547934 0.0004114
1 -0.2403919 1.0676287 0.9195870
1 -0.0807067 1.2814831 -1.0262877
1 1.0986264 0.4581273 -0.1186254
8 -0.0601085 -0.8052061 0.0138946
5
-114.67     ts77     dynamics     sesquiterpene     TS     runpoint      10     runisomer      23
6 -0.0069524 0.6380590 -0.0002190
1 -0.2586383 1.1129378 0.9329688
1 -0.1009603 1.2894530 -1.0314717
1 1.0698327 0.6039433 -0.1092089
8 -0.0675095 -0.8051959 0.0132588
5
-114.68     ts77     dynamics     sesquiterpene     TS     runpoint      11     runisomer      23
6 0.0099211 0.6205118 -0.0030183
1 -0.2822568 1.1609951 0.9466335
1 -0.1326291 1.2794193 -1.0137516
1 1.0520765 0.7543604 -0.0929353
8 -0.0755697 -0.8039046 0.0123574
5
-114.654160 ts77 dynamics sesquiterpene TS runpoint 1  runisomer  23
6 -0.0269444 0.6471436 -0.0060915
1 -0.2606264 1.0953130 0.9887088
1 -0.2850556 1.2395406 -1.0125896
1 0.9270679 -0.0620048 0.0172961
8 -0.0317714 -0.7658014 0.0049854
5
-114.645 ts77 dynamics sesquiterpene TS runpoint 2  runisomer  23
6 -0.0211874 0.635272 0.000664095
1 -0.261229 1.11232 0.937854
1 -0.327994 1.24408 -1.02383
1 0.885425 -0.0726794 0.0428483
8 -0.0307231 -0.75758 0.00221941
5
-114.639     ts77     dynamics     sesquiterpene     TS     runpoint      3     runisomer      23
6 -0.0174080 0.6252083 0.0052846
1 -0.2628093 1.1320237 0.8887516
1 -0.3622997 1.2318165 -1.0091294
1 0.8718357 -0.0863157 0.0681398
8 -0.0304410 -0.7496409 -0.0006732
5
-114.636     ts77     dynamics     sesquiterpene     TS     runpoint      4     runisomer      23
6 -0.0159644 0.6174407 0.0067199
1 -0.2675047 1.1577791 0.8536212
1 -0.3858665 1.2027256 -0.9703124
1 0.8917073 -0.1056665 0.0937422
8 -0.0309956 -0.7423856 -0.0035942
5
-114.64     ts77     dynamics     sesquiterpene     TS     runpoint      5     runisomer      23
6 -0.0165768 0.6120261 0.0047740
1 -0.2759343 1.1904991 0.8390849
1 -0.3983388 1.1592796 -0.9135230
1 0.9384335 -0.1310690 0.1196572
8 -0.0321639 -0.7360487 -0.0064282
5
-114.647     ts77     dynamics     sesquiterpene     TS     runpoint      6     runisomer      23
6 -0.0185786 0.6088714 0.0005301
1 -0.2861199 1.2261658 0.8432167
1 -0.4023551 1.1076684 -0.8509714
1 0.9970792 -0.1617537 0.1447981
8 -0.0334633 -0.7307461 -0.0090286
5
-114.646     ts77     dynamics     sesquiterpene     TS     runpoint      7     runisomer      23
6 -0.0210605 0.6077001 -0.0037561
1 -0.2946002 1.2577056 0.8587706
1 -0.4054693 1.0594032 -0.8031881
1 1.0516180 -0.1974352 0.1674679
8 -0.0343078 -0.7265676 -0.0112318
5
-114.636     ts77     dynamics     sesquiterpene     TS     runpoint      8     runisomer      23
6 -0.0230376 0.6080615 -0.0054800
1 -0.2983167 1.2787011 0.8778925
1 -0.4191668 1.0286311 -0.7944074
1 1.0894003 -0.2393611 0.1861090
8 -0.0341096 -0.7235840 -0.0128705
5
-114.628     ts77     dynamics     sesquiterpene     TS     runpoint      9     runisomer      23
6 -0.0242648 0.6101490 -0.0036261
1 -0.2955693 1.2852024 0.8944829
1 -0.4489277 1.0204450 -0.8321616
1 1.1018450 -0.2910204 0.1996561
8 -0.0322736 -0.7217907 -0.0137816
5
-114.635     ts77     dynamics     sesquiterpene     TS     runpoint      10     runisomer      23
6 -0.0257721 0.6150886 0.0003227
1 -0.2860675 1.2758853 0.9048807
1 -0.4874045 1.0263756 -0.8970515
1 1.0836661 -0.3583908 0.2075250
8 -0.0281747 -0.7210409 -0.0138069
5
-114.651     ts77     dynamics     sesquiterpene     TS     runpoint      11     runisomer      23
6 -0.0289735 0.6238117 0.0041278
1 -0.2706733 1.2520099 0.9081247
1 -0.5237331 1.0359254 -0.9632711
1 1.0328694 -0.4486642 0.2096026
8 -0.0212562 -0.7209966 -0.0128244
5
-114.669     ts77     dynamics     sesquiterpene     TS     runpoint      12     runisomer      23
6 -0.0347984 0.6363085 0.0060476
1 -0.2511440 1.2176260 0.9064226
1 -0.5508045 1.0430819 -1.0132425
1 0.9539497 -0.5661699 0.2069207
8 -0.0114413 -0.7212552 -0.0108386
5
-114.686     ts77     dynamics     sesquiterpene     TS     runpoint      13     runisomer      23
6 -0.0434093 0.6516411 0.0048679
1 -0.2299254 1.1793999 0.9054855
1 -0.5653251 1.0454588 -1.0376083
1 0.8689463 -0.7077983 0.2044615
8 -0.0000488 -0.7215768 -0.0082038
5
-114.69     ts77     dynamics     sesquiterpene     TS     runpoint      14     runisomer      23
6 -0.0542757 0.6682486 -0.0001900
1 -0.2095660 1.1449517 0.9130958
1 -0.5665221 1.0424970 -1.0324047
1 0.8309446 -0.8676294 0.2156061
8 0.0092884 -0.7216106 -0.0059183
5
-114.693     ts77     dynamics     sesquiterpene     TS     runpoint      15     runisomer      23
6 -0.0664623 0.6845457 -0.0091396
1 -0.1916494 1.1195704 0.9342546
1 -0.5557678 1.0348118 -0.9983258
1 0.8618209 -1.0473431 0.2478083
8 0.0146758 -0.7204323 -0.0047124
5
-114.711     ts77     dynamics     sesquiterpene     TS     runpoint      16     runisomer      23
6 -0.0789530 0.6994743 -0.0207133
1 -0.1761899 1.1040460 0.9659868
1 -0.5374106 1.0248558 -0.9427406
1 0.9027509 -1.2272330 0.2854488
8 0.0193351 -0.7186931 -0.0039019
5
-114.703     ts77     dynamics     sesquiterpene     TS     runpoint      17     runisomer      23
6 -0.0905649 0.7122308 -0.0321780
1 -0.1624321 1.0961288 0.9984376
1 -0.5207384 1.0184293 -0.8839503
1 0.9170849 -1.3808126 0.3164245
8 0.0252236 -0.7176846 -0.0030003
5
-114.673     ts77     dynamics     sesquiterpene     TS     runpoint      18     runisomer      23
6 -0.0997676 0.7218214 -0.0398547
1 -0.1499239 1.0933308 1.0210215
1 -0.5204827 1.0251028 -0.8516170
1 0.8977161 -1.4936369 0.3367882
8 0.0325422 -0.7180174 -0.0019826
5
-114.645     ts77     dynamics     sesquiterpene     TS     runpoint      19     runisomer      23
6 -0.1054313 0.7274867 -0.0412382
1 -0.1387874 1.0942165 1.0270910
1 -0.5471172 1.0513942 -0.8662715
1 0.8471555 -1.5592326 0.3458198
8 0.0409504 -0.7198489 -0.0009727
5
-114.643     ts77     dynamics     sesquiterpene     TS     runpoint      20     runisomer      23
6 -0.1079668 0.7295754 -0.0372952
1 -0.1295055 1.0984723 1.0154083
1 -0.5932481 1.0907680 -0.9133629
1 0.7691572 -1.5738662 0.3436462
8 0.0500862 -0.7232447 -0.0000903
5
-114.655     ts77     dynamics     sesquiterpene     TS     runpoint      21     runisomer      23
6 -0.1085868 0.7289442 -0.0307840
1 -0.1226602 1.1067885 0.9898934
1 -0.6428570 1.1301221 -0.9629861
1 0.6679021 -1.5359545 0.3311535
8 0.0596224 -0.7281667 0.0005476
5
-114.669     ts77     dynamics     sesquiterpene     TS     runpoint      22     runisomer      23
6 -0.1082468 0.7260036 -0.0241174
1 -0.1186398 1.1208380 0.9588280
1 -0.6842711 1.1597326 -0.9946167
1 0.5537217 -1.4541206 0.3130990
8 0.0689138 -0.7338714 0.0006358
5
-114.669     ts77     dynamics     sesquiterpene     TS     runpoint      23     runisomer      23
6 -0.1075372 0.7206418 -0.0190093
1 -0.1174051 1.1428729 0.9326481
1 -0.7113856 1.1744122 -0.9989274
1 0.4591529 -1.3736152 0.3101490
8 0.0759674 -0.7372363 -0.0010872
5
-114.633     ts77     dynamics     sesquiterpene     TS     runpoint      24     runisomer      23
6 -0.1068083 0.7126886 -0.0163531
1 -0.1184358 1.1742229 0.9190302
1 -0.7216247 1.1717496 -0.9735498
1 0.4401863 -1.3904513 0.3724844
8 0.0773217 -0.7320176 -0.0077460
