5
-114.654160 ts77 dynamics sesquiterpene TS runpoint 1  runisomer  166
6 -0.0191370 0.6455700 -0.0102634
1 -0.3205160 1.1237660 0.9445284
1 -0.3117212 1.2369076 -0.9105757
1 0.9500543 -0.0760622 -0.0004832
8 -0.0336230 -0.7653623 0.0055915
5
-114.651 ts77 dynamics sesquiterpene TS runpoint 2  runisomer  166
6 -0.0192915 0.639567 -0.0181233
1 -0.355438 1.11751 0.936563
1 -0.29932 1.22664 -0.823278
1 1.0284 -0.0724704 -0.0264772
8 -0.037024 -0.760044 0.00812759
5
-114.647     ts77     dynamics     sesquiterpene     TS     runpoint      3     runisomer      166
6 -0.0189975 0.6324958 -0.0232203
1 -0.3837466 1.1074942 0.9232790
1 -0.2902319 1.2216333 -0.7583398
1 1.1023067 -0.0588515 -0.0517521
8 -0.0406903 -0.7546515 0.0102900
5
-114.634     ts77     dynamics     sesquiterpene     TS     runpoint      4     runisomer      166
6 -0.0168892 0.6227719 -0.0235816
1 -0.4038007 1.0936299 0.9067661
1 -0.2918386 1.2379604 -0.7405574
1 1.1630038 -0.0279914 -0.0754920
8 -0.0447316 -0.7494576 0.0119773
5
-114.631     ts77     dynamics     sesquiterpene     TS     runpoint      5     runisomer      166
6 -0.0124030 0.6102515 -0.0195397
1 -0.4149347 1.0770207 0.8907465
1 -0.3031461 1.2745995 -0.7696855
1 1.2069982 0.0268078 -0.0968631
8 -0.0494558 -0.7447812 0.0131352
5
-114.641     ts77     dynamics     sesquiterpene     TS     runpoint      6     runisomer      166
6 -0.0057667 0.5963031 -0.0133437
1 -0.4173019 1.0597400 0.8793323
1 -0.3157929 1.3133549 -0.8238337
1 1.2337842 0.1099432 -0.1149035
8 -0.0551770 -0.7409084 0.0137532
5
-114.65     ts77     dynamics     sesquiterpene     TS     runpoint      7     runisomer      166
6 0.0027337 0.5823631 -0.0071313
1 -0.4116374 1.0442753 0.8756513
1 -0.3230525 1.3378980 -0.8820168
1 1.2430269 0.2219697 -0.1284186
8 -0.0620371 -0.7380812 0.0138401
5
-114.658     ts77     dynamics     sesquiterpene     TS     runpoint      8     runisomer      166
6 0.0129879 0.5695353 -0.0022065
1 -0.3989038 1.0327003 0.8808128
1 -0.3224119 1.3400746 -0.9313518
1 1.2337947 0.3596566 -0.1361117
8 -0.0699912 -0.7365411 0.0134121
5
-114.667     ts77     dynamics     sesquiterpene     TS     runpoint      9     runisomer      166
6 0.0248652 0.5588218 0.0008506
1 -0.3800034 1.0259283 0.8934348
1 -0.3141660 1.3173924 -0.9649191
1 1.2061912 0.5165368 -0.1369880
8 -0.0788730 -0.7365332 0.0124912
5
-114.678     ts77     dynamics     sesquiterpene     TS     runpoint      10     runisomer      166
6 0.0379804 0.5511924 0.0019949
1 -0.3558898 1.0235453 0.9100688
1 -0.3000855 1.2704268 -0.9793644
1 1.1637652 0.6839196 -0.1308570
8 -0.0884462 -0.7382466 0.0111069
5
-114.654160 ts77 dynamics sesquiterpene TS runpoint 1  runisomer  166
6 -0.0191370 0.6455700 -0.0102634
1 -0.3205160 1.1237660 0.9445284
1 -0.3117212 1.2369076 -0.9105757
1 0.9500543 -0.0760622 -0.0004832
8 -0.0336230 -0.7653623 0.0055915
5
-114.651 ts77 dynamics sesquiterpene TS runpoint 2  runisomer  166
6 -0.0199427 0.651944 -0.00198388
1 -0.281524 1.12759 0.947404
1 -0.320306 1.23857 -0.993849
1 0.881504 -0.0768137 0.0255442
8 -0.0306157 -0.770442 0.00280567
5
-114.643     ts77     dynamics     sesquiterpene     TS     runpoint      3     runisomer      166
6 -0.0227561 0.6594647 0.0049456
1 -0.2415040 1.1313245 0.9477250
1 -0.3214526 1.2257995 -1.0562336
1 0.8387589 -0.0814518 0.0513959
8 -0.0282626 -0.7752231 -0.0001117
5
-114.633     ts77     dynamics     sesquiterpene     TS     runpoint      4     runisomer      166
6 -0.0280340 0.6682668 0.0093048
1 -0.2033242 1.1377827 0.9493178
1 -0.3140945 1.1979910 -1.0888913
1 0.8317382 -0.0950015 0.0773867
8 -0.0267316 -0.7796271 -0.0030630
5
-114.631     ts77     dynamics     sesquiterpene     TS     runpoint      5     runisomer      166
6 -0.0355467 0.6778672 0.0103945
1 -0.1689516 1.1491645 0.9551744
1 -0.2986530 1.1572021 -1.0881863
1 0.8580600 -0.1200369 0.1036556
8 -0.0258948 -0.7833986 -0.0059493
5
-114.637     ts77     dynamics     sesquiterpene     TS     runpoint      6     runisomer      166
6 -0.0446345 0.6874517 0.0081988
1 -0.1390994 1.1659190 0.9651876
1 -0.2766863 1.1073991 -1.0550547
1 0.9047225 -0.1582696 0.1294495
8 -0.0252847 -0.7860985 -0.0086447
5
-114.647     ts77     dynamics     sesquiterpene     TS     runpoint      7     runisomer      166
6 -0.0545997 0.6962289 0.0035997
1 -0.1134897 1.1864594 0.9756636
1 -0.2511855 1.0550126 -0.9973720
1 0.9549901 -0.2127583 0.1532687
8 -0.0241996 -0.7872443 -0.0109896
5
-114.653     ts77     dynamics     sesquiterpene     TS     runpoint      8     runisomer      166
6 -0.0648891 0.7034389 -0.0013408
1 -0.0914044 1.2080387 0.9811531
1 -0.2272362 1.0103110 -0.9355530
1 0.9939785 -0.2884305 0.1735276
8 -0.0218415 -0.7864281 -0.0128006
5
-114.651     ts77     dynamics     sesquiterpene     TS     runpoint      9     runisomer      166
6 -0.0751125 0.7082061 -0.0034150
1 -0.0720495 1.2280268 0.9771215
1 -0.2114814 0.9870185 -0.9049601
1 1.0110139 -0.3905950 0.1890215
8 -0.0174613 -0.7833587 -0.0138952
5
-114.652     ts77     dynamics     sesquiterpene     TS     runpoint      10     runisomer      166
6 -0.0852156 0.7099366 -0.0004160
1 -0.0547277 1.2449069 0.9620963
1 -0.2073086 0.9939163 -0.9320172
1 1.0007898 -0.5214803 0.1991567
8 -0.0105957 -0.7779087 -0.0141320
5
-114.675     ts77     dynamics     sesquiterpene     TS     runpoint      11     runisomer      166
6 -0.0955429 0.7089435 0.0058881
1 -0.0388019 1.2588583 0.9386422
1 -0.2110147 1.0249793 -0.9991623
1 0.9659380 -0.6769454 0.2046028
8 -0.0014269 -0.7702043 -0.0134962
5
-114.699     ts77     dynamics     sesquiterpene     TS     runpoint      12     runisomer      166
6 -0.1063113 0.7057926 0.0119437
1 -0.0234505 1.2717149 0.9124131
1 -0.2173389 1.0672306 -1.0695100
1 0.9212740 -0.8475716 0.2087447
8 0.0088925 -0.7605604 -0.0122149
5
-114.704     ts77     dynamics     sesquiterpene     TS     runpoint      13     runisomer      166
6 -0.1173807 0.7007133 0.0152927
1 -0.0074907 1.2859970 0.8895733
1 -0.2232527 1.1101862 -1.1184463
1 0.8882869 -1.0255813 0.2171209
8 0.0186393 -0.7491379 -0.0107324
5
-114.699     ts77     dynamics     sesquiterpene     TS     runpoint      14     runisomer      166
6 -0.1284468 0.6938490 0.0149365
1 0.0103603 1.3030444 0.8737099
1 -0.2273619 1.1469722 -1.1351939
1 0.8676266 -1.2040957 0.2306488
8 0.0273723 -0.7361313 -0.0092614
5
-114.692     ts77     dynamics     sesquiterpene     TS     runpoint      15     runisomer      166
6 -0.1392083 0.6855966 0.0109567
1 0.0308301 1.3214790 0.8641470
1 -0.2290262 1.1732057 -1.1171894
1 0.8395608 -1.3667141 0.2443036
8 0.0360240 -0.7225066 -0.0076656
5
-114.68     ts77     dynamics     sesquiterpene     TS     runpoint      16     runisomer      166
6 -0.1493959 0.6765924 0.0041324
1 0.0536453 1.3374976 0.8570919
1 -0.2280537 1.1863641 -1.0671324
1 0.7916367 -1.4955506 0.2539967
8 0.0451834 -0.7094707 -0.0058648
5
-114.669     ts77     dynamics     sesquiterpene     TS     runpoint      17     runisomer      166
6 -0.1587544 0.6674600 -0.0042806
1 0.0776809 1.3466197 0.8483721
1 -0.2247376 1.1862159 -0.9932373
1 0.7224692 -1.5795600 0.2583221
8 0.0548335 -0.6978913 -0.0039318
5
-114.663     ts77     dynamics     sesquiterpene     TS     runpoint      18     runisomer      166
6 -0.1670530 0.6584972 -0.0124854
1 0.1015376 1.3453322 0.8355202
1 -0.2200530 1.1767289 -0.9120020
1 0.6351028 -1.6133463 0.2572441
8 0.0647622 -0.6883581 -0.0020172
5
-114.659     ts77     dynamics     sesquiterpene     TS     runpoint      19     runisomer      166
6 -0.1741694 0.6493607 -0.0180157
1 0.1241839 1.3319275 0.8185163
1 -0.2157057 1.1685632 -0.8504053
1 0.5332142 -1.5951469 0.2514643
8 0.0748154 -0.6812903 -0.0003123
5
-114.658     ts77     dynamics     sesquiterpene     TS     runpoint      20     runisomer      166
6 -0.1801973 0.6392440 -0.0185736
1 0.1453447 1.3067841 0.7996674
1 -0.2133841 1.1752962 -0.8361580
1 0.4225117 -1.5321153 0.2437997
8 0.0848284 -0.6765099 0.0008802
5
-114.664     ts77     dynamics     sesquiterpene     TS     runpoint      21     runisomer      166
6 -0.1855022 0.6281423 -0.0141677
1 0.1656455 1.2724794 0.7830345
1 -0.2133900 1.1976147 -0.8719518
1 0.3161985 -1.4582843 0.2443338
8 0.0942231 -0.6720765 0.0008445
5
-114.66     ts77     dynamics     sesquiterpene     TS     runpoint      22     runisomer      166
6 -0.1906275 0.6172413 -0.0071315
1 0.1865904 1.2336995 0.7734045
1 -0.2148486 1.2207687 -0.9338623
1 0.2307843 -1.4469369 0.2766507
8 0.1022176 -0.6636286 -0.0019617
5
-114.66     ts77     dynamics     sesquiterpene     TS     runpoint      23     runisomer      166
6 -0.1961798 0.6079275 0.0001982
1 0.2100107 1.1963407 0.7747560
1 -0.2168447 1.2309010 -0.9965643
1 0.1557937 -1.5109177 0.3494095
8 0.1097533 -0.6508946 -0.0081799
5
-114.675     ts77     dynamics     sesquiterpene     TS     runpoint      24     runisomer      166
6 -0.2026971 0.6014006 0.0065925
1 0.2367561 1.1653294 0.7882753
1 -0.2188527 1.2216254 -1.0441834
1 0.0748152 -1.5754390 0.4368220
8 0.1181807 -0.6393939 -0.0163365
5
-114.668     ts77     dynamics     sesquiterpene     TS     runpoint      25     runisomer      166
6 -0.2104032 0.5984942 0.0117899
1 0.2653705 1.1426133 0.8111326
1 -0.2208762 1.1918479 -1.0684794
1 -0.0131039 -1.5987045 0.5190263
8 0.1278216 -0.6324395 -0.0253249
5
-114.661     ts77     dynamics     sesquiterpene     TS     runpoint      26     runisomer      166
6 -0.2190705 0.5995095 0.0160310
1 0.2921522 1.1274039 0.8375468
1 -0.2233424 1.1435973 -1.0659708
1 -0.1037447 -1.5708460 0.5868288
8 0.1384994 -0.6309591 -0.0346013
5
-114.664     ts77     dynamics     sesquiterpene     TS     runpoint      27     runisomer      166
6 -0.2281722 0.6042006 0.0197534
1 0.3126307 1.1178838 0.8611936
1 -0.2266087 1.0815265 -1.0372760
1 -0.1912145 -1.4932036 0.6350980
8 0.1497487 -0.6348594 -0.0437328
5
-114.678     ts77     dynamics     sesquiterpene     TS     runpoint      28     runisomer      166
6 -0.2371146 0.6118112 0.0235960
1 0.3230880 1.1125360 0.8770698
1 -0.2307650 1.0135148 -0.9888798
1 -0.2686399 -1.3711086 0.6599694
8 0.1609347 -0.6436385 -0.0522332
5
-114.694     ts77     dynamics     sesquiterpene     TS     runpoint      29     runisomer      166
6 -0.2453404 0.6210809 0.0286246
1 0.3213135 1.1106252 0.8823348
1 -0.2359094 0.9514615 -0.9367187
1 -0.3298964 -1.2152340 0.6603120
8 0.1713969 -0.6563848 -0.0596456
5
-114.702     ts77     dynamics     sesquiterpene     TS     runpoint      30     runisomer      166
6 -0.2523694 0.6304962 0.0363290
1 0.3069833 1.1123100 0.8767175
1 -0.2424520 0.9096013 -0.9063441
1 -0.3737680 -1.0442767 0.6422980
8 0.1807460 -0.6716891 -0.0658508
5
-114.697     ts77     dynamics     sesquiterpene     TS     runpoint      31     runisomer      166
6 -0.2578869 0.6389948 0.0473483
1 0.2820679 1.1188049 0.8630727
1 -0.2513430 0.8973535 -0.9171560
1 -0.4089115 -0.8819451 0.6230265
8 0.1892262 -0.6879311 -0.0713630
5
-114.687     ts77     dynamics     sesquiterpene     TS     runpoint      32     runisomer      166
6 -0.2618384 0.6464625 0.0597707
1 0.2511399 1.1326244 0.8477516
1 -0.2639561 0.9132677 -0.9606505
1 -0.4481882 -0.7447295 0.6203011
8 0.1974045 -0.7040524 -0.0768057
5
-114.677     ts77     dynamics     sesquiterpene     TS     runpoint      33     runisomer      166
6 -0.2644535 0.6531930 0.0702888
1 0.2204694 1.1572262 0.8390996
1 -0.2811938 0.9493041 -1.0108400
1 -0.4918545 -0.6374342 0.6337277
8 0.2051339 -0.7196814 -0.0818358
5
-114.665     ts77     dynamics     sesquiterpene     TS     runpoint      34     runisomer      166
6 -0.2660314 0.6592956 0.0764871
1 0.1950201 1.1948638 0.8429839
1 -0.3030259 0.9970184 -1.0462102
1 -0.5315317 -0.5608576 0.6519268
8 0.2117928 -0.7344609 -0.0856493
5
-114.651     ts77     dynamics     sesquiterpene     TS     runpoint      35     runisomer      166
6 -0.2666275 0.6648069 0.0776300
1 0.1754212 1.2434309 0.8582880
1 -0.3288076 1.0494960 -1.0552787
1 -0.5621015 -0.5132984 0.6663469
8 0.2170227 -0.7479573 -0.0878082
5
-114.643     ts77     dynamics     sesquiterpene     TS     runpoint      36     runisomer      166
6 -0.2660585 0.6699449 0.0742549
1 0.1585880 1.2960950 0.8777349
1 -0.3575834 1.1013246 -1.0342025
1 -0.5822887 -0.4912204 0.6727459
8 0.2207379 -0.7597847 -0.0882324
5
-114.64     ts77     dynamics     sesquiterpene     TS     runpoint      37     runisomer      166
6 -0.2641142 0.6750754 0.0674567
1 0.1408632 1.3443637 0.8929612
1 -0.3882497 1.1485196 -0.9847786
1 -0.5917331 -0.4915015 0.6691153
8 0.2229193 -0.7696295 -0.0869759
5
-114.641     ts77     dynamics     sesquiterpene     TS     runpoint      38     runisomer      166
6 -0.2606775 0.6805198 0.0585046
1 0.1200222 1.3809934 0.8982634
1 -0.4198989 1.1890782 -0.9143985
1 -0.5894948 -0.5129579 0.6545534
8 0.2235031 -0.7772254 -0.0841102
5
-114.646     ts77     dynamics     sesquiterpene     TS     runpoint      39     runisomer      166
6 -0.2556739 0.6863633 0.0488169
1 0.0956175 1.4011115 0.8916065
1 -0.4525846 1.2242942 -0.8369613
1 -0.5741705 -0.5566752 0.6292292
8 0.2223758 -0.7823393 -0.0797049
5
-114.651     ts77     dynamics     sesquiterpene     TS     runpoint      40     runisomer      166
6 -0.2489597 0.6922913 0.0398938
1 0.0687824 1.4024512 0.8744856
1 -0.4883134 1.2595993 -0.7716129
1 -0.5456020 -0.6250604 0.5953483
8 0.2194762 -0.7847850 -0.0739135
5
-114.657     ts77     dynamics     sesquiterpene     TS     runpoint      41     runisomer      166
6 -0.2403936 0.6977079 0.0327250
1 0.0420834 1.3856587 0.8517872
1 -0.5304224 1.3010276 -0.7345875
1 -0.5089183 -0.7194293 0.5596117
8 0.2150684 -0.7844537 -0.0671859
5
-114.664     ts77     dynamics     sesquiterpene     TS     runpoint      42     runisomer      166
6 -0.2301863 0.7021738 0.0269650
1 0.0192538 1.3548651 0.8317477
1 -0.5797386 1.3470722 -0.7281884
1 -0.4792254 -0.8383063 0.5360201
8 0.2100792 -0.7812737 -0.0605182
5
-114.671     ts77     dynamics     sesquiterpene     TS     runpoint      43     runisomer      166
6 -0.2190473 0.7054587 0.0211480
1 0.0042268 1.3174591 0.8250244
1 -0.6322685 1.3875352 -0.7419947
1 -0.4732872 -0.9800481 0.5382695
8 0.2055994 -0.7749988 -0.0550013
5
-114.681     ts77     dynamics     sesquiterpene     TS     runpoint      44     runisomer      166
6 -0.2077921 0.7073381 0.0138020
1 -0.0006950 1.2811132 0.8408589
1 -0.6819945 1.4113619 -0.7631264
1 -0.4827857 -1.1388521 0.5573301
8 0.2011913 -0.7656127 -0.0503560
5
-114.687     ts77     dynamics     sesquiterpene     TS     runpoint      45     runisomer      166
6 -0.1969045 0.7078239 0.0043915
1 0.0034704 1.2486859 0.8803583
1 -0.7239709 1.4117384 -0.7818194
1 -0.4840748 -1.2965698 0.5703078
8 0.1954805 -0.7540196 -0.0454235
5
-114.682     ts77     dynamics     sesquiterpene     TS     runpoint      46     runisomer      166
6 -0.1864610 0.7072455 -0.0064463
1 0.0127389 1.2172424 0.9338670
1 -0.7552693 1.3863481 -0.7920558
1 -0.4643988 -1.4333730 0.5637136
8 0.1877879 -0.7413847 -0.0396028
5
-114.674     ts77     dynamics     sesquiterpene     TS     runpoint      47     runisomer      166
6 -0.1763193 0.7058644 -0.0174366
1 0.0224412 1.1826954 0.9868344
1 -0.7749718 1.3364243 -0.7911024
1 -0.4224181 -1.5358463 0.5344071
8 0.1781585 -0.7285688 -0.0329074
5
-114.668     ts77     dynamics     sesquiterpene     TS     runpoint      48     runisomer      166
6 -0.1662706 0.7035764 -0.0272460
1 0.0290011 1.1434379 1.0267590
1 -0.7843712 1.2662708 -0.7795207
1 -0.3618694 -1.5964392 0.4841409
8 0.1669790 -0.7161410 -0.0256250
5
-114.668     ts77     dynamics     sesquiterpene     TS     runpoint      49     runisomer      166
6 -0.1560200 0.6999265 -0.0346710
1 0.0303467 1.1006395 1.0459164
1 -0.7877417 1.1831486 -0.7617099
1 -0.2881706 -1.6114271 0.4165015
8 0.1547668 -0.7045248 -0.0181208
5
-114.673     ts77     dynamics     sesquiterpene     TS     runpoint      50     runisomer      166
6 -0.1450995 0.6942780 -0.0386871
1 0.0256626 1.0573174 1.0415105
1 -0.7928916 1.0964348 -0.7458502
1 -0.2080228 -1.5818276 0.3366237
8 0.1421384 -0.6939587 -0.0107957
5
-114.68     ts77     dynamics     sesquiterpene     TS     runpoint      51     runisomer      166
6 -0.1330097 0.6860942 -0.0387616
1 0.0151423 1.0176641 1.0157887
1 -0.8088425 1.0146976 -0.7406913
1 -0.1314178 -1.5217938 0.2534097
8 0.1299025 -0.6839538 -0.0042003
5
-114.679     ts77     dynamics     sesquiterpene     TS     runpoint      52     runisomer      166
6 -0.1197499 0.6752442 -0.0355315
1 -0.0000898 0.9869385 0.9770851
1 -0.8393045 0.9421205 -0.7486926
1 -0.0740287 -1.4763079 0.1818536
8 0.1192120 -0.6721720 0.0008288
5
-114.662     ts77     dynamics     sesquiterpene     TS     runpoint      53     runisomer      166
6 -0.1061888 0.6620414 -0.0310678
1 -0.0182176 0.9715705 0.9406070
1 -0.8789098 0.8790966 -0.7632620
1 -0.0474123 -1.5048682 0.1319937
8 0.1109925 -0.6555289 0.0038386
5
-114.663     ts77     dynamics     sesquiterpene     TS     runpoint      54     runisomer      166
6 -0.0936727 0.6472293 -0.0279661
1 -0.0377174 0.9780373 0.9240399
1 -0.9180794 0.8259282 -0.7746608
1 -0.0411164 -1.5821975 0.0922370
8 0.1048971 -0.6366029 0.0057800
5
-114.662     ts77     dynamics     sesquiterpene     TS     runpoint      55     runisomer      166
6 -0.0833937 0.6321326 -0.0277371
1 -0.0584026 1.0087680 0.9346604
1 -0.9491370 0.7841848 -0.7761191
1 -0.0433022 -1.6475611 0.0524846
8 0.1005772 -0.6204665 0.0075368
5
-114.649     ts77     dynamics     sesquiterpene     TS     runpoint      56     runisomer      166
6 -0.0761918 0.6186834 -0.0300866
1 -0.0806313 1.0585652 0.9621487
1 -0.9681050 0.7558949 -0.7651537
1 -0.0500132 -1.6711335 0.0109350
8 0.0981859 -0.6102484 0.0094962
5
-114.64     ts77     dynamics     sesquiterpene     TS     runpoint      57     runisomer      166
6 -0.0726067 0.6089303 -0.0338893
1 -0.1037773 1.1172412 0.9892097
1 -0.9740685 0.7425930 -0.7424668
1 -0.0605830 -1.6451250 -0.0316786
8 0.0979900 -0.6074308 0.0119000
5
-114.641     ts77     dynamics     sesquiterpene     TS     runpoint      58     runisomer      166
6 -0.0728182 0.6043525 -0.0381977
1 -0.1262051 1.1746291 1.0028675
1 -0.9685536 0.7448221 -0.7108735
1 -0.0751989 -1.5740694 -0.0749402
8 0.1001285 -0.6122327 0.0150083
5
-114.651     ts77     dynamics     sesquiterpene     TS     runpoint      59     runisomer      166
6 -0.0765842 0.6053969 -0.0423625
1 -0.1458313 1.2229550 0.9965257
1 -0.9555135 0.7620886 -0.6750755
1 -0.0968469 -1.4806403 -0.1207962
8 0.1047276 -0.6230382 0.0191663
5
-114.656     ts77     dynamics     sesquiterpene     TS     runpoint      60     runisomer      166
6 -0.0832672 0.6114987 -0.0458259
1 -0.1605006 1.2571024 0.9683711
1 -0.9415846 0.7930988 -0.6417483
1 -0.1378076 -1.4180270 -0.1790449
8 0.1123641 -0.6356683 0.0251082
5
-114.657     ts77     dynamics     sesquiterpene     TS     runpoint      61     runisomer      166
6 -0.0920010 0.6215873 -0.0481558
1 -0.1682573 1.2746061 0.9204989
1 -0.9350946 0.8360308 -0.6185796
1 -0.2148177 -1.4254206 -0.2657767
8 0.1238432 -0.6465801 0.0338770
5
-114.683     ts77     dynamics     sesquiterpene     TS     runpoint      62     runisomer      166
6 -0.1020623 0.6345150 -0.0493715
1 -0.1675935 1.2763101 0.8594340
1 -0.9420132 0.8882675 -0.6112994
1 -0.3151049 -1.4532474 -0.3722080
8 0.1380988 -0.6579259 0.0448835
5
-114.698     ts77     dynamics     sesquiterpene     TS     runpoint      63     runisomer      166
6 -0.1131603 0.6489697 -0.0502830
1 -0.1576395 1.2677597 0.7975055
1 -0.9613560 0.9454317 -0.6205283
1 -0.4135398 -1.4543235 -0.4761859
8 0.1532140 -0.6717672 0.0566023
5
-114.694     ts77     dynamics     sesquiterpene     TS     runpoint      64     runisomer      166
6 -0.1253744 0.6633723 -0.0525113
1 -0.1381341 1.2603216 0.7532723
1 -0.9859247 1.0014624 -0.6419375
1 -0.4939005 -1.4153276 -0.5627894
8 0.1677551 -0.6880919 0.0678661
5
-114.682     ts77     dynamics     sesquiterpene     TS     runpoint      65     runisomer      166
6 -0.1388730 0.6762247 -0.0577302
1 -0.1087477 1.2668114 0.7446658
1 -1.0072564 1.0502807 -0.6691002
1 -0.5470894 -1.3382719 -0.6237005
8 0.1807213 -0.7060760 0.0778729
5
-114.676     ts77     dynamics     sesquiterpene     TS     runpoint      66     runisomer      166
6 -0.1536674 0.6870723 -0.0661497
1 -0.0691519 1.2894822 0.7729786
1 -1.0192665 1.0873068 -0.6960495
1 -0.5676498 -1.2304491 -0.6541196
8 0.1913724 -0.7247704 0.0860203
5
-114.682     ts77     dynamics     sesquiterpene     TS     runpoint      67     runisomer      166
6 -0.1693397 0.6966519 -0.0761617
1 -0.0214262 1.3175433 0.8198205
1 -1.0192617 1.1099724 -0.7186375
1 -0.5529764 -1.1020403 -0.6519577
8 0.1991927 -0.7432452 0.0918659
5
-114.689     ts77     dynamics     sesquiterpene     TS     runpoint      68     runisomer      166
6 -0.1850237 0.7058702 -0.0856615
1 0.0294825 1.3388849 0.8633893
1 -1.0077581 1.1177368 -0.7351223
1 -0.5053777 -0.9665130 -0.6198719
8 0.2040224 -0.7605348 0.0952637
5
-114.688     ts77     dynamics     sesquiterpene     TS     runpoint      69     runisomer      166
6 -0.1996149 0.7152371 -0.0929043
1 0.0779758 1.3467805 0.8888463
1 -0.9881971 1.1119837 -0.7464841
1 -0.4382681 -0.8409797 -0.5717855
8 0.2064461 -0.7756081 0.0967784
5
-114.673     ts77     dynamics     sesquiterpene     TS     runpoint      70     runisomer      166
6 -0.2119614 0.7249519 -0.0965439
1 0.1194064 1.3393313 0.8886642
1 -0.9665326 1.0957455 -0.7564493
1 -0.3840408 -0.7415843 -0.5422607
8 0.2083102 -0.7876675 0.0982865
5
-114.647     ts77     dynamics     sesquiterpene     TS     runpoint      71     runisomer      166
6 -0.2210778 0.7349895 -0.0956256
1 0.1506522 1.3178089 0.8608068
1 -0.9498079 1.0730939 -0.7704688
1 -0.3752367 -0.6724609 -0.5690594
8 0.2115663 -0.7967718 0.1019243
5
-114.643     ts77     dynamics     sesquiterpene     TS     runpoint      72     runisomer      166
6 -0.2265109 0.7449420 -0.0899206
1 0.1706823 1.2862869 0.8084466
1 -0.9428941 1.0480945 -0.7927052
1 -0.3971486 -0.6332154 -0.6395153
8 0.2153183 -0.8031508 0.1067818
5
-114.65     ts77     dynamics     sesquiterpene     TS     runpoint      73     runisomer      166
6 -0.2286894 0.7538922 -0.0804301
1 0.1821309 1.2528462 0.7419895
1 -0.9451870 1.0233522 -0.8223761
1 -0.4182268 -0.6267905 -0.7176305
8 0.2176965 -0.8066057 0.1106391
