5
-114.654160 ts77 dynamics sesquiterpene TS runpoint 1  runisomer  28
6 -0.0309682 0.6223761 -0.0030853
1 -0.2233324 1.2052693 0.9219363
1 -0.2984919 1.2044993 -0.9197248
1 0.9215867 -0.0698398 0.0703621
8 -0.0299096 -0.7514473 -0.0022578
5
-114.65 ts77 dynamics sesquiterpene TS runpoint 2  runisomer  28
6 -0.0400595 0.617125 -0.0146364
1 -0.195342 1.20422 0.925601
1 -0.270551 1.20856 -0.833065
1 0.992171 -0.0652602 0.091681
8 -0.03106 -0.747986 -0.000625979
5
-114.648     ts77     dynamics     sesquiterpene     TS     runpoint      3     runisomer      28
6 -0.0482022 0.6124403 -0.0237732
1 -0.1677709 1.1944169 0.9256891
1 -0.2469834 1.2174910 -0.7680579
1 1.0639169 -0.0541835 0.1107393
8 -0.0326938 -0.7451152 0.0009272
5
-114.635     ts77     dynamics     sesquiterpene     TS     runpoint      4     runisomer      28
6 -0.0537466 0.6066115 -0.0281448
1 -0.1416666 1.1758370 0.9231344
1 -0.2344002 1.2478794 -0.7499687
1 1.1251986 -0.0307512 0.1258276
8 -0.0348327 -0.7429633 0.0022779
5
-114.63     ts77     dynamics     sesquiterpene     TS     runpoint      5     runisomer      28
6 -0.0558144 0.5992638 -0.0276906
1 -0.1184846 1.1500561 0.9203052
1 -0.2324022 1.2991256 -0.7784784
1 1.1711009 0.0110433 0.1356331
8 -0.0377609 -0.7416880 0.0032944
5
-114.637     ts77     dynamics     sesquiterpene     TS     runpoint      6     runisomer      28
6 -0.0541961 0.5914398 -0.0243394
1 -0.0998956 1.1201083 0.9203049
1 -0.2355107 1.3520894 -0.8309521
1 1.2017259 0.0760992 0.1393051
8 -0.0418798 -0.7413671 0.0038543
5
-114.642     ts77     dynamics     sesquiterpene     TS     runpoint      7     runisomer      28
6 -0.0489065 0.5840987 -0.0199909
1 -0.0876516 1.0898494 0.9261026
1 -0.2391221 1.3892156 -0.8857540
1 1.2184422 0.1660987 0.1361579
8 -0.0474457 -0.7419624 0.0038777
5
-114.646     ts77     dynamics     sesquiterpene     TS     runpoint      8     runisomer      28
6 -0.0399636 0.5777380 -0.0158049
1 -0.0835286 1.0627899 0.9394504
1 -0.2408693 1.4015422 -0.9295531
1 1.2212583 0.2794555 0.1254158
8 -0.0544836 -0.7434028 0.0033330
5
-114.652     ts77     dynamics     sesquiterpene     TS     runpoint      9     runisomer      28
6 -0.0274092 0.5727360 -0.0122883
1 -0.0891142 1.0409099 0.9597343
1 -0.2399853 1.3861389 -0.9551067
1 1.2092152 0.4119960 0.1064738
8 -0.0628495 -0.7456514 0.0022201
5
-114.663     ts77     dynamics     sesquiterpene     TS     runpoint      10     runisomer      28
6 -0.0114271 0.5695637 -0.0095001
1 -0.1054335 1.0242302 0.9836659
1 -0.2369120 1.3434916 -0.9589088
1 1.1822563 0.5575494 0.0794628
8 -0.0723087 -0.7487027 0.0005620
5
-114.677     ts77     dynamics     sesquiterpene     TS     runpoint      11     runisomer      28
6 0.0074940 0.5686962 -0.0072340
1 -0.1325299 1.0113113 1.0062257
1 -0.2333982 1.2766598 -0.9405540
1 1.1434917 0.7086821 0.0458200
8 -0.0825779 -0.7525484 -0.0015961
5
-114.654160 ts77 dynamics sesquiterpene TS runpoint 1  runisomer  28
6 -0.0309682 0.6223761 -0.0030853
1 -0.2233324 1.2052693 0.9219363
1 -0.2984919 1.2044993 -0.9197248
1 0.9215867 -0.0698398 0.0703621
8 -0.0299096 -0.7514473 -0.0022578
5
-114.65 ts77 dynamics sesquiterpene TS runpoint 2  runisomer  28
6 -0.0227513 0.629575 0.00831419
1 -0.251204 1.19914 0.915527
1 -0.323376 1.19211 -1.00161
1 0.869117 -0.0737313 0.0483901
8 -0.0294447 -0.755436 -0.0038625
5
-114.641     ts77     dynamics     sesquiterpene     TS     runpoint      3     runisomer      28
6 -0.0168040 0.6392303 0.0177814
1 -0.2789992 1.1886640 0.9088764
1 -0.3404607 1.1668012 -1.0622948
1 0.8503951 -0.0821259 0.0264804
8 -0.0298997 -0.7598957 -0.0053436
5
-114.633     ts77     dynamics     sesquiterpene     TS     runpoint      4     runisomer      28
6 -0.0136522 0.6509742 0.0242340
1 -0.3072894 1.1772753 0.9053917
1 -0.3474613 1.1291197 -1.0934912
1 0.8700947 -0.0978536 0.0042944
8 -0.0312831 -0.7646245 -0.0066039
5
-114.633     ts77     dynamics     sesquiterpene     TS     runpoint      5     runisomer      28
6 -0.0129572 0.6637640 0.0270975
1 -0.3367403 1.1679130 0.9077706
1 -0.3437131 1.0820024 -1.0919603
1 0.9187282 -0.1209821 -0.0185672
8 -0.0332496 -0.7692056 -0.0075600
5
-114.638     ts77     dynamics     sesquiterpene     TS     runpoint      6     runisomer      28
6 -0.0140229 0.6764106 0.0263363
1 -0.3673254 1.1618700 0.9161331
1 -0.3298439 1.0297922 -1.0585388
1 0.9791062 -0.1508653 -0.0417191
8 -0.0352022 -0.7731421 -0.0081639
5
-114.643     ts77     dynamics     sesquiterpene     TS     runpoint      7     runisomer      28
6 -0.0162412 0.6879685 0.0226733
1 -0.3978395 1.1585420 0.9273982
1 -0.3081874 0.9784237 -0.9999148
1 1.0345121 -0.1880236 -0.0641805
8 -0.0364714 -0.7760263 -0.0084062
5
-114.643     ts77     dynamics     sesquiterpene     TS     runpoint      8     runisomer      28
6 -0.0191383 0.6977113 0.0179267
1 -0.4262743 1.1562946 0.9365900
1 -0.2840273 0.9361915 -0.9334737
1 1.0724353 -0.2348890 -0.0849386
8 -0.0364176 -0.7775800 -0.0083046
5
-114.636     ts77     dynamics     sesquiterpene     TS     runpoint      9     runisomer      28
6 -0.0222282 0.7049757 0.0151670
1 -0.4507544 1.1536194 0.9390324
1 -0.2664284 0.9136349 -0.8912152
1 1.0845651 -0.2959821 -0.1032669
8 -0.0344305 -0.7775916 -0.0078981
5
-114.629     ts77     dynamics     sesquiterpene     TS     runpoint      10     runisomer      28
6 -0.0252496 0.7093674 0.0172069
1 -0.4704349 1.1498681 0.9322525
1 -0.2634200 0.9188131 -0.9037393
1 1.0658356 -0.3773242 -0.1187813
8 -0.0299339 -0.7758521 -0.0072364
5
-114.645     ts77     dynamics     sesquiterpene     TS     runpoint      11     runisomer      28
6 -0.0287585 0.7112168 0.0234081
1 -0.4860345 1.1455355 0.9171106
1 -0.2723532 0.9496392 -0.9634848
1 1.0146869 -0.4842422 -0.1314908
8 -0.0225340 -0.7721734 -0.0063702
5
-114.675     ts77     dynamics     sesquiterpene     TS     runpoint      12     runisomer      28
6 -0.0335667 0.7112117 0.0305682
1 -0.4998275 1.1421344 0.8975637
1 -0.2838762 0.9965544 -1.0354025
1 0.9379850 -0.6171688 -0.1423947
8 -0.0125002 -0.7665357 -0.0052929
5
-114.693     ts77     dynamics     sesquiterpene     TS     runpoint      13     runisomer      28
6 -0.0398412 0.7097037 0.0359418
1 -0.5150327 1.1415426 0.8791373
1 -0.2912834 1.0501535 -1.0918655
1 0.8652027 -0.7688693 -0.1558086
8 -0.0017834 -0.7591866 -0.0037622
5
-114.688     ts77     dynamics     sesquiterpene     TS     runpoint      14     runisomer      28
6 -0.0470867 0.7066670 0.0379524
1 -0.5345368 1.1447065 0.8665361
1 -0.2917563 1.1034020 -1.1191886
1 0.8509062 -0.9344713 -0.1816687
8 0.0058118 -0.7500294 -0.0011264
5
-114.69     ts77     dynamics     sesquiterpene     TS     runpoint      15     runisomer      28
6 -0.0546147 0.7021369 0.0359741
1 -0.5592696 1.1504180 0.8612889
1 -0.2846309 1.1511587 -1.1125491
1 0.8880617 -1.1135614 -0.2204078
8 0.0102270 -0.7387153 0.0027099
5
-114.698     ts77     dynamics     sesquiterpene     TS     runpoint      16     runisomer      28
6 -0.0619880 0.6965289 0.0301483
1 -0.5874408 1.1553549 0.8611760
1 -0.2700915 1.1896998 -1.0723819
1 0.9189245 -1.2829167 -0.2590516
8 0.0146717 -0.7265760 0.0069906
5
-114.686     ts77     dynamics     sesquiterpene     TS     runpoint      17     runisomer      28
6 -0.0690760 0.6904359 0.0211974
1 -0.6153829 1.1552963 0.8620405
1 -0.2487333 1.2168448 -1.0035948
1 0.9183088 -1.4200407 -0.2897617
8 0.0204425 -0.7150711 0.0112513
5
-114.671     ts77     dynamics     sesquiterpene     TS     runpoint      18     runisomer      28
6 -0.0758746 0.6842494 0.0103725
1 -0.6391845 1.1465715 0.8602018
1 -0.2217254 1.2333001 -0.9172456
1 0.8837833 -1.5138193 -0.3104006
8 0.0275167 -0.7050074 0.0153458
5
-114.66     ts77     dynamics     sesquiterpene     TS     runpoint      19     runisomer      28
6 -0.0823219 0.6777993 -0.0004084
1 -0.6560838 1.1269319 0.8537834
1 -0.1911168 1.2456660 -0.8335909
1 0.8191744 -1.5593674 -0.3210186
8 0.0355605 -0.6968395 0.0192359
5
-114.653     ts77     dynamics     sesquiterpene     TS     runpoint      20     runisomer      28
6 -0.0882625 0.6702465 -0.0087534
1 -0.6653792 1.0957854 0.8428854
1 -0.1590984 1.2681222 -0.7803199
1 0.7282981 -1.5534427 -0.3221996
8 0.0443121 -0.6909998 0.0229008
5
-114.656     ts77     dynamics     sesquiterpene     TS     runpoint      21     runisomer      28
6 -0.0936736 0.6609196 -0.0132961
1 -0.6686873 1.0543389 0.8293540
1 -0.1254240 1.3120335 -0.7745772
1 0.6153105 -1.4950941 -0.3153757
8 0.0535768 -0.6878343 0.0263699
5
-114.678     ts77     dynamics     sesquiterpene     TS     runpoint      22     runisomer      28
6 -0.0986940 0.6505657 -0.0151238
1 -0.6694824 1.0058781 0.8166124
1 -0.0877254 1.3692598 -0.8054341
1 0.4921730 -1.3968409 -0.3070251
8 0.0627763 -0.6868085 0.0299622
5
-114.685     ts77     dynamics     sesquiterpene     TS     runpoint      23     runisomer      28
6 -0.1033071 0.6406380 -0.0164345
1 -0.6721948 0.9554357 0.8091003
1 -0.0455673 1.4205628 -0.8492973
1 0.3950184 -1.3162232 -0.3250844
8 0.0698725 -0.6844943 0.0353198
5
-114.65     ts77     dynamics     sesquiterpene     TS     runpoint      24     runisomer      28
6 -0.1073624 0.6322931 -0.0189322
1 -0.6807597 0.9084869 0.8105581
1 -0.0009563 1.4515354 -0.8881148
1 0.3661980 -1.3441555 -0.4258029
8 0.0724601 -0.6754661 0.0458932
5
-114.677     ts77     dynamics     sesquiterpene     TS     runpoint      25     runisomer      28
6 -0.1108547 0.6266813 -0.0234831
1 -0.6966962 0.8693527 0.8213553
1 0.0432667 1.4555507 -0.9118371
1 0.3621262 -1.4079547 -0.5729468
8 0.0735547 -0.6650227 0.0593926
5
-114.683     ts77     dynamics     sesquiterpene     TS     runpoint      26     runisomer      28
6 -0.1140876 0.6247320 -0.0301649
1 -0.7181054 0.8403354 0.8372044
1 0.0846371 1.4311772 -0.9157478
1 0.3525106 -1.4417794 -0.7143336
8 0.0753286 -0.6580654 0.0725623
5
-114.667     ts77     dynamics     sesquiterpene     TS     runpoint      27     runisomer      28
6 -0.1175700 0.6266874 -0.0384455
1 -0.7409578 0.8223827 0.8510536
1 0.1217132 1.3806863 -0.8989754
1 0.3311231 -1.4318827 -0.8292977
8 0.0783931 -0.6558427 0.0840880
5
-114.659     ts77     dynamics     sesquiterpene     TS     runpoint      28     runisomer      28
6 -0.1218418 0.6318593 -0.0473128
1 -0.7610943 0.8161158 0.8561795
1 0.1546473 1.3107268 -0.8654628
1 0.2982673 -1.3810556 -0.9104654
8 0.0828619 -0.6581234 0.0934190
5
-114.66     ts77     dynamics     sesquiterpene     TS     runpoint      29     runisomer      28
6 -0.1274482 0.6387161 -0.0552314
1 -0.7753283 0.8221482 0.8481840
1 0.1863782 1.2343086 -0.8270108
1 0.2559667 -1.2948625 -0.9533110
8 0.0886310 -0.6642636 0.1001393
5
-114.665     ts77     dynamics     sesquiterpene     TS     runpoint      30     runisomer      28
6 -0.1350845 0.6451948 -0.0601702
1 -0.7820533 0.8410898 0.8257826
1 0.2245221 1.1705951 -0.8045250
1 0.2070243 -1.1790182 -0.9531065
8 0.0954647 -0.6736036 0.1038253
5
-114.676     ts77     dynamics     sesquiterpene     TS     runpoint      31     runisomer      28
6 -0.1453257 0.6496609 -0.0606697
1 -0.7820073 0.8736342 0.7912706
1 0.2781802 1.1343822 -0.8158752
1 0.1549826 -1.0415810 -0.9073686
8 0.1030435 -0.6853841 0.1042065
5
-114.697     ts77     dynamics     sesquiterpene     TS     runpoint      32     runisomer      28
6 -0.1575634 0.6520504 -0.0576517
1 -0.7789602 0.9206852 0.7509749
1 0.3458107 1.1223353 -0.8544674
1 0.1042225 -0.8968193 -0.8253169
8 0.1109706 -0.6985043 0.1017423
5
-114.708     ts77     dynamics     sesquiterpene     TS     runpoint      33     runisomer      28
6 -0.1700314 0.6531731 -0.0535970
1 -0.7789632 0.9833884 0.7139978
1 0.4147555 1.1212373 -0.8972384
1 0.0582149 -0.7669049 -0.7504254
8 0.1188816 -0.7114149 0.0990044
5
-114.682     ts77     dynamics     sesquiterpene     TS     runpoint      34     runisomer      28
6 -0.1811146 0.6537766 -0.0503431
1 -0.7865612 1.0620095 0.6872804
1 0.4728087 1.1211910 -0.9259178
1 0.0131169 -0.6667141 -0.7608936
8 0.1268619 -0.7231328 0.1007112
5
-114.672     ts77     dynamics     sesquiterpene     TS     runpoint      35     runisomer      28
6 -0.1901069 0.6545207 -0.0484545
1 -0.8003115 1.1530739 0.6702833
1 0.5128740 1.1179173 -0.9314986
1 -0.0335592 -0.5933025 -0.8446535
8 0.1348930 -0.7338492 0.1059924
5
-114.673     ts77     dynamics     sesquiterpene     TS     runpoint      36     runisomer      28
6 -0.1970512 0.6559075 -0.0477864
1 -0.8135512 1.2481229 0.6563076
1 0.5322321 1.1108316 -0.9111432
1 -0.0748195 -0.5489069 -0.9353091
8 0.1423189 -0.7432297 0.1107976
5
-114.661     ts77     dynamics     sesquiterpene     TS     runpoint      37     runisomer      28
6 -0.2022858 0.6582553 -0.0480688
1 -0.8193051 1.3366046 0.6384736
1 0.5312611 1.1009028 -0.8658814
1 -0.1065599 -0.5332974 -1.0002856
8 0.1486720 -0.7509246 0.1133740
5
-114.648     ts77     dynamics     sesquiterpene     TS     runpoint      38     runisomer      28
6 -0.2062325 0.6617148 -0.0489944
1 -0.8134648 1.4093503 0.6132404
1 0.5133682 1.0900943 -0.8004196
1 -0.1275332 -0.5434783 -1.0284987
8 0.1537156 -0.7567828 0.1133089
5
-114.643     ts77     dynamics     sesquiterpene     TS     runpoint      39     runisomer      28
6 -0.2095076 0.6662024 -0.0499507
1 -0.7952221 1.4601122 0.5806622
1 0.4866919 1.0822201 -0.7247221
1 -0.1368787 -0.5770143 -1.0166401
8 0.1572948 -0.7607400 0.1105606
5
-114.645     ts77     dynamics     sesquiterpene     TS     runpoint      40     runisomer      28
6 -0.2131211 0.6712374 -0.0498439
1 -0.7666694 1.4859518 0.5437048
1 0.4663365 1.0842179 -0.6552829
1 -0.1333488 -0.6328849 -0.9647950
8 0.1592685 -0.7627528 0.1051654
5
-114.652     ts77     dynamics     sesquiterpene     TS     runpoint      41     runisomer      28
6 -0.2181524 0.6759740 -0.0475817
1 -0.7326642 1.4876664 0.5078679
1 0.4707543 1.1043194 -0.6099565
1 -0.1164633 -0.7103198 -0.8783597
8 0.1595612 -0.7628042 0.0974212
5
-114.665     ts77     dynamics     sesquiterpene     TS     runpoint      42     runisomer      28
6 -0.2244142 0.6797284 -0.0434108
1 -0.7008422 1.4706865 0.4812109
1 0.5061601 1.1433905 -0.5938830
1 -0.0904288 -0.8070782 -0.7783827
8 0.1583852 -0.7609177 0.0886561
5
-114.67     ts77     dynamics     sesquiterpene     TS     runpoint      43     runisomer      28
6 -0.2299057 0.6821420 -0.0392639
1 -0.6807512 1.4452646 0.4737990
1 0.5593158 1.1912058 -0.5962853
1 -0.0704033 -0.9227610 -0.7191220
8 0.1566305 -0.7568533 0.0824260
5
-114.663     ts77     dynamics     sesquiterpene     TS     runpoint      44     runisomer      28
6 -0.2323234 0.6827654 -0.0374017
1 -0.6806008 1.4223516 0.4946148
1 0.6119241 1.2357817 -0.6035416
1 -0.0702947 -1.0656175 -0.7442317
8 0.1551163 -0.7496863 0.0817535
5
-114.679     ts77     dynamics     sesquiterpene     TS     runpoint      45     runisomer      28
6 -0.2304824 0.6816071 -0.0391022
1 -0.7018386 1.4044716 0.5454115
1 0.6511867 1.2696053 -0.6066104
1 -0.0767853 -1.2202451 -0.7978834
8 0.1530110 -0.7400809 0.0833999
5
-114.682     ts77     dynamics     sesquiterpene     TS     runpoint      46     runisomer      28
6 -0.2245232 0.6795360 -0.0442568
1 -0.7373099 1.3828235 0.6174822
1 0.6703341 1.2892083 -0.6008335
1 -0.0785148 -1.3581773 -0.8302411
8 0.1496810 -0.7297095 0.0843986
5
-114.67     ts77     dynamics     sesquiterpene     TS     runpoint      47     runisomer      28
6 -0.2153037 0.6775477 -0.0519011
1 -0.7761660 1.3461694 0.6965417
1 0.6668934 1.2937347 -0.5844765
1 -0.0731847 -1.4629089 -0.8267583
8 0.1450966 -0.7195975 0.0839000
5
-114.66     ts77     dynamics     sesquiterpene     TS     runpoint      48     runisomer      28
6 -0.2039018 0.6761059 -0.0608432
1 -0.8089678 1.2882905 0.7691981
1 0.6421045 1.2845675 -0.5581462
1 -0.0616232 -1.5270946 -0.7870703
8 0.1394460 -0.7102502 0.0818688
5
-114.66     ts77     dynamics     sesquiterpene     TS     runpoint      49     runisomer      28
6 -0.1915826 0.6750253 -0.0699049
1 -0.8292218 1.2087054 0.8256147
1 0.6019748 1.2662056 -0.5251946
1 -0.0451183 -1.5469644 -0.7144120
8 0.1329714 -0.7020184 0.0784566
5
-114.668     ts77     dynamics     sesquiterpene     TS     runpoint      50     runisomer      28
6 -0.1800101 0.6734930 -0.0778714
1 -0.8330903 1.1109372 0.8596096
1 0.5593894 1.2480842 -0.4926576
1 -0.0249121 -1.5205924 -0.6134654
8 0.1259449 -0.6952307 0.0738794
5
-114.681     ts77     dynamics     sesquiterpene     TS     runpoint      51     runisomer      28
6 -0.1711928 0.6701324 -0.0834822
1 -0.8191623 1.0012047 0.8683031
1 0.5334790 1.2446516 -0.4706406
1 -0.0030651 -1.4529845 -0.4943496
8 0.1187111 -0.6898420 0.0686467
5
-114.689     ts77     dynamics     sesquiterpene     TS     runpoint      52     runisomer      28
6 -0.1664770 0.6637060 -0.0859755
1 -0.7889436 0.8878693 0.8525920
1 0.5382303 1.2670172 -0.4659752
1 0.0147293 -1.3762426 -0.3856760
8 0.1118507 -0.6841276 0.0643650
5
-114.669     ts77     dynamics     sesquiterpene     TS     runpoint      53     runisomer      28
6 -0.1652350 0.6542975 -0.0859239
1 -0.7480951 0.7811738 0.8191164
1 0.5678213 1.3103319 -0.4746366
1 0.0166058 -1.3778421 -0.3460494
8 0.1063653 -0.6729787 0.0644826
5
-114.664     ts77     dynamics     sesquiterpene     TS     runpoint      54     runisomer      28
6 -0.1654663 0.6432952 -0.0851891
1 -0.7076948 0.6924404 0.7829422
1 0.6041025 1.3586940 -0.4863577
1 0.0026650 -1.4724063 -0.3788506
8 0.1025877 -0.6562256 0.0690151
5
-114.677     ts77     dynamics     sesquiterpene     TS     runpoint      55     runisomer      28
6 -0.1652456 0.6325253 -0.0861278
1 -0.6824351 0.6315003 0.7657608
1 0.6321750 1.3983630 -0.4931480
1 -0.0142553 -1.5677786 -0.4299734
8 0.1001313 -0.6408006 0.0744497
5
-114.652     ts77     dynamics     sesquiterpene     TS     runpoint      56     runisomer      28
6 -0.1636189 0.6235703 -0.0901966
1 -0.6817842 0.6038712 0.7819961
1 0.6443569 1.4215817 -0.4913957
1 -0.0281175 -1.6224343 -0.4766401
8 0.0989775 -0.6303659 0.0793085
5
-114.632     ts77     dynamics     sesquiterpene     TS     runpoint      57     runisomer      28
6 -0.1609672 0.6173966 -0.0968241
1 -0.7019143 0.6109884 0.8245969
1 0.6382566 1.4251797 -0.4806823
1 -0.0370355 -1.6279690 -0.5131806
8 0.0992059 -0.6260659 0.0832231
5
-114.631     ts77     dynamics     sesquiterpene     TS     runpoint      58     runisomer      28
6 -0.1584136 0.6143897 -0.1042389
1 -0.7310119 0.6508308 0.8734642
1 0.6150995 1.4092900 -0.4624276
1 -0.0403109 -1.5845670 -0.5374700
8 0.1007922 -0.6280587 0.0860862
5
-114.645     ts77     dynamics     sesquiterpene     TS     runpoint      59     runisomer      28
6 -0.1571324 0.6145044 -0.1107887
1 -0.7581337 0.7180086 0.9107130
1 0.5796302 1.3775085 -0.4394371
1 -0.0374843 -1.4939769 -0.5472775
8 0.1035986 -0.6360881 0.0878209
5
-114.668     ts77     dynamics     sesquiterpene     TS     runpoint      60     runisomer      28
6 -0.1582199 0.6170945 -0.1152037
1 -0.7761864 0.8048246 0.9252852
1 0.5412900 1.3383314 -0.4164684
1 -0.0290707 -1.3647766 -0.5438410
8 0.1074413 -0.6491791 0.0885497
5
-114.686     ts77     dynamics     sesquiterpene     TS     runpoint      61     runisomer      28
6 -0.1627976 0.6208170 -0.1164029
1 -0.7815373 0.9025641 0.9117912
1 0.5147926 1.3058082 -0.4006487
1 -0.0193887 -1.2269606 -0.5461535
8 0.1122746 -0.6647690 0.0894474
5
-114.678     ts77     dynamics     sesquiterpene     TS     runpoint      62     runisomer      28
6 -0.1716805 0.6243141 -0.1135967
1 -0.7732752 1.0025164 0.8692927
1 0.5147347 1.2937230 -0.3992375
1 -0.0194557 -1.1350277 -0.6090500
8 0.1184290 -0.6787265 0.0938918
5
-114.683     ts77     dynamics     sesquiterpene     TS     runpoint      63     runisomer      28
6 -0.1844453 0.6275137 -0.1068044
1 -0.7531009 1.0970452 0.8012819
1 0.5431117 1.3029326 -0.4144499
1 -0.0304196 -1.0907131 -0.7449904
8 0.1256392 -0.6904616 0.1026035
5
-114.709     ts77     dynamics     sesquiterpene     TS     runpoint      64     runisomer      28
6 -0.1992352 0.6314762 -0.0970994
1 -0.7256918 1.1809891 0.7162824
1 0.5870086 1.3202633 -0.4421458
1 -0.0387641 -1.0537460 -0.8866649
8 0.1327703 -0.7021505 0.1113500
5
-114.703     ts77     dynamics     sesquiterpene     TS     runpoint      65     runisomer      28
6 -0.2137119 0.6369301 -0.0862507
1 -0.6989676 1.2537095 0.6279443
1 0.6306228 1.3312276 -0.4761935
1 -0.0375526 -1.0103962 -0.9931773
8 0.1391250 -0.7142533 0.1176332
5
-114.679     ts77     dynamics     sesquiterpene     TS     runpoint      66     runisomer      28
6 -0.2258135 0.6436413 -0.0761729
1 -0.6827717 1.3202923 0.5523303
1 0.6630076 1.3270798 -0.5115910
1 -0.0253102 -0.9604158 -1.0508282
8 0.1443736 -0.7263770 0.1206982
5
-114.657     ts77     dynamics     sesquiterpene     TS     runpoint      67     runisomer      28
6 -0.2341822 0.6509170 -0.0682390
1 -0.6843455 1.3871933 0.5006650
1 0.6783189 1.3043617 -0.5448573
1 -0.0023661 -0.9066589 -1.0559776
8 0.1483430 -0.7380129 0.1204201
5
-114.65     ts77     dynamics     sesquiterpene     TS     runpoint      68     runisomer      28
6 -0.2384262 0.6585382 -0.0628011
1 -0.7037028 1.4536028 0.4735816
1 0.6741503 1.2630531 -0.5736552
1 0.0303947 -0.8527823 -1.0088264
8 0.1509475 -0.7487132 0.1168888
5
-114.658     ts77     dynamics     sesquiterpene     TS     runpoint      69     runisomer      28
6 -0.2389458 0.6668990 -0.0594422
1 -0.7348214 1.5105349 0.4644659
1 0.6506993 1.2056925 -0.5967590
1 0.0716033 -0.8035362 -0.9150504
8 0.1521827 -0.7580678 0.1104893
5
-114.672     ts77     dynamics     sesquiterpene     TS     runpoint      70     runisomer      28
6 -0.2365918 0.6763786 -0.0574312
1 -0.7701898 1.5478585 0.4658616
1 0.6113839 1.1375306 -0.6148423
1 0.1190102 -0.7653225 -0.7975003
8 0.1521385 -0.7656509 0.1026239
5
-114.668     ts77     dynamics     sesquiterpene     TS     runpoint      71     runisomer      28
6 -0.2325913 0.6868564 -0.0558375
1 -0.8034021 1.5589476 0.4720830
1 0.5645800 1.0669263 -0.6322117
1 0.1706057 -0.7437923 -0.7233716
8 0.1509316 -0.7711242 0.0974592
5
-114.64     ts77     dynamics     sesquiterpene     TS     runpoint      72     runisomer      28
6 -0.2284935 0.6976020 -0.0535507
1 -0.8298366 1.5413828 0.4793352
1 0.5240382 1.0046050 -0.6581030
1 0.2318765 -0.7376539 -0.7747014
8 0.1482214 -0.7745454 0.1001500
5
-114.659     ts77     dynamics     sesquiterpene     TS     runpoint      73     runisomer      28
6 -0.2255148 0.7076184 -0.0496730
1 -0.8471599 1.4967023 0.4857080
1 0.5022476 0.9601177 -0.7027522
1 0.3041168 -0.7460883 -0.8856477
8 0.1439018 -0.7759156 0.1066412
5
-114.67     ts77     dynamics     sesquiterpene     TS     runpoint      74     runisomer      28
6 -0.2234646 0.7160948 -0.0443472
1 -0.8562786 1.4304851 0.4917154
1 0.4984597 0.9368588 -0.7670116
1 0.3768846 -0.7683254 -0.9792566
8 0.1385952 -0.7752431 0.1122120
5
-114.663     ts77     dynamics     sesquiterpene     TS     runpoint      75     runisomer      28
6 -0.2207611 0.7222999 -0.0389623
1 -0.8625220 1.3524951 0.5010713
1 0.4993389 0.9330639 -0.8394966
1 0.4418926 -0.8015625 -1.0276086
8 0.1328112 -0.7726569 0.1151945
5
-114.653     ts77     dynamics     sesquiterpene     TS     runpoint      76     runisomer      28
6 -0.2155059 0.7253757 -0.0353067
1 -0.8751448 1.2746867 0.5201853
1 0.4911104 0.9457834 -0.9059101
1 0.4942763 -0.8424527 -1.0236016
8 0.1268844 -0.7682932 0.1151791
5
-114.65     ts77     dynamics     sesquiterpene     TS     runpoint      77     runisomer      28
6 -0.2064653 0.7247597 -0.0346126
1 -0.9017810 1.2050618 0.5536324
1 0.4656628 0.9721159 -0.9560808
1 0.5309097 -0.8873108 -0.9666952
8 0.1210770 -0.7622823 0.1121244
5
-114.663     ts77     dynamics     sesquiterpene     TS     runpoint      78     runisomer      28
6 -0.1936952 0.7206354 -0.0369294
1 -0.9404727 1.1428426 0.5977020
1 0.4201975 1.0090155 -0.9851264
1 0.5500907 -0.9321283 -0.8604483
8 0.1155932 -0.7547737 0.1062182
5
-114.686     ts77     dynamics     sesquiterpene     TS     runpoint      79     runisomer      28
6 -0.1783266 0.7136049 -0.0412741
1 -0.9805592 1.0825925 0.6414097
1 0.3557605 1.0532745 -0.9928145
1 0.5543295 -0.9738905 -0.7181237
8 0.1103844 -0.7458666 0.0982383
5
-114.703     ts77     dynamics     sesquiterpene     TS     runpoint      80     runisomer      28
6 -0.1617889 0.7041425 -0.0462806
1 -1.0107122 1.0204377 0.6736460
1 0.2762928 1.1021013 -0.9832092
1 0.5606043 -1.0169441 -0.5777004
8 0.1044901 -0.7352215 0.0905072
5
-114.693     ts77     dynamics     sesquiterpene     TS     runpoint      81     runisomer      28
6 -0.1453173 0.6924584 -0.0506063
1 -1.0235820 0.9555835 0.6874110
1 0.1875516 1.1540882 -0.9642631
1 0.6099909 -1.0831860 -0.5002144
8 0.0954245 -0.7214775 0.0868056
5
-114.696     ts77     dynamics     sesquiterpene     TS     runpoint      82     runisomer      28
6 -0.1297658 0.6787645 -0.0531661
1 -1.0163795 0.8895290 0.6803743
1 0.0950935 1.2092501 -0.9455514
1 0.7057202 -1.1746294 -0.4770082
8 0.0831003 -0.7047636 0.0865265
5
-114.71     ts77     dynamics     sesquiterpene     TS     runpoint      83     runisomer      28
6 -0.1154995 0.6636741 -0.0535084
1 -0.9906370 0.8252154 0.6546011
1 0.0023469 1.2665076 -0.9331963
1 0.8030329 -1.2573255 -0.4575785
8 0.0704890 -0.6877941 0.0864033
