5
-114.654160 ts77 dynamics sesquiterpene TS runpoint 1  runisomer  153
6 -0.0265199 0.6095655 -0.0059176
1 -0.2893594 1.0250414 0.9497026
1 -0.3189103 1.1403646 -0.9634336
1 1.0655190 -0.1188038 0.0243564
8 -0.0368693 -0.7233537 0.0037705
5
-114.645 ts77 dynamics sesquiterpene TS runpoint 2  runisomer  153
6 -0.0225797 0.611032 -0.00592697
1 -0.2688 0.941484 0.899536
1 -0.334773 1.12478 -0.95512
1 1.03798 -0.086127 0.0489366
8 -0.0383863 -0.720266 0.00486611
5
-114.639     ts77     dynamics     sesquiterpene     TS     runpoint      3     runisomer      153
6 -0.0175887 0.6126445 -0.0090641
1 -0.2581761 0.8835799 0.8837437
1 -0.3466066 1.1074588 -0.9368209
1 1.0054871 -0.0443265 0.0719929
8 -0.0400076 -0.7193702 0.0056088
5
-114.632     ts77     dynamics     sesquiterpene     TS     runpoint      4     runisomer      153
6 -0.0113425 0.6136841 -0.0162111
1 -0.2628727 0.8591974 0.9203449
1 -0.3552977 1.0920810 -0.9132980
1 0.9775049 0.0091434 0.0929128
8 -0.0420888 -0.7210132 0.0058647
5
-114.638     ts77     dynamics     sesquiterpene     TS     runpoint      5     runisomer      153
6 -0.0044706 0.6142138 -0.0248169
1 -0.2781147 0.8627770 0.9889351
1 -0.3629398 1.0833332 -0.8923121
1 0.9651392 0.0773573 0.1112727
8 -0.0450256 -0.7253827 0.0055211
5
-114.644     ts77     dynamics     sesquiterpene     TS     runpoint      6     runisomer      153
6 0.0021868 0.6142606 -0.0314424
1 -0.2960817 0.8852192 1.0575921
1 -0.3719644 1.0854809 -0.8815874
1 0.9782675 0.1637016 0.1267940
8 -0.0491499 -0.7324078 0.0045123
5
-114.649     ts77     dynamics     sesquiterpene     TS     runpoint      7     runisomer      153
6 0.0081409 0.6135624 -0.0340888
1 -0.3119389 0.9192887 1.1059602
1 -0.3832321 1.0998602 -0.8838388
1 1.0209371 0.2712566 0.1389021
8 -0.0545986 -0.7417134 0.0028295
5
-114.659     ts77     dynamics     sesquiterpene     TS     runpoint      8     runisomer      153
6 0.0134308 0.6118771 -0.0322908
1 -0.3236260 0.9593891 1.1248288
1 -0.3949604 1.1234802 -0.8946774
1 1.0869296 0.4014162 0.1461195
8 -0.0612530 -0.7526649 0.0005209
5
-114.673     ts77     dynamics     sesquiterpene     TS     runpoint      9     runisomer      153
6 0.0186440 0.6093170 -0.0264466
1 -0.3304512 1.0006598 1.1113224
1 -0.4039254 1.1504102 -0.9058188
1 1.1604229 0.5516944 0.1463017
8 -0.0688022 -0.7645106 -0.0023213
5
-114.654160 ts77 dynamics sesquiterpene TS runpoint 1  runisomer  153
6 -0.0265199 0.6095655 -0.0059176
1 -0.2893594 1.0250414 0.9497026
1 -0.3189103 1.1403646 -0.9634336
1 1.0655190 -0.1188038 0.0243564
8 -0.0368693 -0.7233537 0.0037705
5
-114.645 ts77 dynamics sesquiterpene TS runpoint 2  runisomer  153
6 -0.0299401 0.609456 -0.00669979
1 -0.310782 1.11759 1.00214
1 -0.29926 1.15194 -0.960242
1 1.08127 -0.144541 -0.00101054
8 -0.0351841 -0.728211 0.00245049
5
-114.643     ts77     dynamics     sesquiterpene     TS     runpoint      3     runisomer      153
6 -0.0331662 0.6115745 -0.0066688
1 -0.3272658 1.2046839 1.0365274
1 -0.2768890 1.1586954 -0.9467987
1 1.0809562 -0.1657768 -0.0263460
8 -0.0331147 -0.7343758 0.0010100
5
-114.637     ts77     dynamics     sesquiterpene     TS     runpoint      4     runisomer      153
6 -0.0363786 0.6162985 -0.0049686
1 -0.3362882 1.2768745 1.0445096
1 -0.2533973 1.1613317 -0.9269320
1 1.0625817 -0.1859799 -0.0508221
8 -0.0304589 -0.7413617 -0.0004785
5
-114.634     ts77     dynamics     sesquiterpene     TS     runpoint      5     runisomer      153
6 -0.0398019 0.6236937 -0.0010554
1 -0.3370712 1.3283368 1.0242220
1 -0.2305536 1.1619342 -0.9066999
1 1.0263817 -0.2103032 -0.0737333
8 -0.0270006 -0.7486578 -0.0019690
5
-114.637     ts77     dynamics     sesquiterpene     TS     runpoint      6     runisomer      153
6 -0.0438211 0.6337184 0.0054531
1 -0.3297622 1.3556136 0.9773450
1 -0.2097421 1.1631747 -0.8931403
1 0.9751654 -0.2458918 -0.0947404
8 -0.0225315 -0.7557331 -0.0034293
5
-114.647     ts77     dynamics     sesquiterpene     TS     runpoint      7     runisomer      153
6 -0.0489809 0.6463398 0.0145829
1 -0.3154170 1.3576374 0.9088697
1 -0.1912983 1.1667566 -0.8917153
1 0.9153744 -0.3011242 -0.1143166
8 -0.0169609 -0.7620755 -0.0048207
5
-114.661     ts77     dynamics     sesquiterpene     TS     runpoint      8     runisomer      153
6 -0.0557485 0.6613537 0.0255789
1 -0.2967960 1.3378641 0.8294063
1 -0.1742534 1.1719734 -0.9036199
1 0.8599057 -0.3819998 -0.1345255
8 -0.0106376 -0.7673272 -0.0060408
5
-114.67     ts77     dynamics     sesquiterpene     TS     runpoint      9     runisomer      153
6 -0.0640224 0.6776498 0.0363780
1 -0.2800145 1.3094187 0.7601451
1 -0.1569446 1.1759489 -0.9251774
1 0.8331172 -0.4857532 -0.1602376
8 -0.0048933 -0.7714736 -0.0068012
5
-114.665     ts77     dynamics     sesquiterpene     TS     runpoint      10     runisomer      153
6 -0.0728312 0.6925830 0.0435376
1 -0.2751083 1.2984233 0.7346493
1 -0.1380965 1.1755367 -0.9497481
1 0.8633968 -0.6032079 -0.1985198
8 -0.0016904 -0.7745581 -0.0066063
5
-114.668     ts77     dynamics     sesquiterpene     TS     runpoint      11     runisomer      153
6 -0.0810979 0.7037831 0.0444733
1 -0.2885593 1.3236385 0.7748920
1 -0.1174402 1.1691124 -0.9705529
1 0.9390230 -0.7338066 -0.2489137
8 -0.0007082 -0.7759160 -0.0053573
5
-114.69     ts77     dynamics     sesquiterpene     TS     runpoint      12     runisomer      153
6 -0.0887474 0.7119269 0.0404235
1 -0.3140779 1.3680581 0.8592961
1 -0.0955422 1.1571076 -0.9829613
1 1.0131297 -0.8752127 -0.3003255
8 0.0005886 -0.7751588 -0.0036160
5
-114.696     ts77     dynamics     sesquiterpene     TS     runpoint      13     runisomer      153
6 -0.0961325 0.7186258 0.0341855
1 -0.3414727 1.4050024 0.9513895
1 -0.0732750 1.1417022 -0.9854485
1 1.0544554 -1.0162014 -0.3429194
8 0.0038488 -0.7726587 -0.0018976
5
-114.68     ts77     dynamics     sesquiterpene     TS     runpoint      14     runisomer      153
6 -0.1034087 0.7244785 0.0277933
1 -0.3643032 1.4203028 1.0274293
1 -0.0513654 1.1263253 -0.9797273
1 1.0524691 -1.1445454 -0.3717815
8 0.0094901 -0.7689587 -0.0004348
5
-114.662     ts77     dynamics     sesquiterpene     TS     runpoint      15     runisomer      153
6 -0.1105491 0.7293068 0.0225157
1 -0.3794343 1.4095351 1.0756855
1 -0.0301115 1.1150272 -0.9701615
1 1.0069173 -1.2503428 -0.3851810
8 0.0173304 -0.7645249 0.0007250
5
-114.652     ts77     dynamics     sesquiterpene     TS     runpoint      16     runisomer      153
6 -0.1174574 0.7326752 0.0191593
1 -0.3855247 1.3726924 1.0909813
1 -0.0093385 1.1115665 -0.9620146
1 0.9218233 -1.3259397 -0.3831376
8 0.0269483 -0.7597496 0.0016375
5
-114.656     ts77     dynamics     sesquiterpene     TS     runpoint      17     runisomer      153
6 -0.1239991 0.7341616 0.0180410
1 -0.3823497 1.3118719 1.0720471
1 0.0113220 1.1182694 -0.9586348
1 0.8046953 -1.3664116 -0.3675038
8 0.0377331 -0.7549062 0.0024720
5
-114.671     ts77     dynamics     sesquiterpene     TS     runpoint      18     runisomer      153
6 -0.1299704 0.7333663 0.0187732
1 -0.3709270 1.2313367 1.0220890
1 0.0319182 1.1351648 -0.9592686
1 0.6704098 -1.3741243 -0.3443574
8 0.0486553 -0.7498136 0.0036522
5
-114.682     ts77     dynamics     sesquiterpene     TS     runpoint      19     runisomer      153
6 -0.1350162 0.7296904 0.0199368
1 -0.3545250 1.1395205 0.9532575
1 0.0518873 1.1601055 -0.9594496
1 0.5484417 -1.3712166 -0.3299571
8 0.0578328 -0.7430268 0.0062198
5
-114.671     ts77     dynamics     sesquiterpene     TS     runpoint      20     runisomer      153
6 -0.1385131 0.7220982 0.0186123
1 -0.3404407 1.0518247 0.8950124
1 0.0702813 1.1898932 -0.9535970
1 0.4735701 -1.4030601 -0.3513650
8 0.0631267 -0.7316775 0.0118642
5
-114.66     ts77     dynamics     sesquiterpene     TS     runpoint      21     runisomer      153
6 -0.1396902 0.7095591 0.0108819
1 -0.3389287 0.9866372 0.8908292
1 0.0863178 1.2216939 -0.9378199
1 0.4367815 -1.4718675 -0.4120094
8 0.0652216 -0.7158336 0.0207538
5
-114.669     ts77     dynamics     sesquiterpene     TS     runpoint      22     runisomer      153
6 -0.1385939 0.6925977 -0.0040232
1 -0.3522349 0.9474284 0.9507408
1 0.1000107 1.2538747 -0.9117497
1 0.4063634 -1.5307292 -0.4874246
8 0.0662917 -0.6989598 0.0312707
5
-114.68     ts77     dynamics     sesquiterpene     TS     runpoint      23     runisomer      153
6 -0.1363879 0.6731106 -0.0223359
1 -0.3712388 0.9232645 1.0347330
1 0.1124684 1.2860202 -0.8784627
1 0.3679445 -1.5502225 -0.5595177
8 0.0674701 -0.6836168 0.0421633
5
-114.678     ts77     dynamics     sesquiterpene     TS     runpoint      24     runisomer      153
6 -0.1342933 0.6527974 -0.0403521
1 -0.3875403 0.9060254 1.1054263
1 0.1255782 1.3182735 -0.8424357
1 0.3183194 -1.5212253 -0.6193866
8 0.0692262 -0.6711523 0.0527273
5
-114.671     ts77     dynamics     sesquiterpene     TS     runpoint      25     runisomer      153
6 -0.1332040 0.6329938 -0.0560083
1 -0.3971975 0.8926647 1.1447726
1 0.1413770 1.3502231 -0.8073006
1 0.2582436 -1.4445366 -0.6624952
8 0.0718071 -0.6623004 0.0624959
