5
-114.654160 ts77 dynamics sesquiterpene TS runpoint 1  runisomer  79
6 -0.0213278 0.6341168 -0.0045708
1 -0.3129457 1.1586134 0.9279353
1 -0.2807811 1.0974385 -0.8535623
1 0.9323885 -0.0747651 -0.0130474
8 -0.0332928 -0.7502592 -0.0004349
5
-114.647 ts77 dynamics sesquiterpene TS runpoint 2  runisomer  79
6 -0.0182076 0.620048 0.00679985
1 -0.34304 1.19488 0.913887
1 -0.307173 1.12738 -0.926733
1 0.996304 -0.072021 -0.0373025
8 -0.0361014 -0.74405 -0.00194203
5
-114.652     ts77     dynamics     sesquiterpene     TS     runpoint      3     runisomer      79
6 -0.0155169 0.6071152 0.0182076
1 -0.3677825 1.2236260 0.8949391
1 -0.3305963 1.1555696 -0.9983638
1 1.0639166 -0.0611178 -0.0607008
8 -0.0393445 -0.7386229 -0.0033189
5
-114.643     ts77     dynamics     sesquiterpene     TS     runpoint      4     runisomer      79
6 -0.0128826 0.5960157 0.0278721
1 -0.3861087 1.2425727 0.8716247
1 -0.3453100 1.1727252 -1.0504940
1 1.1258673 -0.0344492 -0.0821508
8 -0.0431428 -0.7342526 -0.0044640
5
-114.633     ts77     dynamics     sesquiterpene     TS     runpoint      5     runisomer      79
6 -0.0097411 0.5868138 0.0347959
1 -0.3973717 1.2509449 0.8459180
1 -0.3489635 1.1755462 -1.0761346
1 1.1768468 0.0151296 -0.1003187
8 -0.0477728 -0.7311800 -0.0052784
5
-114.63     ts77     dynamics     sesquiterpene     TS     runpoint      6     runisomer      79
6 -0.0055890 0.5792902 0.0383135
1 -0.4014044 1.2494545 0.8210972
1 -0.3408206 1.1633801 -1.0734207
1 1.2146363 0.0925627 -0.1138735
8 -0.0535285 -0.7295554 -0.0056695
5
-114.636     ts77     dynamics     sesquiterpene     TS     runpoint      7     runisomer      79
6 -0.0000423 0.5732510 0.0379502
1 -0.3987469 1.2400232 0.8013165
1 -0.3211728 1.1367753 -1.0431475
1 1.2376728 0.1990657 -0.1215472
8 -0.0605482 -0.7294657 -0.0055744
5
-114.65     ts77     dynamics     sesquiterpene     TS     runpoint      8     runisomer      79
6 0.0072511 0.5686860 0.0335129
1 -0.3906970 1.2251616 0.7907905
1 -0.2915353 1.0974335 -0.9888139
1 1.2437268 0.3320373 -0.1221366
8 -0.0687762 -0.7310059 -0.0049677
5
-114.67     ts77     dynamics     sesquiterpene     TS     runpoint      9     runisomer      79
6 0.0166612 0.5657097 0.0254248
1 -0.3789633 1.2070188 0.7925209
1 -0.2555179 1.0494482 -0.9190568
1 1.2308505 0.4856480 -0.1147044
8 -0.0780337 -0.7342870 -0.0038723
5
-114.687     ts77     dynamics     sesquiterpene     TS     runpoint      10     runisomer      79
6 0.0285898 0.5642514 0.0153128
1 -0.3652280 1.1865192 0.8068261
1 -0.2204831 1.0019575 -0.8528709
1 1.1994909 0.6516661 -0.0989796
8 -0.0880813 -0.7393708 -0.0023471
5
-114.691     ts77     dynamics     sesquiterpene     TS     runpoint      11     runisomer      79
6 0.0434487 0.5636821 0.0063802
1 -0.3511298 1.1632943 0.8305528
1 -0.1984982 0.9705653 -0.8227464
1 1.1541135 0.8208603 -0.0758292
8 -0.0986433 -0.7461655 -0.0004961
5
-114.654160 ts77 dynamics sesquiterpene TS runpoint 1  runisomer  79
6 -0.0213278 0.6341168 -0.0045708
1 -0.3129457 1.1586134 0.9279353
1 -0.2807811 1.0974385 -0.8535623
1 0.9323885 -0.0747651 -0.0130474
8 -0.0332928 -0.7502592 -0.0004349
5
-114.647 ts77 dynamics sesquiterpene TS runpoint 2  runisomer  79
6 -0.0247525 0.647709 -0.0128917
1 -0.279089 1.11837 0.937977
1 -0.262234 1.08428 -0.813313
1 0.883843 -0.0763051 0.0115232
8 -0.030967 -0.756995 0.00109115
5
-114.633     ts77     dynamics     sesquiterpene     TS     runpoint      3     runisomer      79
6 -0.0281513 0.6590912 -0.0155360
1 -0.2436788 1.0787434 0.9464713
1 -0.2613828 1.1055886 -0.8379413
1 0.8603690 -0.0820750 0.0364363
8 -0.0292238 -0.7640162 0.0025216
5
-114.637     ts77     dynamics     sesquiterpene     TS     runpoint      4     runisomer      79
6 -0.0318996 0.6683455 -0.0139672
1 -0.2093874 1.0447992 0.9574843
1 -0.2742837 1.1542257 -0.9127006
1 0.8651606 -0.0955409 0.0617817
8 -0.0280620 -0.7710364 0.0037651
5
-114.647     ts77     dynamics     sesquiterpene     TS     runpoint      5     runisomer      79
6 -0.0365256 0.6764680 -0.0118062
1 -0.1785928 1.0209311 0.9748251
1 -0.2904058 1.2093640 -0.9969580
1 0.8930381 -0.1186423 0.0871016
8 -0.0272736 -0.7776434 0.0047653
5
-114.646     ts77     dynamics     sesquiterpene     TS     runpoint      6     runisomer      79
6 -0.0420677 0.6839106 -0.0112916
1 -0.1525410 1.0093752 0.9986880
1 -0.3033449 1.2568475 -1.0629385
1 0.9327733 -0.1531194 0.1113170
8 -0.0264480 -0.7833170 0.0055074
5
-114.638     ts77     dynamics     sesquiterpene     TS     runpoint      7     runisomer      79
6 -0.0483693 0.6907959 -0.0130170
1 -0.1312925 1.0098661 1.0243734
1 -0.3107154 1.2900340 -1.0979456
1 0.9715018 -0.2018715 0.1331499
8 -0.0250371 -0.7875310 0.0060124
5
-114.632     ts77     dynamics     sesquiterpene     TS     runpoint      8     runisomer      79
6 -0.0553905 0.6972870 -0.0167180
1 -0.1142748 1.0205489 1.0445429
1 -0.3120442 1.3061320 -1.0975198
1 0.9979206 -0.2695430 0.1515807
8 -0.0224239 -0.7898229 0.0063287
5
-114.635     ts77     dynamics     sesquiterpene     TS     runpoint      9     runisomer      79
6 -0.0632854 0.7036309 -0.0218650
1 -0.1006924 1.0390471 1.0524990
1 -0.3077249 1.3043370 -1.0617429
1 1.0037175 -0.3617948 0.1660834
8 -0.0179965 -0.7898208 0.0065205
5
-114.651     ts77     dynamics     sesquiterpene     TS     runpoint      10     runisomer      79
6 -0.0722329 0.7099192 -0.0278019
1 -0.0896924 1.0630697 1.0441905
1 -0.2989042 1.2859361 -0.9951877
1 0.9850012 -0.4823471 0.1767481
8 -0.0113556 -0.7872958 0.0066328
5
-114.676     ts77     dynamics     sesquiterpene     TS     runpoint      11     runisomer      79
6 -0.0821125 0.7156700 -0.0334574
1 -0.0804913 1.0907143 1.0190198
1 -0.2882878 1.2564996 -0.9104796
1 0.9462431 -0.6285957 0.1848140
8 -0.0027531 -0.7822818 0.0066162
5
-114.694     ts77     dynamics     sesquiterpene     TS     runpoint      12     runisomer      79
6 -0.0922212 0.7193921 -0.0367879
1 -0.0724475 1.1207634 0.9802555
1 -0.2817685 1.2301026 -0.8348353
1 0.9068947 -0.7912228 0.1940815
8 0.0063894 -0.7750569 0.0062073
5
-114.691     ts77     dynamics     sesquiterpene     TS     runpoint      13     runisomer      79
6 -0.1013812 0.7187201 -0.0350176
1 -0.0649756 1.1531429 0.9353291
1 -0.2879763 1.2286170 -0.8076006
1 0.8941025 -0.9626897 0.2102410
8 0.0139845 -0.7656950 0.0049752
5
-114.69     ts77     dynamics     sesquiterpene     TS     runpoint      14     runisomer      79
6 -0.1088842 0.7125509 -0.0277508
1 -0.0572569 1.1893185 0.8951690
1 -0.3096037 1.2587997 -0.8432366
1 0.9028900 -1.1374935 0.2324722
8 0.0199344 -0.7542332 0.0028972
5
-114.699     ts77     dynamics     sesquiterpene     TS     runpoint      15     runisomer      79
6 -0.1150751 0.7023424 -0.0183086
1 -0.0480885 1.2314643 0.8700480
1 -0.3386287 1.2993172 -0.9119899
1 0.9032063 -1.2989810 0.2532451
8 0.0258072 -0.7416067 0.0004179
5
-114.69     ts77     dynamics     sesquiterpene     TS     runpoint      16     runisomer      79
6 -0.1205229 0.6899976 -0.0096810
1 -0.0363774 1.2792574 0.8626047
1 -0.3661645 1.3281589 -0.9810635
1 0.8784058 -1.4292241 0.2673633
8 0.0324509 -0.7289678 -0.0021247
5
-114.669     ts77     dynamics     sesquiterpene     TS     runpoint      17     runisomer      79
6 -0.1255502 0.6769834 -0.0028637
1 -0.0218003 1.3275635 0.8664094
1 -0.3870363 1.3345443 -1.0326194
1 0.8264444 -1.5175563 0.2732709
8 0.0398903 -0.7170840 -0.0046048
5
-114.651     ts77     dynamics     sesquiterpene     TS     runpoint      18     runisomer      79
6 -0.1302808 0.6644838 0.0022643
1 -0.0048110 1.3685830 0.8718175
1 -0.3988060 1.3150593 -1.0589931
1 0.7509339 -1.5589839 0.2712081
8 0.0478651 -0.7064532 -0.0070036
5
-114.645     ts77     dynamics     sesquiterpene     TS     runpoint      19     runisomer      79
6 -0.1347697 0.6535042 0.0060713
1 0.0138353 1.3954021 0.8713499
1 -0.4006870 1.2697195 -1.0574612
1 0.6564979 -1.5514171 0.2622727
8 0.0561232 -0.6975250 -0.0093672
5
-114.654     ts77     dynamics     sesquiterpene     TS     runpoint      20     runisomer      79
6 -0.1390862 0.6447765 0.0088730
1 0.0334664 1.4037306 0.8612745
1 -0.3932001 1.2006171 -1.0283179
1 0.5496260 -1.4982592 0.2493831
8 0.0643826 -0.6904971 -0.0118612
5
-114.67     ts77     dynamics     sesquiterpene     TS     runpoint      21     runisomer      79
6 -0.1433035 0.6384881 0.0110174
1 0.0536914 1.3923126 0.8413616
1 -0.3783606 1.1127211 -0.9761119
1 0.4460500 -1.4229475 0.2418242
8 0.0718607 -0.6842656 -0.0150308
5
-114.67     ts77     dynamics     sesquiterpene     TS     runpoint      22     runisomer      79
6 -0.1473808 0.6340537 0.0133235
1 0.0746306 1.3632827 0.8144947
1 -0.3605220 1.0161830 -0.9145782
1 0.3771035 -1.3902379 0.2640810
8 0.0768170 -0.6750880 -0.0203512
5
-114.659     ts77     dynamics     sesquiterpene     TS     runpoint      23     runisomer      79
6 -0.1510651 0.6302614 0.0176924
1 0.0973099 1.3228901 0.7866550
1 -0.3475232 0.9278166 -0.8731404
1 0.3527085 -1.4411707 0.3373586
8 0.0788666 -0.6609199 -0.0291047
5
-114.67     ts77     dynamics     sesquiterpene     TS     runpoint      24     runisomer      79
6 -0.1542063 0.6261064 0.0262955
1 0.1241851 1.2816110 0.7667250
1 -0.3478255 0.8638902 -0.8864444
1 0.3399498 -1.5070632 0.4373845
8 0.0803504 -0.6470222 -0.0397711
