5
-114.654160 ts77 dynamics sesquiterpene TS runpoint 1  runisomer  41
6 -0.0391405 0.6429518 -0.0103582
1 -0.1531711 1.1118449 0.9769909
1 -0.2632068 1.2138464 -0.9735357
1 0.8892230 -0.0454865 0.1030609
8 -0.0283841 -0.7631202 0.0010603
5
-114.647 ts77 dynamics sesquiterpene TS runpoint 2  runisomer  41
6 -0.0427426 0.65227 -2.83331e-05
1 -0.14434 1.12101 0.984207
1 -0.252193 1.21376 -1.0597
1 0.933237 -0.0351467 0.0844821
8 -0.0297054 -0.771334 -0.000544917
5
-114.641     ts77     dynamics     sesquiterpene     TS     runpoint      3     runisomer      41
6 -0.0463882 0.6616561 0.0085407
1 -0.1404119 1.1325014 0.9861067
1 -0.2374716 1.2007829 -1.1167330
1 0.9883763 -0.0217435 0.0636059
8 -0.0316192 -0.7791272 -0.0021840
5
-114.633     ts77     dynamics     sesquiterpene     TS     runpoint      4     runisomer      41
6 -0.0491277 0.6700669 0.0145838
1 -0.1420394 1.1471614 0.9838513
1 -0.2194344 1.1752182 -1.1379930
1 1.0431363 0.0002592 0.0401537
8 -0.0340473 -0.7861365 -0.0037578
5
-114.629     ts77     dynamics     sesquiterpene     TS     runpoint      5     runisomer      41
6 -0.0500781 0.6765328 0.0176815
1 -0.1494951 1.1653331 0.9786489
1 -0.1992352 1.1391492 -1.1215986
1 1.0891889 0.0364092 0.0147845
8 -0.0370381 -0.7921385 -0.0051883
5
-114.631     ts77     dynamics     sesquiterpene     TS     runpoint      6     runisomer      41
6 -0.0484829 0.6802435 0.0178063
1 -0.1626987 1.1865369 0.9709571
1 -0.1786176 1.0959574 -1.0700050
1 1.1218547 0.0918533 -0.0112310
8 -0.0407591 -0.7970317 -0.0064073
5
-114.641     ts77     dynamics     sesquiterpene     TS     runpoint      7     runisomer      41
6 -0.0437177 0.6805113 0.0155948
1 -0.1812332 1.2092946 0.9601579
1 -0.1602747 1.0511316 -0.9927797
1 1.1391938 0.1704438 -0.0362695
8 -0.0454136 -0.8007949 -0.0073549
5
-114.652     ts77     dynamics     sesquiterpene     TS     runpoint      8     runisomer      41
6 -0.0352648 0.6766386 0.0128544
1 -0.2044005 1.2312937 0.9449519
1 -0.1486865 1.0141590 -0.9127832
1 1.1409089 0.2734610 -0.0584700
8 -0.0511340 -0.8034384 -0.0079815
5
-114.656     ts77     dynamics     sesquiterpene     TS     runpoint      9     runisomer      41
6 -0.0227132 0.6678626 0.0126699
1 -0.2313810 1.2499005 0.9243260
1 -0.1508244 0.9990268 -0.8683072
1 1.1282811 0.3988090 -0.0758479
8 -0.0579203 -0.8049710 -0.0082514
5
-114.661     ts77     dynamics     sesquiterpene     TS     runpoint      10     runisomer      41
6 -0.0061126 0.6540980 0.0170121
1 -0.2615034 1.2628069 0.8986666
1 -0.1732751 1.0145237 -0.8853155
1 1.1058354 0.5410362 -0.0867091
8 -0.0656467 -0.8053953 -0.0081350
5
-114.681     ts77     dynamics     sesquiterpene     TS     runpoint      11     runisomer      41
6 0.0133183 0.6369305 0.0238321
1 -0.2946058 1.2683749 0.8700332
1 -0.2147690 1.0506758 -0.9423827
1 1.0830463 0.6927520 -0.0905488
8 -0.0740888 -0.8047033 -0.0076091
5
-114.697     ts77     dynamics     sesquiterpene     TS     runpoint      12     runisomer      41
6 0.0336421 0.6184546 0.0299856
1 -0.3312098 1.2654021 0.8409624
1 -0.2670783 1.0896630 -1.0032473
1 1.0707572 0.8475855 -0.0887165
8 -0.0829606 -0.8028655 -0.0066737
5
-114.654160 ts77 dynamics sesquiterpene TS runpoint 1  runisomer  41
6 -0.0391405 0.6429518 -0.0103582
1 -0.1531711 1.1118449 0.9769909
1 -0.2632068 1.2138464 -0.9735357
1 0.8892230 -0.0454865 0.1030609
8 -0.0283841 -0.7631202 0.0010603
5
-114.647 ts77 dynamics sesquiterpene TS runpoint 2  runisomer  41
6 -0.0363414 0.634475 -0.0211422
1 -0.165886 1.10407 0.964248
1 -0.271899 1.20486 -0.872896
1 0.867861 -0.0577139 0.12057
8 -0.0277891 -0.754935 0.00250958
5
-114.646     ts77     dynamics     sesquiterpene     TS     runpoint      3     runisomer      41
6 -0.0344618 0.6267198 -0.0302088
1 -0.1812078 1.0969575 0.9473938
1 -0.2834458 1.1988923 -0.7844101
1 0.8752822 -0.0751933 0.1384024
8 -0.0279727 -0.7471922 0.0036762
5
-114.637     ts77     dynamics     sesquiterpene     TS     runpoint      4     runisomer      41
6 -0.0327957 0.6185710 -0.0350290
1 -0.1978258 1.0902688 0.9296640
1 -0.3068989 1.2151816 -0.7402083
1 0.9085643 -0.0992467 0.1569098
8 -0.0287951 -0.7401685 0.0044587
5
-114.634     ts77     dynamics     sesquiterpene     TS     runpoint      5     runisomer      41
6 -0.0306848 0.6097533 -0.0350612
1 -0.2146914 1.0843891 0.9154854
1 -0.3461078 1.2594847 -0.7494544
1 0.9574044 -0.1299058 0.1750239
8 -0.0299230 -0.7340441 0.0048188
5
-114.641     ts77     dynamics     sesquiterpene     TS     runpoint      6     runisomer      41
6 -0.0283339 0.6019905 -0.0322994
1 -0.2311639 1.0800886 0.9087097
1 -0.3931305 1.3130137 -0.7907696
1 1.0088591 -0.1668689 0.1909453
8 -0.0309283 -0.7289945 0.0047755
5
-114.642     ts77     dynamics     sesquiterpene     TS     runpoint      7     runisomer      41
6 -0.0262391 0.5972392 -0.0287912
1 -0.2468145 1.0779397 0.9107471
1 -0.4377856 1.3549268 -0.8403879
1 1.0510483 -0.2103836 0.2030016
8 -0.0313581 -0.7251951 0.0043848
5
-114.635     ts77     dynamics     sesquiterpene     TS     runpoint      8     runisomer      41
6 -0.0248300 0.5967401 -0.0256335
1 -0.2611053 1.0778214 0.9201512
1 -0.4738399 1.3739871 -0.8839552
1 1.0745923 -0.2623662 0.2100729
8 -0.0307262 -0.7227403 0.0037257
5
-114.63     ts77     dynamics     sesquiterpene     TS     runpoint      9     runisomer      41
6 -0.0246049 0.6012103 -0.0232805
1 -0.2732715 1.0789385 0.9335995
1 -0.4984145 1.3661063 -0.9139351
1 1.0725981 -0.3274347 0.2116332
8 -0.0284538 -0.7215690 0.0029061
5
-114.634     ts77     dynamics     sesquiterpene     TS     runpoint      10     runisomer      41
6 -0.0262245 0.6109828 -0.0219134
1 -0.2824246 1.0803045 0.9473179
1 -0.5104133 1.3309534 -0.9263923
1 1.0409276 -0.4125425 0.2077450
8 -0.0239107 -0.7214110 0.0020475
5
-114.653     ts77     dynamics     sesquiterpene     TS     runpoint      11     runisomer      41
6 -0.0303234 0.6258531 -0.0215710
1 -0.2877289 1.0813258 0.9581901
1 -0.5097890 1.2707666 -0.9198692
1 0.9804960 -0.5234676 0.1993307
8 -0.0167341 -0.7218512 0.0012283
5
-114.68     ts77     dynamics     sesquiterpene     TS     runpoint      12     runisomer      41
6 -0.0370852 0.6448443 -0.0220506
1 -0.2886826 1.0821896 0.9643302
1 -0.4981484 1.1909846 -0.8963866
1 0.9043146 -0.6595798 0.1894787
8 -0.0075342 -0.7225512 0.0003446
5
-114.701     ts77     dynamics     sesquiterpene     TS     runpoint      13     runisomer      41
6 -0.0458739 0.6660791 -0.0225927
1 -0.2854407 1.0839200 0.9652285
1 -0.4809409 1.1018866 -0.8650036
1 0.8500270 -0.8142653 0.1863345
8 0.0011921 -0.7232319 -0.0010819
5
-114.703     ts77     dynamics     sesquiterpene     TS     runpoint      14     runisomer      41
6 -0.0551065 0.6869730 -0.0215138
1 -0.2790240 1.0882260 0.9617372
1 -0.4699602 1.0188567 -0.8464574
1 0.8566439 -0.9866608 0.1990201
8 0.0066054 -0.7230858 -0.0036372
5
-114.705     ts77     dynamics     sesquiterpene     TS     runpoint      15     runisomer      41
6 -0.0628941 0.7052926 -0.0168676
1 -0.2712022 1.0973019 0.9562007
1 -0.4794114 0.9552690 -0.8662605
1 0.8909769 -1.1676938 0.2207010
8 0.0103858 -0.7219899 -0.0068900
5
-114.7     ts77     dynamics     sesquiterpene     TS     runpoint      16     runisomer      41
6 -0.0685262 0.7202627 -0.0089390
1 -0.2640731 1.1134241 0.9524745
1 -0.5110298 0.9115796 -0.9254632
1 0.9081455 -1.3321084 0.2404484
8 0.0150724 -0.7211254 -0.0101158
5
-114.685     ts77     dynamics     sesquiterpene     TS     runpoint      17     runisomer      41
6 -0.0726197 0.7319392 -0.0003963
1 -0.2594663 1.1381407 0.9544410
1 -0.5526292 0.8811803 -0.9968836
1 0.8930431 -1.4614658 0.2539405
8 0.0214251 -0.7213766 -0.0129971
5
-114.664     ts77     dynamics     sesquiterpene     TS     runpoint      18     runisomer      41
6 -0.0759218 0.7403619 0.0064481
1 -0.2582983 1.1711576 0.9630225
1 -0.5922283 0.8600099 -1.0543453
1 0.8454615 -1.5466054 0.2606923
8 0.0293208 -0.7230791 -0.0154750
5
-114.647     ts77     dynamics     sesquiterpene     TS     runpoint      19     runisomer      41
6 -0.0788771 0.7455992 0.0106720
1 -0.2603729 1.2097524 0.9747408
1 -0.6230811 0.8466380 -1.0835177
1 0.7691495 -1.5828948 0.2614368
8 0.0384203 -0.7263116 -0.0175889
5
-114.643     ts77     dynamics     sesquiterpene     TS     runpoint      20     runisomer      41
6 -0.0817332 0.7478307 0.0123112
1 -0.2647421 1.2494203 0.9834869
1 -0.6421787 0.8406102 -1.0787228
1 0.6691653 -1.5684965 0.2575196
8 0.0483404 -0.7310146 -0.0194231
5
-114.652     ts77     dynamics     sesquiterpene     TS     runpoint      21     runisomer      41
6 -0.0846536 0.7472385 0.0118048
1 -0.2701671 1.2852392 0.9835251
1 -0.6486894 0.8418092 -1.0396403
1 0.5549546 -1.5091939 0.2524278
8 0.0584782 -0.7366413 -0.0211853
5
-114.665     ts77     dynamics     sesquiterpene     TS     runpoint      22     runisomer      41
6 -0.0877026 0.7438905 0.0098086
1 -0.2753606 1.3130276 0.9714470
1 -0.6438601 0.8502554 -0.9710137
1 0.4500959 -1.4364447 0.2585409
8 0.0673935 -0.7409969 -0.0236330
5
-114.653     ts77     dynamics     sesquiterpene     TS     runpoint      23     runisomer      41
6 -0.0906466 0.7377517 0.0074046
1 -0.2790996 1.3301070 0.9469157
1 -0.6327695 0.8661522 -0.8853226
1 0.3963290 -1.4270388 0.3093104
8 0.0725254 -0.7390623 -0.0288790
