5
-114.654160 ts77 dynamics sesquiterpene TS runpoint 1  runisomer  136
6 -0.0174664 0.6210389 0.0040455
1 -0.4233117 1.1560996 0.8981712
1 -0.2750472 1.1184620 -0.8683427
1 1.0591340 -0.1199240 -0.1310544
8 -0.0375824 -0.7387690 0.0033425
5
-114.645 ts77 dynamics sesquiterpene TS runpoint 2  runisomer  136
6 -0.0213472 0.634992 0.0136562
1 -0.385269 1.13026 0.8418
1 -0.276231 1.0889 -0.899591
1 1.09909 -0.099984 -0.114622
8 -0.0395106 -0.747003 0.000617558
5
-114.641     ts77     dynamics     sesquiterpene     TS     runpoint      3     runisomer      136
6 -0.0236969 0.6471366 0.0221576
1 -0.3506066 1.1139943 0.8068224
1 -0.2784930 1.0666265 -0.9442285
1 1.1224333 -0.0698989 -0.0940221
8 -0.0412615 -0.7555819 -0.0020425
5
-114.632     ts77     dynamics     sesquiterpene     TS     runpoint      4     runisomer      136
6 -0.0233449 0.6555208 0.0260670
1 -0.3308453 1.1238177 0.8199138
1 -0.2794103 1.0487525 -0.9896635
1 1.1276568 -0.0250351 -0.0693248
8 -0.0430442 -0.7641916 -0.0044949
5
-114.633     ts77     dynamics     sesquiterpene     TS     runpoint      5     runisomer      136
6 -0.0201405 0.6595883 0.0244774
1 -0.3255043 1.1596336 0.8791249
1 -0.2773590 1.0334784 -1.0245443
1 1.1162082 0.0396080 -0.0409007
8 -0.0451938 -0.7726113 -0.0066275
5
-114.647     ts77     dynamics     sesquiterpene     TS     runpoint      6     runisomer      136
6 -0.0147901 0.6602094 0.0193240
1 -0.3244219 1.2048279 0.9542518
1 -0.2718925 1.0204256 -1.0420082
1 1.0920025 0.1286702 -0.0094196
8 -0.0480977 -0.7807145 -0.0083808
5
-114.657     ts77     dynamics     sesquiterpene     TS     runpoint      7     runisomer      136
6 -0.0079867 0.6583220 0.0127572
1 -0.3202225 1.2443711 1.0181539
1 -0.2635774 1.0101328 -1.0397749
1 1.0613905 0.2444536 0.0241734
8 -0.0520640 -0.7884389 -0.0097402
5
-114.662     ts77     dynamics     sesquiterpene     TS     runpoint      8     runisomer      136
6 -0.0005041 0.6546266 0.0062736
1 -0.3107683 1.2701416 1.0563100
1 -0.2539340 1.0037730 -1.0197783
1 1.0347554 0.3844655 0.0588094
8 -0.0572053 -0.7957129 -0.0107245
5
-114.667     ts77     dynamics     sesquiterpene     TS     runpoint      9     runisomer      136
6 0.0064932 0.6496653 0.0009635
1 -0.2972116 1.2786118 1.0629812
1 -0.2454995 1.0031345 -0.9880717
1 1.0276088 0.5414239 0.0937941
8 -0.0633918 -0.8023748 -0.0113656
5
-114.673     ts77     dynamics     sesquiterpene     TS     runpoint      10     runisomer      136
6 0.0122090 0.6435614 -0.0022514
1 -0.2825291 1.2686459 1.0376150
1 -0.2417016 1.0105195 -0.9542561
1 1.0508048 0.7081905 0.1286795
8 -0.0703086 -0.8081424 -0.0116865
5
-114.683     ts77     dynamics     sesquiterpene     TS     runpoint      11     runisomer      136
6 0.0175918 0.6362360 -0.0025784
1 -0.2706265 1.2405747 0.9836309
1 -0.2459572 1.0279926 -0.9286001
1 1.0944051 0.8783880 0.1610603
8 -0.0775790 -0.8127039 -0.0116991
5
-114.654160 ts77 dynamics sesquiterpene TS runpoint 1  runisomer  136
6 -0.0174664 0.6210389 0.0040455
1 -0.4233117 1.1560996 0.8981712
1 -0.2750472 1.1184620 -0.8683427
1 1.0591340 -0.1199240 -0.1310544
8 -0.0375824 -0.7387690 0.0033425
5
-114.645 ts77 dynamics sesquiterpene TS runpoint 2  runisomer  136
6 -0.0133509 0.607307 -0.00382547
1 -0.453779 1.1768 0.951462
1 -0.27649 1.15648 -0.857248
1 1.00759 -0.134322 -0.143624
8 -0.0354119 -0.73126 0.0059829
5
-114.641     ts77     dynamics     sesquiterpene     TS     runpoint      3     runisomer      136
6 -0.0102079 0.5957517 -0.0088809
1 -0.4708822 1.1848991 0.9886559
1 -0.2796885 1.1991926 -0.8632221
1 0.9534076 -0.1483342 -0.1532500
8 -0.0330775 -0.7249101 0.0084138
5
-114.635     ts77     dynamics     sesquiterpene     TS     runpoint      4     runisomer      136
6 -0.0091938 0.5883537 -0.0111311
1 -0.4724500 1.1776445 1.0042076
1 -0.2821116 1.2390444 -0.8775028
1 0.9086022 -0.1678842 -0.1616740
8 -0.0307657 -0.7201819 0.0105520
5
-114.63     ts77     dynamics     sesquiterpene     TS     runpoint      5     runisomer      136
6 -0.0112216 0.5867905 -0.0108702
1 -0.4583594 1.1548139 0.9964229
1 -0.2813734 1.2686394 -0.8918363
1 0.8845357 -0.1991218 -0.1711633
8 -0.0286647 -0.7174672 0.0123472
5
-114.631     ts77     dynamics     sesquiterpene     TS     runpoint      6     runisomer      136
6 -0.0166764 0.5919778 -0.0084192
1 -0.4301274 1.1181559 0.9664721
1 -0.2761188 1.2831660 -0.9010025
1 0.8859619 -0.2475583 -0.1834682
8 -0.0267751 -0.7169116 0.0137477
5
-114.642     ts77     dynamics     sesquiterpene     TS     runpoint      7     runisomer      136
6 -0.0253168 0.6037763 -0.0042998
1 -0.3915847 1.0722741 0.9200875
1 -0.2660292 1.2808527 -0.9027609
1 0.9077163 -0.3181756 -0.1987863
8 -0.0247294 -0.7182771 0.0146559
5
-114.659     ts77     dynamics     sesquiterpene     TS     runpoint      8     runisomer      136
6 -0.0363750 0.6208910 0.0003410
1 -0.3503960 1.0267390 0.8723226
1 -0.2516067 1.2628675 -0.8974435
1 0.9375430 -0.4156410 -0.2157677
8 -0.0218181 -0.7209738 0.0149184
5
-114.672     ts77     dynamics     sesquiterpene     TS     runpoint      9     runisomer      136
6 -0.0486352 0.6408854 0.0033849
1 -0.3183776 0.9969365 0.8518229
1 -0.2341245 1.2334215 -0.8881611
1 0.9623380 -0.5419433 -0.2324295
8 -0.0173030 -0.7242833 0.0143902
5
-114.679     ts77     dynamics     sesquiterpene     TS     runpoint      10     runisomer      136
6 -0.0609099 0.6609733 0.0030395
1 -0.3044768 0.9954175 0.8856499
1 -0.2156801 1.1998464 -0.8815421
1 0.9728209 -0.6932484 -0.2470422
8 -0.0107942 -0.7276092 0.0130206
5
-114.695     ts77     dynamics     sesquiterpene     TS     runpoint      11     runisomer      136
6 -0.0728388 0.6794864 0.0007868
1 -0.3049065 1.0180954 0.9637141
1 -0.1988265 1.1714024 -0.8873645
1 0.9645450 -0.8602719 -0.2585432
8 -0.0023595 -0.7306112 0.0108842
5
-114.709     ts77     dynamics     sesquiterpene     TS     runpoint      12     runisomer      136
6 -0.0844760 0.6957697 -0.0000392
1 -0.3103555 1.0519256 1.0505874
1 -0.1852964 1.1552268 -0.9131619
1 0.9364674 -1.0311332 -0.2664853
8 0.0076281 -0.7331746 0.0081558
5
-114.707     ts77     dynamics     sesquiterpene     TS     runpoint      13     runisomer      136
6 -0.0957420 0.7096459 0.0022862
1 -0.3149183 1.0870653 1.1189901
1 -0.1750190 1.1519550 -0.9559629
1 0.8890837 -1.1936327 -0.2706693
8 0.0187033 -0.7353547 0.0050622
5
-114.695     ts77     dynamics     sesquiterpene     TS     runpoint      14     runisomer      136
6 -0.1064502 0.7212504 0.0074909
1 -0.3160308 1.1179584 1.1554039
1 -0.1669321 1.1569370 -1.0027239
1 0.8237600 -1.3365341 -0.2709922
8 0.0304106 -0.7373183 0.0018292
5
-114.678     ts77     dynamics     sesquiterpene     TS     runpoint      15     runisomer      136
6 -0.1163910 0.7307668 0.0144906
1 -0.3127531 1.1415582 1.1550493
1 -0.1601724 1.1648272 -1.0389661
1 0.7431848 -1.4507758 -0.2676932
8 0.0423115 -0.7392446 -0.0013246
5
-114.665     ts77     dynamics     sesquiterpene     TS     runpoint      16     runisomer      136
6 -0.1253830 0.7382528 0.0221544
1 -0.3049818 1.1563711 1.1186710
1 -0.1543550 1.1719392 -1.0545995
1 0.6516126 -1.5308113 -0.2616570
8 0.0539703 -0.7412008 -0.0041779
5
-114.658     ts77     dynamics     sesquiterpene     TS     runpoint      17     runisomer      136
6 -0.1332803 0.7435486 0.0293679
1 -0.2934435 1.1626593 1.0527422
1 -0.1493857 1.1763477 -1.0449627
1 0.5545312 -1.5759400 -0.2546490
8 0.0649699 -0.7430056 -0.0064856
5
-114.658     ts77     dynamics     sesquiterpene     TS     runpoint      18     runisomer      136
6 -0.1399374 0.7461235 0.0347312
1 -0.2801395 1.1640006 0.9727836
1 -0.1452634 1.1775754 -1.0105718
1 0.4581901 -1.5920906 -0.2496746
8 0.0749353 -0.7440830 -0.0079531
5
-114.656     ts77     dynamics     sesquiterpene     TS     runpoint      19     runisomer      136
6 -0.1451723 0.7448473 0.0363122
1 -0.2686575 1.1695983 0.9067990
1 -0.1419222 1.1767847 -0.9577747
1 0.3685901 -1.5932569 -0.2514071
8 0.0835727 -0.7433555 -0.0082004
5
-114.648     ts77     dynamics     sesquiterpene     TS     runpoint      20     runisomer      136
6 -0.1488886 0.7381967 0.0326084
1 -0.2624913 1.1914131 0.8854322
1 -0.1390814 1.1776935 -0.9003691
1 0.2885127 -1.5974279 -0.2655516
8 0.0908383 -0.7395373 -0.0068019
5
-114.646     ts77     dynamics     sesquiterpene     TS     runpoint      21     runisomer      136
6 -0.1513999 0.7255065 0.0250124
1 -0.2610871 1.2297247 0.9119671
1 -0.1361324 1.1872630 -0.8589675
1 0.2142326 -1.6125483 -0.2955948
8 0.0971263 -0.7320815 -0.0034925
