23
-442.511905 6memclf lactam hnew3  runpoint 1  runisomer  72
6 1.4330354 0.8809238 -0.7647018
6 1.3147006 -0.4431359 0.1391085
6 0.2926257 -0.3507084 1.3183789
6 -1.0013974 0.3955775 1.0468557
6 -0.8394296 1.8011601 0.3982814
6 0.1849312 1.8324978 -0.8106216
1 2.3159485 1.4333245 -0.2108630
1 1.6829268 0.5432628 -1.7986847
1 -1.6272818 0.6339302 1.9797080
1 -1.7474187 2.2026372 0.0731467
1 -0.3922979 2.4539264 1.2005085
1 -0.5158151 1.4119120 -1.6641010
1 0.4126844 2.9382426 -0.9940706
1 0.7235394 0.1338136 2.3114811
8 2.2996590 -1.1470002 0.3427106
6 -1.9121390 -0.6100174 0.2798664
1 -2.1415651 -1.4792519 0.8844056
1 -2.7451090 -0.2073871 -0.1961458
6 -1.2756108 -1.1658026 -1.1949520
7 -0.0582155 -1.5947450 -0.7525024
1 -2.0950513 -1.9856961 -1.3937745
1 -1.3648135 -0.3559163 -1.8505478
1 0.1453290 -1.4114921 1.7075641
23
-442.460974224 6memclf lactam hnew3  runpoint 2  runisomer  72
6 1.44763 0.885229 -0.76296
6 1.30017 -0.457683 0.138095
6 0.288122 -0.347713 1.30515
6 -1.00607 0.400558 1.06368
6 -0.837073 1.801 0.3832
6 0.178444 1.83294 -0.808892
1 2.341 1.42298 -0.252079
1 1.62048 0.603564 -1.74587
1 -1.64038 0.647777 1.9353
1 -1.71962 2.17933 0.0559428
1 -0.419319 2.4271 1.26542
1 -0.537651 1.37151 -1.62794
1 0.393565 2.96052 -0.975141
1 0.795083 0.12236 2.34784
8 2.31796 -1.15092 0.341146
6 -1.90575 -0.611662 0.281784
1 -2.18726 -1.45782 0.875639
1 -2.83339 -0.181014 -0.202853
6 -1.27908 -1.16121 -1.19392
7 -0.0595667 -1.59275 -0.753974
1 -2.06005 -2.01319 -1.37965
1 -1.38821 -0.283196 -1.89903
1 0.134838 -1.46903 1.75815
23
-442.440949871     6memclf     lactam     hnew3          runpoint      3     runisomer      72
6 1.4618101 0.8903828 -0.7582100
6 1.2869624 -0.4712525 0.1369282
6 0.2840899 -0.3458547 1.2959614
6 -1.0120599 0.4050540 1.0789590
6 -0.8306396 1.7998955 0.3703355
6 0.1705281 1.8330005 -0.8077582
1 2.3541234 1.4045060 -0.3040575
1 1.5679697 0.6587615 -1.7109021
1 -1.6478825 0.6560171 1.8939891
1 -1.7198542 2.1682775 0.0316055
1 -0.4533875 2.3958196 1.3170495
1 -0.5426269 1.3453081 -1.5848529
1 0.3737872 2.9640798 -0.9593524
1 0.8618033 0.1029901 2.3552815
8 2.3355840 -1.1544274 0.3393716
6 -1.8999292 -0.6119062 0.2826766
1 -2.2321801 -1.4422625 0.8697617
1 -2.9149162 -0.1560638 -0.2008341
6 -1.2829417 -1.1575752 -1.1926010
7 -0.0616940 -1.5904866 -0.7555738
1 -2.0139476 -2.0286777 -1.3674885
1 -1.4096348 -0.2177132 -1.9427955
1 0.1244231 -1.5029380 1.7963759
23
-442.405635494     6memclf     lactam     hnew3          runpoint      4     runisomer      72
6 1.4745664 0.8965787 -0.7489106
6 1.2759398 -0.4840337 0.1353216
6 0.2807622 -0.3456483 1.2914937
6 -1.0186585 0.4087629 1.0913523
6 -0.8206929 1.7979435 0.3604394
6 0.1617032 1.8327630 -0.8066769
1 2.3600756 1.3815620 -0.3616173
1 1.5289538 0.7004938 -1.7187974
1 -1.6563426 0.6613347 1.8674621
1 -1.7459570 2.1685143 0.0016585
1 -0.4934938 2.3613576 1.3496599
1 -0.5319147 1.3333073 -1.5393116
1 0.3534871 2.9490377 -0.9483799
1 0.9188835 0.0759068 2.3312806
8 2.3519112 -1.1572682 0.3373625
6 -1.8959835 -0.6102870 0.2820603
1 -2.2747511 -1.4340136 0.8675199
1 -2.9756083 -0.1374794 -0.1859984
6 -1.2870878 -1.1538844 -1.1914236
7 -0.0644233 -1.5878206 -0.7572144
1 -1.9609130 -2.0327644 -1.3591677
1 -1.4277269 -0.1717251 -1.9730278
1 0.1150496 -1.5082531 1.8189844
23
-442.384415777     6memclf     lactam     hnew3          runpoint      5     runisomer      72
6 1.4849617 0.9031640 -0.7359520
6 1.2677331 -0.4961314 0.1329829
6 0.2783027 -0.3473334 1.2920101
6 -1.0251781 0.4113724 1.0997960
6 -0.8090044 1.7955338 0.3536701
6 0.1526899 1.8322184 -0.8049657
1 2.3681072 1.3600943 -0.4178492
1 1.5021168 0.7280183 -1.7675694
1 -1.6717431 0.6663477 1.8647063
1 -1.7837276 2.1741549 -0.0280225
1 -0.5371789 2.3265585 1.3606127
1 -0.5096591 1.3328786 -1.4980994
1 0.3335086 2.9192588 -0.9438948
1 0.9629580 0.0425686 2.2764593
8 2.3664705 -1.1592954 0.3351065
6 -1.8946747 -0.6068822 0.2799894
1 -2.3124624 -1.4314453 0.8675389
1 -3.0089344 -0.1269046 -0.1582920
6 -1.2912344 -1.1493742 -1.1904377
7 -0.0675161 -1.5846489 -0.7587867
1 -1.9072043 -2.0291015 -1.3567492
1 -1.4417595 -0.1506818 -1.9860611
1 0.1070797 -1.4842887 1.8246288
23
-442.380046322     6memclf     lactam     hnew3          runpoint      6     runisomer      72
6 1.4920020 0.9090858 -0.7221554
6 1.2627363 -0.5075917 0.1296356
6 0.2768024 -0.3509740 1.2973615
6 -1.0313708 0.4127491 1.1039852
6 -0.7975279 1.7929686 0.3499260
6 0.1444099 1.8312596 -0.8018207
1 2.3892850 1.3464812 -0.4664253
1 1.4855354 0.7451178 -1.8315490
1 -1.6944577 0.6715052 1.8863575
1 -1.8181584 2.1792102 -0.0515595
1 -0.5810274 2.2953946 1.3504725
1 -0.4831844 1.3384649 -1.4702293
1 0.3154090 2.8825167 -0.9475358
1 0.9922672 0.0056080 2.1943461
8 2.3789176 -1.1604297 0.3325998
6 -1.8965025 -0.6020223 0.2767875
1 -2.3421568 -1.4314782 0.8674698
1 -3.0123966 -0.1243763 -0.1194835
6 -1.2949962 -1.1433234 -1.1895264
7 -0.0706714 -1.5808867 -0.7601664
1 -1.8603060 -2.0240676 -1.3622664
1 -1.4512802 -0.1562539 -1.9808681
1 0.1003633 -1.4334622 1.8134886
23
-442.383109939     6memclf     lactam     hnew3          runpoint      7     runisomer      72
6 1.4951485 0.9137115 -0.7098313
6 1.2611293 -0.5184370 0.1250278
6 0.2761755 -0.3563981 1.3068176
6 -1.0375005 0.4129862 1.1044181
6 -0.7878357 1.7902703 0.3489340
6 0.1378150 1.8296221 -0.7964609
1 2.4285608 1.3433969 -0.5047170
1 1.4784127 0.7547939 -1.8869797
1 -1.7184463 0.6747567 1.9244418
1 -1.8392930 2.1798131 -0.0653553
1 -0.6210971 2.2728447 1.3234979
1 -0.4611734 1.3428806 -1.4651035
1 0.3013197 2.8498015 -0.9608343
1 1.0080299 -0.0306590 2.0926842
8 2.3890185 -1.1606474 0.3298425
6 -1.9017408 -0.5960878 0.2728662
1 -2.3608787 -1.4313903 0.8652895
1 -2.9862622 -0.1288975 -0.0723834
6 -1.2980772 -1.1351580 -1.1885214
7 -0.0735410 -1.5764792 -0.7612179
1 -1.8267662 -2.0243507 -1.3771811
1 -1.4559502 -0.1875356 -1.9580608
1 0.0939986 -1.3624954 1.7879190
23
-442.390322024     6memclf     lactam     hnew3          runpoint      8     runisomer      72
6 1.4948853 0.9170615 -0.7000680
6 1.2629120 -0.5286843 0.1189261
6 0.2759467 -0.3629549 1.3187102
6 -1.0439361 0.4122621 1.1019636
6 -0.7810491 1.7871871 0.3501439
6 0.1334925 1.8268325 -0.7885418
1 2.4793019 1.3478367 -0.5337471
1 1.4801481 0.7585386 -1.9204414
1 -1.7357568 0.6734143 1.9678404
1 -1.8423252 2.1741069 -0.0680449
1 -0.6534165 2.2647957 1.2881534
1 -0.4487691 1.3413511 -1.4874138
1 0.2933160 2.8318320 -0.9848407
1 1.0174927 -0.0593261 1.9855817
8 2.3966356 -1.1599588 0.3268383
6 -1.9102990 -0.5894518 0.2686498
1 -2.3666177 -1.4298254 0.8600301
1 -2.9343751 -0.1381384 -0.0209156
6 -1.3004669 -1.1248588 -1.1872142
7 -0.0757654 -1.5714074 -0.7618141
1 -1.8094907 -2.0327979 -1.4015018
1 -1.4556440 -0.2404427 -1.9203715
1 0.0856062 -1.2861498 1.7543601
23
-442.392378808     6memclf     lactam     hnew3          runpoint      9     runisomer      72
6 1.4923382 0.9194751 -0.6932281
6 1.2679529 -0.5383552 0.1111151
6 0.2750933 -0.3691636 1.3302909
6 -1.0508083 0.4107328 1.0974746
6 -0.7778773 1.7832963 0.3527542
6 0.1314293 1.8224426 -0.7785987
1 2.5283468 1.3542282 -0.5552057
1 1.4898740 0.7570746 -1.9260049
1 -1.7404635 0.6657127 2.0070327
1 -1.8263988 2.1616810 -0.0599573
1 -0.6746228 2.2773236 1.2558832
1 -0.4438825 1.3350893 -1.5324757
1 0.2922890 2.8328254 -1.0191343
1 1.0365618 -0.0708137 1.8930946
8 2.4017124 -1.1584082 0.3235869
6 -1.9214259 -0.5825726 0.2645978
1 -2.3587045 -1.4270108 0.8519241
1 -2.8672779 -0.1471340 0.0293199
6 -1.3024468 -1.1133478 -1.1851996
7 -0.0770111 -1.5656949 -0.7618404
1 -1.8068772 -2.0462383 -1.4331825
1 -1.4509049 -0.3052720 -1.8747595
1 0.0701698 -1.2315269 1.7255566
23
-442.380810214     6memclf     lactam     hnew3          runpoint      10     runisomer      72
6 1.4886070 0.9212478 -0.6893643
6 1.2760311 -0.5474525 0.1014087
6 0.2726172 -0.3730658 1.3389321
6 -1.0579586 0.4085194 1.0916459
6 -0.7785866 1.7782239 0.3561291
6 0.1312979 1.8164608 -0.7679470
1 2.5639172 1.3580947 -0.5697057
1 1.5064297 0.7508000 -1.9022083
1 -1.7296602 0.6511112 2.0356422
1 -1.7941230 2.1433129 -0.0429036
1 -0.6826827 2.3142627 1.2359420
1 -0.4400097 1.3293906 -1.5884679
1 0.2973200 2.8472696 -1.0607162
1 1.0818612 -0.0572452 1.8311403
8 2.4042697 -1.1560689 0.3200847
6 -1.9333110 -0.5762079 0.2612268
1 -2.3379240 -1.4244617 0.8421873
1 -2.8068233 -0.1461142 0.0706697
6 -1.3043311 -1.1025797 -1.1815287
7 -0.0770175 -1.5594019 -0.7612054
1 -1.8146409 -2.0579196 -1.4685873
1 -1.4438257 -0.3632849 -1.8357961
1 0.0413042 -1.2296598 1.7166854
23
-442.373690802     6memclf     lactam     hnew3          runpoint      11     runisomer      72
6 1.4844707 0.9225198 -0.6883046
6 1.2868406 -0.5559118 0.0896934
6 0.2685723 -0.3743079 1.3444335
6 -1.0650284 0.4057211 1.0850024
6 -0.7828854 1.7719549 0.3603727
6 0.1328430 1.8093711 -0.7581197
1 2.5788572 1.3572045 -0.5768444
1 1.5283572 0.7398847 -1.8512388
1 -1.7030590 0.6300051 2.0503300
1 -1.7521500 2.1211585 -0.0203788
1 -0.6773514 2.3735337 1.2288991
1 -0.4313871 1.3292214 -1.6428022
1 0.3063393 2.8641935 -1.1043331
1 1.1505681 -0.0204677 1.7989165
8 2.4044241 -1.1530607 0.3163143
6 -1.9433219 -0.5714165 0.2589729
1 -2.3064298 -1.4243381 0.8325876
1 -2.7834620 -0.1211108 0.0953548
6 -1.3062516 -1.0950367 -1.1746786
7 -0.0756174 -1.5526095 -0.7598428
1 -1.8282060 -2.0615036 -1.5036574
1 -1.4380465 -0.3889600 -1.8248386
1 -0.0003599 -1.2829975 1.7305587
23
-442.389129921     6memclf     lactam     hnew3          runpoint      12     runisomer      72
6 1.4803727 0.9233135 -0.6895173
6 1.2999450 -0.5635636 0.0759867
6 0.2637504 -0.3745935 1.3485343
6 -1.0715246 0.4024025 1.0779174
6 -0.7897827 1.7648845 0.3663244
6 0.1359462 1.8017672 -0.7503857
1 2.5705746 1.3512886 -0.5756700
1 1.5539847 0.7240379 -1.7802908
1 -1.6625783 0.6034949 2.0505977
1 -1.7122541 2.0992043 0.0021730
1 -0.6601514 2.4463207 1.2269590
1 -0.4150788 1.3371042 -1.6859759
1 0.3172478 2.8735807 -1.1441465
1 1.2216561 0.0291882 1.7856408
8 2.4024030 -1.1495576 0.3122491
6 -1.9501769 -0.5685981 0.2577561
1 -2.2674698 -1.4286946 0.8250125
1 -2.8108088 -0.0662307 0.1013328
6 -1.3083605 -1.0918989 -1.1639622
7 -0.0727175 -1.5454173 -0.7577031
1 -1.8439316 -2.0531710 -1.5347846
1 -1.4352176 -0.3697498 -1.8530121
1 -0.0443578 -1.3612283 1.7561255
23
-442.414768119     6memclf     lactam     hnew3          runpoint      13     runisomer      72
6 1.4764230 0.9236321 -0.6918374
6 1.3147350 -0.5701467 0.0604375
6 0.2588707 -0.3755430 1.3526786
6 -1.0768748 0.3985608 1.0705883
6 -0.7976798 1.7575412 0.3749371
6 0.1405294 1.7940937 -0.7455569
1 2.5404831 1.3416537 -0.5649562
1 1.5819063 0.7018050 -1.7044533
1 -1.6122074 0.5733112 2.0390502
1 -1.6902263 2.0830359 0.0179639
1 -0.6339810 2.5208127 1.2207743
1 -0.3906299 1.3532478 -1.7122950
1 0.3285715 2.8693970 -1.1751731
1 1.2752878 0.0811470 1.7823748
8 2.3985603 -1.1457875 0.3078743
6 -1.9553650 -0.5666280 0.2569143
1 -2.2248416 -1.4387693 0.8210462
1 -2.8690568 0.0053362 0.0940097
6 -1.3110301 -1.0917916 -1.1508189
7 -0.0682819 -1.5379312 -0.7547447
1 -1.8593028 -2.0317680 -1.5591335
1 -1.4324912 -0.3210043 -1.9058761
1 -0.0801248 -1.4347032 1.7826371
23
-442.419234464     6memclf     lactam     hnew3          runpoint      14     runisomer      72
6 1.4723283 0.9235467 -0.6933883
6 1.3304426 -0.5753372 0.0432337
6 0.2543400 -0.3779427 1.3574898
6 -1.0804776 0.3941247 1.0629528
6 -0.8050601 1.7504646 0.3866523
6 0.1464739 1.7865890 -0.7439895
1 2.4939255 1.3310616 -0.5432637
1 1.6119897 0.6697156 -1.6475179
1 -1.5578892 0.5417444 2.0219491
1 -1.6982072 2.0772040 0.0218780
1 -0.6024367 2.5863250 1.2043102
1 -0.3593566 1.3760835 -1.7194782
1 0.3396413 2.8497676 -1.1938777
1 1.3000843 0.1279486 1.7841169
8 2.3933659 -1.1420236 0.3032028
6 -1.9609507 -0.5640316 0.2557842
1 -2.1821491 -1.4541454 0.8213595
1 -2.9311706 0.0744230 0.0801882
6 -1.3145095 -1.0925465 -1.1373103
7 -0.0623276 -1.5302499 -0.7509485
1 -1.8727981 -1.9982637 -1.5748381
1 -1.4266492 -0.2657326 -1.9608594
1 -0.1016165 -1.4867112 1.8043018
23
-442.405307816     6memclf     lactam     hnew3          runpoint      15     runisomer      72
6 1.4673952 0.9230720 -0.6925120
6 1.3461704 -0.5787867 0.0245236
6 0.2503024 -0.3820380 1.3630927
6 -1.0817814 0.3889920 1.0546832
6 -0.8114606 1.7443934 0.4010441
6 0.1536031 1.7793018 -0.7456071
1 2.4402682 1.3237044 -0.5089339
1 1.6455613 0.6238797 -1.6309088
1 -1.5067650 0.5113155 2.0088663
1 -1.7342743 2.0813515 0.0145782
1 -0.5691418 2.6350157 1.1755426
1 -0.3240908 1.4025616 -1.7085693
1 0.3506240 2.8165255 -1.1983714
1 1.2912840 0.1648366 1.7882068
8 2.3873889 -1.1385710 0.2982914
6 -1.9681127 -0.5600197 0.2540250
1 -2.1422717 -1.4722429 0.8252259
1 -2.9805119 0.1277827 0.0647271
6 -1.3187132 -1.0925684 -1.1247358
7 -0.0549321 -1.5224505 -0.7463189
1 -1.8839618 -1.9555070 -1.5812890
1 -1.4165838 -0.2186145 -2.0030838
1 -0.1062948 -1.5097277 1.8186338
23
-442.397455887     6memclf     lactam     hnew3          runpoint      16     runisomer      72
6 1.4609199 0.9216804 -0.6894662
6 1.3609333 -0.5801647 0.0043769
6 0.2467132 -0.3878029 1.3693886
6 -1.0804260 0.3830900 1.0454391
6 -0.8174177 1.7401971 0.4169937
6 0.1617000 1.7721162 -0.7498434
1 2.3915487 1.3245894 -0.4602762
1 1.6824822 0.5661944 -1.6534402
1 -1.4651073 0.4840571 2.0093684
1 -1.7841008 2.0906343 0.0019994
1 -0.5373304 2.6620634 1.1355373
1 -0.2893303 1.4282439 -1.6845786
1 0.3625788 2.7751203 -1.1886115
1 1.2483796 0.1888994 1.7931299
8 2.3812547 -1.1357457 0.2932385
6 -1.9772716 -0.5544665 0.2515844
1 -2.1073893 -1.4888521 0.8307349
1 -3.0094663 0.1584911 0.0506658
6 -1.3232720 -1.0907832 -1.1136047
7 -0.0462036 -1.5145931 -0.7408740
1 -1.8936478 -1.9082878 -1.5794102
1 -1.4026234 -0.1864823 -2.0255079
1 -0.0936605 -1.5013039 1.8248367
23
-442.402234203     6memclf     lactam     hnew3          runpoint      17     runisomer      72
6 1.4527483 0.9183325 -0.6860811
6 1.3737459 -0.5792028 -0.0172220
6 0.2433503 -0.3950388 1.3761353
6 -1.0764230 0.3764331 1.0353551
6 -0.8236036 1.7385241 0.4331730
6 0.1705553 1.7647458 -0.7555755
1 2.3573999 1.3373477 -0.3965472
1 1.7195571 0.5061057 -1.6943279
1 -1.4357877 0.4608253 2.0270350
1 -1.8320384 2.0997058 -0.0091102
1 -0.5095700 2.6656767 1.0876485
1 -0.2613800 1.4474707 -1.6572624
1 0.3774961 2.7346935 -1.1666365
1 1.1744501 0.1989153 1.7981646
8 2.3755775 -1.1338414 0.2881811
6 -1.9884307 -0.5475863 0.2485681
1 -2.0793047 -1.4995197 0.8355960
1 -3.0153635 0.1636015 0.0398825
6 -1.3276413 -1.0863508 -1.1039398
7 -0.0362564 -1.5067274 -0.7346341
1 -1.9040720 -1.8631185 -1.5716602
1 -1.3856291 -0.1719652 -2.0254319
1 -0.0646767 -1.4626459 1.8232482
23
-442.413709631     6memclf     lactam     hnew3          runpoint      18     runisomer      72
6 1.4435779 0.9122742 -0.6838827
6 1.3837440 -0.5757672 -0.0403278
6 0.2397595 -0.4033326 1.3828568
6 -1.0701535 0.3691084 1.0252481
6 -0.8303926 1.7395354 0.4483347
6 0.1799670 1.7567485 -0.7613028
1 2.3383072 1.3611506 -0.3199403
1 1.7532357 0.4542884 -1.7332758
1 -1.4178429 0.4414233 2.0566981
1 -1.8672696 2.1050190 -0.0139095
1 -0.4873505 2.6475731 1.0372530
1 -0.2474657 1.4544968 -1.6396951
1 0.3980494 2.7069223 -1.1362517
1 1.0772437 0.1963597 1.8038403
8 2.3708623 -1.1330757 0.2832580
6 -2.0013340 -0.5396970 0.2451441
1 -2.0596372 -1.5008701 0.8379109
1 -2.9985500 0.1428147 0.0334640
6 -1.3312197 -1.0785893 -1.0955414
7 -0.0251822 -1.4988983 -0.7276089
1 -1.9181192 -1.8269960 -1.5613086
1 -1.3665459 -0.1755939 -2.0023218
1 -0.0221039 -1.3999227 1.8158440
23
-442.427285631     6memclf     lactam     hnew3          runpoint      19     runisomer      72
6 1.4347645 0.9034249 -0.6833467
6 1.3903206 -0.5699426 -0.0649405
6 0.2351835 -0.4118973 1.3885714
6 -1.0621921 0.3612179 1.0162537
6 -0.8379350 1.7427881 0.4613676
6 0.1896086 1.7476728 -0.7658641
1 2.3257252 1.3903257 -0.2366384
1 1.7813588 0.4184219 -1.7582072
1 -1.4084622 0.4252989 2.0884737
1 -1.8840355 2.1049278 -0.0097474
1 -0.4703319 2.6139638 0.9918105
1 -0.2525104 1.4463569 -1.6417601
1 0.4265152 2.7015010 -1.1013788
1 0.9712840 0.1877764 1.8133125
8 2.3674038 -1.1335442 0.2785722
6 -2.0154458 -0.5311724 0.2415066
1 -2.0497749 -1.4913324 0.8366213
1 -2.9626783 0.0986147 0.0316581
6 -1.3335385 -1.0671373 -1.0881933
7 -0.0130449 -1.4911379 -0.7197912
1 -1.9375606 -1.8049431 -1.5507911
1 -1.3462475 -0.1963662 -1.9571708
1 0.0285033 -1.3283951 1.8080529
23
-442.434682747     6memclf     lactam     hnew3          runpoint      20     runisomer      72
6 1.4276721 0.8921512 -0.6842180
6 1.3932237 -0.5621025 -0.0909043
6 0.2286140 -0.4193710 1.3914685
6 -1.0531619 0.3528482 1.0093429
6 -0.8463343 1.7472124 0.4712800
6 0.1988801 1.7373997 -0.7692775
1 2.3093837 1.4175460 -0.1548936
1 1.8030674 0.4029812 -1.7636409
1 -1.4049074 0.4120035 2.1133026
1 -1.8804204 2.0992358 0.0042739
1 -0.4554835 2.5761597 0.9606904
1 -0.2751901 1.4255958 -1.6624288
1 0.4629242 2.7194673 -1.0638517
1 0.8777258 0.1867545 1.8337308
8 2.3652307 -1.1351781 0.2741413
6 -2.0297422 -0.5225594 0.2379102
1 -2.0507126 -1.4714162 0.8317071
1 -2.9172643 0.0379442 0.0332730
6 -1.3344298 -1.0522185 -1.0817302
7 0.0001222 -1.4834529 -0.7111540
1 -1.9611714 -1.7977656 -1.5401932
1 -1.3255180 -0.2309821 -1.8933023
1 0.0785865 -1.2767526 1.8111935
23
-442.429782935     6memclf     lactam     hnew3          runpoint      21     runisomer      72
6 1.4232190 0.8789803 -0.6859919
6 1.3925618 -0.5529272 -0.1178590
6 0.2192561 -0.4242733 1.3895406
6 -1.0437279 0.3440796 1.0051028
6 -0.8556299 1.7513701 0.4773136
6 0.2070303 1.7263693 -0.7725627
1 2.2825901 1.4367642 -0.0821879
1 1.8184543 0.4100511 -1.7482884
1 -1.4051756 0.4012747 2.1253975
1 -1.8579479 2.0889710 0.0274441
1 -0.4375152 2.5478402 0.9532563
1 -0.3083818 1.3991278 -1.6913012
1 0.5042193 2.7515219 -1.0234565
1 0.8148523 0.2081936 1.8729078
8 2.3641078 -1.1377518 0.2698765
6 -2.0423428 -0.5147968 0.2347429
1 -2.0628365 -1.4438195 0.8242998
1 -2.8820836 -0.0252947 0.0344869
6 -1.3340313 -1.0348538 -1.0757845
7 0.0142984 -1.4758089 -0.7016617
1 -1.9846460 -1.8020408 -1.5275084
1 -1.3050190 -0.2714308 -1.8189440
1 0.1209442 -1.2763008 1.8387622
23
-442.427528818     6memclf     lactam     hnew3          runpoint      22     runisomer      72
6 1.4218020 0.8645427 -0.6881415
6 1.3887275 -0.5433754 -0.1452790
6 0.2072616 -0.4266649 1.3828803
6 -1.0346333 0.3350448 1.0037314
6 -0.8653818 1.7541756 0.4793177
6 0.2134182 1.7153560 -0.7767949
1 2.2429012 1.4440790 -0.0238491
1 1.8285549 0.4397732 -1.7141225
1 -1.4079581 0.3929862 2.1222783
1 -1.8224796 2.0765904 0.0570677
1 -0.4126585 2.5367415 0.9742194
1 -0.3435097 1.3743910 -1.7169290
1 0.5456263 2.7840422 -0.9801064
1 0.7835707 0.2528381 1.9291265
8 2.3636098 -1.1409208 0.2655968
6 -2.0506292 -0.5090563 0.2325038
1 -2.0857748 -1.4134718 0.8167709
1 -2.8859653 -0.0722672 0.0287905
6 -1.3326410 -1.0170202 -1.0692892
7 0.0294506 -1.4681209 -0.6912813
1 -2.0024283 -1.8121003 -1.5104053
1 -1.2850029 -0.3011278 -1.7510680
1 0.1558085 -1.3264317 1.8898774
23
-442.433019213     6memclf     lactam     hnew3          runpoint      23     runisomer      72
6 1.4233238 0.8496383 -0.6900757
6 1.3822707 -0.5346194 -0.1725437
6 0.1938088 -0.4279750 1.3739797
6 -1.0266759 0.3259795 1.0051103
6 -0.8741272 1.7554080 0.4780759
6 0.2176193 1.7051009 -0.7825522
1 2.1910876 1.4375675 0.0171249
1 1.8358653 0.4901731 -1.6670366
1 -1.4125447 0.3870986 2.1042590
1 -1.7859051 2.0665003 0.0878146
1 -0.3832616 2.5383018 1.0198642
1 -0.3736833 1.3569402 -1.7316920
1 0.5825840 2.8055198 -0.9351069
1 0.7712978 0.3058765 1.9895577
8 2.3632248 -1.1442838 0.2610629
6 -2.0532778 -0.5055408 0.2313119
1 -2.1184351 -1.3871067 0.8125978
1 -2.9429908 -0.0939846 0.0125968
6 -1.3305905 -1.0013656 -1.0604853
7 0.0455223 -1.4602545 -0.6799855
1 -2.0096216 -1.8221458 -1.4876988
1 -1.2647654 -0.2962540 -1.7136203
1 0.1859712 -1.3959614 1.9474488
23
-442.437868833     6memclf     lactam     hnew3          runpoint      24     runisomer      72
6 1.4271718 0.8352740 -0.6909514
6 1.3737704 -0.5279419 -0.1990320
6 0.1802893 -0.4293539 1.3653658
6 -1.0206096 0.3172318 1.0088818
6 -0.8795594 1.7552816 0.4750451
6 0.2194144 1.6961286 -0.7898936
1 2.1302984 1.4171358 0.0401064
1 1.8454173 0.5567591 -1.6186084
1 -1.4189250 0.3836814 2.0742573
1 -1.7654701 2.0649032 0.1123155
1 -0.3564361 2.5409066 1.0804101
1 -0.3944527 1.3501993 -1.7321937
1 0.6117148 2.8089734 -0.8908875
1 0.7662408 0.3516170 2.0406146
8 2.3624536 -1.1474492 0.2560277
6 -2.0520250 -0.5029834 0.2305445
1 -2.1593668 -1.3711931 0.8152259
1 -3.0318323 -0.0993888 -0.0093589
6 -1.3280644 -0.9893613 -1.0485815
7 0.0624305 -1.4520452 -0.6677502
1 -2.0030293 -1.8277241 -1.4597115
1 -1.2438215 -0.2463015 -1.7177104
1 0.2116792 -1.4573617 1.9954547
23
-442.437257715     6memclf     lactam     hnew3          runpoint      25     runisomer      72
6 1.4321977 0.8225153 -0.6896510
6 1.3637575 -0.5245993 -0.2242269
6 0.1677895 -0.4314380 1.3585762
6 -1.0170510 0.3092022 1.0144619
6 -0.8797358 1.7539824 0.4715666
6 0.2187707 1.6887370 -0.7984991
1 2.0658123 1.3848042 0.0474141
1 1.8653434 0.6332968 -1.5862436
1 -1.4280114 0.3830038 2.0379351
1 -1.7748075 2.0768410 0.1252999
1 -0.3390692 2.5345385 1.1452791
1 -0.4036826 1.3558231 -1.7184488
1 0.6310089 2.7918429 -0.8502824
1 0.7618782 0.3805120 2.0735826
8 2.3608798 -1.1500862 0.2502763
6 -2.0495284 -0.5002345 0.2295638
1 -2.2069194 -1.3681746 0.8256641
1 -3.1209750 -0.0999873 -0.0300194
6 -1.3248628 -0.9798770 -1.0349476
7 0.0800720 -1.4433151 -0.6545415
1 -1.9815340 -1.8265974 -1.4280566
1 -1.2245193 -0.1700381 -1.7478081
1 0.2317846 -1.4962421 2.0250243
23
-442.429594868     6memclf     lactam     hnew3          runpoint      26     runisomer      72
6 1.4370125 0.8120122 -0.6855649
6 1.3527045 -0.5256575 -0.2478096
6 0.1570513 -0.4346029 1.3543745
6 -1.0164146 0.3022583 1.0210499
6 -0.8744341 1.7518306 0.4682136
6 0.2158481 1.6830250 -0.8077449
1 2.0052067 1.3454442 0.0455466
1 1.9033118 0.7152685 -1.5845315
1 -1.4417842 0.3856095 2.0035550
1 -1.8108970 2.1014373 0.1285649
1 -0.3351778 2.5138181 1.2059974
1 -0.4016764 1.3737717 -1.6936137
1 0.6398451 2.7555638 -0.8159968
1 0.7554806 0.3882434 2.0841016
8 2.3582012 -1.1519589 0.2436510
6 -2.0476200 -0.4971000 0.2282703
1 -2.2586894 -1.3747056 0.8411007
1 -3.1898255 -0.1015103 -0.0451354
6 -1.3205312 -0.9709725 -1.0213891
7 0.0982988 -1.4338875 -0.6403318
1 -1.9461902 -1.8190707 -1.3954377
1 -1.2104292 -0.0938982 -1.7821999
1 0.2450398 -1.5068426 2.0323169
23
-442.424446550     6memclf     lactam     hnew3          runpoint      27     runisomer      72
6 1.4406754 0.8037062 -0.6799271
6 1.3410439 -0.5318575 -0.2696804
6 0.1485016 -0.4390690 1.3530688
6 -1.0189053 0.2966661 1.0277530
6 -0.8649570 1.7493262 0.4649437
6 0.2110160 1.6788955 -0.8167070
1 1.9581302 1.3071547 0.0460787
1 1.9585444 0.8016408 -1.6101501
1 -1.4628181 0.3922236 1.9803031
1 -1.8565982 2.1322854 0.1288499
1 -0.3458105 2.4773268 1.2566466
1 -0.3917775 1.4021470 -1.6645064
1 0.6392320 2.7056658 -0.7902384
1 0.7465248 0.3737741 2.0706115
8 2.3542373 -1.1529368 0.2360639
6 -2.0473526 -0.4939779 0.2269712
1 -2.3112062 -1.3841234 0.8563838
1 -3.2284320 -0.1055580 -0.0530846
6 -1.3145553 -0.9612734 -1.0089352
7 0.1169166 -1.4236018 -0.6250989
1 -1.9001708 -1.8081273 -1.3654911
1 -1.2038926 -0.0352370 -1.8073513
1 0.2504579 -1.4881964 2.0163408
23
-442.425029838     6memclf     lactam     hnew3          runpoint      28     runisomer      72
6 1.4429512 0.7973093 -0.6753975
6 1.3292098 -0.5435104 -0.2899055
6 0.1422402 -0.4448603 1.3546088
6 -1.0246059 0.2925705 1.0339015
6 -0.8529226 1.7468188 0.4616116
6 0.2048503 1.6759873 -0.8241618
1 1.9336313 1.2788805 0.0626464
1 2.0213344 0.8905972 -1.6443031
1 -1.4926767 0.4033888 1.9744441
1 -1.8943922 2.1622889 0.1320907
1 -0.3696466 2.4265535 1.2936406
1 -0.3808545 1.4371781 -1.6420190
1 0.6322872 2.6522710 -0.7743311
1 0.7361352 0.3385316 2.0336707
8 2.3489225 -1.1529901 0.2274864
6 -2.0493302 -0.4913680 0.2260725
1 -2.3605171 -1.3902054 0.8665985
1 -3.2329484 -0.1118528 -0.0536903
6 -1.3064359 -0.9499314 -0.9979483
7 0.1356736 -1.4123460 -0.6088343
1 -1.8482738 -1.7990971 -1.3423766
1 -1.2056421 -0.0024757 -1.8170203
1 0.2474146 -1.4431920 1.9783935
23
-442.432157793     6memclf     lactam     hnew3          runpoint      29     runisomer      72
6 1.4441619 0.7929593 -0.6739379
6 1.3176849 -0.5604325 -0.3086550
6 0.1379386 -0.4516569 1.3584385
6 -1.0336153 0.2900189 1.0393568
6 -0.8396564 1.7443278 0.4581328
6 0.1979643 1.6736136 -0.8288253
1 1.9342424 1.2641255 0.1015540
1 2.0809844 0.9775312 -1.6690108
1 -1.5300234 0.4189316 1.9857444
1 -1.9130204 2.1863969 0.1413229
1 -0.4033671 2.3654090 1.3158718
1 -0.3777219 1.4742769 -1.6389305
1 0.6244108 2.6096238 -0.7683812
1 0.7275230 0.2869343 1.9763285
8 2.3422959 -1.1521793 0.2179364
6 -2.0538434 -0.4896378 0.2259006
1 -2.4030251 -1.3891904 0.8685704
1 -3.2031697 -0.1191728 -0.0476018
6 -1.2957881 -0.9364571 -0.9884756
7 0.1542353 -1.4000927 -0.5915427
1 -1.7954164 -1.7978751 -1.3297886
1 -1.2151903 0.0013102 -1.8088492
1 0.2358827 -1.3805964 1.9232942
23
-442.448031571     6memclf     lactam     hnew3          runpoint      30     runisomer      72
6 1.4450837 0.7913005 -0.6757345
6 1.3070609 -0.5819191 -0.3261395
6 0.1346862 -0.4585163 1.3631131
6 -1.0460469 0.2889862 1.0444819
6 -0.8261900 1.7415447 0.4543663
6 0.1906450 1.6709253 -0.8299772
1 1.9532918 1.2579064 0.1555831
1 2.1300935 1.0570681 -1.6739415
1 -1.5705636 0.4377773 2.0080300
1 -1.9071976 2.2017628 0.1572267
1 -0.4417605 2.3000873 1.3254372
1 -0.3875975 1.5105469 -1.6624361
1 0.6216753 2.5917932 -0.7714176
1 0.7273999 0.2280366 1.9053067
8 2.3344868 -1.1506440 0.2074692
6 -2.0608244 -0.4890160 0.2266645
1 -2.4360442 -1.3801272 0.8611834
1 -3.1425185 -0.1253304 -0.0363021
6 -1.2825121 -0.9208576 -0.9804915
7 0.1721363 -1.3869343 -0.5732426
1 -1.7444597 -1.8074724 -1.3294460
1 -1.2310784 -0.0232933 -1.7828453
1 0.2169374 -1.3202213 1.8624412
23
-442.462960242     6memclf     lactam     hnew3          runpoint      31     runisomer      72
6 1.4465555 0.7929389 -0.6799014
6 1.2981023 -0.6067570 -0.3425854
6 0.1308862 -0.4637063 1.3661123
6 -1.0618992 0.2893929 1.0498423
6 -0.8133621 1.7379172 0.4499784
6 0.1827554 1.6675347 -0.8279654
1 1.9801290 1.2521887 0.2106750
1 2.1644461 1.1246234 -1.6550110
1 -1.6090110 0.4583386 2.0331236
1 -1.8761276 2.2073188 0.1788963
1 -0.4780396 2.2386135 1.3283553
1 -0.4072615 1.5458880 -1.7073319
1 0.6267572 2.6041331 -0.7822998
1 0.7474882 0.1765008 1.8314465
8 2.3257132 -1.1485922 0.1961676
6 -2.0696021 -0.4896943 0.2285041
1 -2.4581643 -1.3646364 0.8452624
1 -3.0604842 -0.1263101 -0.0227171
6 -1.2668794 -0.9038958 -0.9739180
7 0.1887224 -1.3731094 -0.5539568
1 -1.6952430 -1.8254212 -1.3401065
1 -1.2509633 -0.0715501 -1.7419484
1 0.1928864 -1.2964589 1.8153901
23
-442.469766950     6memclf     lactam     hnew3          runpoint      32     runisomer      72
6 1.4491257 0.7980420 -0.6854263
6 1.2917694 -0.6333269 -0.3582321
6 0.1248072 -0.4660325 1.3653072
6 -1.0809476 0.2911389 1.0559361
6 -0.8017611 1.7328038 0.4445026
6 0.1741901 1.6640514 -0.8238547
1 2.0056258 1.2413132 0.2549584
1 2.1820879 1.1768202 -1.6121199
1 -1.6409946 0.4790500 2.0541439
1 -1.8230325 2.2037079 0.2041541
1 -0.5049790 2.1891789 1.3334788
1 -0.4281798 1.5808876 -1.7598247
1 0.6364183 2.6389871 -0.8001755
1 0.8011113 0.1468304 1.7649724
8 2.3162769 -1.1462896 0.1841426
6 -2.0784996 -0.4920109 0.2315826
1 -2.4696278 -1.3465964 0.8233728
1 -2.9769993 -0.1144208 -0.0124383
6 -1.2493975 -0.8872005 -0.9683397
7 0.2030988 -1.3590174 -0.5337122
1 -1.6459482 -1.8450111 -1.3581614
1 -1.2719014 -0.1320389 -1.6946827
1 0.1651805 -1.3376478 1.7974407
23
-442.479026107     6memclf     lactam     hnew3          runpoint      33     runisomer      72
6 1.4529729 0.8063684 -0.6914968
6 1.2891551 -0.6597557 -0.3733628
6 0.1159421 -0.4669319 1.3613432
6 -1.1027440 0.2941346 1.0630896
6 -0.7914858 1.7256907 0.4377395
6 0.1651652 1.6616645 -0.8187733
1 2.0237303 1.2228772 0.2814417
1 2.1830745 1.2116828 -1.5482562
1 -1.6638535 0.4986898 2.0666959
1 -1.7559911 2.1938525 0.2295590
1 -0.5170238 2.1570642 1.3477825
1 -0.4426795 1.6150130 -1.8062231
1 0.6442777 2.6820938 -0.8237988
1 0.8893586 0.1392833 1.7065033
8 2.3065768 -1.1440583 0.1715397
6 -2.0848774 -0.4965627 0.2361195
1 -2.4726633 -1.3316764 0.7994897
1 -2.9217757 -0.0773141 -0.0139853
6 -1.2305528 -0.8732146 -0.9625638
7 0.2141422 -1.3451867 -0.5125408
1 -1.5951395 -1.8590035 -1.3792467
1 -1.2914094 -0.1837026 -1.6587862
1 0.1331160 -1.4275531 1.8010420
23
-442.482546310     6memclf     lactam     hnew3          runpoint      34     runisomer      72
6 1.4578895 0.8173850 -0.6974013
6 1.2912899 -0.6841416 -0.3883380
6 0.1053578 -0.4685339 1.3563256
6 -1.1266215 0.2982799 1.0714674
6 -0.7818823 1.7162735 0.4302245
6 0.1561051 1.6614402 -0.8136131
1 2.0310107 1.1968996 0.2874811
1 2.1702738 1.2292753 -1.4700791
1 -1.6767286 0.5165229 2.0689058
1 -1.6892508 2.1839431 0.2505280
1 -0.5119422 2.1424106 1.3708557
1 -0.4464381 1.6467239 -1.8371524
1 0.6447952 2.7208724 -0.8510616
1 0.9941480 0.1387880 1.6488862
8 2.2971221 -1.1422623 0.1585525
6 -2.0870488 -0.5035502 0.2419583
1 -2.4713894 -1.3263514 0.7782870
1 -2.9121198 -0.0065272 -0.0330328
6 -1.2105760 -0.8644775 -0.9548931
7 0.2206203 -1.3321861 -0.4904593
1 -1.5427215 -1.8624593 -1.3995681
1 -1.3091166 -0.2018144 -1.6569378
1 0.0971285 -1.5267723 1.8097651
23
-442.482018297     6memclf     lactam     hnew3          runpoint      35     runisomer      72
6 1.4631503 0.8302617 -0.7023075
6 1.2988097 -0.7048186 -0.4036376
6 0.0944999 -0.4719721 1.3516052
6 -1.1517245 0.3034331 1.0810764
6 -0.7716946 1.7043613 0.4231461
6 0.1475058 1.6640125 -0.8090187
1 2.0261278 1.1649813 0.2740560
1 2.1514529 1.2331711 -1.3896647
1 -1.6805133 0.5323876 2.0613662
1 -1.6414605 2.1832067 0.2623684
1 -0.4905463 2.1412783 1.3951387
1 -0.4381139 1.6741762 -1.8477070
1 0.6347991 2.7475070 -0.8792759
1 1.0921760 0.1303149 1.5875177
8 2.2885420 -1.1412970 0.1454348
6 -2.0861923 -0.5116862 0.2480571
1 -2.4707439 -1.3358941 0.7637544
1 -2.9316372 0.0876069 -0.0645450
6 -1.1895920 -0.8616575 -0.9450402
7 0.2214698 -1.3204674 -0.4674100
1 -1.4899075 -1.8536780 -1.4164875
1 -1.3250681 -0.1806661 -1.6940940
1 0.0591816 -1.6075818 1.8139985
23
-442.477183015     6memclf     lactam     hnew3          runpoint      36     runisomer      72
6 1.4673202 0.8437767 -0.7051616
6 1.3115782 -0.7205949 -0.4198841
6 0.0843339 -0.4777479 1.3475732
6 -1.1770708 0.3093959 1.0917053
6 -0.7600313 1.6900322 0.4177121
6 0.1398895 1.6696045 -0.8054178
1 2.0097679 1.1298556 0.2458385
1 2.1415167 1.2319824 -1.3255780
1 -1.6778473 0.5468499 2.0473896
1 -1.6254932 2.1990550 0.2626670
1 -0.4553553 2.1484242 1.4111860
1 -0.4186085 1.6955889 -1.8367451
1 0.6133622 2.7586068 -0.9055759
1 1.1665683 0.1060455 1.5229094
8 2.2815739 -1.1415682 0.1325047
6 -2.0844431 -0.5191256 0.2531860
1 -2.4743089 -1.3612832 0.7571740
1 -2.9542397 0.1839013 -0.0984905
6 -1.1679913 -0.8631292 -0.9347868
7 0.2161474 -1.3101991 -0.4432298
1 -1.4388774 -1.8339700 -1.4288169
1 -1.3359514 -0.1386628 -1.7496692
1 0.0213874 -1.6566341 1.8104654
23
-442.463597946     6memclf     lactam     hnew3          runpoint      37     runisomer      72
6 1.4685943 0.8565367 -0.7052193
6 1.3284857 -0.7308601 -0.4377808
6 0.0752965 -0.4861170 1.3441199
6 -1.2016097 0.3158902 1.1028506
6 -0.7474015 1.6740845 0.4146551
6 0.1337936 1.6780926 -0.8029915
1 1.9850762 1.0952145 0.2118752
1 2.1582261 1.2366399 -1.2969092
1 -1.6730241 0.5613414 2.0332399
1 -1.6369580 2.2298892 0.2530559
1 -0.4095700 2.1591047 1.4117601
1 -0.3908736 1.7092810 -1.8068740
1 0.5814114 2.7543590 -0.9272040
1 1.2078557 0.0638442 1.4583588
8 2.2770114 -1.1434682 0.1201314
6 -2.0832317 -0.5248711 0.2566735
1 -2.4826479 -1.3975140 0.7561952
1 -2.9648289 0.2654702 -0.1276300
6 -1.1462782 -0.8668965 -0.9259722
7 0.2048702 -1.3011831 -0.4176812
1 -1.3924680 -1.8071660 -1.4370984
1 -1.3374634 -0.0957098 -1.8008820
1 -0.0144696 -1.6689075 1.7990080
23
-442.455364557     6memclf     lactam     hnew3          runpoint      38     runisomer      72
6 1.4661921 0.8678180 -0.7033518
6 1.3476391 -0.7355338 -0.4579631
6 0.0674715 -0.4971789 1.3409096
6 -1.2242910 0.3225613 1.1137757
6 -0.7352879 1.6578677 0.4142288
6 0.1297444 1.6890350 -0.8015459
1 1.9580275 1.0654111 0.1856659
1 2.2055560 1.2504210 -1.3077346
1 -1.6712329 0.5779668 2.0271651
1 -1.6595284 2.2664525 0.2377365
1 -0.3565995 2.1695928 1.3930361
1 -0.3602464 1.7136302 -1.7654269
1 0.5415713 2.7383027 -0.9417650
1 1.2117678 0.0047494 1.3982492
8 2.2755938 -1.1473368 0.1086752
6 -2.0833304 -0.5288091 0.2583523
1 -2.4938764 -1.4357917 0.7563949
1 -2.9580421 0.3225330 -0.1483315
6 -1.1248794 -0.8714541 -0.9194727
7 0.1886064 -1.2929349 -0.3905358
1 -1.3538884 -1.7792158 -1.4437220
1 -1.3270228 -0.0632239 -1.8344925
1 -0.0469302 -1.6441085 1.7810186
23
-442.459277587     6memclf     lactam     hnew3          runpoint      39     runisomer      72
6 1.4609997 0.8778519 -0.7020172
6 1.3669097 -0.7349318 -0.4807865
6 0.0606815 -0.5108138 1.3374664
6 -1.2442118 0.3290571 1.1238058
6 -0.7250175 1.6426469 0.4163857
6 0.1282137 1.7016407 -0.8003631
1 1.9360725 1.0444417 0.1816133
1 2.2676215 1.2662820 -1.3438076
1 -1.6766237 0.5985404 2.0359400
1 -1.6780416 2.2991772 0.2209583
1 -0.2997972 2.1772463 1.3545291
1 -0.3346892 1.7070770 -1.7254440
1 0.4981548 2.7177391 -0.9476079
1 1.1780784 -0.0681760 1.3472220
8 2.2778362 -1.1533918 0.0983870
6 -2.0851303 -0.5311913 0.2582479
1 -2.5054336 -1.4674053 0.7536196
1 -2.9334189 0.3501488 -0.1592328
6 -1.1041955 -0.8756935 -0.9154182
7 0.1688197 -1.2848712 -0.3616507
1 -1.3261998 -1.7570762 -1.4523520
1 -1.3036717 -0.0461060 -1.8448096
1 -0.0749610 -1.5862762 1.7592769
23
-442.469804075     6memclf     lactam     hnew3          runpoint      40     runisomer      72
6 1.4545628 0.8871535 -0.7032279
6 1.3845748 -0.7296544 -0.5061390
6 0.0544373 -0.5264732 1.3331247
6 -1.2607952 0.3351535 1.1327433
6 -0.7173548 1.6292917 0.4208427
6 0.1295029 1.7147739 -0.7983738
1 1.9234799 1.0341292 0.2060182
1 2.3249696 1.2763954 -1.3874553
1 -1.6900971 0.6231097 2.0602708
1 -1.6834224 2.3217986 0.2059782
1 -0.2421264 2.1806405 1.2989490
1 -0.3231812 1.6881593 -1.7030596
1 0.4567665 2.7038096 -0.9443288
1 1.1117735 -0.1497105 1.3095793
8 2.2838410 -1.1616479 0.0892828
6 -2.0887714 -0.5322744 0.2564058
1 -2.5153341 -1.4861084 0.7452056
1 -2.8929475 0.3463778 -0.1603234
6 -1.0847197 -0.8788772 -0.9136254
7 0.1471570 -1.2764772 -0.3309980
1 -1.3114838 -1.7462085 -1.4662145
1 -1.2673458 -0.0456491 -1.8302460
1 -0.0985869 -1.5065121 1.7390497
23
-442.484399201     6memclf     lactam     hnew3          runpoint      41     runisomer      72
6 1.4484700 0.8961485 -0.7073098
6 1.3996956 -0.7205229 -0.5333370
6 0.0476925 -0.5428504 1.3268801
6 -1.2738142 0.3408057 1.1409713
6 -0.7126205 1.6182714 0.4270901
6 0.1334563 1.7271563 -0.7949886
1 1.9178989 1.0334999 0.2510557
1 2.3648525 1.2769381 -1.4262879
1 -1.7090465 0.6494300 2.0938559
1 -1.6716774 2.3312707 0.1950921
1 -0.1856860 2.1798062 1.2320964
1 -0.3305793 1.6560080 -1.7076361
1 0.4226931 2.7088248 -0.9329751
1 1.0275303 -0.2313654 1.2882954
8 2.2932255 -1.1718713 0.0810762
6 -2.0941491 -0.5322422 0.2528622
1 -2.5225882 -1.4887589 0.7301424
1 -2.8406380 0.3119597 -0.1528035
6 -1.0670878 -0.8807634 -0.9139246
7 0.1251994 -1.2674005 -0.2986585
1 -1.3099911 -1.7478288 -1.4859340
1 -1.2185140 -0.0608828 -1.7916906
1 -0.1204558 -1.4282417 1.7305653
23
-442.493397739     6memclf     lactam     hnew3          runpoint      42     runisomer      72
6 1.4440760 0.9051036 -0.7134490
6 1.4121114 -0.7085197 -0.5611963
6 0.0383951 -0.5580700 1.3173541
6 -1.2832578 0.3460650 1.1491286
6 -0.7108860 1.6097216 0.4344449
6 0.1393421 1.7378316 -0.7908984
1 1.9135336 1.0402376 0.3010751
1 2.3809611 1.2672597 -1.4532469
1 -1.7292922 0.6740328 2.1273458
1 -1.6422822 2.3269631 0.1898404
1 -0.1312648 2.1762868 1.1622740
1 -0.3531169 1.6120899 -1.7330601
1 0.3982953 2.7392522 -0.9153669
1 0.9565792 -0.3001514 1.2838599
8 2.3052140 -1.1836026 0.0732149
6 -2.1008002 -0.5313371 0.2477265
1 -2.5272678 -1.4753488 0.7089267
1 -2.7837023 0.2518587 -0.1398089
6 -1.0520182 -0.8816843 -0.9161831
7 0.1043147 -1.2574654 -0.2647856
1 -1.3199291 -1.7584789 -1.5088767
1 -1.1582646 -0.0883884 -1.7327613
1 -0.1471647 -1.3863328 1.7500534
23
-442.493129167     6memclf     lactam     hnew3          runpoint      43     runisomer      72
6 1.4422816 0.9141396 -0.7206780
6 1.4221492 -0.6946980 -0.5882450
6 0.0236001 -0.5716988 1.3037138
6 -1.2892156 0.3509754 1.1577255
6 -0.7120162 1.6035341 0.4422028
6 0.1462325 1.7465719 -0.7876097
1 1.9056814 1.0520465 0.3420246
1 2.3711951 1.2484845 -1.4648993
1 -1.7470175 0.6936604 2.1526884
1 -1.5976115 2.3104153 0.1910462
1 -0.0784878 2.1724952 1.0985513
1 -0.3814104 1.5612744 -1.7639114
1 0.3820038 2.7898666 -0.8931591
1 0.9403433 -0.3425478 1.2952982
8 2.3188556 -1.1962514 0.0650027
6 -2.1076236 -0.5301704 0.2413581
1 -2.5305306 -1.4491657 0.6835231
1 -2.7354339 0.1790537 -0.1282569
6 -1.0401357 -0.8825346 -0.9199725
7 0.0855753 -1.2466298 -0.2295895
1 -1.3381048 -1.7723103 -1.5307518
1 -1.0886102 -0.1204541 -1.6618326
1 -0.1842351 -1.3992918 1.8083897
23
-442.500701301     6memclf     lactam     hnew3          runpoint      44     runisomer      72
6 1.4434807 0.9232665 -0.7282789
6 1.4303265 -0.6800920 -0.6130069
6 0.0024749 -0.5856643 1.2868746
6 -1.2918810 0.3555153 1.1669549
6 -0.7155037 1.5994327 0.4498647
6 0.1533675 1.7537311 -0.7864451
1 1.8921886 1.0671335 0.3649725
1 2.3366817 1.2229040 -1.4605931
1 -1.7596066 0.7060182 2.1650180
1 -1.5435417 2.2859055 0.1985489
1 -0.0271471 2.1701332 1.0481821
1 -0.4065210 1.5101088 -1.7867755
1 0.3704271 2.8470380 -0.8679035
1 0.9863868 -0.3572575 1.3238045
8 2.3332425 -1.2091989 0.0557284
6 -2.1126355 -0.5299693 0.2345277
1 -2.5346442 -1.4170569 0.6574041
1 -2.7176469 0.1176631 -0.1307666
6 -1.0318474 -0.8848305 -0.9241668
7 0.0697108 -1.2349378 -0.1933646
1 -1.3608295 -1.7835515 -1.5477249
1 -1.0121436 -0.1422544 -1.5945105
1 -0.2278402 -1.4454864 1.8945625
23
-442.504658614     6memclf     lactam     hnew3          runpoint      45     runisomer      72
6 1.4475263 0.9323855 -0.7357027
6 1.4371647 -0.6656427 -0.6341856
6 -0.0222011 -0.6015996 1.2688022
6 -1.2915838 0.3595756 1.1766696
6 -0.7202018 1.5969701 0.4573108
6 0.1601858 1.7597667 -0.7881111
1 1.8730058 1.0841221 0.3657208
1 2.2824461 1.1940497 -1.4429816
1 -1.7657778 0.7099489 2.1628366
1 -1.4906818 2.2616326 0.2106585
1 0.0210961 2.1687968 1.0149234
1 -0.4225461 1.4647416 -1.7941594
1 0.3607940 2.8967725 -0.8415442
1 1.0562829 -0.3551463 1.3698345
8 2.3476177 -1.2218832 0.0447658
6 -2.1138034 -0.5316090 0.2279770
1 -2.5427654 -1.3889452 0.6353469
1 -2.7507147 0.0907681 -0.1600898
6 -1.0274155 -0.8903916 -0.9271500
7 0.0571278 -1.2224831 -0.1565037
1 -1.3844824 -1.7877101 -1.5574586
1 -0.9303970 -0.1347386 -1.5499706
1 -0.2704868 -1.4942084 1.9872196
23
-442.500075725     6memclf     lactam     hnew3          runpoint      46     runisomer      72
6 1.4535742 0.9412397 -0.7422951
6 1.4431241 -0.6521604 -0.6507218
6 -0.0475059 -0.6199809 1.2514810
6 -1.2887366 0.3629676 1.1864206
6 -0.7243372 1.5954575 0.4647735
6 0.1662629 1.7649701 -0.7927690
1 1.8496106 1.1019019 0.3440491
1 2.2196663 1.1671757 -1.4200887
1 -1.7656282 0.7054326 2.1478409
1 -1.4539072 2.2497853 0.2239983
1 0.0624745 2.1662017 0.9994223
1 -0.4264413 1.4302429 -1.7834500
1 0.3517106 2.9292920 -0.8163587
1 1.1133370 -0.3465489 1.4294848
8 2.3613951 -1.2338255 0.0316303
6 -2.1113199 -0.5336221 0.2211652
1 -2.5579141 -1.3747826 0.6220992
1 -2.8280832 0.0934395 -0.2130669
6 -1.0269719 -0.8997820 -0.9282196
7 0.0479830 -1.2094222 -0.1195247
1 -1.4058417 -1.7822107 -1.5591785
1 -0.8439544 -0.0927474 -1.5344696
1 -0.3076594 -1.5281127 2.0702104
23
-442.491571553     6memclf     lactam     hnew3          runpoint      47     runisomer      72
6 1.4599234 0.9493675 -0.7470589
6 1.4486097 -0.6403162 -0.6617989
6 -0.0717983 -0.6405647 1.2366187
6 -1.2837217 0.3654352 1.1954825
6 -0.7262150 1.5942718 0.4725589
6 0.1712984 1.7694630 -0.8001761
1 1.8249397 1.1197063 0.3037366
1 2.1676459 1.1493994 -1.4076780
1 -1.7608017 0.6936369 2.1249157
1 -1.4457302 2.2612603 0.2353912
1 0.0925723 2.1596962 1.0006761
1 -0.4175190 1.4103714 -1.7556377
1 0.3428967 2.9396316 -0.7946083
1 1.1390349 -0.3377051 1.4967829
8 2.3741412 -1.2446422 0.0159788
6 -2.1073592 -0.5336371 0.2127560
1 -2.5805652 -1.3784163 0.6195015
1 -2.9222259 0.1034634 -0.2737013
6 -1.0300762 -0.9113967 -0.9280528
7 0.0422528 -1.1959905 -0.0831447
1 -1.4225165 -1.7670781 -1.5536100
1 -0.7577248 -0.0352282 -1.5359995
1 -0.3377696 -1.5410331 2.1344599
23
-442.511905 6memclf lactam hnew3  runpoint 1  runisomer  72
6 1.4330354 0.8809238 -0.7647018
6 1.3147006 -0.4431359 0.1391085
6 0.2926257 -0.3507084 1.3183789
6 -1.0013974 0.3955775 1.0468557
6 -0.8394296 1.8011601 0.3982814
6 0.1849312 1.8324978 -0.8106216
1 2.3159485 1.4333245 -0.2108630
1 1.6829268 0.5432628 -1.7986847
1 -1.6272818 0.6339302 1.9797080
1 -1.7474187 2.2026372 0.0731467
1 -0.3922979 2.4539264 1.2005085
1 -0.5158151 1.4119120 -1.6641010
1 0.4126844 2.9382426 -0.9940706
1 0.7235394 0.1338136 2.3114811
8 2.2996590 -1.1470002 0.3427106
6 -1.9121390 -0.6100174 0.2798664
1 -2.1415651 -1.4792519 0.8844056
1 -2.7451090 -0.2073871 -0.1961458
6 -1.2756108 -1.1658026 -1.1949520
7 -0.0582155 -1.5947450 -0.7525024
1 -2.0950513 -1.9856961 -1.3937745
1 -1.3648135 -0.3559163 -1.8505478
1 0.1453290 -1.4114921 1.7075641
23
-442.460974224 6memclf lactam hnew3  runpoint 2  runisomer  72
6 1.41907 0.876915 -0.765224
6 1.32952 -0.427341 0.140213
6 0.297282 -0.353809 1.33425
6 -0.998441 0.390297 1.0297
6 -0.838616 1.80068 0.414191
6 0.189646 1.83147 -0.81333
1 2.27803 1.43417 -0.183424
1 1.74829 0.487912 -1.84372
1 -1.60478 0.613058 2.01746
1 -1.79106 2.23276 0.0868011
1 -0.371407 2.47721 1.1309
1 -0.478488 1.46437 -1.69112
1 0.431784 2.90093 -1.01453
1 0.653927 0.139386 2.25381
8 2.28139 -1.14299 0.344111
6 -1.91687 -0.608161 0.278193
1 -2.09633 -1.50219 0.8933
1 -2.67564 -0.224734 -0.192155
6 -1.27242 -1.17296 -1.19459
7 -0.0577552 -1.59661 -0.751212
1 -2.117 -1.94819 -1.40831
1 -1.34165 -0.413677 -1.814
1 0.153878 -1.34342 1.65088
23
-442.444473519     6memclf     lactam     hnew3          runpoint      3     runisomer      72
6 1.4065121 0.8727134 -0.7655596
6 1.3435120 -0.4099867 0.1416032
6 0.3016832 -0.3552348 1.3503228
6 -0.9972992 0.3848028 1.0131871
6 -0.8361241 1.7998493 0.4293263
6 0.1924162 1.8295079 -0.8171724
1 2.2293198 1.4260950 -0.1707068
1 1.8099108 0.4446277 -1.8665874
1 -1.5720836 0.5850948 2.0420846
1 -1.8344242 2.2621257 0.1016299
1 -0.3538139 2.5002222 1.0668577
1 -0.4294656 1.5248998 -1.7092222
1 0.4524661 2.8562094 -1.0350767
1 0.5955764 0.1455047 2.1910598
8 2.2639244 -1.1392908 0.3454089
6 -1.9173444 -0.6076072 0.2784377
1 -2.0531714 -1.5213833 0.8989879
1 -2.6544479 -0.2200497 -0.2069640
6 -1.2693188 -1.1843209 -1.1915037
7 -0.0582394 -1.5985178 -0.7501230
1 -2.1262083 -1.9047686 -1.4221308
1 -1.3205694 -0.4309481 -1.8088527
1 0.1567498 -1.2910155 1.5981033
23
-442.416413314     6memclf     lactam     hnew3          runpoint      4     runisomer      72
6 1.3957445 0.8679260 -0.7662245
6 1.3556289 -0.3908089 0.1434545
6 0.3053596 -0.3531693 1.3633828
6 -0.9978121 0.3791550 0.9980911
6 -0.8332282 1.7987984 0.4423349
6 0.1932510 1.8261559 -0.8219873
1 2.1746085 1.4115713 -0.1714576
1 1.8628261 0.4173836 -1.8616088
1 -1.5306471 0.5509691 2.0502061
1 -1.8655839 2.2848487 0.1206694
1 -0.3360389 2.5269291 1.0175079
1 -0.3750662 1.5881068 -1.7218687
1 0.4773672 2.8148312 -1.0545519
1 0.5594658 0.1646055 2.1490017
8 2.2479900 -1.1363145 0.3466606
6 -1.9130910 -0.6087864 0.2809776
1 -2.0141207 -1.5330677 0.8992613
1 -2.6857743 -0.1922972 -0.2429436
6 -1.2662156 -1.1995796 -1.1857528
7 -0.0596572 -1.6006723 -0.7492129
1 -2.1253009 -1.8612656 -1.4347110
1 -1.3011159 -0.4033871 -1.8376635
1 0.1493668 -1.2870034 1.5592059
23
-442.408501792     6memclf     lactam     hnew3          runpoint      5     runisomer      72
6 1.3867889 0.8621752 -0.7675789
6 1.3650507 -0.3697082 0.1459609
6 0.3078357 -0.3479475 1.3712566
6 -0.9996482 0.3734392 0.9849494
6 -0.8306552 1.7976958 0.4524057
6 0.1923584 1.8210813 -0.8272956
1 2.1213489 1.3952088 -0.1818515
1 1.9035388 0.4079635 -1.8280787
1 -1.4835060 0.5122917 2.0412882
1 -1.8780937 2.2974861 0.1449850
1 -0.3163706 2.5584612 0.9876185
1 -0.3236324 1.6479981 -1.7359689
1 0.5095019 2.7872911 -1.0716438
1 0.5526655 0.2081312 2.1491649
8 2.2341518 -1.1343877 0.3479022
6 -1.9061327 -0.6106996 0.2843847
1 -1.9812211 -1.5361271 0.8938236
1 -2.7445272 -0.1555196 -0.2835538
6 -1.2629757 -1.2161802 -1.1790332
7 -0.0619526 -1.6032821 -0.7484351
1 -2.1191243 -1.8245472 -1.4464043
1 -1.2818782 -0.3521140 -1.8826342
1 0.1315284 -1.3380521 1.5360755
23
-442.413094604     6memclf     lactam     hnew3          runpoint      6     runisomer      72
6 1.3793314 0.8550757 -0.7699703
6 1.3713139 -0.3468831 0.1493706
6 0.3089580 -0.3415240 1.3745334
6 -1.0023567 0.3677679 0.9740465
6 -0.8285451 1.7969671 0.4592853
6 0.1901088 1.8143966 -0.8325626
1 2.0789084 1.3835269 -0.1955676
1 1.9298347 0.4164941 -1.7685667
1 -1.4349750 0.4711812 2.0177740
1 -1.8698134 2.2986576 0.1741924
1 -0.2962276 2.5910282 0.9769347
1 -0.2832874 1.6995866 -1.7595539
1 0.5504658 2.7783707 -1.0840667
1 0.5721658 0.2707394 2.1865688
8 2.2227210 -1.1336610 0.3491229
6 -1.8985457 -0.6122196 0.2870553
1 -1.9562191 -1.5318898 0.8841051
1 -2.8053898 -0.1235511 -0.3124795
6 -1.2592936 -1.2315453 -1.1729377
7 -0.0650600 -1.6065334 -0.7477476
1 -2.1136094 -1.8009026 -1.4584248
1 -1.2627081 -0.2992463 -1.9257394
1 0.1095851 -1.4153275 1.5243771
23
-442.409788532     6memclf     lactam     hnew3          runpoint      7     runisomer      72
6 1.3729064 0.8464196 -0.7735364
6 1.3743564 -0.3229085 0.1540271
6 0.3090557 -0.3349404 1.3752238
6 -1.0053811 0.3622591 0.9653503
6 -0.8265942 1.7971308 0.4630922
6 0.1868989 1.8067592 -0.8376769
1 2.0556153 1.3830659 -0.2057238
1 1.9412667 0.4411978 -1.6893483
1 -1.3904626 0.4301045 1.9857073
1 -1.8421891 2.2888164 0.2067840
1 -0.2789106 2.6177555 0.9822969
1 -0.2584579 1.7404638 -1.7963291
1 0.5986755 2.7844936 -1.0884029
1 0.6084953 0.3339768 2.2381198
8 2.2137217 -1.1340523 0.3502633
6 -1.8915539 -0.6126286 0.2879280
1 -1.9404197 -1.5234890 0.8727138
1 -2.8535523 -0.1040524 -0.3213743
6 -1.2549113 -1.2441410 -1.1683091
7 -0.0689018 -1.6105679 -0.7471229
1 -2.1132695 -1.7941219 -1.4720983
1 -1.2444645 -0.2574315 -1.9571541
1 0.0905896 -1.4877269 1.5205201
23
-442.395480442     6memclf     lactam     hnew3          runpoint      8     runisomer      72
6 1.3671161 0.8365699 -0.7776794
6 1.3744738 -0.2986925 0.1603499
6 0.3086312 -0.3283966 1.3748662
6 -1.0080814 0.3570396 0.9584560
6 -0.8241874 1.7984724 0.4641523
6 0.1830159 1.7991037 -0.8431647
1 2.0540396 1.3966852 -0.2087047
1 1.9410266 0.4773251 -1.6027409
1 -1.3560516 0.3916372 1.9550019
1 -1.8006859 2.2705494 0.2401502
1 -0.2674743 2.6320428 0.9998978
1 -0.2485179 1.7705656 -1.8420467
1 0.6495626 2.7969171 -1.0814347
1 0.6525147 0.3823710 2.2843960
8 2.2069330 -1.1352589 0.3512235
6 -1.8857922 -0.6115382 0.2863815
1 -1.9345940 -1.5148329 0.8626512
1 -2.8817017 -0.1002954 -0.3075609
6 -1.2499290 -1.2533645 -1.1655563
7 -0.0733600 -1.6154902 -0.7465319
1 -2.1186182 -1.8042925 -1.4876872
1 -1.2281643 -0.2323795 -1.9728934
1 0.0789804 -1.5370378 1.5225134
23
-442.377234455     6memclf     lactam     hnew3          runpoint      9     runisomer      72
6 1.3614963 0.8267290 -0.7806459
6 1.3722091 -0.2753342 0.1687686
6 0.3081602 -0.3218855 1.3742184
6 -1.0098356 0.3522752 0.9527418
6 -0.8203977 1.8008140 0.4629235
6 0.1786677 1.7923243 -0.8498371
1 2.0691684 1.4214540 -0.2060624
1 1.9392900 0.5159266 -1.5300011
1 -1.3373536 0.3580063 1.9372092
1 -1.7559562 2.2491978 0.2705341
1 -0.2635729 2.6295406 1.0263079
1 -0.2498421 1.7907963 -1.8873423
1 0.6973241 2.8067203 -1.0616270
1 0.6974086 0.4078913 2.3147274
8 2.2019784 -1.1368317 0.3518975
6 -1.8815984 -0.6088315 0.2821149
1 -1.9388852 -1.5090635 0.8562903
1 -2.8867220 -0.1131056 -0.2714987
6 -1.2448746 -1.2591954 -1.1649726
7 -0.0782480 -1.6213759 -0.7459356
1 -2.1260540 -1.8282773 -1.5039369
1 -1.2146081 -0.2263310 -1.9717498
1 0.0769101 -1.5550219 1.5290333
23
-442.360395897     6memclf     lactam     hnew3          runpoint      10     runisomer      72
6 1.3552577 0.8185556 -0.7800518
6 1.3682133 -0.2539612 0.1796243
6 0.3080431 -0.3153756 1.3735915
6 -1.0102124 0.3481713 0.9478409
6 -0.8140419 1.8035095 0.4599305
6 0.1740587 1.7870943 -0.8582977
1 2.0921130 1.4509040 -0.2020356
1 1.9529576 0.5459492 -1.4973281
1 -1.3375477 0.3307529 1.9394800
1 -1.7234730 2.2326245 0.2935580
1 -0.2672740 2.6086260 1.0587323
1 -0.2584309 1.8021869 -1.9230163
1 0.7365107 2.8075321 -1.0295520
1 0.7382967 0.4076833 2.3243211
8 2.1984292 -1.1382677 0.3521981
6 -1.8791073 -0.6047271 0.2751597
1 -1.9526807 -1.5071166 0.8544373
1 -2.8686369 -0.1414917 -0.2159219
6 -1.2404894 -1.2618829 -1.1668146
7 -0.0833217 -1.6282862 -0.7452796
1 -2.1303357 -1.8613740 -1.5187416
1 -1.2043667 -0.2398339 -1.9537935
1 0.0851510 -1.5389880 1.5390307
23
-442.361221941     6memclf     lactam     hnew3          runpoint      11     runisomer      72
6 1.3482427 0.8131181 -0.7748762
6 1.3631382 -0.2356019 0.1930880
6 0.3085905 -0.3087969 1.3731070
6 -1.0090996 0.3449336 0.9440711
6 -0.8042180 1.8057493 0.4555944
6 0.1693889 1.7838329 -0.8687206
1 2.1146927 1.4785889 -0.2003841
1 1.9905419 0.5628983 -1.5152333
1 -1.3559786 0.3109651 1.9593037
1 -1.7170516 2.2279411 0.3059509
1 -0.2771935 2.5702756 1.0951404
1 -0.2711275 1.8057371 -1.9428775
1 0.7628954 2.7961147 -0.9875080
1 0.7717135 0.3819393 2.3117816
8 2.1958829 -1.1390936 0.3520802
6 -1.8781372 -0.5998502 0.2659501
1 -1.9744130 -1.5073591 0.8560691
1 -2.8318543 -0.1820586 -0.1462721
6 -1.2374784 -1.2617800 -1.1712394
7 -0.0883126 -1.6362640 -0.7444910
1 -2.1271286 -1.8988470 -1.5301274
1 -1.1978407 -0.2721473 -1.9201254
1 0.1035169 -1.4899706 1.5517042
23
-442.389263505     6memclf     lactam     hnew3          runpoint      12     runisomer      72
6 1.3418963 0.8104931 -0.7665469
6 1.3575776 -0.2210995 0.2091196
6 0.3100300 -0.3019290 1.3727690
6 -1.0066817 0.3427099 0.9422529
6 -0.7912376 1.8070478 0.4500465
6 0.1648230 1.7826993 -0.8808395
1 2.1312434 1.4997821 -0.2033669
1 2.0392455 0.5717689 -1.5666049
1 -1.3888537 0.2996250 1.9866049
1 -1.7377004 2.2362320 0.3074651
1 -0.2907046 2.5178307 1.1344761
1 -0.2858645 1.8024683 -1.9442801
1 0.7739095 2.7722368 -0.9389614
1 0.7954483 0.3332297 2.2783096
8 2.1940059 -1.1389201 0.3515496
6 -1.8778394 -0.5952652 0.2553707
1 -2.0015587 -1.5067024 0.8590235
1 -2.7889101 -0.2275143 -0.0718213
6 -1.2363873 -1.2593488 -1.1781867
7 -0.0929677 -1.6453260 -0.7434848
1 -2.1141262 -1.9366769 -1.5368320
1 -1.1952504 -0.3203803 -1.8736141
1 0.1308009 -1.4134626 1.5666524
23
-442.418161209     6memclf     lactam     hnew3          runpoint      13     runisomer      72
6 1.3379800 0.8104716 -0.7571802
6 1.3520524 -0.2110519 0.2274346
6 0.3124909 -0.2941841 1.3723562
6 -1.0032989 0.3415740 0.9431609
6 -0.7766831 1.8073296 0.4431589
6 0.1604755 1.7835635 -0.8940100
1 2.1385694 1.5116772 -0.2120480
1 2.0802113 0.5783792 -1.6269075
1 -1.4311521 0.2975145 2.0102088
1 -1.7723950 2.2522619 0.3005143
1 -0.3043874 2.4564684 1.1767083
1 -0.3017318 1.7935134 -1.9280761
1 0.7690789 2.7387056 -0.8880346
1 0.8090968 0.2671287 2.2285042
8 2.1925484 -1.1374652 0.3506598
6 -1.8763265 -0.5923846 0.2446559
1 -2.0309002 -1.5023870 0.8611247
1 -2.7643144 -0.2658427 -0.0053734
6 -1.2375729 -1.2553783 -1.1871889
7 -0.0970919 -1.6554479 -0.7421836
1 -2.0910272 -1.9717320 -1.5384916
1 -1.1965122 -0.3770170 -1.8207706
1 0.1642974 -1.3225555 1.5843907
23
-442.422715203     6memclf     lactam     hnew3          runpoint      14     runisomer      72
6 1.3374948 0.8128900 -0.7482529
6 1.3469953 -0.2057687 0.2474989
6 0.3159108 -0.2843907 1.3711087
6 -0.9993514 0.3415504 0.9471985
6 -0.7624022 1.8066127 0.4347593
6 0.1564014 1.7859709 -0.9072687
1 2.1355927 1.5133254 -0.2265635
1 2.1015420 0.5853516 -1.6791567
1 -1.4779876 0.3049623 2.0219211
1 -1.8048026 2.2694368 0.2882016
1 -0.3149410 2.3919421 1.2221704
1 -0.3191840 1.7801416 -1.8987478
1 0.7505375 2.7016784 -0.8389538
1 0.8157392 0.1937439 2.1726979
8 2.1913451 -1.1345657 0.3495017
6 -1.8714942 -0.5924231 0.2347924
1 -2.0589652 -1.4933179 0.8610432
1 -2.7845375 -0.2854728 0.0429035
6 -1.2412024 -1.2513481 -1.1971194
7 -0.1005879 -1.6665517 -0.7405357
1 -2.0591336 -2.0017004 -1.5356167
1 -1.2010372 -0.4260494 -1.7744115
1 0.1993881 -1.2418909 1.6074472
23
-442.407287574     6memclf     lactam     hnew3          runpoint      15     runisomer      72
6 1.3406828 0.8175310 -0.7405800
6 1.3427436 -0.2052562 0.2685613
6 0.3197513 -0.2712909 1.3674907
6 -0.9952513 0.3426355 0.9543789
6 -0.7497494 1.8048912 0.4248727
6 0.1525974 1.7891350 -0.9194211
1 2.1232607 1.5057498 -0.2460578
1 2.0982735 0.5931291 -1.7141717
1 -1.5250792 0.3217454 2.0172626
1 -1.8229859 2.2830414 0.2731560
1 -0.3203179 2.3288593 1.2699263
1 -0.3402795 1.7636625 -1.8643572
1 0.7232569 2.6706667 -0.7953665
1 0.8242575 0.1285310 2.1294565
8 2.1903176 -1.1301780 0.3481968
6 -1.8635353 -0.5954701 0.2258480
1 -2.0826059 -1.4803584 0.8585867
1 -2.8481446 -0.2858930 0.0730289
6 -1.2472266 -1.2494356 -1.2062681
7 -0.1034768 -1.6784974 -0.7385317
1 -2.0210492 -2.0251301 -1.5295014
1 -1.2076624 -0.4433496 -1.7527890
1 0.2307700 -1.2026713 1.6404654
23
-442.393006102     6memclf     lactam     hnew3          runpoint      16     runisomer      72
6 1.3472346 0.8240099 -0.7346009
6 1.3395333 -0.2092065 0.2897090
6 0.3228981 -0.2553431 1.3600588
6 -0.9914272 0.3448151 0.9643802
6 -0.7394389 1.8021965 0.4138591
6 0.1490681 1.7921065 -0.9292392
1 2.1048581 1.4922875 -0.2683809
1 2.0695552 0.6011613 -1.7276945
1 -1.5688534 0.3471486 1.9949821
1 -1.8205366 2.2905514 0.2573120
1 -0.3202637 2.2698345 1.3163187
1 -0.3683025 1.7452047 -1.8349560
1 0.6938707 2.6567423 -0.7597811
1 0.8473535 0.0872872 2.1208044
8 2.1894746 -1.1243752 0.3468820
6 -1.8548463 -0.6007206 0.2174281
1 -2.0996502 -1.4657166 0.8544235
1 -2.9267818 -0.2754140 0.0900159
6 -1.2553115 -1.2509961 -1.2134353
7 -0.1058786 -1.6910893 -0.7362095
1 -1.9806793 -2.0418583 -1.5221436
1 -1.2154528 -0.4144166 -1.7666888
1 0.2559334 -1.2166676 1.6846406
23
-442.399883831     6memclf     lactam     hnew3          runpoint      17     runisomer      72
6 1.3563759 0.8317287 -0.7305768
6 1.3375082 -0.2170080 0.3099400
6 0.3247357 -0.2388741 1.3495347
6 -0.9883304 0.3480596 0.9765646
6 -0.7316772 1.7985924 0.4023523
6 0.1459114 1.7941723 -0.9358130
1 2.0864632 1.4788983 -0.2897792
1 2.0171460 0.6083631 -1.7188369
1 -1.6066287 0.3800543 1.9566940
1 -1.7955663 2.2911560 0.2419998
1 -0.3157808 2.2162175 1.3554489
1 -0.4057945 1.7256047 -1.8182708
1 0.6674327 2.6678201 -0.7338804
1 0.8886874 0.0745537 2.1530036
8 2.1889148 -1.1173533 0.3456970
6 -1.8475339 -0.6073414 0.2092641
1 -2.1092005 -1.4521986 0.8497110
1 -2.9944971 -0.2614453 0.0971868
6 -1.2647696 -1.2548810 -1.2189708
7 -0.1079852 -1.7041013 -0.7336485
1 -1.9432890 -2.0536052 -1.5161812
1 -1.2247407 -0.3535099 -1.8071356
1 0.2755210 -1.2632877 1.7324976
23
-442.413751335     6memclf     lactam     hnew3          runpoint      18     runisomer      72
6 1.3669096 0.8399586 -0.7285756
6 1.3367359 -0.2277666 0.3282652
6 0.3259104 -0.2238666 1.3388627
6 -0.9863601 0.3523161 0.9899845
6 -0.7262771 1.7940827 0.3910647
6 0.1433008 1.7952338 -0.9388308
1 2.0764130 1.4734876 -0.3052337
1 1.9453989 0.6130341 -1.6903682
1 -1.6371224 0.4190642 1.9069201
1 -1.7501972 2.2855913 0.2280005
1 -0.3081250 2.1692854 1.3812751
1 -0.4516328 1.7056752 -1.8150570
1 0.6443472 2.7037863 -0.7197656
1 0.9365998 0.0829097 2.2090752
8 2.1888285 -1.1094336 0.3447712
6 -1.8426462 -0.6147036 0.2012362
1 -2.1114631 -1.4427169 0.8458303
1 -3.0370897 -0.2482025 0.0960884
6 -1.2746955 -1.2588276 -1.2238005
7 -0.1100595 -1.7172912 -0.7309685
1 -1.9148402 -2.0638201 -1.5146000
1 -1.2363641 -0.2870527 -1.8572535
1 0.2904423 -1.3149214 1.7742284
23
-442.412944414     6memclf     lactam     hnew3          runpoint      19     runisomer      72
6 1.3774132 0.8481660 -0.7281442
6 1.3371863 -0.2403724 0.3438229
6 0.3272998 -0.2113881 1.3310510
6 -0.9857219 0.3574759 1.0034244
6 -0.7226587 1.7885383 0.3806135
6 0.1413425 1.7957747 -0.9385261
1 2.0820524 1.4827367 -0.3105541
1 1.8622485 0.6123150 -1.6509210
1 -1.6611981 0.4627433 1.8531304
1 -1.6911240 2.2765261 0.2154413
1 -0.2981522 2.1307817 1.3895003
1 -0.5003115 1.6864956 -1.8192794
1 0.6210489 2.7566216 -0.7202321
1 0.9768532 0.1035228 2.2675403
8 2.1894970 -1.1010571 0.3442103
6 -1.8405188 -0.6223393 0.1933054
1 -2.1072935 -1.4397704 0.8440219
1 -3.0485165 -0.2379519 0.0875807
6 -1.2842240 -1.2612229 -1.2284430
7 -0.1124267 -1.7304176 -0.7283259
1 -1.9002242 -2.0760320 -1.5199448
1 -1.2506891 -0.2340020 -1.9049093
1 0.3010682 -1.3536174 1.8035923
23
-442.398588223     6memclf     lactam     hnew3          runpoint      20     runisomer      72
6 1.3866093 0.8564938 -0.7278017
6 1.3386856 -0.2535884 0.3559604
6 0.3293109 -0.2019518 1.3281073
6 -0.9863338 0.3633554 1.0155320
6 -0.7197874 1.7816265 0.3714511
6 0.1399870 1.7964854 -0.9353872
1 2.1048299 1.5073558 -0.3056344
1 1.7798558 0.6012978 -1.6180058
1 -1.6821647 0.5099601 1.8048610
1 -1.6305459 2.2692859 0.2035357
1 -0.2860923 2.1027576 1.3784235
1 -0.5444474 1.6691921 -1.8227932
1 0.5932885 2.8150580 -0.7374760
1 1.0008311 0.1305180 2.3141689
8 2.1912805 -1.0927511 0.3440885
6 -1.8411381 -0.6299108 0.1855207
1 -2.0976957 -1.4447677 0.8448709
1 -3.0272402 -0.2320132 0.0723297
6 -1.2927712 -1.2614471 -1.2330760
7 -0.1154200 -1.7432572 -0.7258925
1 -1.9012104 -2.0912146 -1.5332192
1 -1.2674745 -0.2040163 -1.9435782
1 0.3075003 -1.3705040 1.8179945
23
-442.381393270     6memclf     lactam     hnew3          runpoint      21     runisomer      72
6 1.3937853 0.8658186 -0.7252918
6 1.3408909 -0.2661692 0.3642789
6 0.3319543 -0.1957593 1.3311391
6 -0.9879238 0.3696957 1.0251003
6 -0.7163179 1.7728513 0.3638496
6 0.1390767 1.7979616 -0.9299345
1 2.1393137 1.5410363 -0.2952960
1 1.7109191 0.5735035 -1.6144161
1 -1.7043149 0.5599702 1.7708971
1 -1.5846697 2.2715886 0.1906006
1 -0.2714972 2.0871968 1.3491254
1 -0.5776308 1.6544536 -1.8193036
1 0.5583852 2.8687580 -0.7719537
1 1.0049823 0.1603985 2.3415865
8 2.1945926 -1.0850802 0.3444475
6 -1.8442751 -0.6372439 0.1780567
1 -2.0835023 -1.4574938 0.8478764
1 -2.9749530 -0.2310375 0.0509156
6 -1.3001337 -1.2596584 -1.2378345
7 -0.1193362 -1.7556129 -0.7238333
1 -1.9158274 -2.1064787 -1.5533482
1 -1.2859975 -0.2010308 -1.9699386
1 0.3097174 -1.3620872 1.8171026
23
-442.378601403     6memclf     lactam     hnew3          runpoint      22     runisomer      72
6 1.3992135 0.8769232 -0.7195053
6 1.3433184 -0.2769716 0.3686552
6 0.3350768 -0.1927770 1.3406032
6 -0.9903202 0.3762370 1.0314065
6 -0.7113022 1.7618720 0.3578149
6 0.1384362 1.8005925 -0.9226513
1 2.1774170 1.5747215 -0.2863365
1 1.6595744 0.5265146 -1.6482941
1 -1.7295644 0.6117170 1.7554713
1 -1.5657566 2.2896924 0.1752942
1 -0.2532042 2.0857856 1.3054615
1 -0.5957554 1.6422908 -1.8056217
1 0.5156730 2.9100609 -0.8221990
1 0.9887235 0.1910514 2.3466572
8 2.1998332 -1.0785683 0.3452969
6 -1.8493932 -0.6443662 0.1712236
1 -2.0654423 -1.4760662 0.8514259
1 -2.8975950 -0.2345336 0.0237123
6 -1.3063928 -1.2564463 -1.2429231
7 -0.1244101 -1.7673238 -0.7222837
1 -1.9397605 -2.1165680 -1.5776900
1 -1.3051575 -0.2257468 -1.9822983
1 0.3076134 -1.3283019 1.8020877
23
-442.399653605     6memclf     lactam     hnew3          runpoint      23     runisomer      72
6 1.4038412 0.8896696 -0.7116742
6 1.3454634 -0.2850701 0.3692068
6 0.3384841 -0.1926900 1.3563838
6 -0.9936492 0.3828045 1.0343648
6 -0.7050156 1.7490157 0.3529506
6 0.1379339 1.8045345 -0.9139893
1 2.2123349 1.6009003 -0.2843025
1 1.6209904 0.4675949 -1.7017442
1 -1.7552283 0.6628810 1.7567651
1 -1.5724636 2.3223487 0.1586511
1 -0.2294220 2.0998146 1.2537704
1 -0.5972502 1.6319739 -1.7815231
1 0.4661513 2.9342996 -0.8851822
1 0.9533683 0.2212602 2.3291423
8 2.2073022 -1.0736130 0.3466270
6 -1.8553367 -0.6515966 0.1654664
1 -2.0445104 -1.4974323 0.8532378
1 -2.8085258 -0.2393884 -0.0096443
6 -1.3117510 -1.2525472 -1.2485633
7 -0.1308082 -1.7782602 -0.7213462
1 -1.9683506 -2.1165187 -1.6030301
1 -1.3235296 -0.2763297 -1.9802437
1 0.3010127 -1.2727460 1.7757472
23
-442.425375355     6memclf     lactam     hnew3          runpoint      24     runisomer      72
6 1.4084005 0.9033374 -0.7037344
6 1.3469565 -0.2898634 0.3662357
6 0.3419295 -0.1946895 1.3776799
6 -0.9981992 0.3893293 1.0343435
6 -0.6987065 1.7352680 0.3486138
6 0.1375287 1.8097185 -0.9043842
1 2.2397700 1.6149981 -0.2923843
1 1.5903535 0.4084028 -1.7506378
1 -1.7756734 0.7099268 1.7691704
1 -1.5923064 2.3609537 0.1439141
1 -0.1984116 2.1298941 1.2013576
1 -0.5830953 1.6219545 -1.7494979
1 0.4120477 2.9397948 -0.9567550
1 0.9021702 0.2508050 2.2919635
8 2.2171096 -1.0704070 0.3484201
6 -1.8600325 -0.6596668 0.1613848
1 -2.0223480 -1.5181604 0.8510380
1 -2.7316020 -0.2377437 -0.0514644
6 -1.3164232 -1.2487733 -1.2548606
7 -0.1386304 -1.7883220 -0.7210759
1 -1.9978632 -2.1034084 -1.6263307
1 -1.3394424 -0.3475024 -1.9654538
1 0.2896456 -1.2052255 1.7434624
23
-442.435642964     6memclf     lactam     hnew3          runpoint      25     runisomer      72
6 1.4131675 0.9171843 -0.6970101
6 1.3476826 -0.2911525 0.3601854
6 0.3450395 -0.1971809 1.4027565
6 -1.0041481 0.3957733 1.0319021
6 -0.6935746 1.7218315 0.3443555
6 0.1372984 1.8158564 -0.8942099
1 2.2578815 1.6152238 -0.3116287
1 1.5657999 0.3583814 -1.7795921
1 -1.7855947 0.7491188 1.7864912
1 -1.6121299 2.3956369 0.1342635
1 -0.1600817 2.1750047 1.1535178
1 -0.5568998 1.6097043 -1.7146870
1 0.3564722 2.9279867 -1.0321656
1 0.8412570 0.2813389 2.2429131
8 2.2291147 -1.0688905 0.3506504
6 -1.8611389 -0.6694847 0.1596725
1 -2.0013258 -1.5353855 0.8432925
1 -2.6933918 -0.2188967 -0.1062191
6 -1.3205711 -1.2461837 -1.2615754
7 -0.1479213 -1.7974392 -0.7214856
1 -2.0259618 -2.0768987 -1.6451003
1 -1.3511290 -0.4280145 -1.9439006
1 0.2728774 -1.1460070 1.7144437
23
-442.430880989     6memclf     lactam     hnew3          runpoint      26     runisomer      72
6 1.4180887 0.9305799 -0.6921967
6 1.3478101 -0.2891401 0.3516306
6 0.3472422 -0.1980433 1.4289192
6 -1.0114338 0.4020569 1.0276206
6 -0.6901965 1.7099159 0.3402086
6 0.1374564 1.8224617 -0.8837151
1 2.2672343 1.6022417 -0.3413450
1 1.5470319 0.3234629 -1.7818813
1 -1.7818981 0.7774570 1.8037328
1 -1.6234037 2.4192322 0.1314952
1 -0.1175067 2.2312009 1.1112927
1 -0.5246781 1.5916066 -1.6845060
1 0.3030069 2.9035265 -1.1067727
1 0.7806033 0.3182025 2.1967502
8 2.2429263 -1.0687641 0.3532760
6 -1.8581644 -0.6810324 0.1605200
1 -1.9841714 -1.5478687 0.8299297
1 -2.6983984 -0.1814028 -0.1744871
6 -1.3242479 -1.2463286 -1.2678295
7 -0.1586858 -1.8055700 -0.7225488
1 -2.0518134 -2.0391625 -1.6575870
1 -1.3571213 -0.4979571 -1.9288154
1 0.2492942 -1.1244789 1.7003137
23
-442.420485319     6memclf     lactam     hnew3          runpoint      27     runisomer      72
6 1.4228762 0.9429306 -0.6896387
6 1.3477438 -0.2843383 0.3412707
6 0.3477940 -0.1965869 1.4534201
6 -1.0197880 0.4080158 1.0220245
6 -0.6885701 1.7007018 0.3365459
6 0.1382851 1.8289067 -0.8730532
1 2.2710348 1.5790716 -0.3793534
1 1.5341809 0.3069279 -1.7561082
1 -1.7640183 0.7931066 1.8176377
1 -1.6221601 2.4277764 0.1360582
1 -0.0764643 2.2916868 1.0726857
1 -0.4932788 1.5633733 -1.6668453
1 0.2551239 2.8736393 -1.1768538
1 0.7321174 0.3709300 2.1728337
8 2.2579699 -1.0695497 0.3562298
6 -1.8527665 -0.6929019 0.1631289
1 -1.9734239 -1.5566176 0.8126961
1 -2.7256899 -0.1379727 -0.2477395
6 -1.3273886 -1.2508990 -1.2722612
7 -0.1708957 -1.8127100 -0.7242067
1 -2.0760782 -1.9945198 -1.6629396
1 -1.3565700 -0.5332506 -1.9384191
1 0.2182049 -1.1567072 1.7073717
23
-442.419311376     6memclf     lactam     hnew3          runpoint      28     runisomer      72
6 1.4270369 0.9536403 -0.6894673
6 1.3480263 -0.2774423 0.3299001
6 0.3461163 -0.1946978 1.4750155
6 -1.0287992 0.4133922 1.0155355
6 -0.6884105 1.6952090 0.3337581
6 0.1399325 1.8344911 -0.8625189
1 2.2753011 1.5509315 -0.4222562
1 1.5273417 0.3099415 -1.7044869
1 -1.7337113 0.7955339 1.8268035
1 -1.6077948 2.4199818 0.1474406
1 -0.0431044 2.3488243 1.0357537
1 -0.4671644 1.5215507 -1.6661873
1 0.2154405 2.8461048 -1.2401051
1 0.7020532 0.4455017 2.1819305
8 2.2735883 -1.0706881 0.3594108
6 -1.8466687 -0.7034124 0.1663144
1 -1.9710908 -1.5644593 0.7947432
1 -2.7536763 -0.1028315 -0.3148723
6 -1.3298981 -1.2601640 -1.2743788
7 -0.1844832 -1.8189066 -0.7263715
1 -2.1007810 -1.9487318 -1.6612888
1 -1.3485634 -0.5246254 -1.9796674
1 0.1830839 -1.2243569 1.7319401
23
-442.429874945     6memclf     lactam     hnew3          runpoint      29     runisomer      72
6 1.4299711 0.9622393 -0.6915126
6 1.3492253 -0.2692057 0.3183824
6 0.3422997 -0.1940636 1.4943078
6 -1.0379259 0.4178299 1.0084502
6 -0.6893525 1.6940981 0.3320851
6 0.1422472 1.8385459 -0.8528318
1 2.2877664 1.5241630 -0.4661323
1 1.5264622 0.3310442 -1.6332648
1 -1.6948596 0.7855756 1.8318286
1 -1.5825533 2.3970666 0.1643713
1 -0.0219864 2.3961978 1.0002899
1 -0.4459437 1.4657073 -1.6802373
1 0.1852367 2.8262656 -1.2952526
1 0.6862312 0.5332805 2.2154427
8 2.2891277 -1.0716177 0.3626888
6 -1.8408174 -0.7113499 0.1691280
1 -1.9784512 -1.5745700 0.7794415
1 -2.7702801 -0.0844260 -0.3680385
6 -1.3316776 -1.2723108 -1.2754457
7 -0.1993475 -1.8242600 -0.7289302
1 -2.1286951 -1.9076410 -1.6536710
1 -1.3322742 -0.4868973 -2.0381919
1 0.1499783 -1.2965216 1.7672139
23
-442.431251749     6memclf     lactam     hnew3          runpoint      30     runisomer      72
6 1.4312492 0.9687722 -0.6949946
6 1.3518593 -0.2603536 0.3075994
6 0.3368222 -0.1948372 1.5124289
6 -1.0464949 0.4209026 1.0009156
6 -0.6909336 1.6975143 0.3316321
6 0.1448701 1.8405431 -0.8451006
1 2.3142681 1.5036499 -0.5077557
1 1.5314974 0.3642079 -1.5551968
1 -1.6531918 0.7654171 1.8354611
1 -1.5520193 2.3632448 0.1847798
1 -0.0154427 2.4295456 0.9677322
1 -0.4257312 1.3993072 -1.7011384
1 0.1645828 2.8151201 -1.3410797
1 0.6768741 0.6168528 2.2565030
8 2.3040065 -1.0718377 0.3659170
6 -1.8356360 -0.7160843 0.1710380
1 -1.9958289 -1.5884206 0.7688337
1 -2.7703416 -0.0862127 -0.4029931
6 -1.3325842 -1.2851557 -1.2771305
7 -0.2153835 -1.8288892 -0.7317612
1 -2.1620010 -1.8754298 -1.6416365
1 -1.3084317 -0.4408915 -2.0946074
1 0.1237289 -1.3515665 1.8080299
23
-442.414719281     6memclf     lactam     hnew3          runpoint      31     runisomer      72
6 1.4309281 0.9742389 -0.6981772
6 1.3563466 -0.2515256 0.2983770
6 0.3301044 -0.1965431 1.5300274
6 -1.0537617 0.4221819 0.9929408
6 -0.6924743 1.7049803 0.3324424
6 0.1474640 1.8401517 -0.8404774
1 2.3543729 1.4903659 -0.5454336
1 1.5429384 0.3960958 -1.4926039
1 -1.6154204 0.7381974 1.8421634
1 -1.5261413 2.3264711 0.2056926
1 -0.0236890 2.4469452 0.9405352
1 -0.4025406 1.3283837 -1.7199707
1 0.1528796 2.8100222 -1.3759711
1 0.6686742 0.6819234 2.2925572
8 2.3177459 -1.0709348 0.3689478
6 -1.8313323 -0.7175214 0.1719083
1 -2.0223761 -1.6043852 0.7626970
1 -2.7523746 -0.1086218 -0.4179223
6 -1.3325486 -1.2973191 -1.2805298
7 -0.2324799 -1.8329179 -0.7347439
1 -2.2007501 -1.8535606 -1.6265643
1 -1.2792319 -0.4008336 -2.1367642
1 0.1070891 -1.3784819 1.8509489
23
-442.389278114     6memclf     lactam     hnew3          runpoint      32     runisomer      72
6 1.4295462 0.9803372 -0.6987910
6 1.3629789 -0.2432449 0.2914052
6 0.3224610 -0.1986913 1.5472309
6 -1.0590749 0.4213475 0.9845166
6 -0.6930935 1.7154599 0.3345129
6 0.1498105 1.8372160 -0.8398304
1 2.4011229 1.4818694 -0.5785421
1 1.5622153 0.4085927 -1.4725999
1 -1.5874276 0.7070391 1.8562016
1 -1.5185266 2.2975468 0.2235197
1 -0.0450182 2.4488191 0.9217714
1 -0.3742409 1.2593557 -1.7298945
1 0.1493196 2.8069446 -1.3983918
1 0.6590819 0.7204054 2.3170605
8 2.3299860 -1.0685970 0.3716520
6 -1.8280114 -0.7160026 0.1719073
1 -2.0560413 -1.6182120 0.7589693
1 -2.7173359 -0.1499469 -0.4128530
6 -1.3317445 -1.3081975 -1.2862446
7 -0.2504923 -1.8364811 -0.7377437
1 -2.2422697 -1.8410166 -1.6092429
1 -1.2473163 -0.3741573 -2.1594056
1 0.1012401 -1.3729085 1.8935837
23
-442.377529926     6memclf     lactam     hnew3          runpoint      33     runisomer      72
6 1.4279943 0.9878279 -0.6960172
6 1.3719037 -0.2358939 0.2871712
6 0.3141745 -0.2008463 1.5638845
6 -1.0620604 0.4182944 0.9758542
6 -0.6922483 1.7277939 0.3376971
6 0.1517771 1.8316952 -0.8435975
1 2.4452137 1.4749751 -0.6065884
1 1.5893783 0.3952027 -1.5042930
1 -1.5722297 0.6739303 1.8785837
1 -1.5399450 2.2848357 0.2352538
1 -0.0758156 2.4380976 0.9151161
1 -0.3407658 1.1978497 -1.7269517
1 0.1530866 2.8024448 -1.4076711
1 0.6471118 0.7288741 2.3273557
8 2.3404922 -1.0646164 0.3739316
6 -1.8255998 -0.7121882 0.1714281
1 -2.0938294 -1.6249397 0.7550862
1 -2.6693365 -0.2060018 -0.3901883
6 -1.3305702 -1.3175992 -1.2946135
7 -0.2692137 -1.8397365 -0.7405955
1 -2.2821157 -1.8354808 -1.5901390
1 -1.2152620 -0.3644031 -2.1611431
1 0.1062332 -1.3348237 1.9342900
23
-442.392208742     6memclf     lactam     hnew3          runpoint      34     runisomer      72
6 1.4274609 0.9956653 -0.6914153
6 1.3831255 -0.2297108 0.2859359
6 0.3055477 -0.2025090 1.5796663
6 -1.0626868 0.4131407 0.9675039
6 -0.6905413 1.7412434 0.3415733
6 0.1532654 1.8236267 -0.8517496
1 2.4787497 1.4675464 -0.6289050
1 1.6202029 0.3693490 -1.5679717
1 -1.5693802 0.6395037 1.9054699
1 -1.5885946 2.2877896 0.2398073
1 -0.1106115 2.4203737 0.9249634
1 -0.3036941 1.1482216 -1.7098368
1 0.1633986 2.7946877 -1.4044990
1 0.6326553 0.7072063 2.3231554
8 2.3491527 -1.0588865 0.3757306
6 -1.8235679 -0.7070228 0.1711311
1 -2.1322894 -1.6208380 0.7492160
1 -2.6182740 -0.2687302 -0.3566227
6 -1.3295241 -1.3254592 -1.3058060
7 -0.2883673 -1.8428795 -0.7430936
1 -2.3158140 -1.8344973 -1.5699037
1 -1.1854715 -0.3730460 -2.1426733
1 0.1210412 -1.2685570 1.9723580
23
-442.412023639     6memclf     lactam     hnew3          runpoint      35     runisomer      72
6 1.4290315 1.0024096 -0.6870004
6 1.3965005 -0.2248061 0.2877576
6 0.2969225 -0.2029325 1.5940146
6 -1.0611750 0.4061527 0.9602040
6 -0.6895962 1.7554296 0.3454950
6 0.1542276 1.8131118 -0.8637786
1 2.4966518 1.4588006 -0.6448398
1 1.6492438 0.3474644 -1.6379700
1 -1.5762728 0.6038723 1.9299442
1 -1.6506182 2.2987095 0.2378912
1 -0.1430812 2.4029399 0.9558028
1 -0.2659070 1.1130159 -1.6797197
1 0.1794957 2.7837711 -1.3910568
1 0.6164394 0.6586915 2.3063014
8 2.3559779 -1.0514011 0.3770319
6 -1.8205840 -0.7017561 0.1720761
1 -2.1680449 -1.6045679 0.7409542
1 -2.5830965 -0.3250786 -0.3254925
6 -1.3291019 -1.3317341 -1.3198307
7 -0.3076105 -1.8461368 -0.7449875
1 -2.3401916 -1.8360676 -1.5496369
1 -1.1601229 -0.3998813 -2.1063098
1 0.1432778 -1.1849205 2.0089771
23
-442.418861458     6memclf     lactam     hnew3          runpoint      36     runisomer      72
6 1.4333541 1.0071394 -0.6840235
6 1.4117294 -0.2211738 0.2925507
6 0.2886405 -0.2010279 1.6058740
6 -1.0578507 0.3976450 0.9546161
6 -0.6909651 1.7700475 0.3488880
6 0.1547230 1.8003624 -0.8786823
1 2.4969749 1.4491791 -0.6539082
1 1.6729073 0.3387578 -1.6974081
1 -1.5898604 0.5674507 1.9452158
1 -1.7101437 2.3097111 0.2309685
1 -0.1688569 2.3914256 1.0096302
1 -0.2315743 1.0921271 -1.6407188
1 0.2006189 2.7715595 -1.3708203
1 0.6006296 0.5918533 2.2818526
8 2.3610972 -1.0422480 0.3778530
6 -1.8148704 -0.6975612 0.1754103
1 -2.1983012 -1.5776474 0.7315779
1 -2.5869718 -0.3610827 -0.3133421
6 -1.3297499 -1.3364469 -1.3364787
7 -0.3265670 -1.8497510 -0.7459901
1 -2.3538339 -1.8388355 -1.5308836
1 -1.1409758 -0.4423159 -2.0564992
1 0.1689667 -1.1040235 2.0490112
23
-442.418827174     6memclf     lactam     hnew3          runpoint      37     runisomer      72
6 1.4405752 1.0093635 -0.6830577
6 1.4283477 -0.2186754 0.3001378
6 0.2808418 -0.1959096 1.6134795
6 -1.0530381 0.3879440 0.9511875
6 -0.6953698 1.7849409 0.3516311
6 0.1549756 1.7858407 -0.8949867
1 2.4811515 1.4403197 -0.6557905
1 1.6894786 0.3464771 -1.7375676
1 -1.6076209 0.5311708 1.9466976
1 -1.7556375 2.3159238 0.2205697
1 -0.1883470 2.3860742 1.0822916
1 -0.2062745 1.0815656 -1.6006696
1 0.2259908 2.7609364 -1.3479824
1 0.5900596 0.5233359 2.2603397
8 2.3647661 -1.0316256 0.3782415
6 -1.8060854 -0.6945934 0.1810923
1 -2.2213772 -1.5443707 0.7239094
1 -2.6345935 -0.3731265 -0.3246879
6 -1.3318680 -1.3399119 -1.3551709
7 -0.3448678 -1.8539512 -0.7458031
1 -2.3569644 -1.8421097 -1.5155781
1 -1.1287503 -0.4932350 -2.0013195
1 0.1935996 -1.0517389 2.1010468
23
-442.417281727     6memclf     lactam     hnew3          runpoint      38     runisomer      72
6 1.4503406 1.0087868 -0.6843049
6 1.4457261 -0.2169980 0.3102759
6 0.2732091 -0.1884137 1.6150109
6 -1.0470042 0.3774055 0.9501252
6 -0.7027465 1.8001146 0.3541327
6 0.1554034 1.7704026 -0.9109155
1 2.4543990 1.4352207 -0.6502355
1 1.6984179 0.3707022 -1.7545132
1 -1.6278468 0.4963110 1.9326197
1 -1.7806122 2.3152056 0.2080526
1 -0.2058480 2.3824866 1.1633003
1 -0.1967030 1.0729646 -1.5707952
1 0.2547550 2.7543683 -1.3265370
1 0.5926635 0.4771020 2.2581294
8 2.3673712 -1.0198532 0.3782733
6 -1.7959975 -0.6919922 0.1875623
1 -2.2370902 -1.5108118 0.7215816
1 -2.7041387 -0.3687846 -0.3473962
6 -1.3358431 -1.3430785 -1.3747631
7 -0.3622272 -1.8589101 -0.7441748
1 -2.3511651 -1.8457751 -1.5059115
1 -1.1219828 -0.5378982 -1.9543062
1 0.2148565 -1.0413173 2.1693739
23
-442.410791246     6memclf     lactam     hnew3          runpoint      39     runisomer      72
6 1.4618095 1.0051686 -0.6877878
6 1.4630649 -0.2156410 0.3226569
6 0.2654132 -0.1809364 1.6102719
6 -1.0399751 0.3664400 0.9513807
6 -0.7126434 1.8154956 0.3570060
6 0.1564928 1.7551272 -0.9248219
1 2.4256755 1.4383290 -0.6368743
1 1.6999985 0.4097248 -1.7471698
1 -1.6496694 0.4642871 1.9039655
1 -1.7827368 2.3072999 0.1945315
1 -0.2260035 2.3758365 1.2401914
1 -0.2087801 1.0570058 -1.5618110
1 0.2858317 2.7523936 -1.3094209
1 0.6143037 0.4698442 2.2867998
8 2.3694272 -1.0073759 0.3780484
6 -1.7865440 -0.6889353 0.1931327
1 -2.2464991 -1.4829051 0.7277618
1 -2.7706932 -0.3560861 -0.3677990
6 -1.3420275 -1.3475240 -1.3936657
7 -0.3784971 -1.8647044 -0.7409581
1 -2.3391792 -1.8501258 -1.5040597
1 -1.1165981 -0.5550229 -1.9325788
1 0.2328655 -1.0610788 2.2448691
23
-442.410679632     6memclf     lactam     hnew3          runpoint      40     runisomer      72
6 1.4738415 0.9983740 -0.6933713
6 1.4794288 -0.2139386 0.3369092
6 0.2580720 -0.1747143 1.6014189
6 -1.0321632 0.3555010 0.9546489
6 -0.7244353 1.8307652 0.3607437
6 0.1584889 1.7406927 -0.9358382
1 2.4053803 1.4547882 -0.6150427
1 1.6954046 0.4601466 -1.7172260
1 -1.6730881 0.4365073 1.8642423
1 -1.7635503 2.2934941 0.1807674
1 -0.2516411 2.3635097 1.3027058
1 -0.2438005 1.0313314 -1.5766639
1 0.3177999 2.7531313 -1.2982086
1 0.6502350 0.4946560 2.3375961
8 2.3715577 -0.9947566 0.3776920
6 -1.7788646 -0.6851079 0.1967465
1 -2.2507549 -1.4643853 0.7438534
1 -2.8189383 -0.3397297 -0.3780943
6 -1.3503911 -1.3542125 -1.4108081
7 -0.3936955 -1.8712980 -0.7361419
1 -2.3249108 -1.8558758 -1.5118595
1 -1.1095953 -0.5318846 -1.9455409
1 0.2477497 -1.0903990 2.3121758
23
-442.420649867     6memclf     lactam     hnew3          runpoint      41     runisomer      72
6 1.4854712 0.9886527 -0.7005597
6 1.4938268 -0.2111344 0.3526178
6 0.2524713 -0.1695841 1.5913590
6 -1.0237724 0.3450574 0.9593908
6 -0.7372779 1.8453377 0.3656251
6 0.1611786 1.7270327 -0.9440630
1 2.3995710 1.4878937 -0.5840416
1 1.6871906 0.5160289 -1.6710238
1 -1.6989677 0.4142652 1.8190213
1 -1.7292290 2.2768137 0.1668568
1 -0.2835925 2.3452806 1.3442978
1 -0.2963358 1.0038254 -1.6081628
1 0.3489530 2.7531305 -1.2933664
1 0.6889983 0.5329988 2.3903669
8 2.3744388 -0.9826243 0.3773407
6 -1.7735538 -0.6806750 0.1979574
1 -2.2498680 -1.4556142 0.7687387
1 -2.8415186 -0.3222481 -0.3750724
6 -1.3601021 -1.3622107 -1.4264320
7 -0.4080074 -1.8785448 -0.7298613
1 -2.3132700 -1.8642023 -1.5305753
1 -1.1040538 -0.4797686 -1.9857619
1 0.2590502 -1.1142764 2.3595947
23
-442.423888315     6memclf     lactam     hnew3          runpoint      42     runisomer      72
6 1.4962894 0.9770304 -0.7080441
6 1.5053586 -0.2065044 0.3693515
6 0.2497350 -0.1651942 1.5822073
6 -1.0150079 0.3355545 0.9649334
6 -0.7499634 1.8583772 0.3717581
6 0.1640765 1.7137805 -0.9500270
1 2.4050169 1.5359172 -0.5442573
1 1.6800625 0.5674845 -1.6235125
1 -1.7286588 0.3986031 1.7748138
1 -1.6917980 2.2623962 0.1516648
1 -0.3211252 2.3227146 1.3621339
1 -0.3570830 0.9859272 -1.6451187
1 0.3775297 2.7487393 -1.2946713
1 0.7212120 0.5707971 2.4296969
8 2.3786952 -0.9715825 0.3771273
6 -1.7709457 -0.6760960 0.1967506
1 -2.2425452 -1.4541038 0.7990324
1 -2.8356309 -0.3051818 -0.3580487
6 -1.3699253 -1.3697913 -1.4412882
7 -0.4217699 -1.8861898 -0.7223918
1 -2.3089328 -1.8762831 -1.5607911
1 -1.1058564 -0.4213063 -2.0386909
1 0.2663266 -1.1246640 2.3808740
23
-442.411824825     6memclf     lactam     hnew3          runpoint      43     runisomer      72
6 1.5062316 0.9652860 -0.7134231
6 1.5133990 -0.1995342 0.3866735
6 0.2505802 -0.1613519 1.5751484
6 -1.0061408 0.3273886 0.9706271
6 -0.7610105 1.8688661 0.3791119
6 0.1667047 1.7007367 -0.9541942
1 2.4117334 1.5920073 -0.4981761
1 1.6811795 0.6010161 -1.6001635
1 -1.7628841 0.3901360 1.7371761
1 -1.6678563 2.2568533 0.1324717
1 -0.3621552 2.2987817 1.3571153
1 -0.4169485 0.9857776 -1.6782293
1 0.4019887 2.7372060 -1.3015469
1 0.7416714 0.6005474 2.4477708
8 2.3847721 -0.9620936 0.3771722
6 -1.7711536 -0.6719073 0.1934014
1 -2.2271173 -1.4562221 0.8301991
1 -2.8015117 -0.2895265 -0.3279885
6 -1.3788848 -1.3758755 -1.4558060
7 -0.4354290 -1.8939057 -0.7141224
1 -2.3141309 -1.8923194 -1.6022680
1 -1.1185855 -0.3736770 -2.0930941
1 0.2694835 -1.1180926 2.3736475
23
-442.398746326     6memclf     lactam     hnew3          runpoint      44     runisomer      72
6 1.5152825 0.9550445 -0.7144635
6 1.5177558 -0.1900711 0.4041530
6 0.2553706 -0.1579083 1.5707275
6 -0.9975929 0.3208799 0.9759998
6 -0.7693899 1.8758854 0.3873336
6 0.1687101 1.6879195 -0.9568454
1 2.4098013 1.6475368 -0.4498449
1 1.6971024 0.6070456 -1.6225248
1 -1.8002795 0.3889060 1.7089956
1 -1.6703331 2.2648919 0.1064597
1 -0.4031112 2.2778675 1.3345962
1 -0.4689537 1.0065795 -1.7015306
1 0.4212279 2.7173265 -1.3132654
1 0.7481532 0.6188166 2.4417766
8 2.3928211 -0.9543616 0.3775893
6 -1.7739257 -0.6685829 0.1884049
1 -2.2026108 -1.4587706 0.8577902
1 -2.7430130 -0.2754763 -0.2877269
6 -1.3865430 -1.3802273 -1.4700966
7 -0.4494445 -1.9013527 -0.7054860
1 -2.3271707 -1.9108070 -1.6536694
1 -1.1428314 -0.3458792 -2.1422624
1 0.2688463 -1.0942527 2.3383114
23
-442.406899255     6memclf     lactam     hnew3          runpoint      45     runisomer      72
6 1.5236384 0.9467024 -0.7114313
6 1.5187318 -0.1783897 0.4213797
6 0.2641809 -0.1545707 1.5689820
6 -0.9899352 0.3162669 0.9807876
6 -0.7754531 1.8789493 0.3953610
6 0.1698639 1.6754450 -0.9581319
1 2.3931547 1.6951997 -0.4034395
1 1.7281798 0.5896029 -1.6821355
1 -1.8369310 0.3943524 1.6903118
1 -1.6977321 2.2849977 0.0742448
1 -0.4387485 2.2659986 1.3054050
1 -0.5084504 1.0476604 -1.7118257
1 0.4347328 2.6896824 -1.3290655
1 0.7403228 0.6244577 2.4119267
8 2.4026545 -0.9482921 0.3784906
6 -1.7783779 -0.6665667 0.1825258
1 -2.1693385 -1.4597566 0.8782208
1 -2.6702231 -0.2612334 -0.2431307
6 -1.3929335 -1.3831022 -1.4841861
7 -0.4642127 -1.9082241 -0.6969011
1 -2.3432017 -1.9288837 -1.7124406
1 -1.1772710 -0.3416434 -2.1821539
1 0.2651739 -1.0562768 2.2782228
23
-442.424645122     6memclf     lactam     hnew3          runpoint      46     runisomer      72
6 1.5316071 0.9398254 -0.7063656
6 1.5170495 -0.1651324 0.4379623
6 0.2768033 -0.1506844 1.5693263
6 -0.9837507 0.3137138 0.9848575
6 -0.7806843 1.8779600 0.4014657
6 0.1700521 1.6634427 -0.9581167
1 2.3597159 1.7300882 -0.3623955
1 1.7695365 0.5605274 -1.7500553
1 -1.8675159 0.4054168 1.6795917
1 -1.7362946 2.3103958 0.0406905
1 -0.4630234 2.2702716 1.2843921
1 -0.5330561 1.1054706 -1.7082133
1 0.4426695 2.6566128 -1.3482057
1 0.7194182 0.6181533 2.3610455
8 2.4138009 -0.9435339 0.3799965
6 -1.7827026 -0.6664650 0.1768569
1 -2.1290324 -1.4585142 0.8891452
1 -2.6029007 -0.2407744 -0.2044339
6 -1.3983640 -1.3849285 -1.4981370
7 -0.4800172 -1.9142703 -0.6887212
1 -2.3565218 -1.9435530 -1.7751111
1 -1.2194672 -0.3616768 -2.2101320
1 0.2596010 -1.0128942 2.2012892
23
-442.428450825     6memclf     lactam     hnew3          runpoint      47     runisomer      72
6 1.5392824 0.9339731 -0.7009478
6 1.5136872 -0.1511520 0.4535064
6 0.2927427 -0.1450356 1.5703199
6 -0.9794665 0.3133281 0.9881262
6 -0.7864747 1.8730547 0.4042009
6 0.1692990 1.6520681 -0.9567490
1 2.3105361 1.7497522 -0.3291517
1 1.8158640 0.5295928 -1.8024852
1 -1.8870355 0.4207207 1.6751326
1 -1.7714068 2.3338119 0.0116524
1 -0.4721315 2.2957613 1.2824089
1 -0.5430670 1.1738855 -1.6923464
1 0.4459071 2.6219086 -1.3699231
1 0.6886935 0.6032888 2.2955864
8 2.4256234 -0.9395884 0.3822332
6 -1.7844973 -0.6690943 0.1725773
1 -2.0847226 -1.4556795 0.8897375
1 -2.5668604 -0.2037023 -0.1840238
6 -1.4032417 -1.3861470 -1.5120482
7 -0.4970217 -1.9193069 -0.6812127
1 -2.3625843 -1.9528438 -1.8378667
1 -1.2661313 -0.4042368 -2.2247002
1 0.2532609 -0.9816390 2.1217593
23
-442.424071871     6memclf     lactam     hnew3          runpoint      48     runisomer      72
6 1.5464608 0.9288244 -0.6960293
6 1.5096921 -0.1373390 0.4676139
6 0.3112147 -0.1363117 1.5697928
6 -0.9772589 0.3151752 0.9905252
6 -0.7933501 1.8647805 0.4034324
6 0.1678468 1.6415645 -0.9537976
1 2.2492684 1.7543471 -0.3049492
1 1.8631504 0.5026760 -1.8265916
1 -1.8919928 0.4387262 1.6757568
1 -1.7935526 2.3500371 -0.0086389
1 -0.4676869 2.3409795 1.2966290
1 -0.5423922 1.2443469 -1.6692317
1 0.4459002 2.5900693 -1.3932880
1 0.6544239 0.5882849 2.2277788
8 2.4374541 -0.9359222 0.3853269
6 -1.7825644 -0.6746407 0.1700519
1 -2.0404442 -1.4533888 0.8811387
1 -2.5729910 -0.1454112 -0.1865317
6 -1.4079836 -1.3872351 -1.5259638
7 -0.5152880 -1.9232074 -0.6745506
1 -2.3589339 -1.9563888 -1.8971087
1 -1.3131747 -0.4644864 -2.2260727
1 0.2465587 -0.9860894 2.0567230
23
-442.424506531     6memclf     lactam     hnew3          runpoint      49     runisomer      72
6 1.5527014 0.9240120 -0.6919803
6 1.5060456 -0.1244701 0.4798927
6 0.3311048 -0.1250105 1.5658808
6 -0.9770661 0.3192774 0.9919833
6 -0.8010660 1.8541070 0.4001304
6 0.1662174 1.6323041 -0.9488297
1 2.1820082 1.7471286 -0.2894533
1 1.9085027 0.4830870 -1.8169730
1 -1.8808574 0.4578759 1.6810052
1 -1.7983493 2.3560468 -0.0180580
1 -0.4554618 2.3978265 1.3134506
1 -0.5390559 1.3069018 -1.6475536
1 0.4443661 2.5651412 -1.4169328
1 0.6261165 0.5887818 2.1768515
8 2.4486922 -0.9320588 0.3893960
6 -1.7779319 -0.6817984 0.1684080
1 -2.0006949 -1.4553326 0.8666497
1 -2.6055276 -0.0773614 -0.2039946
6 -1.4129536 -1.3888671 -1.5397142
7 -0.5347988 -1.9258842 -0.6688269
1 -2.3453847 -1.9555080 -1.9498746
1 -1.3559228 -0.5330981 -2.2175397
1 0.2397450 -1.0356980 2.0127494
23
-442.421881459     6memclf     lactam     hnew3          runpoint      50     runisomer      72
6 1.5573914 0.9189936 -0.6889824
6 1.5035800 -0.1131347 0.4899906
6 0.3511776 -0.1140984 1.5579850
6 -0.9786302 0.3255814 0.9924090
6 -0.8090449 1.8420764 0.3954102
6 0.1650529 1.6246865 -0.9414114
1 2.1169974 1.7349561 -0.2802999
1 1.9497963 0.4725901 -1.7727234
1 -1.8542043 0.4767453 1.6911887
1 -1.7853344 2.3506032 -0.0163198
1 -0.4415066 2.4562424 1.3194498
1 -0.5428054 1.3526531 -1.6372326
1 0.4427829 2.5495026 -1.4388013
1 0.6120778 0.6210702 2.1615630
8 2.4588551 -0.9276227 0.3945331
6 -1.7721464 -0.6887078 0.1664577
1 -1.9696103 -1.4657028 0.8507549
1 -2.6426742 -0.0167822 -0.2256789
6 -1.4184154 -1.3920938 -1.5527215
7 -0.5554933 -1.9272871 -0.6640693
1 -2.3238019 -1.9530107 -1.9941876
1 -1.3896500 -0.5944345 -2.2072732
1 0.2351164 -1.1115968 1.9818007
23
-442.413952829     6memclf     lactam     hnew3          runpoint      51     runisomer      72
6 1.5598673 0.9131050 -0.6870646
6 1.5029394 -0.1037283 0.4976440
6 0.3707904 -0.1056771 1.5470362
6 -0.9814969 0.3339268 0.9917072
6 -0.8165922 1.8295048 0.3900567
6 0.1646346 1.6189483 -0.9316005
1 2.0632380 1.7274478 -0.2732416
1 1.9857186 0.4715605 -1.6967567
1 -1.8147256 0.4941930 1.7074146
1 -1.7574986 2.3342060 -0.0048549
1 -0.4300917 2.5077775 1.3067474
1 -0.5588345 1.3768896 -1.6434833
1 0.4419089 2.5432072 -1.4561761
1 0.6118950 0.6828313 2.1832053
8 2.4676037 -0.9223535 0.4007957
6 -1.7661436 -0.6940684 0.1634635
1 -1.9500210 -1.4868049 0.8368669
1 -2.6707648 0.0241798 -0.2446663
6 -1.4244627 -1.3982202 -1.5640553
7 -0.5772903 -1.9273980 -0.6602565
1 -2.2975933 -1.9527292 -2.0293301
1 -1.4106033 -0.6285273 -2.2074799
1 0.2360438 -1.1867047 1.9544986
23
-442.410810447     6memclf     lactam     hnew3          runpoint      52     runisomer      72
6 1.5595868 0.9059640 -0.6858191
6 1.5045813 -0.0964556 0.5026990
6 0.3898461 -0.0995219 1.5349332
6 -0.9850263 0.3440410 0.9898041
6 -0.8228750 1.8168625 0.3845667
6 0.1645455 1.6150799 -0.9202520
1 2.0273800 1.7329046 -0.2639930
1 2.0166474 0.4782196 -1.5972918
1 -1.7669033 0.5094626 1.7314795
1 -1.7217319 2.3095104 0.0129781
1 -0.4235567 2.5465001 1.2727207
1 -0.5834504 1.3799117 -1.6629225
1 0.4415755 2.5442503 -1.4660902
1 0.6190393 0.7526104 2.2258090
8 2.4747436 -0.9161058 0.4082022
6 -1.7603720 -0.6973894 0.1593008
1 -1.9429308 -1.5168786 0.8253900
1 -2.6835527 0.0393454 -0.2576798
6 -1.4309931 -1.4079201 -1.5731683
7 -0.6001028 -1.9262212 -0.6573244
1 -2.2708659 -1.9587002 -2.0559265
1 -1.4170200 -0.6226594 -2.2256191
1 0.2448356 -1.2425788 1.9262306
23
-442.413829858     6memclf     lactam     hnew3          runpoint      53     runisomer      72
6 1.5561628 0.8980874 -0.6839156
6 1.5087849 -0.0913355 0.5051095
6 0.4082093 -0.0947291 1.5232961
6 -0.9884863 0.3555545 0.9866950
6 -0.8268551 1.8042393 0.3792970
6 0.1639850 1.6129266 -0.9086745
1 2.0107444 1.7526277 -0.2511242
1 2.0468705 0.4869885 -1.4907752
1 -1.7159074 0.5221152 1.7652503
1 -1.6893520 2.2817529 0.0316942
1 -0.4226584 2.5688385 1.2185232
1 -0.6075171 1.3648751 -1.6868942
1 0.4408735 2.5495608 -1.4659449
1 0.6284203 0.8098385 2.2725143
8 2.4802150 -0.9088408 0.4167305
6 -1.7550632 -0.6988150 0.1543237
1 -1.9477111 -1.5502536 0.8139905
1 -2.6789393 0.0264805 -0.2636746
6 -1.4377666 -1.4203994 -1.5806936
7 -0.6238433 -1.9237746 -0.6551602
1 -2.2473541 -1.9740773 -2.0757502
1 -1.4092534 -0.5825426 -2.2553512
1 0.2623937 -1.2698902 1.8957623
23
-442.415598516     6memclf     lactam     hnew3          runpoint      54     runisomer      72
6 1.5491062 0.8910129 -0.6791119
6 1.5156382 -0.0882007 0.5049323
6 0.4255994 -0.0906701 1.5130721
6 -0.9912380 0.3680434 0.9825403
6 -0.8274474 1.7914311 0.3744724
6 0.1622668 1.6122479 -0.8981104
1 2.0097967 1.7801122 -0.2366436
1 2.0869002 0.4878385 -1.4016304
1 -1.6657944 0.5317547 1.8092062
1 -1.6741607 2.2577434 0.0446225
1 -0.4267458 2.5735943 1.1482109
1 -0.6223447 1.3357835 -1.7070070
1 0.4385863 2.5561502 -1.4540932
1 0.6378376 0.8428226 2.3123684
8 2.4840842 -0.9006215 0.4263287
6 -1.7503305 -0.6988229 0.1491217
1 -1.9626703 -1.5797146 0.7996239
1 -2.6573643 -0.0139066 -0.2630998
6 -1.4444756 -1.4340630 -1.5879143
7 -0.6484343 -1.9200786 -0.6536293
1 -2.2294420 -2.0001719 -2.0912574
1 -1.3897500 -0.5255301 -2.2829582
1 0.2885510 -1.2651897 1.8635504
23
-442.417946804     6memclf     lactam     hnew3          runpoint      55     runisomer      72
6 1.5380786 0.8863534 -0.6696593
6 1.5250016 -0.0867214 0.5023342
6 0.4417364 -0.0869580 1.5047029
6 -0.9928824 0.3810547 0.9777782
6 -0.8241575 1.7782450 0.3699416
6 0.1590117 1.6127124 -0.8894645
1 2.0192247 1.8061092 -0.2236126
1 2.1476104 0.4725739 -1.3485059
1 -1.6181682 0.5378020 1.8608422
1 -1.6852434 2.2418312 0.0470274
1 -0.4336346 2.5625786 1.0686870
1 -0.6222612 1.2966522 -1.7176347
1 0.4336416 2.5619846 -1.4302151
1 0.6467078 0.8465939 2.3392803
8 2.4865417 -0.8916079 0.4369160
6 -1.7460912 -0.6980281 0.1443421
1 -1.9855755 -1.5990115 0.7803532
1 -2.6220453 -0.0784543 -0.2579693
6 -1.4508208 -1.4476137 -1.5958903
7 -0.6738215 -1.9151491 -0.6525837
1 -2.2175856 -2.0361154 -2.1049074
1 -1.3625752 -0.4679867 -2.2979266
1 0.3222783 -1.2292291 1.8311282
23
-442.434016116     6memclf     lactam     hnew3          runpoint      56     runisomer      72
6 1.5240736 0.8845266 -0.6559729
6 1.5364801 -0.0864361 0.4976037
6 0.4564561 -0.0831638 1.4982789
6 -0.9932596 0.3941124 0.9731242
6 -0.8177477 1.7647332 0.3649173
6 0.1540968 1.6138846 -0.8832600
1 2.0341785 1.8231715 -0.2140770
1 2.2244857 0.4453799 -1.3270520
1 -1.5725562 0.5396391 1.9145126
1 -1.7195634 2.2320117 0.0390604
1 -0.4392961 2.5418840 0.9899976
1 -0.6046293 1.2511949 -1.7160109
1 0.4254372 2.5665015 -1.3954774
1 0.6551171 0.8201103 2.3501564
8 2.4879047 -0.8820541 0.4483948
6 -1.7418386 -0.6971760 0.1406718
1 -2.0139964 -1.6043084 0.7561538
1 -2.5809222 -0.1597091 -0.2527292
6 -1.4566225 -1.4603676 -1.6053041
7 -0.6999657 -1.9090120 -0.6518536
1 -2.2102568 -2.0791664 -2.1185262
1 -1.3323399 -0.4209406 -2.2954068
1 0.3616398 -1.1674963 1.8012048
23
-442.452348346     6memclf     lactam     hnew3          runpoint      57     runisomer      72
6 1.5091872 0.8850368 -0.6397398
6 1.5494210 -0.0867867 0.4911191
6 0.4697565 -0.0784876 1.4935481
6 -0.9923545 0.4066865 0.9694046
6 -0.8099735 1.7509626 0.3581415
6 0.1475911 1.6152288 -0.8796459
1 2.0509172 1.8268941 -0.2087259
1 2.2996747 0.4183744 -1.3206836
1 -1.5279755 0.5370434 1.9631808
1 -1.7646740 2.2220409 0.0246032
1 -0.4381176 2.5224430 0.9245120
1 -0.5694336 1.2026719 -1.7018907
1 0.4139706 2.5707852 -1.3524709
1 0.6635028 0.7651562 2.3441311
8 2.4886141 -0.8723072 0.4606585
6 -1.7363782 -0.6971903 0.1389236
1 -2.0455582 -1.5947924 0.7290624
1 -2.5492014 -0.2451176 -0.2555278
6 -1.4618569 -1.4720999 -1.6166212
7 -0.7268292 -1.9017131 -0.6512216
1 -2.2044812 -2.1254464 -2.1331678
1 -1.3034601 -0.3910030 -2.2744909
1 0.4036695 -1.0928511 1.7781956
23
-442.454523078     6memclf     lactam     hnew3          runpoint      58     runisomer      72
6 1.4952881 0.8873933 -0.6224331
6 1.5629624 -0.0871575 0.4833161
6 0.4817518 -0.0715617 1.4898091
6 -0.9902062 0.4181939 0.9673575
6 -0.8026550 1.7369015 0.3485092
6 0.1397548 1.6161492 -0.8784358
1 2.0668286 1.8156502 -0.2072319
1 2.3573505 0.4009912 -1.3172767
1 -1.4841549 0.5304748 2.0006093
1 -1.8072967 2.2063644 0.0080266
1 -0.4250877 2.5161642 0.8828553
1 -0.5191729 1.1536418 -1.6775689
1 0.3997825 2.5772794 -1.3048824
1 0.6727391 0.6870085 2.3232115
8 2.4892211 -0.8627898 0.4735940
6 -1.7280484 -0.6988613 0.1399247
1 -2.0782903 -1.5729032 0.7030912
1 -2.5460744 -0.3206329 -0.2768925
6 -1.4666025 -1.4828327 -1.6301999
7 -0.7543810 -1.8933174 -0.6504113
1 -2.1967441 -2.1708551 -2.1494823
1 -1.2798863 -0.3819127 -2.2365397
1 0.4446773 -1.0282128 1.7686362
23
-442.449830104     6memclf     lactam     hnew3          runpoint      59     runisomer      72
6 1.4835631 0.8913319 -0.6050714
6 1.5761071 -0.0869414 0.4746864
6 0.4924872 -0.0611508 1.4858499
6 -0.9868527 0.4280198 0.9675145
6 -0.7969230 1.7229724 0.3357120
6 0.1310814 1.6161343 -0.8791404
1 2.0804685 1.7903572 -0.2084685
1 2.3887158 0.3977637 -1.3113816
1 -1.4418959 0.5210528 2.0227398
1 -1.8379195 2.1821816 -0.0074829
1 -0.3998524 2.5268640 0.8677881
1 -0.4589074 1.1054188 -1.6482293
1 0.3836491 2.5887429 -1.2568436
1 0.6846573 0.5966558 2.2947491
8 2.4903485 -0.8539646 0.4870849
6 -1.7161449 -0.7020678 0.1438238
1 -2.1111170 -1.5439916 0.6838216
1 -2.5776915 -0.3805191 -0.3212327
6 -1.4709712 -1.4927004 -1.6463061
7 -0.7826021 -1.8839106 -0.6490870
1 -2.1837875 -2.2118893 -2.1681644
1 -1.2650378 -0.3952940 -2.1844261
1 0.4815795 -1.0002674 1.7791933
23
-442.454041082     6memclf     lactam     hnew3          runpoint      60     runisomer      72
6 1.4746338 0.8966732 -0.5884224
6 1.5878453 -0.0856278 0.4657758
6 0.5017322 -0.0482063 1.4801648
6 -0.9822799 0.4356003 0.9701608
6 -0.7930841 1.7103276 0.3203356
6 0.1223008 1.6149747 -0.8810446
1 2.0917575 1.7545100 -0.2105223
1 2.3901534 0.4100229 -1.3015493
1 -1.4029691 0.5103490 2.0282694
1 -1.8511959 2.1491378 -0.0200995
1 -0.3679745 2.5467169 0.8732054
1 -0.3958048 1.0574289 -1.6218811
1 0.3661274 2.6065224 -1.2121456
1 0.7030407 0.5127959 2.2753511
8 2.4926189 -0.8462726 0.5010200
6 -1.7017651 -0.7058416 0.1496446
1 -2.1441727 -1.5145415 0.6770457
1 -2.6275722 -0.4285556 -0.3804392
6 -1.4750591 -1.5019191 -1.6650554
7 -0.8114804 -1.8736031 -0.6468798
1 -2.1630477 -2.2461684 -2.1901744
1 -1.2616778 -0.4303381 -2.1225363
1 0.5130495 -1.0171673 1.8100793
