23
-442.511905 6memclf lactam hnew3  runpoint 1  runisomer  59
6 1.4160331 0.8932659 -0.6735930
6 1.3523645 -0.4110888 0.1267175
6 0.2912212 -0.3553838 1.3309658
6 -1.0145200 0.3204040 1.0347542
6 -0.7416543 1.7108284 0.3953819
6 0.1233701 1.6972051 -0.8500959
1 2.2561433 1.4407245 -0.0296235
1 2.0148505 0.6501687 -1.5630807
1 -1.7195178 0.5634644 1.8413333
1 -1.6345805 2.2359068 0.1369692
1 -0.2487754 2.2883498 1.1351999
1 -0.3889600 1.1302910 -1.7554013
1 0.3927763 2.7384346 -1.3435667
1 0.8405645 0.2001894 2.0796628
8 2.3086319 -1.0906377 0.3186091
6 -1.8996927 -0.5885687 0.2083364
1 -2.1184900 -1.5447258 0.8688674
1 -2.8264431 0.0127490 0.0088369
6 -1.3374364 -1.1282501 -1.1911338
7 -0.0981772 -1.4858706 -0.6889482
1 -2.0966352 -1.8526750 -1.4133037
1 -1.5722225 -0.2169648 -1.9417715
1 0.2488545 -1.3357842 1.8916840
23
-442.459207559 6memclf lactam hnew3  runpoint 2  runisomer  59
6 1.41522 0.903078 -0.672593
6 1.34914 -0.403752 0.116887
6 0.286787 -0.36502 1.33349
6 -1.01157 0.317877 1.03595
6 -0.754743 1.71974 0.387383
6 0.124188 1.68977 -0.866733
1 2.31208 1.44306 0.0386184
1 1.96594 0.637151 -1.59698
1 -1.67272 0.528893 1.81012
1 -1.66836 2.26975 0.0738529
1 -0.200182 2.26529 1.12749
1 -0.379849 1.19574 -1.71642
1 0.364221 2.79918 -1.31147
1 0.853855 0.220478 2.16482
8 2.31095 -1.09845 0.320434
6 -1.90721 -0.587409 0.227578
1 -2.1126 -1.48343 0.817509
1 -2.81523 0.0144447 0.0363039
6 -1.33429 -1.13232 -1.19102
7 -0.0892144 -1.49432 -0.684002
1 -2.04195 -1.81261 -1.42874
1 -1.60445 -0.256189 -1.93106
1 0.253331 -1.30811 1.86359
23
-442.451306009     6memclf     lactam     hnew3          runpoint      3     runisomer      59
6 1.4171562 0.9134331 -0.6703239
6 1.3444130 -0.3957445 0.1076307
6 0.2833879 -0.3736160 1.3377728
6 -1.0082512 0.3156198 1.0349612
6 -0.7678367 1.7284730 0.3784932
6 0.1257783 1.6835269 -0.8847200
1 2.3442066 1.4380668 0.0885697
1 1.9132524 0.6283373 -1.6290921
1 -1.6323104 0.4974330 1.8027344
1 -1.7009006 2.2999764 0.0178274
1 -0.1512132 2.2495352 1.1255584
1 -0.3716297 1.2643073 -1.6739804
1 0.3308302 2.8368349 -1.2666480
1 0.8633282 0.2376149 2.2354627
8 2.3140867 -1.1067963 0.3221856
6 -1.9151425 -0.5860480 0.2471389
1 -2.1095651 -1.4215234 0.7657300
1 -2.8043558 0.0092872 0.0596975
6 -1.3296920 -1.1331856 -1.1904332
7 -0.0810612 -1.5028081 -0.6800628
1 -2.0060421 -1.8048383 -1.4506724
1 -1.6229579 -0.3043304 -1.9116080
1 0.2532467 -1.2872591 1.8313321
23
-442.416906067     6memclf     lactam     hnew3          runpoint      4     runisomer      59
6 1.4218850 0.9241069 -0.6670191
6 1.3388290 -0.3878938 0.0993008
6 0.2815317 -0.3794734 1.3434830
6 -1.0039799 0.3135380 1.0309718
6 -0.7807591 1.7372689 0.3688316
6 0.1287988 1.6801135 -0.9014859
1 2.3499247 1.4256116 0.1153714
1 1.8594263 0.6250759 -1.6556275
1 -1.6079330 0.4731328 1.8313053
1 -1.7238844 2.3220597 -0.0256864
1 -0.1087949 2.2390894 1.1238586
1 -0.3768330 1.3214676 -1.6522078
1 0.2950646 2.8485425 -1.2116698
1 0.8646387 0.2461406 2.2834443
8 2.3174612 -1.1151634 0.3237076
6 -1.9224826 -0.5824373 0.2651026
1 -2.1160411 -1.3897267 0.7338798
1 -2.7984999 0.0009056 0.0773943
6 -1.3230777 -1.1306959 -1.1886453
7 -0.0736670 -1.5111443 -0.6770984
1 -1.9966487 -1.8389385 -1.4804049
1 -1.6267962 -0.3523865 -1.8883367
1 0.2479071 -1.2872784 1.8028480
23
-442.389744137     6memclf     lactam     hnew3          runpoint      5     runisomer      59
6 1.4291464 0.9348412 -0.6629863
6 1.3329501 -0.3810096 0.0921560
6 0.2814535 -0.3816395 1.3502278
6 -0.9991706 0.3118350 1.0244963
6 -0.7930958 1.7461377 0.3586468
6 0.1338941 1.6806370 -0.9146312
1 2.3291598 1.4068651 0.1164767
1 1.8077165 0.6279600 -1.6740410
1 -1.5970845 0.4560248 1.8919508
1 -1.7331300 2.3336958 -0.0532418
1 -0.0792210 2.2322735 1.1176169
1 -0.4075916 1.3561991 -1.6725854
1 0.2599444 2.8349734 -1.1501629
1 0.8562144 0.2433733 2.3051806
8 2.3205716 -1.1230865 0.3248676
6 -1.9283694 -0.5749249 0.2800402
1 -2.1374794 -1.4134349 0.7371189
1 -2.8020730 -0.0069163 0.0880690
6 -1.3152586 -1.1266270 -1.1853390
7 -0.0669500 -1.5191336 -0.6750726
1 -2.0029638 -1.9041485 -1.5124409
1 -1.6173018 -0.3893262 -1.8687841
1 0.2370307 -1.3160839 1.7826810
23
-442.401834068     6memclf     lactam     hnew3          runpoint      6     runisomer      59
6 1.4384547 0.9453638 -0.6585420
6 1.3272240 -0.3758144 0.0863568
6 0.2831934 -0.3804741 1.3580184
6 -0.9948843 0.3108985 1.0171501
6 -0.8043805 1.7548538 0.3482149
6 0.1402880 1.6847367 -0.9240124
1 2.2842576 1.3840943 0.0915125
1 1.7617154 0.6368588 -1.6832863
1 -1.5892181 0.4438081 1.9673725
1 -1.7279174 2.3345469 -0.0633845
1 -0.0667398 2.2284046 1.1041469
1 -0.4588921 1.3711829 -1.7299969
1 0.2288769 2.8009531 -1.0865049
1 0.8380059 0.2281960 2.2997396
8 2.3230174 -1.1301694 0.3255674
6 -1.9329188 -0.5649806 0.2924809
1 -2.1702143 -1.4792368 0.7675879
1 -2.8174700 -0.0117006 0.0911020
6 -1.3072774 -1.1234924 -1.1803557
7 -0.0608451 -1.5265859 -0.6739681
1 -2.0091812 -1.9808027 -1.5388860
1 -1.5977117 -0.4050272 -1.8613959
1 0.2209961 -1.3676881 1.7684705
23
-442.424971726     6memclf     lactam     hnew3          runpoint      7     runisomer      59
6 1.4489990 0.9553228 -0.6541064
6 1.3219795 -0.3728929 0.0819805
6 0.2865658 -0.3772744 1.3670135
6 -0.9919651 0.3110650 1.0105532
6 -0.8141536 1.7629641 0.3378129
6 0.1461050 1.6909634 -0.9310835
1 2.2216055 1.3614360 0.0437240
1 1.7249957 0.6510055 -1.6838943
1 -1.5756226 0.4345922 2.0397814
1 -1.7107620 2.3261892 -0.0566762
1 -0.0730882 2.2277311 1.0829648
1 -0.5121241 1.3764974 -1.8007173
1 0.2053392 2.7570510 -1.0257650
1 0.8114024 0.2009638 2.2686613
8 2.3245006 -1.1360948 0.3257411
6 -1.9370332 -0.5555540 0.3037486
1 -2.2053102 -1.5532107 0.8073563
1 -2.8432736 -0.0135886 0.0870696
6 -1.2996965 -1.1230255 -1.1736561
7 -0.0553186 -1.5333354 -0.6737698
1 -2.0054182 -2.0527279 -1.5545455
1 -1.5708029 -0.3955821 -1.8706182
1 0.2010039 -1.4264497 1.7542689
23
-442.425637388     6memclf     lactam     hnew3          runpoint      8     runisomer      59
6 1.4593000 0.9640941 -0.6505272
6 1.3174457 -0.3726648 0.0790349
6 0.2910948 -0.3735244 1.3769587
6 -0.9907890 0.3125308 1.0058152
6 -0.8219333 1.7697820 0.3277169
6 0.1498216 1.6974637 -0.9370106
1 2.1555187 1.3469298 -0.0162336
1 1.7007617 0.6691162 -1.6778930
1 -1.5523971 0.4275984 2.0971025
1 -1.6878867 2.3123940 -0.0359378
1 -0.0973547 2.2312797 1.0556399
1 -0.5516624 1.3800536 -1.8651225
1 0.1923116 2.7206071 -0.9730990
1 0.7801610 0.1644893 2.2176222
8 2.3248274 -1.1406381 0.3253575
6 -1.9417257 -0.5485318 0.3145804
1 -2.2360331 -1.6112974 0.8443805
1 -2.8742939 -0.0150558 0.0777685
6 -1.2928231 -1.1256870 -1.1656333
7 -0.0503390 -1.5392608 -0.6744446
1 -1.9876585 -2.1095379 -1.5573035
1 -1.5369073 -0.3665388 -1.8927688
1 0.1787823 -1.4770359 1.7354739
23
-442.401225439     6memclf     lactam     hnew3          runpoint      9     runisomer      59
6 1.4668712 0.9705189 -0.6494588
6 1.3137827 -0.3753350 0.0774656
6 0.2958731 -0.3706928 1.3867377
6 -0.9913861 0.3153762 1.0035761
6 -0.8271863 1.7743967 0.3181790
6 0.1506643 1.7024635 -0.9423758
1 2.1122015 1.3550599 -0.0660803
1 1.6915222 0.6895454 -1.6685800
1 -1.5190579 0.4228131 2.1326599
1 -1.6695643 2.2992459 -0.0062622
1 -0.1358331 2.2408587 1.0258553
1 -0.5691773 1.3863897 -1.9124631
1 0.1917183 2.7109642 -0.9322144
1 0.7524073 0.1262636 2.1599744
8 2.3238895 -1.1436634 0.3244145
6 -1.9478326 -0.5446556 0.3251403
1 -2.2587896 -1.6419511 0.8729420
1 -2.9038406 -0.0192146 0.0656028
6 -1.2868360 -1.1310585 -1.1570248
7 -0.0458389 -1.5442907 -0.6759190
1 -1.9552074 -2.1451083 -1.5469208
1 -1.4952289 -0.3293510 -1.9185572
1 0.1561402 -1.5091590 1.7103339
23
-442.367909704     6memclf     lactam     hnew3          runpoint      10     runisomer      59
6 1.4692283 0.9732997 -0.6524928
6 1.3111094 -0.3808542 0.0771570
6 0.2994672 -0.3703954 1.3942049
6 -0.9935929 0.3195962 1.0041415
6 -0.8294887 1.7758213 0.3092962
6 0.1483921 1.7052765 -0.9474868
1 2.1178895 1.4013870 -0.0823746
1 1.6988825 0.7104314 -1.6602378
1 -1.4770066 0.4206480 2.1435924
1 -1.6678458 2.2935934 0.0263257
1 -0.1821222 2.2590919 0.9994001
1 -0.5614717 1.3978326 -1.9377307
1 0.2041598 2.7359867 -0.9046811
1 0.7421778 0.1002281 2.1192480
8 2.3216666 -1.1451339 0.3229365
6 -1.9558856 -0.5440807 0.3353519
1 -2.2719273 -1.6409145 0.8906925
1 -2.9261965 -0.0283259 0.0528444
6 -1.2817407 -1.1384638 -1.1485220
7 -0.0417023 -1.5483957 -0.6780721
1 -1.9092377 -2.1562466 -1.5242453
1 -1.4460452 -0.2952118 -1.9387539
1 0.1347085 -1.5176615 1.6793507
23
-442.366621415     6memclf     lactam     hnew3          runpoint      11     runisomer      59
6 1.4667206 0.9727284 -0.6587007
6 1.3094926 -0.3889412 0.0779196
6 0.3004816 -0.3738957 1.3971907
6 -0.9971463 0.3251263 1.0075382
6 -0.8289708 1.7734162 0.3008477
6 0.1431117 1.7068299 -0.9524446
1 2.1657438 1.4819045 -0.0703182
1 1.7234408 0.7299038 -1.6574199
1 -1.4288201 0.4217974 2.1300548
1 -1.6896393 2.2987389 0.0577748
1 -0.2285217 2.2889243 0.9830125
1 -0.5286385 1.4152163 -1.9393710
1 0.2287670 2.7848538 -0.8912592
1 0.7632461 0.1000211 2.1180443
8 2.3182220 -1.1451118 0.3209728
6 -1.9660581 -0.5466847 0.3450850
1 -2.2749627 -1.6081032 0.8970874
1 -2.9379582 -0.0431874 0.0411295
6 -1.2773516 -1.1472279 -1.1405432
7 -0.0377559 -1.5515900 -0.6807359
1 -1.8525395 -2.1425225 -1.4910783
1 -1.3912292 -0.2720234 -1.9471395
1 0.1157483 -1.5018145 1.6444989
23
-442.405731363     6memclf     lactam     hnew3          runpoint      12     runisomer      59
6 1.4617463 0.9705549 -0.6657026
6 1.3089264 -0.3991522 0.0794939
6 0.2989529 -0.3807027 1.3956952
6 -1.0017153 0.3318446 1.0134420
6 -0.8265358 1.7673573 0.2924712
6 0.1352763 1.7087311 -0.9571056
1 2.2256303 1.5746369 -0.0536158
1 1.7644685 0.7467512 -1.6625330
1 -1.3782301 0.4272525 2.0956944
1 -1.7306892 2.3110153 0.0874009
1 -0.2694127 2.3316881 0.9810256
1 -0.4736376 1.4380481 -1.9190125
1 0.2631029 2.8386335 -0.8924692
1 0.8132678 0.1225969 2.1526761
8 2.3136944 -1.1437439 0.3185896
6 -1.9781398 -0.5520995 0.3541913
1 -2.2685315 -1.5472780 0.8932648
1 -2.9384755 -0.0630887 0.0311959
6 -1.2732826 -1.1565799 -1.1331880
7 -0.0337717 -1.5539301 -0.6836971
1 -1.7901870 -2.1075976 -1.4506198
1 -1.3337485 -0.2642723 -1.9406552
1 0.0998251 -1.4656443 1.6088348
23
-442.445920070     6memclf     lactam     hnew3          runpoint      13     runisomer      59
6 1.4561679 0.9682244 -0.6721734
6 1.3092956 -0.4109273 0.0815721
6 0.2962527 -0.3887054 1.3914068
6 -1.0068683 0.3395587 1.0210129
6 -0.8233434 1.7586414 0.2841681
6 0.1257752 1.7123264 -0.9609916
1 2.2753555 1.6605684 -0.0474329
1 1.8192677 0.7609946 -1.6733496
1 -1.3304956 0.4384601 2.0494935
1 -1.7790137 2.3223361 0.1157483
1 -0.3041571 2.3844140 0.9918239
1 -0.4031894 1.4641682 -1.8833061
1 0.3036615 2.8817740 -0.9079192
1 0.8753931 0.1514024 2.1988819
8 2.3083054 -1.1412534 0.3158677
6 -1.9914928 -0.5595144 0.3624018
1 -2.2550632 -1.4683594 0.8833942
1 -2.9299013 -0.0859445 0.0227270
6 -1.2688704 -1.1653473 -1.1262016
7 -0.0294700 -1.5555100 -0.6867023
1 -1.7309678 -2.0623546 -1.4083840
1 -1.2770802 -0.2735907 -1.9188008
1 0.0863310 -1.4192760 1.5764801
23
-442.450339137     6memclf     lactam     hnew3          runpoint      14     runisomer      59
6 1.4510429 0.9664742 -0.6779307
6 1.3103539 -0.4236169 0.0838348
6 0.2937885 -0.3954605 1.3856224
6 -1.0120172 0.3479759 1.0287147
6 -0.8202738 1.7486605 0.2764512
6 0.1160128 1.7185538 -0.9630201
1 2.3045042 1.7288117 -0.0567444
1 1.8829169 0.7735389 -1.6837651
1 -1.2925964 0.4575393 2.0079500
1 -1.8226919 2.3251829 0.1424844
1 -0.3357965 2.4397503 1.0085174
1 -0.3292539 1.4889755 -1.8476706
1 0.3466262 2.9049856 -0.9360428
1 0.9339490 0.1725500 2.2365467
8 2.3023675 -1.1379339 0.3129006
6 -2.0049804 -0.5672890 0.3690673
1 -2.2400657 -1.3918901 0.8776450
1 -2.9169212 -0.1085545 0.0143429
6 -1.2631168 -1.1717025 -1.1189304
7 -0.0245370 -1.5564534 -0.6894743
1 -1.6883012 -2.0278861 -1.3727277
1 -1.2247435 -0.2989063 -1.8833157
1 0.0730096 -1.3795890 1.5524491
23
-442.412860338     6memclf     lactam     hnew3          runpoint      15     runisomer      59
6 1.4470274 0.9656325 -0.6832419
6 1.3117008 -0.4365082 0.0859619
6 0.2925082 -0.3989331 1.3788710
6 -1.0165056 0.3567136 1.0345699
6 -0.8179138 1.7387333 0.2699998
6 0.1077236 1.7280803 -0.9614330
1 2.3092244 1.7738068 -0.0814942
1 1.9490832 0.7853434 -1.6870524
1 -1.2717409 0.4871162 1.9922782
1 -1.8537063 2.3148920 0.1662572
1 -0.3674078 2.4890886 1.0231515
1 -0.2676460 1.5054769 -1.8371242
1 0.3884204 2.9041533 -0.9742941
1 0.9794743 0.1788838 2.2553826
8 2.2962887 -1.1341446 0.3097984
6 -2.0170819 -0.5729318 0.3729941
1 -2.2320526 -1.3489359 0.8935861
1 -2.9058526 -0.1272305 0.0039132
6 -1.2550748 -1.1738373 -1.1105008
7 -0.0186534 -1.5569107 -0.6917371
1 -1.6757629 -2.0282142 -1.3519682
1 -1.1798652 -0.3358402 -1.8384829
1 0.0565672 -1.3652091 1.5414083
23
-442.380821038     6memclf     lactam     hnew3          runpoint      16     runisomer      59
6 1.4445796 0.9658502 -0.6883502
6 1.3128085 -0.4488549 0.0876255
6 0.2927715 -0.3984015 1.3714380
6 -1.0199381 0.3654401 1.0374148
6 -0.8166747 1.7298458 0.2653418
6 0.1021041 1.7410720 -0.9551587
1 2.2888580 1.7928822 -0.1194663
1 2.0113555 0.7968894 -1.6785980
1 -1.2711709 0.5286241 2.0138769
1 -1.8681102 2.2896064 0.1852616
1 -0.4002829 2.5255936 1.0299234
1 -0.2284579 1.5084635 -1.8700896
1 0.4260911 2.8793257 -1.0193597
1 1.0071334 0.1678221 2.2513526
8 2.2905557 -1.1302893 0.3066843
6 -2.0266218 -0.5749076 0.3734257
1 -2.2362868 -1.3586840 0.9436362
1 -2.9027594 -0.1389183 -0.0106149
6 -1.2448238 -1.1720602 -1.1003114
7 -0.0115322 -1.5570638 -0.6932435
1 -1.6952859 -2.0665344 -1.3474353
1 -1.1446227 -0.3755248 -1.7920771
1 0.0356529 -1.3831893 1.5452708
23
-442.399465441     6memclf     lactam     hnew3          runpoint      17     runisomer      59
6 1.4439729 0.9671748 -0.6933352
6 1.3130777 -0.4599302 0.0884981
6 0.2943096 -0.3948631 1.3637110
6 -1.0223962 0.3740769 1.0379773
6 -0.8168212 1.7226252 0.2627613
6 0.0991258 1.7567397 -0.9457251
1 2.2447552 1.7853383 -0.1671221
1 2.0643174 0.8080113 -1.6569534
1 -1.2875844 0.5797230 2.0619633
1 -1.8653809 2.2497287 0.1976295
1 -0.4340353 2.5452865 1.0259842
1 -0.2085262 1.5001482 -1.9353863
1 0.4576890 2.8347632 -1.0674604
1 1.0150091 0.1395048 2.2238409
8 2.2857000 -1.1267835 0.3036916
6 -2.0335137 -0.5745667 0.3714837
1 -2.2486866 -1.4043689 1.0165037
1 -2.9108629 -0.1425372 -0.0299568
6 -1.2336013 -1.1691702 -1.0880258
7 -0.0029706 -1.5571021 -0.6938028
1 -1.7352908 -2.1209810 -1.3531322
1 -1.1197641 -0.4046714 -1.7555590
1 0.0131853 -1.4222219 1.5619550
23
-442.427693344     6memclf     lactam     hnew3          runpoint      18     runisomer      59
6 1.4451613 0.9695037 -0.6981690
6 1.3119230 -0.4690982 0.0882720
6 0.2964695 -0.3900474 1.3560973
6 -1.0241972 0.3827289 1.0379461
6 -0.8184047 1.7173533 0.2623058
6 0.0982308 1.7735294 -0.9360217
1 2.1806413 1.7530016 -0.2192462
1 2.1042529 0.8178899 -1.6239062
1 -1.3144590 0.6348940 2.1147849
1 -1.8483472 2.1976762 0.2015794
1 -0.4671840 2.5470561 1.0111824
1 -0.2002883 1.4869956 -2.0056120
1 0.4828578 2.7796223 -1.1151298
1 1.0036337 0.0961624 2.1749695
8 2.2822281 -1.1240086 0.3009476
6 -2.0383376 -0.5740855 0.3689807
1 -2.2624742 -1.4568276 1.0900664
1 -2.9285983 -0.1397360 -0.0524929
6 -1.2227617 -1.1680477 -1.0733345
7 0.0071216 -1.5571826 -0.6933006
1 -1.7822725 -2.1683565 -1.3624868
1 -1.1049557 -0.4107471 -1.7399346
1 -0.0059040 -1.4635877 1.5869823
23
-442.432649642     6memclf     lactam     hnew3          runpoint      19     runisomer      59
6 1.4475356 0.9723551 -0.7028769
6 1.3088816 -0.4759054 0.0866849
6 0.2984136 -0.3855130 1.3487190
6 -1.0256024 0.3914486 1.0386890
6 -0.8211512 1.7139531 0.2637858
6 0.0988816 1.7895604 -0.9282154
1 2.1047460 1.7027654 -0.2674868
1 2.1296829 0.8251160 -1.5842565
1 -1.3459015 0.6883401 2.1549046
1 -1.8238747 2.1379325 0.1954342
1 -0.4975958 2.5326477 0.9878041
1 -0.1992033 1.4742417 -2.0600512
1 0.5035465 2.7281145 -1.1604289
1 0.9770616 0.0425960 2.1108520
8 2.2805356 -1.1222427 0.2985555
6 -2.0417845 -0.5746256 0.3670058
1 -2.2736058 -1.4970705 1.1485773
1 -2.9504187 -0.1341052 -0.0746711
6 -1.2131537 -1.1699177 -1.0564190
7 0.0187324 -1.5573931 -0.6917085
1 -1.8268398 -2.1953804 -1.3711540
1 -1.1002787 -0.3916935 -1.7472602
1 -0.0177772 -1.4926102 1.6156509
23
-442.416967803     6memclf     lactam     hnew3          runpoint      20     runisomer      59
6 1.4495718 0.9744360 -0.7078008
6 1.3037190 -0.4801521 0.0835243
6 0.2989727 -0.3825635 1.3410700
6 -1.0267564 0.4001550 1.0409499
6 -0.8243824 1.7119550 0.2667592
6 0.1005589 1.8030025 -0.9233561
1 2.0336816 1.6515049 -0.2977678
1 2.1417436 0.8279043 -1.5452748
1 -1.3776502 0.7355312 2.1727295
1 -1.8033842 2.0768410 0.1775546
1 -0.5227209 2.5069723 0.9606394
1 -0.2034210 1.4648573 -2.0883127
1 0.5236081 2.6962136 -1.2035631
1 0.9456550 -0.0125014 2.0444855
8 2.2808240 -1.1216110 0.2965837
6 -2.0444320 -0.5764821 0.3659451
1 -2.2803968 -1.5162836 1.1840850
1 -2.9697406 -0.1294834 -0.0925309
6 -1.2051554 -1.1743462 -1.0381997
7 0.0317675 -1.5577392 -0.6890649
1 -1.8632213 -2.1967242 -1.3764490
1 -1.1065848 -0.3579272 -1.7684411
1 -0.0206018 -1.5012888 1.6440232
23
-442.384747749     6memclf     lactam     hnew3          runpoint      21     runisomer      59
6 1.4488825 0.9735531 -0.7137309
6 1.2964848 -0.4819336 0.0786266
6 0.2964556 -0.3823947 1.3318577
6 -1.0277396 0.4086721 1.0450098
6 -0.8272287 1.7105777 0.2705397
6 0.1029082 1.8127108 -0.9218524
1 1.9920743 1.6268393 -0.2901114
1 2.1440636 0.8246171 -1.5153124
1 -1.4067540 0.7733081 2.1645127
1 -1.8002391 2.0209621 0.1463724
1 -0.5398364 2.4783627 0.9369903
1 -0.2122062 1.4602733 -2.0864552
1 0.5456440 2.6934732 -1.2451236
1 0.9281711 -0.0563512 1.9972643
8 2.2830482 -1.1220582 0.2950543
6 -2.0466348 -0.5795716 0.3658585
1 -2.2823421 -1.5113759 1.1933979
1 -2.9813990 -0.1287151 -0.1030137
6 -1.1989617 -1.1802730 -1.0197876
7 0.0460877 -1.5581655 -0.6854440
1 -1.8877288 -2.1715596 -1.3765932
1 -1.1240030 -0.3233206 -1.7908814
1 -0.0142706 -1.4870266 1.6690793
23
-442.365990204     6memclf     lactam     hnew3          runpoint      22     runisomer      59
6 1.4440766 0.9685947 -0.7208942
6 1.2874986 -0.4816363 0.0718767
6 0.2894111 -0.3856764 1.3199056
6 -1.0286298 0.4167856 1.0508234
6 -0.8292829 1.7090584 0.2742538
6 0.1059855 1.8186655 -0.9239644
1 1.9920404 1.6431694 -0.2332157
1 2.1415057 0.8145673 -1.5012730
1 -1.4312414 0.7996692 2.1305055
1 -1.8215055 1.9740426 0.1012502
1 -0.5466945 2.4573372 0.9253855
1 -0.2252234 1.4609455 -2.0541637
1 0.5676189 2.7171350 -1.2829940
1 0.9426464 -0.0782717 1.9881996
8 2.2869299 -1.1233635 0.2939396
6 -2.0484949 -0.5836744 0.3666912
1 -2.2795799 -1.4826297 1.1762742
1 -2.9826822 -0.1332060 -0.1045387
6 -1.1947326 -1.1867259 -1.0020004
7 0.0615190 -1.5585819 -0.6809260
1 -1.8980448 -2.1218931 -1.3704734
1 -1.1512238 -0.2981219 -1.8048458
1 -0.0001253 -1.4515660 1.6887687
23
-442.397161514     6memclf     lactam     hnew3          runpoint      23     runisomer      59
6 1.4363267 0.9613565 -0.7277517
6 1.2772670 -0.4798727 0.0632033
6 0.2783815 -0.3917319 1.3059050
6 -1.0295212 0.4242556 1.0580269
6 -0.8310533 1.7071005 0.2770260
6 0.1101428 1.8216186 -0.9298269
1 2.0169123 1.6796592 -0.1416580
1 2.1378411 0.7986140 -1.5058466
1 -1.4501678 0.8138192 2.0745443
1 -1.8610017 1.9359138 0.0442631
1 -0.5429651 2.4521069 0.9316670
1 -0.2424568 1.4664612 -1.9942489
1 0.5842022 2.7561988 -1.3124868
1 0.9857335 -0.0793158 2.0127351
8 2.2920209 -1.1251937 0.2931682
6 -2.0498569 -0.5884442 0.3682839
1 -2.2728968 -1.4336081 1.1354522
1 -2.9735457 -0.1428702 -0.0971511
6 -1.1925373 -1.1928847 -0.9852742
7 0.0778693 -1.5588823 -0.6755740
1 -1.8935234 -2.0526098 -1.3578743
1 -1.1859449 -0.2878431 -1.8046468
1 0.0190691 -1.4011229 1.7024366
23
-442.442599997     6memclf     lactam     hnew3          runpoint      24     runisomer      59
6 1.4274535 0.9540577 -0.7325074
6 1.2663816 -0.4773671 0.0525974
6 0.2655220 -0.3988211 1.2917816
6 -1.0304581 0.4307679 1.0658528
6 -0.8334241 1.7051093 0.2783320
6 0.1157481 1.8225107 -0.9390458
1 2.0455930 1.7095348 -0.0395701
1 2.1337298 0.7790461 -1.5262342
1 -1.4642739 0.8167467 2.0050277
1 -1.9040769 1.9049292 -0.0194563
1 -0.5316104 2.4631811 0.9545096
1 -0.2646913 1.4750097 -1.9142913
1 0.5905470 2.7989226 -1.3292261
1 1.0370332 -0.0680899 2.0490114
8 2.2977899 -1.1271661 0.2926307
6 -2.0502804 -0.5932493 0.3702153
1 -2.2642472 -1.3731847 1.0786320
1 -2.9565955 -0.1561223 -0.0825404
6 -1.1921916 -1.1978621 -0.9696886
7 0.0949329 -1.5589567 -0.6694251
1 -1.8766227 -1.9728527 -1.3402463
1 -1.2253746 -0.2943122 -1.7877789
1 0.0392155 -1.3471564 1.7118378
23
-442.456173113     6memclf     lactam     hnew3          runpoint      25     runisomer      59
6 1.4187111 0.9477848 -0.7343658
6 1.2554182 -0.4748443 0.0401193
6 0.2528205 -0.4049417 1.2788459
6 -1.0312763 0.4358428 1.0730044
6 -0.8369129 1.7039507 0.2781287
6 0.1231620 1.8223029 -0.9502873
1 2.0665821 1.7188620 0.0555601
1 2.1268724 0.7588245 -1.5555746
1 -1.4772730 0.8122561 1.9365332
1 -1.9371300 1.8801447 -0.0836095
1 -0.5181833 2.4836825 0.9859533
1 -0.2950140 1.4821892 -1.8297569
1 0.5840138 2.8363001 -1.3309763
1 1.0791519 -0.0516750 2.0788099
8 2.3037087 -1.1289085 0.2922078
6 -2.0489653 -0.5968465 0.3714736
1 -2.2578408 -1.3193059 1.0220671
1 -2.9368882 -0.1699163 -0.0639056
6 -1.1930363 -1.2004684 -0.9549037
7 0.1124929 -1.5586882 -0.6624961
1 -1.8553452 -1.8979696 -1.3220074
1 -1.2664173 -0.3164128 -1.7542189
1 0.0555344 -1.3057584 1.7219302
23
-442.427562820     6memclf     lactam     hnew3          runpoint      26     runisomer      59
6 1.4108590 0.9428282 -0.7333329
6 1.2448531 -0.4729819 0.0258741
6 0.2415005 -0.4084767 1.2675530
6 -1.0315120 0.4388205 1.0777498
6 -0.8415537 1.7044718 0.2766234
6 0.1328927 1.8220147 -0.9613321
1 2.0751117 1.7031844 0.1334756
1 2.1140519 0.7407503 -1.5859049
1 -1.4964760 0.8070997 1.8888055
1 -1.9517096 1.8614969 -0.1425752
1 -0.5084267 2.5048454 1.0164267
1 -0.3404569 1.4805216 -1.7637693
1 0.5639785 2.8623421 -1.3177900
1 1.1029055 -0.0340040 2.0924581
8 2.3093123 -1.1300961 0.2917838
6 -2.0447982 -0.5973832 0.3704415
1 -2.2604433 -1.2985187 0.9901124
1 -2.9211171 -0.1801919 -0.0454112
6 -1.1938815 -1.1992965 -0.9401128
7 0.1303266 -1.5579404 -0.6547969
1 -1.8437875 -1.8486058 -1.3109152
1 -1.3057969 -0.3500800 -1.7064332
1 0.0643397 -1.2916093 1.7388347
23
-442.392976348     6memclf     lactam     hnew3          runpoint      27     runisomer      59
6 1.4043325 0.9391487 -0.7297308
6 1.2350344 -0.4723886 0.0099811
6 0.2320787 -0.4089821 1.2582655
6 -1.0307357 0.4391931 1.0787253
6 -0.8471064 1.7071957 0.2740538
6 0.1452665 1.8223645 -0.9703337
1 2.0695083 1.6624856 0.1881780
1 2.0930694 0.7269494 -1.6105374
1 -1.5287447 0.8071451 1.8772399
1 -1.9442369 1.8493787 -0.1920470
1 -0.5065961 2.5200923 1.0385399
1 -0.4074686 1.4640603 -1.7334648
1 0.5314050 2.8739017 -1.2915165
1 1.1045563 -0.0171423 2.0858256
8 2.3142266 -1.1304615 0.2912619
6 -2.0369649 -0.5939605 0.3663161
1 -2.2762381 -1.3261328 0.9970955
1 -2.9155504 -0.1831133 -0.0309097
6 -1.1937397 -1.1936523 -0.9243929
7 0.1482265 -1.5565535 -0.6463388
1 -1.8534083 -1.8404889 -1.3133412
1 -1.3404658 -0.3877589 -1.6500798
1 0.0651211 -1.3074226 1.7640109
23
-442.402339249     6memclf     lactam     hnew3          runpoint      28     runisomer      59
6 1.3993347 0.9366042 -0.7239119
6 1.2261812 -0.4735999 -0.0074451
6 0.2246165 -0.4072752 1.2516894
6 -1.0292420 0.4371281 1.0760110
6 -0.8532065 1.7122874 0.2706388
6 0.1594210 1.8230749 -0.9772910
1 2.0496174 1.5988041 0.2160640
1 2.0635847 0.7187149 -1.6251475
1 -1.5722982 0.8112773 1.9000014
1 -1.9150294 1.8443597 -0.2291422
1 -0.5150862 2.5259951 1.0479811
1 -0.4898255 1.4361517 -1.7334385
1 0.4887938 2.8711526 -1.2553657
1 1.0833774 -0.0022445 2.0577765
8 2.3181794 -1.1298027 0.2905676
6 -2.0257961 -0.5881962 0.3604519
1 -2.3002126 -1.3858509 1.0298699
1 -2.9227719 -0.1769622 -0.0221560
6 -1.1928930 -1.1847210 -0.9073238
7 0.1660020 -1.5543376 -0.6371399
1 -1.8794465 -1.8711249 -1.3263916
1 -1.3684709 -0.4181473 -1.5947822
1 0.0601568 -1.3420965 1.7917060
23
-442.431361012     6memclf     lactam     hnew3          runpoint      29     runisomer      59
6 1.3958670 0.9350060 -0.7161627
6 1.2184032 -0.4770860 -0.0262981
6 0.2189671 -0.4045906 1.2485359
6 -1.0280300 0.4333426 1.0708506
6 -0.8593980 1.7195893 0.2665809
6 0.1734412 1.8230512 -0.9831465
1 2.0165089 1.5156548 0.2154305
1 2.0272198 0.7164909 -1.6280591
1 -1.6168729 0.8127657 1.9413975
1 -1.8680245 1.8470721 -0.2526379
1 -0.5345891 2.5219151 1.0432097
1 -0.5701996 1.4064268 -1.7464623
1 0.4401460 2.8584544 -1.2136686
1 1.0409896 0.0101738 2.0094293
8 2.3209820 -1.1279680 0.2896486
6 -2.0124993 -0.5823580 0.3547023
1 -2.3235866 -1.4504167 1.0667701
1 -2.9394476 -0.1633316 -0.0179270
6 -1.1923945 -1.1750069 -0.8888953
7 0.1834554 -1.5510768 -0.6272309
1 -1.9058605 -1.9244447 -1.3403420
1 -1.3897645 -0.4285333 -1.5527918
1 0.0522525 -1.3804353 1.8136767
23
-442.444525616     6memclf     lactam     hnew3          runpoint      30     runisomer      59
6 1.3936757 0.9340777 -0.7067759
6 1.2117198 -0.4832570 -0.0464803
6 0.2147619 -0.4019743 1.2490601
6 -1.0280998 0.4285501 1.0645245
6 -0.8650652 1.7286345 0.2621055
6 0.1854804 1.8210432 -0.9884096
1 1.9731821 1.4186623 0.1874839
1 1.9873693 0.7198718 -1.6202899
1 -1.6518572 0.8055553 1.9852599
1 -1.8113575 1.8582191 -0.2637603
1 -0.5642052 2.5097336 1.0252957
1 -0.6328048 1.3828288 -1.7599613
1 0.3904042 2.8445302 -1.1714137
1 0.9824716 0.0208052 1.9450925
8 2.3225222 -1.1248494 0.2884692
6 -1.9984812 -0.5777597 0.3501162
1 -2.3402113 -1.5015069 1.0942081
1 -2.9579792 -0.1461181 -0.0152393
6 -1.1929823 -1.1666230 -0.8693320
7 0.2003678 -1.5465648 -0.6166526
1 -1.9191344 -1.9839275 -1.3467682
1 -1.4051705 -0.4118607 -1.5328634
1 0.0435005 -1.4107383 1.8238441
23
-442.443266696     6memclf     lactam     hnew3          runpoint      31     runisomer      59
6 1.3920780 0.9333094 -0.6963466
6 1.2060885 -0.4924532 -0.0678975
6 0.2111470 -0.4003071 1.2527569
6 -1.0300750 0.4232423 1.0578727
6 -0.8693707 1.7386226 0.2575025
6 0.1942734 1.8160398 -0.9930650
1 1.9267345 1.3171970 0.1398959
1 1.9488484 0.7276445 -1.6054889
1 -1.6705195 0.7867386 2.0207880
1 -1.7580390 1.8786355 -0.2672903
1 -0.6013793 2.4940650 0.9982744
1 -0.6680629 1.3695913 -1.7680603
1 0.3441588 2.8398357 -1.1330793
1 0.9191835 0.0333285 1.8746174
8 2.3227444 -1.1203756 0.2870056
6 -1.9849859 -0.5748842 0.3471201
1 -2.3469683 -1.5301631 1.1063082
1 -2.9703956 -0.1295001 -0.0112347
6 -1.1949759 -1.1603063 -0.8494317
7 0.2165096 -1.5406443 -0.6054449
1 -1.9121833 -2.0375866 -1.3410830
1 -1.4139099 -0.3732594 -1.5338138
1 0.0352979 -1.4261440 1.8194089
23
-442.429714313     6memclf     lactam     hnew3          runpoint      32     runisomer      59
6 1.3896594 0.9317803 -0.6863856
6 1.2014498 -0.5049128 -0.0904443
6 0.2065367 -0.4005993 1.2582623
6 -1.0342134 0.4177436 1.0513624
6 -0.8713930 1.7484198 0.2530374
6 0.1991579 1.8077080 -0.9969258
1 1.8922050 1.2260930 0.0935407
1 1.9171715 0.7379881 -1.5893549
1 -1.6697996 0.7559869 2.0420541
1 -1.7240399 1.9092059 -0.2712036
1 -0.6419177 2.4825238 0.9695882
1 -0.6714048 1.3682001 -1.7686555
1 0.3043440 2.8502420 -1.1013194
1 0.8711084 0.0569490 1.8148881
8 2.3216422 -1.1145148 0.2852421
6 -1.9729638 -0.5738210 0.3458796
1 -2.3425821 -1.5329085 1.1013907
1 -2.9710630 -0.1166551 -0.0041761
6 -1.1984402 -1.1557436 -0.8304465
7 0.2316412 -1.5332368 -0.5936391
1 -1.8826393 -2.0775815 -1.3215412
1 -1.4137076 -0.3263986 -1.5468839
1 0.0286548 -1.4237155 1.8004139
23
-442.408012645     6memclf     lactam     hnew3          runpoint      33     runisomer      59
6 1.3843339 0.9283701 -0.6794697
6 1.1977997 -0.5206967 -0.1139748
6 0.1992615 -0.4037746 1.2640061
6 -1.0404994 0.4122857 1.0452303
6 -0.8706953 1.7567755 0.2486361
6 0.1999513 1.7966845 -0.9997842
1 1.8925309 1.1622728 0.0828039
1 1.8973209 0.7489336 -1.5780997
1 -1.6492754 0.7146512 2.0465834
1 -1.7205003 1.9499789 -0.2821092
1 -0.6807931 2.4844711 0.9489582
1 -0.6418609 1.3782248 -1.7616188
1 0.2723300 2.8723877 -1.0768995
1 0.8590833 0.1035261 1.7822652
8 2.3192532 -1.1072782 0.2831546
6 -1.9630535 -0.5745035 0.3464581
1 -2.3269154 -1.5095050 1.0800894
1 -2.9575641 -0.1093436 0.0063988
6 -1.2031478 -1.1523727 -0.8135729
7 0.2454984 -1.5243704 -0.5812612
1 -1.8311509 -2.0992027 -1.2882381
1 -1.4030156 -0.2848933 -1.5627353
1 0.0242565 -1.4041420 1.7694159
23
-442.415081332     6memclf     lactam     hnew3          runpoint      34     runisomer      59
6 1.3751811 0.9228208 -0.6766769
6 1.1952727 -0.5395751 -0.1383007
6 0.1893710 -0.4093273 1.2696211
6 -1.0486811 0.4070315 1.0395393
6 -0.8678842 1.7629038 0.2437600
6 0.1968306 1.7842842 -1.0013314
1 1.9379277 1.1309459 0.1229790
1 1.8923346 0.7590095 -1.5761814
1 -1.6107321 0.6653379 2.0348876
1 -1.7451191 1.9984527 -0.2992191
1 -0.7140884 2.5063135 0.9436380
1 -0.5821890 1.3974866 -1.7488598
1 0.2490212 2.8965763 -1.0597565
1 0.8836714 0.1726315 1.7756699
8 2.3156614 -1.0987414 0.2807120
6 -1.9555705 -0.5767518 0.3488115
1 -2.3009623 -1.4626860 1.0451478
1 -2.9308040 -0.1078119 0.0197544
6 -1.2085649 -1.1497183 -0.7996733
7 0.2577708 -1.5141991 -0.5683318
1 -1.7608120 -2.1007480 -1.2428709
1 -1.3819954 -0.2582105 -1.5748902
1 0.0221151 -1.3729686 1.7317350
23
-442.459412912     6memclf     lactam     hnew3          runpoint      35     runisomer      59
6 1.3639361 0.9158705 -0.6758402
6 1.1941881 -0.5609309 -0.1631671
6 0.1786359 -0.4148587 1.2756132
6 -1.0582271 0.4020681 1.0341213
6 -0.8642584 1.7670025 0.2379771
6 0.1904130 1.7719854 -1.0009732
1 2.0093267 1.1232055 0.1872659
1 1.9021682 0.7678162 -1.5839544
1 -1.5584160 0.6118725 2.0112191
1 -1.7849234 2.0493931 -0.3156064
1 -0.7404168 2.5458197 0.9527384
1 -0.5007737 1.4214881 -1.7362717
1 0.2353241 2.9130189 -1.0497052
1 0.9253559 0.2477424 1.7799318
8 2.3110074 -1.0890566 0.2778788
6 -1.9504192 -0.5801481 0.3526592
1 -2.2675746 -1.3998640 1.0027817
1 -2.8950302 -0.1106809 0.0340187
6 -1.2138686 -1.1472802 -0.7892039
7 0.2680795 -1.5030291 -0.5548722
1 -1.6774959 -2.0847606 -1.1891685
1 -1.3522084 -0.2516633 -1.5798210
1 0.0211041 -1.3424773 1.6958119
23
-442.481969711     6memclf     lactam     hnew3          runpoint      36     runisomer      59
6 1.3529832 0.9081485 -0.6748172
6 1.1950585 -0.5837686 -0.1882356
6 0.1687849 -0.4175116 1.2820436
6 -1.0682780 0.3973929 1.0284384
6 -0.8610829 1.7700206 0.2314077
6 0.1819718 1.7612029 -0.9975471
1 2.0822860 1.1294966 0.2447082
1 1.9233666 0.7760822 -1.5969121
1 -1.4994752 0.5592811 1.9851518
1 -1.8259477 2.0969001 -0.3243533
1 -0.7599276 2.5929267 0.9681356
1 -0.4138213 1.4424390 -1.7370766
1 0.2319628 2.9153248 -1.0464882
1 0.9652825 0.3115835 1.7826358
8 2.3054932 -1.0784431 0.2746343
6 -1.9469513 -0.5837415 0.3572018
1 -2.2328553 -1.3367156 0.9655347
1 -2.8576538 -0.1149248 0.0463220
6 -1.2179681 -1.1442381 -0.7821419
7 0.2759597 -1.4913224 -0.5409175
1 -1.5904825 -2.0607372 -1.1336887
1 -1.3161076 -0.2672156 -1.5763606
1 0.0191774 -1.3300722 1.6717459
23
-442.458202939     6memclf     lactam     hnew3          runpoint      37     runisomer      59
6 1.3440216 0.8999673 -0.6728899
6 1.1985503 -0.6068258 -0.2131141
6 0.1607667 -0.4154928 1.2886698
6 -1.0777497 0.3929742 1.0215432
6 -0.8593078 1.7729625 0.2244800
6 0.1731387 1.7531008 -0.9894399
1 2.1416287 1.1435707 0.2792150
1 1.9503503 0.7850044 -1.6081388
1 -1.4431580 0.5130661 1.9717196
1 -1.8583347 2.1362157 -0.3215418
1 -0.7727310 2.6361643 0.9805907
1 -0.3410179 1.4509258 -1.7706769
1 0.2393023 2.9010906 -1.0496088
1 0.9925857 0.3536597 1.7779164
8 2.2993831 -1.0671612 0.2709778
6 -1.9440145 -0.5858831 0.3609573
1 -2.2065210 -1.2984585 0.9535253
1 -2.8280136 -0.1164693 0.0533278
6 -1.2196294 -1.1392849 -0.7779493
7 0.2808662 -1.4796829 -0.5265285
1 -1.5115999 -2.0469848 -1.0856427
1 -1.2766481 -0.3037310 -1.5655910
1 0.0151112 -1.3475360 1.6660012
23
-442.424258323     6memclf     lactam     hnew3          runpoint      38     runisomer      59
6 1.3380890 0.8915203 -0.6700956
6 1.2053735 -0.6287295 -0.2374333
6 0.1548078 -0.4090013 1.2956067
6 -1.0857035 0.3889114 1.0126099
6 -0.8595814 1.7764956 0.2176148
6 0.1645797 1.7479465 -0.9761678
1 2.1796564 1.1613856 0.2850685
1 1.9773801 0.7955800 -1.6115600
1 -1.3969570 0.4773137 1.9847848
1 -1.8765951 2.1641986 -0.3060126
1 -0.7784948 2.6670431 0.9836900
1 -0.2895188 1.4438954 -1.8445046
1 0.2573886 2.8717121 -1.0582159
1 1.0023475 0.3691530 1.7637507
8 2.2930085 -1.0555048 0.2669379
6 -1.9407085 -0.5853271 0.3626491
1 -2.1960880 -1.3048330 0.9826443
1 -2.8142264 -0.1119764 0.0524660
6 -1.2179147 -1.1313551 -0.7758367
7 0.2822196 -1.4687967 -0.5117626
1 -1.4503633 -2.0629503 -1.0528940
1 -1.2369289 -0.3562717 -1.5515355
1 0.0102619 -1.3888283 1.6766810
23
-442.426047498     6memclf     lactam     hnew3          runpoint      39     runisomer      59
6 1.3357400 0.8829951 -0.6666450
6 1.2161135 -0.6481821 -0.2609519
6 0.1506973 -0.3995847 1.3032630
6 -1.0917116 0.3855403 1.0019379
6 -0.8622936 1.7809156 0.2111503
6 0.1557086 1.7448255 -0.9596102
1 2.1927287 1.1801744 0.2616347
1 1.9999214 0.8083631 -1.6036570
1 -1.3624435 0.4533197 2.0250114
1 -1.8786915 2.1791828 -0.2785712
1 -0.7766908 2.6808900 0.9744902
1 -0.2503380 1.4282394 -1.9394780
1 0.2860411 2.8321975 -1.0712590
1 0.9933616 0.3569654 1.7400076
8 2.2867774 -1.0437935 0.2625727
6 -1.9374260 -0.5830164 0.3628163
1 -2.1985757 -1.3465270 1.0442499
1 -2.8191709 -0.1011662 0.0434198
6 -1.2126206 -1.1213349 -0.7751758
7 0.2795047 -1.4593106 -0.4966244
1 -1.4087422 -2.1102100 -1.0359449
1 -1.1997849 -0.4149350 -1.5426054
1 0.0073710 -1.4354652 1.6966506
23
-442.444208211     6memclf     lactam     hnew3          runpoint      40     runisomer      59
6 1.3371199 0.8745973 -0.6627389
6 1.2309784 -0.6641472 -0.2836325
6 0.1479657 -0.3889366 1.3119049
6 -1.0957310 0.3832939 0.9910233
6 -0.8675669 1.7862002 0.2053489
6 0.1460726 1.7423957 -0.9423291
1 2.1796384 1.1979937 0.2111482
1 2.0151936 0.8234706 -1.5838915
1 -1.3368634 0.4405579 2.0788285
1 -1.8657112 2.1809169 -0.2416183
1 -0.7668168 2.6764337 0.9530714
1 -0.2147590 1.4122923 -2.0291648
1 0.3248938 2.7904934 -1.0878882
1 0.9677758 0.3192699 1.7080672
8 2.2811782 -1.0323665 0.2579840
6 -1.9354976 -0.5808823 0.3629554
1 -2.2057768 -1.3983381 1.1148193
1 -2.8389333 -0.0875494 0.0285998
6 -1.2040450 -1.1121270 -0.7753579
7 0.2724076 -1.4516854 -0.4810154
1 -1.3838470 -2.1703470 -1.0294583
1 -1.1672709 -0.4659121 -1.5515278
1 0.0084502 -1.4701332 1.7191828
23
-442.450120170     6memclf     lactam     hnew3          runpoint      41     runisomer      59
6 1.3419370 0.8665175 -0.6585951
6 1.2495762 -0.6759876 -0.3056558
6 0.1457786 -0.3785570 1.3214146
6 -1.0977760 0.3825293 0.9815575
6 -0.8751729 1.7919985 0.2004128
6 0.1358200 1.7394907 -0.9261477
1 2.1417238 1.2137007 0.1388207
1 2.0223681 0.8406760 -1.5547893
1 -1.3173893 0.4380850 2.1298944
1 -1.8424790 2.1708426 -0.1992106
1 -0.7484292 2.6556252 0.9222892
1 -0.1803074 1.4008635 -2.0961536
1 0.3734117 2.7552610 -1.1075822
1 0.9328807 0.2629295 1.6715224
8 2.2767858 -1.0215776 0.2533285
6 -1.9362463 -0.5800923 0.3639621
1 -2.2118994 -1.4416273 1.1757702
1 -2.8655380 -0.0765419 0.0119466
6 -1.1925723 -1.1064764 -0.7758230
7 0.2609806 -1.4460725 -0.4647255
1 -1.3727976 -2.2230265 -1.0282246
1 -1.1405985 -0.4986706 -1.5887077
1 0.0141685 -1.4822011 1.7399822
23
-442.447795052     6memclf     lactam     hnew3          runpoint      42     runisomer      59
6 1.3493065 0.8588193 -0.6546139
6 1.2708659 -0.6834802 -0.3273575
6 0.1426437 -0.3700339 1.3311889
6 -1.0978444 0.3834736 0.9747588
6 -0.8844297 1.7975635 0.1964753
6 0.1254485 1.7354267 -0.9121966
1 2.0849852 1.2277892 0.0549282
1 2.0226822 0.8595401 -1.5219950
1 -1.3026293 0.4449892 2.1666782
1 -1.8187615 2.1526057 -0.1572111
1 -0.7209862 2.6239007 0.8878821
1 -0.1480053 1.3959477 -2.1320422
1 0.4303756 2.7317356 -1.1295167
1 0.9046062 0.2019839 1.6372709
8 2.2742294 -1.0117851 0.2488255
6 -1.9405331 -0.5810166 0.3660284
1 -2.2142437 -1.4671203 1.2169580
1 -2.8910476 -0.0729571 -0.0027295
6 -1.1785508 -1.1054510 -0.7768309
7 0.2457364 -1.4422898 -0.4474659
1 -1.3736605 -2.2555498 -1.0291371
1 -1.1210147 -0.5141602 -1.6512728
1 0.0240468 -1.4672646 1.7569728
23
-442.438915703     6memclf     lactam     hnew3          runpoint      43     runisomer      59
6 1.3574504 0.8511821 -0.6517170
6 1.2933544 -0.6867179 -0.3491082
6 0.1364745 -0.3650138 1.3402565
6 -1.0959996 0.3862311 0.9712972
6 -0.8942194 1.8017428 0.1935625
6 0.1156370 1.7301580 -0.9013190
1 2.0242750 1.2449372 -0.0216174
1 2.0193358 0.8796068 -1.4938491
1 -1.2922933 0.4604504 2.1830648
1 -1.8090545 2.1320371 -0.1225996
1 -0.6836320 2.5900761 0.8582068
1 -0.1200204 1.3980810 -2.1336197
1 0.4927960 2.7187294 -1.1515470
1 0.9070920 0.1559897 1.6143337
8 2.2741218 -1.0033299 0.2447290
6 -1.9486570 -0.5836440 0.3690155
1 -2.2119305 -1.4712247 1.2337424
1 -2.9098808 -0.0797307 -0.0126920
6 -1.1623714 -1.1087588 -0.7794637
7 0.2276007 -1.4398920 -0.4289294
1 -1.3849394 -2.2623241 -1.0306887
1 -1.1099365 -0.5215289 -1.7239713
1 0.0365918 -1.4262107 1.7699790
23
-442.427112523     6memclf     lactam     hnew3          runpoint      44     runisomer      59
6 1.3637447 0.8426818 -0.6514870
6 1.3154640 -0.6860028 -0.3711609
6 0.1261794 -0.3639506 1.3479118
6 -1.0924655 0.3907877 0.9714090
6 -0.9034484 1.8033574 0.1915509
6 0.1071342 1.7240779 -0.8942525
1 1.9841390 1.2765519 -0.0636355
1 2.0165051 0.9006599 -1.4794135
1 -1.2867397 0.4837643 2.1768964
1 -1.8267012 2.1150229 -0.1007056
1 -0.6354634 2.5638576 0.8419656
1 -0.0987861 1.4070039 -2.1006541
1 0.5556832 2.7104314 -1.1701205
1 0.9545152 0.1356399 1.6063916
8 2.2769570 -0.9965060 0.2412666
6 -1.9603794 -0.5877957 0.3726851
1 -2.2051049 -1.4536144 1.2247734
1 -2.9194217 -0.0977101 -0.0165401
6 -1.1446271 -1.1156654 -0.7847451
7 0.2077731 -1.4383189 -0.4088600
1 -1.4052223 -2.2427173 -1.0324331
1 -1.1078748 -0.5293440 -1.7905321
1 0.0492488 -1.3657838 1.7810701
23
-442.436707233     6memclf     lactam     hnew3          runpoint      45     runisomer      59
6 1.3665110 0.8325834 -0.6549310
6 1.3358963 -0.6818068 -0.3935215
6 0.1133731 -0.3650668 1.3540454
6 -1.0876617 0.3970334 0.9749739
6 -0.9118228 1.8019725 0.1902601
6 0.1006022 1.7176574 -0.8915105
1 1.9803447 1.3318032 -0.0542863
1 2.0171551 0.9228437 -1.4845544
1 -1.2867680 0.5143713 2.1490261
1 -1.8729832 2.1038477 -0.0916604
1 -0.5771798 2.5502691 0.8433369
1 -0.0868789 1.4217014 -2.0358522
1 0.6133802 2.7007244 -1.1814349
1 1.0310947 0.1321118 1.6071443
8 2.2829863 -0.9915170 0.2385527
6 -1.9749820 -0.5931639 0.3767392
1 -2.1947316 -1.4168116 1.1915775
1 -2.9201045 -0.1257385 -0.0142865
6 -1.1261726 -1.1253346 -0.7931545
7 0.1875632 -1.4370320 -0.3870885
1 -1.4331649 -2.2003001 -1.0347969
1 -1.1139971 -0.5423012 -1.8400615
1 0.0585520 -1.3002213 1.7956748
23
-442.470422714     6memclf     lactam     hnew3          runpoint      46     runisomer      59
6 1.3668575 0.8219067 -0.6611064
6 1.3538659 -0.6748061 -0.4158738
6 0.1008148 -0.3656618 1.3584049
6 -1.0821585 0.4047792 0.9815272
6 -0.9198407 1.7982104 0.1897217
6 0.0965034 1.7112878 -0.8930089
1 2.0001683 1.4000695 -0.0067576
1 2.0209912 0.9463430 -1.5084575
1 -1.2936177 0.5519103 2.1033760
1 -1.9348239 2.0967472 -0.0908046
1 -0.5132900 2.5462128 0.8588698
1 -0.0872516 1.4398087 -1.9473024
1 0.6610681 2.6857752 -1.1826693
1 1.1086687 0.1315025 1.6085358
8 2.2921425 -0.9884359 0.2365097
6 -1.9913074 -0.5991977 0.3807187
1 -2.1828205 -1.3676649 1.1400160
1 -2.9155278 -0.1607222 -0.0074630
6 -1.1080226 -1.1367356 -0.8046567
7 0.1682509 -1.4356005 -0.3635170
1 -1.4678896 -2.1433803 -1.0391228
1 -1.1264352 -0.5618393 -1.8671708
1 0.0610479 -1.2500231 1.8230378
23
-442.490041759     6memclf     lactam     hnew3          runpoint      47     runisomer      59
6 1.3668780 0.8125879 -0.6686690
6 1.3691629 -0.6658675 -0.4376022
6 0.0905296 -0.3639613 1.3605059
6 -1.0765801 0.4137851 0.9902188
6 -0.9279757 1.7931554 0.1902072
6 0.0951616 1.7054028 -0.8974608
1 2.0228726 1.4614632 0.0546051
1 2.0246849 0.9707786 -1.5441958
1 -1.3091241 0.5963781 2.0477600
1 -1.9948935 2.0909684 -0.0926164
1 -0.4515471 2.5440250 0.8805298
1 -0.1039918 1.4561937 -1.8541579
1 0.6954268 2.6643843 -1.1726082
1 1.1671741 0.1257295 1.6061208
8 2.3040490 -0.9871863 0.2348583
6 -2.0078013 -0.6048423 0.3837259
1 -2.1728962 -1.3205544 1.0835049
1 -2.9123298 -0.1978526 0.0008724
6 -1.0911543 -1.1485241 -0.8188366
7 0.1509721 -1.4337278 -0.3380953
1 -1.5098041 -2.0853848 -1.0476178
1 -1.1426453 -0.5871296 -1.8705882
1 0.0546355 -1.2308726 1.8718152
23
-442.474887151     6memclf     lactam     hnew3          runpoint      48     runisomer      59
6 1.3679556 0.8060938 -0.6770804
6 1.3820283 -0.6559653 -0.4578985
6 0.0835627 -0.3602955 1.3604930
6 -1.0714941 0.4237532 0.9998020
6 -0.9362561 1.7877165 0.1919865
6 0.0969666 1.7006459 -0.9019382
1 2.0365499 1.5026523 0.1125252
1 2.0241911 0.9950226 -1.5827023
1 -1.3358662 0.6483781 1.9943688
1 -2.0398834 2.0847480 -0.0931435
1 -0.3999439 2.5369939 0.9007240
1 -0.1438185 1.4617793 -1.7914682
1 0.7146542 2.6374463 -1.1517755
1 1.1965636 0.1117808 1.5982358
8 2.3181106 -0.9875630 0.2331698
6 -2.0227209 -0.6083500 0.3842311
1 -2.1698234 -1.2989347 1.0444724
1 -2.9187856 -0.2315846 0.0067483
6 -1.0763398 -1.1592914 -0.8350236
7 0.1366386 -1.4312276 -0.3108321
1 -1.5607390 -2.0418509 -1.0625302
1 -1.1597024 -0.6154698 -1.8524704
1 0.0390326 -1.2387614 1.9409597
23
-442.445689477     6memclf     lactam     hnew3          runpoint      49     runisomer      59
6 1.3707015 0.8032504 -0.6863358
6 1.3929683 -0.6460688 -0.4759057
6 0.0802533 -0.3564196 1.3593226
6 -1.0673465 0.4343187 1.0089117
6 -0.9443581 1.7824326 0.1951909
6 0.1022479 1.6974831 -0.9035871
1 2.0366450 1.5178369 0.1573349
1 2.0167512 1.0176131 -1.6162470
1 -1.3767113 0.7088917 1.9567925
1 -2.0621840 2.0774770 -0.0902484
1 -0.3645398 2.5216184 0.9146077
1 -0.2139243 1.4485651 -1.7906149
1 0.7184778 2.6077343 -1.1223207
1 1.1932846 0.0892332 1.5845084
8 2.3336502 -0.9892828 0.2309569
6 -2.0347441 -0.6082174 0.3809812
1 -2.1767223 -1.3226051 1.0416200
1 -2.9412427 -0.2576164 0.0070034
6 -1.0642355 -1.1683038 -0.8523914
7 0.1258665 -1.4279806 -0.2818109
1 -1.6211049 -2.0223498 -1.0841991
1 -1.1746576 -0.6421579 -1.8187953
1 0.0152636 -1.2551041 2.0192717
23
-442.449507412     6memclf     lactam     hnew3          runpoint      50     runisomer      59
6 1.3752512 0.8044137 -0.6965342
6 1.4025897 -0.6370563 -0.4908349
6 0.0803645 -0.3539935 1.3580657
6 -1.0645613 0.4451639 1.0168027
6 -0.9517802 1.7775323 0.1998042
6 0.1101415 1.6951896 -0.9032180
1 2.0221997 1.5055874 0.1837931
1 2.0015676 1.0373190 -1.6398496
1 -1.4325505 0.7773798 1.9416652
1 -2.0590099 2.0693958 -0.0831735
1 -0.3488550 2.4973746 0.9201474
1 -0.3088420 1.4210897 -1.8379439
1 0.7086623 2.5805077 -1.0877612
1 1.1584850 0.0591652 1.5652507
8 2.3500099 -0.9920309 0.2277477
6 -2.0436752 -0.6050279 0.3746483
1 -2.1910266 -1.3841868 1.0680606
1 -2.9799028 -0.2747831 0.0013121
6 -1.0555913 -1.1760293 -0.8699215
7 0.1189231 -1.4238789 -0.2512090
1 -1.6858440 -2.0250786 -1.1099554
1 -1.1851480 -0.6602379 -1.7802679
1 -0.0148409 -1.2629298 2.0940215
23
-442.471423546     6memclf     lactam     hnew3          runpoint      51     runisomer      59
6 1.3814657 0.8095812 -0.7076662
6 1.4114721 -0.6296370 -0.5020427
6 0.0830094 -0.3540870 1.3574230
6 -1.0637428 0.4562079 1.0237996
6 -0.9579113 1.7729959 0.2056648
6 0.1185237 1.6922377 -0.9034971
1 1.9940209 1.4669029 0.1891662
1 1.9797391 1.0535215 -1.6515261
1 -1.4995150 0.8491858 1.9434469
1 -2.0318445 2.0614755 -0.0722947
1 -0.3538906 2.4660571 0.9175390
1 -0.4102485 1.3913801 -1.8964836
1 0.6893884 2.5638827 -1.0525657
1 1.0990907 0.0244285 1.5416251
8 2.3666202 -0.9954981 0.2231429
6 -2.0502609 -0.6007095 0.3669294
1 -2.2074206 -1.4580204 1.1014865
1 -3.0278744 -0.2849944 -0.0075137
6 -1.0510885 -1.1837226 -0.8862718
7 0.1157395 -1.4187961 -0.2193179
1 -1.7456074 -2.0413987 -1.1358419
1 -1.1900897 -0.6611327 -1.7514908
1 -0.0490371 -1.2528147 2.1560301
23
-442.476065368     6memclf     lactam     hnew3          runpoint      52     runisomer      59
6 1.3889894 0.8183976 -0.7195898
6 1.4200814 -0.6243140 -0.5090698
6 0.0863635 -0.3574324 1.3576134
6 -1.0656208 0.4675486 1.0307652
6 -0.9620295 1.7685550 0.2124839
6 0.1253636 1.6873589 -0.9059065
1 1.9543338 1.4048231 0.1728844
1 1.9541363 1.0664115 -1.6523574
1 -1.5699507 0.9164986 1.9506351
1 -1.9869176 2.0555674 -0.0592452
1 -0.3780179 2.4314904 0.9089696
1 -0.5017295 1.3679843 -1.9426902
1 0.6659241 2.5667670 -1.0210942
1 1.0316659 -0.0090240 1.5162951
8 2.3830204 -0.9994041 0.2168415
6 -2.0554884 -0.5967442 0.3589361
1 -2.2220648 -1.5230724 1.1251816
1 -3.0749154 -0.2912789 -0.0154331
6 -1.0510666 -1.1925579 -0.9001152
7 0.1160016 -1.4125933 -0.1865290
1 -1.7913001 -2.0625579 -1.1588502
1 -1.1893543 -0.6381399 -1.7444764
1 -0.0849473 -1.2214230 2.1999542
23
-442.466247703     6memclf     lactam     hnew3          runpoint      53     runisomer      59
6 1.3971831 0.8300921 -0.7321478
6 1.4287284 -0.6213711 -0.5116668
6 0.0875028 -0.3647285 1.3584149
6 -1.0707841 0.4792193 1.0383810
6 -0.9632941 1.7636380 0.2198781
6 0.1294142 1.6800694 -0.9108100
1 1.9075920 1.3253066 0.1379913
1 1.9293523 1.0770871 -1.6465987
1 -1.6360736 0.9718318 1.9539799
1 -1.9360912 2.0546879 -0.0472872
1 -0.4165547 2.3996991 0.8989713
1 -0.5733072 1.3549596 -1.9670928
1 0.6411748 2.5933808 -0.9962001
1 0.9852414 -0.0310380 1.4937501
8 2.3988672 -1.0035121 0.2086525
6 -2.0601526 -0.5938879 0.3511070
1 -2.2330201 -1.5677831 1.1312119
1 -3.1119365 -0.2960720 -0.0191678
6 -1.0555715 -1.2028748 -0.9109690
7 0.1192689 -1.4051469 -0.1532706
1 -1.8164664 -2.0821740 -1.1774762
1 -1.1821298 -0.5924487 -1.7590839
1 -0.1202655 -1.1694432 2.2234816
23
-442.454384619     6memclf     lactam     hnew3          runpoint      54     runisomer      59
6 1.4049928 0.8433635 -0.7455292
6 1.4375514 -0.6209003 -0.5098196
6 0.0836350 -0.3763558 1.3594108
6 -1.0795705 0.4910772 1.0469304
6 -0.9608703 1.7573815 0.2273619
6 0.1302435 1.6708707 -0.9181103
1 1.8622772 1.2389738 0.0949530
1 1.9113594 1.0874659 -1.6412521
1 -1.6921059 1.0099707 1.9488128
1 -1.8954987 2.0628315 -0.0411502
1 -0.4616715 2.3789171 0.8947203
1 -0.6195044 1.3537963 -1.9669001
1 0.6135717 2.6387556 -0.9789117
1 0.9877038 -0.0317401 1.4779813
8 2.4139375 -1.0076384 0.1984858
6 -2.0647472 -0.5924778 0.3435638
1 -2.2394682 -1.5869223 1.1169898
1 -3.1331214 -0.3006860 -0.0169806
6 -1.0644442 -1.2140567 -0.9192689
7 0.1250720 -1.3963774 -0.1199444
1 -1.8175258 -2.0963013 -1.1913367
1 -1.1668263 -0.5342107 -1.7834518
1 -0.1531048 -1.1008573 2.2272726
23
-442.453009552     6memclf     lactam     hnew3          runpoint      55     runisomer      59
6 1.4109083 0.8564761 -0.7608084
6 1.4465220 -0.6228493 -0.5037578
6 0.0748503 -0.3913894 1.3602546
6 -1.0920986 0.5028313 1.0563617
6 -0.9543895 1.7489579 0.2343386
6 0.1279004 1.6609300 -0.9275191
1 1.8321206 1.1612487 0.0658105
1 1.9062767 1.0997292 -1.6439565
1 -1.7345575 1.0281378 1.9340341
1 -1.8780379 2.0830077 -0.0450380
1 -0.5043620 2.3777362 0.9042951
1 -0.6373980 1.3645443 -1.9420632
1 0.5793859 2.6911257 -0.9693474
1 1.0344524 -0.0128677 1.4687992
8 2.4281322 -1.0116621 0.1863409
6 -2.0694787 -0.5926356 0.3363081
1 -2.2411772 -1.5790318 1.0828548
1 -3.1362489 -0.3054011 -0.0086720
6 -1.0772208 -1.2250173 -0.9255969
7 0.1329545 -1.3862597 -0.0868831
1 -1.7937072 -2.1033639 -1.2008734
1 -1.1428889 -0.4765755 -1.8039822
1 -0.1826822 -1.0234285 2.2162148
23
-442.463743712     6memclf     lactam     hnew3          runpoint      56     runisomer      59
6 1.4136006 0.8680161 -0.7795168
6 1.4554674 -0.6270607 -0.4939213
6 0.0636727 -0.4076800 1.3603033
6 -1.1082677 0.5140671 1.0663909
6 -0.9443792 1.7383023 0.2402974
6 0.1225856 1.6514875 -0.9385969
1 1.8302772 1.1051480 0.0751531
1 1.9181584 1.1152230 -1.6591139
1 -1.7620205 1.0256713 1.9109926
1 -1.8834992 2.1138966 -0.0594483
1 -0.5390876 2.4000192 0.9312433
1 -0.6260940 1.3861469 -1.8943817
1 0.5361018 2.7381276 -0.9674669
1 1.0945359 0.0136739 1.4642066
8 2.4414709 -1.0155379 0.1723003
6 -2.0742907 -0.5943244 0.3292592
1 -2.2383437 -1.5457494 1.0314175
1 -3.1226401 -0.3095632 0.0045618
6 -1.0930725 -1.2345840 -0.9301812
7 0.1424893 -1.3748316 -0.0543402
1 -1.7473708 -2.1047016 -1.2073960
1 -1.1115351 -0.4304533 -1.8115796
1 -0.2101980 -0.9492115 2.2015375
23
-442.486190879     6memclf     lactam     hnew3          runpoint      57     runisomer      59
6 1.4132434 0.8777891 -0.8014601
6 1.4640917 -0.6332562 -0.4808932
6 0.0524639 -0.4229999 1.3583521
6 -1.1277110 0.5242466 1.0765279
6 -0.9319453 1.7265183 0.2451764
6 0.1146471 1.6435440 -0.9506843
1 1.8553266 1.0717422 0.1212699
1 1.9470488 1.1335191 -1.6850265
1 -1.7753085 1.0040154 1.8832481
1 -1.8997289 2.1494562 -0.0808175
1 -0.5663472 2.4406387 0.9701160
1 -0.5878756 1.4161638 -1.8288327
1 0.4835182 2.7706320 -0.9731447
1 1.1414770 0.0371030 1.4637609
8 2.4540963 -1.0193069 0.1565289
6 -2.0788242 -0.5972531 0.3221779
1 -2.2317797 -1.4930557 0.9684305
1 -3.0972864 -0.3115394 0.0201955
6 -1.1108267 -1.2415228 -0.9328543
7 0.1532849 -1.3621803 -0.0224835
1 -1.6844847 -2.1057032 -1.2133904
1 -1.0751396 -0.4030632 -1.8020699
1 -0.2390035 -0.8922733 2.2001564
23
-442.507619697     6memclf     lactam     hnew3          runpoint      58     runisomer      59
6 1.4113319 0.8862560 -0.8247341
6 1.4720056 -0.6409804 -0.4653321
6 0.0425114 -0.4359609 1.3535040
6 -1.1497228 0.5326901 1.0860206
6 -0.9182024 1.7153121 0.2493351
6 0.1049018 1.6378806 -0.9625847
1 1.8933518 1.0560706 0.1771310
1 1.9888346 1.1524872 -1.7148095
1 -1.7782280 0.9671792 1.8572362
1 -1.9129061 2.1824261 -0.1043806
1 -0.5893297 2.4884306 1.0099695
1 -0.5318430 1.4497522 -1.7578002
1 0.4233096 2.7835790 -0.9859761
1 1.1612938 0.0513153 1.4680612
8 2.4662643 -1.0230981 0.1392728
6 -2.0823730 -0.6006125 0.3144639
1 -2.2234541 -1.4345162 0.9050183
1 -3.0687939 -0.3086861 0.0345340
6 -1.1291030 -1.2444910 -0.9331568
7 0.1649978 -1.3484293 0.0085827
1 -1.6138620 -2.1161589 -1.2226140
1 -1.0365207 -0.3982203 -1.7749433
1 -0.2717826 -0.8613714 2.2247017
23
-442.505128802     6memclf     lactam     hnew3          runpoint      59     runisomer      59
6 1.4093951 0.8937560 -0.8477874
6 1.4787470 -0.6496221 -0.4479203
6 0.0340005 -0.4463577 1.3463272
6 -1.1731989 0.5385710 1.0937774
6 -0.9040740 1.7061825 0.2531961
6 0.0952060 1.6352181 -0.9719368
1 1.9315848 1.0548963 0.2185178
1 2.0369691 1.1693153 -1.7400774
1 -1.7784534 0.9220303 1.8431055
1 -1.9137161 2.2072177 -0.1263561
1 -0.6101068 2.5324502 1.0409313
1 -0.4800558 1.4781652 -1.7085300
1 0.3584570 2.7758281 -1.0051510
1 1.1486562 0.0538136 1.4774916
8 2.4783289 -1.0270997 0.1208352
6 -2.0839754 -0.6027957 0.3049612
1 -2.2170407 -1.3939057 0.8592776
1 -3.0477153 -0.2978375 0.0434292
6 -1.1467047 -1.2424275 -0.9305153
7 0.1773272 -1.3337264 0.0387922
1 -1.5431827 -2.1459944 -1.2386980
1 -0.9983186 -0.4162139 -1.7326136
1 -0.3061207 -0.8546582 2.2708823
23
-442.480604796     6memclf     lactam     hnew3          runpoint      60     runisomer      59
6 1.4084976 0.9004397 -0.8698498
6 1.4838177 -0.6585029 -0.4293237
6 0.0264177 -0.4546214 1.3384749
6 -1.1967799 0.5410647 1.0985192
6 -0.8903102 1.7000830 0.2570542
6 0.0881454 1.6360703 -0.9754996
1 1.9624171 1.0665469 0.2326914
1 2.0847036 1.1815784 -1.7543074
1 -1.7860048 0.8766424 1.8529166
1 -1.8978026 2.2205659 -0.1443839
1 -0.6288778 2.5650312 1.0569280
1 -0.4638842 1.4906977 -1.7194925
1 0.2929735 2.7503209 -1.0294558
1 1.1036365 0.0445417 1.4917921
8 2.4906998 -1.0315181 0.1015438
6 -2.0828930 -0.6020937 0.2924665
1 -2.2166306 -1.3951566 0.8489328
1 -3.0420851 -0.2768486 0.0438178
6 -1.1630689 -1.2354825 -0.9244991
7 0.1900123 -1.3182352 0.0680803
1 -1.4742411 -2.1955852 -1.2617716
1 -0.9623111 -0.4529799 -1.6807304
1 -0.3358736 -0.8646944 2.3222656
23
-442.482405374     6memclf     lactam     hnew3          runpoint      61     runisomer      59
6 1.4093023 0.9063676 -0.8905083
6 1.4867527 -0.6669670 -0.4101496
6 0.0189975 -0.4612470 1.3315451
6 -1.2194453 0.5397226 1.0994676
6 -0.8775086 1.6974469 0.2610962
6 0.0840399 1.6398931 -0.9729025
1 1.9819604 1.0895281 0.2149527
1 2.1265233 1.1877456 -1.7542121
1 -1.8066188 0.8357953 1.8927622
1 -1.8645739 2.2212145 -0.1572652
1 -0.6446030 2.5818814 1.0554264
1 -0.4885859 1.4844684 -1.7960392
1 0.2316810 2.7148985 -1.0575208
1 1.0311872 0.0256939 1.5103660
8 2.5037748 -1.0365344 0.0817121
6 -2.0793570 -0.5987013 0.2771662
1 -2.2228651 -1.4364033 0.8731959
1 -3.0525407 -0.2465532 0.0351343
6 -1.1781734 -1.2254269 -0.9148614
7 0.2028272 -1.3021473 0.0963645
1 -1.4047283 -2.2525090 -1.2870831
1 -0.9283978 -0.4989304 -1.6291764
1 -0.3559423 -0.8848825 2.3635118
23
-442.514623349     6memclf     lactam     hnew3          runpoint      62     runisomer      59
6 1.4121291 0.9115703 -0.9094318
6 1.4872261 -0.6744489 -0.3908997
6 0.0107129 -0.4667575 1.3265943
6 -1.2410343 0.5346659 1.0970245
6 -0.8660939 1.6982803 0.2654497
6 0.0805920 1.6449752 -0.9675391
1 1.9885807 1.1220086 0.1653751
1 2.1587665 1.1872291 -1.7398173
1 -1.8360605 0.7985484 1.9550843
1 -1.8165029 2.2096629 -0.1648531
1 -0.6555931 2.5815516 1.0367075
1 -0.5281324 1.4656223 -1.8992964
1 0.1793092 2.6823306 -1.0886320
1 0.9429597 0.0027137 1.5332416
8 2.5178530 -1.0422741 0.0615917
6 -2.0745689 -0.5944749 0.2605487
1 -2.2329623 -1.4922177 0.9140454
1 -3.0721281 -0.2111002 0.0190978
6 -1.1921199 -1.2148543 -0.9012882
7 0.2155775 -1.2856954 0.1235224
1 -1.3338299 -2.3005742 -1.3079799
1 -0.8936645 -0.5395639 -1.5918028
1 -0.3640830 -0.9110073 2.3854117
23
-442.511905 6memclf lactam hnew3  runpoint 1  runisomer  59
6 1.4160331 0.8932659 -0.6735930
6 1.3523645 -0.4110888 0.1267175
6 0.2912212 -0.3553838 1.3309658
6 -1.0145200 0.3204040 1.0347542
6 -0.7416543 1.7108284 0.3953819
6 0.1233701 1.6972051 -0.8500959
1 2.2561433 1.4407245 -0.0296235
1 2.0148505 0.6501687 -1.5630807
1 -1.7195178 0.5634644 1.8413333
1 -1.6345805 2.2359068 0.1369692
1 -0.2487754 2.2883498 1.1351999
1 -0.3889600 1.1302910 -1.7554013
1 0.3927763 2.7384346 -1.3435667
1 0.8405645 0.2001894 2.0796628
8 2.3086319 -1.0906377 0.3186091
6 -1.8996927 -0.5885687 0.2083364
1 -2.1184900 -1.5447258 0.8688674
1 -2.8264431 0.0127490 0.0088369
6 -1.3374364 -1.1282501 -1.1911338
7 -0.0981772 -1.4858706 -0.6889482
1 -2.0966352 -1.8526750 -1.4133037
1 -1.5722225 -0.2169648 -1.9417715
1 0.2488545 -1.3357842 1.8916840
23
-442.459207559 6memclf lactam hnew3  runpoint 2  runisomer  59
6 1.4191 0.884047 -0.673346
6 1.35348 -0.417004 0.13672
6 0.295699 -0.346641 1.32975
6 -1.01793 0.323386 1.03258
6 -0.728341 1.70147 0.402656
6 0.123142 1.70428 -0.836388
1 2.18336 1.43386 -0.107538
1 2.05798 0.665362 -1.53197
1 -1.75983 0.595556 1.88021
1 -1.61146 2.20487 0.200515
1 -0.291655 2.31922 1.1523
1 -0.392844 1.07802 -1.77695
1 0.414958 2.66139 -1.36222
1 0.832938 0.187219 1.99561
8 2.30769 -1.08383 0.316872
6 -1.89331 -0.590512 0.190737
1 -2.12334 -1.58794 0.906882
1 -2.83421 0.00170604 -0.0210206
6 -1.34042 -1.12227 -1.19152
7 -0.107946 -1.47762 -0.694912
1 -2.15233 -1.90541 -1.40061
1 -1.52883 -0.192808 -1.9413
1 0.24089 -1.35829 1.9092
23
-442.435960732     6memclf     lactam     hnew3          runpoint      3     runisomer      59
6 1.4231633 0.8749882 -0.6724083
6 1.3520550 -0.4209157 0.1464981
6 0.2987368 -0.3407626 1.3286437
6 -1.0222402 0.3268994 1.0303283
6 -0.7144090 1.6917314 0.4096684
6 0.1234835 1.7094612 -0.8262247
1 2.1085729 1.4310346 -0.1803670
1 2.0938896 0.6802916 -1.5081738
1 -1.7846732 0.6207001 1.9147337
1 -1.6098491 2.1823479 0.2585947
1 -0.3264143 2.3551333 1.1780584
1 -0.3897629 1.0443806 -1.7752309
1 0.4309330 2.5798673 -1.3699703
1 0.8456444 0.1969075 1.9340252
8 2.3085747 -1.0784236 0.3153600
6 -1.8885043 -0.5935103 0.1755636
1 -2.1253141 -1.6056989 0.9252175
1 -2.8364057 -0.0195825 -0.0517087
6 -1.3441234 -1.1155537 -1.1926372
7 -0.1184604 -1.4697248 -0.7018695
1 -2.1954195 -1.9549414 -1.3887181
1 -1.4778350 -0.1869300 -1.9293978
1 0.2308668 -1.3679747 1.9128852
23
-442.401340210     6memclf     lactam     hnew3          runpoint      4     runisomer      59
6 1.4262491 0.8649063 -0.6719464
6 1.3480013 -0.4224869 0.1557293
6 0.2993358 -0.3388725 1.3269732
6 -1.0274751 0.3308907 1.0285243
6 -0.6999834 1.6823025 0.4169705
6 0.1242019 1.7110546 -0.8194467
1 2.0552751 1.4491262 -0.2276148
1 2.1214206 0.6926026 -1.4949989
1 -1.7896837 0.6361297 1.9378394
1 -1.6317428 2.1694416 0.3078873
1 -0.3528386 2.3904634 1.2078674
1 -0.3801069 1.0318037 -1.7489218
1 0.4434734 2.5108291 -1.3736973
1 0.8873116 0.2383608 1.9067951
8 2.3115039 -1.0746339 0.3141595
6 -1.8854643 -0.5975719 0.1633032
1 -2.1236224 -1.5958525 0.9212314
1 -2.8328584 -0.0503252 -0.0819534
6 -1.3488002 -1.1089645 -1.1946606
7 -0.1295963 -1.4623307 -0.7097460
1 -2.2191793 -1.9918572 -1.3775577
1 -1.4233905 -0.1994514 -1.9080298
1 0.2203871 -1.3611148 1.9022343
23
-442.385209925     6memclf     lactam     hnew3          runpoint      5     runisomer      59
6 1.4270180 0.8527734 -0.6728047
6 1.3416399 -0.4216680 0.1642293
6 0.2981403 -0.3401959 1.3255941
6 -1.0334205 0.3352330 1.0274497
6 -0.6859725 1.6743719 0.4250281
6 0.1249087 1.7075530 -0.8154270
1 2.0398275 1.5021608 -0.2355491
1 2.1394150 0.7006256 -1.4934387
1 -1.7737713 0.6404492 1.9460758
1 -1.6684161 2.1622872 0.3470825
1 -0.3714244 2.4189157 1.2359346
1 -0.3655541 1.0403450 -1.6994409
1 0.4572327 2.4715900 -1.3826225
1 0.9474349 0.3017406 1.9046491
8 2.3164006 -1.0724922 0.3132950
6 -1.8841779 -0.6026212 0.1542623
1 -2.1180855 -1.5593935 0.8945863
1 -2.8253852 -0.0881409 -0.1109282
6 -1.3543579 -1.1032052 -1.1975511
7 -0.1411640 -1.4555955 -0.7183998
1 -2.2214435 -2.0112636 -1.3679377
1 -1.3699848 -0.2268514 -1.8817364
1 0.2109263 -1.3378513 1.8791120
23
-442.397927498     6memclf     lactam     hnew3          runpoint      6     runisomer      59
6 1.4264105 0.8395564 -0.6743801
6 1.3336494 -0.4187027 0.1719819
6 0.2965581 -0.3428740 1.3255849
6 -1.0397158 0.3397558 1.0271874
6 -0.6735637 1.6690778 0.4341672
6 0.1254365 1.6985281 -0.8136643
1 2.0523960 1.5797561 -0.2111842
1 2.1465938 0.7037269 -1.5018719
1 -1.7383546 0.6333832 1.9389106
1 -1.7072011 2.1559078 0.3753955
1 -0.3825509 2.4355069 1.2574620
1 -0.3494082 1.0671741 -1.6312693
1 0.4745581 2.4694227 -1.4007373
1 1.0071755 0.3686130 1.9119753
8 2.3229123 -1.0718455 0.3127345
6 -1.8843998 -0.6084374 0.1485346
1 -2.1092379 -1.5007956 0.8476093
1 -2.8175067 -0.1293772 -0.1383846
6 -1.3605778 -1.0990458 -1.2010521
7 -0.1529097 -1.4496872 -0.7276202
1 -2.2026008 -2.0110214 -1.3610239
1 -1.3218979 -0.2612319 -1.8580129
1 0.2035527 -1.3028897 1.8479238
23
-442.415176440     6memclf     lactam     hnew3          runpoint      7     runisomer      59
6 1.4261713 0.8273523 -0.6755412
6 1.3249334 -0.4140629 0.1790870
6 0.2956317 -0.3449734 1.3271652
6 -1.0458447 0.3442335 1.0275855
6 -0.6636991 1.6671718 0.4445388
6 0.1263126 1.6852122 -0.8139378
1 2.0734799 1.6577454 -0.1706593
1 2.1418889 0.7021468 -1.5169077
1 -1.6875407 0.6159113 1.9191437
1 -1.7378024 2.1471099 0.3921839
1 -0.3863288 2.4374096 1.2695854
1 -0.3380050 1.1046896 -1.5544809
1 0.4922636 2.4966571 -1.4220044
1 1.0529637 0.4251073 1.9191240
8 2.3304903 -1.0724098 0.3124201
6 -1.8856496 -0.6143504 0.1457725
1 -2.0989998 -1.4308461 0.7876424
1 -2.8135256 -0.1697627 -0.1645941
6 -1.3672618 -1.0973273 -1.2047332
7 -0.1645222 -1.4447756 -0.7371296
1 -2.1648810 -1.9912176 -1.3581529
1 -1.2823344 -0.2910005 -1.8465836
1 0.1986656 -1.2665413 1.8160468
23
-442.410474269     6memclf     lactam     hnew3          runpoint      8     runisomer      59
6 1.4272960 0.8177058 -0.6756146
6 1.3164751 -0.4083402 0.1856737
6 0.2959264 -0.3446861 1.3298220
6 -1.0510708 0.3483244 1.0281268
6 -0.6569307 1.6689429 0.4560495
6 0.1287792 1.6700789 -0.8154622
1 2.0910351 1.7183653 -0.1261665
1 2.1250491 0.6965207 -1.5348089
1 -1.6289667 0.5906935 1.8944501
1 -1.7539816 2.1348623 0.3971922
1 -0.3826188 2.4242342 1.2717240
1 -0.3430266 1.1380707 -1.4883281
1 0.5045031 2.5384021 -1.4362992
1 1.0779067 0.4635926 1.9221133
8 2.3385060 -1.0738319 0.3122868
6 -1.8872253 -0.6187105 0.1447783
1 -2.0920776 -1.3716769 0.7312142
1 -2.8168877 -0.2054432 -0.1899354
6 -1.3742158 -1.0985150 -1.2082522
7 -0.1756460 -1.4410260 -0.7466129
1 -2.1128898 -1.9549656 -1.3608489
1 -1.2530511 -0.3057049 -1.8555945
1 0.1958595 -1.2437211 1.7929903
23
-442.381911493     6memclf     lactam     hnew3          runpoint      9     runisomer      59
6 1.4300231 0.8114014 -0.6743551
6 1.3092073 -0.4021534 0.1918423
6 0.2976965 -0.3407505 1.3329355
6 -1.0544077 0.3515410 1.0277811
6 -0.6534839 1.6742372 0.4683086
6 0.1343751 1.6558503 -0.8166596
1 2.1000592 1.7527870 -0.0850142
1 2.0970657 0.6874765 -1.5526487
1 -1.5741269 0.5622093 1.8787790
1 -1.7529396 2.1197526 0.3907174
1 -0.3709719 2.3982755 1.2659459
1 -0.3800803 1.1490419 -1.4568825
1 0.5066342 2.5810367 -1.4362835
1 1.0792728 0.4805416 1.9199189
8 2.3463473 -1.0757537 0.3122847
6 -1.8883355 -0.6188954 0.1435263
1 -2.0961169 -1.3556557 0.7031387
1 -2.8285724 -0.2339523 -0.2142202
6 -1.3809815 -1.1019688 -1.2117455
7 -0.1859194 -1.4385715 -0.7557575
1 -2.0553456 -1.9106099 -1.3710916
1 -1.2353969 -0.3030874 -1.8860794
1 0.1945032 -1.2466531 1.7861930
23
-442.366608127     6memclf     lactam     hnew3          runpoint      10     runisomer      59
6 1.4341668 0.8087522 -0.6716938
6 1.3039284 -0.3960848 0.1976345
6 0.3009414 -0.3332073 1.3363833
6 -1.0548995 0.3534050 1.0253107
6 -0.6533491 1.6824796 0.4806191
6 0.1435136 1.6437544 -0.8170273
1 2.0990104 1.7575454 -0.0516896
1 2.0602087 0.6754813 -1.5688735
1 -1.5349754 0.5351595 1.8885580
1 -1.7346228 2.1035790 0.3736385
1 -0.3504222 2.3647534 1.2573617
1 -0.4530235 1.1340570 -1.4660425
1 0.4964040 2.6150555 -1.4188125
1 1.0567827 0.4750315 1.9130317
8 2.3534824 -1.0778512 0.3123809
6 -1.8887719 -0.6136573 0.1410057
1 -2.1145906 -1.3975051 0.7145459
1 -2.8467574 -0.2544714 -0.2362884
6 -1.3865257 -1.1057084 -1.2157966
7 -0.1950275 -1.4374893 -0.7643187
1 -2.0069422 -1.8742323 -1.3919041
1 -1.2311737 -0.2898321 -1.9312559
1 0.1949195 -1.2743321 1.7956457
23
-442.388257048     6memclf     lactam     hnew3          runpoint      11     runisomer      59
6 1.4393726 0.8097989 -0.6675989
6 1.3012583 -0.3906450 0.2030425
6 0.3054196 -0.3233339 1.3404987
6 -1.0522819 0.3537424 1.0203732
6 -0.6563073 1.6927350 0.4920375
6 0.1546128 1.6331523 -0.8178335
1 2.0879371 1.7320500 -0.0292113
1 2.0177092 0.6608507 -1.5833020
1 -1.5159990 0.5111758 1.9296228
1 -1.7017637 2.0892769 0.3473494
1 -0.3193793 2.3311706 1.2536121
1 -0.5438141 1.1091435 -1.4967632
1 0.4737082 2.6349050 -1.3838781
1 1.0123154 0.4485554 1.9032551
8 2.3594936 -1.0798516 0.3125590
6 -1.8893855 -0.6050014 0.1385019
1 -2.1404776 -1.4729449 0.7477350
1 -2.8677350 -0.2674058 -0.2541614
6 -1.3895286 -1.1072783 -1.2209743
7 -0.2027617 -1.4377731 -0.7721601
1 -1.9849277 -1.8659426 -1.4272171
1 -1.2417032 -0.2752176 -1.9816157
1 0.1984095 -1.3130838 1.8146346
23
-442.414222455     6memclf     lactam     hnew3          runpoint      12     runisomer      59
6 1.4452485 0.8143495 -0.6620616
6 1.3016133 -0.3862424 0.2080223
6 0.3106593 -0.3128566 1.3455233
6 -1.0471893 0.3527199 1.0141584
6 -0.6618124 1.7039118 0.5016501
6 0.1655826 1.6232279 -0.8201852
1 2.0679811 1.6778778 -0.0195521
1 1.9731715 0.6438363 -1.5966131
1 -1.5117217 0.4884086 1.9897253
1 -1.6606044 2.0810539 0.3135104
1 -0.2764478 2.3045005 1.2618343
1 -0.6299957 1.0902861 -1.5292213
1 0.4401188 2.6384374 -1.3337815
1 0.9509826 0.4062322 1.8946130
8 2.3640873 -1.0815449 0.3128163
6 -1.8912426 -0.5955786 0.1375068
1 -2.1648092 -1.5501867 0.7810549
1 -2.8871308 -0.2737761 -0.2655372
6 -1.3896283 -1.1056020 -1.2277662
7 -0.2090328 -1.4393476 -0.7792518
1 -1.9953658 -1.8927717 -1.4781657
1 -1.2667162 -0.2660147 -2.0291566
1 0.2060466 -1.3472658 1.8353114
23
-442.428245569     6memclf     lactam     hnew3          runpoint      13     runisomer      59
6 1.4513900 0.8219012 -0.6552173
6 1.3052023 -0.3831536 0.2125334
6 0.3158075 -0.3036100 1.3511290
6 -1.0405479 0.3505816 1.0084284
6 -0.6687877 1.7151034 0.5090738
6 0.1748444 1.6135926 -0.8242359
1 2.0419571 1.5995908 -0.0230618
1 1.9298762 0.6247654 -1.6094273
1 -1.5138066 0.4647809 2.0496907
1 -1.6211328 2.0842673 0.2735406
1 -0.2227241 2.2871464 1.2836210
1 -0.6967233 1.0854345 -1.5529472
1 0.3985882 2.6271385 -1.2728742
1 0.8833132 0.3593748 1.8954239
8 2.3670872 -1.0827831 0.3131594
6 -1.8949980 -0.5870376 0.1386365
1 -2.1823964 -1.6099506 0.8026765
1 -2.9011734 -0.2746173 -0.2685003
6 -1.3879496 -1.1017547 -1.2368673
7 -0.2138762 -1.4420807 -0.7856401
1 -2.0269797 -1.9398740 -1.5391209
1 -1.3043483 -0.2655462 -2.0683957
1 0.2180024 -1.3660509 1.8519867
23
-442.425236315     6memclf     lactam     hnew3          runpoint      14     runisomer      59
6 1.4572405 0.8314278 -0.6476030
6 1.3120294 -0.3814885 0.2165957
6 0.3196047 -0.2975846 1.3562391
6 -1.0331301 0.3475291 1.0045136
6 -0.6757311 1.7257492 0.5146829
6 0.1813058 1.6039541 -0.8294960
1 2.0162703 1.5072007 -0.0362909
1 1.8902929 0.6042625 -1.6213709
1 -1.5163597 0.4396247 2.0948926
1 -1.5942294 2.1041857 0.2283609
1 -0.1634597 2.2762242 1.3131741
1 -0.7361637 1.0968141 -1.5638309
1 0.3532047 2.6070197 -1.2073840
1 0.8256680 0.3264926 1.9198172
8 2.3684397 -1.0834911 0.3135999
6 -1.9008670 -0.5802430 0.1419439
1 -2.1910809 -1.6431443 0.8079532
1 -2.9076404 -0.2706306 -0.2621160
6 -1.3859361 -1.0974280 -1.2489577
7 -0.2174573 -1.4457979 -0.7914193
1 -2.0644819 -1.9873065 -1.6013158
1 -1.3517305 -0.2746263 -2.0959987
1 0.2335778 -1.3642803 1.8614592
23
-442.411043732     6memclf     lactam     hnew3          runpoint      15     runisomer      59
6 1.4617651 0.8411320 -0.6405265
6 1.3218884 -0.3811674 0.2203229
6 0.3211601 -0.2961675 1.3596617
6 -1.0255266 0.3437611 1.0031209
6 -0.6814325 1.7355868 0.5191683
6 0.1842293 1.5938438 -0.8351872
1 2.0041250 1.4193109 -0.0480426
1 1.8561103 0.5833859 -1.6308014
1 -1.5163362 0.4133251 2.1174084
1 -1.5849260 2.1431666 0.1796571
1 -0.1064047 2.2671307 1.3413229
1 -0.7446072 1.1235747 -1.5607723
1 0.3086286 2.5888080 -1.1445939
1 0.7910734 0.3231574 1.9804734
8 2.3682130 -1.0836747 0.3141495
6 -1.9087103 -0.5756791 0.1472813
1 -2.1902908 -1.6461275 0.7957591
1 -2.9063256 -0.2620180 -0.2467322
6 -1.3845389 -1.0938059 -1.2643709
7 -0.2200579 -1.4503042 -0.7967182
1 -2.0977980 -2.0223844 -1.6576556
1 -1.4055114 -0.2922945 -2.1105016
1 0.2513867 -1.3417229 1.8625457
23
-442.404070118     6memclf     lactam     hnew3          runpoint      16     runisomer      59
6 1.4634054 0.8487764 -0.6359840
6 1.3343668 -0.3819394 0.2238938
6 0.3210716 -0.2986837 1.3615717
6 -1.0182334 0.3394998 1.0044752
6 -0.6855925 1.7446091 0.5229561
6 0.1832586 1.5828059 -0.8405278
1 2.0249256 1.3595331 -0.0396126
1 1.8285616 0.5634382 -1.6355511
1 -1.5125801 0.3867483 2.1144023
1 -1.5883692 2.1984072 0.1318715
1 -0.0587134 2.2566202 1.3601964
1 -0.7212194 1.1628710 -1.5444494
1 0.2689901 2.5845554 -1.0906768
1 0.7760005 0.3446407 2.0715894
8 2.3665992 -1.0834289 0.3148176
6 -1.9180913 -0.5736153 0.1544529
1 -2.1803636 -1.6185635 0.7669445
1 -2.8991514 -0.2483898 -0.2240111
6 -1.3842479 -1.0915766 -1.2830287
7 -0.2220299 -1.4553970 -0.8016893
1 -2.1218981 -2.0395461 -1.7036663
1 -1.4621927 -0.3159072 -2.1124459
1 0.2695267 -1.3029218 1.8560163
23
-442.414844772     6memclf     lactam     hnew3          runpoint      17     runisomer      59
6 1.4614734 0.8533707 -0.6349701
6 1.3488615 -0.3834041 0.2274995
6 0.3207319 -0.3029369 1.3632464
6 -1.0116621 0.3349673 1.0084552
6 -0.6885756 1.7529574 0.5260723
6 0.1785532 1.5710490 -0.8448853
1 2.0872520 1.3369079 -0.0032665
1 1.8087016 0.5454985 -1.6343188
1 -1.5052581 0.3609768 2.0868666
1 -1.5943146 2.2631288 0.0916406
1 -0.0252640 2.2434351 1.3649826
1 -0.6689564 1.2097386 -1.5179135
1 0.2370314 2.5999741 -1.0483283
1 0.7680968 0.3731513 2.1719343
8 2.3639205 -1.0829457 0.3156158
6 -1.9283153 -0.5740483 0.1631920
1 -2.1625754 -1.5638019 0.7244684
1 -2.8898414 -0.2287810 -0.1966863
6 -1.3852821 -1.0912298 -1.3044898
7 -0.2237453 -1.4608732 -0.8064997
1 -2.1346265 -2.0373935 -1.7367767
1 -1.5184679 -0.3407850 -2.1047534
1 0.2858848 -1.2576369 1.8451561
23
-442.435252310     6memclf     lactam     hnew3          runpoint      18     runisomer      59
6 1.4573607 0.8558032 -0.6362199
6 1.3646038 -0.3849960 0.2313065
6 0.3211764 -0.3066424 1.3655538
6 -1.0060934 0.3303480 1.0146084
6 -0.6908688 1.7607445 0.5283240
6 0.1709769 1.5598884 -0.8475404
1 2.1745335 1.3385138 0.0440593
1 1.7974354 0.5301236 -1.6275180
1 -1.4959269 0.3372255 2.0396816
1 -1.5937991 2.3296608 0.0651988
1 -0.0083684 2.2278970 1.3539064
1 -0.5978868 1.2561727 -1.4891779
1 0.2143868 2.6300337 -1.0169261
1 0.7590283 0.3949645 2.2625292
8 2.3606283 -1.0825248 0.3165625
6 -1.9384768 -0.5763843 0.1729626
1 -2.1398455 -1.4921704 0.6750925
1 -2.8827943 -0.2019420 -0.1679219
6 -1.3876981 -1.0932497 -1.3280181
7 -0.2255602 -1.4665274 -0.8113236
1 -2.1353487 -2.0168262 -1.7556643
1 -1.5716325 -0.3600012 -2.0927507
1 0.2985557 -1.2206693 1.8362139
23
-442.434075999     6memclf     lactam     hnew3          runpoint      19     runisomer      59
6 1.4530002 0.8571466 -0.6379653
6 1.3807021 -0.3859996 0.2354511
6 0.3229337 -0.3080282 1.3686569
6 -1.0015787 0.3257716 1.0220516
6 -0.6928591 1.7679431 0.5294263
6 0.1624295 1.5513885 -0.8471041
1 2.2633588 1.3494440 0.0815351
1 1.7953863 0.5174871 -1.6169291
1 -1.4882063 0.3167478 1.9828224
1 -1.5817530 2.3914582 0.0566991
1 -0.0077247 2.2115647 1.3280291
1 -0.5297542 1.2905353 -1.4756549
1 0.2021280 2.6637155 -0.9948540
1 0.7456712 0.4035314 2.3323019
8 2.3572758 -1.0825563 0.3176814
6 -1.9475472 -0.5788225 0.1826145
1 -2.1179352 -1.4273570 0.6324592
1 -2.8810737 -0.1671487 -0.1403220
6 -1.3914187 -1.0980708 -1.3527361
7 -0.2277897 -1.4721592 -0.8163281
1 -2.1245453 -1.9804878 -1.7600431
1 -1.6199682 -0.3657256 -2.0827470
1 0.3062638 -1.2075908 1.8364581
23
-442.402645900     6memclf     lactam     hnew3          runpoint      20     runisomer      59
6 1.4496635 0.8579386 -0.6391175
6 1.3962081 -0.3856452 0.2400476
6 0.3262125 -0.3064322 1.3726662
6 -0.9978534 0.3213325 1.0293963
6 -0.6948849 1.7743398 0.5289930
6 0.1554052 1.5475085 -0.8415587
1 2.3380162 1.3616156 0.0977436
1 1.8026792 0.5076308 -1.6048866
1 -1.4885635 0.3005908 1.9322259
1 -1.5566975 2.4437476 0.0679187
1 -0.0200903 2.1971629 1.2914509
1 -0.4926301 1.3010337 -1.5020987
1 0.2007157 2.6908498 -0.9809868
1 0.7275984 0.3966781 2.3758930
8 2.3544740 -1.0834763 0.3189924
6 -1.9545838 -0.5782374 0.1903546
1 -2.1049233 -1.4068387 0.6165291
1 -2.8847271 -0.1253116 -0.1150850
6 -1.3962404 -1.1057705 -1.3778759
7 -0.2306950 -1.4775876 -0.8216654
1 -2.1043296 -1.9333049 -1.7509899
1 -1.6622406 -0.3523846 -2.0789073
1 0.3085310 -1.2247429 1.8487318
23
-442.384207692     6memclf     lactam     hnew3          runpoint      21     runisomer      59
6 1.4480506 0.8583736 -0.6391694
6 1.4102276 -0.3832410 0.2451992
6 0.3310246 -0.3025687 1.3781222
6 -0.9944217 0.3171434 1.0350725
6 -0.6973274 1.7795318 0.5265304
6 0.1505361 1.5489835 -0.8304520
1 2.3902885 1.3715556 0.0888285
1 1.8186868 0.5006672 -1.5934679
1 -1.5049669 0.2893026 1.9057993
1 -1.5200578 2.4837109 0.0984111
1 -0.0388900 2.1886220 1.2516278
1 -0.4919359 1.2862568 -1.5749603
1 0.2099434 2.7049595 -0.9747647
1 0.7055634 0.3744547 2.3911701
8 2.3527983 -1.0856997 0.3205122
6 -1.9592985 -0.5728855 0.1952214
1 -2.1046680 -1.4496582 0.6364072
1 -2.8910281 -0.0792890 -0.0921275
6 -1.4017605 -1.1156668 -1.4029217
7 -0.2344915 -1.4826595 -0.8274799
1 -2.0801093 -1.8840136 -1.7318117
1 -1.6966109 -0.3198339 -2.0807865
1 0.3055319 -1.2638380 1.8682590
23
-442.404969703     6memclf     lactam     hnew3          runpoint      22     runisomer      59
6 1.4485592 0.8585189 -0.6379368
6 1.4220706 -0.3783167 0.2509973
6 0.3372274 -0.2978161 1.3857145
6 -0.9910702 0.3133304 1.0383229
6 -0.7005555 1.7829473 0.5215518
6 0.1461266 1.5551805 -0.8160622
1 2.4163670 1.3779158 0.0548928
1 1.8418626 0.4968824 -1.5838681
1 -1.5408047 0.2830922 1.9116576
1 -1.4760517 2.5108244 0.1455247
1 -0.0549277 2.1904728 1.2184314
1 -0.5048781 1.2569167 -1.6692686
1 0.2290256 2.7032533 -0.9758622
1 0.6810599 0.3383632 2.3783115
8 2.3526822 -1.0895344 0.3222456
6 -1.9622430 -0.5648797 0.1982861
1 -2.1129675 -1.5280549 0.6771547
1 -2.8962130 -0.0330300 -0.0709477
6 -1.4071516 -1.1261372 -1.4274364
7 -0.2393853 -1.4872489 -0.8339248
1 -2.0629329 -1.8468870 -1.7089292
1 -1.7205325 -0.2737151 -2.0843477
1 0.2979317 -1.3096063 1.8866861
23
-442.421517890     6memclf     lactam     hnew3          runpoint      23     runisomer      59
6 1.4513804 0.8584170 -0.6354581
6 1.4313854 -0.3707303 0.2575300
6 0.3445128 -0.2934682 1.3957599
6 -0.9882952 0.3099740 1.0397738
6 -0.7046091 1.7839603 0.5139222
6 0.1407925 1.5650765 -0.8010066
1 2.4150361 1.3804432 -0.0018051
1 1.8697531 0.4966561 -1.5762296
1 -1.5898928 0.2822579 1.9412473
1 -1.4320228 2.5276171 0.2044253
1 -0.0599584 2.2056495 1.2001528
1 -0.5112834 1.2244626 -1.7570028
1 0.2566451 2.6861608 -0.9840019
1 0.6565458 0.2917636 2.3406753
8 2.3543196 -1.0950974 0.3241834
6 -1.9640639 -0.5570442 0.2010142
1 -2.1246392 -1.6052840 0.7198683
1 -2.8968675 0.0094003 -0.0512197
6 -1.4111624 -1.1350752 -1.4508985
7 -0.2455892 -1.4912546 -0.8411602
1 -2.0680751 -1.8389705 -1.6903553
1 -1.7319042 -0.2228556 -2.0850540
1 0.2867323 -1.3490362 1.8971142
23
-442.423411482     6memclf     lactam     hnew3          runpoint      24     runisomer      59
6 1.4564725 0.8581075 -0.6319533
6 1.4382230 -0.3607108 0.2648810
6 0.3523585 -0.2906451 1.4077974
6 -0.9869259 0.3071164 1.0406665
6 -0.7087995 1.7821040 0.5042348
6 0.1342257 1.5776329 -0.7869972
1 2.3875076 1.3799535 -0.0771365
1 1.8992119 0.5001767 -1.5700072
1 -1.6409610 0.2869957 1.9785847
1 -1.3980680 2.5401162 0.2688371
1 -0.0518121 2.2325276 1.1982151
1 -0.5027442 1.1963460 -1.8215989
1 0.2911104 2.6574190 -0.9989451
1 0.6362085 0.2414622 2.2877452
8 2.3576201 -1.1022782 0.3263001
6 -1.9651416 -0.5509159 0.2042847
1 -2.1367914 -1.6599921 0.7535100
1 -2.8907548 0.0445844 -0.0330437
6 -1.4130854 -1.1412582 -1.4730224
7 -0.2533074 -1.4945976 -0.8493301
1 -2.1030811 -1.8668456 -1.6800633
1 -1.7299197 -0.1761783 -2.0799050
1 0.2730987 -1.3742371 1.8956337
23
-442.422562833     6memclf     lactam     hnew3          runpoint      25     runisomer      59
6 1.4634194 0.8575565 -0.6278487
6 1.4430080 -0.3488211 0.2731268
6 0.3599365 -0.2905752 1.4202405
6 -0.9875393 0.3048051 1.0419953
6 -0.7119337 1.7772820 0.4936645
6 0.1267202 1.5917146 -0.7750316
1 2.3389798 1.3792604 -0.1643220
1 1.9267868 0.5070814 -1.5646195
1 -1.6843358 0.2970894 2.0106708
1 -1.3839288 2.5556114 0.3331780
1 -0.0350527 2.2647440 1.2068421
1 -0.4778120 1.1768190 -1.8553657
1 0.3307495 2.6241354 -1.0205917
1 0.6270851 0.2000845 2.2395230
8 2.3622352 -1.1107502 0.3285668
6 -1.9656229 -0.5470920 0.2085500
1 -2.1480406 -1.6829146 0.7730246
1 -2.8772372 0.0702794 -0.0170107
6 -1.4136110 -1.1452323 -1.4939200
7 -0.2626925 -1.4972181 -0.8585336
1 -2.1581131 -1.9177233 -1.6759503
1 -1.7150853 -0.1407198 -2.0678386
1 0.2582618 -1.3817431 1.8809124
23
-442.415753301     6memclf     lactam     hnew3          runpoint      26     runisomer      59
6 1.4711445 0.8564585 -0.6238400
6 1.4464262 -0.3358357 0.2823320
6 0.3661983 -0.2945702 1.4306123
6 -0.9902826 0.3031110 1.0443245
6 -0.7131682 1.7699997 0.4833692
6 0.1187651 1.6061086 -0.7657325
1 2.2819408 1.3853205 -0.2527214
1 1.9491995 0.5162172 -1.5600215
1 -1.7139893 0.3119951 2.0298945
1 -1.3933798 2.5767654 0.3946232
1 -0.0165399 2.2944622 1.2180082
1 -0.4381081 1.1681638 -1.8554083
1 0.3743036 2.5954559 -1.0489710
1 0.6382985 0.1846065 2.2242727
8 2.3676511 -1.1200367 0.3309543
6 -1.9654905 -0.5457714 0.2140483
1 -2.1576729 -1.6710523 0.7764137
1 -2.8573771 0.0856775 -0.0041559
6 -1.4139692 -1.1482819 -1.5137078
7 -0.2738351 -1.4990850 -0.8688096
1 -2.2164936 -1.9719672 -1.6750330
1 -1.6889629 -0.1209615 -2.0494489
1 0.2434385 -1.3716181 1.8536395
23
-442.410212318     6memclf     lactam     hnew3          runpoint      27     runisomer      59
6 1.4777769 0.8540301 -0.6208165
6 1.4492930 -0.3225963 0.2925324
6 0.3705419 -0.3028491 1.4375690
6 -0.9949633 0.3021242 1.0479069
6 -0.7125216 1.7614097 0.4742264
6 0.1108971 1.6197958 -0.7595503
1 2.2379593 1.4112664 -0.3286242
1 1.9638202 0.5257001 -1.5568686
1 -1.7269151 0.3310184 2.0327804
1 -1.4218455 2.5981895 0.4522737
1 -0.0018347 2.3153222 1.2253558
1 -0.3868454 1.1712493 -1.8217225
1 0.4206858 2.5788666 -1.0835880
1 0.6736054 0.2022786 2.2547813
8 2.3732942 -1.1296024 0.3334386
6 -1.9646071 -0.5469791 0.2208773
1 -2.1653466 -1.6252435 0.7635037
1 -2.8337826 0.0914714 0.0041366
6 -1.4149875 -1.1513996 -1.5322891
7 -0.2867490 -1.5002095 -0.8801296
1 -2.2661236 -2.0152996 -1.6762420
1 -1.6540234 -0.1186543 -2.0267138
1 0.2296724 -1.3476147 1.8163889
23
-442.420465592     6memclf     lactam     hnew3          runpoint      28     runisomer      59
6 1.4816319 0.8494878 -0.6193113
6 1.4524254 -0.3098834 0.3037311
6 0.3734098 -0.3135740 1.4422983
6 -1.0011606 0.3019480 1.0527636
6 -0.7105952 1.7528683 0.4669438
6 0.1037431 1.6323201 -0.7568313
1 2.2262319 1.4701648 -0.3822733
1 1.9689994 0.5333161 -1.5561919
1 -1.7223706 0.3534061 2.0188250
1 -1.4603651 2.6105761 0.5048800
1 0.0056425 2.3233249 1.2251361
1 -0.3288400 1.1853013 -1.7574920
1 0.4679102 2.5761899 -1.1222084
1 0.7250214 0.2403374 2.3118852
8 2.3786212 -1.1389295 0.3360085
6 -1.9627288 -0.5504869 0.2289398
1 -2.1712862 -1.5509175 0.7362831
1 -2.8101181 0.0896876 0.0062680
6 -1.4170097 -1.1552006 -1.5494208
7 -0.3013609 -1.5006523 -0.8923899
1 -2.3008757 -2.0401294 -1.6798169
1 -1.6135433 -0.1324312 -2.0029040
1 0.2174849 -1.3183560 1.7738207
23
-442.439054419     6memclf     lactam     hnew3          runpoint      29     runisomer      59
6 1.4830241 0.8434687 -0.6189790
6 1.4565227 -0.2983675 0.3159194
6 0.3756905 -0.3240078 1.4464306
6 -1.0082864 0.3026774 1.0587029
6 -0.7080909 1.7454375 0.4621008
6 0.0981369 1.6439209 -0.7575653
1 2.2425699 1.5577699 -0.4148660
1 1.9641796 0.5371719 -1.5587638
1 -1.7017466 0.3784401 1.9903349
1 -1.5004918 2.6063811 0.5502982
1 0.0043340 2.3166555 1.2159190
1 -0.2715329 1.2065945 -1.6719488
1 0.5123773 2.5835622 -1.1605570
1 0.7804411 0.2804478 2.3693393
8 2.3831762 -1.1475738 0.3386602
6 -1.9594929 -0.5554059 0.2377423
1 -2.1772253 -1.4621921 0.7009883
1 -2.7901357 0.0831552 0.0006468
6 -1.4201185 -1.1601698 -1.5648035
7 -0.3174869 -1.5005261 -0.9053966
1 -2.3184646 -2.0432722 -1.6864269
1 -1.5714170 -0.1571807 -1.9825445
1 0.2064820 -1.2978317 1.7324907
23
-442.440927917     6memclf     lactam     hnew3          runpoint      30     runisomer      59
6 1.4835975 0.8378894 -0.6191652
6 1.4620929 -0.2885919 0.3290685
6 0.3781005 -0.3318256 1.4507458
6 -1.0155573 0.3043517 1.0652469
6 -0.7055970 1.7397000 0.4600494
6 0.0952275 1.6555140 -0.7606873
1 2.2673589 1.6536840 -0.4325688
1 1.9497851 0.5362549 -1.5646107
1 -1.6691743 0.4056283 1.9532424
1 -1.5362699 2.5819132 0.5861899
1 -0.0056167 2.2955099 1.1984134
1 -0.2267010 1.2254844 -1.5863418
1 0.5495858 2.5950840 -1.1937733
1 0.8308034 0.3101270 2.4113135
8 2.3866162 -1.1551758 0.3413990
6 -1.9543175 -0.5595432 0.2460693
1 -2.1885845 -1.3883784 0.6715979
1 -2.7763989 0.0745560 -0.0139501
6 -1.4243462 -1.1668118 -1.5781500
7 -0.3348154 -1.5000048 -0.9188544
1 -2.3188201 -2.0242807 -1.6967584
1 -1.5316637 -0.1840294 -1.9710937
1 0.1956088 -1.3010333 1.6987598
