5
-114.654160 ts77 dynamics sesquiterpene TS runpoint 1  runisomer  87
6 -0.0534942 0.6060480 -0.0049002
1 -0.2189058 1.2051063 0.9298871
1 -0.1469757 1.2500659 -0.8888673
1 0.9966766 -0.0846981 -0.0575663
8 -0.0275660 -0.7411225 0.0047189
5
-114.648 ts77 dynamics sesquiterpene TS runpoint 2  runisomer  87
6 -0.0464076 0.593465 -0.0156534
1 -0.237253 1.22129 0.990931
1 -0.170083 1.27191 -0.867441
1 0.945796 -0.0715556 -0.0341823
8 -0.0270647 -0.734906 0.00611689
5
-114.64     ts77     dynamics     sesquiterpene     TS     runpoint      3     runisomer      87
6 -0.0394370 0.5849182 -0.0241459
1 -0.2528383 1.2207129 1.0329962
1 -0.1962607 1.2849046 -0.8505353
1 0.9089814 -0.0554380 -0.0100271
8 -0.0273446 -0.7302916 0.0072515
5
-114.63     ts77     dynamics     sesquiterpene     TS     runpoint      4     runisomer      87
6 -0.0334558 0.5813412 -0.0296901
1 -0.2638227 1.2015702 1.0503906
1 -0.2250452 1.2886567 -0.8393791
1 0.9009325 -0.0365399 0.0148943
8 -0.0288206 -0.7278295 0.0080431
5
-114.626     ts77     dynamics     sesquiterpene     TS     runpoint      5     runisomer      87
6 -0.0288372 0.5828632 -0.0319971
1 -0.2692629 1.1649255 1.0415367
1 -0.2557810 1.2834444 -0.8348940
1 0.9279918 -0.0131166 0.0408773
8 -0.0317135 -0.7278112 0.0084129
5
-114.633     ts77     dynamics     sesquiterpene     TS     runpoint      6     runisomer      87
6 -0.0251638 0.5886697 -0.0310080
1 -0.2690525 1.1139276 1.0078639
1 -0.2875876 1.2701743 -0.8376775
1 0.9843035 0.0200247 0.0673893
8 -0.0360292 -0.7302069 0.0082987
5
-114.645     ts77     dynamics     sesquiterpene     TS     runpoint      7     runisomer      87
6 -0.0214172 0.5972020 -0.0270121
1 -0.2643662 1.0543497 0.9552724
1 -0.3192048 1.2500340 -0.8476280
1 1.0566571 0.0705623 0.0925555
8 -0.0417042 -0.7347699 0.0076574
5
-114.657     ts77     dynamics     sesquiterpene     TS     runpoint      8     runisomer      87
6 -0.0163769 0.6064818 -0.0210914
1 -0.2587931 0.9959561 0.8981821
1 -0.3488442 1.2240560 -0.8633749
1 1.1317804 0.1454197 0.1138757
8 -0.0487042 -0.7411332 0.0064622
5
-114.661     ts77     dynamics     sesquiterpene     TS     runpoint      9     runisomer      87
6 -0.0088377 0.6144244 -0.0155033
1 -0.2596651 0.9526741 0.8628138
1 -0.3743628 1.1929932 -0.8820361
1 1.1990982 0.2475959 0.1291203
8 -0.0569408 -0.7488456 0.0047148
5
-114.66     ts77     dynamics     sesquiterpene     TS     runpoint      10     runisomer      87
6 0.0021702 0.6195137 -0.0126124
1 -0.2754455 0.9359637 0.8746385
1 -0.3938235 1.1576526 -0.8998696
1 1.2500555 0.3753046 0.1366722
8 -0.0661922 -0.7574326 0.0024506
5
-114.669     ts77     dynamics     sesquiterpene     TS     runpoint      11     runisomer      87
6 0.0167570 0.6216726 -0.0122714
1 -0.3065899 0.9439925 0.9285729
1 -0.4060898 1.1193353 -0.9136054
1 1.2777101 0.5232480 0.1355394
8 -0.0761452 -0.7664668 -0.0002639
5
-114.684     ts77     dynamics     sesquiterpene     TS     runpoint      12     runisomer      87
6 0.0341905 0.6218158 -0.0122826
1 -0.3447771 0.9655893 0.9949840
1 -0.4111424 1.0799363 -0.9211920
1 1.2772996 0.6840489 0.1255018
8 -0.0864759 -0.7755853 -0.0033270
5
-114.692     ts77     dynamics     sesquiterpene     TS     runpoint      13     runisomer      87
6 0.0535987 0.6208971 -0.0109314
1 -0.3814459 0.9903801 1.0491010
1 -0.4101805 1.0418247 -0.9217373
1 1.2471946 0.8492980 0.1074809
8 -0.0968912 -0.7844691 -0.0065790
5
-114.692     ts77     dynamics     sesquiterpene     TS     runpoint      14     runisomer      87
6 0.0743361 0.6196566 -0.0076605
1 -0.4118309 1.0108203 1.0783906
1 -0.4060698 1.0074042 -0.9151859
1 1.1897844 1.0108487 0.0837227
8 -0.1071771 -0.7928372 -0.0097916
5
-114.689     ts77     dynamics     sesquiterpene     TS     runpoint      15     runisomer      87
6 0.0957119 0.6187078 -0.0021599
1 -0.4346269 1.0224846 1.0775874
1 -0.4027496 0.9772378 -0.9032971
1 1.1125393 1.1609938 0.0559104
8 -0.1171210 -0.8004196 -0.0128635
5
-114.654160 ts77 dynamics sesquiterpene TS runpoint 1  runisomer  87
6 -0.0534942 0.6060480 -0.0049002
1 -0.2189058 1.2051063 0.9298871
1 -0.1469757 1.2500659 -0.8888673
1 0.9966766 -0.0846981 -0.0575663
8 -0.0275660 -0.7411225 0.0047189
5
-114.648 ts77 dynamics sesquiterpene TS runpoint 2  runisomer  87
6 -0.0597139 0.621077 0.00664436
1 -0.200988 1.17953 0.863538
1 -0.127244 1.22035 -0.913045
1 1.04628 -0.094398 -0.0794861
8 -0.0283974 -0.748303 0.00314261
5
-114.645     ts77     dynamics     sesquiterpene     TS     runpoint      3     runisomer      87
6 -0.0641564 0.6362409 0.0163476
1 -0.1884633 1.1609025 0.8181800
1 -0.1111479 1.1842680 -0.9375240
1 1.0831509 -0.1006331 -0.0988716
8 -0.0291906 -0.7558381 0.0014844
5
-114.631     ts77     dynamics     sesquiterpene     TS     runpoint      4     runisomer      87
6 -0.0661381 0.6490204 0.0212295
1 -0.1863125 1.1691899 0.8239802
1 -0.0990418 1.1440620 -0.9596049
1 1.1004364 -0.1039287 -0.1146516
8 -0.0296913 -0.7632057 -0.0001588
5
-114.627     ts77     dynamics     sesquiterpene     TS     runpoint      5     runisomer      87
6 -0.0655669 0.6585789 0.0209382
1 -0.1945760 1.2057157 0.8811369
1 -0.0914188 1.1028593 -0.9774988
1 1.0951333 -0.1051695 -0.1259685
8 -0.0297446 -0.7700041 -0.0017015
5
-114.635     ts77     dynamics     sesquiterpene     TS     runpoint      6     runisomer      87
6 -0.0628940 0.6658708 0.0180055
1 -0.2085008 1.2518492 0.9578259
1 -0.0888449 1.0644589 -0.9911123
1 1.0672703 -0.1056081 -0.1322583
8 -0.0292796 -0.7759336 -0.0030812
5
-114.638     ts77     dynamics     sesquiterpene     TS     runpoint      7     runisomer      87
6 -0.0587112 0.6718283 0.0149086
1 -0.2235462 1.2909871 1.0247656
1 -0.0918448 1.0326204 -1.0016213
1 1.0195548 -0.1072453 -0.1333073
8 -0.0282750 -0.7807598 -0.0042473
5
-114.634     ts77     dynamics     sesquiterpene     TS     runpoint      8     runisomer      87
6 -0.0536624 0.6769320 0.0130522
1 -0.2369538 1.3147785 1.0661669
1 -0.1007562 1.0102732 -1.0103416
1 0.9577485 -0.1132245 -0.1294195
8 -0.0267622 -0.7843035 -0.0051580
5
-114.631     ts77     dynamics     sesquiterpene     TS     runpoint      9     runisomer      87
6 -0.0485238 0.6815668 0.0130403
1 -0.2472258 1.3200695 1.0754750
1 -0.1155297 0.9990268 -1.0175652
1 0.8912946 -0.1280655 -0.1216670
8 -0.0248512 -0.7864715 -0.0057692
5
-114.631     ts77     dynamics     sesquiterpene     TS     runpoint      10     runisomer      87
6 -0.0442057 0.6862547 0.0149695
1 -0.2536285 1.3064194 1.0514283
1 -0.1355309 0.9990871 -1.0220637
1 0.8331340 -0.1573378 -0.1120532
8 -0.0227621 -0.7872891 -0.0060238
5
-114.635     ts77     dynamics     sesquiterpene     TS     runpoint      11     runisomer      87
6 -0.0415470 0.6915434 0.0185148
1 -0.2562066 1.2756240 0.9972314
1 -0.1594867 1.0094942 -1.0215848
1 0.7976440 -0.2059105 -0.1033060
8 -0.0208487 -0.7869121 -0.0058498
5
-114.643     ts77     dynamics     sesquiterpene     TS     runpoint      12     runisomer      87
6 -0.0409695 0.6975178 0.0227620
1 -0.2564984 1.2332511 0.9230353
1 -0.1857248 1.0285517 -1.0139744
1 0.7971660 -0.2753018 -0.0981630
8 -0.0195808 -0.7855541 -0.0051649
5
-114.654     ts77     dynamics     sesquiterpene     TS     runpoint      13     runisomer      87
6 -0.0422127 0.7032204 0.0258040
1 -0.2592140 1.1919645 0.8514964
1 -0.2126231 1.0543388 -0.9983260
1 0.8373937 -0.3644663 -0.0983064
8 -0.0193183 -0.7832380 -0.0039167
5
-114.66     ts77     dynamics     sesquiterpene     TS     runpoint      14     runisomer      87
6 -0.0443243 0.7066469 0.0247553
1 -0.2733100 1.1718447 0.8184411
1 -0.2390607 1.0851548 -0.9757790
1 0.9097717 -0.4747652 -0.1032155
8 -0.0197413 -0.7795339 -0.0021592
5
-114.669     ts77     dynamics     sesquiterpene     TS     runpoint      15     runisomer      87
6 -0.0463806 0.7064067 0.0181704
1 -0.3051565 1.1838412 0.8449262
1 -0.2647208 1.1197872 -0.9498870
1 0.9902046 -0.6085836 -0.1101802
8 -0.0196429 -0.7738608 -0.0000809
5
-114.689     ts77     dynamics     sesquiterpene     TS     runpoint      16     runisomer      87
6 -0.0484384 0.7032857 0.0084262
1 -0.3485263 1.2136593 0.9085332
1 -0.2900872 1.1574873 -0.9258303
1 1.0521648 -0.7623452 -0.1159936
8 -0.0176732 -0.7660861 0.0020709
5
-114.699     ts77     dynamics     sesquiterpene     TS     runpoint      17     runisomer      87
6 -0.0509411 0.6986871 -0.0011898
1 -0.3923420 1.2412462 0.9753335
1 -0.3158253 1.1972923 -0.9077693
1 1.0779090 -0.9256847 -0.1183940
8 -0.0130347 -0.7565908 0.0040883
5
-114.693     ts77     dynamics     sesquiterpene     TS     runpoint      18     runisomer      87
6 -0.0540887 0.6935005 -0.0088022
1 -0.4290968 1.2550190 1.0249481
1 -0.3418614 1.2369486 -0.8965406
1 1.0599335 -1.0851798 -0.1163556
8 -0.0055847 -0.7460178 0.0058354
5
-114.684     ts77     dynamics     sesquiterpene     TS     runpoint      19     runisomer      87
6 -0.0578698 0.6882798 -0.0137866
1 -0.4549939 1.2502540 1.0486377
1 -0.3670202 1.2725822 -0.8898491
1 0.9984734 -1.2276470 -0.1098969
8 0.0043402 -0.7350699 0.0072515
5
-114.677     ts77     dynamics     sesquiterpene     TS     runpoint      20     runisomer      87
6 -0.0621823 0.6834641 -0.0161423
1 -0.4683894 1.2256848 1.0437631
1 -0.3894967 1.2995996 -0.8843351
1 0.8992937 -1.3421665 -0.0998629
8 0.0160836 -0.7243961 0.0083449
5
-114.676     ts77     dynamics     sesquiterpene     TS     runpoint      21     runisomer      87
6 -0.0668707 0.6793887 -0.0161114
1 -0.4690308 1.1820096 1.0112548
1 -0.4076160 1.3140252 -0.8775318
1 0.7727819 -1.4220544 -0.0878582
8 0.0287547 -0.7144626 0.0091840
5
-114.68     ts77     dynamics     sesquiterpene     TS     runpoint      22     runisomer      87
6 -0.0717145 0.6761558 -0.0141420
1 -0.4583193 1.1221070 0.9560924
1 -0.4203594 1.3134442 -0.8687568
1 0.6339916 -1.4684856 -0.0763386
8 0.0412615 -0.7053015 0.0099028
5
-114.683     ts77     dynamics     sesquiterpene     TS     runpoint      23     runisomer      87
6 -0.0763400 0.6734208 -0.0111658
1 -0.4407675 1.0527142 0.8908687
1 -0.4275759 1.2975097 -0.8591984
1 0.5013680 -1.4956992 -0.0686799
8 0.0524371 -0.6961601 0.0106941
5
-114.676     ts77     dynamics     sesquiterpene     TS     runpoint      24     runisomer      87
6 -0.0800329 0.6702500 -0.0090760
1 -0.4263789 0.9864106 0.8412882
1 -0.4300334 1.2681574 -0.8516105
1 0.3887593 -1.5283226 -0.0684713
8 0.0615508 -0.6856991 0.0117577
5
-114.661     ts77     dynamics     sesquiterpene     TS     runpoint      25     runisomer      87
6 -0.0818396 0.6655436 -0.0103247
1 -0.4288755 0.9380987 0.8408416
1 -0.4294794 1.2294780 -0.8498458
1 0.2939610 -1.5771407 -0.0774892
8 0.0690017 -0.6736117 0.0131791
5
-114.657     ts77     dynamics     sesquiterpene     TS     runpoint      26     runisomer      87
6 -0.0816691 0.6592352 -0.0150970
1 -0.4518970 0.9121395 0.8962861
1 -0.4286197 1.1869878 -0.8582079
1 0.2050126 -1.6254955 -0.0948793
8 0.0758745 -0.6615200 0.0148871
5
-114.663     ts77     dynamics     sesquiterpene     TS     runpoint      27     runisomer      87
6 -0.0806998 0.6523107 -0.0205552
1 -0.4842909 0.9018340 0.9765782
1 -0.4303787 1.1459573 -0.8797622
1 0.1139013 -1.6514495 -0.1188646
8 0.0830410 -0.6514561 0.0167910
5
-114.664     ts77     dynamics     sesquiterpene     TS     runpoint      28     runisomer      87
6 -0.0802384 0.6457598 -0.0241878
1 -0.5146585 0.9011200 1.0497765
1 -0.4363205 1.1093372 -0.9135325
1 0.0179251 -1.6433678 -0.1479620
8 0.0910300 -0.6446986 0.0188644
5
-114.661     ts77     dynamics     sesquiterpene     TS     runpoint      29     runisomer      87
6 -0.0812371 0.6402989 -0.0251434
1 -0.5370658 0.9070379 1.0983484
1 -0.4457684 1.0771761 -0.9535936
1 -0.0832220 -1.6005824 -0.1813561
8 0.1001602 -0.6416452 0.0211470
5
-114.661     ts77     dynamics     sesquiterpene     TS     runpoint      30     runisomer      87
6 -0.0843422 0.6364228 -0.0236366
1 -0.5491267 0.9180568 1.1149088
1 -0.4565834 1.0480412 -0.9914681
1 -0.1897952 -1.5308063 -0.2193908
8 0.1106464 -0.6419927 0.0237549
5
-114.668     ts77     dynamics     sesquiterpene     TS     runpoint      31     runisomer      87
6 -0.0899290 0.6344181 -0.0202483
1 -0.5500977 0.9331361 1.0973838
1 -0.4665243 1.0206916 -1.0193999
1 -0.3037681 -1.4464185 -0.2638674
8 0.1227065 -0.6450337 0.0268777
5
-114.679     ts77     dynamics     sesquiterpene     TS     runpoint      32     runisomer      87
6 -0.0980820 0.6343801 -0.0155908
1 -0.5403098 0.9516449 1.0473249
1 -0.4740474 0.9947765 -1.0322540
1 -0.4267717 -1.3556673 -0.3159872
8 0.1364319 -0.6502583 0.0306311
5
-114.694     ts77     dynamics     sesquiterpene     TS     runpoint      33     runisomer      87
6 -0.1085045 0.6362029 -0.0103456
1 -0.5217758 0.9738963 0.9711226
1 -0.4785350 0.9708093 -1.0281554
1 -0.5522414 -1.2559403 -0.3717817
8 0.1512727 -0.6578021 0.0347532
5
-114.705     ts77     dynamics     sesquiterpene     TS     runpoint      34     runisomer      87
6 -0.1203777 0.6394340 -0.0055698
1 -0.4998439 1.0026259 0.8838304
1 -0.4803026 0.9500100 -1.0088168
1 -0.6643497 -1.1425084 -0.4223470
8 0.1659743 -0.6678737 0.0386358
5
-114.702     ts77     dynamics     sesquiterpene     TS     runpoint      35     runisomer      87
6 -0.1322813 0.6430520 -0.0029799
1 -0.4845661 1.0454102 0.8123923
1 -0.4806602 0.9342237 -0.9800188
1 -0.7473192 -1.0179735 -0.4593015
8 0.1791920 -0.6801373 0.0417063
5
-114.686     ts77     dynamics     sesquiterpene     TS     runpoint      36     runisomer      87
6 -0.1426720 0.6457253 -0.0040106
1 -0.4858933 1.1124014 0.7842437
1 -0.4820377 0.9257609 -0.9518021
1 -0.7913905 -0.8910397 -0.4777748
8 0.1899353 -0.6938292 0.0436367
5
-114.676     ts77     dynamics     sesquiterpene     TS     runpoint      37     runisomer      87
6 -0.1510341 0.6471661 -0.0075536
1 -0.5015846 1.2016633 0.7986216
1 -0.4875991 0.9269044 -0.9365341
1 -0.7932398 -0.7721986 -0.4763267
8 0.1976640 -0.7080954 0.0443335
5
-114.674     ts77     dynamics     sesquiterpene     TS     runpoint      38     runisomer      87
6 -0.1578776 0.6485133 -0.0108182
1 -0.5196400 1.2957500 0.8308590
1 -0.4993365 0.9386541 -0.9425994
1 -0.7558459 -0.6711488 -0.4566451
8 0.2023192 -0.7221421 0.0438919
5
-114.67     ts77     dynamics     sesquiterpene     TS     runpoint      39     runisomer      87
6 -0.1638302 0.6511537 -0.0121392
1 -0.5305544 1.3772945 0.8598252
1 -0.5158328 0.9590819 -0.9678786
1 -0.6900823 -0.5962839 -0.4244608
8 0.2043673 -0.7352662 0.0426215
5
-114.66     ts77     dynamics     sesquiterpene     TS     runpoint      40     runisomer      87
6 -0.1692673 0.6562813 -0.0113487
1 -0.5299303 1.4358400 0.8747510
1 -0.5328893 0.9833933 -1.0015019
1 -0.6174690 -0.5545865 -0.3915941
8 0.2049056 -0.7469609 0.0411354
5
-114.644     ts77     dynamics     sesquiterpene     TS     runpoint      41     runisomer      87
6 -0.1743261 0.6648363 -0.0088886
1 -0.5164234 1.4664259 0.8716436
1 -0.5461450 1.0060325 -1.0312253
1 -0.5699524 -0.5489764 -0.3763204
8 0.2056916 -0.7570872 0.0403939
5
-114.631     ts77     dynamics     sesquiterpene     TS     runpoint      42     runisomer      87
6 -0.1790720 0.6771125 -0.0053346
1 -0.4902796 1.4677614 0.8504411
1 -0.5526190 1.0228433 -1.0482614
1 -0.5733414 -0.5770064 -0.3941654
8 0.2082272 -0.7656749 0.0412596
5
-114.639     ts77     dynamics     sesquiterpene     TS     runpoint      43     runisomer      87
6 -0.1835594 0.6923902 -0.0014105
1 -0.4530706 1.4421453 0.8146479
1 -0.5509367 1.0320688 -1.0482709
1 -0.6180115 -0.6372769 -0.4406332
8 0.2119579 -0.7723064 0.0434981
5
-114.659     ts77     dynamics     sesquiterpene     TS     runpoint      44     runisomer      87
6 -0.1876990 0.7090496 0.0018622
1 -0.4081550 1.3975207 0.7735741
1 -0.5412131 1.0340511 -1.0309363
1 -0.6697620 -0.7276901 -0.4956078
8 0.2148824 -0.7764209 0.0460001
5
-114.669     ts77     dynamics     sesquiterpene     TS     runpoint      45     runisomer      87
6 -0.1910928 0.7247421 0.0029911
1 -0.3610627 1.3506483 0.7462482
1 -0.5250874 1.0306200 -0.9999229
1 -0.7009652 -0.8411484 -0.5413134
8 0.2154110 -0.7778750 0.0477983
5
-114.666     ts77     dynamics     sesquiterpene     TS     runpoint      46     runisomer      87
6 -0.1931490 0.7367491 0.0003655
1 -0.3173183 1.3236605 0.7588047
1 -0.5060232 1.0251137 -0.9637792
1 -0.6978588 -0.9677520 -0.5676774
8 0.2128002 -0.7768583 0.0483578
5
-114.665     ts77     dynamics     sesquiterpene     TS     runpoint      47     runisomer      87
6 -0.1935658 0.7436127 -0.0056952
1 -0.2770148 1.3236689 0.8203757
1 -0.4893823 1.0226390 -0.9364794
1 -0.6564493 -1.0968400 -0.5704216
8 0.2069153 -0.7737177 0.0474767
5
-114.676     ts77     dynamics     sesquiterpene     TS     runpoint      48     runisomer      87
6 -0.1923631 0.7458470 -0.0120663
1 -0.2364005 1.3347282 0.9077313
1 -0.4807981 1.0290063 -0.9330023
1 -0.5791460 -1.2181397 -0.5492778
8 0.1980411 -0.7688486 0.0452000
5
-114.686     ts77     dynamics     sesquiterpene     TS     runpoint      49     runisomer      87
6 -0.1896944 0.7443922 -0.0160173
1 -0.1940817 1.3394069 0.9910459
1 -0.4822408 1.0471379 -0.9573848
1 -0.4740447 -1.3234478 -0.5079774
8 0.1868402 -0.7625594 0.0418476
5
-114.689     ts77     dynamics     sesquiterpene     TS     runpoint      50     runisomer      87
6 -0.1859832 0.7399706 -0.0171568
1 -0.1510665 1.3288030 1.0514530
1 -0.4902898 1.0746241 -0.9972546
1 -0.3550368 -1.4099012 -0.4551959
8 0.1743535 -0.7548579 0.0380828
5
-114.685     ts77     dynamics     sesquiterpene     TS     runpoint      51     runisomer      87
6 -0.1817722 0.7331143 -0.0164475
1 -0.1090295 1.3000841 1.0800598
1 -0.4993852 1.1060414 -1.0342564
1 -0.2386389 -1.4829851 -0.4034440
8 0.1617850 -0.7452783 0.0348182
5
-114.675     ts77     dynamics     sesquiterpene     TS     runpoint      52     runisomer      87
6 -0.1774841 0.7241735 -0.0149651
1 -0.0695141 1.2536999 1.0741083
1 -0.5050455 1.1361527 -1.0544239
1 -0.1351789 -1.5508979 -0.3623129
8 0.1499160 -0.7332654 0.0327585
5
-114.67     ts77     dynamics     sesquiterpene     TS     runpoint      53     runisomer      87
6 -0.1733711 0.7133578 -0.0135551
1 -0.0335966 1.1925802 1.0355814
1 -0.5046265 1.1611330 -1.0504738
1 -0.0445324 -1.6109072 -0.3322919
8 0.1388293 -0.7190905 0.0319877
5
-114.67     ts77     dynamics     sesquiterpene     TS     runpoint      54     runisomer      87
6 -0.1695899 0.7007157 -0.0130514
1 -0.0013574 1.1227945 0.9727896
1 -0.4970615 1.1787021 -1.0207441
1 0.0366203 -1.6499881 -0.3090724
8 0.1283707 -0.7038525 0.0322301
5
-114.672     ts77     dynamics     sesquiterpene     TS     runpoint      55     runisomer      87
6 -0.1663281 0.6860305 -0.0146625
1 0.0293673 1.0549526 0.9043634
1 -0.4827661 1.1883175 -0.9685925
1 0.1095586 -1.6565807 -0.2897408
8 0.1184914 -0.6887502 0.0332465
5
-114.669     ts77     dynamics     sesquiterpene     TS     runpoint      56     runisomer      87
6 -0.1638893 0.6687899 -0.0199569
1 0.0643564 1.0037118 0.8598365
1 -0.4640045 1.1920001 -0.9031693
1 0.1741430 -1.6265780 -0.2742559
8 0.1092050 -0.6747074 0.0349263
