5
-114.654160 ts77 dynamics sesquiterpene TS runpoint 1  runisomer  95
6 -0.0133810 0.6169634 -0.0036464
1 -0.4030956 1.1055539 0.9073508
1 -0.2477483 1.1011468 -0.8285303
1 0.9077226 -0.0798392 -0.1265388
8 -0.0341016 -0.7339610 0.0057420
5
-114.639 ts77 dynamics sesquiterpene TS runpoint 2  runisomer  95
6 -0.00931348 0.624259 0.00561255
1 -0.402047 1.10732 0.922256
1 -0.286431 1.0963 -0.92602
1 0.946276 -0.0591035 -0.110693
8 -0.0372114 -0.740547 0.00300065
5
-114.65     ts77     dynamics     sesquiterpene     TS     runpoint      3     runisomer      95
6 -0.0064829 0.6323533 0.0153324
1 -0.3942821 1.1085888 0.9331513
1 -0.3244943 1.0947793 -1.0263016
1 1.0003878 -0.0338474 -0.0933432
8 -0.0408354 -0.7481944 0.0002484
5
-114.647     ts77     dynamics     sesquiterpene     TS     runpoint      4     runisomer      95
6 -0.0044956 0.6405407 0.0232373
1 -0.3807624 1.1105068 0.9395663
1 -0.3551292 1.0887276 -1.1046052
1 1.0597658 0.0040640 -0.0735995
8 -0.0449885 -0.7564644 -0.0023977
5
-114.638     ts77     dynamics     sesquiterpene     TS     runpoint      5     runisomer      95
6 -0.0025944 0.6476392 0.0281186
1 -0.3629756 1.1145027 0.9425236
1 -0.3751334 1.0765870 -1.1496090
1 1.1157351 0.0627059 -0.0510124
8 -0.0498028 -0.7649698 -0.0048353
5
-114.634     ts77     dynamics     sesquiterpene     TS     runpoint      6     runisomer      95
6 0.0000076 0.6525616 0.0293789
1 -0.3425444 1.1217595 0.9435751
1 -0.3831416 1.0589589 -1.1568720
1 1.1621016 0.1482367 -0.0256705
8 -0.0554593 -0.7733979 -0.0069860
5
-114.639     ts77     dynamics     sesquiterpene     TS     runpoint      7     runisomer      95
6 0.0039262 0.6546479 0.0268577
1 -0.3210357 1.1326310 0.9436409
1 -0.3787455 1.0370371 -1.1254962
1 1.1941707 0.2628798 0.0016993
8 -0.0620510 -0.7814891 -0.0088005
5
-114.655     ts77     dynamics     sesquiterpene     TS     runpoint      8     runisomer      95
6 0.0095708 0.6537646 0.0208809
1 -0.2999900 1.1462541 0.9423015
1 -0.3625659 1.0124663 -1.0579565
1 1.2081308 0.4040843 0.0296641
8 -0.0695109 -0.7890323 -0.0102506
5
-114.677     ts77     dynamics     sesquiterpene     TS     runpoint      9     runisomer      95
6 0.0172272 0.6501727 0.0124845
1 -0.2810755 1.1605813 0.9380428
1 -0.3374593 0.9883026 -0.9632223
1 1.2020126 0.5651560 0.0561699
8 -0.0776429 -0.7958643 -0.0113233
5
-114.694     ts77     dynamics     sesquiterpene     TS     runpoint      10     runisomer      95
6 0.0272698 0.6441240 0.0039076
1 -0.2662662 1.1728513 0.9293349
1 -0.3115201 0.9715454 -0.8640282
1 1.1772288 0.7367190 0.0789149
8 -0.0861833 -0.8018507 -0.0120226
5
-114.693     ts77     dynamics     sesquiterpene     TS     runpoint      11     runisomer      95
6 0.0404640 0.6353546 -0.0011437
1 -0.2577717 1.1802172 0.9159061
1 -0.3012826 0.9760677 -0.8019624
1 1.1388024 0.9087027 0.0959697
8 -0.0948401 -0.8068555 -0.0123724
5
-114.654160 ts77 dynamics sesquiterpene TS runpoint 1  runisomer  95
6 -0.0133810 0.6169634 -0.0036464
1 -0.4030956 1.1055539 0.9073508
1 -0.2477483 1.1011468 -0.8285303
1 0.9077226 -0.0798392 -0.1265388
8 -0.0341016 -0.7339610 0.0057420
5
-114.639 ts77 dynamics sesquiterpene TS runpoint 2  runisomer  95
6 -0.0184636 0.610076 -0.00905769
1 -0.397481 1.10281 0.89086
1 -0.218742 1.12746 -0.77345
1 0.893018 -0.102809 -0.141913
8 -0.031543 -0.728832 0.00833909
5
-114.627     ts77     dynamics     sesquiterpene     TS     runpoint      3     runisomer      95
6 -0.0242806 0.6031479 -0.0087356
1 -0.3866259 1.0995411 0.8770499
1 -0.2041186 1.1887848 -0.7846406
1 0.9040607 -0.1326008 -0.1574664
8 -0.0294799 -0.7254156 0.0106519
5
-114.637     ts77     dynamics     sesquiterpene     TS     runpoint      4     runisomer      95
6 -0.0310292 0.5977765 -0.0048320
1 -0.3731465 1.0971600 0.8709170
1 -0.1969375 1.2688797 -0.8394865
1 0.9346809 -0.1721212 -0.1730061
8 -0.0276484 -0.7237933 0.0125437
5
-114.646     ts77     dynamics     sesquiterpene     TS     runpoint      5     runisomer      95
6 -0.0387202 0.5960337 -0.0003469
1 -0.3599159 1.0974030 0.8759973
1 -0.1901167 1.3421892 -0.9046565
1 0.9728260 -0.2240636 -0.1874627
8 -0.0255442 -0.7238467 0.0138757
5
-114.645     ts77     dynamics     sesquiterpene     TS     runpoint      6     runisomer      95
6 -0.0471896 0.5990488 0.0030915
1 -0.3489693 1.1011207 0.8925707
1 -0.1810235 1.3936289 -0.9602318
1 1.0048503 -0.2924847 -0.1993503
8 -0.0224695 -0.7252732 0.0145024
5
-114.642     ts77     dynamics     sesquiterpene     TS     runpoint      7     runisomer      95
6 -0.0565141 0.6072808 0.0050320
1 -0.3409442 1.1074643 0.9173364
1 -0.1692691 1.4169764 -0.9965873
1 1.0191239 -0.3832047 -0.2073122
8 -0.0176204 -0.7276032 0.0142781
5
-114.647     ts77     dynamics     sesquiterpene     TS     runpoint      8     runisomer      95
6 -0.0670195 0.6206975 0.0056100
1 -0.3352370 1.1143519 0.9447927
1 -0.1550538 1.4104458 -1.0090496
1 1.0087306 -0.5011317 -0.2105683
8 -0.0103382 -0.7302601 0.0131042
5
-114.665     ts77     dynamics     sesquiterpene     TS     runpoint      9     runisomer      95
6 -0.0788852 0.6386370 0.0051154
1 -0.3306663 1.1196745 0.9693177
1 -0.1387508 1.3748625 -0.9956499
1 0.9743767 -0.6452018 -0.2095516
8 -0.0005864 -0.7327331 0.0110206
5
-114.689     ts77     dynamics     sesquiterpene     TS     runpoint      10     runisomer      95
6 -0.0918620 0.6597940 0.0038676
1 -0.3262211 1.1221151 0.9866444
1 -0.1209586 1.3140164 -0.9576024
1 0.9282234 -0.8074531 -0.2071118
8 0.0106578 -0.7347013 0.0083133
5
-114.708     ts77     dynamics     sesquiterpene     TS     runpoint      11     runisomer      95
6 -0.1053574 0.6822426 0.0024923
1 -0.3214000 1.1213954 0.9945694
1 -0.1024934 1.2370476 -0.9030534
1 0.8923087 -0.9793868 -0.2086101
8 0.0215796 -0.7358130 0.0055023
5
-114.713     ts77     dynamics     sesquiterpene     TS     runpoint      12     runisomer      95
6 -0.1186870 0.7033815 0.0025706
1 -0.3162272 1.1183594 0.9932646
1 -0.0838416 1.1620547 -0.8546917
1 0.8747032 -1.1549788 -0.2164028
8 0.0311908 -0.7356899 0.0029677
5
-114.699     ts77     dynamics     sesquiterpene     TS     runpoint      13     runisomer      95
6 -0.1314001 0.7203417 0.0067579
1 -0.3112097 1.1150761 0.9855747
1 -0.0635440 1.1131914 -0.8507348
1 0.8577454 -1.3203787 -0.2262205
8 0.0402044 -0.7347046 0.0006799
5
-114.678     ts77     dynamics     sesquiterpene     TS     runpoint      14     runisomer      95
6 -0.1432614 0.7317557 0.0156651
1 -0.3072262 1.1147574 0.9774851
1 -0.0390823 1.0993150 -0.9079957
1 0.8247372 -1.4573084 -0.2332339
8 0.0493921 -0.7337442 -0.0014435
5
-114.668     ts77     dynamics     sesquiterpene     TS     runpoint      15     runisomer      95
6 -0.1537976 0.7382658 0.0256337
1 -0.3050923 1.1209743 0.9769916
1 -0.0123962 1.1069211 -0.9939175
1 0.7705940 -1.5529121 -0.2351521
8 0.0588945 -0.7334730 -0.0033584
5
-114.657     ts77     dynamics     sesquiterpene     TS     runpoint      16     runisomer      95
6 -0.1625004 0.7406841 0.0328702
1 -0.3047457 1.1356688 0.9890513
1 0.0120268 1.1223791 -1.0704736
1 0.6969271 -1.6008119 -0.2315000
8 0.0685070 -0.7341668 -0.0049538
5
-114.645     ts77     dynamics     sesquiterpene     TS     runpoint      17     runisomer      95
6 -0.1691788 0.7395342 0.0357661
1 -0.3048344 1.1572824 1.0108786
1 0.0310621 1.1387097 -1.1171700
1 0.6082902 -1.6001688 -0.2230628
8 0.0779112 -0.7357339 -0.0060925
5
-114.641     ts77     dynamics     sesquiterpene     TS     runpoint      18     runisomer      95
6 -0.1739426 0.7352524 0.0343432
1 -0.3033325 1.1812095 1.0334842
1 0.0432649 1.1525711 -1.1260672
1 0.5130436 -1.5597088 -0.2128193
8 0.0866248 -0.7374506 -0.0065363
5
-114.642     ts77     dynamics     sesquiterpene     TS     runpoint      19     runisomer      95
6 -0.1770326 0.7282003 0.0292774
1 -0.2985106 1.2020183 1.0471141
1 0.0482423 1.1621284 -1.0957894
1 0.4278260 -1.5102552 -0.2091705
8 0.0936969 -0.7371890 -0.0057334
5
-114.635     ts77     dynamics     sesquiterpene     TS     runpoint      20     runisomer      95
6 -0.1787252 0.7186493 0.0214182
1 -0.2894030 1.2151985 1.0450359
1 0.0464745 1.1667420 -1.0298544
1 0.3744358 -1.5086437 -0.2281808
8 0.0978698 -0.7312457 -0.0026640
5
-114.642     ts77     dynamics     sesquiterpene     TS     runpoint      21     runisomer      95
6 -0.1793628 0.7067780 0.0118370
1 -0.2758578 1.2179110 1.0247394
1 0.0399049 1.1682785 -0.9388585
1 0.3498119 -1.5666765 -0.2762651
8 0.0994626 -0.7189508 0.0030977
5
-114.664     ts77     dynamics     sesquiterpene     TS     runpoint      22     runisomer      95
6 -0.1794895 0.6924622 0.0021783
1 -0.2584666 1.2091716 0.9882613
1 0.0332944 1.1741536 -0.8452271
1 0.3309831 -1.6287557 -0.3394145
8 0.1000673 -0.7041188 0.0107210
5
-114.664     ts77     dynamics     sesquiterpene     TS     runpoint      23     runisomer      95
6 -0.1799094 0.6749703 -0.0054181
1 -0.2384624 1.1900309 0.9426448
1 0.0347653 1.1993888 -0.7824562
1 0.3056881 -1.6549370 -0.4049033
8 0.1006239 -0.6897307 0.0194640
5
-114.656     ts77     dynamics     sesquiterpene     TS     runpoint      24     runisomer      95
6 -0.1812490 0.6538534 -0.0103345
1 -0.2174524 1.1640068 0.9000495
1 0.0501765 1.2548128 -0.7705958
1 0.2704925 -1.6305894 -0.4662745
8 0.1015541 -0.6772759 0.0289549
5
-114.664     ts77     dynamics     sesquiterpene     TS     runpoint      25     runisomer      95
6 -0.1834135 0.6306136 -0.0150516
1 -0.1967949 1.1367460 0.8749105
1 0.0758067 1.3277829 -0.7940878
1 0.2254352 -1.5542307 -0.5204261
8 0.1031024 -0.6675335 0.0389683
5
-114.68     ts77     dynamics     sesquiterpene     TS     runpoint      26     runisomer      95
6 -0.1861086 0.6078698 -0.0222807
1 -0.1769881 1.1129617 0.8760620
1 0.1041724 1.3952421 -0.8275376
1 0.1723701 -1.4335879 -0.5674294
8 0.1054331 -0.6608254 0.0493859
