5
-114.654160 ts77 dynamics sesquiterpene TS runpoint 1  runisomer  85
6 -0.0079304 0.6518069 0.0143970
1 -0.3883074 1.1093814 0.8304748
1 -0.3383880 1.1476715 -0.9484616
1 0.9630484 -0.0851098 -0.0731308
8 -0.0368979 -0.7629420 0.0012405
5
-114.644 ts77 dynamics sesquiterpene TS runpoint 2  runisomer  85
6 -0.0111098 0.639787 0.0127566
1 -0.401944 1.12629 0.859641
1 -0.326741 1.21818 -0.9819
1 1.02194 -0.08088 -0.0948351
8 -0.0380976 -0.759699 0.00410799
5
-114.643     ts77     dynamics     sesquiterpene     TS     runpoint      3     runisomer      85
6 -0.0145882 0.6275666 0.0083089
1 -0.4154196 1.1485325 0.9028038
1 -0.3060453 1.2747810 -0.9971172
1 1.0771315 -0.0684385 -0.1138918
8 -0.0394212 -0.7562820 0.0068850
5
-114.638     ts77     dynamics     sesquiterpene     TS     runpoint      4     runisomer      85
6 -0.0180951 0.6160623 0.0021631
1 -0.4219850 1.1669076 0.9435182
1 -0.2768989 1.3122736 -0.9906751
1 1.1220477 -0.0416488 -0.1290941
8 -0.0410427 -0.7528585 0.0094825
5
-114.633     ts77     dynamics     sesquiterpene     TS     runpoint      5     runisomer      85
6 -0.0211446 0.6057957 -0.0047475
1 -0.4176317 1.1754515 0.9711051
1 -0.2410513 1.3279338 -0.9629193
1 1.1537811 0.0054723 -0.1395520
8 -0.0432878 -0.7496512 0.0118398
5
-114.635     ts77     dynamics     sesquiterpene     TS     runpoint      6     runisomer      85
6 -0.0231471 0.5969399 -0.0116846
1 -0.4008027 1.1713424 0.9804089
1 -0.2010788 1.3214076 -0.9173683
1 1.1721396 0.0775732 -0.1446238
8 -0.0465224 -0.7468795 0.0139076
5
-114.644     ts77     dynamics     sesquiterpene     TS     runpoint      7     runisomer      85
6 -0.0234928 0.5894140 -0.0178929
1 -0.3717264 1.1540686 0.9703199
1 -0.1606240 1.2956715 -0.8616337
1 1.1779449 0.1764567 -0.1436454
8 -0.0510096 -0.7447545 0.0156280
5
-114.657     ts77     dynamics     sesquiterpene     TS     runpoint      8     runisomer      85
6 -0.0215591 0.5828385 -0.0223993
1 -0.3322214 1.1251431 0.9432113
1 -0.1246916 1.2589783 -0.8093097
1 1.1719502 0.3002978 -0.1357477
8 -0.0568371 -0.7434911 0.0169226
5
-114.669     ts77     dynamics     sesquiterpene     TS     runpoint      9     runisomer      85
6 -0.0167604 0.5764403 -0.0240626
1 -0.2859696 1.0885401 0.9055896
1 -0.0992437 1.2254832 -0.7800270
1 1.1555244 0.4436653 -0.1201116
8 -0.0639204 -0.7433074 0.0177121
5
-114.675     ts77     dynamics     sesquiterpene     TS     runpoint      10     runisomer      85
6 -0.0087235 0.5694414 -0.0223917
1 -0.2389626 1.0515178 0.8694114
1 -0.0895182 1.2082115 -0.7908568
1 1.1321866 0.5984460 -0.0966146
8 -0.0720534 -0.7443882 0.0179400
5
-114.679     ts77     dynamics     sesquiterpene     TS     runpoint      11     runisomer      85
6 0.0025509 0.5619305 -0.0187569
1 -0.1991555 1.0242082 0.8513852
1 -0.0979747 1.2062922 -0.8408408
1 1.1077853 0.7557839 -0.0664685
8 -0.0809495 -0.7468257 0.0175987
5
-114.654160 ts77 dynamics sesquiterpene TS runpoint 1  runisomer  85
6 -0.0079304 0.6518069 0.0143970
1 -0.3883074 1.1093814 0.8304748
1 -0.3383880 1.1476715 -0.9484616
1 0.9630484 -0.0851098 -0.0731308
8 -0.0368979 -0.7629420 0.0012405
5
-114.644 ts77 dynamics sesquiterpene TS runpoint 2  runisomer  85
6 -0.00518073 0.662591 0.0126566
1 -0.381262 1.10653 0.831169
1 -0.342674 1.07165 -0.906293
1 0.910397 -0.0869181 -0.0501227
8 -0.0358176 -0.765949 -0.00160427
5
-114.642     ts77     dynamics     sesquiterpene     TS     runpoint      3     runisomer      85
6 -0.0031090 0.6715092 0.0088133
1 -0.3816399 1.1191394 0.8638720
1 -0.3452555 1.0019412 -0.8735691
1 0.8751139 -0.0914009 -0.0268540
8 -0.0349642 -0.7687588 -0.0043089
5
-114.637     ts77     dynamics     sesquiterpene     TS     runpoint      4     runisomer      85
6 -0.0020076 0.6785041 0.0058439
1 -0.3837366 1.1406660 0.9144130
1 -0.3550195 0.9503806 -0.8729266
1 0.8652297 -0.1024218 -0.0036697
8 -0.0344213 -0.7714202 -0.0067676
5
-114.634     ts77     dynamics     sesquiterpene     TS     runpoint      5     runisomer      85
6 -0.0021977 0.6839544 0.0057947
1 -0.3813300 1.1632263 0.9646914
1 -0.3764232 0.9214894 -0.9123002
1 0.8816145 -0.1222387 0.0195924
8 -0.0341152 -0.7738614 -0.0088846
5
-114.638     ts77     dynamics     sesquiterpene     TS     runpoint      6     runisomer      85
6 -0.0042254 0.6883840 0.0081794
1 -0.3711202 1.1814420 1.0016784
1 -0.4039668 0.9116357 -0.9743465
1 0.9173271 -0.1521019 0.0429334
8 -0.0337530 -0.7758297 -0.0105666
5
-114.64     ts77     dynamics     sesquiterpene     TS     runpoint      7     runisomer      85
6 -0.0085230 0.6920719 0.0114311
1 -0.3525020 1.1925776 1.0185201
1 -0.4289769 0.9157132 -1.0345005
1 0.9606300 -0.1936318 0.0658193
8 -0.0328550 -0.7769387 -0.0117216
5
-114.638     ts77     dynamics     sesquiterpene     TS     runpoint      8     runisomer      85
6 -0.0152128 0.6950868 0.0142357
1 -0.3266138 1.1958996 1.0133053
1 -0.4457857 0.9301285 -1.0756920
1 0.9990139 -0.2499694 0.0873482
8 -0.0308275 -0.7767690 -0.0122610
5
-114.638     ts77     dynamics     sesquiterpene     TS     runpoint      9     runisomer      85
6 -0.0242467 0.6974673 0.0156306
1 -0.2957517 1.1924682 0.9884760
1 -0.4521603 0.9524035 -1.0892476
1 1.0218261 -0.3259907 0.1065879
8 -0.0270324 -0.7749521 -0.0121031
5
-114.646     ts77     dynamics     sesquiterpene     TS     runpoint      10     runisomer      85
6 -0.0355081 0.6992011 0.0147454
1 -0.2630299 1.1854593 0.9512363
1 -0.4480992 0.9805129 -1.0722916
1 1.0215390 -0.4269829 0.1228311
8 -0.0208844 -0.7712193 -0.0111858
5
-114.664     ts77     dynamics     sesquiterpene     TS     runpoint      11     runisomer      85
6 -0.0487276 0.7000222 0.0107148
1 -0.2318111 1.1804483 0.9137941
1 -0.4351403 1.0127591 -1.0267157
1 0.9955648 -0.5552158 0.1359038
8 -0.0121140 -0.7654713 -0.0095010
5
-114.686     ts77     dynamics     sesquiterpene     TS     runpoint      12     runisomer      85
6 -0.0633363 0.6992955 0.0030921
1 -0.2044260 1.1839793 0.8903871
1 -0.4166518 1.0483429 -0.9605721
1 0.9508044 -0.7064619 0.1469801
8 -0.0012255 -0.7578605 -0.0071750
5
-114.703     ts77     dynamics     sesquiterpene     TS     runpoint      13     runisomer      85
6 -0.0784134 0.6962402 -0.0071777
1 -0.1806865 1.1991380 0.8890515
1 -0.3988415 1.0889183 -0.8910158
1 0.9086680 -0.8719913 0.1598062
8 0.0101211 -0.7486503 -0.0045793
5
-114.708     ts77     dynamics     sesquiterpene     TS     runpoint      14     runisomer      85
6 -0.0927941 0.6902313 -0.0173249
1 -0.1582911 1.2220795 0.9055836
1 -0.3901906 1.1400796 -0.8431821
1 0.8903882 -1.0461041 0.1787237
8 0.0201044 -0.7378403 -0.0022162
5
-114.707     ts77     dynamics     sesquiterpene     TS     runpoint      15     runisomer      85
6 -0.1055944 0.6812325 -0.0245734
1 -0.1350394 1.2447499 0.9284568
1 -0.3955430 1.2064661 -0.8341202
1 0.8839738 -1.2193231 0.2017039
8 0.0289819 -0.7257857 -0.0002401
5
-114.701     ts77     dynamics     sesquiterpene     TS     runpoint      16     runisomer      85
6 -0.1167858 0.6704230 -0.0283564
1 -0.1100070 1.2598203 0.9469781
1 -0.4103172 1.2807534 -0.8558024
1 0.8648808 -1.3718328 0.2226601
8 0.0379339 -0.7136964 0.0014757
5
-114.684     ts77     dynamics     sesquiterpene     TS     runpoint      17     runisomer      85
6 -0.1268221 0.6596359 -0.0295412
1 -0.0832798 1.2628348 0.9543959
1 -0.4256899 1.3471406 -0.8881195
1 0.8229996 -1.4869566 0.2376191
8 0.0473856 -0.7027215 0.0029907
5
-114.663     ts77     dynamics     sesquiterpene     TS     runpoint      18     runisomer      85
6 -0.1360864 0.6502962 -0.0289708
1 -0.0554134 1.2522912 0.9478341
1 -0.4351008 1.3928093 -0.9160892
1 0.7592026 -1.5561895 0.2451019
8 0.0571926 -0.6935655 0.0042671
5
-114.648     ts77     dynamics     sesquiterpene     TS     runpoint      19     runisomer      85
6 -0.1447959 0.6431950 -0.0272127
1 -0.0270349 1.2293259 0.9279587
1 -0.4353053 1.4109230 -0.9321230
1 0.6775544 -1.5760533 0.2448945
8 0.0670968 -0.6866817 0.0052229
5
-114.647     ts77     dynamics     sesquiterpene     TS     runpoint      20     runisomer      85
6 -0.1531065 0.6386433 -0.0247695
1 0.0015515 1.1976426 0.8991563
1 -0.4255319 1.3988974 -0.9332827
1 0.5822819 -1.5463826 0.2377803
8 0.0769179 -0.6823832 0.0057252
5
-114.657     ts77     dynamics     sesquiterpene     TS     runpoint      21     runisomer      85
6 -0.1612138 0.6363797 -0.0222385
1 0.0308977 1.1634724 0.8697764
1 -0.4067055 1.3571814 -0.9196505
1 0.4816457 -1.4785627 0.2276749
8 0.0863055 -0.6801774 0.0054533
5
-114.665     ts77     dynamics     sesquiterpene     TS     runpoint      22     runisomer      85
6 -0.1693263 0.6354876 -0.0201531
1 0.0627143 1.1345776 0.8506509
1 -0.3809940 1.2898274 -0.8949066
1 0.3970927 -1.4174381 0.2278785
8 0.0940951 -0.6772945 0.0035191
5
-114.651     ts77     dynamics     sesquiterpene     TS     runpoint      23     runisomer      85
6 -0.1775204 0.6347039 -0.0182719
1 0.0989406 1.1172918 0.8497104
1 -0.3519230 1.2064253 -0.8691183
1 0.3548220 -1.4385111 0.2632396
8 0.0987921 -0.6690349 -0.0016881
5
-114.661     ts77     dynamics     sesquiterpene     TS     runpoint      24     runisomer      85
6 -0.1856111 0.6329983 -0.0147830
1 0.1394660 1.1134528 0.8657174
1 -0.3241953 1.1231509 -0.8615218
1 0.3372612 -1.5190894 0.3315600
8 0.1016687 -0.6571895 -0.0100997
