5
-114.654160 ts77 dynamics sesquiterpene TS runpoint 1  runisomer  90
6 -0.0216634 0.6268426 -0.0025139
1 -0.3851069 1.1896380 0.9396257
1 -0.2306849 1.1792832 -0.8675036
1 0.9522111 -0.0832180 -0.1271962
8 -0.0328993 -0.7513814 0.0053558
5
-114.647 ts77 dynamics sesquiterpene TS runpoint 2  runisomer  90
6 -0.0310025 0.621668 0.00627172
1 -0.337948 1.19637 0.860679
1 -0.221629 1.17664 -0.865934
1 1.02223 -0.0831615 -0.110621
8 -0.0338456 -0.747761 0.00259547
5
-114.649     ts77     dynamics     sesquiterpene     TS     runpoint      3     runisomer      90
6 -0.0395020 0.6165060 0.0154397
1 -0.2897543 1.2006880 0.7910096
1 -0.2151243 1.1766128 -0.8807499
1 1.0874871 -0.0760868 -0.0908169
8 -0.0350289 -0.7446057 -0.0002059
5
-114.639     ts77     dynamics     sesquiterpene     TS     runpoint      4     runisomer      90
6 -0.0456499 0.6101701 0.0220115
1 -0.2494982 1.2184586 0.7579443
1 -0.2098767 1.1750783 -0.9063676
1 1.1389502 -0.0564395 -0.0676678
8 -0.0365271 -0.7421151 -0.0028966
5
-114.63     ts77     dynamics     sesquiterpene     TS     runpoint      5     runisomer      90
6 -0.0485451 0.6020117 0.0240839
1 -0.2203994 1.2589910 0.7743804
1 -0.2049750 1.1678647 -0.9350539
1 1.1730697 -0.0184063 -0.0415987
8 -0.0386479 -0.7404917 -0.0053217
5
-114.636     ts77     dynamics     sesquiterpene     TS     runpoint      6     runisomer      90
6 -0.0480289 0.5929872 0.0222791
1 -0.1984044 1.3104295 0.8247523
1 -0.2001447 1.1525176 -0.9598510
1 1.1905150 0.0432896 -0.0133146
8 -0.0418253 -0.7398842 -0.0073614
5
-114.645     ts77     dynamics     sesquiterpene     TS     runpoint      7     runisomer      90
6 -0.0441493 0.5845768 0.0182149
1 -0.1794813 1.3536941 0.8846699
1 -0.1955747 1.1286510 -0.9758837
1 1.1934143 0.1314532 0.0163321
8 -0.0463991 -0.7403530 -0.0089447
5
-114.651     ts77     dynamics     sesquiterpene     TS     runpoint      8     runisomer      90
6 -0.0368944 0.5777433 0.0131831
1 -0.1625691 1.3766119 0.9370398
1 -0.1918284 1.0977467 -0.9809113
1 1.1830826 0.2455496 0.0463171
8 -0.0524925 -0.7419133 -0.0100420
5
-114.658     ts77     dynamics     sesquiterpene     TS     runpoint      9     runisomer      90
6 -0.0262952 0.5729610 0.0081072
1 -0.1485681 1.3743355 0.9726682
1 -0.1898872 1.0628826 -0.9756711
1 1.1605014 0.3816997 0.0753523
8 -0.0600265 -0.7445650 -0.0106383
5
-114.667     ts77     dynamics     sesquiterpene     TS     runpoint      10     runisomer      90
6 -0.0126067 0.5704527 0.0037674
1 -0.1393830 1.3463645 0.9873635
1 -0.1912643 1.0283910 -0.9639468
1 1.1285966 0.5331071 0.1019679
8 -0.0687788 -0.7482885 -0.0107237
5
-114.677     ts77     dynamics     sesquiterpene     TS     runpoint      11     runisomer      90
6 0.0035588 0.5702191 0.0008399
1 -0.1375288 1.2947611 0.9803018
1 -0.1979969 0.9991926 -0.9518061
1 1.0942282 0.6914758 0.1248325
8 -0.0784353 -0.7530022 -0.0102890
5
-114.654160 ts77 dynamics sesquiterpene TS runpoint 1  runisomer  90
6 -0.0216634 0.6268426 -0.0025139
1 -0.3851069 1.1896380 0.9396257
1 -0.2306849 1.1792832 -0.8675036
1 0.9522111 -0.0832180 -0.1271962
8 -0.0328993 -0.7513814 0.0053558
5
-114.647 ts77 dynamics sesquiterpene TS runpoint 2  runisomer  90
6 -0.0131051 0.632899 -0.00890122
1 -0.423344 1.17205 1.00667
1 -0.242934 1.18591 -0.885463
1 0.891594 -0.0817897 -0.141543
8 -0.0323202 -0.755324 0.00795905
5
-114.639     ts77     dynamics     sesquiterpene     TS     runpoint      3     runisomer      90
6 -0.0067990 0.6405193 -0.0121642
1 -0.4479325 1.1419155 1.0500384
1 -0.2575611 1.1942907 -0.9137609
1 0.8558335 -0.0843557 -0.1555215
8 -0.0323278 -0.7595085 0.0103386
5
-114.63     ts77     dynamics     sesquiterpene     TS     runpoint      4     runisomer      90
6 -0.0037242 0.6500856 -0.0123801
1 -0.4566457 1.1009009 1.0642442
1 -0.2726830 1.2005362 -0.9435598
1 0.8540984 -0.0951016 -0.1708486
8 -0.0330248 -0.7638192 0.0124499
5
-114.63     ts77     dynamics     sesquiterpene     TS     runpoint      5     runisomer      90
6 -0.0040662 0.6613521 -0.0100063
1 -0.4491343 1.0524302 1.0479938
1 -0.2863227 1.2014398 -0.9668894
1 0.8834420 -0.1155530 -0.1876342
8 -0.0342324 -0.7679858 0.0142213
5
-114.636     ts77     dynamics     sesquiterpene     TS     runpoint      6     runisomer      90
6 -0.0073227 0.6734826 -0.0057570
1 -0.4271333 1.0014528 1.0044827
1 -0.2970427 1.1955175 -0.9783945
1 0.9308822 -0.1455318 -0.2040951
8 -0.0354894 -0.7716133 0.0155376
5
-114.643     ts77     dynamics     sesquiterpene     TS     runpoint      7     runisomer      90
6 -0.0126061 0.6853708 -0.0007710
1 -0.3957683 0.9550581 0.9446011
1 -0.3041545 1.1830557 -0.9757462
1 0.9804278 -0.1855243 -0.2176914
8 -0.0361760 -0.7743032 0.0162612
5
-114.643     ts77     dynamics     sesquiterpene     TS     runpoint      8     runisomer      90
6 -0.0187595 0.6958159 0.0030294
1 -0.3654804 0.9230511 0.8921675
1 -0.3078230 1.1659519 -0.9598180
1 1.0183213 -0.2380840 -0.2263138
8 -0.0356248 -0.7757325 0.0162541
5
-114.635     ts77     dynamics     sesquiterpene     TS     runpoint      9     runisomer      90
6 -0.0245691 0.7036967 0.0032712
1 -0.3501106 0.9157691 0.8806958
1 -0.3092728 1.1476769 -0.9352253
1 1.0346454 -0.3079488 -0.2287421
8 -0.0331735 -0.7756329 0.0153990
5
-114.636     ts77     dynamics     sesquiterpene     TS     runpoint      10     runisomer      90
6 -0.0296675 0.7084790 -0.0002902
1 -0.3547097 0.9364049 0.9230016
1 -0.3110445 1.1332197 -0.9108695
1 1.0232637 -0.4008649 -0.2245610
8 -0.0282320 -0.7737552 0.0136074
5
-114.658     ts77     dynamics     sesquiterpene     TS     runpoint      11     runisomer      90
6 -0.0348266 0.7103859 -0.0044788
1 -0.3701132 0.9777093 0.9933072
1 -0.3166250 1.1281547 -0.8981079
1 0.9825962 -0.5207496 -0.2141680
8 -0.0204792 -0.7699148 0.0108608
5
-114.681     ts77     dynamics     sesquiterpene     TS     runpoint      12     runisomer      90
6 -0.0408160 0.7098729 -0.0060211
1 -0.3856464 1.0293646 1.0593191
1 -0.3284869 1.1357647 -0.9039988
1 0.9208648 -0.6656267 -0.1998863
8 -0.0103721 -0.7641355 0.0073300
5
-114.693     ts77     dynamics     sesquiterpene     TS     runpoint      13     runisomer      90
6 -0.0479213 0.7074272 -0.0037385
1 -0.3954942 1.0828306 1.1017749
1 -0.3459173 1.1541485 -0.9249890
1 0.8673246 -0.8274298 -0.1885267
8 0.0000490 -0.7566333 0.0035495
5
-114.692     ts77     dynamics     sesquiterpene     TS     runpoint      14     runisomer      90
6 -0.0560421 0.7035713 0.0018597
1 -0.3974261 1.1315798 1.1124631
1 -0.3655670 1.1771534 -0.9496137
1 0.8612424 -1.0028674 -0.1889303
8 0.0078831 -0.7472073 0.0002536
5
-114.697     ts77     dynamics     sesquiterpene     TS     runpoint      15     runisomer      90
6 -0.0648681 0.6988786 0.0096627
1 -0.3909992 1.1706705 1.0898236
1 -0.3836973 1.1979544 -0.9662666
1 0.8855344 -1.1861450 -0.1972547
8 0.0137096 -0.7359120 -0.0025985
5
-114.697     ts77     dynamics     sesquiterpene     TS     runpoint      16     runisomer      90
6 -0.0740616 0.6939078 0.0185264
1 -0.3767493 1.1969060 1.0372194
1 -0.3974389 1.2114417 -0.9676020
1 0.8978958 -1.3532248 -0.2038160
8 0.0197951 -0.7241574 -0.0054357
5
-114.682     ts77     dynamics     sesquiterpene     TS     runpoint      17     runisomer      90
6 -0.0832876 0.6889557 0.0272802
1 -0.3562150 1.2097750 0.9637054
1 -0.4049987 1.2147422 -0.9511470
1 0.8816051 -1.4838639 -0.2043543
8 0.0269236 -0.7132280 -0.0083743
5
-114.667     ts77     dynamics     sesquiterpene     TS     runpoint      18     runisomer      90
6 -0.0921164 0.6837735 0.0344801
1 -0.3325856 1.2136202 0.8866324
1 -0.4056979 1.2070993 -0.9189471
1 0.8365065 -1.5682488 -0.1981608
8 0.0349425 -0.7037824 -0.0113382
5
-114.654     ts77     dynamics     sesquiterpene     TS     runpoint      19     runisomer      90
6 -0.0999323 0.6774100 0.0383573
1 -0.3109346 1.2195766 0.8322211
1 -0.4003337 1.1899657 -0.8776134
1 0.7669772 -1.6021880 -0.1855254
8 0.0434850 -0.6961629 -0.0142185
5
-114.646     ts77     dynamics     sesquiterpene     TS     runpoint      20     runisomer      90
6 -0.1061298 0.6687681 0.0378444
1 -0.2952333 1.2397204 0.8236076
1 -0.3917258 1.1673759 -0.8385109
1 0.6771762 -1.5832333 -0.1668159
8 0.0522607 -0.6907178 -0.0169344
5
-114.655     ts77     dynamics     sesquiterpene     TS     runpoint      21     runisomer      90
6 -0.1105498 0.6578556 0.0342569
1 -0.2837164 1.2719612 0.8593639
1 -0.3845105 1.1458057 -0.8161324
1 0.5728383 -1.5139250 -0.1430502
8 0.0609703 -0.6875689 -0.0194032
5
-114.671     ts77     dynamics     sesquiterpene     TS     runpoint      22     runisomer      90
6 -0.1134426 0.6457429 0.0304106
1 -0.2714840 1.3011421 0.9174190
1 -0.3829399 1.1314388 -0.8215846
1 0.4722700 -1.4209638 -0.1185169
8 0.0686061 -0.6852703 -0.0213771
5
-114.656     ts77     dynamics     sesquiterpene     TS     runpoint      23     runisomer      90
6 -0.1152392 0.6337332 0.0281081
1 -0.2554178 1.3138576 0.9758886
1 -0.3877071 1.1252253 -0.8538504
1 0.4232475 -1.3927421 -0.1045884
8 0.0723291 -0.6784455 -0.0221772
5
-114.635     ts77     dynamics     sesquiterpene     TS     runpoint      24     runisomer      90
6 -0.1164541 0.6233412 0.0274914
1 -0.2347510 1.3037531 1.0207961
1 -0.3958386 1.1225572 -0.9000082
1 0.4474127 -1.4851657 -0.1059429
8 0.0709268 -0.6640197 -0.0215492
5
-114.662     ts77     dynamics     sesquiterpene     TS     runpoint      25     runisomer      90
6 -0.1175224 0.6162793 0.0279310
1 -0.2099830 1.2700739 1.0448788
1 -0.4035292 1.1181867 -0.9445978
1 0.4914001 -1.5928398 -0.1098905
8 0.0678798 -0.6495390 -0.0203373
5
-114.653     ts77     dynamics     sesquiterpene     TS     runpoint      26     runisomer      90
6 -0.1186703 0.6137565 0.0287587
1 -0.1819835 1.2156915 1.0455713
1 -0.4078945 1.1092215 -0.9762756
1 0.5301124 -1.6581374 -0.1109129
8 0.0648125 -0.6395397 -0.0189400
5
-114.637     ts77     dynamics     sesquiterpene     TS     runpoint      27     runisomer      90
6 -0.1198905 0.6159736 0.0293725
1 -0.1516766 1.1466498 1.0247825
1 -0.4071871 1.0953590 -0.9889179
1 0.5598629 -1.6683711 -0.1084716
8 0.0618998 -0.6353332 -0.0174463
5
-114.636     ts77     dynamics     sesquiterpene     TS     runpoint      28     runisomer      90
6 -0.1210244 0.6221843 0.0290182
1 -0.1204536 1.0725647 0.9908788
1 -0.4011070 1.0781742 -0.9807549
1 0.5810174 -1.6241347 -0.1031612
8 0.0590667 -0.6370270 -0.0158906
5
-114.648     ts77     dynamics     sesquiterpene     TS     runpoint      29     runisomer      90
6 -0.1218524 0.6310907 0.0265924
1 -0.0899561 1.0064442 0.9610944
1 -0.3910588 1.0606914 -0.9541743
1 0.5916735 -1.5270751 -0.0953691
8 0.0564626 -0.6445557 -0.0143589
5
-114.665     ts77     dynamics     sesquiterpene     TS     runpoint      30     runisomer      90
6 -0.1221274 0.6408955 0.0211018
1 -0.0607307 0.9610872 0.9571725
1 -0.3799767 1.0477957 -0.9169928
1 0.5955950 -1.3907777 -0.0864063
8 0.0538838 -0.6568281 -0.0128994
5
-114.673     ts77     dynamics     sesquiterpene     TS     runpoint      31     runisomer      90
6 -0.1214704 0.6498794 0.0132547
1 -0.0324797 0.9415516 0.9873240
1 -0.3723281 1.0465262 -0.8836252
1 0.6229771 -1.2618117 -0.0809093
8 0.0494055 -0.6703812 -0.0113586
5
-114.66     ts77     dynamics     sesquiterpene     TS     runpoint      32     runisomer      90
6 -0.1193272 0.6569949 0.0058934
1 -0.0061110 0.9440243 1.0366198
1 -0.3730828 1.0643653 -0.8709063
1 0.7356418 -1.1999373 -0.0862189
8 0.0390878 -0.6808965 -0.0094074
5
-114.682     ts77     dynamics     sesquiterpene     TS     runpoint      33     runisomer      90
6 -0.1153695 0.6621327 0.0015018
1 0.0165003 0.9623526 1.0831536
1 -0.3841153 1.1037968 -0.8848884
1 0.9036210 -1.1638503 -0.0980205
8 0.0248077 -0.6906635 -0.0074183
5
-114.698     ts77     dynamics     sesquiterpene     TS     runpoint      34     runisomer      90
6 -0.1098563 0.6658833 0.0004734
1 0.0340166 0.9913652 1.1116241
1 -0.4018323 1.1583140 -0.9139385
1 1.0593365 -1.1113757 -0.1088139
8 0.0108750 -0.7020461 -0.0059275
5
-114.685     ts77     dynamics     sesquiterpene     TS     runpoint      35     runisomer      90
6 -0.1034077 0.6689582 0.0019622
1 0.0460298 1.0268763 1.1145899
1 -0.4201454 1.2167414 -0.9401664
1 1.1744750 -1.0380238 -0.1157805
8 -0.0008177 -0.7148932 -0.0051393
5
-114.667     ts77     dynamics     sesquiterpene     TS     runpoint      36     runisomer      90
6 -0.0966736 0.6718533 0.0050071
1 0.0528344 1.0654175 1.0904542
1 -0.4340794 1.2691000 -0.9506181
1 1.2417752 -0.9504991 -0.1183440
8 -0.0096594 -0.7283068 -0.0050813
5
-114.653     ts77     dynamics     sesquiterpene     TS     runpoint      37     runisomer      90
6 -0.0901883 0.6748867 0.0087714
1 0.0553064 1.1044057 1.0425677
1 -0.4408222 1.3084924 -0.9392285
1 1.2596865 -0.8565498 -0.1164969
8 -0.0153819 -0.7414409 -0.0057203
5
-114.652     ts77     dynamics     sesquiterpene     TS     runpoint      38     runisomer      90
6 -0.0843528 0.6782670 0.0123837
1 0.0550130 1.1428285 0.9797015
1 -0.4395603 1.3308634 -0.9053363
1 1.2265132 -0.7631361 -0.1102000
8 -0.0177280 -0.7536928 -0.0069999
5
-114.662     ts77     dynamics     sesquiterpene     TS     runpoint      39     runisomer      90
6 -0.0794352 0.6819296 0.0148474
1 0.0543869 1.1822152 0.9163911
1 -0.4313556 1.3348757 -0.8528629
1 1.1406281 -0.6768670 -0.0993854
8 -0.0164811 -0.7646108 -0.0088449
5
-114.677     ts77     dynamics     sesquiterpene     TS     runpoint      40     runisomer      90
6 -0.0755657 0.6853300 0.0153693
1 0.0564723 1.2262470 0.8697413
1 -0.4194042 1.3227005 -0.7909570
1 1.0070618 -0.6047217 -0.0845560
8 -0.0118498 -0.7737145 -0.0111311
5
-114.689     ts77     dynamics     sesquiterpene     TS     runpoint      41     runisomer      90
6 -0.0726943 0.6876980 0.0142318
1 0.0636755 1.2765562 0.8505379
1 -0.4097541 1.3015361 -0.7351131
1 0.8528233 -0.5524848 -0.0678597
8 -0.0053457 -0.7806195 -0.0136373
5
-114.671     ts77     dynamics     sesquiterpene     TS     runpoint      42     runisomer      90
6 -0.0705620 0.6886297 0.0131938
1 0.0764502 1.3279735 0.8565753
1 -0.4110912 1.2833609 -0.7051483
1 0.7599064 -0.5123498 -0.0546116
8 -0.0018094 -0.7859432 -0.0159597
5
-114.628     ts77     dynamics     sesquiterpene     TS     runpoint      43     runisomer      90
6 -0.0688840 0.6884284 0.0141870
1 0.0934009 1.3708622 0.8771482
1 -0.4302752 1.2774620 -0.7144171
1 0.8181378 -0.4590287 -0.0487000
8 -0.0065938 -0.7914824 -0.0177883
5
-114.654     ts77     dynamics     sesquiterpene     TS     runpoint      44     runisomer      90
6 -0.0676103 0.6880029 0.0175861
1 0.1122832 1.3970162 0.9009850
1 -0.4655634 1.2803805 -0.7572798
1 0.9453354 -0.4155249 -0.0453507
8 -0.0145281 -0.7957362 -0.0193486
5
-114.668     ts77     dynamics     sesquiterpene     TS     runpoint      45     runisomer      90
6 -0.0668842 0.6883179 0.0223670
1 0.1307707 1.4019772 0.9198995
1 -0.5081445 1.2803868 -0.8145531
1 1.0668527 -0.3991165 -0.0420812
8 -0.0212085 -0.7973191 -0.0207237
5
-114.654     ts77     dynamics     sesquiterpene     TS     runpoint      46     runisomer      90
6 -0.0668880 0.6898942 0.0272757
1 0.1469900 1.3847969 0.9292661
1 -0.5490249 1.2683660 -0.8677101
1 1.1549153 -0.4098171 -0.0384624
8 -0.0251986 -0.7959872 -0.0218744
5
-114.637     ts77     dynamics     sesquiterpene     TS     runpoint      47     runisomer      90
6 -0.0678642 0.6927418 0.0313221
1 0.1599345 1.3476042 0.9278815
1 -0.5820999 1.2408067 -0.9044806
1 1.2003628 -0.4448767 -0.0344804
8 -0.0260600 -0.7918342 -0.0227546
5
-114.631     ts77     dynamics     sesquiterpene     TS     runpoint      48     runisomer      90
6 -0.0701517 0.6964334 0.0337048
1 0.1698021 1.2955850 0.9182932
1 -0.6040523 1.1982975 -0.9182630
1 1.1997203 -0.5030042 -0.0301361
8 -0.0235397 -0.7849841 -0.0233426
5
-114.643     ts77     dynamics     sesquiterpene     TS     runpoint      49     runisomer      90
6 -0.0741091 0.7001307 0.0336698
1 0.1782062 1.2369035 0.9072671
1 -0.6138600 1.1441006 -0.9068962
1 1.1511184 -0.5835443 -0.0253984
8 -0.0174189 -0.7755705 -0.0236356
5
-114.667     ts77     dynamics     sesquiterpene     TS     runpoint      50     runisomer      90
6 -0.0799160 0.7027124 0.0306284
1 0.1879026 1.1812058 0.9045343
1 -0.6131445 1.0837545 -0.8728569
1 1.0556110 -0.6843787 -0.0201471
8 -0.0076991 -0.7638420 -0.0236567
5
-114.694     ts77     dynamics     sesquiterpene     TS     runpoint      51     runisomer      90
6 -0.0872140 0.7030442 0.0247926
1 0.2011598 1.1358461 0.9173369
1 -0.6077047 1.0253290 -0.8253157
1 0.9277143 -0.8000232 -0.0140042
8 0.0046584 -0.7502652 -0.0234682
5
-114.705     ts77     dynamics     sesquiterpene     TS     runpoint      52     runisomer      90
6 -0.0946995 0.7001907 0.0179353
1 0.2173807 1.1028246 0.9438646
1 -0.6094038 0.9792415 -0.7824493
1 0.8237687 -0.9263664 -0.0057448
8 0.0159096 -0.7351790 -0.0232153
5
-114.68     ts77     dynamics     sesquiterpene     TS     runpoint      53     runisomer      90
6 -0.1003366 0.6935465 0.0128443
1 0.2329141 1.0803512 0.9743135
1 -0.6334276 0.9550672 -0.7659484
1 0.8271234 -1.0797704 0.0076083
8 0.0204637 -0.7175886 -0.0231946
5
-114.693     ts77     dynamics     sesquiterpene     TS     runpoint      54     runisomer      90
6 -0.1028495 0.6834327 0.0110183
1 0.2434665 1.0662645 0.9982100
1 -0.6850965 0.9548232 -0.7809309
1 0.8800855 -1.2477873 0.0258397
8 0.0216037 -0.6985111 -0.0235354
5
-114.696     ts77     dynamics     sesquiterpene     TS     runpoint      55     runisomer      90
6 -0.1026529 0.6711343 0.0116638
1 0.2461383 1.0593309 1.0090321
1 -0.7525411 0.9714990 -0.8091713
1 0.9172222 -1.3920080 0.0457295
8 0.0231986 -0.6808102 -0.0241748
5
-114.674     ts77     dynamics     sesquiterpene     TS     runpoint      56     runisomer      90
6 -0.1008576 0.6580794 0.0133302
1 0.2398595 1.0591271 1.0046501
1 -0.8187449 0.9957914 -0.8294689
1 0.9236682 -1.4944979 0.0649442
8 0.0260143 -0.6660755 -0.0250802
5
-114.65     ts77     dynamics     sesquiterpene     TS     runpoint      57     runisomer      90
6 -0.0984337 0.6453236 0.0149561
1 0.2252506 1.0657941 0.9865591
1 -0.8712284 1.0206696 -0.8297947
1 0.9026706 -1.5517990 0.0818682
8 0.0297465 -0.6548840 -0.0262054
5
-114.635     ts77     dynamics     sesquiterpene     TS     runpoint      58     runisomer      90
6 -0.0960836 0.6336623 0.0158485
1 0.2043046 1.0799389 0.9591920
1 -0.9030917 1.0416007 -0.8060794
1 0.8599960 -1.5648836 0.0953417
8 0.0340012 -0.6475207 -0.0274926
5
-114.635     ts77     dynamics     sesquiterpene     TS     runpoint      59     runisomer      90
6 -0.0942332 0.6240869 0.0155368
1 0.1797096 1.1023711 0.9290446
1 -0.9120610 1.0553534 -0.7586860
1 0.7972050 -1.5315995 0.1047473
8 0.0386843 -0.6447152 -0.0289372
5
-114.65     ts77     dynamics     sesquiterpene     TS     runpoint      60     runisomer      90
6 -0.0930406 0.6177297 0.0138085
1 0.1542437 1.1333565 0.9028884
1 -0.9000404 1.0597222 -0.6909330
1 0.7126238 -1.4475563 0.1103803
8 0.0439665 -0.6474691 -0.0306150
5
-114.678     ts77     dynamics     sesquiterpene     TS     runpoint      61     runisomer      90
6 -0.0923872 0.6150651 0.0109050
1 0.1306421 1.1714190 0.8852760
1 -0.8734607 1.0548367 -0.6102333
1 0.6144609 -1.3224768 0.1149486
8 0.0494748 -0.6554413 -0.0326978
5
-114.687     ts77     dynamics     sesquiterpene     TS     runpoint      62     runisomer      90
6 -0.0915326 0.6156269 0.0077740
1 0.1113184 1.2125565 0.8770712
1 -0.8454965 1.0448199 -0.5299404
1 0.5549909 -1.2188638 0.1326531
8 0.0520378 -0.6643518 -0.0360054
5
-114.635     ts77     dynamics     sesquiterpene     TS     runpoint      63     runisomer      90
6 -0.0889164 0.6184427 0.0059931
1 0.0982045 1.2512298 0.8762330
1 -0.8373702 1.0384559 -0.4679386
1 0.6383358 -1.2490633 0.2019095
8 0.0451386 -0.6665973 -0.0428848
5
-114.68     ts77     dynamics     sesquiterpene     TS     runpoint      64     runisomer      90
6 -0.0830607 0.6232056 0.0068340
1 0.0925704 1.2825107 0.8798570
1 -0.8674078 1.0432988 -0.4365389
1 0.7738460 -1.3099050 0.2959358
8 0.0344571 -0.6686119 -0.0516458
