  0.729758730961309     
  0.720525923368962     
  0.699489654008705     
  0.677247304619221     
  0.651900861290873     
  0.630872481682037     
  0.614127656924916     
  0.595064357107846     
  0.573926505357990     
  0.548125048693151     
  0.513679691586405     
  0.511633685078282     
  0.509107934215927     
  0.509868426369256     
  0.502966303908384     
  0.495189225746912     
  0.488623933907254     
  0.481420135916825     
  0.472905585890727     
  0.465046234378719     
  0.461220978039811     
  0.456009795262596     
  0.455843173534638     
  0.455302281781876     
  0.450526030436934     
  0.450263082479324     
  0.439936407892886     
  0.428233303133934     
  0.417214366292416     
  0.407447337612402     
  0.397649364701519     
  0.388049755837976     
  0.380174066098332     
  0.371475637648894     
  0.363537421347693     
  0.365816059049579     
  0.352488234315207     
  0.327953425177895     
  0.328234367278931     
  0.303993531869619     
  0.307076190574134     
  0.291854492950943     
  0.292755538112024     
  0.294300253291489     
  0.299597271669602     
  0.302025219032249     
  0.303445207145053     
  0.297807655705534     
  0.287014269939970     
  0.269326742046517     
  0.258778324334370     
  0.232368530834291     
  0.227403828876029     
  0.213549966521126     
  0.223512693570867     
  0.227925757775946     
  0.248692249751794     
  0.255908685810847     
  0.269189948172936     
  0.265719549170860     
  0.264422640344713     
  0.248961351961111     
  0.237187233267307     
  0.219139426053468     
  0.212271176951846     
  0.209903761800497     
  0.213610485107315     
  0.217962706709697     
  0.229622162150365     
  0.219717932031344     
  0.219834583173843     
  0.198650648421227     
  0.189369267871233     
  0.158573494189946     
  0.137831149460364     
  0.133847579486974     
  0.122240003854321     
  0.134349201704882     
  0.148844215906810     
  0.168234605492113     
  0.186755474828660     
  0.203916945640493     
  0.220487889952083     
  0.234255315669445     
  0.243453553336066     
  0.246897607115036     
  0.247446473350430     
  0.252905651592773     
  0.260357800766895     
  0.273153024824993     
  0.280548767367520     
  0.291176159580939     
  0.319897223221840     
  0.319756360415035     
  0.321960750425522     
  0.319528507832618     
  0.316610565552164     
  0.312591764316601     
  0.309707662899471     
  0.340959178229913     
  0.351300751177367     
  0.355048164241380     
  0.367576616651431     
  0.368740763014744     
  0.399397793409082     
  0.426913157490465     
  0.413117797810903     
  0.444256473311062     
  0.463331733752066     
  0.471996479812592     
  0.516664655900374     
  0.530322304220786     
  0.550821747946884     
  0.574880148501218     
  0.571618057837802     
  0.584281983489137     
  0.573178078919973     
  0.580014052024754     
  0.583719406949576     
  0.575926802308396     
  0.582025775499191     
  0.579014457458121     
  0.590308446349762     
  0.604630150316272     
  0.617929227867913     
  0.625685184260145     
  0.637857623749389     
  0.651767583429260     
